FiniteElementSpace
FiniteElementCollection: L2_2D_P3
VDim: 1
Ordering: 0

-193136.4085290189
44783.22415499781
8176.017959468358
-8475.402870633259
44783.22415499805
35560.57104463146
943.3111606492373
-9692.254247525456
8176.017959468532
943.3111606493212
-9110.995706327643
-9257.548031134374
-8475.402870633152
-9692.25424752535
-9257.548031134356
-1866.774063485705
-12742.91814376526
691.3521189671394
3700.496276583059
153.471014243895
-10860.57475605578
1957.772818594521
3358.429663362437
-87.28316777820399
-3180.634432535141
3863.807579419838
2370.465520341926
-832.9631958450518
2467.241688588728
4319.16636855297
1023.254266045253
-1524.172558377547
4100.270305144608
3750.65027635182
154.6680184471687
-1810.87819948701
3750.650276351866
1636.319470638254
-1222.328294058232
-2089.044217507832
154.6680184473225
-1222.328294058158
-2064.581072484419
-1713.292524753388
-1810.878199486888
-2089.044217507845
-1713.292524753467
-989.5573103821232
-12742.91814376511
-10860.57475605572
-3180.634432535175
2467.241688588712
691.3521189670561
1957.772818594468
3863.807579419831
4319.166368553005
3700.496276583265
3358.429663362631
2370.465520342134
1023.254266045439
153.4710142444037
-87.28316777777226
-832.9631958447486
-1524.172558377354
