FiniteElementSpace
FiniteElementCollection: L2_2D_P3
VDim: 1
Ordering: 0

0.00015998449
0.00075994074
0.0015394803
0.0021325033
0.00075994074
0.003609738
0.0073124966
0.010129283
0.0015394803
0.0073124966
0.014813406
0.020519545
0.0021325033
0.010129283
0.020519545
0.028423693
0.0024463499
0.0030301917
0.0037797854
0.0043430923
0.011620013
0.014393157
0.017953577
0.020629163
0.023539405
0.029157154
0.036369763
0.041789915
0.032606828
0.040388571
0.050379544
0.057887583
0.037405604
0.046332604
0.057793981
0.066407015
0.046332604
0.057390113
0.071586839
0.082255437
0.057793981
0.071586839
0.089295456
0.10260314
0.066407015
0.082255437
0.10260314
0.11789401
0.0024463499
0.011620013
0.023539405
0.032606828
0.0030301917
0.014393157
0.029157154
0.040388571
0.0037797854
0.017953577
0.036369763
0.050379544
0.0043430923
0.020629163
0.041789915
0.057887583
0.0046387318
0.022033391
0.04463457
0.061828043
0.0051840172
0.02462337
0.049881319
0.069095894
0.005874849
0.027904662
0.056528531
0.078303686
0.0063867862
0.030336242
0.061454417
0.085127056
0.0066528552
0.031600013
0.064014553
0.088673385
0.007138626
0.033907312
0.068688675
0.095148001
0.0077441441
0.036783391
0.074515025
0.10321869
0.0081850352
0.038877529
0.078757323
0.10909513
0.10172361
0.12600037
0.15716907
0.18059179
0.10915109
0.1352004
0.16864491
0.19377792
0.11840953
0.14666832
0.1829497
0.21021465
0.12515079
0.15501837
0.19336537
0.22218261
0.070927405
0.087854632
0.10958739
0.12591911
0.079264882
0.098181885
0.12246925
0.1407207
0.089827798
0.11126564
0.13878948
0.15947308
0.097655372
0.12096126
0.15088346
0.1733694
0.13449046
0.15029957
0.17032843
0.18517074
0.15029957
0.16796703
0.19035034
0.20693742
0.17032843
0.19035034
0.21571658
0.23451413
0.18517074
0.20693742
0.23451413
0.25494965
0.19288478
0.21555826
0.2442838
0.26557063
0.20696853
0.23129761
0.26212053
0.28496153
0.22452416
0.25091688
0.28435412
0.30913241
0.23730683
0.26520207
0.30054281
0.32673174
0.27663402
0.29683264
0.32201044
0.340343
0.29683264
0.31850605
0.34552233
0.3651936
0.32201044
0.34552233
0.37483042
0.39617037
0.340343
0.3651936
0.39617037
0.41872518
0.19288478
0.20696853
0.22452416
0.23730683
0.21555826
0.23129761
0.25091688
0.26520207
0.2442838
0.26212053
0.28435412
0.30054281
0.26557063
0.28496153
0.30913241
0.32673174
0.10172361
0.10915109
0.11840953
0.12515079
0.12600037
0.1352004
0.14666832
0.15501837
0.15716907
0.16864491
0.1829497
0.19336537
0.18059179
0.19377792
0.21021465
0.22218261
0.070927405
0.079264882
0.089827798
0.097655372
0.087854632
0.098181885
0.11126564
0.12096126
0.10958739
0.12246925
0.13878948
0.15088346
0.12591911
0.1407207
0.15947308
0.1733694
0.0046387318
0.0051840172
0.005874849
0.0063867862
0.022033391
0.02462337
0.027904662
0.030336242
0.04463457
0.049881319
0.056528531
0.061454417
0.061828043
0.069095894
0.078303686
0.085127056
0.0066528552
0.007138626
0.0077441441
0.0081850352
0.031600013
0.033907312
0.036783391
0.038877529
0.064014553
0.068688675
0.074515025
0.078757323
0.088673385
0.095148001
0.10321869
0.10909513
0.0084113079
0.0088188951
0.0093158297
0.0096687322
0.039952279
0.041888234
0.044248576
0.045924793
0.080934545
0.084856394
0.089637959
0.093033628
0.11211103
0.11754358
0.124167
0.12887068
0.12861052
0.13484255
0.14244071
0.14783661
0.15930376
0.16702307
0.17643455
0.1831182
0.19871088
0.20833982
0.22007956
0.22841665
0.22832481
0.23938878
0.2528781
0.26245764
0.15055489
0.15535201
0.16099794
0.16484114
0.18648521
0.19242721
0.19942059
0.204181
0.23261661
0.24002856
0.248752
0.25469005
0.26728352
0.27580003
0.28582343
0.29264635
0.0098465132
0.010160255
0.01052951
0.010780862
0.04676922
0.048259432
0.050013326
0.051207204
0.09474426
0.097763118
0.10131614
0.10373468
0.13124024
0.13542196
0.14034359
0.14369375
0.01090332
0.011111159
0.011338545
0.011478689
0.051788856
0.052776055
0.053856098
0.054521756
0.10491299
0.10691284
0.10910078
0.11044926
0.14532593
0.14809612
0.15112684
0.15299475
0.011541117
0.011635067
0.011711846
0.011735395
0.054818279
0.055264526
0.055629212
0.055741067
0.11104995
0.11195395
0.11269272
0.11291932
0.15382683
0.15507905
0.1561024
0.15641627
0.17646549
0.177902
0.17907596
0.17943603
0.21857963
0.22035898
0.22181311
0.22225912
0.27265063
0.27487014
0.27668399
0.27724033
0.31328322
0.31583346
0.31791758
0.31855681
0.16671353
0.1698914
0.17336815
0.17551096
0.20650025
0.21043656
0.21474307
0.21739729
0.25758304
0.26249312
0.26786499
0.2711758
0.29597044
0.30161218
0.3077845
0.31158864
0.31611694
0.32214268
0.32873515
0.33279825
0.35327582
0.36000996
0.36737744
0.37191821
0.40035411
0.40798575
0.41633515
0.42148108
0.43524092
0.44353744
0.45261416
0.45820833
0.3346082
0.33733206
0.33955807
0.34024083
0.37394094
0.37698501
0.37947271
0.38023573
0.42377339
0.42722314
0.43004238
0.43090708
0.46070029
0.4644505
0.46751527
0.46845528
0.47989203
0.48379853
0.48699106
0.48797026
0.51493183
0.51912364
0.52254932
0.52360003
0.55861071
0.56315815
0.56687445
0.56801429
0.59041295
0.59521899
0.59914658
0.60035122
0.45337227
0.46201427
0.47146902
0.47729624
0.48647522
0.49574833
0.50589362
0.51214644
0.52773959
0.53779954
0.54880566
0.55558901
0.55778519
0.56841777
0.58005017
0.58721939
0.40942933
0.42247506
0.43782903
0.44828043
0.43932416
0.45332224
0.46979711
0.48101157
0.47658822
0.49177371
0.50964632
0.52181234
0.50372118
0.51977144
0.5386618
0.5515205
0.28547758
0.29457371
0.30527931
0.31256661
0.31903476
0.32920011
0.34116416
0.34930812
0.3615494
0.37306957
0.3866282
0.39585759
0.3930549
0.40557898
0.42031908
0.43035263
0.24386712
0.25568419
0.27009169
0.28032325
0.27253346
0.2857395
0.30184041
0.31327458
0.30885111
0.32381694
0.34206351
0.35502153
0.33576406
0.3520341
0.37187084
0.38595813
0.34975164
0.36669955
0.38736276
0.40203694
0.37528929
0.39347477
0.41564668
0.43139214
0.4071224
0.42685029
0.45090257
0.46798342
0.43030066
0.4511515
0.47657301
0.49462637
0.44219606
0.46362322
0.48974757
0.50830017
0.46362322
0.48608873
0.51347926
0.53293105
0.48974757
0.51347926
0.54241348
0.56296125
0.50830017
0.53293105
0.56296125
0.58428714
0.51764648
0.54273026
0.57331247
0.59503033
0.53414052
0.56002344
0.59157973
0.61398953
0.55355307
0.58037627
0.6130792
0.63630379
0.56676711
0.59423027
0.62771406
0.6514934
0.60597103
0.62527898
0.64800386
0.66347291
0.62527898
0.64520255
0.66865171
0.68461332
0.64800386
0.66865171
0.69295254
0.70949368
0.66347291
0.68461332
0.70949368
0.72642969
0.51764648
0.53414052
0.55355307
0.56676711
0.54273026
0.56002344
0.58037627
0.59423027
0.57331247
0.59157973
0.6130792
0.62771406
0.59503033
0.61398953
0.63630379
0.6514934
0.57320484
0.58413105
0.59608472
0.60345203
0.60097983
0.61243544
0.62496856
0.63269311
0.63484418
0.64694581
0.66018576
0.6683459
0.65889381
0.67145398
0.68519523
0.6936641
0.60673387
0.61167285
0.61570919
0.61694722
0.63613412
0.6413126
0.64554463
0.64684266
0.67198091
0.67745133
0.68192192
0.68329311
0.69743655
0.7031137
0.70775311
0.70917606
0.71025944
0.71604098
0.72076594
0.7222152
0.73289006
0.7388562
0.74373198
0.74522746
0.75952713
0.76571043
0.7707636
0.77231347
0.77765829
0.78398845
0.78916132
0.79074782
0.67100934
0.68380013
0.69779351
0.70641774
0.69238954
0.7055874
0.72002645
0.72892571
0.71755237
0.73123016
0.74619496
0.75541842
0.73468104
0.74868597
0.76400841
0.77345182
0.74302639
0.75719062
0.77268677
0.78223681
0.75719062
0.77162451
0.78741492
0.79714647
0.77268677
0.78741492
0.80352815
0.81345985
0.78223681
0.79714647
0.81345985
0.82351525
0.78649066
0.79289235
0.79812411
0.79972884
0.80148153
0.80800578
0.81333794
0.81497344
0.81788443
0.82454328
0.82998519
0.83165431
0.82799469
0.83473526
0.84024298
0.84193198
0.83249814
0.83927434
0.84481142
0.8465097
0.83927434
0.8461049
0.85168755
0.85340008
0.84481142
0.85168755
0.85730955
0.85903466
0.8465097
0.85340008
0.85903466
0.86076269
0.78649066
0.80148153
0.81788443
0.82799469
0.79289235
0.80800578
0.82454328
0.83473526
0.79812411
0.81333794
0.82998519
0.84024298
0.79972884
0.81497344
0.83165431
0.84193198
0.71025944
0.73289006
0.75952713
0.77765829
0.71604098
0.7388562
0.76571043
0.78398845
0.72076594
0.74373198
0.7707636
0.78916132
0.7222152
0.74522746
0.77231347
0.79074782
0.67100934
0.69238954
0.71755237
0.73468104
0.68380013
0.7055874
0.73123016
0.74868597
0.69779351
0.72002645
0.74619496
0.76400841
0.70641774
0.72892571
0.75541842
0.77345182
0.57320484
0.60097983
0.63484418
0.65889381
0.58413105
0.61243544
0.64694581
0.67145398
0.59608472
0.62496856
0.66018576
0.68519523
0.60345203
0.63269311
0.6683459
0.6936641
0.60673387
0.63613412
0.67198091
0.69743655
0.61167285
0.6413126
0.67745133
0.7031137
0.61570919
0.64554463
0.68192192
0.70775311
0.61694722
0.64684266
0.68329311
0.70917606
0.47989203
0.51493183
0.55861071
0.59041295
0.48379853
0.51912364
0.56315815
0.59521899
0.48699106
0.52254932
0.56687445
0.59914658
0.48797026
0.52360003
0.56801429
0.60035122
0.3346082
0.37394094
0.42377339
0.46070029
0.33733206
0.37698501
0.42722314
0.4644505
0.33955807
0.37947271
0.43004238
0.46751527
0.34024083
0.38023573
0.43090708
0.46845528
0.31611694
0.35327582
0.40035411
0.43524092
0.32214268
0.36000996
0.40798575
0.44353744
0.32873515
0.36737744
0.41633515
0.45261416
0.33279825
0.37191821
0.42148108
0.45820833
0.45337227
0.48647522
0.52773959
0.55778519
0.46201427
0.49574833
0.53779954
0.56841777
0.47146902
0.50589362
0.54880566
0.58005017
0.47729624
0.51214644
0.55558901
0.58721939
0.40942933
0.43932416
0.47658822
0.50372118
0.42247506
0.45332224
0.49177371
0.51977144
0.43782903
0.46979711
0.50964632
0.5386618
0.44828043
0.48101157
0.52181234
0.5515205
0.34975164
0.37528929
0.4071224
0.43030066
0.36669955
0.39347477
0.42685029
0.4511515
0.38736276
0.41564668
0.45090257
0.47657301
0.40203694
0.43139214
0.46798342
0.49462637
0.24386712
0.27253346
0.30885111
0.33576406
0.25568419
0.2857395
0.32381694
0.3520341
0.27009169
0.30184041
0.34206351
0.37187084
0.28032325
0.31327458
0.35502153
0.38595813
0.28547758
0.31903476
0.3615494
0.3930549
0.29457371
0.32920011
0.37306957
0.40557898
0.30527931
0.34116416
0.3866282
0.42031908
0.31256661
0.34930812
0.39585759
0.43035263
0.15055489
0.18648521
0.23261661
0.26728352
0.15535201
0.19242721
0.24002856
0.27580003
0.16099794
0.19942059
0.248752
0.28582343
0.16484114
0.204181
0.25469005
0.29264635
0.12861052
0.15930376
0.19871088
0.22832481
0.13484255
0.16702307
0.20833982
0.23938878
0.14244071
0.17643455
0.22007956
0.2528781
0.14783661
0.1831182
0.22841665
0.26245764
0.0084113079
0.039952279
0.080934545
0.11211103
0.0088188951
0.041888234
0.084856394
0.11754358
0.0093158297
0.044248576
0.089637959
0.124167
0.0096687322
0.045924793
0.093033628
0.12887068
0.0098465132
0.04676922
0.09474426
0.13124024
0.010160255
0.048259432
0.097763118
0.13542196
0.01052951
0.050013326
0.10131614
0.14034359
0.010780862
0.051207204
0.10373468
0.14369375
0.01090332
0.051788856
0.10491299
0.14532593
0.011111159
0.052776055
0.10691284
0.14809612
0.011338545
0.053856098
0.10910078
0.15112684
0.011478689
0.054521756
0.11044926
0.15299475
0.16671353
0.20650025
0.25758304
0.29597044
0.1698914
0.21043656
0.26249312
0.30161218
0.17336815
0.21474307
0.26786499
0.3077845
0.17551096
0.21739729
0.2711758
0.31158864
0.17646549
0.21857963
0.27265063
0.31328322
0.177902
0.22035898
0.27487014
0.31583346
0.17907596
0.22181311
0.27668399
0.31791758
0.17943603
0.22225912
0.27724033
0.31855681
0.011541117
0.054818279
0.11104995
0.15382683
0.011635067
0.055264526
0.11195395
0.15507905
0.011711846
0.055629212
0.11269272
0.1561024
0.011735395
0.055741067
0.11291932
0.15641627
0.011735395
0.055741067
0.11291932
0.15641627
0.011711846
0.055629212
0.11269272
0.1561024
0.011635067
0.055264526
0.11195395
0.15507905
0.011541117
0.054818279
0.11104995
0.15382683
0.011478689
0.054521756
0.11044926
0.15299475
0.011338545
0.053856098
0.10910078
0.15112684
0.011111159
0.052776055
0.10691284
0.14809612
0.01090332
0.051788856
0.10491299
0.14532593
0.17551096
0.21739729
0.2711758
0.31158864
0.17336815
0.21474307
0.26786499
0.3077845
0.1698914
0.21043656
0.26249312
0.30161218
0.16671353
0.20650025
0.25758304
0.29597044
0.17943603
0.22225912
0.27724033
0.31855681
0.17907596
0.22181311
0.27668399
0.31791758
0.177902
0.22035898
0.27487014
0.31583346
0.17646549
0.21857963
0.27265063
0.31328322
0.34024083
0.38023573
0.43090708
0.46845528
0.33955807
0.37947271
0.43004238
0.46751527
0.33733206
0.37698501
0.42722314
0.4644505
0.3346082
0.37394094
0.42377339
0.46070029
0.48797026
0.52360003
0.56801429
0.60035122
0.48699106
0.52254932
0.56687445
0.59914658
0.48379853
0.51912364
0.56315815
0.59521899
0.47989203
0.51493183
0.55861071
0.59041295
0.47729624
0.51214644
0.55558901
0.58721939
0.47146902
0.50589362
0.54880566
0.58005017
0.46201427
0.49574833
0.53779954
0.56841777
0.45337227
0.48647522
0.52773959
0.55778519
0.33279825
0.37191821
0.42148108
0.45820833
0.32873515
0.36737744
0.41633515
0.45261416
0.32214268
0.36000996
0.40798575
0.44353744
0.31611694
0.35327582
0.40035411
0.43524092
0.31256661
0.34930812
0.39585759
0.43035263
0.30527931
0.34116416
0.3866282
0.42031908
0.29457371
0.32920011
0.37306957
0.40557898
0.28547758
0.31903476
0.3615494
0.3930549
0.44828043
0.48101157
0.52181234
0.5515205
0.43782903
0.46979711
0.50964632
0.5386618
0.42247506
0.45332224
0.49177371
0.51977144
0.40942933
0.43932416
0.47658822
0.50372118
0.40203694
0.43139214
0.46798342
0.49462637
0.38736276
0.41564668
0.45090257
0.47657301
0.36669955
0.39347477
0.42685029
0.4511515
0.34975164
0.37528929
0.4071224
0.43030066
0.28032325
0.31327458
0.35502153
0.38595813
0.27009169
0.30184041
0.34206351
0.37187084
0.25568419
0.2857395
0.32381694
0.3520341
0.24386712
0.27253346
0.30885111
0.33576406
0.14783661
0.1831182
0.22841665
0.26245764
0.14244071
0.17643455
0.22007956
0.2528781
0.13484255
0.16702307
0.20833982
0.23938878
0.12861052
0.15930376
0.19871088
0.22832481
0.16484114
0.204181
0.25469005
0.29264635
0.16099794
0.19942059
0.248752
0.28582343
0.15535201
0.19242721
0.24002856
0.27580003
0.15055489
0.18648521
0.23261661
0.26728352
0.010780862
0.051207204
0.10373468
0.14369375
0.01052951
0.050013326
0.10131614
0.14034359
0.010160255
0.048259432
0.097763118
0.13542196
0.0098465132
0.04676922
0.09474426
0.13124024
0.0096687322
0.045924793
0.093033628
0.12887068
0.0093158297
0.044248576
0.089637959
0.124167
0.0088188951
0.041888234
0.084856394
0.11754358
0.0084113079
0.039952279
0.080934545
0.11211103
0.0081850352
0.038877529
0.078757323
0.10909513
0.0077441441
0.036783391
0.074515025
0.10321869
0.007138626
0.033907312
0.068688675
0.095148001
0.0066528552
0.031600013
0.064014553
0.088673385
0.12515079
0.15501837
0.19336537
0.22218261
0.11840953
0.14666832
0.1829497
0.21021465
0.10915109
0.1352004
0.16864491
0.19377792
0.10172361
0.12600037
0.15716907
0.18059179
0.097655372
0.12096126
0.15088346
0.1733694
0.089827798
0.11126564
0.13878948
0.15947308
0.079264882
0.098181885
0.12246925
0.1407207
0.070927405
0.087854632
0.10958739
0.12591911
0.0063867862
0.030336242
0.061454417
0.085127056
0.005874849
0.027904662
0.056528531
0.078303686
0.0051840172
0.02462337
0.049881319
0.069095894
0.0046387318
0.022033391
0.04463457
0.061828043
0.0043430923
0.020629163
0.041789915
0.057887583
0.0037797854
0.017953577
0.036369763
0.050379544
0.0030301917
0.014393157
0.029157154
0.040388571
0.0024463499
0.011620013
0.023539405
0.032606828
0.0021325033
0.010129283
0.020519545
0.028423693
0.0015394803
0.0073124966
0.014813406
0.020519545
0.00075994074
0.003609738
0.0073124966
0.010129283
0.00015998449
0.00075994074
0.0015394803
0.0021325033
0.032606828
0.040388571
0.050379544
0.057887583
0.023539405
0.029157154
0.036369763
0.041789915
0.011620013
0.014393157
0.017953577
0.020629163
0.0024463499
0.0030301917
0.0037797854
0.0043430923
0.066407015
0.082255437
0.10260314
0.11789401
0.057793981
0.071586839
0.089295456
0.10260314
0.046332604
0.057390113
0.071586839
0.082255437
0.037405604
0.046332604
0.057793981
0.066407015
0.12591911
0.1407207
0.15947308
0.1733694
0.10958739
0.12246925
0.13878948
0.15088346
0.087854632
0.098181885
0.11126564
0.12096126
0.070927405
0.079264882
0.089827798
0.097655372
0.061828043
0.069095894
0.078303686
0.085127056
0.04463457
0.049881319
0.056528531
0.061454417
0.022033391
0.02462337
0.027904662
0.030336242
0.0046387318
0.0051840172
0.005874849
0.0063867862
0.088673385
0.095148001
0.10321869
0.10909513
0.064014553
0.068688675
0.074515025
0.078757323
0.031600013
0.033907312
0.036783391
0.038877529
0.0066528552
0.007138626
0.0077441441
0.0081850352
0.18059179
0.19377792
0.21021465
0.22218261
0.15716907
0.16864491
0.1829497
0.19336537
0.12600037
0.1352004
0.14666832
0.15501837
0.10172361
0.10915109
0.11840953
0.12515079
0.26557063
0.28496153
0.30913241
0.32673174
0.2442838
0.26212053
0.28435412
0.30054281
0.21555826
0.23129761
0.25091688
0.26520207
0.19288478
0.20696853
0.22452416
0.23730683
0.18517074
0.20693742
0.23451413
0.25494965
0.17032843
0.19035034
0.21571658
0.23451413
0.15029957
0.16796703
0.19035034
0.20693742
0.13449046
0.15029957
0.17032843
0.18517074
0.23730683
0.26520207
0.30054281
0.32673174
0.22452416
0.25091688
0.28435412
0.30913241
0.20696853
0.23129761
0.26212053
0.28496153
0.19288478
0.21555826
0.2442838
0.26557063
0.340343
0.3651936
0.39617037
0.41872518
0.32201044
0.34552233
0.37483042
0.39617037
0.29683264
0.31850605
0.34552233
0.3651936
0.27663402
0.29683264
0.32201044
0.340343
0.43030066
0.4511515
0.47657301
0.49462637
0.4071224
0.42685029
0.45090257
0.46798342
0.37528929
0.39347477
0.41564668
0.43139214
0.34975164
0.36669955
0.38736276
0.40203694
0.50372118
0.51977144
0.5386618
0.5515205
0.47658822
0.49177371
0.50964632
0.52181234
0.43932416
0.45332224
0.46979711
0.48101157
0.40942933
0.42247506
0.43782903
0.44828043
0.3930549
0.40557898
0.42031908
0.43035263
0.3615494
0.37306957
0.3866282
0.39585759
0.31903476
0.32920011
0.34116416
0.34930812
0.28547758
0.29457371
0.30527931
0.31256661
0.33576406
0.3520341
0.37187084
0.38595813
0.30885111
0.32381694
0.34206351
0.35502153
0.27253346
0.2857395
0.30184041
0.31327458
0.24386712
0.25568419
0.27009169
0.28032325
0.22832481
0.23938878
0.2528781
0.26245764
0.19871088
0.20833982
0.22007956
0.22841665
0.15930376
0.16702307
0.17643455
0.1831182
0.12861052
0.13484255
0.14244071
0.14783661
0.11211103
0.11754358
0.124167
0.12887068
0.080934545
0.084856394
0.089637959
0.093033628
0.039952279
0.041888234
0.044248576
0.045924793
0.0084113079
0.0088188951
0.0093158297
0.0096687322
0.13124024
0.13542196
0.14034359
0.14369375
0.09474426
0.097763118
0.10131614
0.10373468
0.04676922
0.048259432
0.050013326
0.051207204
0.0098465132
0.010160255
0.01052951
0.010780862
0.26728352
0.27580003
0.28582343
0.29264635
0.23261661
0.24002856
0.248752
0.25469005
0.18648521
0.19242721
0.19942059
0.204181
0.15055489
0.15535201
0.16099794
0.16484114
0.29597044
0.30161218
0.3077845
0.31158864
0.25758304
0.26249312
0.26786499
0.2711758
0.20650025
0.21043656
0.21474307
0.21739729
0.16671353
0.1698914
0.17336815
0.17551096
0.14532593
0.14809612
0.15112684
0.15299475
0.10491299
0.10691284
0.10910078
0.11044926
0.051788856
0.052776055
0.053856098
0.054521756
0.01090332
0.011111159
0.011338545
0.011478689
0.15382683
0.15507905
0.1561024
0.15641627
0.11104995
0.11195395
0.11269272
0.11291932
0.054818279
0.055264526
0.055629212
0.055741067
0.011541117
0.011635067
0.011711846
0.011735395
0.31328322
0.31583346
0.31791758
0.31855681
0.27265063
0.27487014
0.27668399
0.27724033
0.21857963
0.22035898
0.22181311
0.22225912
0.17646549
0.177902
0.17907596
0.17943603
0.46070029
0.4644505
0.46751527
0.46845528
0.42377339
0.42722314
0.43004238
0.43090708
0.37394094
0.37698501
0.37947271
0.38023573
0.3346082
0.33733206
0.33955807
0.34024083
0.43524092
0.44353744
0.45261416
0.45820833
0.40035411
0.40798575
0.41633515
0.42148108
0.35327582
0.36000996
0.36737744
0.37191821
0.31611694
0.32214268
0.32873515
0.33279825
0.55778519
0.56841777
0.58005017
0.58721939
0.52773959
0.53779954
0.54880566
0.55558901
0.48647522
0.49574833
0.50589362
0.51214644
0.45337227
0.46201427
0.47146902
0.47729624
0.59041295
0.59521899
0.59914658
0.60035122
0.55861071
0.56315815
0.56687445
0.56801429
0.51493183
0.51912364
0.52254932
0.52360003
0.47989203
0.48379853
0.48699106
0.48797026
0.69743655
0.7031137
0.70775311
0.70917606
0.67198091
0.67745133
0.68192192
0.68329311
0.63613412
0.6413126
0.64554463
0.64684266
0.60673387
0.61167285
0.61570919
0.61694722
0.77765829
0.78398845
0.78916132
0.79074782
0.75952713
0.76571043
0.7707636
0.77231347
0.73289006
0.7388562
0.74373198
0.74522746
0.71025944
0.71604098
0.72076594
0.7222152
0.73468104
0.74868597
0.76400841
0.77345182
0.71755237
0.73123016
0.74619496
0.75541842
0.69238954
0.7055874
0.72002645
0.72892571
0.67100934
0.68380013
0.69779351
0.70641774
0.65889381
0.67145398
0.68519523
0.6936641
0.63484418
0.64694581
0.66018576
0.6683459
0.60097983
0.61243544
0.62496856
0.63269311
0.57320484
0.58413105
0.59608472
0.60345203
0.59503033
0.61398953
0.63630379
0.6514934
0.57331247
0.59157973
0.6130792
0.62771406
0.54273026
0.56002344
0.58037627
0.59423027
0.51764648
0.53414052
0.55355307
0.56676711
0.50830017
0.53293105
0.56296125
0.58428714
0.48974757
0.51347926
0.54241348
0.56296125
0.46362322
0.48608873
0.51347926
0.53293105
0.44219606
0.46362322
0.48974757
0.50830017
0.56676711
0.59423027
0.62771406
0.6514934
0.55355307
0.58037627
0.6130792
0.63630379
0.53414052
0.56002344
0.59157973
0.61398953
0.51764648
0.54273026
0.57331247
0.59503033
0.66347291
0.68461332
0.70949368
0.72642969
0.64800386
0.66865171
0.69295254
0.70949368
0.62527898
0.64520255
0.66865171
0.68461332
0.60597103
0.62527898
0.64800386
0.66347291
0.70641774
0.72892571
0.75541842
0.77345182
0.69779351
0.72002645
0.74619496
0.76400841
0.68380013
0.7055874
0.73123016
0.74868597
0.67100934
0.69238954
0.71755237
0.73468104
0.60345203
0.63269311
0.6683459
0.6936641
0.59608472
0.62496856
0.66018576
0.68519523
0.58413105
0.61243544
0.64694581
0.67145398
0.57320484
0.60097983
0.63484418
0.65889381
0.61694722
0.64684266
0.68329311
0.70917606
0.61570919
0.64554463
0.68192192
0.70775311
0.61167285
0.6413126
0.67745133
0.7031137
0.60673387
0.63613412
0.67198091
0.69743655
0.7222152
0.74522746
0.77231347
0.79074782
0.72076594
0.74373198
0.7707636
0.78916132
0.71604098
0.7388562
0.76571043
0.78398845
0.71025944
0.73289006
0.75952713
0.77765829
0.79972884
0.81497344
0.83165431
0.84193198
0.79812411
0.81333794
0.82998519
0.84024298
0.79289235
0.80800578
0.82454328
0.83473526
0.78649066
0.80148153
0.81788443
0.82799469
0.78223681
0.79714647
0.81345985
0.82351525
0.77268677
0.78741492
0.80352815
0.81345985
0.75719062
0.77162451
0.78741492
0.79714647
0.74302639
0.75719062
0.77268677
0.78223681
0.82799469
0.83473526
0.84024298
0.84193198
0.81788443
0.82454328
0.82998519
0.83165431
0.80148153
0.80800578
0.81333794
0.81497344
0.78649066
0.79289235
0.79812411
0.79972884
0.8465097
0.85340008
0.85903466
0.86076269
0.84481142
0.85168755
0.85730955
0.85903466
0.83927434
0.8461049
0.85168755
0.85340008
0.83249814
0.83927434
0.84481142
0.8465097
0.86076269
0.85903466
0.85340008
0.8465097
0.85903466
0.85730955
0.85168755
0.84481142
0.85340008
0.85168755
0.8461049
0.83927434
0.8465097
0.84481142
0.83927434
0.83249814
0.84193198
0.84024298
0.83473526
0.82799469
0.83165431
0.82998519
0.82454328
0.81788443
0.81497344
0.81333794
0.80800578
0.80148153
0.79972884
0.79812411
0.79289235
0.78649066
0.82351525
0.81345985
0.79714647
0.78223681
0.81345985
0.80352815
0.78741492
0.77268677
0.79714647
0.78741492
0.77162451
0.75719062
0.78223681
0.77268677
0.75719062
0.74302639
0.84193198
0.83165431
0.81497344
0.79972884
0.84024298
0.82998519
0.81333794
0.79812411
0.83473526
0.82454328
0.80800578
0.79289235
0.82799469
0.81788443
0.80148153
0.78649066
0.79074782
0.77231347
0.74522746
0.7222152
0.78916132
0.7707636
0.74373198
0.72076594
0.78398845
0.76571043
0.7388562
0.71604098
0.77765829
0.75952713
0.73289006
0.71025944
0.70917606
0.68329311
0.64684266
0.61694722
0.70775311
0.68192192
0.64554463
0.61570919
0.7031137
0.67745133
0.6413126
0.61167285
0.69743655
0.67198091
0.63613412
0.60673387
0.6936641
0.6683459
0.63269311
0.60345203
0.68519523
0.66018576
0.62496856
0.59608472
0.67145398
0.64694581
0.61243544
0.58413105
0.65889381
0.63484418
0.60097983
0.57320484
0.77345182
0.75541842
0.72892571
0.70641774
0.76400841
0.74619496
0.72002645
0.69779351
0.74868597
0.73123016
0.7055874
0.68380013
0.73468104
0.71755237
0.69238954
0.67100934
0.72642969
0.70949368
0.68461332
0.66347291
0.70949368
0.69295254
0.66865171
0.64800386
0.68461332
0.66865171
0.64520255
0.62527898
0.66347291
0.64800386
0.62527898
0.60597103
0.6514934
0.62771406
0.59423027
0.56676711
0.63630379
0.6130792
0.58037627
0.55355307
0.61398953
0.59157973
0.56002344
0.53414052
0.59503033
0.57331247
0.54273026
0.51764648
0.58428714
0.56296125
0.53293105
0.50830017
0.56296125
0.54241348
0.51347926
0.48974757
0.53293105
0.51347926
0.48608873
0.46362322
0.50830017
0.48974757
0.46362322
0.44219606
0.6514934
0.63630379
0.61398953
0.59503033
0.62771406
0.6130792
0.59157973
0.57331247
0.59423027
0.58037627
0.56002344
0.54273026
0.56676711
0.55355307
0.53414052
0.51764648
0.6936641
0.68519523
0.67145398
0.65889381
0.6683459
0.66018576
0.64694581
0.63484418
0.63269311
0.62496856
0.61243544
0.60097983
0.60345203
0.59608472
0.58413105
0.57320484
0.77345182
0.76400841
0.74868597
0.73468104
0.75541842
0.74619496
0.73123016
0.71755237
0.72892571
0.72002645
0.7055874
0.69238954
0.70641774
0.69779351
0.68380013
0.67100934
0.79074782
0.78916132
0.78398845
0.77765829
0.77231347
0.7707636
0.76571043
0.75952713
0.74522746
0.74373198
0.7388562
0.73289006
0.7222152
0.72076594
0.71604098
0.71025944
0.70917606
0.70775311
0.7031137
0.69743655
0.68329311
0.68192192
0.67745133
0.67198091
0.64684266
0.64554463
0.6413126
0.63613412
0.61694722
0.61570919
0.61167285
0.60673387
0.60035122
0.59914658
0.59521899
0.59041295
0.56801429
0.56687445
0.56315815
0.55861071
0.52360003
0.52254932
0.51912364
0.51493183
0.48797026
0.48699106
0.48379853
0.47989203
0.58721939
0.58005017
0.56841777
0.55778519
0.55558901
0.54880566
0.53779954
0.52773959
0.51214644
0.50589362
0.49574833
0.48647522
0.47729624
0.47146902
0.46201427
0.45337227
0.45820833
0.45261416
0.44353744
0.43524092
0.42148108
0.41633515
0.40798575
0.40035411
0.37191821
0.36737744
0.36000996
0.35327582
0.33279825
0.32873515
0.32214268
0.31611694
0.46845528
0.46751527
0.4644505
0.46070029
0.43090708
0.43004238
0.42722314
0.42377339
0.38023573
0.37947271
0.37698501
0.37394094
0.34024083
0.33955807
0.33733206
0.3346082
0.31855681
0.31791758
0.31583346
0.31328322
0.27724033
0.27668399
0.27487014
0.27265063
0.22225912
0.22181311
0.22035898
0.21857963
0.17943603
0.17907596
0.177902
0.17646549
0.15641627
0.1561024
0.15507905
0.15382683
0.11291932
0.11269272
0.11195395
0.11104995
0.055741067
0.055629212
0.055264526
0.054818279
0.011735395
0.011711846
0.011635067
0.011541117
0.15299475
0.15112684
0.14809612
0.14532593
0.11044926
0.10910078
0.10691284
0.10491299
0.054521756
0.053856098
0.052776055
0.051788856
0.011478689
0.011338545
0.011111159
0.01090332
0.31158864
0.3077845
0.30161218
0.29597044
0.2711758
0.26786499
0.26249312
0.25758304
0.21739729
0.21474307
0.21043656
0.20650025
0.17551096
0.17336815
0.1698914
0.16671353
0.29264635
0.28582343
0.27580003
0.26728352
0.25469005
0.248752
0.24002856
0.23261661
0.204181
0.19942059
0.19242721
0.18648521
0.16484114
0.16099794
0.15535201
0.15055489
0.14369375
0.14034359
0.13542196
0.13124024
0.10373468
0.10131614
0.097763118
0.09474426
0.051207204
0.050013326
0.048259432
0.04676922
0.010780862
0.01052951
0.010160255
0.0098465132
0.12887068
0.124167
0.11754358
0.11211103
0.093033628
0.089637959
0.084856394
0.080934545
0.045924793
0.044248576
0.041888234
0.039952279
0.0096687322
0.0093158297
0.0088188951
0.0084113079
0.26245764
0.2528781
0.23938878
0.22832481
0.22841665
0.22007956
0.20833982
0.19871088
0.1831182
0.17643455
0.16702307
0.15930376
0.14783661
0.14244071
0.13484255
0.12861052
0.38595813
0.37187084
0.3520341
0.33576406
0.35502153
0.34206351
0.32381694
0.30885111
0.31327458
0.30184041
0.2857395
0.27253346
0.28032325
0.27009169
0.25568419
0.24386712
0.43035263
0.42031908
0.40557898
0.3930549
0.39585759
0.3866282
0.37306957
0.3615494
0.34930812
0.34116416
0.32920011
0.31903476
0.31256661
0.30527931
0.29457371
0.28547758
0.5515205
0.5386618
0.51977144
0.50372118
0.52181234
0.50964632
0.49177371
0.47658822
0.48101157
0.46979711
0.45332224
0.43932416
0.44828043
0.43782903
0.42247506
0.40942933
0.49462637
0.47657301
0.4511515
0.43030066
0.46798342
0.45090257
0.42685029
0.4071224
0.43139214
0.41564668
0.39347477
0.37528929
0.40203694
0.38736276
0.36669955
0.34975164
0.41872518
0.39617037
0.3651936
0.340343
0.39617037
0.37483042
0.34552233
0.32201044
0.3651936
0.34552233
0.31850605
0.29683264
0.340343
0.32201044
0.29683264
0.27663402
0.32673174
0.30054281
0.26520207
0.23730683
0.30913241
0.28435412
0.25091688
0.22452416
0.28496153
0.26212053
0.23129761
0.20696853
0.26557063
0.2442838
0.21555826
0.19288478
0.25494965
0.23451413
0.20693742
0.18517074
0.23451413
0.21571658
0.19035034
0.17032843
0.20693742
0.19035034
0.16796703
0.15029957
0.18517074
0.17032843
0.15029957
0.13449046
0.32673174
0.30913241
0.28496153
0.26557063
0.30054281
0.28435412
0.26212053
0.2442838
0.26520207
0.25091688
0.23129761
0.21555826
0.23730683
0.22452416
0.20696853
0.19288478
0.22218261
0.21021465
0.19377792
0.18059179
0.19336537
0.1829497
0.16864491
0.15716907
0.15501837
0.14666832
0.1352004
0.12600037
0.12515079
0.11840953
0.10915109
0.10172361
0.10909513
0.10321869
0.095148001
0.088673385
0.078757323
0.074515025
0.068688675
0.064014553
0.038877529
0.036783391
0.033907312
0.031600013
0.0081850352
0.0077441441
0.007138626
0.0066528552
0.085127056
0.078303686
0.069095894
0.061828043
0.061454417
0.056528531
0.049881319
0.04463457
0.030336242
0.027904662
0.02462337
0.022033391
0.0063867862
0.005874849
0.0051840172
0.0046387318
0.1733694
0.15947308
0.1407207
0.12591911
0.15088346
0.13878948
0.12246925
0.10958739
0.12096126
0.11126564
0.098181885
0.087854632
0.097655372
0.089827798
0.079264882
0.070927405
0.11789401
0.10260314
0.082255437
0.066407015
0.10260314
0.089295456
0.071586839
0.057793981
0.082255437
0.071586839
0.057390113
0.046332604
0.066407015
0.057793981
0.046332604
0.037405604
0.057887583
0.050379544
0.040388571
0.032606828
0.041789915
0.036369763
0.029157154
0.023539405
0.020629163
0.017953577
0.014393157
0.011620013
0.0043430923
0.0037797854
0.0030301917
0.0024463499
0.028423693
0.020519545
0.010129283
0.0021325033
0.020519545
0.014813406
0.0073124966
0.0015394803
0.010129283
0.0073124966
0.003609738
0.00075994074
0.0021325033
0.0015394803
0.00075994074
0.00015998449
0.057887583
0.041789915
0.020629163
0.0043430923
0.050379544
0.036369763
0.017953577
0.0037797854
0.040388571
0.029157154
0.014393157
0.0030301917
0.032606828
0.023539405
0.011620013
0.0024463499
0.085127056
0.061454417
0.030336242
0.0063867862
0.078303686
0.056528531
0.027904662
0.005874849
0.069095894
0.049881319
0.02462337
0.0051840172
0.061828043
0.04463457
0.022033391
0.0046387318
0.1733694
0.15088346
0.12096126
0.097655372
0.15947308
0.13878948
0.11126564
0.089827798
0.1407207
0.12246925
0.098181885
0.079264882
0.12591911
0.10958739
0.087854632
0.070927405
0.22218261
0.19336537
0.15501837
0.12515079
0.21021465
0.1829497
0.14666832
0.11840953
0.19377792
0.16864491
0.1352004
0.10915109
0.18059179
0.15716907
0.12600037
0.10172361
0.10909513
0.078757323
0.038877529
0.0081850352
0.10321869
0.074515025
0.036783391
0.0077441441
0.095148001
0.068688675
0.033907312
0.007138626
0.088673385
0.064014553
0.031600013
0.0066528552
0.12887068
0.093033628
0.045924793
0.0096687322
0.124167
0.089637959
0.044248576
0.0093158297
0.11754358
0.084856394
0.041888234
0.0088188951
0.11211103
0.080934545
0.039952279
0.0084113079
0.14369375
0.10373468
0.051207204
0.010780862
0.14034359
0.10131614
0.050013326
0.01052951
0.13542196
0.097763118
0.048259432
0.010160255
0.13124024
0.09474426
0.04676922
0.0098465132
0.29264635
0.25469005
0.204181
0.16484114
0.28582343
0.248752
0.19942059
0.16099794
0.27580003
0.24002856
0.19242721
0.15535201
0.26728352
0.23261661
0.18648521
0.15055489
0.26245764
0.22841665
0.1831182
0.14783661
0.2528781
0.22007956
0.17643455
0.14244071
0.23938878
0.20833982
0.16702307
0.13484255
0.22832481
0.19871088
0.15930376
0.12861052
0.38595813
0.35502153
0.31327458
0.28032325
0.37187084
0.34206351
0.30184041
0.27009169
0.3520341
0.32381694
0.2857395
0.25568419
0.33576406
0.30885111
0.27253346
0.24386712
0.49462637
0.46798342
0.43139214
0.40203694
0.47657301
0.45090257
0.41564668
0.38736276
0.4511515
0.42685029
0.39347477
0.36669955
0.43030066
0.4071224
0.37528929
0.34975164
0.5515205
0.52181234
0.48101157
0.44828043
0.5386618
0.50964632
0.46979711
0.43782903
0.51977144
0.49177371
0.45332224
0.42247506
0.50372118
0.47658822
0.43932416
0.40942933
0.43035263
0.39585759
0.34930812
0.31256661
0.42031908
0.3866282
0.34116416
0.30527931
0.40557898
0.37306957
0.32920011
0.29457371
0.3930549
0.3615494
0.31903476
0.28547758
0.45820833
0.42148108
0.37191821
0.33279825
0.45261416
0.41633515
0.36737744
0.32873515
0.44353744
0.40798575
0.36000996
0.32214268
0.43524092
0.40035411
0.35327582
0.31611694
0.58721939
0.55558901
0.51214644
0.47729624
0.58005017
0.54880566
0.50589362
0.47146902
0.56841777
0.53779954
0.49574833
0.46201427
0.55778519
0.52773959
0.48647522
0.45337227
0.60035122
0.56801429
0.52360003
0.48797026
0.59914658
0.56687445
0.52254932
0.48699106
0.59521899
0.56315815
0.51912364
0.48379853
0.59041295
0.55861071
0.51493183
0.47989203
0.46845528
0.43090708
0.38023573
0.34024083
0.46751527
0.43004238
0.37947271
0.33955807
0.4644505
0.42722314
0.37698501
0.33733206
0.46070029
0.42377339
0.37394094
0.3346082
0.31855681
0.27724033
0.22225912
0.17943603
0.31791758
0.27668399
0.22181311
0.17907596
0.31583346
0.27487014
0.22035898
0.177902
0.31328322
0.27265063
0.21857963
0.17646549
0.31158864
0.2711758
0.21739729
0.17551096
0.3077845
0.26786499
0.21474307
0.17336815
0.30161218
0.26249312
0.21043656
0.1698914
0.29597044
0.25758304
0.20650025
0.16671353
0.15299475
0.11044926
0.054521756
0.011478689
0.15112684
0.10910078
0.053856098
0.011338545
0.14809612
0.10691284
0.052776055
0.011111159
0.14532593
0.10491299
0.051788856
0.01090332
0.15641627
0.11291932
0.055741067
0.011735395
0.1561024
0.11269272
0.055629212
0.011711846
0.15507905
0.11195395
0.055264526
0.011635067
0.15382683
0.11104995
0.054818279
0.011541117
0.15382683
0.11104995
0.054818279
0.011541117
0.15507905
0.11195395
0.055264526
0.011635067
0.1561024
0.11269272
0.055629212
0.011711846
0.15641627
0.11291932
0.055741067
0.011735395
0.31328322
0.27265063
0.21857963
0.17646549
0.31583346
0.27487014
0.22035898
0.177902
0.31791758
0.27668399
0.22181311
0.17907596
0.31855681
0.27724033
0.22225912
0.17943603
0.29597044
0.25758304
0.20650025
0.16671353
0.30161218
0.26249312
0.21043656
0.1698914
0.3077845
0.26786499
0.21474307
0.17336815
0.31158864
0.2711758
0.21739729
0.17551096
0.14532593
0.10491299
0.051788856
0.01090332
0.14809612
0.10691284
0.052776055
0.011111159
0.15112684
0.10910078
0.053856098
0.011338545
0.15299475
0.11044926
0.054521756
0.011478689
0.13124024
0.09474426
0.04676922
0.0098465132
0.13542196
0.097763118
0.048259432
0.010160255
0.14034359
0.10131614
0.050013326
0.01052951
0.14369375
0.10373468
0.051207204
0.010780862
0.11211103
0.080934545
0.039952279
0.0084113079
0.11754358
0.084856394
0.041888234
0.0088188951
0.124167
0.089637959
0.044248576
0.0093158297
0.12887068
0.093033628
0.045924793
0.0096687322
0.22832481
0.19871088
0.15930376
0.12861052
0.23938878
0.20833982
0.16702307
0.13484255
0.2528781
0.22007956
0.17643455
0.14244071
0.26245764
0.22841665
0.1831182
0.14783661
0.26728352
0.23261661
0.18648521
0.15055489
0.27580003
0.24002856
0.19242721
0.15535201
0.28582343
0.248752
0.19942059
0.16099794
0.29264635
0.25469005
0.204181
0.16484114
0.3930549
0.3615494
0.31903476
0.28547758
0.40557898
0.37306957
0.32920011
0.29457371
0.42031908
0.3866282
0.34116416
0.30527931
0.43035263
0.39585759
0.34930812
0.31256661
0.33576406
0.30885111
0.27253346
0.24386712
0.3520341
0.32381694
0.2857395
0.25568419
0.37187084
0.34206351
0.30184041
0.27009169
0.38595813
0.35502153
0.31327458
0.28032325
0.43030066
0.4071224
0.37528929
0.34975164
0.4511515
0.42685029
0.39347477
0.36669955
0.47657301
0.45090257
0.41564668
0.38736276
0.49462637
0.46798342
0.43139214
0.40203694
0.50372118
0.47658822
0.43932416
0.40942933
0.51977144
0.49177371
0.45332224
0.42247506
0.5386618
0.50964632
0.46979711
0.43782903
0.5515205
0.52181234
0.48101157
0.44828043
0.55778519
0.52773959
0.48647522
0.45337227
0.56841777
0.53779954
0.49574833
0.46201427
0.58005017
0.54880566
0.50589362
0.47146902
0.58721939
0.55558901
0.51214644
0.47729624
0.43524092
0.40035411
0.35327582
0.31611694
0.44353744
0.40798575
0.36000996
0.32214268
0.45261416
0.41633515
0.36737744
0.32873515
0.45820833
0.42148108
0.37191821
0.33279825
0.46070029
0.42377339
0.37394094
0.3346082
0.4644505
0.42722314
0.37698501
0.33733206
0.46751527
0.43004238
0.37947271
0.33955807
0.46845528
0.43090708
0.38023573
0.34024083
0.59041295
0.55861071
0.51493183
0.47989203
0.59521899
0.56315815
0.51912364
0.48379853
0.59914658
0.56687445
0.52254932
0.48699106
0.60035122
0.56801429
0.52360003
0.48797026
0.69743655
0.67198091
0.63613412
0.60673387
0.7031137
0.67745133
0.6413126
0.61167285
0.70775311
0.68192192
0.64554463
0.61570919
0.70917606
0.68329311
0.64684266
0.61694722
0.65889381
0.63484418
0.60097983
0.57320484
0.67145398
0.64694581
0.61243544
0.58413105
0.68519523
0.66018576
0.62496856
0.59608472
0.6936641
0.6683459
0.63269311
0.60345203
0.73468104
0.71755237
0.69238954
0.67100934
0.74868597
0.73123016
0.7055874
0.68380013
0.76400841
0.74619496
0.72002645
0.69779351
0.77345182
0.75541842
0.72892571
0.70641774
0.77765829
0.75952713
0.73289006
0.71025944
0.78398845
0.76571043
0.7388562
0.71604098
0.78916132
0.7707636
0.74373198
0.72076594
0.79074782
0.77231347
0.74522746
0.7222152
0.82799469
0.81788443
0.80148153
0.78649066
0.83473526
0.82454328
0.80800578
0.79289235
0.84024298
0.82998519
0.81333794
0.79812411
0.84193198
0.83165431
0.81497344
0.79972884
0.8465097
0.84481142
0.83927434
0.83249814
0.85340008
0.85168755
0.8461049
0.83927434
0.85903466
0.85730955
0.85168755
0.84481142
0.86076269
0.85903466
0.85340008
0.8465097
0.79972884
0.79812411
0.79289235
0.78649066
0.81497344
0.81333794
0.80800578
0.80148153
0.83165431
0.82998519
0.82454328
0.81788443
0.84193198
0.84024298
0.83473526
0.82799469
0.78223681
0.77268677
0.75719062
0.74302639
0.79714647
0.78741492
0.77162451
0.75719062
0.81345985
0.80352815
0.78741492
0.77268677
0.82351525
0.81345985
0.79714647
0.78223681
0.70641774
0.69779351
0.68380013
0.67100934
0.72892571
0.72002645
0.7055874
0.69238954
0.75541842
0.74619496
0.73123016
0.71755237
0.77345182
0.76400841
0.74868597
0.73468104
0.7222152
0.72076594
0.71604098
0.71025944
0.74522746
0.74373198
0.7388562
0.73289006
0.77231347
0.7707636
0.76571043
0.75952713
0.79074782
0.78916132
0.78398845
0.77765829
0.61694722
0.61570919
0.61167285
0.60673387
0.64684266
0.64554463
0.6413126
0.63613412
0.68329311
0.68192192
0.67745133
0.67198091
0.70917606
0.70775311
0.7031137
0.69743655
0.60345203
0.59608472
0.58413105
0.57320484
0.63269311
0.62496856
0.61243544
0.60097983
0.6683459
0.66018576
0.64694581
0.63484418
0.6936641
0.68519523
0.67145398
0.65889381
0.56676711
0.55355307
0.53414052
0.51764648
0.59423027
0.58037627
0.56002344
0.54273026
0.62771406
0.6130792
0.59157973
0.57331247
0.6514934
0.63630379
0.61398953
0.59503033
0.66347291
0.64800386
0.62527898
0.60597103
0.68461332
0.66865171
0.64520255
0.62527898
0.70949368
0.69295254
0.66865171
0.64800386
0.72642969
0.70949368
0.68461332
0.66347291
0.59503033
0.57331247
0.54273026
0.51764648
0.61398953
0.59157973
0.56002344
0.53414052
0.63630379
0.6130792
0.58037627
0.55355307
0.6514934
0.62771406
0.59423027
0.56676711
0.50830017
0.48974757
0.46362322
0.44219606
0.53293105
0.51347926
0.48608873
0.46362322
0.56296125
0.54241348
0.51347926
0.48974757
0.58428714
0.56296125
0.53293105
0.50830017
0.40203694
0.38736276
0.36669955
0.34975164
0.43139214
0.41564668
0.39347477
0.37528929
0.46798342
0.45090257
0.42685029
0.4071224
0.49462637
0.47657301
0.4511515
0.43030066
0.28032325
0.27009169
0.25568419
0.24386712
0.31327458
0.30184041
0.2857395
0.27253346
0.35502153
0.34206351
0.32381694
0.30885111
0.38595813
0.37187084
0.3520341
0.33576406
0.31256661
0.30527931
0.29457371
0.28547758
0.34930812
0.34116416
0.32920011
0.31903476
0.39585759
0.3866282
0.37306957
0.3615494
0.43035263
0.42031908
0.40557898
0.3930549
0.44828043
0.43782903
0.42247506
0.40942933
0.48101157
0.46979711
0.45332224
0.43932416
0.52181234
0.50964632
0.49177371
0.47658822
0.5515205
0.5386618
0.51977144
0.50372118
0.47729624
0.47146902
0.46201427
0.45337227
0.51214644
0.50589362
0.49574833
0.48647522
0.55558901
0.54880566
0.53779954
0.52773959
0.58721939
0.58005017
0.56841777
0.55778519
0.48797026
0.48699106
0.48379853
0.47989203
0.52360003
0.52254932
0.51912364
0.51493183
0.56801429
0.56687445
0.56315815
0.55861071
0.60035122
0.59914658
0.59521899
0.59041295
0.34024083
0.33955807
0.33733206
0.3346082
0.38023573
0.37947271
0.37698501
0.37394094
0.43090708
0.43004238
0.42722314
0.42377339
0.46845528
0.46751527
0.4644505
0.46070029
0.33279825
0.32873515
0.32214268
0.31611694
0.37191821
0.36737744
0.36000996
0.35327582
0.42148108
0.41633515
0.40798575
0.40035411
0.45820833
0.45261416
0.44353744
0.43524092
0.17551096
0.17336815
0.1698914
0.16671353
0.21739729
0.21474307
0.21043656
0.20650025
0.2711758
0.26786499
0.26249312
0.25758304
0.31158864
0.3077845
0.30161218
0.29597044
0.17943603
0.17907596
0.177902
0.17646549
0.22225912
0.22181311
0.22035898
0.21857963
0.27724033
0.27668399
0.27487014
0.27265063
0.31855681
0.31791758
0.31583346
0.31328322
0.011735395
0.011711846
0.011635067
0.011541117
0.055741067
0.055629212
0.055264526
0.054818279
0.11291932
0.11269272
0.11195395
0.11104995
0.15641627
0.1561024
0.15507905
0.15382683
0.011478689
0.011338545
0.011111159
0.01090332
0.054521756
0.053856098
0.052776055
0.051788856
0.11044926
0.10910078
0.10691284
0.10491299
0.15299475
0.15112684
0.14809612
0.14532593
0.010780862
0.01052951
0.010160255
0.0098465132
0.051207204
0.050013326
0.048259432
0.04676922
0.10373468
0.10131614
0.097763118
0.09474426
0.14369375
0.14034359
0.13542196
0.13124024
0.16484114
0.16099794
0.15535201
0.15055489
0.204181
0.19942059
0.19242721
0.18648521
0.25469005
0.248752
0.24002856
0.23261661
0.29264635
0.28582343
0.27580003
0.26728352
0.14783661
0.14244071
0.13484255
0.12861052
0.1831182
0.17643455
0.16702307
0.15930376
0.22841665
0.22007956
0.20833982
0.19871088
0.26245764
0.2528781
0.23938878
0.22832481
0.0096687322
0.0093158297
0.0088188951
0.0084113079
0.045924793
0.044248576
0.041888234
0.039952279
0.093033628
0.089637959
0.084856394
0.080934545
0.12887068
0.124167
0.11754358
0.11211103
0.0081850352
0.0077441441
0.007138626
0.0066528552
0.038877529
0.036783391
0.033907312
0.031600013
0.078757323
0.074515025
0.068688675
0.064014553
0.10909513
0.10321869
0.095148001
0.088673385
0.12515079
0.11840953
0.10915109
0.10172361
0.15501837
0.14666832
0.1352004
0.12600037
0.19336537
0.1829497
0.16864491
0.15716907
0.22218261
0.21021465
0.19377792
0.18059179
0.097655372
0.089827798
0.079264882
0.070927405
0.12096126
0.11126564
0.098181885
0.087854632
0.15088346
0.13878948
0.12246925
0.10958739
0.1733694
0.15947308
0.1407207
0.12591911
0.0063867862
0.005874849
0.0051840172
0.0046387318
0.030336242
0.027904662
0.02462337
0.022033391
0.061454417
0.056528531
0.049881319
0.04463457
0.085127056
0.078303686
0.069095894
0.061828043
0.0043430923
0.0037797854
0.0030301917
0.0024463499
0.020629163
0.017953577
0.014393157
0.011620013
0.041789915
0.036369763
0.029157154
0.023539405
0.057887583
0.050379544
0.040388571
0.032606828
0.0021325033
0.0015394803
0.00075994074
0.00015998449
0.010129283
0.0073124966
0.003609738
0.00075994074
0.020519545
0.014813406
0.0073124966
0.0015394803
0.028423693
0.020519545
0.010129283
0.0021325033
0.032606828
0.023539405
0.011620013
0.0024463499
0.040388571
0.029157154
0.014393157
0.0030301917
0.050379544
0.036369763
0.017953577
0.0037797854
0.057887583
0.041789915
0.020629163
0.0043430923
0.066407015
0.057793981
0.046332604
0.037405604
0.082255437
0.071586839
0.057390113
0.046332604
0.10260314
0.089295456
0.071586839
0.057793981
0.11789401
0.10260314
0.082255437
0.066407015
0.12591911
0.10958739
0.087854632
0.070927405
0.1407207
0.12246925
0.098181885
0.079264882
0.15947308
0.13878948
0.11126564
0.089827798
0.1733694
0.15088346
0.12096126
0.097655372
0.061828043
0.04463457
0.022033391
0.0046387318
0.069095894
0.049881319
0.02462337
0.0051840172
0.078303686
0.056528531
0.027904662
0.005874849
0.085127056
0.061454417
0.030336242
0.0063867862
0.088673385
0.064014553
0.031600013
0.0066528552
0.095148001
0.068688675
0.033907312
0.007138626
0.10321869
0.074515025
0.036783391
0.0077441441
0.10909513
0.078757323
0.038877529
0.0081850352
0.18059179
0.15716907
0.12600037
0.10172361
0.19377792
0.16864491
0.1352004
0.10915109
0.21021465
0.1829497
0.14666832
0.11840953
0.22218261
0.19336537
0.15501837
0.12515079
0.26557063
0.2442838
0.21555826
0.19288478
0.28496153
0.26212053
0.23129761
0.20696853
0.30913241
0.28435412
0.25091688
0.22452416
0.32673174
0.30054281
0.26520207
0.23730683
0.18517074
0.17032843
0.15029957
0.13449046
0.20693742
0.19035034
0.16796703
0.15029957
0.23451413
0.21571658
0.19035034
0.17032843
0.25494965
0.23451413
0.20693742
0.18517074
0.23730683
0.22452416
0.20696853
0.19288478
0.26520207
0.25091688
0.23129761
0.21555826
0.30054281
0.28435412
0.26212053
0.2442838
0.32673174
0.30913241
0.28496153
0.26557063
0.340343
0.32201044
0.29683264
0.27663402
0.3651936
0.34552233
0.31850605
0.29683264
0.39617037
0.37483042
0.34552233
0.32201044
0.41872518
0.39617037
0.3651936
0.340343
