FiniteElementSpace
FiniteElementCollection: L2_2D_P1
VDim: 1
Ordering: 0

-3.286491038041717e+90
-3.628186957263252e+90
-3.628186957263136e+90
-4.016504419324833e+90
-3.878958718480747e+90
-4.219722544871472e+90
-4.302160604398083e+90
-4.693091392661812e+90
-4.614596783992489e+90
-5.043344915271537e+90
-5.043344915271525e+90
-5.526979193324763e+90
-3.878958718480539e+90
-4.302160604398019e+90
-4.219722544871194e+90
-4.693091392661732e+90
-4.465873126635126e+90
-4.975980819025981e+90
-4.792666581020028e+90
-5.354074545899724e+90
-5.023675874348245e+90
-5.621589735392584e+90
-5.321461794397991e+90
-5.968545160952852e+90
-6.067957055962402e+90
-6.688837307755249e+90
-6.45238162126962e+90
-7.127441448199842e+90
-5.354694208049405e+90
-5.878737968653137e+90
-5.771813190893694e+90
-6.352777583462567e+90
-6.2615726055969e+90
-6.777324201896729e+90
-6.777324201896755e+90
-7.348737973054763e+90
-7.143744265408192e+90
-7.753912734762277e+90
-7.621456401476283e+90
-8.281393397962611e+90
-8.19037366352428e+90
-8.750088678676942e+90
-8.750088678676978e+90
-9.32256887352728e+90
-7.143744265408197e+90
-7.621456401476437e+90
-7.753912734762306e+90
-8.281393397962609e+90
-6.067957055962383e+90
-6.452381621269575e+90
-6.688837307755139e+90
-7.12744144819991e+90
-5.354694208049436e+90
-5.771813190893759e+90
-5.878737968653134e+90
-6.352777583462489e+90
-4.465873126635402e+90
-4.792666581020209e+90
-4.975980819025987e+90
-5.354074545899705e+90
-5.023675874348344e+90
-5.321461794397952e+90
-5.621589735392535e+90
-5.96854516095277e+90
-5.525715299896325e+90
-5.779038125357759e+90
-6.20635077102678e+90
-6.502374129822168e+90
-6.716595300348007e+90
-7.045269236010475e+90
-7.427356171072861e+90
-7.801863278569361e+90
-7.260380660948248e+90
-7.512049266890824e+90
-8.044944725192683e+90
-8.329210322389576e+90
-5.945116840147897e+90
-6.139954816313521e+90
-6.695749471888657e+90
-6.921724170534662e+90
-6.257709073957058e+90
-6.381606039775846e+90
-7.05741721509061e+90
-7.198258859036101e+90
-6.442886037010889e+90
-6.485606698816232e+90
-7.267606075001749e+90
-7.315241768089373e+90
-7.900443130271495e+90
-7.954766467637413e+90
-8.763880497008355e+90
-8.823994068968321e+90
-7.663618240534862e+90
-7.822096316975036e+90
-8.499244956662336e+90
-8.676227639466336e+90
-9.094254438712722e+90
-9.278810822557156e+90
-9.866496283323135e+90
-1.005068503921121e+91
-9.367799267797786e+90
-9.429964938267286e+90
-1.014283941884141e+91
-1.019922465060622e+91
-1.043390414613047e+91
-1.04556410836302e+91
-1.077800482733403e+91
-1.083033996473308e+91
-1.027501774615108e+91
-1.038177910977298e+91
-1.060201311162679e+91
-1.073069568375857e+91
-9.849609505859215e+90
-1.013674875443607e+91
-1.032539685268816e+91
-1.053807299318843e+91
-8.613762365079822e+90
-8.91494965902414e+90
-9.353989809330136e+90
-9.678444145937695e+90
-7.94783191312332e+90
-8.352371616340813e+90
-8.635433264385199e+90
-9.077428797290598e+90
-9.123662651534778e+90
-9.577764293946464e+90
-9.693654332108388e+90
-1.011514100212821e+91
-1.007155939851569e+91
-1.04476773279944e+91
-1.044767732799435e+91
-1.056579223315251e+91
-1.059594481119969e+91
-1.050189715069699e+91
-1.069226920328827e+91
-1.024966529177804e+91
-1.042014609212011e+91
-9.521689538659924e+90
-9.52168953865977e+90
-6.077371347437838e+90
-1.059594481120004e+91
-1.06922692032891e+91
-1.050189715069736e+91
-1.024966529177835e+91
-1.066514259762429e+91
-1.048908622542583e+91
-9.748556955758889e+90
-8.669287712779264e+90
-1.023835194566589e+91
-1.002439945259482e+91
-7.93958832352629e+90
-7.460989946125423e+90
-4.960006306101814e+90
-4.634511250880018e+90
-9.220463774726833e+89
3.426491114192422e+90
-7.938181004201519e+90
-5.831909430352266e+90
-3.262945501979431e+90
-1.701610434910818e+90
-2.242905360652867e+90
1.519745337796716e+91
1.519745337796726e+91
8.308964665312819e+91
4.403173451126481e+91
7.180917450299183e+91
1.236755723905716e+92
8.082017468240336e+91
4.883903062000385e+90
1.460571863446548e+92
1.460571863446513e+92
1.819131678120973e+93
4.403173451126522e+91
1.236755723905717e+92
7.180917450299295e+91
8.082017468240307e+91
-4.960006306099839e+90
-9.220463774713189e+89
-4.634511250876964e+90
3.426491114194208e+90
-7.938181004201124e+90
-3.262945501978758e+90
-5.831909430351043e+90
-1.701610434909847e+90
-1.066514259762331e+91
-9.748556955758626e+90
-1.048908622542491e+91
-8.669287712778551e+90
-1.023835194566498e+91
-7.93958832352524e+90
-1.00243994525942e+91
-7.460989946123415e+90
-1.043390414612953e+91
-1.077800482733216e+91
-1.045564108362907e+91
-1.083033996473098e+91
-9.36779926779769e+90
-1.014283941884094e+91
-9.429964938267091e+90
-1.019922465060583e+91
-9.09425443871276e+90
-9.866496283322726e+90
-9.278810822557128e+90
-1.005068503921073e+91
-1.027501774615045e+91
-1.060201311162571e+91
-1.038177910977218e+91
-1.073069568375703e+91
-9.849609505859074e+90
-1.032539685268793e+91
-1.01367487544356e+91
-1.053807299318769e+91
-9.123662651534879e+90
-9.693654332108316e+90
-9.577764293946446e+90
-1.01151410021282e+91
-7.947831913123132e+90
-8.635433264385295e+90
-8.352371616340703e+90
-9.07742879729075e+90
-8.613762365079822e+90
-9.353989809330179e+90
-8.914949659024209e+90
-9.678444145937426e+90
-7.26038066094772e+90
-8.044944725192267e+90
-7.512049266890101e+90
-8.329210322389339e+90
-6.71659530034793e+90
-7.427356171072535e+90
-7.045269236010118e+90
-7.801863278568954e+90
-5.525715299896464e+90
-6.20635077102692e+90
-5.779038125358136e+90
-6.502374129822231e+90
-5.945116840148334e+90
-6.69574947188858e+90
-6.139954816313951e+90
-6.921724170534131e+90
-6.257709073957351e+90
-7.057417215089783e+90
-6.381606039775991e+90
-7.198258859035173e+90
-7.663618240534115e+90
-8.499244956662289e+90
-7.822096316974416e+90
-8.676227639466462e+90
-7.900443130270904e+90
-8.763880497008596e+90
-7.954766467636842e+90
-8.823994068968685e+90
-6.442886037010987e+90
-7.267606075000855e+90
-6.485606698816295e+90
-7.315241768088659e+90
