FiniteElementSpace
FiniteElementCollection: L2_2D_P2
VDim: 1
Ordering: 0

0.020296838
0.089714066
0.15861555
0.020204162
0.089304293
0.15789083
0.019994802
0.088378619
0.15625372
0.019819226
0.087602324
0.15488082
0.019428068
0.085872915
0.15182239
0.018924655
0.083647259
0.14788648
0.1937574
0.25943939
0.32362717
0.18993169
0.25431766
0.31723684
0.18500829
0.24772625
0.30901304
0.19842909
0.26569359
0.33143057
0.19752254
0.26447995
0.32991633
0.19547472
0.26173844
0.32649574
0.36893388
0.43146111
0.49150681
0.36724841
0.42949039
0.48926133
0.36344096
0.42503852
0.48418881
0.52525933
0.58064807
0.63269392
0.52285971
0.57799592
0.62980344
0.51743897
0.57200467
0.623274
0.51289296
0.56698016
0.61779814
0.50276567
0.55578659
0.60559955
0.48973265
0.54138103
0.58990122
0.36024794
0.42130505
0.47993485
0.35313475
0.41298767
0.47045824
0.34398062
0.4022836
0.45826266
0.33771747
0.39495989
0.44991859
0.32545051
0.38061541
0.43357618
0.31130127
0.36406956
0.41472651
0.48081553
0.53152457
0.57916047
0.46335068
0.51221937
0.55812387
0.44320637
0.48995186
0.53385998
0.43026118
0.47564191
0.51826711
0.40613086
0.44896726
0.48920117
0.37964913
0.4196932
0.4573035
0.30220872
0.3534367
0.40261333
0.28525981
0.3336162
0.38003384
0.26665891
0.31186353
0.35525389
0.16254163
0.21764723
0.27148708
0.15342563
0.20544214
0.25626115
0.14342098
0.19204705
0.2395512
0.18163978
0.24321646
0.30338645
0.17504216
0.23438341
0.29236633
0.16743205
0.22419473
0.27965533
0.018580221
0.082124494
0.14519362
0.017905595
0.079141975
0.13991941
0.017127426
0.075701738
0.13383588
0.016627352
0.073490966
0.1299265
0.015695147
0.069369899
0.12263928
0.014672021
0.064847025
0.1146418
