MFEM mesh v1.0

#
# MFEM Geometry Types (see mesh/geom.hpp):
#
# POINT       = 0
# SEGMENT     = 1
# TRIANGLE    = 2
# SQUARE      = 3
# TETRAHEDRON = 4
# CUBE        = 5
# PRISM       = 6
#

dimension
2

elements
686
1 3 64 66 61 63
1 3 66 67 62 61
1 3 65 48 67 66
1 3 48 68 69 67
1 3 67 69 70 62
1 3 69 71 72 70
1 3 68 73 71 69
1 3 73 74 75 71
1 3 74 76 77 75
1 3 75 77 78 79
1 3 71 75 79 72
1 3 72 79 80 81
1 3 79 78 82 80
1 3 80 82 83 84
1 3 81 80 84 85
1 3 86 81 85 87
1 3 70 72 81 86
1 3 62 70 86 60
1 3 60 86 87 59
1 3 59 87 88 58
1 3 87 85 89 88
1 3 88 89 90 91
1 3 58 88 91 57
1 3 57 91 92 55
1 3 55 92 93 56
1 3 92 94 95 93
1 3 91 90 94 92
1 3 90 96 97 94
1 3 94 97 98 95
1 3 97 99 100 98
1 3 96 101 99 97
1 3 102 103 101 96
1 3 89 102 96 90
1 3 85 84 102 89
1 3 84 83 103 102
1 3 83 104 105 103
1 3 104 106 107 105
1 3 105 107 108 109
1 3 103 105 109 101
1 3 101 109 110 99
1 3 99 110 111 100
1 3 110 112 113 111
1 3 109 108 112 110
1 3 108 114 115 112
1 3 112 115 116 113
1 3 115 117 118 116
1 3 114 119 117 115
1 3 120 121 119 114
1 3 107 120 114 108
1 3 106 122 120 107
1 3 122 123 121 120
1 3 124 125 123 122
1 3 126 127 125 124
1 3 128 126 124 129
1 3 129 124 122 106
1 3 130 129 106 104
1 3 82 130 104 83
1 3 78 131 130 82
1 3 131 128 129 130
1 3 132 133 128 131
1 3 77 132 131 78
1 3 76 134 132 77
1 3 134 135 133 132
1 3 135 136 137 133
1 3 133 137 126 128
1 3 137 138 127 126
1 3 136 139 138 137
1 3 140 141 139 136
1 3 142 140 136 135
1 3 143 144 140 142
1 3 144 145 141 140
1 3 146 147 145 144
1 3 148 149 147 146
1 3 150 148 146 151
1 3 151 146 144 143
1 3 152 151 143 153
1 3 154 150 151 152
1 3 155 154 152 156
1 3 156 152 153 157
1 3 157 153 158 159
1 3 153 143 142 158
1 3 158 142 135 134
1 3 159 158 134 76
1 3 160 159 76 74
1 3 161 157 159 160
1 3 162 161 160 163
1 3 163 160 74 73
1 3 164 163 73 68
1 3 165 164 68 48
1 3 47 166 164 165
1 3 166 162 163 164
1 3 167 168 162 166
1 3 169 167 166 47
1 3 46 170 167 169
1 3 170 171 168 167
1 3 171 172 173 168
1 3 168 173 161 162
1 3 173 156 157 161
1 3 172 155 156 173
1 3 174 175 155 172
1 3 176 177 175 174
1 3 178 176 174 179
1 3 179 174 172 171
1 3 180 179 171 170
1 3 45 180 170 46
1 3 44 181 180 45
1 3 181 178 179 180
1 3 182 183 178 181
1 3 43 182 181 44
1 3 19 184 182 43
1 3 184 185 183 182
1 3 185 186 187 183
1 3 183 187 176 178
1 3 187 188 177 176
1 3 186 18 188 187
1 3 18 189 190 188
1 3 189 191 192 190
1 3 190 192 193 194
1 3 188 190 194 177
1 3 177 194 195 175
1 3 175 195 154 155
1 3 195 196 150 154
1 3 194 193 196 195
1 3 193 197 198 196
1 3 196 198 148 150
1 3 198 199 149 148
1 3 197 200 199 198
1 3 201 202 200 197
1 3 192 201 197 193
1 3 191 203 201 192
1 3 203 17 202 201
1 3 17 204 205 202
1 3 202 205 206 200
1 3 205 207 208 206
1 3 204 209 207 205
1 3 209 210 211 207
1 3 210 212 213 211
1 3 211 213 214 215
1 3 207 211 215 208
1 3 208 215 216 217
1 3 215 214 218 216
1 3 216 218 219 220
1 3 217 216 220 221
1 3 222 217 221 223
1 3 206 208 217 222
1 3 200 206 222 199
1 3 199 222 223 149
1 3 149 223 224 147
1 3 223 221 225 224
1 3 224 225 226 227
1 3 147 224 227 145
1 3 145 227 228 141
1 3 141 228 229 139
1 3 228 230 231 229
1 3 227 226 230 228
1 3 226 232 233 230
1 3 230 233 234 231
1 3 233 235 236 234
1 3 232 237 235 233
1 3 238 239 237 232
1 3 225 238 232 226
1 3 221 220 238 225
1 3 220 219 239 238
1 3 219 240 241 239
1 3 240 242 243 241
1 3 241 243 244 245
1 3 239 241 245 237
1 3 237 245 246 235
1 3 235 246 247 236
1 3 246 248 249 247
1 3 245 244 248 246
1 3 244 250 251 248
1 3 248 251 252 249
1 3 251 253 254 252
1 3 250 255 253 251
1 3 256 257 255 250
1 3 243 256 250 244
1 3 242 258 256 243
1 3 258 259 257 256
1 3 260 261 259 258
1 3 262 263 261 260
1 3 264 262 260 265
1 3 265 260 258 242
1 3 266 265 242 240
1 3 218 266 240 219
1 3 214 267 266 218
1 3 267 264 265 266
1 3 268 269 264 267
1 3 213 268 267 214
1 3 212 270 268 213
1 3 270 271 269 268
1 3 271 272 273 269
1 3 269 273 262 264
1 3 273 274 263 262
1 3 272 16 274 273
1 3 16 275 276 274
1 3 275 277 278 276
1 3 276 278 279 280
1 3 274 276 280 263
1 3 263 280 281 261
1 3 261 281 282 259
1 3 281 283 284 282
1 3 280 279 283 281
1 3 279 285 286 283
1 3 283 286 287 284
1 3 286 288 289 287
1 3 285 290 288 286
1 3 291 292 290 285
1 3 278 291 285 279
1 3 277 293 291 278
1 3 293 294 292 291
1 3 294 15 295 289
1 3 289 295 296 297
1 3 298 299 297 300
1 3 301 298 300 302
1 3 303 304 298 301
1 3 304 305 299 298
1 3 306 307 305 304
1 3 287 289 307 306
1 3 284 287 306 308
1 3 308 306 304 303
1 3 309 308 303 310
1 3 282 284 308 309
1 3 259 282 309 257
1 3 257 309 310 255
1 3 255 310 311 253
1 3 310 303 301 311
1 3 311 301 302 312
1 3 253 311 312 254
1 3 254 302 313 314
1 3 314 313 315 316
1 3 313 317 318 315
1 3 302 297 317 313
1 3 297 319 320 321
1 3 321 320 322 317
1 3 320 323 324 322
1 3 319 325 323 320
1 3 325 296 326 324
1 3 324 326 327 328
1 3 329 330 328 331
1 3 322 324 330 329
1 3 317 322 329 332
1 3 332 329 331 318
1 3 318 331 333 334
1 3 334 333 335 336
1 3 333 337 338 335
1 3 331 328 337 333
1 3 328 327 339 338
1 3 338 339 340 341
1 3 342 343 341 344
1 3 335 338 343 342
1 3 336 335 342 345
1 3 345 342 344 346
1 3 347 336 346 348
1 3 315 318 336 347
1 3 316 315 347 349
1 3 349 347 348 350
1 3 351 352 350 353
1 3 354 349 352 351
1 3 355 354 351 356
1 3 356 351 353 357
1 3 358 356 357 359
1 3 360 358 359 361
1 3 362 363 358 360
1 3 363 355 356 358
1 3 364 365 355 363
1 3 366 364 363 362
1 3 367 368 364 366
1 3 368 369 365 364
1 3 369 370 371 365
1 3 365 371 354 355
1 3 371 372 349 354
1 3 370 316 372 371
1 3 373 374 316 370
1 3 375 373 370 369
1 3 376 377 373 375
1 3 377 314 374 373
1 3 378 379 314 377
1 3 252 254 379 378
1 3 249 252 378 380
1 3 380 378 377 376
1 3 381 380 376 382
1 3 247 249 380 381
1 3 236 247 381 383
1 3 383 381 382 384
1 3 384 382 385 386
1 3 382 376 375 385
1 3 385 375 369 368
1 3 386 385 368 367
1 3 387 386 367 388
1 3 389 387 388 390
1 3 391 392 387 389
1 3 392 384 386 387
1 3 393 383 384 392
1 3 234 236 383 393
1 3 231 234 393 394
1 3 394 393 392 391
1 3 395 394 391 396
1 3 229 231 394 395
1 3 139 229 395 138
1 3 138 395 396 127
1 3 127 396 397 125
1 3 396 391 389 397
1 3 397 389 390 398
1 3 125 397 398 123
1 3 123 398 399 121
1 3 121 399 400 119
1 3 399 401 402 400
1 3 398 390 401 399
1 3 390 388 403 401
1 3 388 367 366 403
1 3 403 366 362 404
1 3 401 403 404 402
1 3 402 404 405 406
1 3 404 362 360 405
1 3 405 360 361 407
1 3 406 405 407 408
1 3 409 406 408 410
1 3 400 402 406 409
1 3 119 400 409 117
1 3 117 409 410 118
1 3 118 410 411 412
1 3 412 411 413 414
1 3 411 415 416 413
1 3 410 408 415 411
1 3 408 407 417 415
1 3 407 361 418 417
1 3 417 418 419 420
1 3 415 417 420 416
1 3 416 420 421 422
1 3 420 419 423 421
1 3 421 423 424 425
1 3 422 421 425 426
1 3 427 422 426 428
1 3 413 416 422 427
1 3 414 413 427 429
1 3 429 427 428 430
1 3 430 428 431 432
1 3 428 426 433 431
1 3 431 433 434 435
1 3 432 431 435 436
1 3 436 435 437 438
1 3 438 437 439 440
1 3 437 441 442 439
1 3 435 434 441 437
1 3 434 443 444 441
1 3 441 444 445 442
1 3 444 446 447 445
1 3 443 448 446 444
1 3 449 450 448 443
1 3 433 449 443 434
1 3 426 425 449 433
1 3 425 424 450 449
1 3 424 451 452 448
1 3 448 452 453 447
1 3 452 454 455 456
1 3 456 455 457 453
1 3 455 458 459 457
1 3 454 460 458 455
1 3 461 462 460 454
1 3 463 461 454 452
1 3 451 464 461 463
1 3 464 465 462 461
1 3 466 467 465 464
1 3 468 469 467 466
1 3 470 468 466 471
1 3 471 466 464 451
1 3 472 471 451 473
1 3 423 472 473 424
1 3 419 474 472 423
1 3 474 470 471 472
1 3 475 476 470 474
1 3 418 475 474 419
1 3 361 359 475 418
1 3 359 357 476 475
1 3 357 353 477 476
1 3 476 477 468 470
1 3 477 478 469 468
1 3 353 350 478 477
1 3 350 348 479 469
1 3 469 479 480 465
1 3 479 481 482 480
1 3 348 346 481 479
1 3 346 340 483 482
1 3 482 483 484 485
1 3 486 487 485 488
1 3 480 482 487 486
1 3 465 480 486 460
1 3 460 486 488 459
1 3 459 488 489 490
1 3 490 489 491 492
1 3 489 493 494 491
1 3 488 485 493 489
1 3 485 495 496 493
1 3 495 484 497 496
1 3 496 497 498 499
1 3 493 496 499 494
1 3 494 499 500 501
1 3 499 498 502 500
1 3 500 502 503 504
1 3 501 500 504 505
1 3 506 501 505 507
1 3 491 494 501 506
1 3 492 491 506 508
1 3 508 506 507 509
1 3 510 508 509 511
1 3 512 510 511 513
1 3 514 515 510 512
1 3 515 492 508 510
1 3 516 490 492 515
1 3 453 459 490 516
1 3 447 453 516 517
1 3 517 516 515 514
1 3 518 519 514 520
1 3 521 518 520 522
1 3 523 524 518 521
1 3 524 517 519 518
1 3 525 526 517 524
1 3 445 447 526 525
1 3 442 445 525 527
1 3 527 525 524 523
1 3 528 527 523 529
1 3 439 442 527 528
1 3 440 439 528 530
1 3 530 528 529 531
1 3 531 529 532 533
1 3 529 523 521 532
1 3 532 521 522 534
1 3 533 532 534 535
1 3 535 534 536 537
1 3 537 536 538 539
1 3 536 540 541 538
1 3 534 522 540 536
1 3 522 520 542 540
1 3 520 514 543 542
1 3 542 543 512 544
1 3 540 542 544 541
1 3 541 544 545 546
1 3 544 512 547 545
1 3 545 547 513 548
1 3 546 545 548 549
1 3 550 546 549 551
1 3 538 541 546 550
1 3 539 538 550 552
1 3 552 550 551 553
1 3 554 552 553 555
1 3 556 554 555 557
1 3 558 559 554 556
1 3 559 539 552 554
1 3 560 537 539 559
1 3 561 535 537 560
1 3 562 561 560 563
1 3 563 560 559 558
1 3 564 563 558 565
1 3 566 562 563 564
1 3 567 566 564 568
1 3 568 564 565 569
1 3 569 565 570 571
1 3 565 558 556 570
1 3 570 556 557 572
1 3 571 570 572 573
1 3 574 569 573 575
1 3 576 574 575 577
1 3 578 579 574 576
1 3 579 567 569 574
1 3 580 581 567 582
1 3 583 584 581 580
1 3 585 583 580 586
1 3 586 580 582 579
1 3 587 585 579 578
1 3 588 589 585 587
1 3 589 590 591 592
1 3 592 591 583 585
1 3 591 593 584 583
1 3 590 594 593 591
1 3 594 595 596 593
1 3 595 597 598 596
1 3 596 598 599 600
1 3 593 596 600 584
1 3 584 600 601 581
1 3 581 601 566 567
1 3 601 602 562 566
1 3 600 599 602 601
1 3 599 603 604 602
1 3 602 604 561 562
1 3 604 533 535 561
1 3 603 531 533 604
1 3 605 530 531 603
1 3 598 605 603 599
1 3 597 606 605 598
1 3 606 440 530 605
1 3 607 438 440 606
1 3 608 436 438 607
1 3 609 608 607 610
1 3 610 607 606 597
1 3 611 610 597 595
1 3 612 611 595 594
1 3 613 614 611 612
1 3 614 609 610 611
1 3 615 616 609 614
1 3 617 615 614 613
1 3 618 619 615 617
1 3 619 620 616 615
1 3 620 621 622 616
1 3 616 622 608 609
1 3 622 432 436 608
1 3 621 430 432 622
1 3 623 429 430 621
1 3 624 623 621 620
1 3 625 626 623 624
1 3 626 414 429 623
1 3 627 412 414 626
1 3 116 118 412 627
1 3 113 116 627 628
1 3 628 627 626 625
1 3 629 628 625 630
1 3 111 113 628 629
1 3 100 111 629 631
1 3 631 629 630 632
1 3 632 630 633 634
1 3 630 625 624 633
1 3 633 624 620 619
1 3 634 633 619 618
1 3 635 632 618 636
1 3 95 100 632 635
1 3 56 95 635 637
1 3 637 635 636 638
1 3 638 636 639 640
1 3 636 618 613 639
1 3 639 613 594 589
1 3 640 639 589 588
1 3 641 640 588 642
1 3 643 644 642 645
1 3 646 643 645 647
1 3 648 649 643 646
1 3 649 641 644 643
1 3 650 651 641 649
1 3 652 650 649 648
1 3 653 654 650 652
1 3 654 655 651 650
1 3 655 638 640 641
1 3 656 637 638 655
1 3 54 56 637 656
1 3 657 658 656 659
1 3 53 54 658 657
1 3 52 53 657 660
1 3 660 657 659 661
1 3 661 659 662 663
1 3 659 656 664 662
1 3 662 664 655 654
1 3 663 662 654 653
1 3 665 663 653 666
1 3 667 665 666 668
1 3 669 670 665 667
1 3 670 661 663 665
1 3 671 660 661 670
1 3 51 52 660 671
1 3 50 51 671 672
1 3 672 671 670 669
1 3 673 672 669 674
1 3 49 50 672 673
1 3 42 49 673 41
1 3 41 673 674 40
1 3 40 674 675 39
1 3 674 669 667 675
1 3 675 667 668 676
1 3 39 675 676 38
1 3 38 676 677 37
1 3 37 677 678 36
1 3 677 679 680 678
1 3 676 668 679 677
1 3 668 666 681 679
1 3 666 653 652 681
1 3 681 652 648 682
1 3 679 681 682 680
1 3 680 682 683 684
1 3 682 648 646 683
1 3 683 646 647 685
1 3 684 683 685 686
1 3 687 684 686 688
1 3 678 680 684 687
1 3 36 678 687 35
1 3 35 687 688 34
1 3 34 688 689 33
1 3 688 686 690 689
1 3 689 690 691 692
1 3 33 689 692 32
1 3 32 692 693 31
1 3 31 693 694 30
1 3 693 695 696 694
1 3 692 691 695 693
1 3 691 697 698 695
1 3 695 698 699 696
1 3 698 700 701 699
1 3 697 702 700 698
1 3 703 704 702 697
1 3 690 703 697 691
1 3 686 685 703 690
1 3 685 647 704 703
1 3 647 645 705 704
1 3 704 705 706 702
1 3 705 707 708 706
1 3 645 642 707 705
1 3 642 709 710 707
1 3 709 588 711 710
1 3 710 711 587 712
1 3 707 710 712 708
1 3 708 712 713 714
1 3 712 587 715 713
1 3 713 715 578 716
1 3 714 713 716 717
1 3 718 714 717 719
1 3 706 708 714 718
1 3 702 706 718 700
1 3 700 718 719 701
1 3 701 719 720 721
1 3 721 720 722 723
1 3 720 724 725 722
1 3 719 717 724 720
1 3 717 578 576 725
1 3 725 576 577 726
1 3 727 728 726 729
1 3 722 725 728 727
1 3 723 722 727 730
1 3 730 727 729 731
1 3 732 730 731 733
1 3 734 732 733 735
1 3 736 737 732 734
1 3 737 723 730 732
1 3 738 721 723 737
1 3 699 701 721 738
1 3 696 699 738 739
1 3 739 738 737 736
1 3 740 739 736 741
1 3 694 696 739 740
1 3 30 694 740 29
1 3 29 740 741 28
1 3 28 741 742 26
1 3 741 736 734 742
1 3 742 734 735 743
1 3 26 742 743 27
1 3 27 731 744 745
1 3 731 577 746 744
1 3 744 746 747 748
1 3 745 744 748 749
1 3 749 747 750 751
1 3 747 752 753 750
1 3 577 553 752 747
1 3 553 509 754 752
1 3 509 503 755 754
1 3 754 755 756 757
1 3 752 754 757 753
1 3 753 756 1 2
1 3 758 759 2 3
1 3 750 753 759 758
1 3 751 750 758 760
1 3 760 758 3 4
1 3 761 760 4 5
1 3 762 761 5 6
1 3 763 764 761 762
1 3 764 751 760 761
1 3 765 749 751 764
1 3 766 745 749 767
1 3 25 27 745 766
1 3 24 25 766 768
1 3 768 766 767 765
1 3 23 24 765 769
1 3 769 765 764 763
1 3 770 769 763 771
1 3 21 23 769 770
1 3 22 21 770 772
1 3 772 770 771 773
1 3 773 771 774 775
1 3 771 763 762 774
1 3 774 762 6 7
1 3 775 774 7 8
1 3 776 773 8 9
1 3 777 776 9 10
1 3 778 779 776 777
1 3 779 22 773 776
1 3 780 20 22 779
1 3 13 14 20 780
1 3 12 13 780 781
1 3 781 780 779 778
1 3 11 12 778 782
1 3 782 778 10 0

boundary
101
2 1 15 295
2 1 295 296
2 1 296 326
2 1 326 327
2 1 327 339
2 1 339 340
2 1 340 483
2 1 483 484
2 1 484 497
2 1 497 498
2 1 498 502
2 1 502 503
2 1 503 755
2 1 755 756
2 1 756 1
20 1 64 66
20 1 61 63
20 1 63 64
20 1 62 61
20 1 66 65
20 1 60 62
20 1 59 60
20 1 58 59
20 1 57 58
20 1 55 57
20 1 56 55
20 1 46 45
20 1 45 44
20 1 44 43
20 1 43 19
20 1 53 54
20 1 52 53
20 1 51 52
20 1 50 51
20 1 49 50
20 1 42 49
20 1 41 42
20 1 40 41
20 1 39 40
20 1 38 39
20 1 37 38
20 1 36 37
20 1 35 36
20 1 34 35
20 1 33 34
20 1 32 33
20 1 31 32
20 1 30 31
20 1 29 30
20 1 28 29
20 1 26 28
20 1 27 26
20 1 1 2
20 1 2 3
20 1 3 4
20 1 4 5
20 1 5 6
20 1 22 21
20 1 6 7
20 1 7 8
20 1 8 9
20 1 9 10
20 1 13 14
20 1 12 13
20 1 11 12
20 1 10 0
20 1 54 56
20 1 25 27
20 1 24 25
20 1 23 24
20 1 21 23
20 1 20 22
20 1 14 20
20 1 782 11
20 1 0 782
20 1 294 15
20 1 293 294
20 1 277 293
20 1 275 277
20 1 16 275
20 1 272 16
20 1 271 272
20 1 270 271
20 1 212 270
20 1 210 212
20 1 209 210
20 1 204 209
20 1 17 204
20 1 203 17
20 1 191 203
20 1 189 191
20 1 18 189
20 1 186 18
20 1 185 186
20 1 184 185
20 1 19 184
20 1 169 46
20 1 47 169
20 1 165 47
20 1 48 165
20 1 65 48

vertices
783
2
1.875 0.125
2 0.125
1.984375 0.125
1.9765625 0.125
1.96875 0.125
1.9609375 0.125
1.953125 0.125
1.9453125 0.125
1.9375 0.125
1.921875 0.125
1.90625 0.125
1.875 0.0625
1.90625 0.0625
1.921875 0.0625
1.9375 0.0625
2 0.0625
1.9921875 0.0625
1.984375 0.0625
1.9804688 0.0625
1.9765625 0.0625
1.9375 0.078125
1.9453125 0.09375
1.9375 0.09375
1.953125 0.09375
1.9609375 0.09375
1.9648438 0.09375
1.96875 0.092773438
1.96875 0.09375
1.96875 0.091796875
1.96875 0.090820312
1.96875 0.08984375
1.96875 0.088867188
1.96875 0.087890625
1.96875 0.086914062
1.96875 0.0859375
1.96875 0.084960938
1.96875 0.083984375
1.96875 0.083007812
1.96875 0.08203125
1.96875 0.081054688
1.96875 0.080078125
1.96875 0.079101562
1.96875 0.078125
1.9765625 0.063476562
1.9765625 0.064453125
1.9765625 0.065429688
1.9765625 0.06640625
1.9765625 0.068359375
1.9765625 0.0703125
1.9697266 0.078125
1.9707031 0.078125
1.9716797 0.078125
1.9726562 0.078125
1.9736328 0.078125
1.9746094 0.078125
1.9765625 0.077148438
1.9765625 0.078125
1.9765625 0.076171875
1.9765625 0.075195312
1.9765625 0.07421875
1.9765625 0.073242188
1.9755859 0.072265625
1.9765625 0.072265625
1.9746094 0.072265625
1.9746094 0.071289062
1.9755859 0.0703125
1.9755859 0.071289062
1.9765625 0.071289062
1.9775391 0.0703125
1.9775391 0.071289062
1.9775391 0.072265625
1.9785156 0.071289062
1.9785156 0.072265625
1.9785156 0.0703125
1.9794922 0.0703125
1.9794922 0.071289062
1.9804688 0.0703125
1.9804688 0.071289062
1.9804688 0.072265625
1.9794922 0.072265625
1.9794922 0.073242188
1.9785156 0.073242188
1.9804688 0.073242188
1.9804688 0.07421875
1.9794922 0.07421875
1.9785156 0.07421875
1.9775391 0.073242188
1.9775391 0.07421875
1.9775391 0.075195312
1.9785156 0.075195312
1.9785156 0.076171875
1.9775391 0.076171875
1.9775391 0.077148438
1.9775391 0.078125
1.9785156 0.077148438
1.9785156 0.078125
1.9794922 0.076171875
1.9794922 0.077148438
1.9794922 0.078125
1.9804688 0.077148438
1.9804688 0.078125
1.9804688 0.076171875
1.9794922 0.075195312
1.9804688 0.075195312
1.9814453 0.07421875
1.9814453 0.075195312
1.9824219 0.07421875
1.9824219 0.075195312
1.9824219 0.076171875
1.9814453 0.076171875
1.9814453 0.077148438
1.9814453 0.078125
1.9824219 0.077148438
1.9824219 0.078125
1.9833984 0.076171875
1.9833984 0.077148438
1.9833984 0.078125
1.984375 0.077148438
1.984375 0.078125
1.984375 0.076171875
1.9833984 0.075195312
1.984375 0.075195312
1.9833984 0.07421875
1.984375 0.07421875
1.9833984 0.073242188
1.984375 0.073242188
1.9833984 0.072265625
1.984375 0.072265625
1.9824219 0.072265625
1.9824219 0.073242188
1.9814453 0.073242188
1.9814453 0.072265625
1.9814453 0.071289062
1.9824219 0.071289062
1.9814453 0.0703125
1.9824219 0.0703125
1.9833984 0.0703125
1.9833984 0.071289062
1.984375 0.071289062
1.984375 0.0703125
1.9833984 0.069335938
1.984375 0.069335938
1.9824219 0.069335938
1.9824219 0.068359375
1.9833984 0.068359375
1.984375 0.068359375
1.9833984 0.067382812
1.984375 0.067382812
1.9833984 0.06640625
1.984375 0.06640625
1.9824219 0.06640625
1.9824219 0.067382812
1.9814453 0.067382812
1.9814453 0.068359375
1.9814453 0.06640625
1.9804688 0.06640625
1.9804688 0.067382812
1.9804688 0.068359375
1.9814453 0.069335938
1.9804688 0.069335938
1.9794922 0.069335938
1.9794922 0.068359375
1.9785156 0.068359375
1.9785156 0.069335938
1.9775391 0.069335938
1.9765625 0.069335938
1.9775391 0.068359375
1.9775391 0.067382812
1.9785156 0.067382812
1.9765625 0.067382812
1.9775391 0.06640625
1.9785156 0.06640625
1.9794922 0.06640625
1.9794922 0.067382812
1.9794922 0.065429688
1.9804688 0.065429688
1.9794922 0.064453125
1.9804688 0.064453125
1.9785156 0.064453125
1.9785156 0.065429688
1.9775391 0.065429688
1.9775391 0.064453125
1.9775391 0.063476562
1.9785156 0.063476562
1.9775391 0.0625
1.9785156 0.0625
1.9794922 0.0625
1.9794922 0.063476562
1.9804688 0.063476562
1.9814453 0.0625
1.9814453 0.063476562
1.9824219 0.0625
1.9824219 0.063476562
1.9824219 0.064453125
1.9814453 0.064453125
1.9814453 0.065429688
1.9824219 0.065429688
1.9833984 0.064453125
1.9833984 0.065429688
1.984375 0.065429688
1.984375 0.064453125
1.9833984 0.063476562
1.984375 0.063476562
1.9833984 0.0625
1.9853516 0.0625
1.9853516 0.063476562
1.9853516 0.064453125
1.9863281 0.063476562
1.9863281 0.064453125
1.9863281 0.0625
1.9873047 0.0625
1.9873047 0.063476562
1.9882812 0.0625
1.9882812 0.063476562
1.9882812 0.064453125
1.9873047 0.064453125
1.9873047 0.065429688
1.9863281 0.065429688
1.9882812 0.065429688
1.9882812 0.06640625
1.9873047 0.06640625
1.9863281 0.06640625
1.9853516 0.065429688
1.9853516 0.06640625
1.9853516 0.067382812
1.9863281 0.067382812
1.9863281 0.068359375
1.9853516 0.068359375
1.9853516 0.069335938
1.9853516 0.0703125
1.9863281 0.069335938
1.9863281 0.0703125
1.9873047 0.068359375
1.9873047 0.069335938
1.9873047 0.0703125
1.9882812 0.069335938
1.9882812 0.0703125
1.9882812 0.068359375
1.9873047 0.067382812
1.9882812 0.067382812
1.9892578 0.06640625
1.9892578 0.067382812
1.9902344 0.06640625
1.9902344 0.067382812
1.9902344 0.068359375
1.9892578 0.068359375
1.9892578 0.069335938
1.9892578 0.0703125
1.9902344 0.069335938
1.9902344 0.0703125
1.9912109 0.068359375
1.9912109 0.069335938
1.9912109 0.0703125
1.9921875 0.069335938
1.9921875 0.0703125
1.9921875 0.068359375
1.9912109 0.067382812
1.9921875 0.067382812
1.9912109 0.06640625
1.9921875 0.06640625
1.9912109 0.065429688
1.9921875 0.065429688
1.9912109 0.064453125
1.9921875 0.064453125
1.9902344 0.064453125
1.9902344 0.065429688
1.9892578 0.065429688
1.9892578 0.064453125
1.9892578 0.063476562
1.9902344 0.063476562
1.9892578 0.0625
1.9902344 0.0625
1.9912109 0.0625
1.9912109 0.063476562
1.9921875 0.063476562
1.9931641 0.0625
1.9931641 0.063476562
1.9941406 0.0625
1.9941406 0.063476562
1.9941406 0.064453125
1.9931641 0.064453125
1.9931641 0.065429688
1.9931641 0.06640625
1.9941406 0.065429688
1.9941406 0.06640625
1.9951172 0.064453125
1.9951172 0.065429688
1.9951172 0.06640625
1.9960938 0.065429688
1.9960938 0.06640625
1.9960938 0.064453125
1.9951172 0.063476562
1.9960938 0.063476562
1.9951172 0.0625
1.9960938 0.0625
2 0.06640625
2 0.0703125
1.9960938 0.0703125
1.9951172 0.069335938
1.9960938 0.069335938
1.9951172 0.0703125
1.9941406 0.069335938
1.9941406 0.0703125
1.9941406 0.068359375
1.9951172 0.068359375
1.9960938 0.068359375
1.9951172 0.067382812
1.9960938 0.067382812
1.9941406 0.067382812
1.9931641 0.067382812
1.9931641 0.068359375
1.9931641 0.069335938
1.9931641 0.0703125
1.9941406 0.072265625
1.9921875 0.072265625
1.9941406 0.07421875
1.9921875 0.07421875
1.9960938 0.072265625
1.9960938 0.07421875
1.9970703 0.0703125
1.9970703 0.071289062
1.9960938 0.071289062
1.9970703 0.072265625
1.9980469 0.071289062
1.9980469 0.072265625
1.9980469 0.0703125
2 0.072265625
2 0.07421875
1.9980469 0.07421875
1.9970703 0.073242188
1.9980469 0.073242188
1.9970703 0.07421875
1.9960938 0.073242188
1.9970703 0.075195312
1.9960938 0.075195312
1.9970703 0.076171875
1.9960938 0.076171875
1.9980469 0.075195312
1.9980469 0.076171875
2 0.076171875
2 0.078125
1.9980469 0.078125
1.9970703 0.077148438
1.9980469 0.077148438
1.9970703 0.078125
1.9960938 0.077148438
1.9960938 0.078125
1.9941406 0.076171875
1.9941406 0.078125
1.9921875 0.076171875
1.9921875 0.078125
1.9912109 0.077148438
1.9921875 0.077148438
1.9912109 0.078125
1.9912109 0.076171875
1.9902344 0.076171875
1.9902344 0.077148438
1.9902344 0.078125
1.9892578 0.077148438
1.9892578 0.078125
1.9882812 0.077148438
1.9882812 0.078125
1.9882812 0.076171875
1.9892578 0.076171875
1.9892578 0.075195312
1.9902344 0.075195312
1.9882812 0.075195312
1.9882812 0.07421875
1.9892578 0.07421875
1.9902344 0.07421875
1.9912109 0.07421875
1.9912109 0.075195312
1.9921875 0.075195312
1.9912109 0.073242188
1.9921875 0.073242188
1.9902344 0.073242188
1.9902344 0.072265625
1.9912109 0.072265625
1.9912109 0.071289062
1.9921875 0.071289062
1.9902344 0.071289062
1.9892578 0.071289062
1.9892578 0.072265625
1.9882812 0.071289062
1.9882812 0.072265625
1.9892578 0.073242188
1.9882812 0.073242188
1.9873047 0.073242188
1.9873047 0.07421875
1.9863281 0.073242188
1.9863281 0.07421875
1.9863281 0.072265625
1.9873047 0.072265625
1.9873047 0.071289062
1.9863281 0.071289062
1.9853516 0.071289062
1.9853516 0.072265625
1.9853516 0.073242188
1.9853516 0.07421875
1.9853516 0.075195312
1.9853516 0.076171875
1.9863281 0.075195312
1.9863281 0.076171875
1.9873047 0.075195312
1.9873047 0.076171875
1.9873047 0.077148438
1.9863281 0.077148438
1.9873047 0.078125
1.9863281 0.078125
1.9853516 0.077148438
1.9853516 0.078125
1.9853516 0.079101562
1.984375 0.079101562
1.9853516 0.080078125
1.984375 0.080078125
1.9863281 0.079101562
1.9863281 0.080078125
1.9873047 0.079101562
1.9882812 0.079101562
1.9882812 0.080078125
1.9873047 0.080078125
1.9873047 0.081054688
1.9863281 0.081054688
1.9882812 0.081054688
1.9882812 0.08203125
1.9873047 0.08203125
1.9863281 0.08203125
1.9853516 0.081054688
1.9853516 0.08203125
1.984375 0.081054688
1.984375 0.08203125
1.9853516 0.083007812
1.984375 0.083007812
1.9863281 0.083007812
1.9863281 0.083984375
1.9853516 0.083984375
1.984375 0.083984375
1.9853516 0.084960938
1.984375 0.084960938
1.9853516 0.0859375
1.984375 0.0859375
1.9863281 0.084960938
1.9863281 0.0859375
1.9873047 0.083984375
1.9873047 0.084960938
1.9873047 0.0859375
1.9882812 0.084960938
1.9882812 0.0859375
1.9882812 0.083984375
1.9873047 0.083007812
1.9882812 0.083007812
1.9902344 0.08203125
1.9902344 0.083984375
1.9902344 0.0859375
1.9912109 0.083984375
1.9912109 0.084960938
1.9902344 0.084960938
1.9912109 0.0859375
1.9921875 0.084960938
1.9921875 0.0859375
1.9921875 0.083984375
1.9912109 0.083007812
1.9921875 0.083007812
1.9902344 0.083007812
1.9912109 0.08203125
1.9921875 0.08203125
1.9912109 0.081054688
1.9921875 0.081054688
1.9912109 0.080078125
1.9921875 0.080078125
1.9902344 0.080078125
1.9902344 0.081054688
1.9892578 0.081054688
1.9892578 0.08203125
1.9892578 0.080078125
1.9892578 0.079101562
1.9902344 0.079101562
1.9912109 0.079101562
1.9921875 0.079101562
1.9941406 0.080078125
1.9941406 0.08203125
1.9960938 0.080078125
1.9960938 0.08203125
2 0.08203125
2 0.0859375
1.9960938 0.0859375
1.9941406 0.083984375
1.9960938 0.083984375
1.9941406 0.0859375
1.9941406 0.087890625
1.9921875 0.087890625
1.9941406 0.08984375
1.9921875 0.08984375
1.9960938 0.087890625
1.9960938 0.08984375
1.9980469 0.0859375
1.9980469 0.087890625
2 0.087890625
2 0.08984375
1.9980469 0.08984375
1.9980469 0.091796875
1.9960938 0.091796875
2 0.091796875
2 0.09375
1.9980469 0.09375
1.9960938 0.09375
1.9941406 0.091796875
1.9941406 0.09375
1.9921875 0.091796875
1.9921875 0.09375
1.9902344 0.091796875
1.9902344 0.09375
1.9882812 0.091796875
1.9882812 0.09375
1.9882812 0.08984375
1.9902344 0.08984375
1.9902344 0.087890625
1.9882812 0.087890625
1.9873047 0.088867188
1.9882812 0.088867188
1.9873047 0.08984375
1.9863281 0.088867188
1.9863281 0.08984375
1.9863281 0.087890625
1.9873047 0.087890625
1.9873047 0.086914062
1.9882812 0.086914062
1.9863281 0.086914062
1.9853516 0.086914062
1.9853516 0.087890625
1.984375 0.086914062
1.984375 0.087890625
1.9853516 0.088867188
1.984375 0.088867188
1.9853516 0.08984375
1.984375 0.08984375
1.9853516 0.090820312
1.984375 0.090820312
1.9853516 0.091796875
1.984375 0.091796875
1.9863281 0.090820312
1.9863281 0.091796875
1.9873047 0.090820312
1.9882812 0.090820312
1.9873047 0.091796875
1.9873047 0.092773438
1.9863281 0.092773438
1.9882812 0.092773438
1.9873047 0.09375
1.9863281 0.09375
1.9853516 0.092773438
1.9853516 0.09375
1.984375 0.092773438
1.984375 0.09375
1.9833984 0.092773438
1.9833984 0.09375
1.9824219 0.092773438
1.9824219 0.09375
1.9824219 0.091796875
1.9833984 0.091796875
1.9833984 0.090820312
1.9833984 0.08984375
1.9824219 0.08984375
1.9824219 0.090820312
1.9814453 0.090820312
1.9814453 0.091796875
1.9814453 0.08984375
1.9804688 0.08984375
1.9804688 0.090820312
1.9804688 0.091796875
1.9814453 0.092773438
1.9804688 0.092773438
1.9814453 0.09375
1.9804688 0.09375
1.9785156 0.091796875
1.9785156 0.09375
1.9765625 0.091796875
1.9765625 0.09375
1.9765625 0.08984375
1.9785156 0.08984375
1.9794922 0.088867188
1.9804688 0.088867188
1.9794922 0.08984375
1.9794922 0.087890625
1.9804688 0.087890625
1.9785156 0.087890625
1.9785156 0.088867188
1.9765625 0.087890625
1.9765625 0.0859375
1.9785156 0.0859375
1.9794922 0.0859375
1.9794922 0.086914062
1.9785156 0.086914062
1.9804688 0.086914062
1.9804688 0.0859375
1.9814453 0.0859375
1.9814453 0.086914062
1.9824219 0.0859375
1.9824219 0.086914062
1.9824219 0.087890625
1.9814453 0.087890625
1.9814453 0.088867188
1.9824219 0.088867188
1.9833984 0.087890625
1.9833984 0.088867188
1.9833984 0.086914062
1.9833984 0.0859375
1.9833984 0.084960938
1.9833984 0.083984375
1.9824219 0.083984375
1.9824219 0.084960938
1.9814453 0.084960938
1.9804688 0.084960938
1.9804688 0.083984375
1.9814453 0.083984375
1.9814453 0.083007812
1.9824219 0.083007812
1.9804688 0.083007812
1.9804688 0.08203125
1.9814453 0.08203125
1.9824219 0.08203125
1.9833984 0.08203125
1.9833984 0.083007812
1.9833984 0.081054688
1.9824219 0.081054688
1.9824219 0.080078125
1.9833984 0.080078125
1.9833984 0.079101562
1.9824219 0.079101562
1.9814453 0.079101562
1.9814453 0.080078125
1.9804688 0.079101562
1.9804688 0.080078125
1.9814453 0.081054688
1.9804688 0.081054688
1.9785156 0.080078125
1.9785156 0.08203125
1.9765625 0.080078125
1.9765625 0.08203125
1.9785156 0.083984375
1.9765625 0.083984375
1.9746094 0.083984375
1.9746094 0.0859375
1.9736328 0.084960938
1.9746094 0.084960938
1.9736328 0.0859375
1.9726562 0.084960938
1.9726562 0.0859375
1.9726562 0.083984375
1.9736328 0.083984375
1.9736328 0.083007812
1.9746094 0.083007812
1.9726562 0.083007812
1.9726562 0.08203125
1.9736328 0.08203125
1.9746094 0.08203125
1.9746094 0.080078125
1.9736328 0.079101562
1.9746094 0.079101562
1.9736328 0.080078125
1.9726562 0.079101562
1.9726562 0.080078125
1.9736328 0.081054688
1.9726562 0.081054688
1.9746094 0.081054688
1.9716797 0.081054688
1.9716797 0.08203125
1.9707031 0.081054688
1.9707031 0.08203125
1.9707031 0.080078125
1.9716797 0.080078125
1.9716797 0.079101562
1.9707031 0.079101562
1.9697266 0.079101562
1.9697266 0.080078125
1.9697266 0.081054688
1.9697266 0.08203125
1.9697266 0.083007812
1.9697266 0.083984375
1.9707031 0.083007812
1.9707031 0.083984375
1.9716797 0.083007812
1.9716797 0.083984375
1.9716797 0.084960938
1.9707031 0.084960938
1.9716797 0.0859375
1.9707031 0.0859375
1.9697266 0.084960938
1.9697266 0.0859375
1.9697266 0.086914062
1.9707031 0.086914062
1.9707031 0.087890625
1.9697266 0.087890625
1.9697266 0.088867188
1.9697266 0.08984375
1.9707031 0.088867188
1.9707031 0.08984375
1.9716797 0.087890625
1.9716797 0.088867188
1.9716797 0.08984375
1.9726562 0.088867188
1.9726562 0.08984375
1.9726562 0.087890625
1.9716797 0.086914062
1.9726562 0.086914062
1.9736328 0.086914062
1.9736328 0.087890625
1.9746094 0.086914062
1.9746094 0.087890625
1.9755859 0.0859375
1.9755859 0.086914062
1.9765625 0.086914062
1.9755859 0.087890625
1.9755859 0.088867188
1.9746094 0.088867188
1.9765625 0.088867188
1.9755859 0.08984375
1.9746094 0.08984375
1.9736328 0.088867188
1.9736328 0.08984375
1.9736328 0.090820312
1.9726562 0.090820312
1.9736328 0.091796875
1.9726562 0.091796875
1.9746094 0.090820312
1.9746094 0.091796875
1.9746094 0.09375
1.9736328 0.092773438
1.9746094 0.092773438
1.9736328 0.09375
1.9726562 0.092773438
1.9726562 0.09375
1.9716797 0.092773438
1.9716797 0.09375
1.9707031 0.092773438
1.9707031 0.09375
1.9707031 0.091796875
1.9716797 0.091796875
1.9716797 0.090820312
1.9707031 0.090820312
1.9697266 0.090820312
1.9697266 0.091796875
1.9697266 0.092773438
1.9697266 0.09375
1.9726562 0.09765625
1.96875 0.09765625
1.9765625 0.09765625
1.9765625 0.1015625
1.9726562 0.1015625
1.96875 0.1015625
1.9765625 0.109375
1.96875 0.109375
1.984375 0.1015625
1.984375 0.109375
1.9921875 0.1015625
2 0.1015625
2 0.109375
1.9921875 0.109375
1.9765625 0.1171875
1.984375 0.1171875
1.96875 0.1171875
1.9609375 0.1171875
1.953125 0.1171875
1.953125 0.109375
1.9609375 0.109375
1.9609375 0.1015625
1.9648438 0.09765625
1.9648438 0.1015625
1.9609375 0.09765625
1.953125 0.1015625
1.9453125 0.1015625
1.9453125 0.109375
1.9375 0.1015625
1.9375 0.109375
1.9453125 0.1171875
1.9375 0.1171875
1.921875 0.109375
1.90625 0.109375
1.90625 0.09375
1.921875 0.09375
1.921875 0.078125
1.90625 0.078125
1.875 0.09375
