FiniteElementSpace
FiniteElementCollection: L2_2D_P4
VDim: 1
Ordering: 0

0.006939247125141462
0.007109055398690743
0.00716454706676683
0.00691368017883002
0.006707008243788379
0.006822346332646859
0.006995991051706744
0.007178303567983918
0.007013536969500917
0.00677084861173949
0.006819723293434174
0.006863347992377548
0.007135824037833536
0.007106985957933444
0.00687210161207224
0.006942825370377314
0.006809907896160567
0.007085743399641033
0.007144178661544448
0.006939769209232114
0.007004500878766312
0.006804800938325022
0.007070113194881351
0.007150515680885984
0.006956141218529804
0.007302701725117733
0.007211388985482947
0.006957462710875412
0.006794829957810328
0.006852007192425415
0.007957778349098461
0.007847102627789078
0.007441066290502308
0.006956289950854596
0.006794737288728068
0.008411314671448972
0.008412981872204114
0.008139561222756405
0.007441023090240737
0.006957218403113679
0.007827659293479181
0.008137178057821593
0.008413136949842382
0.007847392254850699
0.007210829692360588
0.006995070599007881
0.007827444301189545
0.008411492634514718
0.007958341513265028
0.007302087441936199
0.006953340661761049
0.006937193155440517
0.006870262134600928
0.006770071077007454
0.006706854994865308
0.007149342588793107
0.007142905718720497
0.007105443755676957
0.007012008126318235
0.006912544455514522
0.00707085996025223
0.007086409546803052
0.007136157272088025
0.007177953236198931
0.007163749577988067
0.006804917022385314
0.0068101207373759
0.006863739003728928
0.006996373641046506
0.007109212971397636
0.007005321726737439
0.006943304089966709
0.006819852518328321
0.006822508288302976
0.006939442836256535
0.006684677801121268
0.006677714065788447
0.006769170565200277
0.006934743957926705
0.007021045662351832
0.006854396075459326
0.006747187647765595
0.006689823423272494
0.006800555554399342
0.006934924999823059
0.007133928790206751
0.00701318452773759
0.006790457978569791
0.006689806240138201
0.006769275954128216
0.00715933206749188
0.007181249430797261
0.007013658966645272
0.006747442938995838
0.006677621359522517
0.007025432996605852
0.007159400729479752
0.007134777586618402
0.006855185767951362
0.006684651716819244
