FiniteElementSpace
FiniteElementCollection: L2_2D_P4
VDim: 1
Ordering: 0

8.761651665106624e+140
-6.731906077352362e+140
-2.326507489583426e+141
-3.25013531901328e+141
-3.561882178158052e+141
-1.670396804980908e+142
-1.512986577385213e+142
-1.258976336205577e+142
-1.081960294656355e+142
-1.01992866816186e+142
9.745163165590176e+141
1.484353165939049e+142
1.813065488223704e+142
1.879599094613862e+142
1.852507783554939e+142
1.682953919559678e+142
1.019217277715216e+142
5.059903064899376e+140
-4.849643872703677e+141
-5.254892495253661e+141
3.832547524451995e+141
-4.920292165616449e+141
-2.235382572651885e+141
9.995072482204611e+141
1.315338480327153e+142
