FiniteElementSpace
FiniteElementCollection: L2_2D_P1
VDim: 1
Ordering: 0

2.351007843199366e+48
2.161562829613975e+48
-6.910558266623295e+48
-7.60345817177408e+48
2.037365717485224e+48
1.874163740783702e+48
-8.115823056128237e+48
-8.763926542409947e+48
-1.79247003408837e+49
-1.943111028168649e+49
-3.574869054982969e+49
-3.824788517846349e+49
-1.519038536306305e+49
-1.677545760378178e+49
-3.104616735135605e+49
-3.378306439105323e+49
-4.351428430674034e+49
-4.730400823303235e+49
-6.343298563507808e+49
-6.889690711464679e+49
-7.893988683357026e+49
-8.57485287301021e+49
-1.02459543625429e+50
-1.113847263070483e+50
-9.063675521633865e+49
-9.701605749405879e+49
-1.17797414875849e+50
-1.261726853207182e+50
-5.003766845533543e+49
-5.359238214250617e+49
-7.281478188733761e+49
-7.788333565861593e+49
-5.610648783438785e+49
-5.933935370722256e+49
-8.145092910406334e+49
-8.597923026880279e+49
-1.015238043762212e+50
-1.073191252403314e+50
-1.320910061555164e+50
-1.396599369283007e+50
-1.113245777278431e+50
-1.163807101826536e+50
-1.4488493659584e+50
-1.51408451819986e+50
-6.156556625244672e+49
-6.43806687067291e+49
-8.908615326551351e+49
-9.295217190073823e+49
-2.278485564644545e+49
-2.396791012639731e+49
-4.372004328964198e+49
-4.559624179104891e+49
-2.048649158558318e+49
-2.185582202098134e+49
-4.000345759659212e+49
-4.221324127401289e+49
1.764238705016973e+48
1.627449914909992e+48
-9.218530593119479e+48
-9.804465931114634e+48
1.533345881694567e+48
1.422495420282268e+48
-1.019452636305513e+49
-1.070065542762531e+49
1.345506014708238e+48
1.259985389259811e+48
-1.102003308058091e+49
-1.143062717918752e+49
-2.47435772293605e+49
-2.570148948848415e+49
-4.682680223286769e+49
-4.833068342308359e+49
-2.630219360981373e+49
-2.700604567159199e+49
-4.92663829653024e+49
-5.03654437217385e+49
1.20120350953283e+48
1.14048877505394e+48
-1.167434623807906e+49
-1.197674521460198e+49
1.10078750353192e+48
1.064504415695312e+48
-1.214116368866368e+49
-1.232624591642874e+49
1.044495926722222e+48
1.032425461621158e+48
-1.240902305164127e+49
-1.247132284682894e+49
-2.805301176454283e+49
-2.819759585122761e+49
-5.198020343524586e+49
-5.220514386629352e+49
-2.741555946014314e+49
-2.784553693321159e+49
-5.099456865139836e+49
-5.16642124644247e+49
-7.272619569503441e+49
-7.37769394934002e+49
-1.04159743378183e+50
-1.055435493821773e+50
-7.428609648438383e+49
-7.464069957366993e+49
-1.062040578583779e+50
-1.066688176469795e+50
-1.343601359901486e+50
-1.35009697612147e+50
-1.740143440061031e+50
-1.748086645158891e+50
-1.315082985137052e+50
-1.334271037719397e+50
-1.705158272902738e+50
-1.728793744028513e+50
-1.265770680613251e+50
-1.296794706079067e+50
-1.643841503500617e+50
-1.682566300004961e+50
-7.001669830446603e+49
-7.172482385708169e+49
-1.005728975541462e+50
-1.02844230232582e+50
-6.62532877868647e+49
-6.855610923156336e+49
-9.55122174860075e+49
-9.861824199348175e+49
-1.19765945215117e+50
-1.239225286390419e+50
-1.55761714439555e+50
-1.610372646758347e+50
-1.84739536229803e+50
-1.91357902955708e+50
-2.275430915690003e+50
-2.356915355979572e+50
-2.613650790041469e+50
-2.711984560543793e+50
-3.111486991097273e+50
-3.2304419281427e+50
-2.775535638685604e+50
-2.849871715090695e+50
-3.306965225470108e+50
-3.395409248518337e+50
-1.956107491166814e+50
-2.005817577238551e+50
-2.408977453674644e+50
-2.469125389694157e+50
-2.035274372169263e+50
-2.066195570269343e+50
-2.504430284927023e+50
-2.541246326609443e+50
-2.081280667520286e+50
-2.091783745256348e+50
-2.55900612517426e+50
-2.571392020566831e+50
-2.963439727973316e+50
-2.979299429917223e+50
-3.528306423274417e+50
-3.546617156450019e+50
-2.894150392975019e+50
-2.940668674944718e+50
-3.447631196688051e+50
-3.501978767328817e+50
-3.900316030069509e+50
-3.967329819738718e+50
-4.543182360216372e+50
-4.62060252545084e+50
-4.000249317432367e+50
-4.023188698420036e+50
-4.658276594164144e+50
-4.684409334134252e+50
-5.199953276987571e+50
-5.23207435502068e+50
-5.953324261005694e+50
-5.989529881363668e+50
-5.060419914511421e+50
-5.153885581595468e+50
-5.793875625511713e+50
-5.90093578061806e+50
-4.824086002358883e+50
-4.971635994303631e+50
-5.51828611493664e+50
-5.690766083035167e+50
-3.730176620952703e+50
-3.836595392089731e+50
-4.343330775086129e+50
-4.468702417943078e+50
-3.499472826605324e+50
-3.639307085827856e+50
-4.067917202447785e+50
-4.235077865368452e+50
-4.505646660986238e+50
-4.698272797409745e+50
-5.141926469856966e+50
-5.369823718528391e+50
-4.121638770751151e+50
-4.349772575829209e+50
-4.687256747223479e+50
-4.957312475323287e+50
-3.6899967907129e+50
-3.943402892925569e+50
-4.179145101056194e+50
-4.47721556688031e+50
-2.90025932757291e+50
-3.087773842025347e+50
-3.349435942775561e+50
-3.573767251648949e+50
-3.218997104452784e+50
-3.385951120443614e+50
-3.731080537238237e+50
-3.931559337836412e+50
-2.415391101929717e+50
-2.533639396963478e+50
-2.869570121674219e+50
-3.013901936855849e+50
-1.713410694354041e+50
-1.793484379524156e+50
-2.108426046914278e+50
-2.208319261481026e+50
-1.558643129844015e+50
-1.650014622800222e+50
-1.914232540306532e+50
-2.028865907377389e+50
-2.188002714032342e+50
-2.322028542744941e+50
-2.591778842240806e+50
-2.755410603354908e+50
-1.939124689440214e+50
-2.084589690450975e+50
-2.28925792944468e+50
-2.46590845150827e+50
-1.387714613557002e+50
-1.487771759116992e+50
-1.699980407793576e+50
-1.825317796932485e+50
-1.205500306960428e+50
-1.311474689033492e+50
-1.472848816339746e+50
-1.604847419999925e+50
-1.676730517690025e+50
-1.829092248091455e+50
-1.972677196359871e+50
-2.156333775883286e+50
-2.196565134020928e+50
-2.404503049705117e+50
-2.516627785498286e+50
-2.761448373891225e+50
-2.555404827744705e+50
-2.756566010921469e+50
-2.939528832135234e+50
-3.178394579161334e+50
-3.229215019657463e+50
-3.497389666502742e+50
-3.641299156560082e+50
-3.954030704236646e+50
-2.75672966268432e+50
-3.029892194010932e+50
-3.094821360907832e+50
-3.410449659543907e+50
