FiniteElementSpace
FiniteElementCollection: L2_2D_P1
VDim: 1
Ordering: 0

-3.345984927950091e+50
-3.69386641688117e+50
-3.693866416881158e+50
-4.089213417770902e+50
-3.949177788094686e+50
-4.2961103109337e+50
-4.380040710097573e+50
-4.778048345075931e+50
-4.698132783311856e+50
-5.134642351897247e+50
-5.134642351897229e+50
-5.627031646833622e+50
-3.949177788094682e+50
-4.380040710097594e+50
-4.296110310933754e+50
-4.778048345075936e+50
-4.546716847531953e+50
-5.066058793287597e+50
-4.879426098915771e+50
-5.450996983245429e+50
-5.114617251047561e+50
-5.723354881592385e+50
-5.417793857564373e+50
-6.076591087374303e+50
-6.177802591837965e+50
-6.809922363516029e+50
-6.569186224588243e+50
-7.256466360226877e+50
-5.451627862864398e+50
-5.985158155294894e+50
-5.876297765696532e+50
-6.467779099051441e+50
-6.374923077913919e+50
-6.900011096664941e+50
-6.900011096664903e+50
-7.481768917942461e+50
-7.273064300106028e+50
-7.894278378695534e+50
-7.759424247142924e+50
-8.431307790441566e+50
-8.338640366111628e+50
-8.908487653989209e+50
-8.908487653989089e+50
-9.491331203950965e+50
-7.273064300106091e+50
-7.759424247143057e+50
-7.89427837869556e+50
-8.431307790441732e+50
-6.177802591837934e+50
-6.569186224588202e+50
-6.809922363516037e+50
-7.256466360226957e+50
-5.451627862864402e+50
-5.876297765696472e+50
-5.985158155294857e+50
-6.467779099051426e+50
-4.54671684753191e+50
-4.879426098915798e+50
-5.066058793287659e+50
-5.450996983245463e+50
-5.11461725104763e+50
-5.417793857564599e+50
-5.723354881592451e+50
-6.076591087374341e+50
-5.625744873703117e+50
-5.88365348994569e+50
-6.318701586959281e+50
-6.620083725355209e+50
-6.838182846740178e+50
-7.172806620917493e+50
-7.561810306337792e+50
-7.943096949934405e+50
-7.391812112594769e+50
-7.648036563713952e+50
-8.190578792196643e+50
-8.479990323448044e+50
-6.052738654066785e+50
-6.251103695719341e+50
-6.816959655491744e+50
-7.047025073904369e+50
-6.370989606473892e+50
-6.497129424125811e+50
-7.185174509476087e+50
-7.328565747249234e+50
-6.559518745977719e+50
-6.603012760980306e+50
-7.399168325115334e+50
-7.447666346032212e+50
-8.043461348978403e+50
-8.098768077631883e+50
-8.922529139492191e+50
-8.983730920789065e+50
-7.802349323277953e+50
-7.963696258062183e+50
-8.653103019306695e+50
-8.833289541138028e+50
-9.258883694164958e+50
-9.446781020387583e+50
-1.0045105090451e+51
-1.023262813371147e+51
-9.537380383991822e+50
-9.600671412027278e+50
-1.0326450743212e+51
-1.038385669182477e+51
-1.062278448618949e+51
-1.064491491782941e+51
-1.097311426943582e+51
-1.102639680661973e+51
-1.046102183616787e+51
-1.05697158534132e+51
-1.079393665374134e+51
-1.092494870941332e+51
-1.002791261914305e+51
-1.032024982220937e+51
-1.051231293333061e+51
-1.072883905569333e+51
-8.769693485588335e+50
-9.076333039559263e+50
-9.523320939021905e+50
-9.853648728611167e+50
-8.091707989953181e+50
-8.503570896033361e+50
-8.791756683574392e+50
-9.241753465617463e+50
-9.288824270823312e+50
-9.751146313904225e+50
-9.869134258037322e+50
-1.029825091434318e+51
-1.025388037228611e+51
-1.063680699785814e+51
-1.063680699785814e+51
-1.075706008476561e+51
-1.078775850156428e+51
-1.069200833796332e+51
-1.088582661140786e+51
-1.043521043754643e+51
-1.060877737622148e+51
-9.694056462171655e+50
-9.694056462171402e+50
-6.187387306034884e+50
-1.07877585015642e+51
-1.088582661140783e+51
-1.069200833796322e+51
-1.043521043754662e+51
-1.085820894482802e+51
-1.067896550219077e+51
-9.925030759524032e+50
-8.826223984014392e+50
-1.042369229094601e+51
-1.020586671076482e+51
-8.083315170285365e+50
-7.596052938681116e+50
-5.049795100823438e+50
-4.718407752949202e+50
-9.387377741434241e+49
3.488519363475856e+50
-8.081882374883e+50
-5.937481900708033e+50
-3.322013157486409e+50
-1.732413934034722e+50
-2.283507681793712e+50
1.547256613755144e+51
1.547256613755111e+51
8.459378168236059e+51
4.48288214763147e+51
7.310910414695283e+51
1.259144164365442e+52
8.228322646689462e+51
4.972314193519452e+50
1.487011948234288e+52
1.487011948234284e+52
1.852062612238416e+53
4.482882147631427e+51
1.259144164365445e+52
7.310910414695315e+51
8.228322646689548e+51
-5.04979510082209e+50
-9.387377741444028e+49
-4.718407752947774e+50
3.488519363474187e+50
-8.081882374882327e+50
-3.32201315748613e+50
-5.937481900706693e+50
-1.73241393403493e+50
-1.085820894482786e+51
-9.925030759523541e+50
-1.067896550219017e+51
-8.826223984013506e+50
-1.042369229094537e+51
-8.083315170284258e+50
-1.020586671076441e+51
-7.596052938679773e+50
-1.062278448618991e+51
-1.097311426943575e+51
-1.064491491782969e+51
-1.102639680661943e+51
-9.537380383990916e+50
-1.03264507432118e+51
-9.60067141202627e+50
-1.038385669182439e+51
-9.258883694164198e+50
-1.004510509045059e+51
-9.446781020386662e+50
-1.023262813371128e+51
-1.046102183616811e+51
-1.079393665374173e+51
-1.056971585341371e+51
-1.092494870941348e+51
-1.002791261914275e+51
-1.051231293333073e+51
-1.032024982220939e+51
-1.072883905569366e+51
-9.288824270823063e+50
-9.869134258037166e+50
-9.751146313903842e+50
-1.029825091434305e+51
-8.091707989952955e+50
-8.791756683574076e+50
-8.503570896032942e+50
-9.241753465616954e+50
-8.769693485587795e+50
-9.523320939021282e+50
-9.076333039558539e+50
-9.85364872861069e+50
-7.391812112594653e+50
-8.190578792196354e+50
-7.64803656371367e+50
-8.479990323447615e+50
-6.838182846740188e+50
-7.561810306337649e+50
-7.172806620917443e+50
-7.943096949934154e+50
-5.625744873702894e+50
-6.318701586959307e+50
-5.883653489945528e+50
-6.620083725355297e+50
-6.052738654066716e+50
-6.816959655491895e+50
-6.251103695719452e+50
-7.047025073904461e+50
-6.370989606474034e+50
-7.185174509476138e+50
-6.497129424126012e+50
-7.328565747249059e+50
-7.80234932327755e+50
-8.653103019306254e+50
-7.963696258061574e+50
-8.833289541137542e+50
-8.043461348977689e+50
-8.922529139491727e+50
-8.098768077631051e+50
-8.983730920788578e+50
-6.559518745977868e+50
-7.399168325114985e+50
-6.603012760980385e+50
-7.44766634603156e+50
