FiniteElementSpace
FiniteElementCollection: L2_2D_P5
VDim: 1
Ordering: 0

0.0003744858261887699
0.0003746739655565867
0.0003749913168362081
0.0003752215516219996
0.0003752031741753151
0.0003751539692960976
0.0003757751845250652
0.000375739261882282
0.0003757072608718634
0.0003756718977557904
0.0003756529376549434
0.0003756930829402389
0.000376662487877645
0.0003765648460916836
0.0003764515834063845
0.0003764083576243697
0.0003764572454712471
0.0003765532079029084
0.0003777822753576402
0.0003777567596191616
0.0003778075601959044
0.0003780468822669817
0.0003785369281186604
0.0003790608847614328
0.0003811572676597078
0.0003811966034556999
0.0003814687592390082
0.0003821011705275321
0.000382869652590065
0.0003833928856523196
0.0003841592110761445
0.0003842108982148081
0.0003843543197541324
0.0003844246163780058
0.0003842595819691872
0.0003839992382850575
0.0003833690131895926
0.000383291824011365
0.0003829635034920204
0.000382360997779679
0.000381655574888975
0.0003811781224479544
0.0003806055607316149
0.0003806733640428268
0.000380894368020396
0.0003813721877826553
0.0003821385936010067
0.0003828489528721027
0.0003921120693257346
0.0003922713950878786
0.0003926674087553963
0.0003933092044049441
0.0003940007299529717
0.0003944475212992767
0.0003863199100285507
0.0003862594934260318
0.0003859962138239481
0.0003854432957161637
0.0003847493074607718
0.0003842253838396754
0.0004067140005148964
0.0004070626512302028
0.0004081575484638628
0.0004101811122210522
0.0004127564950064698
0.0004148427018380788
0.0005567259506759725
0.0005568029747669724
0.0005573171139788829
0.0005583854501896172
0.0005597010339129096
0.0005607406240780497
0.000380952353332343
0.0003805947564479455
0.0003804141450277683
0.0003812096608377374
0.0003835044423504317
0.0003861132399528399
0.000383270850003977
0.0003843159230265215
0.0003864421067593183
0.0003896236109757798
0.0003930544774931715
0.0003952935775083514
0.0003946475488304481
0.0003949861995079359
0.0003952953354767761
0.0003949938126020199
0.0003936994291298923
0.0003921794062936815
0.0003839478705511188
0.0003833613213766805
0.0003824277083051303
0.0003815741814416934
0.0003814453003197803
0.0003819914772872238
0.0004160218637837083
0.0004187222337205318
0.0004238214215303373
0.000431105430489747
0.0004391290400136018
0.0004450669637058603
0.0005613153582158147
0.0005625286512422574
0.0005646503578266384
0.0005673957608045725
0.000570102480439051
0.0005719445547269488
0.0003751593193264661
0.0003752565860700445
0.0003757494409504037
0.0003765380226631776
0.0003772787579715868
0.0003779809052412135
0.0003757381692675261
0.0003758895804008735
0.0003762404822053807
0.000376896971742602
0.0003781679781370983
0.0003796723980990291
0.0003766299165797581
0.0003768868229512337
0.000377665784750784
0.0003794318754038522
0.0003819464848915462
0.0003838991454775364
0.0003794015185087167
0.0003802528973499065
0.0003819396157469902
0.0003840004736794316
0.0003852628843335151
0.0003853166696033006
0.0003836485771581927
0.0003841023086759563
0.0003844475072142221
0.000384019064957017
0.0003828712741295934
0.0003819716229757599
0.0003838216339981538
0.0003833832028988956
0.0003825232966901537
0.0003815991966631513
0.0003815509289719187
0.0003825051210473114
