FiniteElementSpace
FiniteElementCollection: L2_2D_P1
VDim: 1
Ordering: 0

2.034783289465925e+17
-5.191892184690568e+17
2.20978426638561e+17
-4.59983592602414e+17
2.329128595632087e+17
-4.101295234864465e+17
2.520311363095895e+17
-3.489788714705391e+17
-9.132199699363146e+17
-1.947281042258743e+18
-7.85954340453681e+17
-1.702483600615788e+18
-1.143978822836105e+18
-2.365976670836647e+18
-1.013072786650175e+18
-2.128022496423069e+18
-3.323428729193723e+18
-4.849865055573081e+18
-3.00030020276614e+18
-4.38357456361455e+18
-6.036806390288291e+18
-7.832428918386653e+18
-5.458495868061665e+18
-7.078249796270667e+18
-5.028356355152636e+18
-6.520432654358894e+18
-4.443955076237059e+18
-5.762455832167293e+18
-2.757103422071777e+18
-4.035970078052463e+18
-2.426911162971669e+18
-3.563250886586784e+18
-2.182399757442703e+18
-3.216116388199548e+18
-1.853313318810689e+18
-2.74907176721527e+18
-4.015912220934632e+18
-5.210787218532832e+18
-3.440940464333804e+18
-4.468973847820827e+18
-3.026679586449981e+18
-3.938440495547649e+18
-2.476033770704329e+18
-3.232468794981957e+18
-1.614787658046648e+18
-2.411370292401998e+18
-1.298958855505276e+18
-1.962618473145386e+18
-4.752063180585332e+17
-1.106347354615195e+18
-3.634196834877259e+17
-8.772039306599633e+17
-6.881908890909978e+17
-1.521711466515729e+18
-5.680995977530061e+17
-1.279449649524744e+18
2.643900035524339e+17
-2.95706075737149e+17
2.843726027764808e+17
-2.324936326818436e+17
2.966473698754154e+17
-1.761861935209253e+17
3.162701177232659e+17
-1.10281499065011e+17
3.277529305462252e+17
-5.17561031776291e+16
3.452783923166717e+17
1.73895713847203e+16
-2.77032886721255e+17
-7.186800343112721e+17
-1.717747598288405e+17
-5.119842057811096e+17
-9.18099534937011e+16
-3.726188665127553e+17
1.124014365032708e+16
-1.926817875772166e+17
3.550062806455698e+17
7.635707024047331e+16
3.681389162550753e+17
1.482974140028332e+17
3.744791822937889e+17
2.045478002296376e+17
3.797611718669432e+17
2.759015690207063e+17
3.762146364461154e+17
3.226717284575797e+17
3.605780378628774e+17
3.762146364461964e+17
2.759015690209934e+17
2.045478002305034e+17
3.797611718672516e+17
3.744791822945331e+17
8.772360616009262e+16
-7.272611001704078e+16
1.952819059308204e+17
8.772360616064304e+16
-1.926817875770039e+17
-3.726188665125244e+17
1.124014365114712e+16
-9.180995349283677e+16
1.482974140042604e+17
7.63570702421153e+16
3.681389162561025e+17
3.550062806471547e+17
1.738957138639423e+16
-5.175610317647883e+16
3.452783923185569e+17
3.27752930548417e+17
-5.119842057812265e+17
-7.186800343117496e+17
-1.717747598282637e+17
-2.770328867214909e+17
-1.231484276631663e+18
-1.645660575135293e+18
-7.889597539243128e+17
-1.076139365470417e+18
-5.937587134993436e+17
-9.513291927251756e+17
-3.492524503552795e+17
-5.937587134992508e+17
-1.076139365470578e+18
-1.645660575135902e+18
-7.889597539241974e+17
-1.231484276631852e+18
-2.087670236044959e+18
-2.737817734603259e+18
-1.57833894657112e+18
-2.087670236044556e+18
-3.232468794981753e+18
-3.938440495547006e+18
-2.476033770703793e+18
-3.026679586449497e+18
-4.468973847819548e+18
-5.210787218531134e+18
-3.440940464332977e+18
-4.015912220932968e+18
-2.749071767214333e+18
-3.216116388198475e+18
-1.853313318808501e+18
-2.18239975744025e+18
-1.962618473144218e+18
-2.411370292400918e+18
-1.29895885550459e+18
-1.614787658044773e+18
-8.772039306606226e+17
-1.106347354614896e+18
-3.634196834882057e+17
-4.752063180590866e+17
-1.102814990642044e+17
-1.761861935204896e+17
3.162701177255313e+17
2.9664736987759e+17
-2.324936326814872e+17
-2.957060757368189e+17
2.84372602778474e+17
2.643900035542047e+17
-1.279449649523731e+18
-1.521711466513293e+18
-5.680995977532192e+17
-6.881908890906164e+17
-1.702483600612426e+18
-1.94728104225515e+18
-7.859543404525578e+17
-9.132199699340293e+17
-3.489788714701566e+17
-4.101295234857736e+17
2.520311363112671e+17
2.329128595647694e+17
-4.599835926015466e+17
-5.19189218467656e+17
2.209784266400907e+17
2.034783289480277e+17
-2.128022496419274e+18
-2.365976670833333e+18
-1.0130727866472e+18
-1.143978822832171e+18
-4.383574563611663e+18
-4.849865055569065e+18
-3.000300202764571e+18
-3.32342872919228e+18
-3.563250886585782e+18
-4.03597007805036e+18
-2.426911162969395e+18
-2.757103422070222e+18
-5.762455832165275e+18
-6.520432654357693e+18
-4.443955076234709e+18
-5.028356355149084e+18
-7.078249796270361e+18
-7.832428918387774e+18
-5.45849586805823e+18
-6.036806390285455e+18
-1.014063402269887e+19
-1.124327639797263e+19
-8.320134791577956e+18
-9.211500186061023e+18
-1.35126630067408e+19
-1.502689484367695e+19
-1.152345358268796e+19
-1.278960305741846e+19
-1.092711305973906e+19
-1.241235864104523e+19
-9.345773645691855e+18
-1.059757884362755e+19
-8.23640501382339e+18
-9.332104565632012e+18
-6.770685105095933e+18
-7.662640709071903e+18
-6.384911567152164e+18
-7.445674863549467e+18
-5.253607479121826e+18
-6.123005328413195e+18
-4.632966628475429e+18
-5.632297249620777e+18
-3.808790746931228e+18
-4.632966628475039e+18
-6.123005328413526e+18
-7.445674863549319e+18
-5.25360747912245e+18
-6.384911567152048e+18
-8.444705912371104e+18
-9.864795381838891e+18
-7.238606806118935e+18
-8.444705912370933e+18
-1.059757884362894e+19
-1.241235864104611e+19
-9.345773645692127e+18
-1.092711305973941e+19
-7.662640709071259e+18
-9.332104565632197e+18
-6.770685105096097e+18
-8.236405013822847e+18
-9.211500186060381e+18
-1.124327639797543e+19
-8.320134791577138e+18
-1.014063402269964e+19
-1.278960305742093e+19
-1.502689484367647e+19
-1.152345358268989e+19
-1.351266300674177e+19
-1.671532260339095e+19
-1.912094063262243e+19
-1.501069396113309e+19
-1.713141537250246e+19
-1.377563925545308e+19
-1.569953360958474e+19
-1.211294921099303e+19
-1.377563925545292e+19
-1.713141537250321e+19
-1.912094063262348e+19
-1.501069396113352e+19
-1.6715322603393e+19
-2.092044513261288e+19
-2.34458706222806e+19
-1.871425270431195e+19
-2.092044513261294e+19
