FiniteElementSpace
FiniteElementCollection: L2_2D_P3
VDim: 1
Ordering: 0

4.2185725e-13
-3.6852124e-13
-1.4412312e-13
1.1593493e-11
6.0472121e-13
-5.2835539e-13
-1.4572808e-13
1.6782026e-11
8.079345e-13
-7.0539998e-13
-1.3436786e-13
2.2596472e-11
8.8616578e-13
-7.6562459e-13
-1.4172652e-13
2.4707023e-11
3.6542601e-14
-3.2346321e-14
-3.685804e-14
9.3650251e-13
8.1553375e-14
-7.1895177e-14
-6.449792e-14
2.1448148e-12
1.9489499e-13
-1.7050315e-13
-1.0619132e-13
5.2541344e-12
3.3152222e-13
-2.8954201e-13
-1.3468694e-13
9.0668789e-12
4.1527705e-16
2.7925141e-15
-8.2775145e-15
-2.2506909e-16
8.7402484e-16
6.2054749e-15
-1.8349036e-14
-7.4149143e-16
2.0669264e-15
1.4777349e-14
-4.3340442e-14
-1.2126259e-15
3.4765802e-15
2.508063e-14
-7.3203997e-14
-2.0931463e-15
4.3857803e-15
3.174427e-14
-9.264573e-14
-1.6441621e-15
6.0604873e-15
4.5427996e-14
-1.3237249e-13
-1.4609365e-15
7.9622217e-15
6.0907227e-14
-1.7667166e-13
-3.4056723e-15
8.6008699e-15
6.7311419e-14
-1.9343938e-13
-7.4377328e-15
-3.2909831e-16
1.3641774e-15
-2.9372574e-15
-8.5087734e-15
-4.7223083e-16
1.9253295e-15
-4.1838631e-15
-1.2312425e-14
-6.3872512e-16
2.5358585e-15
-5.545661e-15
-1.6362923e-14
-7.1109851e-16
2.8151194e-15
-5.8732597e-15
-1.7757921e-14
-2.3838281e-17
1.6743323e-17
1.2661055e-17
-3.0774368e-16
-3.274383e-17
2.1883055e-17
1.7638374e-17
-4.2612515e-16
-4.1893576e-17
2.507324e-17
2.8274052e-17
-5.5439702e-16
-4.5746647e-17
2.3728227e-17
3.8441485e-17
-6.1073885e-16
-2.4054465e-18
1.5518607e-18
1.336086e-18
-3.0145684e-17
-4.9160373e-18
3.1213025e-18
2.5244791e-18
-6.3545591e-17
-1.1010053e-17
7.2725011e-18
7.202824e-18
-1.4351568e-16
-1.9130481e-17
1.3952235e-17
1.2070701e-17
-2.4625699e-16
-3.1025387e-17
1.263853e-16
-2.7289165e-16
-7.7179607e-16
-6.7374012e-17
2.7292787e-16
-5.8958796e-16
-1.7151062e-15
-1.5638517e-16
6.3439468e-16
-1.37773e-15
-3.949523e-15
-2.5430007e-16
1.0860161e-15
-2.3520017e-15
-6.6749458e-15
-6.3004431e-19
2.8978868e-18
-6.1557279e-18
-1.6243448e-17
-1.5280691e-18
7.4311661e-18
-1.6812096e-17
-4.3830373e-17
-7.1759527e-18
3.0599739e-17
-6.7923003e-17
-1.8268411e-16
-2.0727466e-17
8.2690484e-17
-1.7688059e-16
-4.9314444e-16
-4.4204393e-20
3.4653046e-20
3.7134685e-20
-6.3466285e-19
-1.333739e-19
1.398795e-19
-5.7494142e-20
-1.7746353e-18
-6.1913058e-19
4.1627581e-19
3.8883518e-19
-7.6163352e-18
-1.6376586e-18
8.3811561e-19
1.4011807e-18
-2.0149638e-17
-6.4436895e-22
2.2401704e-22
1.9073049e-21
-7.0708535e-21
-8.9622469e-22
3.9063287e-21
-8.3591344e-22
-1.8435833e-20
-3.778729e-21
-5.3271517e-22
1.6869539e-21
-3.8909933e-20
-1.388051e-20
-9.2976303e-23
3.5698936e-20
-2.3690812e-19
-1.2252945e-20
4.6778239e-20
-9.9591635e-20
-3.0091197e-19
-2.6269692e-21
6.9946068e-20
-1.8625661e-19
-3.8942297e-19
-4.3002848e-20
1.647469e-19
-3.7429885e-19
-9.101051e-19
-3.5712011e-19
1.2385774e-18
-2.4751404e-18
-7.3845031e-18
2.1343656e-19
1.2712166e-18
-3.771239e-18
-5.001821e-19
1.9469521e-19
1.0904771e-18
-3.1884194e-18
8.437581e-20
8.6568226e-19
3.2810493e-18
-1.1787787e-17
-7.5752564e-19
5.3740756e-18
2.8148365e-17
-8.7936967e-17
-3.8772947e-18
1.1138659e-17
5.9861835e-17
-1.8054639e-16
-3.8615864e-18
2.7374411e-17
1.5751842e-16
-4.7946054e-16
-2.4369149e-17
1.0912788e-16
6.6962045e-16
-2.0180519e-15
-9.4817365e-17
2.7865905e-16
1.7795599e-15
-5.2644108e-15
-7.6205697e-17
7.6487984e-16
-7.0407526e-16
-1.3176129e-15
1.7759468e-14
2.0289496e-15
-1.8773327e-15
-3.6236452e-15
4.7524109e-14
8.7163361e-15
-7.8498676e-15
-1.2090694e-14
2.1466388e-13
2.3276324e-14
-2.0667505e-14
-2.6094261e-14
5.8507524e-13
1.6058591e-17
-1.3654825e-17
-1.9365609e-17
4.1017696e-16
1.2547038e-17
-1.6390331e-17
-2.7334953e-17
3.0753374e-16
4.3871541e-17
-4.4831123e-17
-1.9838275e-16
6.5101182e-16
3.7170238e-16
-3.1874009e-16
-7.6029812e-16
8.1430956e-15
9.1612136e-19
-7.0450683e-19
-4.7519101e-19
2.4509687e-17
1.9075865e-19
-5.8389073e-19
-9.9812965e-20
7.3506211e-18
-4.198835e-18
4.4024198e-18
2.4524449e-18
-1.1775211e-16
2.8398952e-18
3.5000279e-19
-6.1846791e-18
6.4328149e-17
1.5978904e-20
7.3798821e-20
-2.0450846e-19
-5.2185974e-21
1.113716e-20
2.3027771e-20
-5.2493841e-20
2.1162175e-20
-6.6940266e-20
-3.4133949e-19
9.9514786e-19
2.5431158e-20
2.1815962e-20
2.4574174e-19
-7.181795e-19
-5.6121979e-19
6.128104e-22
5.0921033e-21
-1.3507513e-20
1.3281028e-21
8.1928203e-22
1.0732153e-21
-4.7380487e-21
5.5428816e-22
-4.7636568e-21
-2.5401751e-20
7.8852221e-20
1.1587905e-21
1.3969174e-21
1.0048233e-20
-6.5319766e-21
8.5804901e-21
6.807393e-20
-4.929119e-20
-4.1924838e-21
1.8143914e-18
2.0399445e-20
-1.9410742e-20
1.4380835e-20
5.4363749e-19
-3.5126859e-19
3.0340485e-19
2.1018549e-19
-9.1810184e-18
6.4764462e-20
5.3642689e-20
7.4894301e-20
1.6045789e-18
4.6476183e-21
-3.8444694e-21
7.4956025e-23
1.3559324e-19
2.2408477e-21
-8.9504963e-22
4.5538351e-21
5.5975854e-20
-2.5936478e-20
1.9608134e-20
7.1745962e-21
-6.7734128e-19
2.7442882e-21
-2.7422952e-21
5.4204086e-21
1.301909e-19
3.7775553e-22
2.3727121e-22
-1.3291034e-21
7.4548499e-21
3.4016376e-23
9.8577073e-23
7.5796061e-22
2.3776132e-21
-1.7947059e-21
1.3382529e-21
2.4113357e-22
-4.9368454e-20
-4.9953132e-23
-3.8758416e-22
-1.4671955e-21
3.3404629e-21
9.782626e-25
4.0788358e-23
-1.1663699e-22
-1.2425228e-22
-1.7525618e-24
7.2247333e-25
5.1332265e-24
5.1241843e-24
-1.4878582e-23
-1.3051754e-22
3.750567e-22
4.0675815e-24
-1.1985013e-23
1.3518237e-23
-3.475435e-23
-1.1544935e-22
2.415145e-23
3.4403903e-22
-9.6970084e-22
-3.1124197e-24
7.0139705e-23
1.2454499e-22
-4.4733636e-22
4.0429333e-22
-3.5787494e-22
-1.9170042e-21
5.7129105e-21
-4.7667992e-22
-3.9769197e-22
2.446936e-22
6.7124829e-22
-1.6136789e-22
-4.2361329e-24
1.4554376e-23
-3.381153e-23
-1.1559793e-22
-1.5118474e-24
5.8783971e-24
-1.5363917e-23
-1.4376159e-23
2.1128235e-23
-9.1379931e-23
1.998046e-22
5.4428679e-22
-6.6214553e-24
-1.4148926e-24
-5.9196036e-24
-2.5519655e-22
-3.0588797e-25
1.1391429e-24
-2.8665446e-24
-9.8744948e-24
-2.1098852e-26
-3.3881105e-26
-3.0270044e-25
-1.2610483e-24
1.2952579e-24
-5.6882413e-24
1.3415242e-23
3.9182146e-23
-4.8681411e-25
-1.2298407e-24
2.5065474e-24
-6.60962e-24
-1.4553365e-26
2.1814207e-27
2.4315618e-26
-2.0285629e-25
3.2561437e-27
8.6696513e-27
-4.0648885e-26
-1.1655415e-25
9.2365277e-26
-8.466205e-26
9.4390884e-27
1.3845743e-24
1.85405e-26
-9.0439472e-26
2.9731027e-25
6.7320959e-25
-1.9452366e-25
2.0294883e-25
4.7707018e-26
-3.421554e-24
-1.6960967e-25
3.2202495e-25
-6.8640742e-25
-3.9473013e-24
1.6708944e-24
-1.4955068e-24
6.8175334e-25
2.3396088e-23
8.2868366e-25
-6.4499127e-25
4.3523058e-25
4.6001601e-24
-3.3791837e-24
2.4865888e-24
-1.3226735e-24
-5.4229433e-23
-2.8326828e-24
-5.0953141e-26
3.0335376e-24
-1.8323584e-23
2.2985767e-23
-1.1383393e-23
-1.4819708e-23
2.7930318e-22
-4.0066033e-24
5.0211277e-24
-5.3736618e-23
-1.2908154e-22
-5.9460242e-23
2.1094275e-22
-4.7583004e-22
-1.3811576e-21
-1.1639406e-23
6.4286611e-23
-1.3546833e-22
3.265131e-22
2.8641142e-22
-1.2099599e-21
2.5325608e-21
6.4509693e-21
-1.5007044e-22
-7.4989097e-23
9.5379361e-23
-1.7210411e-21
-7.922275e-22
2.4315635e-21
-5.5665786e-21
-1.1376829e-20
-9.1431336e-23
1.9464407e-21
-2.2243528e-21
2.6531292e-21
3.4438997e-21
-1.5716269e-20
2.9052379e-20
6.6408057e-20
5.8917074e-22
-8.3248862e-21
-1.1364928e-21
-2.3186385e-20
-7.9418551e-23
1.5590998e-23
-2.9302147e-24
-1.0043868e-21
-4.0070863e-23
-2.3028241e-23
4.4430159e-23
-5.9536087e-22
3.4248081e-22
-1.4276808e-22
-3.2520492e-22
4.7709251e-21
5.0040665e-23
-2.7823381e-22
8.9987718e-22
5.3249074e-21
-3.922148e-24
-6.3759709e-24
2.0995483e-23
-2.0491092e-23
-2.4051165e-24
-8.5767547e-24
2.907972e-23
3.572078e-23
1.2715826e-23
3.3259743e-23
-1.1483122e-22
-2.2938963e-23
-1.5098815e-23
1.5516627e-23
-4.039693e-23
-1.0898315e-22
2.2386492e-26
-4.4445356e-25
1.3090307e-24
7.3008584e-25
1.4243751e-27
-2.390782e-25
1.3166733e-24
1.4193247e-24
2.0293006e-25
2.9027248e-24
-8.8382838e-24
-1.3453909e-23
-5.6711526e-25
7.157842e-25
-3.2310241e-24
-2.1254068e-23
8.3249958e-28
-1.6173504e-27
2.5746132e-26
1.6951375e-26
3.2159699e-28
-2.3029314e-26
1.0452624e-25
9.8685636e-26
3.6015133e-26
1.0731768e-25
-5.3312557e-25
-2.5737175e-25
9.7756502e-26
6.6714812e-26
-5.6035161e-25
-3.397867e-25
-7.738807e-26
-2.3036899e-26
6.3582669e-25
-7.141966e-25
-2.146299e-25
-3.4327695e-25
2.2847491e-24
2.1668305e-25
1.5225468e-24
2.0086919e-24
-1.0048458e-23
-2.2587889e-24
-2.7128405e-25
1.0500418e-24
-8.0108165e-24
-1.5893439e-23
-3.4835433e-27
-5.2063442e-27
3.0460685e-26
1.4264225e-26
-8.1864353e-27
1.1452306e-26
4.8517504e-26
-1.2741562e-25
7.108295e-26
7.1590447e-26
-4.9848078e-25
2.5560475e-25
1.8162704e-25
1.3711908e-25
-7.5066499e-25
6.0799318e-25
-7.0763547e-28
-1.0335798e-27
3.8367726e-27
1.0963046e-27
6.4724132e-28
7.3869042e-28
-3.1135429e-27
-3.1855004e-27
2.0639841e-27
5.2736308e-27
-1.8099551e-26
1.1776671e-26
-3.3449314e-27
-3.0273749e-28
4.7762811e-27
3.9992552e-26
4.3529763e-30
-6.3419533e-29
1.6605126e-28
4.7673816e-29
3.2047208e-29
4.7065432e-30
-8.6119901e-29
2.3643754e-28
-3.1459476e-29
3.3915917e-28
-9.1488834e-28
-1.6504022e-27
-2.2150137e-28
1.9112347e-28
1.2732885e-28
-3.5803696e-27
-1.8979217e-28
-6.400523e-28
2.3039637e-27
7.4313392e-28
4.2814074e-28
-1.908359e-27
1.3603811e-27
6.5730602e-27
1.3542297e-28
8.2429734e-27
-1.8679478e-26
-2.271749e-26
6.7219308e-28
1.9996591e-26
-2.5763015e-26
-2.5688526e-26
1.7070767e-29
-3.0234993e-29
1.6107491e-29
1.3479645e-28
2.4832312e-30
-4.4178408e-29
1.3410211e-28
6.3908526e-28
-4.4109186e-29
7.1473117e-29
-3.0310783e-28
-1.2881221e-27
-1.1485019e-28
5.0075777e-28
-1.1677386e-27
-5.1686956e-27
2.3968556e-30
-7.2941977e-30
9.9264714e-30
4.4479439e-29
2.9632861e-30
4.8650747e-30
-1.413298e-29
2.622445e-30
-8.939482e-30
5.0684674e-30
-3.206384e-30
-9.8328284e-29
1.0983907e-30
-4.4407231e-29
4.2474755e-29
6.0225684e-29
1.0382278e-31
-1.2673351e-32
2.1022651e-31
2.4064529e-30
-3.6492871e-33
2.374313e-31
-1.0846627e-30
-4.0244823e-31
-2.3959769e-31
-1.2216225e-32
7.3723014e-31
-4.107657e-30
6.033833e-31
-7.4526907e-31
2.3328116e-30
1.0666348e-29
1.2154753e-30
7.0359326e-31
-4.6905613e-30
1.0431201e-29
2.5249802e-31
2.6605746e-30
-9.1208265e-30
-1.2603528e-29
-2.5984485e-30
-1.7209505e-30
1.7187952e-29
-2.3016897e-29
-3.0988601e-30
-5.1095862e-30
1.4856948e-29
-1.470211e-29
5.1885103e-32
-5.6059647e-30
-7.2492945e-30
-6.6064756e-29
1.0955421e-29
-1.6067198e-29
2.4478266e-30
1.7148781e-28
-7.2060606e-29
1.3261077e-28
-2.4000704e-28
-8.0356001e-28
-1.0582291e-28
2.7042625e-28
-5.3260141e-28
-1.6842275e-27
-1.226699e-28
1.1658826e-28
5.3073621e-28
1.4002255e-27
8.1869955e-29
-1.2547931e-27
2.8209314e-27
1.1742153e-26
3.9116291e-28
4.4054583e-27
-1.4841909e-26
-2.4819787e-26
2.3065945e-28
5.7753148e-27
-6.2118817e-27
3.3679663e-27
2.3650086e-27
-1.1153004e-26
4.3684566e-26
1.6286046e-25
4.4686987e-27
-1.1931251e-26
2.6875856e-26
1.156751e-25
-1.3869588e-26
1.1281762e-25
-2.7246073e-25
-7.8748415e-25
-2.6255375e-26
-3.1236986e-26
2.5793288e-25
1.7498325e-25
4.05478e-29
1.18334e-28
-4.25896e-28
6.1651691e-28
2.0393114e-28
-4.4452735e-28
5.9455594e-28
5.7256998e-27
-1.0826859e-27
3.3841353e-28
2.4277468e-27
-1.3603734e-26
2.6609896e-28
-3.403519e-27
1.56827e-26
1.4921221e-26
5.0451899e-27
-1.1915189e-26
3.1580742e-26
7.7608656e-26
4.9560157e-27
-1.1861787e-26
3.0144803e-26
9.3316189e-26
-6.4400448e-27
-2.3300604e-26
1.2737177e-25
8.5509914e-26
4.521177e-26
-2.0125221e-25
6.6541054e-25
1.109358e-24
1.2597954e-25
-4.2220098e-25
1.2661352e-24
2.5553344e-24
3.4507263e-25
-1.0945365e-24
3.1127957e-24
7.451553e-24
6.9165029e-25
-2.5185634e-24
7.9560673e-24
1.951268e-23
1.5716133e-24
-5.7615016e-24
1.8547834e-23
4.2628972e-23
-2.0840901e-24
-1.1732103e-23
3.8704821e-23
3.9928103e-23
-3.0312568e-24
-3.2522331e-23
1.0263567e-22
1.4541766e-22
-5.9524902e-24
-9.0267345e-23
2.9650886e-22
4.7923819e-22
-1.5868536e-23
-2.1149386e-22
7.0360369e-22
1.2133163e-21
-4.2680613e-26
-3.0193335e-25
1.1046787e-24
1.1604529e-24
1.0664772e-26
-3.2295072e-25
1.2931703e-24
1.0312812e-24
-2.9152873e-25
-1.4607697e-25
1.3400531e-24
-1.2049763e-24
-1.4673068e-24
-5.4870116e-24
1.6898278e-23
1.2723384e-23
-2.7847825e-24
-5.1787008e-24
1.8439316e-23
1.3616339e-25
-4.1503736e-24
-7.1789388e-24
2.7286988e-23
6.347126e-24
-4.2396026e-24
-2.7586252e-24
2.5195277e-23
-9.9041625e-24
-4.5635133e-23
-7.5948704e-23
3.3898417e-22
1.7918559e-22
-6.6560301e-23
-7.2757114e-23
2.6105596e-22
8.9238175e-23
-7.9536416e-23
-2.2017988e-23
5.1392046e-23
-7.6787974e-22
-1.4765149e-22
-1.4858472e-22
1.1284172e-21
9.859665e-22
-8.152653e-22
-1.4243773e-21
7.5384036e-21
8.2581434e-21
-1.8175152e-21
-2.2174586e-21
1.160867e-20
4.6962137e-21
-6.960608e-21
-3.4338141e-21
2.9634101e-20
-4.4607699e-20
-2.3639e-20
-3.1406967e-20
1.5166109e-19
-9.0671781e-20
-4.9144795e-20
-9.2948759e-20
3.7698885e-19
-1.174079e-19
-1.0904475e-22
-2.1484741e-22
8.3137627e-22
4.6557652e-22
-2.1408567e-22
-6.3708297e-22
2.2707804e-21
1.1387778e-21
-5.4912557e-22
-2.2267299e-21
8.3257078e-21
7.6220739e-21
-1.108015e-21
-5.7898736e-21
2.1404507e-20
2.7138525e-20
-1.7863544e-21
-8.7689099e-21
3.1992297e-20
3.3119027e-20
-4.1015084e-21
-1.8997375e-20
6.7902e-20
6.0892733e-20
-8.9849038e-21
-4.3966182e-20
1.5188805e-19
1.4312039e-19
-1.4645699e-20
-7.8591099e-20
2.5309267e-19
2.5059726e-19
-7.9442255e-20
-1.2307661e-19
5.5792937e-19
-3.1595756e-19
-1.847733e-19
-2.4176156e-19
1.18689e-18
-6.7096995e-19
-4.0984434e-19
-6.3660515e-19
2.8165581e-18
-8.9306791e-19
-6.9400979e-19
-9.4262811e-19
4.4788343e-18
-2.8936046e-18
-8.7562644e-19
-1.0927699e-18
5.5614178e-18
-3.9696412e-18
-1.1856046e-18
-1.3391446e-18
7.1575419e-18
-5.6247663e-18
-1.4432547e-18
-1.9644286e-18
9.4864831e-18
-5.0357837e-18
-1.3539026e-18
-2.3793816e-18
1.0653591e-17
-2.9072448e-18
-2.0486452e-20
-1.0307174e-19
3.2543178e-19
3.2706769e-19
-3.3562868e-20
-1.1679643e-19
4.0280342e-19
3.0867687e-19
-4.2409738e-20
-1.3201315e-19
5.0207502e-19
3.3583348e-19
-3.8720937e-20
-1.5623471e-19
5.6901772e-19
5.8265417e-19
1.7725398e-23
-4.6730364e-21
1.2851278e-20
2.2181733e-20
-1.0373824e-22
-6.7551815e-21
1.9017382e-20
2.6143741e-20
-3.4829521e-22
-7.5183009e-21
2.3250533e-20
3.0537713e-20
-8.3664546e-22
-6.7796609e-21
2.2326067e-20
3.0104094e-20
-2.2727757e-23
-3.4982459e-22
1.1329746e-21
1.9598129e-21
-2.1870336e-23
-7.49711e-22
2.4002243e-21
4.2358075e-21
-3.1154992e-23
-1.6174254e-21
5.0501234e-21
8.566627e-21
8.3443583e-23
-3.3925034e-21
9.0285013e-21
1.7849011e-20
3.111639e-24
-1.0483132e-23
3.141603e-23
7.3830294e-23
8.1400343e-24
-2.3977418e-23
6.7061289e-23
1.8370874e-22
1.6842884e-23
-4.3340458e-23
1.1434887e-22
3.5891683e-22
3.9452726e-23
-8.9316639e-23
1.9674741e-22
7.8371936e-22
6.4448454e-23
-1.4297275e-22
3.0110428e-22
1.1314639e-21
1.2691159e-22
-2.8532273e-22
6.90971e-22
2.1382992e-21
1.7273673e-22
-3.5324708e-22
8.6879265e-22
2.6682534e-21
1.544285e-22
-2.8686445e-22
6.3933621e-22
1.7253544e-21
