FiniteElementSpace
FiniteElementCollection: L2_2D_P1
VDim: 1
Ordering: 0

1.184797206647985e+79
-1.431191792134833e+80
1.198649105759352e+79
-1.424042353648401e+80
-3.235917170683227e+80
-5.990990236421897e+80
-3.219324900506296e+80
-5.965176383106131e+80
-3.195515375299765e+80
-5.92891369554856e+80
-3.146171754110879e+80
-5.85206629606854e+80
1.221610571474401e+79
-1.414542963891652e+80
1.263248542161734e+79
-1.393303182953888e+80
1.308809173254975e+79
-1.374434745863401e+80
1.378484564328872e+79
-1.339731856803408e+80
1.445941837973369e+79
-1.311762994079005e+80
1.544084127056497e+79
-1.2646437821812e+80
-2.949467450580778e+80
-5.546362504993247e+80
-2.839538762200908e+80
-5.373779175842564e+80
-3.099176517105363e+80
-5.779868787702929e+80
-3.018403426222193e+80
-5.653742092644089e+80
-8.231041763562786e+80
-1.180226187620582e+81
-8.03501963336022e+80
-1.154160687379599e+81
-7.867404447823556e+80
-1.131729330022301e+81
-7.603135838076196e+80
-1.096085021587729e+81
-1.422117830093093e+81
-1.848041416841121e+81
-1.374417452571976e+81
-1.787499930665028e+81
-1.48818370133258e+81
-1.93088985661084e+81
-1.452580958021274e+81
-1.886449814771992e+81
-1.53119102212993e+81
-1.983939833162153e+81
-1.509171077894061e+81
-1.956816092806523e+81
-8.466539720864464e+80
-1.211203201517426e+81
-8.34595781320632e+80
-1.195322834861734e+81
-8.565663635181452e+80
-1.224116624771435e+81
-8.52496987421504e+80
-1.218783105601501e+81
-1.54935265054929e+81
-2.006080100144084e+81
-1.541898371052888e+81
-1.996964587636647e+81
-2.400502147176642e+81
-2.95089398251226e+81
-2.388448960170905e+81
-2.936680099957971e+81
-2.371137510828641e+81
-2.916299200314573e+81
-2.335652770783177e+81
-2.874049619157457e+81
-3.374670772892023e+81
-4.01882248554049e+81
-3.321287034728951e+81
-3.956453963788405e+81
-3.419002893967145e+81
-4.070048884624231e+81
-3.400802518973421e+81
-4.049035740027499e+81
-4.61695580671254e+81
-5.375763479544768e+81
-4.590630889788874e+81
-5.345773907939449e+81
-6.004256296532807e+81
-6.873501801247487e+81
-5.967394590840889e+81
-6.831952731174073e+81
-5.914527939612648e+81
-6.771832434348726e+81
-5.807268030439944e+81
-6.64897167840497e+81
-4.552852928717408e+81
-5.302539666806367e+81
-4.475948828875453e+81
-5.213693354034151e+81
-4.402823904447674e+81
-5.128221200540078e+81
-4.280699191892965e+81
-4.984346434059481e+81
-5.705380829346915e+81
-6.530644590973674e+81
-5.536054495643802e+81
-6.332708960816084e+81
-5.391672998602237e+81
-6.162335564347292e+81
-5.170617903809873e+81
-5.900803828086789e+81
-4.176418567915533e+81
-4.860116889391128e+81
-4.015946702564045e+81
-4.668285620418956e+81
-3.11223604038856e+81
-3.707210557691756e+81
-2.999389562943333e+81
-3.570699514214568e+81
-3.270473435294521e+81
-3.896524777038073e+81
-3.185166380286191e+81
-3.795027637234218e+81
-2.301848559597457e+81
-2.833534208803159e+81
-2.244801951112789e+81
-2.764509267821952e+81
-2.195996875712023e+81
-2.704763523269797e+81
-2.120045412888989e+81
-2.61125310455731e+81
-2.058177913345866e+81
-2.534236696722095e+81
-1.966286457731649e+81
-2.419600622798397e+81
-1.893534001254386e+81
-2.328298505063002e+81
-1.788677337400533e+81
-2.196746835626139e+81
-2.664727898044781e+81
-3.162071167585051e+81
-2.510921707357602e+81
-2.974289617609072e+81
-2.907569592873933e+81
-3.458712253213459e+81
-2.771869482013856e+81
-3.293079054737088e+81
-3.88567075983785e+81
-4.511803217527971e+81
-3.69407663603138e+81
-4.281736513743216e+81
-4.991738955657981e+81
-5.688943356712728e+81
-4.729935750532077e+81
-5.379031131493972e+81
-4.52539471783807e+81
-5.137990772729324e+81
-4.234589373427341e+81
-4.795929221266545e+81
-3.543486631720347e+81
-4.101205959046113e+81
-3.328297563735175e+81
-3.843766446070069e+81
-3.163397097356925e+81
-3.647481738560197e+81
-2.932547300747973e+81
-3.373362705021582e+81
-4.013556096790659e+81
-4.537591047373179e+81
-3.705802574453467e+81
-4.178704640786665e+81
-3.477062451565462e+81
-3.913784945086885e+81
-3.163584901860292e+81
-3.551574267092928e+81
-2.759374503599778e+81
-3.169000029695717e+81
-2.520747822324452e+81
-2.888047302416502e+81
-2.099041011715486e+81
-2.474578871154901e+81
-1.924192793392979e+81
-2.263817116032808e+81
-2.392246349202476e+81
-2.829842494954473e+81
-2.225312722313711e+81
-2.627120794648274e+81
-1.707346330794869e+81
-2.094709503675495e+81
-1.592522131925477e+81
-1.950874046291393e+81
-1.505030247100296e+81
-1.841700742892775e+81
-1.38341550930085e+81
-1.690220967687543e+81
-9.840382773866026e+80
-1.278235741481648e+81
-9.059032429742158e+80
-1.175811577225752e+81
-5.428542677600182e+80
-7.906513942400195e+80
-4.993639191853992e+80
-7.279481856822671e+80
-6.150187785811421e+80
-8.937784075560615e+80
-5.742253750659742e+80
-8.356123842348068e+80
-1.113342881902075e+81
-1.447940317517544e+81
-1.04013488968071e+81
-1.351826870170263e+81
-1.231579464931341e+81
-1.60271815493511e+81
-1.165073162788563e+81
-1.515858150342592e+81
-1.335568962700097e+81
-1.737542489848347e+81
-1.277545484690991e+81
-1.662679529763637e+81
-7.388236657753659e+80
-1.06670629188748e+81
-7.065179386595468e+80
-1.02234039576676e+81
-6.809702308385638e+80
-9.866857763941079e+80
-6.438703084071307e+80
-9.347196173987525e+80
-2.508143961272709e+80
-4.844333289619406e+80
-2.351001490979615e+80
-4.590741565592426e+80
-2.750524276337926e+80
-5.232561758433503e+80
-2.614758577522965e+80
-5.017251808664902e+80
1.632436105992847e+79
-1.227992443655047e+80
1.759646565127462e+79
-1.169909770957049e+80
1.867639054461838e+79
-1.125146974298135e+80
2.024615981503435e+79
-1.057905843841152e+80
2.150764434941188e+79
-1.005736110600181e+80
2.338052770258655e+79
-9.31360649274322e+79
-2.229887389585257e+80
-4.389274498603498e+80
-2.057013864500423e+80
-4.102470373368982e+80
-1.925128354614117e+80
-3.876897829098644e+80
-1.743227652590357e+80
-3.562815303336141e+80
2.480579661488693e+79
-8.7256236250837e+79
2.697984143625386e+79
-7.930461259991834e+79
