MFEM mesh v1.0

#
# MFEM Geometry Types (see mesh/geom.hpp):
#
# POINT       = 0
# SEGMENT     = 1
# TRIANGLE    = 2
# SQUARE      = 3
# TETRAHEDRON = 4
# CUBE        = 5
# PRISM       = 6
#

dimension
2

elements
297
1 3 33 34 30 29
1 3 11 33 29 12
1 3 10 35 33 11
1 3 35 31 34 33
1 3 36 37 31 35
1 3 9 36 35 10
1 3 8 38 36 9
1 3 38 39 37 36
1 3 39 40 32 31
1 3 40 41 42 32
1 3 32 42 27 28
1 3 42 43 44 45
1 3 45 44 26 27
1 3 44 24 25 26
1 3 43 23 24 44
1 3 46 22 23 43
1 3 47 46 43 42
1 3 41 48 46 47
1 3 48 21 22 46
1 3 49 50 21 48
1 3 51 49 48 41
1 3 52 53 49 51
1 3 53 54 50 49
1 3 55 56 54 53
1 3 57 58 56 55
1 3 59 57 55 60
1 3 60 55 53 52
1 3 61 59 52 62
1 3 62 52 41 40
1 3 63 62 40 39
1 3 64 65 39 38
1 3 7 64 38 8
1 3 6 66 64 7
1 3 66 63 65 64
1 3 67 68 63 66
1 3 5 67 66 6
1 3 4 69 67 5
1 3 69 70 68 67
1 3 70 61 62 63
1 3 71 72 61 70
1 3 73 74 70 69
1 3 3 73 69 4
1 3 2 75 73 3
1 3 75 71 74 73
1 3 76 77 71 75
1 3 1 76 75 2
1 3 0 78 76 1
1 3 78 79 77 76
1 3 79 80 72 71
1 3 80 81 82 72
1 3 72 82 59 61
1 3 82 83 84 85
1 3 85 84 57 59
1 3 84 86 58 57
1 3 83 87 86 84
1 3 88 89 87 83
1 3 90 88 83 82
1 3 81 91 88 90
1 3 91 92 89 88
1 3 92 93 94 89
1 3 89 94 95 87
1 3 94 96 97 95
1 3 93 98 96 94
1 3 98 99 100 96
1 3 99 101 102 100
1 3 100 102 103 104
1 3 96 100 104 97
1 3 97 104 105 106
1 3 104 103 107 105
1 3 105 107 108 109
1 3 106 105 109 110
1 3 111 106 110 112
1 3 95 97 106 111
1 3 87 95 111 86
1 3 86 111 112 58
1 3 58 112 113 56
1 3 112 110 114 113
1 3 113 114 115 116
1 3 56 113 116 54
1 3 54 116 117 50
1 3 50 117 20 21
1 3 117 118 19 20
1 3 116 115 118 117
1 3 115 119 120 118
1 3 118 120 18 19
1 3 120 121 17 18
1 3 119 122 121 120
1 3 123 124 122 119
1 3 114 123 119 115
1 3 110 109 123 114
1 3 109 108 124 123
1 3 108 125 126 124
1 3 125 127 128 126
1 3 126 128 129 130
1 3 124 126 130 122
1 3 122 130 131 121
1 3 121 131 16 17
1 3 131 132 15 16
1 3 130 129 132 131
1 3 129 133 134 132
1 3 132 134 13 15
1 3 134 135 14 13
1 3 133 136 135 134
1 3 137 138 136 133
1 3 128 137 133 129
1 3 127 139 137 128
1 3 139 140 138 137
1 3 141 142 140 139
1 3 143 144 142 141
1 3 145 143 141 146
1 3 146 141 139 127
1 3 147 146 127 125
1 3 107 147 125 108
1 3 103 148 147 107
1 3 148 145 146 147
1 3 149 150 145 148
1 3 102 149 148 103
1 3 101 151 149 102
1 3 151 152 150 149
1 3 152 153 154 150
1 3 150 154 143 145
1 3 154 155 144 143
1 3 153 156 155 154
1 3 157 158 156 153
1 3 159 157 153 152
1 3 160 161 157 159
1 3 161 162 158 157
1 3 163 164 162 161
1 3 165 166 164 163
1 3 167 165 163 168
1 3 168 163 161 160
1 3 169 168 160 170
1 3 171 167 168 169
1 3 172 171 169 173
1 3 173 169 170 174
1 3 174 170 175 176
1 3 170 160 159 175
1 3 175 159 152 151
1 3 176 175 151 101
1 3 177 176 101 99
1 3 178 174 176 177
1 3 179 178 177 180
1 3 180 177 99 98
1 3 181 180 98 93
1 3 182 181 93 92
1 3 183 184 181 182
1 3 184 179 180 181
1 3 185 186 179 184
1 3 187 185 184 183
1 3 188 189 185 187
1 3 189 190 186 185
1 3 190 191 192 186
1 3 186 192 178 179
1 3 192 173 174 178
1 3 191 172 173 192
1 3 193 194 172 191
1 3 195 196 194 193
1 3 197 195 193 198
1 3 198 193 191 190
1 3 199 198 190 189
1 3 200 199 189 188
1 3 201 202 199 200
1 3 202 197 198 199
1 3 203 204 197 202
1 3 205 203 202 201
1 3 206 207 203 205
1 3 207 208 204 203
1 3 208 209 210 204
1 3 204 210 195 197
1 3 210 211 196 195
1 3 209 212 211 210
1 3 212 213 214 211
1 3 213 215 216 214
1 3 214 216 217 218
1 3 211 214 218 196
1 3 196 218 219 194
1 3 194 219 171 172
1 3 219 220 167 171
1 3 218 217 220 219
1 3 217 221 222 220
1 3 220 222 165 167
1 3 222 223 166 165
1 3 221 224 223 222
1 3 225 226 224 221
1 3 216 225 221 217
1 3 215 227 225 216
1 3 227 228 226 225
1 3 229 230 228 227
1 3 231 232 230 229
1 3 233 231 229 234
1 3 234 229 227 215
1 3 235 234 215 213
1 3 236 235 213 212
1 3 237 238 235 236
1 3 238 233 234 235
1 3 239 240 233 238
1 3 241 239 238 237
1 3 242 243 239 241
1 3 243 244 240 239
1 3 244 245 246 240
1 3 240 246 231 233
1 3 246 247 232 231
1 3 245 248 247 246
1 3 249 250 248 245
1 3 251 249 245 244
1 3 252 253 249 251
1 3 253 254 250 249
1 3 255 256 254 253
1 3 257 258 256 255
1 3 259 257 255 260
1 3 260 255 253 252
1 3 261 260 252 262
1 3 263 259 260 261
1 3 264 263 261 265
1 3 265 261 262 266
1 3 266 262 267 268
1 3 262 252 251 267
1 3 267 251 244 243
1 3 268 267 243 242
1 3 269 268 242 270
1 3 271 269 270 272
1 3 273 274 269 271
1 3 274 266 268 269
1 3 275 265 266 274
1 3 276 264 265 275
1 3 277 276 275 278
1 3 278 275 274 273
1 3 279 278 273 280
1 3 281 277 278 279
1 3 282 281 279 283
1 3 283 279 280 284
1 3 284 280 285 286
1 3 280 273 271 285
1 3 285 271 272 287
1 3 286 285 287 288
1 3 288 287 289 290
1 3 290 289 291 292
1 3 289 293 294 291
1 3 287 272 293 289
1 3 272 270 295 293
1 3 270 242 241 295
1 3 295 241 237 296
1 3 293 295 296 294
1 3 294 296 297 298
1 3 296 237 236 297
1 3 297 236 212 209
1 3 298 297 209 208
1 3 299 298 208 207
1 3 291 294 298 299
1 3 292 291 299 300
1 3 300 299 207 206
1 3 301 300 206 302
1 3 303 292 300 301
1 3 304 303 301 305
1 3 305 301 302 306
1 3 307 304 306 308
1 3 309 310 304 307
1 3 310 311 312 313
1 3 313 312 303 304
1 3 312 290 292 303
1 3 311 288 290 312
1 3 314 286 288 311
1 3 315 314 311 310
1 3 316 317 314 315
1 3 317 284 286 314
1 3 318 283 284 317
1 3 319 282 283 318
1 3 320 319 318 321
1 3 321 318 317 316
1 3 322 320 316 323
1 3 323 316 310 309
1 3 324 323 309 325
1 3 326 322 323 324
1 3 327 328 324 329
1 3 330 326 328 327
1 3 331 330 327 332
1 3 332 327 329 333
1 3 333 329 334 335
1 3 329 324 336 334
1 3 334 336 325 337
1 3 335 334 337 338
1 3 338 337 339 340
1 3 340 339 341 342
1 3 339 343 344 341
1 3 337 325 343 339
1 3 325 309 307 344
1 3 344 307 308 345
1 3 346 347 345 348
1 3 341 344 347 346
1 3 342 341 346 349
1 3 349 346 348 350
1 3 350 348 351 352
1 3 348 345 353 351
1 3 351 353 354 355
1 3 352 351 355 356
1 3 356 355 357 358
1 3 358 357 359 360

boundary
107
2 1 135 14
2 1 136 135
2 1 138 136
2 1 140 138
2 1 142 140
2 1 144 142
2 1 155 144
2 1 156 155
2 1 158 156
2 1 162 158
2 1 164 162
2 1 166 164
2 1 223 166
2 1 224 223
2 1 226 224
2 1 228 226
2 1 230 228
2 1 232 230
2 1 247 232
2 1 248 247
2 1 250 248
2 1 254 250
2 1 256 254
2 1 258 256
7 1 30 29
7 1 29 12
7 1 12 11
7 1 11 10
7 1 10 9
7 1 9 8
7 1 32 31
7 1 27 28
7 1 28 32
7 1 26 27
7 1 24 25
7 1 25 26
7 1 23 24
7 1 22 23
7 1 21 22
7 1 8 7
7 1 7 6
7 1 6 5
7 1 5 4
7 1 4 3
7 1 3 2
7 1 2 1
7 1 0 78
7 1 1 0
7 1 78 79
7 1 79 80
7 1 80 81
7 1 81 91
7 1 91 92
7 1 20 21
7 1 19 20
7 1 18 19
7 1 17 18
7 1 16 17
7 1 15 16
7 1 13 15
7 1 14 13
7 1 92 182
7 1 182 183
7 1 183 187
7 1 187 188
7 1 188 200
7 1 200 201
7 1 201 205
7 1 205 206
7 1 257 258
7 1 259 257
7 1 263 259
7 1 264 263
7 1 276 264
7 1 277 276
7 1 281 277
7 1 282 281
7 1 206 302
7 1 302 306
7 1 306 308
7 1 319 282
7 1 320 319
7 1 322 320
7 1 326 322
7 1 330 326
7 1 331 330
7 1 332 331
7 1 333 332
7 1 335 333
7 1 338 335
7 1 340 338
7 1 342 340
7 1 308 345
7 1 349 342
7 1 350 349
7 1 352 350
7 1 354 355
7 1 356 352
7 1 355 357
7 1 358 356
7 1 357 359
7 1 359 360
7 1 360 358
7 1 34 30
7 1 31 34
7 1 353 354
7 1 345 353

vertices
361
2
0.984375 0.4375
0.984375 0.439453125
0.984375 0.44140625
0.984375 0.443359375
0.984375 0.4453125
0.984375 0.447265625
0.984375 0.44921875
0.984375 0.451171875
0.984375 0.453125
0.984375 0.455078125
0.984375 0.45703125
0.984375 0.458984375
0.984375 0.4609375
0.9990234375 0.453125
1 0.453125
0.998046875 0.453125
0.9970703125 0.453125
0.99609375 0.453125
0.9951171875 0.453125
0.994140625 0.453125
0.9931640625 0.453125
0.9921875 0.453125
0.9921875 0.455078125
0.9921875 0.45703125
0.9921875 0.458984375
0.9921875 0.4609375
0.9912109375 0.4609375
0.990234375 0.4609375
0.98828125 0.4609375
0.9853515625 0.4609375
0.986328125 0.4609375
0.986328125 0.45703125
0.98828125 0.45703125
0.9853515625 0.458984375
0.986328125 0.458984375
0.9853515625 0.45703125
0.9853515625 0.455078125
0.986328125 0.455078125
0.9853515625 0.453125
0.986328125 0.453125
0.98828125 0.453125
0.990234375 0.453125
0.990234375 0.45703125
0.9912109375 0.45703125
0.9912109375 0.458984375
0.990234375 0.458984375
0.9912109375 0.455078125
0.990234375 0.455078125
0.9912109375 0.453125
0.9912109375 0.451171875
0.9921875 0.451171875
0.990234375 0.451171875
0.990234375 0.44921875
0.9912109375 0.44921875
0.9921875 0.44921875
0.9912109375 0.447265625
0.9921875 0.447265625
0.9912109375 0.4453125
0.9921875 0.4453125
0.990234375 0.4453125
0.990234375 0.447265625
0.98828125 0.4453125
0.98828125 0.44921875
0.986328125 0.44921875
0.9853515625 0.451171875
0.986328125 0.451171875
0.9853515625 0.44921875
0.9853515625 0.447265625
0.986328125 0.447265625
0.9853515625 0.4453125
0.986328125 0.4453125
0.986328125 0.44140625
0.98828125 0.44140625
0.9853515625 0.443359375
0.986328125 0.443359375
0.9853515625 0.44140625
0.9853515625 0.439453125
0.986328125 0.439453125
0.9853515625 0.4375
0.986328125 0.4375
0.98828125 0.4375
0.990234375 0.4375
0.990234375 0.44140625
0.9912109375 0.44140625
0.9912109375 0.443359375
0.990234375 0.443359375
0.9921875 0.443359375
0.9921875 0.44140625
0.9912109375 0.439453125
0.9921875 0.439453125
0.990234375 0.439453125
0.9912109375 0.4375
0.9921875 0.4375
0.9931640625 0.4375
0.9931640625 0.439453125
0.9931640625 0.44140625
0.994140625 0.439453125
0.994140625 0.44140625
0.994140625 0.4375
0.9951171875 0.4375
0.9951171875 0.439453125
0.99609375 0.4375
0.99609375 0.439453125
0.99609375 0.44140625
0.9951171875 0.44140625
0.9951171875 0.443359375
0.994140625 0.443359375
0.99609375 0.443359375
0.99609375 0.4453125
0.9951171875 0.4453125
0.994140625 0.4453125
0.9931640625 0.443359375
0.9931640625 0.4453125
0.9931640625 0.447265625
0.994140625 0.447265625
0.994140625 0.44921875
0.9931640625 0.44921875
0.9931640625 0.451171875
0.994140625 0.451171875
0.9951171875 0.44921875
0.9951171875 0.451171875
0.99609375 0.451171875
0.99609375 0.44921875
0.9951171875 0.447265625
0.99609375 0.447265625
0.9970703125 0.4453125
0.9970703125 0.447265625
0.998046875 0.4453125
0.998046875 0.447265625
0.998046875 0.44921875
0.9970703125 0.44921875
0.9970703125 0.451171875
0.998046875 0.451171875
0.9990234375 0.44921875
0.9990234375 0.451171875
1 0.451171875
1 0.44921875
0.9990234375 0.447265625
1 0.447265625
0.9990234375 0.4453125
1 0.4453125
0.9990234375 0.443359375
1 0.443359375
0.9990234375 0.44140625
1 0.44140625
0.998046875 0.44140625
0.998046875 0.443359375
0.9970703125 0.443359375
0.9970703125 0.44140625
0.9970703125 0.439453125
0.998046875 0.439453125
0.9970703125 0.4375
0.998046875 0.4375
0.9990234375 0.4375
0.9990234375 0.439453125
1 0.439453125
1 0.4375
0.9990234375 0.435546875
1 0.435546875
0.998046875 0.435546875
0.998046875 0.43359375
0.9990234375 0.43359375
1 0.43359375
0.9990234375 0.431640625
1 0.431640625
0.9990234375 0.4296875
1 0.4296875
0.998046875 0.4296875
0.998046875 0.431640625
0.9970703125 0.431640625
0.9970703125 0.43359375
0.9970703125 0.4296875
0.99609375 0.4296875
0.99609375 0.431640625
0.99609375 0.43359375
0.9970703125 0.435546875
0.99609375 0.435546875
0.9951171875 0.435546875
0.9951171875 0.43359375
0.994140625 0.43359375
0.994140625 0.435546875
0.9931640625 0.435546875
0.9921875 0.435546875
0.9921875 0.43359375
0.9931640625 0.43359375
0.9931640625 0.431640625
0.994140625 0.431640625
0.9921875 0.431640625
0.9921875 0.4296875
0.9931640625 0.4296875
0.994140625 0.4296875
0.9951171875 0.4296875
0.9951171875 0.431640625
0.9951171875 0.427734375
0.99609375 0.427734375
0.9951171875 0.42578125
0.99609375 0.42578125
0.994140625 0.42578125
0.994140625 0.427734375
0.9931640625 0.427734375
0.9921875 0.427734375
0.9921875 0.42578125
0.9931640625 0.42578125
0.9931640625 0.423828125
0.994140625 0.423828125
0.9921875 0.423828125
0.9921875 0.421875
0.9931640625 0.421875
0.994140625 0.421875
0.9951171875 0.421875
0.9951171875 0.423828125
0.99609375 0.423828125
0.99609375 0.421875
0.9970703125 0.421875
0.9970703125 0.423828125
0.998046875 0.421875
0.998046875 0.423828125
0.998046875 0.42578125
0.9970703125 0.42578125
0.9970703125 0.427734375
0.998046875 0.427734375
0.9990234375 0.42578125
0.9990234375 0.427734375
1 0.427734375
1 0.42578125
0.9990234375 0.423828125
1 0.423828125
0.9990234375 0.421875
1 0.421875
0.9990234375 0.419921875
1 0.419921875
0.9990234375 0.41796875
1 0.41796875
0.998046875 0.41796875
0.998046875 0.419921875
0.9970703125 0.419921875
0.99609375 0.419921875
0.99609375 0.41796875
0.9970703125 0.41796875
0.9970703125 0.416015625
0.998046875 0.416015625
0.99609375 0.416015625
0.99609375 0.4140625
0.9970703125 0.4140625
0.998046875 0.4140625
0.9990234375 0.4140625
0.9990234375 0.416015625
1 0.416015625
1 0.4140625
0.9990234375 0.412109375
1 0.412109375
0.998046875 0.412109375
0.998046875 0.41015625
0.9990234375 0.41015625
1 0.41015625
0.9990234375 0.408203125
1 0.408203125
0.9990234375 0.40625
1 0.40625
0.998046875 0.40625
0.998046875 0.408203125
0.9970703125 0.408203125
0.9970703125 0.41015625
0.9970703125 0.40625
0.99609375 0.40625
0.99609375 0.408203125
0.99609375 0.41015625
0.9970703125 0.412109375
0.99609375 0.412109375
0.9951171875 0.412109375
0.9951171875 0.4140625
0.994140625 0.412109375
0.994140625 0.4140625
0.994140625 0.41015625
0.9951171875 0.41015625
0.9951171875 0.408203125
0.9951171875 0.40625
0.994140625 0.40625
0.994140625 0.408203125
0.9931640625 0.408203125
0.9931640625 0.41015625
0.9931640625 0.40625
0.9921875 0.40625
0.9921875 0.408203125
0.9921875 0.41015625
0.9931640625 0.412109375
0.9921875 0.412109375
0.9931640625 0.4140625
0.9921875 0.4140625
0.9931640625 0.416015625
0.9921875 0.416015625
0.9931640625 0.41796875
0.9921875 0.41796875
0.994140625 0.416015625
0.994140625 0.41796875
0.9951171875 0.416015625
0.9951171875 0.41796875
0.9951171875 0.419921875
0.994140625 0.419921875
0.9931640625 0.419921875
0.9921875 0.419921875
0.9912109375 0.419921875
0.9912109375 0.421875
0.9912109375 0.41796875
0.990234375 0.41796875
0.990234375 0.419921875
0.990234375 0.421875
0.98828125 0.41796875
0.98828125 0.421875
0.98828125 0.4140625
0.990234375 0.4140625
0.9912109375 0.4140625
0.9912109375 0.416015625
0.990234375 0.416015625
0.9912109375 0.412109375
0.990234375 0.412109375
0.990234375 0.41015625
0.9912109375 0.41015625
0.9912109375 0.408203125
0.9912109375 0.40625
0.990234375 0.40625
0.990234375 0.408203125
0.98828125 0.40625
0.98828125 0.41015625
0.986328125 0.41015625
0.986328125 0.4140625
0.986328125 0.40625
0.9853515625 0.408203125
0.986328125 0.408203125
0.9853515625 0.41015625
0.9853515625 0.40625
0.984375 0.40625
0.984375 0.408203125
0.984375 0.41015625
0.9853515625 0.412109375
0.984375 0.412109375
0.986328125 0.412109375
0.9853515625 0.4140625
0.984375 0.4140625
0.9853515625 0.416015625
0.984375 0.416015625
0.9853515625 0.41796875
0.984375 0.41796875
0.986328125 0.416015625
0.986328125 0.41796875
0.986328125 0.421875
0.9853515625 0.419921875
0.986328125 0.419921875
0.9853515625 0.421875
0.984375 0.419921875
0.984375 0.421875
0.9853515625 0.423828125
0.984375 0.423828125
0.986328125 0.423828125
0.986328125 0.42578125
0.9853515625 0.42578125
0.984375 0.42578125
0.9853515625 0.427734375
0.984375 0.427734375
0.9853515625 0.4296875
0.984375 0.4296875
