FiniteElementSpace
FiniteElementCollection: L2_2D_P4
VDim: 1
Ordering: 0

-1.486062217337262e+35
-4.255271180497909e+35
7.728896371932682e+35
-2.192407497631544e+35
5.48775821533034e+35
-1.35599749156522e+35
-4.514074958388967e+35
7.841924742235526e+35
-2.02333265559833e+35
4.170070437920622e+35
-9.70648299338311e+34
-5.252608233902935e+35
7.564338135790902e+35
2.111055445817295e+34
-9.326298334645374e+34
-2.808636213370153e+34
-6.31237103161733e+35
6.192908823762815e+35
4.252303169760337e+35
-2.052808015424116e+35
3.655471699521937e+34
-6.969106375873662e+35
4.065805115784865e+35
7.021496243377908e+35
1.598987217264168e+35
