FiniteElementSpace
FiniteElementCollection: L2_2D_P4
VDim: 1
Ordering: 0

3.134836464629584e+86
2.382118226752294e+86
-5.327570741586227e+85
-1.172649590230884e+86
9.134082147353374e+85
-1.252394639138149e+86
-1.155812034867578e+86
1.205922951102212e+85
2.429092994172271e+86
4.01097162009082e+86
4.415068089217587e+86
4.479634610354285e+86
4.32106555871175e+86
3.537647913997465e+86
2.322557524436683e+86
-2.430788445781983e+86
-2.57862796208088e+86
-3.000508983726404e+86
-3.605889711483283e+86
-3.981044341849684e+86
-8.489007432020444e+85
-7.74602345001913e+85
-5.544748080375322e+85
-1.604410192890722e+85
2.088157956315304e+85
