FiniteElementSpace
FiniteElementCollection: L2_2D_P1
VDim: 1
Ordering: 0

-1.304974970273511e+22
-1.164412177515074e+22
-1.164412177515018e+22
-1.041617594838864e+22
-1.064253460049674e+22
-9.535183669067023e+21
-9.303590371573738e+21
-8.354810201464328e+21
-8.738211830790119e+21
-7.667390440528925e+21
-7.667390440528766e+21
-6.74195289706432e+21
-1.064253460049837e+22
-9.303590371575892e+21
-9.535183669067801e+21
-8.354810201465108e+21
-8.363827459368613e+21
-7.118572024302317e+21
-7.521020349237541e+21
-6.413845209189152e+21
-6.257901239704522e+21
-5.127033828373463e+21
-5.644180928757978e+21
-4.630908285459532e+21
-5.194161084673238e+21
-4.264953301493371e+21
-4.584305083560068e+21
-3.768499253559975e+21
-6.908601352296018e+21
-5.898512091675065e+21
-6.081927717733813e+21
-5.201769165274265e+21
-5.490651751723005e+21
-4.700243392385631e+21
-4.700243392386213e+21
-4.028940044060547e+21
-4.144192165186195e+21
-3.408006819333056e+21
-3.553781353203118e+21
-2.924108204174009e+21
-3.134883346612509e+21
-2.578665380286883e+21
-2.578665380287229e+21
-2.119936884402595e+21
-4.144192165187671e+21
-3.553781353203951e+21
-3.408006819335687e+21
-2.924108204175108e+21
-5.194161084675038e+21
-4.58430508356182e+21
-4.264953301497105e+21
-3.768499253563429e+21
-6.908601352296415e+21
-6.081927717734189e+21
-5.898512091676199e+21
-5.2017691652752e+21
-8.363827459366923e+21
-7.521020349237512e+21
-7.118572024302662e+21
-6.413845209190239e+21
-6.257901239705834e+21
-5.644180928759357e+21
-5.127033828375946e+21
-4.630908285463169e+21
-4.35945581196931e+21
-3.939686849957446e+21
-3.360029306139696e+21
-3.0381471424487e+21
-3.629211107807134e+21
-3.207328381871177e+21
-2.798735560291394e+21
-2.473463339067178e+21
-2.246382750139577e+21
-1.983271721858525e+21
-1.534577672273739e+21
-1.350795785707595e+21
-2.699388992140195e+21
-2.439856117166562e+21
-1.849788978668497e+21
-1.669938698859729e+21
-1.31688022405172e+21
-1.184437182505649e+21
-6.367277865075615e+20
-5.638667256248547e+20
-2.889758055523886e+20
-2.560225145002416e+20
1.13254112216613e+20
1.229945009759404e+20
-2.282742114351303e+20
-1.942383372355764e+20
1.29637093397648e+20
1.402781453047224e+20
-1.083838199605373e+21
-9.475862602820876e+20
-5.082895928211736e+20
-4.374547478576335e+20
-8.469702012199223e+20
-7.121295665815235e+20
-3.830405360351402e+20
-3.16198859786833e+20
-1.645872032892984e+20
-1.294037557098361e+20
1.471569738513035e+20
1.58279099469747e+20
-9.806356795092433e+19
-6.138163872061673e+19
1.651111186721048e+20
1.760329544200683e+20
-6.15782467427181e+20
-4.882434062033941e+20
-2.644953394249501e+20
-2.022759565406917e+20
-1.342145884221968e+21
-1.092374868487722e+21
-8.987755285791993e+20
-7.229882060005989e+20
-1.790059945244e+21
-1.530107329188335e+21
-1.21470305137909e+21
-1.031536654019555e+21
-2.900274852370322e+21
-2.487388550559045e+21
-2.235218736690264e+21
-1.91519489834586e+21
-2.19209870751132e+21
-1.799161540104307e+21
-1.68462121416945e+21
-1.378136964287909e+21
-1.523843441141402e+21
-1.161977496261978e+21
-1.161977496262427e+21
-8.784885207116606e+20
-9.159591020568701e+20
-5.989689865484172e+20
-6.854324939594676e+20
-4.391275325499995e+20
-5.295008255671787e+20
-3.304804807783751e+20
-3.304804807786002e+20
-1.943906086534399e+20
-9.159591020575375e+20
-6.854324939595467e+20
-5.989689865488337e+20
-4.391275325502915e+20
-4.000105057221031e+20
-2.849655636745712e+20
-1.541938830013739e+20
-9.560820570726158e+19
-2.880695723789302e+19
9.678870847851035e+18
1.824241793672491e+20
1.92178685532711e+20
4.249962265877789e+19
8.254093717354303e+19
1.975931361147135e+20
2.049026368115435e+20
-2.07396134753386e+20
-1.072448594938663e+20
-5.110055126644281e+19
6.256157565735208e+18
-4.04786645922856e+19
4.882612897945761e+19
4.882612897999325e+19
1.086920607311416e+20
1.138493698095824e+20
1.535642022473395e+20
2.084315688863757e+20
2.113714742958564e+20
1.795960303709438e+20
2.093975062437343e+20
2.093975062444776e+20
2.006943234541377e+20
1.138493698082516e+20
2.084315688844904e+20
1.535642022466207e+20
2.113714742947171e+20
4.249962265686921e+19
1.975931361117375e+20
8.254093717172706e+19
2.04902636809161e+20
-2.073961347531695e+20
-5.110055126698429e+19
-1.07244859493949e+20
6.256157564901537e+18
-4.000105057212733e+20
-1.541938830007408e+20
-2.849655636738622e+20
-9.560820570745959e+19
-2.880695723940725e+19
1.824241793636386e+20
9.678870845847771e+18
1.921786855294234e+20
-9.806356795131558e+19
1.651111186683923e+20
-6.138163872175911e+19
1.760329544163678e+20
-1.645872032886811e+20
1.471569738478923e+20
-1.29403755709747e+20
1.582790994661105e+20
-8.469702012187306e+20
-3.830405360334638e+20
-7.121295665803368e+20
-3.161988597852975e+20
-6.157824674260464e+20
-2.644953394235191e+20
-4.882434062023815e+20
-2.02275956539675e+20
-1.342145884221069e+21
-8.987755285780713e+20
-1.092374868486624e+21
-7.229882059997811e+20
-2.192098707511248e+21
-1.684621214169235e+21
-1.799161540104406e+21
-1.378136964287367e+21
-2.900274852368519e+21
-2.235218736690147e+21
-2.487388550558863e+21
-1.915194898345848e+21
-1.790059945243722e+21
-1.214703051378045e+21
-1.530107329187536e+21
-1.031536654018384e+21
-2.246382750138831e+21
-1.53457767227312e+21
-1.98327172185846e+21
-1.350795785706786e+21
-3.62921110780259e+21
-2.798735560288664e+21
-3.207328381868015e+21
-2.473463339066266e+21
-4.35945581196419e+21
-3.360029306133975e+21
-3.939686849952016e+21
-3.038147142444787e+21
-2.699388992137226e+21
-1.849788978667328e+21
-2.439856117165238e+21
-1.66993869885903e+21
-1.316880224050687e+21
-6.367277865060454e+20
-1.184437182504661e+21
-5.638667256231065e+20
-1.083838199604339e+21
-5.08289592819377e+20
-9.475862602809421e+20
-4.374547478558539e+20
-2.282742114335654e+20
1.296370933948158e+20
-1.9423833723451e+20
1.402781453015499e+20
-2.889758055500773e+20
1.132541122142858e+20
-2.560225144982635e+20
1.229945009732948e+20
