FiniteElementSpace
FiniteElementCollection: L2_2D_P4
VDim: 1
Ordering: 0

1.593920738383364e+87
1.331267185278664e+87
8.7390538472307e+86
4.549536485562404e+86
2.159852293391217e+86
1.331267185278915e+87
-2.513638211221599e+86
-1.603615997132809e+87
-2.088990505495921e+87
-2.093979621795364e+87
8.739053847232519e+86
-1.603615997132911e+87
-1.857832946589991e+87
-3.786303180659876e+86
7.24036385602575e+86
4.549536485562549e+86
-2.088990505496234e+87
-3.78630318066157e+86
1.960808276474566e+87
2.288140123612497e+87
2.159852293390446e+86
-2.093979621795802e+87
7.240363856023669e+86
2.288140123612585e+87
1.257744601458251e+87
