FiniteElementSpace
FiniteElementCollection: L2_2D_P4
VDim: 1
Ordering: 0

1.06656704077609e+86
-8.194835194963144e+85
-2.832087263031892e+86
-3.956431209161802e+86
-4.335924639997418e+86
-2.033395351971233e+87
-1.841777872702919e+87
-1.532567963877437e+87
-1.31708407703165e+87
-1.24157218631543e+87
1.186291151064914e+87
1.806922055466681e+87
2.207067761123804e+87
2.288059969425091e+87
2.255081370672065e+87
2.048681287804722e+87
1.240706201613629e+87
6.159484582672218e+85
-5.903533388362104e+86
-6.396847709223117e+86
4.665409020491637e+86
-5.989534457056856e+86
-2.721159738359504e+86
1.216712931229464e+87
1.601178321413946e+87
