FiniteElementSpace
FiniteElementCollection: L2_2D_P4
VDim: 1
Ordering: 0

0.0003392965274383354
0.001666910332460933
0.003593596291244862
0.005480203777338341
0.006734617101183048
0.001666987604922326
0.008190001717824231
0.01765687872392898
0.0269271101737197
0.03309114664681785
0.003593819981439034
0.01765720250380116
0.03806764782123975
0.05805337057603564
0.07134141288564731
0.005480582921146692
0.0269278388448382
0.05805376810960861
0.0885278649512659
0.1087853137945428
0.006735148790304226
0.03309215080808534
0.07134199213756844
0.1087854028438697
0.1336709336357585
0.007362248401533838
0.03617331772199291
0.07798349635815433
0.1189085192521002
0.1461050777229917
0.008561392272718174
0.04206528606589179
0.09068237496185015
0.138260925860063
0.1698723658157057
0.01023520020618641
0.05028962052309986
0.1084045767921683
0.1652607069326524
0.2030248510587917
0.01179474307918308
0.05795215012821214
0.1249118804275387
0.1904010428212276
0.2338875581914186
0.01278505285512453
0.06281765366581533
0.1353911746698471
0.2063565539387763
0.2534720371925507
0.1596930343417867
0.1856641866295195
0.2218873006474062
0.2556054548915232
0.2770007845456197
0.1856640806795344
0.215843428152908
0.2579291968285881
0.2971007301096419
0.3219558678510793
0.2218868762340646
0.2579289080938095
0.3081848081271637
0.3549590129024264
0.3846374472608206
0.2556047286226187
0.2971003529622464
0.3549591256109155
0.4088055464866961
0.4429649727716011
0.2769999918096757
0.3219556832130847
0.3846378660970193
0.4429651467644844
0.4799578723093399
0.007361591518904202
0.008560482407949677
0.01023392333206624
0.01179307750954572
0.01278318397074847
0.03617217348495447
0.04206389780550124
0.05028797461939776
0.05795035516088013
0.06281580231594913
0.07798285840787615
0.09068169704468759
0.1084040047034242
0.1249115800120322
0.135391116443269
0.1189084316281264
0.1382609288387363
0.1652610072964256
0.1904017648464837
0.2063575921818342
0.1461050846195113
0.1698724682637816
0.2030252586259004
0.2338883294063268
0.2534729928817235
