FiniteElementSpace
FiniteElementCollection: L2_2D_P3
VDim: 1
Ordering: 0

-15040.98
-8947.6162
964.52462
-22030.455
-15041.832
-8947.5632
964.50164
-22030.429
-15041.799
-8947.6677
964.51083
-22030.562
-15043.084
-8947.4688
964.20135
-22027.557
-2890.4063
-7318.8822
-14937.082
-30412.548
-2891.5277
-7319.3226
-14938.636
-30407.238
-2888.4078
-7318.1451
-14935.221
-30421.857
-2881.8287
-7315.8159
-14928.222
-30450.796
-324.77503
-1780.0197
-2032.6439
-2516.3259
-325.62111
-1779.2747
-2032.1383
-2516.535
-323.45326
-1780.8956
-2033.49
-2515.7088
-318.72855
-1784.5638
-2036.364
-2514.0649
-309.97929
-1791.3977
-2043.0919
-2506.5278
-314.91252
-1787.5429
-2039.9934
-2508.3448
-320.62309
-1783.039
-2036.4874
-2510.3336
-323.87818
-1780.4372
-2034.5244
-2511.4094
-2873.9473
-7310.6378
-14915.673
-30502.887
-2881.0368
-7312.9306
-14922.93
-30472.358
-2889.062
-7315.5621
-14931.296
-30437.923
-2893.5542
-7317.046
-14936.065
-30418.744
-2847.3985
-7307.842
-14891.876
-30600.702
-2851.5913
-7308.8666
-14896.262
-30581.758
-2859.4009
-7311.1285
-14904.358
-30547.422
-2866.9146
-7313.6491
-14911.224
-30514.744
-2848.9419
-7307.1994
-14906.363
-30608.741
-2845.7821
-7307.3646
-14896.176
-30615.081
-2844.6132
-7307.3946
-14890.362
-30614.343
-2845.825
-7307.4444
-14890.523
-30608.63
-300.42743
-1796.7492
-2045.5449
-2501.6264
-297.55604
-1800.7997
-2049.9215
-2502.8662
-296.61987
-1802.9134
-2052.2758
-2503.8115
-297.77773
-1802.5254
-2052.0432
-2504.3148
-298.98642
-1801.8274
-2051.4788
-2504.7571
-302.18448
-1799.6122
-2049.615
-2505.7377
-307.86315
-1795.4298
-2046.217
-2507.674
-313.06191
-1791.5785
-2043.32
-2509.8579
-18357.918
-14226.452
-8031.3499
-2790.8875
-18351.878
-14225.409
-8032.0392
-2792.7967
-18349.484
-14225.288
-8031.8989
-2793.3299
-18349.291
-14224.98
-8031.8979
-2793.5505
-16190.435
-14846.316
-7690.7419
-3014.9343
-16235.899
-14831.507
-7699.0817
-3009.3424
-16754.929
-14663.334
-7794.5322
-2946.0208
-16802.961
-14648.332
-7803.1461
-2940.255
-36388.987
-30790.251
-27082.07
-32667.165
-36390.849
-30788.198
-27087.23
-32652.354
-36392.541
-30786.61
-27088.871
-32643.322
-36392.519
-30787.985
-27085.375
-32651.131
-44510.666
-50411.278
-46108.594
-40346.913
-44552.117
-50400.111
-46112.678
-40345.13
-44574.032
-50394.846
-46117.418
-40345.458
-44548.621
-50401.967
-46116.763
-40347.878
