FiniteElementSpace
FiniteElementCollection: L2_2D_P3
VDim: 1
Ordering: 0

7.6157732e+16
7.619486e+16
7.6243253e+16
7.6280302e+16
7.6157732e+16
7.619486e+16
7.6243253e+16
7.6280302e+16
7.6157732e+16
7.619486e+16
7.6243252e+16
7.6280301e+16
7.6157732e+16
7.619486e+16
7.6243252e+16
7.6280301e+16
7.6300029e+16
7.6337016e+16
7.6385209e+16
7.6422093e+16
7.6300029e+16
7.6337016e+16
7.6385209e+16
7.6422093e+16
7.6300029e+16
7.6337016e+16
7.6385209e+16
7.6422093e+16
7.6300029e+16
7.6337017e+16
7.6385209e+16
7.6422093e+16
7.6300029e+16
7.6337017e+16
7.6385209e+16
7.6422093e+16
7.6300029e+16
7.6337016e+16
7.6385209e+16
7.6422093e+16
7.6300029e+16
7.6337016e+16
7.6385209e+16
7.6422093e+16
7.6300029e+16
7.6337016e+16
7.6385209e+16
7.6422093e+16
7.6451542e+16
7.6525081e+16
7.6620708e+16
7.6693737e+16
7.6451542e+16
7.6525081e+16
7.6620708e+16
7.6693738e+16
7.6451542e+16
7.6525082e+16
7.6620708e+16
7.6693738e+16
7.6451542e+16
7.6525082e+16
7.6620709e+16
7.6693738e+16
7.645154e+16
7.652508e+16
7.6620707e+16
7.6693736e+16
7.6451541e+16
7.6525081e+16
7.6620708e+16
7.6693737e+16
7.6451542e+16
7.6525081e+16
7.6620708e+16
7.6693737e+16
7.6451542e+16
7.6525081e+16
7.6620708e+16
7.6693737e+16
7.6732556e+16
7.6805207e+16
7.6899604e+16
7.6971636e+16
7.6732556e+16
7.6805208e+16
7.6899603e+16
7.6971635e+16
7.6732556e+16
7.6805208e+16
7.6899603e+16
7.6971635e+16
7.6732556e+16
7.6805208e+16
7.6899603e+16
7.6971635e+16
7.7009906e+16
7.708149e+16
7.7174422e+16
7.7245275e+16
7.7009905e+16
7.7081489e+16
7.7174422e+16
7.7245275e+16
7.7009904e+16
7.7081489e+16
7.7174422e+16
7.7245275e+16
7.7009904e+16
7.7081489e+16
7.7174421e+16
7.7245275e+16
7.7009904e+16
7.7081489e+16
7.7174421e+16
7.7245275e+16
7.7009904e+16
7.7081489e+16
7.7174421e+16
7.7245274e+16
7.7009904e+16
7.7081489e+16
7.7174421e+16
7.7245274e+16
7.7009904e+16
7.7081489e+16
7.7174421e+16
7.7245275e+16
7.6732557e+16
7.6805208e+16
7.6899603e+16
7.6971635e+16
7.6732557e+16
7.6805208e+16
7.6899603e+16
7.6971635e+16
7.6732557e+16
7.6805208e+16
7.6899603e+16
7.6971635e+16
7.6732557e+16
7.6805208e+16
7.6899603e+16
7.6971635e+16
7.6751939e+16
7.6896841e+16
7.7084222e+16
7.7226428e+16
7.6751939e+16
7.6896841e+16
7.7084222e+16
7.7226428e+16
7.6751939e+16
7.6896842e+16
7.7084223e+16
7.7226429e+16
7.6751939e+16
7.6896842e+16
7.7084224e+16
7.7226429e+16
7.6451543e+16
7.6525082e+16
7.6620709e+16
7.6693738e+16
7.6451543e+16
7.6525082e+16
7.6620709e+16
7.6693738e+16
7.6451543e+16
7.6525082e+16
7.6620708e+16
7.6693737e+16
7.6451544e+16
7.6525081e+16
7.6620707e+16
7.6693737e+16
7.6451542e+16
7.6525082e+16
7.6620709e+16
7.6693738e+16
7.6451542e+16
7.6525082e+16
7.6620709e+16
7.6693738e+16
7.6451542e+16
7.6525082e+16
7.6620709e+16
7.6693738e+16
7.6451543e+16
7.6525082e+16
7.6620709e+16
7.6693738e+16
7.6167628e+16
7.6241833e+16
7.6338431e+16
7.641227e+16
7.6167629e+16
7.6241833e+16
7.6338431e+16
7.6412271e+16
7.6167629e+16
7.6241833e+16
7.6338432e+16
7.6412271e+16
7.616763e+16
7.6241834e+16
7.6338432e+16
7.6412271e+16
7.616763e+16
7.6241834e+16
7.6338432e+16
7.6412271e+16
7.616763e+16
7.6241835e+16
7.6338433e+16
7.6412272e+16
7.616763e+16
7.6241836e+16
7.6338434e+16
7.6412272e+16
7.6167631e+16
7.6241837e+16
7.6338436e+16
7.6412273e+16
