FiniteElementSpace
FiniteElementCollection: L2_2D_P3
VDim: 1
Ordering: 0

7.5306858e+16
7.5381686e+16
7.5479379e+16
7.55543e+16
7.5306859e+16
7.5381686e+16
7.547938e+16
7.55543e+16
7.5306859e+16
7.5381686e+16
7.547938e+16
7.55543e+16
7.5306859e+16
7.5381687e+16
7.547938e+16
7.55543e+16
7.5019916e+16
7.5094672e+16
7.5192219e+16
7.5266998e+16
7.5019916e+16
7.5094672e+16
7.5192219e+16
7.5266999e+16
7.5019916e+16
7.5094672e+16
7.5192219e+16
7.5266999e+16
7.5019916e+16
7.5094672e+16
7.5192219e+16
7.5266999e+16
7.5019916e+16
7.5094672e+16
7.5192219e+16
7.5266999e+16
7.5019916e+16
7.5094672e+16
7.5192219e+16
7.5266999e+16
7.5019916e+16
7.5094672e+16
7.5192219e+16
7.5267e+16
7.5019916e+16
7.5094671e+16
7.5192219e+16
7.5267001e+16
7.5039833e+16
7.5189357e+16
7.5384554e+16
7.5534331e+16
7.5039832e+16
7.5189358e+16
7.5384554e+16
7.5534331e+16
7.5039832e+16
7.5189358e+16
7.5384555e+16
7.5534331e+16
7.5039832e+16
7.5189358e+16
7.5384555e+16
7.5534332e+16
7.5039832e+16
7.5189358e+16
7.5384555e+16
7.5534332e+16
7.5039832e+16
7.5189358e+16
7.5384555e+16
7.5534332e+16
7.5039832e+16
7.5189358e+16
7.5384555e+16
7.5534332e+16
7.5039832e+16
7.5189358e+16
7.5384555e+16
7.5534332e+16
7.5614206e+16
7.5764047e+16
7.5959183e+16
7.6108229e+16
7.5614206e+16
7.5764047e+16
7.5959183e+16
7.6108229e+16
7.5614206e+16
7.5764047e+16
7.5959183e+16
7.6108229e+16
7.5614206e+16
7.5764047e+16
7.5959183e+16
7.6108229e+16
7.5614205e+16
7.5764047e+16
7.5959183e+16
7.6108227e+16
7.5614205e+16
7.5764047e+16
7.5959183e+16
7.6108228e+16
7.5614206e+16
7.5764048e+16
7.5959183e+16
7.6108229e+16
7.5614206e+16
7.5764047e+16
7.5959183e+16
7.6108229e+16
7.6167637e+16
7.6241843e+16
7.6338441e+16
7.6412277e+16
7.6167637e+16
7.6241843e+16
7.6338439e+16
7.6412276e+16
7.6167638e+16
7.6241843e+16
7.6338439e+16
7.6412276e+16
7.6167638e+16
7.6241843e+16
7.6338439e+16
7.6412276e+16
7.6451547e+16
7.6525084e+16
7.6620709e+16
7.6693739e+16
7.6451547e+16
7.6525085e+16
7.6620711e+16
7.6693739e+16
7.6451547e+16
7.6525085e+16
7.6620711e+16
7.669374e+16
7.6451547e+16
7.6525086e+16
7.6620712e+16
7.669374e+16
7.6451547e+16
7.6525086e+16
7.6620712e+16
7.669374e+16
7.6451547e+16
7.6525086e+16
7.6620712e+16
7.6693741e+16
7.6451547e+16
7.6525086e+16
7.6620712e+16
7.6693741e+16
7.6451546e+16
7.6525086e+16
7.6620713e+16
7.6693741e+16
7.6167638e+16
7.6241843e+16
7.6338439e+16
7.6412276e+16
7.6167638e+16
7.6241843e+16
7.6338439e+16
7.6412276e+16
7.6167638e+16
7.6241843e+16
7.6338438e+16
7.6412275e+16
7.6167639e+16
7.6241844e+16
7.6338438e+16
7.6412274e+16
7.6187425e+16
7.6335608e+16
7.6527896e+16
7.6674306e+16
7.6187426e+16
7.6335607e+16
7.6527896e+16
7.6674307e+16
7.6187426e+16
7.6335607e+16
7.6527896e+16
7.6674307e+16
7.6187426e+16
7.6335607e+16
7.6527896e+16
7.6674307e+16
7.6751943e+16
7.6896845e+16
7.7084226e+16
7.7226431e+16
7.6751943e+16
7.6896845e+16
7.7084226e+16
7.7226431e+16
7.6751943e+16
7.6896845e+16
7.7084226e+16
7.7226431e+16
7.6751943e+16
7.6896845e+16
7.7084226e+16
7.7226431e+16
7.6751941e+16
7.6896845e+16
7.7084226e+16
7.7226431e+16
7.6751942e+16
7.6896845e+16
7.7084226e+16
7.7226431e+16
7.6751942e+16
7.6896845e+16
7.7084226e+16
7.7226431e+16
7.6751943e+16
7.6896845e+16
7.7084226e+16
7.7226431e+16
