MFEM mesh v1.0

#
# MFEM Geometry Types (see mesh/geom.hpp):
#
# POINT       = 0
# SEGMENT     = 1
# TRIANGLE    = 2
# SQUARE      = 3
# TETRAHEDRON = 4
# CUBE        = 5
# PRISM       = 6
#

dimension
2

elements
181
1 3 28 30 31 32
1 3 26 28 32 25
1 3 25 32 33 24
1 3 24 33 34 10
1 3 33 35 8 34
1 3 32 31 35 33
1 3 31 36 37 35
1 3 35 37 38 8
1 3 37 39 9 38
1 3 36 40 39 37
1 3 29 41 40 31
1 3 42 43 41 44
1 3 45 46 43 42
1 3 47 45 42 48
1 3 48 42 44 29
1 3 49 48 29 27
1 3 50 51 27 52
1 3 22 50 52 23
1 3 21 53 50 22
1 3 53 49 51 50
1 3 20 54 49 21
1 3 54 47 48 49
1 3 55 56 47 54
1 3 19 55 54 20
1 3 57 58 55 59
1 3 60 57 59 19
1 3 18 61 57 60
1 3 61 62 58 57
1 3 62 63 56 55
1 3 63 64 65 56
1 3 56 65 45 47
1 3 65 66 46 45
1 3 64 3 66 65
1 3 67 68 3 63
1 3 69 70 68 67
1 3 71 69 67 72
1 3 72 73 74 75
1 3 73 67 76 74
1 3 74 76 63 62
1 3 75 74 62 18
1 3 77 75 18 17
1 3 78 72 75 77
1 3 79 78 77 80
1 3 80 77 17 16
1 3 81 79 16 15
1 3 82 83 79 81
1 3 83 71 72 79
1 3 84 85 71 83
1 3 86 84 83 82
1 3 87 88 84 86
1 3 88 89 85 84
1 3 89 90 91 85
1 3 85 91 69 71
1 3 91 92 70 69
1 3 90 93 92 91
1 3 94 95 93 90
1 3 96 94 90 89
1 3 97 98 94 96
1 3 98 99 95 94
1 3 100 101 99 98
1 3 102 1 101 100
1 3 103 102 100 104
1 3 104 100 98 97
1 3 105 104 97 106
1 3 107 103 104 105
1 3 108 107 105 109
1 3 109 105 106 110
1 3 110 106 111 112
1 3 106 97 96 111
1 3 111 96 89 88
1 3 112 111 88 87
1 3 113 112 87 114
1 3 115 113 114 116
1 3 117 118 113 115
1 3 118 110 112 113
1 3 119 109 110 118
1 3 120 108 109 119
1 3 121 120 119 122
1 3 122 119 118 117
1 3 123 124 117 125
1 3 126 123 125 127
1 3 128 129 123 126
1 3 129 122 124 123
1 3 130 131 122 129
1 3 132 121 131 130
1 3 133 132 130 134
1 3 134 130 129 128
1 3 135 134 128 136
1 3 137 133 134 135
1 3 0 137 135 138
1 3 138 135 136 139
1 3 139 136 140 141
1 3 136 128 126 140
1 3 140 126 127 142
1 3 141 140 142 143
1 3 143 142 144 145
1 3 145 144 146 147
1 3 144 148 149 146
1 3 142 127 148 144
1 3 127 125 150 148
1 3 125 117 151 150
1 3 150 151 115 152
1 3 148 150 152 149
1 3 149 152 153 154
1 3 152 115 155 153
1 3 153 155 116 156
1 3 154 153 156 157
1 3 158 154 157 159
1 3 146 149 154 158
1 3 147 146 158 160
1 3 160 158 159 161
1 3 161 159 162 163
1 3 159 157 164 162
1 3 162 164 165 166
1 3 163 162 166 167
1 3 167 166 168 169
1 3 169 168 170 171
1 3 168 172 173 170
1 3 166 165 172 168
1 3 165 174 175 173
1 3 157 116 174 165
1 3 116 114 176 174
1 3 114 87 86 176
1 3 176 86 82 177
1 3 174 176 177 175
1 3 175 177 178 179
1 3 177 82 81 178
1 3 178 81 15 14
1 3 179 178 14 13
1 3 180 179 13 12
1 3 173 175 179 180
1 3 181 182 180 183
1 3 170 173 182 181
1 3 171 170 181 184
1 3 184 181 183 185
1 3 185 183 186 187
1 3 183 180 188 186
1 3 186 188 12 11
1 3 187 186 11 2
1 3 189 187 2 7
1 3 190 185 187 189
1 3 191 190 189 192
1 3 192 189 7 6
1 3 193 192 6 5
1 3 194 193 5 4
1 3 195 196 193 194
1 3 196 191 192 193
1 3 197 198 191 196
1 3 199 197 196 195
1 3 200 201 197 199
1 3 201 202 198 197
1 3 202 203 204 198
1 3 198 204 190 191
1 3 204 184 185 190
1 3 203 171 184 204
1 3 205 169 171 203
1 3 206 205 203 202
1 3 207 208 205 206
1 3 208 167 169 205
1 3 209 163 167 208
1 3 210 161 163 209
1 3 211 210 209 212
1 3 212 209 208 207
1 3 213 212 207 214
1 3 215 211 212 213
1 3 216 215 213 217
1 3 217 213 214 218
1 3 218 214 219 220
1 3 214 207 206 219
1 3 219 206 202 201
1 3 220 219 201 200
1 3 221 220 200 222
1 3 223 221 222 224
1 3 225 226 221 223
1 3 226 218 220 221
1 3 227 217 218 226
1 3 228 216 217 227
1 3 229 228 227 230
1 3 230 227 226 225
1 3 231 230 225 232
1 3 233 229 230 231

boundary
81
2 1 39 9
2 1 40 39
2 1 41 40
2 1 43 41
2 1 46 43
2 1 66 46
2 1 3 66
2 1 68 3
2 1 70 68
2 1 92 70
2 1 93 92
2 1 95 93
2 1 99 95
2 1 101 99
2 1 1 101
17 1 28 30
17 1 26 28
17 1 25 26
17 1 24 25
17 1 10 24
17 1 29 27
17 1 23 22
17 1 22 21
17 1 21 20
17 1 20 19
17 1 18 17
17 1 17 16
17 1 102 1
17 1 103 102
17 1 107 103
17 1 108 107
17 1 132 121
17 1 133 132
17 1 137 133
17 1 0 137
17 1 138 0
17 1 139 138
17 1 141 139
17 1 143 141
17 1 145 143
17 1 147 145
17 1 160 147
17 1 161 160
17 1 15 14
17 1 14 13
17 1 12 11
17 1 11 2
17 1 2 7
17 1 7 6
17 1 6 5
17 1 5 4
17 1 4 194
17 1 194 195
17 1 195 199
17 1 199 200
17 1 210 161
17 1 211 210
17 1 215 211
17 1 216 215
17 1 200 222
17 1 222 224
17 1 224 223
17 1 223 225
17 1 228 216
17 1 229 228
17 1 225 232
17 1 232 231
17 1 233 229
17 1 231 233
17 1 16 15
17 1 120 108
17 1 121 120
17 1 13 12
17 1 38 8
17 1 9 38
17 1 34 10
17 1 8 34
17 1 60 18
17 1 19 60
17 1 52 23
17 1 27 52

vertices
234
2
0.75 0.25
1 0.25
0.75 0.5
1 0.5
0.6875 0.5
0.703125 0.5
0.71875 0.5
0.734375 0.5
0.96875 0.625
1 0.625
0.9375 0.625
0.765625 0.5
0.78125 0.5
0.8125 0.5
0.84375 0.5
0.875 0.5
0.90625 0.5
0.921875 0.5
0.9375 0.5
0.9375 0.515625
0.9375 0.53125
0.9375 0.546875
0.9375 0.5546875
0.9375 0.5625
0.9375 0.609375
0.9375 0.59375
0.9375 0.578125
0.953125 0.5625
0.953125 0.578125
0.96875 0.5625
0.96875 0.578125
0.96875 0.59375
0.953125 0.59375
0.953125 0.609375
0.953125 0.625
0.96875 0.609375
0.984375 0.59375
0.984375 0.609375
0.984375 0.625
1 0.609375
1 0.59375
1 0.5625
0.984375 0.546875
1 0.546875
0.984375 0.5625
0.984375 0.53125
1 0.53125
0.96875 0.53125
0.96875 0.546875
0.953125 0.546875
0.9453125 0.5546875
0.953125 0.5546875
0.9453125 0.5625
0.9453125 0.546875
0.953125 0.53125
0.953125 0.515625
0.96875 0.515625
0.9453125 0.5078125
0.953125 0.5078125
0.9453125 0.515625
0.9375 0.5078125
0.9453125 0.5
0.953125 0.5
0.96875 0.5
0.984375 0.5
0.984375 0.515625
1 0.515625
0.96875 0.46875
1 0.46875
0.96875 0.4375
1 0.4375
0.9375 0.4375
0.9375 0.46875
0.953125 0.46875
0.953125 0.484375
0.9375 0.484375
0.96875 0.484375
0.921875 0.484375
0.921875 0.46875
0.90625 0.46875
0.90625 0.484375
0.875 0.46875
0.875 0.4375
0.90625 0.4375
0.90625 0.40625
0.9375 0.40625
0.875 0.40625
0.875 0.375
0.90625 0.375
0.9375 0.375
0.96875 0.375
0.96875 0.40625
1 0.40625
1 0.375
0.96875 0.34375
1 0.34375
0.9375 0.34375
0.9375 0.3125
0.96875 0.3125
1 0.3125
0.96875 0.28125
1 0.28125
0.96875 0.25
0.9375 0.25
0.9375 0.28125
0.90625 0.28125
0.90625 0.3125
0.90625 0.25
0.875 0.25
0.875 0.28125
0.875 0.3125
0.90625 0.34375
0.875 0.34375
0.84375 0.34375
0.84375 0.375
0.8125 0.34375
0.8125 0.375
0.8125 0.3125
0.84375 0.3125
0.84375 0.28125
0.84375 0.25
0.8125 0.25
0.8125 0.28125
0.796875 0.296875
0.8125 0.296875
0.796875 0.3125
0.78125 0.296875
0.78125 0.3125
0.78125 0.28125
0.796875 0.28125
0.796875 0.265625
0.8125 0.265625
0.796875 0.25
0.78125 0.25
0.78125 0.265625
0.765625 0.265625
0.765625 0.28125
0.765625 0.25
0.75 0.265625
0.75 0.28125
0.765625 0.296875
0.75 0.296875
0.765625 0.3125
0.75 0.3125
0.765625 0.328125
0.75 0.328125
0.765625 0.34375
0.75 0.34375
0.78125 0.328125
0.78125 0.34375
0.796875 0.328125
0.8125 0.328125
0.796875 0.34375
0.796875 0.359375
0.78125 0.359375
0.8125 0.359375
0.796875 0.375
0.78125 0.375
0.765625 0.359375
0.765625 0.375
0.75 0.359375
0.75 0.375
0.765625 0.390625
0.75 0.390625
0.78125 0.390625
0.78125 0.40625
0.765625 0.40625
0.75 0.40625
0.765625 0.421875
0.75 0.421875
0.765625 0.4375
0.75 0.4375
0.78125 0.421875
0.78125 0.4375
0.8125 0.40625
0.8125 0.4375
0.84375 0.40625
0.84375 0.4375
0.84375 0.46875
0.8125 0.46875
0.78125 0.46875
0.765625 0.453125
0.78125 0.453125
0.765625 0.46875
0.75 0.453125
0.75 0.46875
0.765625 0.484375
0.75 0.484375
0.78125 0.484375
0.734375 0.484375
0.734375 0.46875
0.71875 0.46875
0.71875 0.484375
0.703125 0.484375
0.6875 0.484375
0.6875 0.46875
0.703125 0.46875
0.703125 0.453125
0.71875 0.453125
0.6875 0.453125
0.6875 0.4375
0.703125 0.4375
0.71875 0.4375
0.734375 0.4375
0.734375 0.453125
0.734375 0.421875
0.71875 0.421875
0.71875 0.40625
0.734375 0.40625
0.734375 0.390625
0.734375 0.375
0.71875 0.375
0.71875 0.390625
0.703125 0.390625
0.703125 0.40625
0.703125 0.375
0.6875 0.375
0.6875 0.390625
0.6875 0.40625
0.703125 0.421875
0.6875 0.421875
0.671875 0.421875
0.671875 0.4375
0.65625 0.421875
0.65625 0.4375
0.65625 0.40625
0.671875 0.40625
0.671875 0.390625
0.671875 0.375
0.65625 0.375
0.65625 0.390625
0.640625 0.390625
0.640625 0.40625
0.640625 0.375
