FiniteElementSpace
FiniteElementCollection: L2_2D_P3
VDim: 1
Ordering: 0

3.501703e-05
0.00016627538
0.00033651511
0.00046558341
3.5104272e-05
0.00016669051
0.0003373611
0.00046676392
3.5388231e-05
0.00016804175
0.00034011491
0.00047060673
3.5734941e-05
0.00016969161
0.00034347729
0.00047529877
0.0005336712
0.00065981003
0.00082045659
0.00093990596
0.00053503209
0.00066151442
0.00082262119
0.00094243458
0.00053946214
0.00066706258
0.00082966734
0.00095066564
0.00054487117
0.00067383676
0.00083827045
0.0009607154
0.00054845881
0.00067832984
0.00084397657
0.00096738096
0.00055649295
0.00068839158
0.00085675458
0.00098230732
0.0005694687
0.00070464185
0.0008773913
0.0010064132
0.00058126433
0.00071941394
0.0008961504
0.0010283253
3.5964907e-05
0.00017078592
0.00034570749
0.00047841088
3.6479897e-05
0.00017323656
0.00035070179
0.0004853801
3.7311661e-05
0.00017719458
0.00035876805
0.00049663599
3.8067797e-05
0.00018079271
0.00036610083
0.00050686824
3.8511486e-05
0.00018290403
0.00037040356
0.00051287227
3.9417914e-05
0.00018721732
0.00037919368
0.00052513791
4.0738975e-05
0.00019350364
0.00039200454
0.00054301386
4.1851501e-05
0.00019879763
0.00040279304
0.00055806767
4.247786e-05
0.00020177816
0.00040886697
0.00056654289
4.3712445e-05
0.00020765294
0.00042083887
0.00058324765
4.5430951e-05
0.00021583044
0.00043750317
0.00060649957
4.6822848e-05
0.00022245374
0.00045100019
0.00062533195
0.00065005523
0.00080555944
0.0010055383
0.0011560895
0.00066931154
0.00082967269
0.0010361551
0.001191847
0.00069611483
0.00086323578
0.001078769
0.0012416144
0.00071782337
0.00089041871
0.0011132811
0.0012819187
0.00058818566
0.00072808168
0.00090715738
0.0010411821
0.00060232521
0.00074578876
0.00092964273
0.0010674457
0.00062293204
0.00077159436
0.00096241094
0.0011057189
0.00064028542
0.00079332528
0.00099000416
0.0011379466
0.0011112808
0.0012400285
0.0014018257
0.0015204544
0.0011396056
0.001272322
0.0014395213
0.0015624864
0.0011808817
0.0013193794
0.001494447
0.0016237272
0.0012156374
0.0013590014
0.0015406911
0.001675285
0.0012352031
0.001381306
0.0015667222
0.0017043061
0.0012737643
0.0014252638
0.0016180219
0.0017614955
0.0013274327
0.0014864403
0.001689411
0.0018410757
0.0013708954
0.0015359813
0.0017472183
0.0019055114
0.0017758541
0.0019065013
0.0020692099
0.0021873717
0.0018362853
0.0019732268
0.0021446032
0.0022697959
0.0019203732
0.0020660654
0.0022494884
0.0023844492
0.0019884562
0.0021412274
0.0023343925
0.0024772499
0.0015815661
0.0016919434
0.0018267226
0.0019222151
0.001625986
0.0017410022
0.0018821756
0.0019828599
0.0016907039
0.0018124739
0.0019629539
0.0020711928
0.0017451871
0.0018726383
0.0020309448
0.0021455351
0.0014567027
0.0015540244
0.0016708017
0.0017516706
0.0014819617
0.0015819264
0.0017023488
0.0017861795
0.001522749
0.0016269793
0.001753284
0.0018418934
0.0015598184
0.0016679234
0.0017995703
0.0018925188
0.0010316854
0.0011492749
0.0012958799
0.00140231
0.001047784
0.001167631
0.0013173102
0.001426209
0.0010737826
0.0011972747
0.0013519169
0.0014648011
0.0010974149
0.0012242194
0.0013833713
0.0014998763
0.0010020523
0.0011154853
0.0012564298
0.0013583133
0.0010047795
0.0011185952
0.0012600607
0.0013623627
0.0010136572
0.0011287182
0.0012718797
0.001375544
0.0010244963
0.0011410776
0.0012863096
0.0013916368
0.0014102012
0.0015026548
0.001612717
0.0016881285
0.0014144813
0.0015073832
0.0016180637
0.0016939778
0.0014284131
0.0015227737
0.0016354665
0.0017130161
0.001445422
0.0015415631
0.001656712
0.0017362575
0.0017248795
0.0017869251
0.0018532102
0.0018917671
0.0017310078
0.0017935992
0.0018606448
0.0018998254
0.0017509537
0.0018153215
0.0018848414
0.0019260508
0.0017753027
0.0018418379
0.0019143769
0.0019580614
0.00179145
0.0018594222
0.0019339623
0.0019792874
0.0018276023
0.0018987901
0.001977808
0.0020268036
0.0018859674
0.0019623421
0.0020485815
0.002103495
0.0019389997
0.0020200828
0.0021128755
0.002173158
0.0019989542
0.0020268657
0.0020443639
0.0020422052
0.0020485179
0.002080458
0.0021036099
0.0021061136
0.00212851
0.002166943
0.0021992046
0.0022092185
0.002201167
0.0022454882
0.0022860081
0.002302828
0.0019076576
0.0019281381
0.0019352042
0.0019244396
0.001916064
0.0019372292
0.0019452569
0.0019352858
0.0019434214
0.0019668144
0.0019779699
0.0019705793
0.001976813
0.0020029235
0.0020178938
0.0020136501
0.0019126282
0.0018778453
0.0018061433
0.0017314841
0.0019239186
0.0018900161
0.0018195626
0.0017459277
0.0019606564
0.0019296173
0.0018632229
0.0017929175
0.0020054881
0.00197794
0.0019164933
0.0018502457
0.0016850641
0.0015767844
0.0013937976
0.0012509019
0.0017000729
0.001592958
0.0014116902
0.0012700247
0.0017489001
0.0016455707
0.0014698899
0.001332218
0.0018084673
0.0017097507
0.0015408757
0.0014080668
0.0018479487
0.0017522864
0.001587917
0.0014583272
0.0019362798
0.0018474413
0.0016931362
0.0015707361
0.0020786925
0.0020008273
0.0018627002
0.0017518537
0.002207889
0.0021399486
0.0020164463
0.0019160396
0.0020352099
0.0020099744
0.0019518047
0.0018882444
0.0021017269
0.0020816615
0.0020308169
0.0019732622
0.0022090329
0.0021972919
0.0021582371
0.0021103452
0.0023064486
0.0023022475
0.0022738668
0.0022347197
0.0023635522
0.0023637634
0.0023416269
0.0023075938
0.0024800767
0.0024892736
0.0024798493
0.0024562239
0.0026495845
0.0026718102
0.0026808062
0.0026722529
0.0027920461
0.0028251825
0.0028495935
0.0028536444
0.0022835826
0.0022214435
0.0021064866
0.0020121782
0.0024379492
0.0023876101
0.0022900266
0.0022081118
0.0026622825
0.0026290156
0.0025565488
0.0024925407
0.0028506156
0.0028316105
0.0027801081
0.0027310357
0.0029564132
0.0029453911
0.0029056161
0.0028648944
0.0031644515
0.0031690656
0.0031522448
0.0031278591
0.0034529648
0.0034791268
0.0034939023
0.0034919814
0.003685752
0.003729182
0.0037692454
0.0037852854
0.0028721381
0.0029113928
0.0029444432
0.0029555548
0.0030297639
0.0030810259
0.0031310222
0.0031559755
0.0032486608
0.0033165233
0.0033899267
0.0034339823
0.0034255326
0.0035067456
0.0035989546
0.0036583422
0.002623792
0.0027021888
0.0027904461
0.0028465605
0.0027417709
0.0028296269
0.0029311191
0.0029981128
0.0029057665
0.0030067334
0.0031265568
0.0032086081
0.0030384098
0.003149949
0.0032845438
0.0033787189
0.0022437738
0.0022915439
0.0023368997
0.0023577039
0.0023307548
0.0023855563
0.0024407682
0.0024696902
0.0024573778
0.0025223925
0.0025919137
0.0026326154
0.0025638816
0.002637466
0.0027189874
0.0027695621
0.0019701069
0.0020539497
0.0021505828
0.002214011
0.002033631
0.0021231046
0.002227572
0.0022974156
0.0021261528
0.0022238165
0.0023396745
0.0024188423
0.0022040158
0.0023085618
0.0024339879
0.0025209845
0.002247832
0.0023562469
0.0024870501
0.002578445
0.0023341524
0.0024501808
0.0025915624
0.002691607
0.0024542174
0.0025808176
0.0027368806
0.0028489237
0.0025513918
0.0026865332
0.002854452
0.0029761787
0.0026048294
0.0027446624
0.0029190909
0.0030461326
0.002707904
0.0028567757
0.0030437412
0.0031810147
0.0028471962
0.0030082613
0.0032121303
0.0033631909
0.0029570219
0.0031276851
0.0033448526
0.0035067527
0.003016444
0.003192295
0.0034166475
0.0035844018
0.0031293253
0.0033150219
0.0035530054
0.0037318609
0.0032785908
0.0034772904
0.0037332666
0.0039267662
0.0033938122
0.0036025395
0.0038723841
0.0040771642
0.0036722169
0.0038338965
0.0040384093
0.0041898503
0.0038258398
0.003999585
0.0042208885
0.0043860514
0.0040288723
0.0042185177
0.0044619283
0.0046451393
0.0041855279
0.0043874093
0.0046478171
0.0048448907
0.0031113202
0.0032286588
0.0033713519
0.0034721703
0.0032518923
0.0033803882
0.0035386534
0.0036522383
0.003441732
0.0035852476
0.0037644577
0.0038951982
0.0035913164
0.003746629
0.003942276
0.0040864669
0.0035226871
0.0036112094
0.0037137069
0.0037814767
0.0037098688
0.0038124251
0.0039346618
0.0040185013
0.0039623819
0.0040837705
0.0042324635
0.0043378154
0.0041611352
0.0042972672
0.0044666457
0.0045887962
0.0038134918
0.0038663518
0.0039202122
0.0039460439
0.0040593407
0.0041302572
0.0042105088
0.0042550547
0.0043904583
0.0044854993
0.0046009532
0.0046704266
0.0046506481
0.0047644873
0.0049073222
0.0049961558
0.0047911086
0.0049150372
0.005072549
0.0051717489
0.0050573385
0.0052002764
0.0053854025
0.0055040834
0.0054082472
0.0055760149
0.0057971312
0.0059411529
0.0056783033
0.005865008
0.0061135089
0.0062767735
0.0042685512
0.0044126222
0.0045931297
0.0047243097
0.0044723807
0.0046314615
0.0048329901
0.00498121
0.0047414949
0.0049202867
0.0051493814
0.0053199143
0.0049489418
0.0051428493
0.0053930534
0.0055806478
0.0050595206
0.005261459
0.0055228674
0.0057195087
0.0052670482
0.0054840108
0.0057663606
0.0059798943
0.0055365696
0.005772961
0.0060823543
0.006317673
0.0057390888
0.0059900257
0.0063196408
0.006571229
0.0058221043
0.0060188329
0.0062818053
0.0064552243
0.0060917076
0.0063071199
0.0065970189
0.0067892997
0.0064413621
0.006680809
0.0070052617
0.0072216919
0.0067037797
0.0069611365
0.0073112855
0.0075456432
0.0068401595
0.0071067854
0.0074702184
0.0077138371
0.0070992567
0.0073834222
0.0077719613
0.0080330621
0.0074395769
0.0077466732
0.008167993
0.0084518944
0.007659855
0.0079817521
0.0084242159
0.0087228428
0.0058444117
0.0061028975
0.0064429996
0.0067030188
0.0060446384
0.0063174486
0.0066774331
0.0069534246
0.006307838
0.0065994377
0.0069854717
0.0072823723
0.0064782878
0.0067820396
0.0071849021
0.0074953055
0.0048628991
0.0051174653
0.005450912
0.0057074204
0.0050145094
0.0052808506
0.00563059
0.0059003274
0.0052137907
0.005495631
0.005866798
0.0061539164
0.0053428145
0.0056347094
0.0060197678
0.0063181449
0.0042690815
0.0044774788
0.0047469326
0.0049513787
0.0044259734
0.0046465888
0.004932995
0.0051512487
0.0046298702
0.0048663392
0.0051747226
0.0054108593
0.0047831587
0.0050315339
0.0053564091
0.0056059531
0.0034552815
0.003669356
0.0039465935
0.0041573844
0.0035707246
0.0037948395
0.0040859541
0.0043080236
0.0037207726
0.0039579394
0.0042670861
0.0045038033
0.0038335746
0.0040805598
0.0044032661
0.004650993
0.0038922471
0.004144343
0.004474106
0.004727561
0.0040037574
0.0042655833
0.0046087798
0.0048731359
0.0041502092
0.0044248573
0.0047857542
0.0050644695
0.0042449388
0.0045279112
0.0049002997
0.0051883358
0.0029291846
0.003179534
0.0035067827
0.0037581146
0.0030073262
0.0032658185
0.0036042536
0.0038646284
0.0031098245
0.0033790373
0.0037322065
0.0040044957
0.0031760361
0.0034522003
0.0038149288
0.0040949511
0.0019716235
0.00222071
0.0025461337
0.0027959254
0.0020214228
0.0022775034
0.0026124446
0.0028698687
0.0020866596
0.0023519265
0.0026993782
0.0029668421
0.0021287452
0.002399954
0.0027555044
0.0030294726
0.00177593
0.0019976182
0.0022857921
0.0025057356
0.0018276785
0.0020566033
0.002354613
0.0025824362
0.0018948964
0.0021332291
0.0024440284
0.002682099
0.0019453836
0.0021907903
0.0025112088
0.0027569885
0.0026225833
0.0028411119
0.0031246605
0.0033406695
0.0027036158
0.0029305431
0.0032256258
0.003450959
0.0028089128
0.0030467637
0.0033568476
0.0035943062
0.0028880413
0.0031341121
0.0034554843
0.0037020666
0.0023145718
0.0025011871
0.0027408932
0.0029214409
0.0023937859
0.0025886104
0.0028395976
0.0030292732
0.0024985529
0.0027042316
0.0029701308
0.0031718685
0.0025794336
0.0027934914
0.0030708998
0.0032819445
0.0020259059
0.0021825687
0.0023810883
0.0025282848
0.0020981604
0.0022623273
0.0024711698
0.0026267292
0.0021958389
0.0023701426
0.0025929248
0.002759773
0.0022728798
0.002455173
0.0026889388
0.0028646786
0.0013948058
0.0015632348
0.0017790179
0.0019409559
0.0014409441
0.0016158227
0.0018403751
0.002009343
0.0015033277
0.0016869247
0.0019233292
0.0021017966
0.0015525378
0.0017430108
0.0019887615
0.0021747185
0.0015791707
0.0017733646
0.0020241728
0.0022141821
0.001629775
0.0018310388
0.0020914556
0.0022891632
0.0016967036
0.0019073187
0.0021804441
0.0023883327
0.0017483692
0.0019662048
0.0022491427
0.0024648918
0.00082186975
0.0010206995
0.0012786799
0.0014750655
0.00084715118
0.0010523553
0.0013188681
0.0015219949
0.00088058622
0.0010942211
0.0013720195
0.0015840627
0.00090639354
0.0011265368
0.0014130478
0.0016319752
0.00072976676
0.0009053738
0.0011322681
0.0013040918
0.0007528144
0.00093423293
0.001168907
0.0013468782
0.00078397928
0.00097325566
0.0012184483
0.0014047306
0.00080856411
0.0010040391
0.001257529
0.0014503668
4.7588639e-05
0.00022609774
0.00045842594
0.00063569301
4.9066444e-05
0.00023312979
0.00047275584
0.00065568724
5.1064763e-05
0.0002426387
0.00049213288
0.00068272345
5.2641175e-05
0.00025013998
0.00050741878
0.00070405135
5.3494343e-05
0.00025419974
0.00051569168
0.00071559429
5.5115396e-05
0.00026191342
0.0005314106
0.00073752648
5.7259199e-05
0.00027211464
0.00055219872
0.0007665319
5.8913834e-05
0.0002799882
0.00056824376
0.00078891983
5.9796344e-05
0.00028418763
0.0005768017
0.0008008611
6.1452968e-05
0.00029207074
0.00059286687
0.00082327811
6.3603786e-05
0.00030230562
0.00061372565
0.00085238549
6.5218301e-05
0.00030998856
0.00062938433
0.0008742378
0.00092015882
0.001143774
0.0014349331
0.0016575335
0.00094600036
0.0011761345
0.0014760223
0.0017055208
0.00097955547
0.0012181575
0.0015293865
0.0017678499
0.001004748
0.0012497105
0.0015694605
0.0018146619
0.001017837
0.0012661053
0.0015902851
0.0018389903
0.0010426637
0.0012972062
0.0016297969
0.0018851576
0.0010751548
0.0013379168
0.0016815341
0.0019456267
0.0010960947
0.0013641596
0.0017148956
0.0019846301
6.6057019e-05
0.00031397978
0.00063751924
0.000885591
6.7647487e-05
0.00032154856
0.0006529472
0.00090712424
6.972813e-05
0.00033145041
0.00067313317
0.00093530238
7.1068531e-05
0.00033782966
0.00068613956
0.00095346092
