FiniteElementSpace
FiniteElementCollection: L2_2D_P1
VDim: 1
Ordering: 0

4.864335976150255e+131
3.905551393869291e+130
3.90555139386931e+130
1.305949737141047e+129
2.161121638608313e+130
1.920168590068709e+130
3.307069759633766e+130
1.17740322403056e+130
2.221807043006629e+130
4.06378054439708e+129
4.063780544397172e+129
-5.997501647637465e+128
2.161121638608359e+130
3.307069759633796e+130
1.920168590068745e+130
1.177403224030582e+130
9.162395553509605e+128
-2.465540795879485e+128
-1.239262670237035e+129
-1.326299652013985e+129
-1.995059634717418e+129
-2.123036258582847e+129
-2.68051221816273e+129
-2.737722854520231e+129
-2.318156987533595e+129
-2.606752270092354e+129
-2.804768895890535e+129
-2.851846155630476e+129
-4.550085601473295e+128
-8.725076575973789e+128
-1.559445486701453e+129
-2.122659943107347e+129
-1.625081704707025e+129
-2.546088198761357e+129
-2.546088198761487e+129
-2.786334388115638e+129
-2.740748029507268e+129
-2.808194521723112e+129
-2.859099776983924e+129
-2.833342751725809e+129
-2.82527998903872e+129
-2.793696207095766e+129
-2.793696207095789e+129
-2.693122730329977e+129
-2.740748029507106e+129
-2.859099776983976e+129
-2.808194521723143e+129
-2.833342751725849e+129
-2.31815698753315e+129
-2.804768895890355e+129
-2.606752270092028e+129
-2.85184615563046e+129
-4.550085601474059e+128
-1.559445486701126e+129
-8.725076575972633e+128
-2.122659943107027e+129
9.162395553504682e+128
-1.239262670237054e+129
-2.465540795881696e+128
-1.326299652013795e+129
-1.995059634717017e+129
-2.680512218162331e+129
-2.123036258582317e+129
-2.737722854519941e+129
-2.89601973061985e+129
-2.795825705663986e+129
-2.882025378549276e+129
-2.790013275021273e+129
-2.869374971112603e+129
-2.776075103713483e+129
-2.834965407877171e+129
-2.747527244964571e+129
-2.687540952047023e+129
-2.481142725558972e+129
-2.63828910280258e+129
-2.43179257304613e+129
-2.727260263424107e+129
-2.521561152209034e+129
-2.712182921047144e+129
-2.504938127554933e+129
-2.359525278969126e+129
-2.127094875855617e+129
-2.343450982959802e+129
-2.112568881532539e+129
-1.956086749227913e+129
-1.734243341019455e+129
-1.94334902284879e+129
-1.722819888025748e+129
-1.924805661665824e+129
-1.706433691317003e+129
-1.887144777419582e+129
-1.673303793387381e+129
-2.320012715489511e+129
-2.091619038972044e+129
-2.2726877614208e+129
-2.049242194132826e+129
-2.22722070707656e+129
-2.008712834975814e+129
-2.151208432217206e+129
-1.941416955921154e+129
-1.850860622386454e+129
-1.641816448150685e+129
-1.79043526288428e+129
-1.589717010359387e+129
-1.738726931671743e+129
-1.545307764072014e+129
-1.65957064566512e+129
-1.477569548730164e+129
-2.086208749117566e+129
-1.883896422592488e+129
-1.986066004189878e+129
-1.796009412053646e+129
-2.427293416999539e+129
-2.233414008901736e+129
-2.309104349222457e+129
-2.125240584415224e+129
-2.588004190045838e+129
-2.383846693095559e+129
-2.501245495160979e+129
-2.303309577112477e+129
-2.817867897995069e+129
-2.71055428479503e+129
-2.760998556762533e+129
-2.633773599052906e+129
-2.704776398115502e+129
-2.561082520108305e+129
-2.592071375323532e+129
-2.439656293377349e+129
-2.492843575153254e+129
-2.33976306751685e+129
-2.339763067516854e+129
-2.190095953401669e+129
-2.214434519657925e+129
-2.073386832039164e+129
-2.037968169661874e+129
-1.910228525650955e+129
-1.965043593684973e+129
-1.812248246446285e+129
-1.812248246446278e+129
-1.674336897047322e+129
-2.21443451965793e+129
-2.037968169661901e+129
-2.073386832039187e+129
-1.910228525650966e+129
-1.905869172163119e+129
-1.725358995704402e+129
-1.788586958603985e+129
-1.622564334623392e+129
-1.595981714840118e+129
-1.42295240984991e+129
-1.503206256143239e+129
-1.343324817107895e+129
-1.431673019925524e+129
-1.281553213112389e+129
-1.330571217339399e+129
-1.194169040979127e+129
-1.698724997170722e+129
-1.543375825385849e+129
-1.571967380876433e+129
-1.43183871683048e+129
-1.477907512295181e+129
-1.3485842947219e+129
-1.348584294721927e+129
-1.233937566022805e+129
-1.254926928886242e+129
-1.128348674876491e+129
-1.150392511701742e+129
-1.037228842264904e+129
-1.074008395335738e+129
-9.70172778398429e+128
-9.701727783983733e+128
-8.78803705298007e+128
-1.254926928886285e+129
-1.150392511701745e+129
-1.128348674876462e+129
-1.037228842264831e+129
-1.43167301992556e+129
-1.330571217339488e+129
-1.281553213112495e+129
-1.194169040979152e+129
-1.698724997170701e+129
-1.571967380876397e+129
-1.543375825385785e+129
-1.431838716830495e+129
-1.90586917216307e+129
-1.788586958603952e+129
-1.725358995704308e+129
-1.622564334623322e+129
-1.595981714840032e+129
-1.503206256143221e+129
-1.42295240984999e+129
-1.343324817108014e+129
-1.738726931671558e+129
-1.659570645664965e+129
-1.545307764071915e+129
-1.477569548730186e+129
-1.850860622386273e+129
-1.790435262884075e+129
-1.641816448150474e+129
-1.58971701035924e+129
-2.227220707076641e+129
-2.151208432217241e+129
-2.008712834975787e+129
-1.941416955921068e+129
-2.086208749117541e+129
-1.986066004189826e+129
-1.883896422592385e+129
-1.796009412053527e+129
-2.427293416999502e+129
-2.309104349222437e+129
-2.233414008901726e+129
-2.125240584415202e+129
-2.704776398115534e+129
-2.592071375323532e+129
-2.561082520108279e+129
-2.439656293377338e+129
-2.817867897995009e+129
-2.76099855676256e+129
-2.710554284795075e+129
-2.633773599052917e+129
-2.588004190045841e+129
-2.501245495160918e+129
-2.383846693095495e+129
-2.303309577112455e+129
-2.687540952047268e+129
-2.638289102802665e+129
-2.48114272555882e+129
-2.431792573046028e+129
-2.869374971112437e+129
-2.834965407877051e+129
-2.776075103713414e+129
-2.747527244964574e+129
-2.896019730619632e+129
-2.882025378549069e+129
-2.795825705663728e+129
-2.790013275021127e+129
-2.727260263424585e+129
-2.712182921047545e+129
-2.521561152208923e+129
-2.504938127554787e+129
-2.359525278969102e+129
-2.343450982959838e+129
-2.127094875855671e+129
-2.112568881532598e+129
-2.320012715489586e+129
-2.272687761420916e+129
-2.091619038972102e+129
-2.049242194132829e+129
-1.924805661665683e+129
-1.887144777419413e+129
-1.706433691316816e+129
-1.673303793387171e+129
-1.956086749227801e+129
-1.943349022848654e+129
-1.734243341019316e+129
-1.722819888025582e+129
