FiniteElementSpace
FiniteElementCollection: L2_2D_P3
VDim: 1
Ordering: 0

2.9467648e-87
-6.4730912e-87
1.3826533e-86
-5.0182013e-86
2.9467648e-87
-6.4730912e-87
1.3826533e-86
-5.0182013e-86
2.9467648e-87
-6.4730912e-87
1.3826533e-86
-5.0182013e-86
2.9467648e-87
-6.4730912e-87
1.3826533e-86
-5.0182013e-86
-3.043124e-85
6.702578e-85
-1.4348247e-84
5.2160143e-84
-3.043124e-85
6.702578e-85
-1.4348247e-84
5.2160143e-84
-3.043124e-85
6.702578e-85
-1.4348247e-84
5.2160143e-84
-3.043124e-85
6.702578e-85
-1.4348247e-84
5.2160143e-84
3.1374935e-83
-6.9291919e-83
1.4866112e-82
-5.4130635e-82
3.1374935e-83
-6.9291919e-83
1.4866112e-82
-5.4130635e-82
3.1374935e-83
-6.9291919e-83
1.4866112e-82
-5.4130635e-82
3.1374935e-83
-6.9291919e-83
1.4866112e-82
-5.4130635e-82
-3.2284283e-81
7.149795e-81
-1.537337e-80
5.6068813e-80
-3.2284283e-81
7.149795e-81
-1.537337e-80
5.6068813e-80
-3.2284283e-81
7.149795e-81
-1.537337e-80
5.6068813e-80
-3.2284283e-81
7.149795e-81
-1.537337e-80
5.6068813e-80
3.3141706e-79
-7.3605374e-79
1.5861676e-78
-5.7944039e-78
3.3141706e-79
-7.3605374e-79
1.5861676e-78
-5.7944039e-78
3.3141706e-79
-7.3605374e-79
1.5861676e-78
-5.7944039e-78
3.3141706e-79
-7.3605374e-79
1.5861676e-78
-5.7944039e-78
-3.392604e-77
7.5567473e-77
-1.6320837e-76
5.9718736e-76
-3.392604e-77
7.5567473e-77
-1.6320837e-76
5.9718736e-76
-3.392604e-77
7.5567473e-77
-1.6320837e-76
5.9718736e-76
-3.392604e-77
7.5567473e-77
-1.6320837e-76
5.9718736e-76
3.4612119e-75
-7.732827e-75
1.6738575e-74
-6.1347433e-74
3.4612119e-75
-7.732827e-75
1.6738575e-74
-6.1347433e-74
3.4612119e-75
-7.732827e-75
1.6738575e-74
-6.1347433e-74
3.4612119e-75
-7.732827e-75
1.6738575e-74
-6.1347433e-74
-3.5170477e-73
7.8821712e-73
-1.7100321e-72
6.2775962e-72
-3.5170477e-73
7.8821712e-73
-1.7100321e-72
6.2775962e-72
-3.5170477e-73
7.8821712e-73
-1.7100321e-72
6.2775962e-72
-3.5170477e-73
7.8821712e-73
-1.7100321e-72
6.2775962e-72
