FiniteElementSpace
FiniteElementCollection: L2_2D_P4
VDim: 1
Ordering: 0

3.553917473798474e+54
-1.798828788002003e+55
-4.733787751441753e+55
-7.391088306786021e+55
-9.04131497361735e+55
-1.798828787984673e+55
-1.085316310979953e+56
-1.974310639963433e+56
-2.400947785031722e+56
-2.462423092845906e+56
-4.733787751411275e+55
-1.974310639962808e+56
-2.39101586444054e+56
-1.145120589290799e+56
4.137007709272825e+55
-7.391088306749084e+55
-2.400947785031478e+56
-1.145120589291502e+56
3.114593580736697e+56
7.049489452339003e+56
-9.041314973577705e+55
-2.462423092846177e+56
4.137007709259458e+55
7.04948945233857e+56
1.25834354542438e+57
-9.831847834559263e+55
-2.431066121019955e+56
1.375076438755641e+56
9.233485556709487e+56
1.549318713262993e+57
-1.128035902732228e+56
-2.261896372255477e+56
3.500070637419669e+56
1.365278713318916e+57
2.104995290602601e+57
-1.316512542922413e+56
-1.801681634076714e+56
6.971475896228865e+56
1.998483494156617e+57
2.818236867248563e+57
-1.477957847884821e+56
-1.157451142663127e+56
1.057972844817891e+57
2.560090897388131e+57
3.345125875010491e+57
-1.573522182244284e+56
-6.492997262389489e+55
1.298726411988147e+57
2.882562952729923e+57
3.580521484796881e+57
1.869215633009115e+57
2.45940757814951e+57
3.161460438652079e+57
3.601811187301092e+57
3.739660268387433e+57
2.459407578149612e+57
3.057797398207083e+57
3.620747840414172e+57
3.752519431424883e+57
3.599332098158231e+57
3.161460438652509e+57
3.620747840414483e+57
3.707702916331502e+57
3.083325365165778e+57
2.293259353867926e+57
3.601811187301935e+57
3.752519431425519e+57
3.083325365166031e+57
1.417933007336714e+57
-1.809320199101242e+56
3.739660268388561e+57
3.599332098159061e+57
2.293259353868242e+57
-1.809320199100925e+56
-2.360903422798692e+57
-9.831847834599792e+55
-1.12803590273639e+56
-1.316512542926638e+56
-1.47795784788904e+56
-1.573522182248476e+56
-2.431066121019345e+56
-2.261896372254152e+56
-1.801681634074247e+56
-1.157451142659476e+56
-6.492997262345433e+55
1.375076438757332e+56
3.500070637421953e+56
6.971475896231576e+56
1.057972844818129e+57
1.2987264119883e+57
9.233485556710081e+56
1.36527871331896e+57
1.998483494156483e+57
2.560090897387651e+57
2.882562952729161e+57
1.549318713262999e+57
2.104995290602528e+57
2.818236867248177e+57
3.345125875009656e+57
3.580521484795733e+57
-1.617940723972762e+56
-1.696854998049041e+56
-1.794208107503879e+56
-1.871739248977116e+56
-1.914263047386005e+56
-3.771016305746215e+55
1.687985204717652e+55
9.644763145448505e+55
1.709150289860473e+56
2.165487651232898e+56
1.41732195539192e+57
1.638101905054497e+57
1.927394459981214e+57
2.169934916892225e+57
2.306979840490041e+57
3.025844431945257e+57
3.263484477427693e+57
3.513770373024866e+57
3.663363350464347e+57
3.719923474310294e+57
3.662097397317176e+57
3.750072554533924e+57
3.732345582976835e+57
3.587633946427672e+57
3.446164978982302e+57
-1.932913326625498e+56
-1.963799639234759e+56
-1.996286575587433e+56
-2.014567277944957e+56
-2.019252112534138e+56
2.377451834889722e+56
2.745573207370963e+56
3.157395500608847e+56
3.401265518872814e+56
3.465328808785191e+56
2.367947056576142e+57
2.469874907482396e+57
2.57832565872581e+57
2.639887310041701e+57
2.655728975669679e+57
3.738023308352533e+57
3.757381517762486e+57
3.762019334779848e+57
3.756603466772096e+57
3.754150215725622e+57
3.368278474359004e+57
3.215126122984472e+57
3.018750454910148e+57
2.890598497051161e+57
2.85547349198113e+57
2.690558315991383e+57
2.417054968463993e+57
2.082796484109324e+57
1.871394419119395e+57
1.814176890413923e+57
4.126111297078214e+56
-1.465499456990134e+56
-8.028925339270578e+56
-1.205640623578225e+57
-1.313107792759324e+57
-4.804427649784169e+57
-5.788194294391521e+57
-6.886480652523625e+57
-7.530833761230302e+57
-7.698380104504573e+57
-1.073646126391927e+58
-1.179069629789628e+58
-1.281767833282057e+58
-1.333453474405476e+58
-1.345551375267182e+58
-1.373230233164284e+58
-1.430192792205665e+58
-1.455727817943167e+58
-1.449040439482098e+58
-1.443846112860799e+58
3.761774082777298e+57
3.718237917647206e+57
3.485735047817187e+57
3.120537742381268e+57
2.83638191438814e+57
3.453992041726808e+57
3.054570524314029e+57
2.266699514256771e+57
1.352516642442604e+57
7.215450623965148e+56
1.797980861523348e+57
6.830512360788793e+56
-1.157695870042574e+57
-3.03933921112064e+57
-4.240088938444698e+57
-1.098589175715872e+57
-3.029432328091953e+57
-5.926785442907263e+57
-8.568358628617907e+57
-1.007870259352157e+58
-3.560982731178333e+57
-5.985859849696683e+57
-9.343154021029014e+57
-1.200755973923462e+58
-1.32705820570585e+58
-4.887658476095469e+57
-7.507180453412573e+57
-1.093511379866427e+58
-1.333590980194631e+58
-1.422976749696029e+58
-7.507180453412559e+57
-1.032876115294836e+58
-1.340378487636797e+58
-1.45463158943131e+58
-1.412892349518243e+58
-1.093511379866369e+58
-1.340378487636746e+58
-1.446443561409663e+58
-1.177336223217186e+58
-7.956940165154659e+57
-1.333590980194488e+58
-1.454631589431234e+58
-1.177336223217201e+58
-3.121816922540865e+57
5.483537778492095e+57
-1.422976749695881e+58
-1.412892349518209e+58
-7.956940165155393e+57
5.483537778491629e+57
1.761081913792224e+58
-1.445661312028713e+58
-1.451365660555159e+58
-1.403325436169945e+58
-1.344334661700156e+58
-1.324253003652556e+58
-1.359481120669813e+58
-1.208126872179907e+58
-9.469186138175728e+57
-7.425637652940466e+57
-6.815299665145137e+57
-5.564106279607622e+57
-3.900562325673844e+56
6.916835783546399e+57
1.201286636859356e+58
1.345255465324774e+58
1.035970921654443e+58
2.009858214918348e+58
3.26423504916185e+58
4.071481193891297e+58
4.288665259442355e+58
2.417008851619061e+58
3.664432228504879e+58
5.153791539637577e+58
6.021086728164769e+58
6.229608626582425e+58
3.139533094527396e+58
4.477696382286012e+58
5.94423968684633e+58
6.616312961586527e+58
6.725012619656429e+58
4.477696382286032e+58
5.941356876275654e+58
7.10144203401806e+58
6.87218204881138e+58
6.508096543648381e+58
5.944239686846268e+58
7.101442034017939e+58
4.845525267481959e+58
-2.172068713273842e+58
-5.786060171471483e+58
6.616312961586205e+58
6.872182048811021e+58
-2.172068713273805e+58
-2.215629551681981e+59
-3.20451911085756e+59
6.72501261965596e+58
6.50809654364793e+58
-5.786060171471328e+58
-3.204519110857555e+59
-4.685325239476054e+59
-1.445661312028598e+58
-1.359481120669826e+58
-5.564106279608726e+57
1.035970921654381e+58
2.417008851619057e+58
-1.451365660555128e+58
-1.208126872180008e+58
-3.90056232568891e+56
2.009858214918311e+58
3.664432228504913e+58
-1.403325436170033e+58
-9.469186138177697e+57
6.916835783544899e+57
3.264235049161908e+58
5.153791539637637e+58
-1.344334661700323e+58
-7.425637652943094e+57
1.201286636859223e+58
4.071481193891444e+58
6.021086728164762e+58
-1.32425300365274e+58
-6.815299665148159e+57
1.345255465324639e+58
4.288665259442567e+58
6.229608626582381e+58
2.690558315992842e+57
4.126111297085188e+56
-4.804427649783855e+57
-1.073646126391763e+58
-1.3732302331641e+58
2.417054968465386e+57
-1.465499456983508e+56
-5.788194294390982e+57
-1.179069629789464e+58
-1.430192792205541e+58
2.082796484110647e+57
-8.028925339263011e+56
-6.886480652522882e+57
-1.281767833281957e+58
-1.455727817943162e+58
1.871394419120736e+57
-1.205640623577288e+57
-7.530833761229599e+57
-1.333453474405451e+58
-1.449040439482188e+58
1.814176890415294e+57
-1.313107792758263e+57
-7.698380104503934e+57
-1.345551375267187e+58
-1.443846112860921e+58
3.761774082778548e+57
3.453992041727705e+57
1.797980861523657e+57
-1.098589175715859e+57
-3.560982731178355e+57
3.718237917648571e+57
3.054570524314949e+57
6.830512360791323e+56
-3.029432328092045e+57
-5.985859849696773e+57
3.4857350478186e+57
2.266699514257656e+57
-1.157695870042426e+57
-5.926785442907281e+57
-9.343154021028694e+57
3.120537742382712e+57
1.352516642443424e+57
-3.039339211120508e+57
-8.568358628617245e+57
-1.200755973923325e+58
2.836381914389606e+57
7.21545062397264e+56
-4.240088938444475e+57
-1.007870259352022e+58
-1.32705820570566e+58
-1.617940723968582e+56
-3.771016305793753e+55
1.41732195539183e+57
3.025844431946169e+57
3.662097397318466e+57
-1.696854998044892e+56
1.687985204664165e+55
1.638101905054547e+57
3.263484477428872e+57
3.750072554535406e+57
-1.794208107499808e+56
9.644763145388201e+55
1.927394459981496e+57
3.513770373026384e+57
3.732345582978462e+57
-1.871739248973153e+56
1.709150289853949e+56
2.16993491689276e+57
3.663363350466142e+57
3.587633946429358e+57
-1.914263047382142e+56
2.165487651226152e+56
2.306979840490754e+57
3.71992347431219e+57
3.446164978983984e+57
-1.932913326621687e+56
2.377451834882896e+56
2.367947056576948e+57
3.738023308354427e+57
3.368278474360654e+57
-1.963799639231033e+56
2.745573207364e+56
2.469874907483358e+57
3.757381517764366e+57
3.21512612298604e+57
-1.996286575583806e+56
3.157395500601768e+56
2.578325658726943e+57
3.762019334781693e+57
3.018750454911633e+57
-2.014567277941379e+56
3.401265518865661e+56
2.639887310042949e+57
3.75660346677388e+57
2.890598497052605e+57
-2.019252112530579e+56
3.465328808777938e+56
2.655728975670962e+57
3.7541502157274e+57
2.855473491982574e+57
-2.019252112530616e+56
3.465328808777988e+56
2.655728975671002e+57
3.754150215727413e+57
2.855473491982542e+57
-2.01456727794156e+56
3.401265518865869e+56
2.639887310043133e+57
3.756603466773915e+57
2.890598497052482e+57
-1.996286575584162e+56
3.15739550060208e+56
2.578325658727336e+57
3.762019334781766e+57
3.018750454911418e+57
-1.963799639231529e+56
2.745573207364257e+56
2.469874907483965e+57
3.757381517764567e+57
3.215126122985745e+57
-1.932913326622279e+56
2.377451834883043e+56
2.367947056577678e+57
3.738023308354754e+57
3.368278474360324e+57
1.814176890415292e+57
-1.313107792758247e+57
-7.698380104503961e+57
-1.345551375267181e+58
-1.443846112860914e+58
1.871394419120724e+57
-1.205640623577206e+57
-7.530833761229667e+57
-1.333453474405442e+58
-1.449040439482173e+58
2.082796484110584e+57
-8.02892533926129e+56
-6.886480652522871e+57
-1.281767833281965e+58
-1.455727817943156e+58
2.41705496846521e+57
-1.465499456981406e+56
-5.78819429439081e+57
-1.17906962978948e+58
-1.430192792205538e+58
2.69055831599256e+57
4.126111297086902e+56
-4.804427649783563e+57
-1.073646126391775e+58
-1.373230233164097e+58
2.836381914389282e+57
7.215450623973989e+56
-4.240088938444128e+57
-1.007870259352024e+58
-1.327058205705655e+58
3.120537742382366e+57
1.352516642443497e+57
-3.039339211120034e+57
-8.56835862861708e+57
-1.200755973923317e+58
3.485735047818372e+57
2.266699514257601e+57
-1.15769587004183e+57
-5.926785442906814e+57
-9.343154021028584e+57
3.718237917648742e+57
3.054570524314836e+57
6.83051236079628e+56
-3.029432328091265e+57
-5.985859849696416e+57
3.76177408277919e+57
3.453992041727768e+57
1.797980861523972e+57
-1.098589175715022e+57
-3.560982731177687e+57
-1.91426304738279e+56
2.165487651226233e+56
2.30697984049153e+57
3.719923474312588e+57
3.44616497898367e+57
-1.871739248973899e+56
1.709150289853816e+56
2.169934916893641e+57
3.663363350466738e+57
3.587633946429154e+57
-1.794208107500618e+56
9.644763145381291e+55
1.927394459982512e+57
3.513770373027339e+57
3.732345582978593e+57
-1.696854998045637e+56
1.687985204648926e+55
1.638101905055611e+57
3.263484477430221e+57
3.750072554536083e+57
-1.617940723969186e+56
-3.77101630581623e+55
1.41732195539286e+57
3.025844431947765e+57
3.662097397319593e+57
-1.57352218224478e+56
-6.492997262416039e+55
1.298726411989133e+57
2.88256295273162e+57
3.580521484798234e+57
-1.47795784788507e+56
-1.157451142666543e+56
1.057972844818724e+57
2.560090897389942e+57
3.345125875012257e+57
-1.316512542922225e+56
-1.80168163408109e+56
6.971475896233916e+56
1.99848349415834e+57
2.81823686725069e+57
-1.128035902731508e+56
-2.261896372260439e+56
3.500070637420806e+56
1.365278713320219e+57
2.104995290604605e+57
-9.83184783454794e+55
-2.431066121024924e+56
1.375076438753953e+56
9.233485556718064e+56
1.549318713264594e+57
-9.041314973564197e+55
-2.46242309285097e+56
4.137007709228515e+55
7.049489452344463e+56
1.258343545425689e+57
-7.391088306730942e+55
-2.400947785035596e+56
-1.145120589296688e+56
3.114593580736999e+56
7.049489452345088e+56
-4.7337877513846e+55
-1.974310639965117e+56
-2.391015864446578e+56
-1.145120589296764e+56
4.137007709231509e+55
-1.798828787946686e+55
-1.085316310979083e+56
-1.974310639966089e+56
-2.400947785037003e+56
-2.462423092852487e+56
3.55391747427347e+54
-1.798828787959236e+55
-4.733787751407651e+55
-7.391088306761182e+55
-9.041314973598711e+55
1.54931871326464e+57
2.104995290604796e+57
2.818236867251084e+57
3.345125875012666e+57
3.580521484798547e+57
9.233485556719099e+56
1.365278713320452e+57
1.998483494158832e+57
2.560090897390632e+57
2.882562952732377e+57
1.375076438754569e+56
3.500070637422254e+56
6.971475896237033e+56
1.057972844819249e+57
1.298726411989826e+57
-2.431066121026442e+56
-2.261896372261902e+56
-1.801681634082367e+56
-1.157451142667519e+56
-6.492997262422669e+55
-9.831847834584434e+55
-1.128035902735519e+56
-1.316512542926643e+56
-1.477957847889798e+56
-1.573522182249728e+56
3.739660268389492e+57
3.599332098159332e+57
2.293259353868492e+57
-1.809320199093079e+56
-2.360903422797868e+57
3.601811187303431e+57
3.752519431426334e+57
3.083325365166352e+57
1.417933007337356e+57
-1.809320199092156e+56
3.161460438654656e+57
3.620747840416254e+57
3.707702916332477e+57
3.083325365166462e+57
2.293259353868766e+57
2.459407578151899e+57
3.057797398209596e+57
3.620747840416314e+57
3.752519431426356e+57
3.599332098159417e+57
1.869215633011064e+57
2.459407578152033e+57
3.161460438654907e+57
3.601811187303597e+57
3.739660268389563e+57
-3.560982731177764e+57
-5.985859849696782e+57
-9.34315402102958e+57
-1.200755973923442e+58
-1.327058205705728e+58
-1.098589175714984e+57
-3.029432328091439e+57
-5.92678544290756e+57
-8.568358628618556e+57
-1.007870259352199e+58
1.79798086152432e+57
6.830512360800071e+56
-1.157695870041621e+57
-3.039339211120233e+57
-4.240088938444691e+57
3.453992041727958e+57
3.054570524315241e+57
2.266699514258264e+57
1.35251664244432e+57
7.215450623982664e+56
3.761774082779241e+57
3.718237917648831e+57
3.485735047818638e+57
3.120537742382845e+57
2.836381914389885e+57
3.66209739731983e+57
3.750072554536194e+57
3.732345582978621e+57
3.587633946429177e+57
3.446164978983708e+57
3.025844431948528e+57
3.263484477430946e+57
3.513770373027945e+57
3.663363350467214e+57
3.719923474313009e+57
1.417321955393648e+57
1.63810190505658e+57
1.927394459983698e+57
2.169934916894979e+57
2.30697984049293e+57
-3.771016305820811e+55
1.687985204649855e+55
9.644763145392842e+55
1.709150289856137e+56
2.165487651229348e+56
-1.61794072397427e+56
-1.696854998051044e+56
-1.794208107506559e+56
-1.87173924898034e+56
-1.914263047389517e+56
3.368278474360363e+57
3.215126122985759e+57
3.018750454911395e+57
2.890598497052413e+57
2.855473491982375e+57
3.738023308355158e+57
3.757381517764905e+57
3.762019334781949e+57
3.756603466773923e+57
3.75415021572733e+57
2.367947056579091e+57
2.469874907485413e+57
2.578325658728852e+57
2.639887310044725e+57
2.655728975672664e+57
2.377451834886541e+56
2.745573207368383e+56
3.157395500606938e+56
3.40126551887131e+56
3.465328808783752e+56
-1.932913326629133e+56
-1.9637996392386e+56
-1.99628657559153e+56
-2.014567277949253e+56
-2.019252112538523e+56
-1.373230233164113e+58
-1.43019279220542e+58
-1.455727817942826e+58
-1.449040439481671e+58
-1.443846112860338e+58
-1.073646126391941e+58
-1.179069629789607e+58
-1.281767833282017e+58
-1.333453474405432e+58
-1.345551375267146e+58
-4.80442764978431e+57
-5.788194294391855e+57
-6.886480652524162e+57
-7.530833761231015e+57
-7.698380104505328e+57
4.12611129709553e+56
-1.465499456973311e+56
-8.0289253392541e+56
-1.205640623576521e+57
-1.313107792757535e+57
2.690558315993208e+57
2.417054968465955e+57
2.082796484111456e+57
1.871394419121662e+57
1.814176890416236e+57
2.417008851618623e+58
3.664432228504485e+58
5.153791539637381e+58
6.021086728164731e+58
6.229608626582457e+58
1.035970921654151e+58
2.009858214917913e+58
3.264235049161391e+58
4.071481193890828e+58
4.288665259441896e+58
-5.564106279606157e+57
-3.900562325676408e+56
6.916835783544105e+57
1.201286636859029e+58
1.345255465324425e+58
-1.359481120669449e+58
-1.208126872179543e+58
-9.469186138173004e+57
-7.425637652938806e+57
-6.815299665143838e+57
-1.445661312028433e+58
-1.451365660554795e+58
-1.403325436169498e+58
-1.344334661699689e+58
-1.324253003652094e+58
-1.422976749695866e+58
-1.412892349518165e+58
-7.956940165154667e+57
5.48353777849041e+57
1.761081913791867e+58
-1.333590980194471e+58
-1.454631589431171e+58
-1.177336223217058e+58
-3.121816922540266e+57
5.48353777849064e+57
-1.093511379866362e+58
-1.340378487636692e+58
-1.446443561409479e+58
-1.177336223216923e+58
-7.956940165152478e+57
-7.507180453412539e+57
-1.032876115294844e+58
-1.340378487636703e+58
-1.454631589431052e+58
-1.412892349517902e+58
-4.887658476095169e+57
-7.507180453412853e+57
-1.093511379866441e+58
-1.333590980194509e+58
-1.422976749695795e+58
-1.324253003652734e+58
-6.815299665148199e+57
1.345255465324624e+58
4.288665259442554e+58
6.229608626582383e+58
-1.344334661700302e+58
-7.42563765294316e+57
1.201286636859142e+58
4.071481193891372e+58
6.021086728164787e+58
-1.403325436170009e+58
-9.469186138177556e+57
6.91683578354367e+57
3.264235049161714e+58
5.153791539637593e+58
-1.451365660555112e+58
-1.208126872179969e+58
-3.900562325693544e+56
2.009858214918037e+58
3.664432228504653e+58
-1.445661312028585e+58
-1.359481120669784e+58
-5.564106279608342e+57
1.035970921654174e+58
2.417008851618678e+58
6.72501261965597e+58
6.508096543647938e+58
-5.786060171471333e+58
-3.204519110857556e+59
-4.685325239476063e+59
6.616312961586261e+58
6.872182048811015e+58
-2.172068713273893e+58
-2.215629551681991e+59
-3.204519110857581e+59
5.944239686846311e+58
7.101442034017927e+58
4.845525267481838e+58
-2.172068713273951e+58
-5.786060171471576e+58
4.477696382285891e+58
5.941356876275645e+58
7.10144203401808e+58
6.872182048811326e+58
6.508096543648301e+58
3.139533094527039e+58
4.477696382285811e+58
5.944239686846336e+58
6.616312961586617e+58
6.725012619656498e+58
-4.685325239476083e+59
-3.204519110857615e+59
-5.786060171471624e+58
6.508096543647979e+58
6.725012619656127e+58
-3.204519110857597e+59
-2.215629551682035e+59
-2.172068713274076e+58
6.872182048811125e+58
6.616312961586333e+58
-5.786060171471611e+58
-2.172068713274045e+58
4.845525267481882e+58
7.101442034018023e+58
5.944239686845981e+58
6.508096543648289e+58
6.872182048811367e+58
7.101442034018128e+58
5.94135687627533e+58
4.477696382285206e+58
6.7250126196565e+58
6.616312961586629e+58
5.944239686846155e+58
4.477696382285276e+58
3.139533094526499e+58
6.229608626582103e+58
4.288665259441531e+58
1.345255465324511e+58
-6.815299665141505e+57
-1.324253003652017e+58
6.021086728164352e+58
4.07148119389043e+58
1.201286636859107e+58
-7.425637652936408e+57
-1.344334661699603e+58
5.153791539636854e+58
3.264235049161014e+58
6.916835783545582e+57
-9.469186138170605e+57
-1.403325436169423e+58
3.664432228503948e+58
2.009858214917763e+58
-3.900562325650567e+56
-1.208126872179319e+58
-1.451365660554758e+58
2.417008851618309e+58
1.035970921654215e+58
-5.564106279602953e+57
-1.359481120669243e+58
-1.445661312028455e+58
1.761081913791707e+58
5.483537778492083e+57
-7.956940165149006e+57
-1.41289234951771e+58
-1.42297674969586e+58
5.483537778491717e+57
-3.121816922536814e+57
-1.177336223216535e+58
-1.45463158943096e+58
-1.333590980194667e+58
-7.956940165149396e+57
-1.177336223216531e+58
-1.44644356140922e+58
-1.340378487636815e+58
-1.093511379866668e+58
-1.412892349517621e+58
-1.454631589430871e+58
-1.340378487636756e+58
-1.032876115295057e+58
-7.507180453414446e+57
-1.422976749695714e+58
-1.33359098019453e+58
-1.093511379866569e+58
-7.50718045341411e+57
-4.887658476095841e+57
6.22960862658246e+58
6.021086728164662e+58
5.153791539637069e+58
3.664432228504041e+58
2.417008851618324e+58
4.288665259441875e+58
4.071481193890692e+58
3.264235049161139e+58
2.009858214917755e+58
1.035970921654167e+58
1.345255465324419e+58
1.201286636859009e+58
6.916835783544311e+57
-3.900562325662226e+56
-5.564106279603671e+57
-6.815299665143718e+57
-7.42563765293822e+57
-9.469186138171598e+57
-1.208126872179308e+58
-1.359481120669167e+58
-1.324253003652085e+58
-1.344334661699637e+58
-1.403325436169374e+58
-1.451365660554636e+58
-1.445661312028309e+58
-1.443846112860335e+58
-1.449040439481639e+58
-1.455727817942755e+58
-1.430192792205366e+58
-1.373230233164109e+58
-1.345551375267144e+58
-1.333453474405427e+58
-1.281767833282025e+58
-1.179069629789635e+58
-1.073646126391966e+58
-7.698380104505316e+57
-7.530833761230948e+57
-6.886480652523997e+57
-5.788194294391592e+57
-4.804427649783993e+57
-1.31310779275752e+57
-1.205640623576447e+57
-8.028925339252906e+56
-1.465499456972657e+56
4.12611129709512e+56
1.814176890416228e+57
1.871394419121597e+57
2.082796484111232e+57
2.417054968465484e+57
2.690558315992515e+57
2.855473491982319e+57
2.890598497052183e+57
3.018750454910923e+57
3.215126122984976e+57
3.368278474359355e+57
3.754150215727273e+57
3.756603466773652e+57
3.762019334781363e+57
3.757381517764056e+57
3.73802330835423e+57
2.655728975672673e+57
2.639887310044732e+57
2.578325658728818e+57
2.469874907485359e+57
2.367947056579029e+57
3.465328808783847e+56
3.401265518871819e+56
3.157395500608045e+56
2.745573207369988e+56
2.377451834888439e+56
-2.01925211253857e+56
-2.014567277949494e+56
-1.996286575592042e+56
-1.963799639239358e+56
-1.932913326630067e+56
3.446164978982612e+57
3.587633946427905e+57
3.73234558297704e+57
3.750072554534356e+57
3.66209739731792e+57
3.719923474312074e+57
3.663363350466214e+57
3.513770373026865e+57
3.263484477429943e+57
3.025844431947706e+57
2.306979840492858e+57
2.169934916894941e+57
1.927394459983798e+57
1.638101905056882e+57
1.417321955394098e+57
2.165487651231396e+56
1.709150289858434e+56
9.644763145417319e+55
1.687985204672511e+55
-3.771016305801739e+55
-1.914263047390551e+56
-1.871739248981608e+56
-1.794208107508238e+56
-1.696854998053147e+56
-1.617940723976647e+56
-1.32705820570575e+58
-1.200755973923505e+58
-9.343154021030508e+57
-5.985859849697435e+57
-3.560982731177963e+57
-1.007870259352216e+58
-8.568358628618768e+57
-5.926785442907758e+57
-3.029432328091356e+57
-1.098589175714732e+57
-4.240088938444362e+57
-3.039339211119944e+57
-1.157695870041436e+57
6.830512360799841e+56
1.797980861523963e+57
7.215450623981492e+56
1.35251664244403e+57
2.266699514257614e+57
3.054570524314053e+57
3.453992041726296e+57
2.836381914389073e+57
3.120537742381816e+57
3.485735047817235e+57
3.718237917646996e+57
3.761774082777135e+57
-2.360903422797837e+57
-1.809320199090043e+56
2.293259353867893e+57
3.59933209815654e+57
3.73966026838588e+57
-1.809320199089656e+56
1.41793300733727e+57
3.083325365164793e+57
3.752519431423121e+57
3.60181118730028e+57
2.293259353868144e+57
3.083325365165041e+57
3.70770291632983e+57
3.620747840413434e+57
3.161460438652849e+57
3.599332098157491e+57
3.752519431423945e+57
3.620747840413863e+57
3.057797398208215e+57
2.459407578151593e+57
3.739660268387357e+57
3.601811187301442e+57
3.161460438653483e+57
2.459407578151777e+57
1.869215633011423e+57
3.580521484796664e+57
3.345125875011087e+57
2.818236867250346e+57
2.104995290604952e+57
1.549318713265153e+57
2.882562952731696e+57
2.560090897390314e+57
1.998483494159051e+57
1.365278713321034e+57
9.2334855567257e+56
1.298726411990342e+57
1.057972844819835e+57
6.971475896242856e+56
3.500070637427256e+56
1.375076438758764e+56
-6.492997262406145e+55
-1.157451142666435e+56
-1.801681634082159e+56
-2.261896372262594e+56
-2.431066121027884e+56
-1.573522182252232e+56
-1.477957847892544e+56
-1.316512542929802e+56
-1.128035902739238e+56
-9.831847834626487e+55
1.258343545426288e+57
7.0494894523518e+56
4.13700770928697e+55
-2.462423092853277e+56
-9.041314973699431e+55
7.049489452351705e+56
3.114593580743288e+56
-1.14512058929333e+56
-2.400947785039886e+56
-7.391088306865819e+55
4.137007709268505e+55
-1.14512058929449e+56
-2.391015864447648e+56
-1.97431063997196e+56
-4.733787751516029e+55
-2.462423092854388e+56
-2.400947785039985e+56
-1.974310639971161e+56
-1.085316310987456e+56
-1.798828788067829e+55
-9.041314973643503e+55
-7.391088306812285e+55
-4.733787751470878e+55
-1.798828788042045e+55
3.55391747321881e+54
3.580521484795042e+57
2.882562952730158e+57
1.298726411989948e+57
-6.492997262342086e+55
-1.573522182257136e+56
3.345125875009865e+57
2.560090897389229e+57
1.057972844819686e+57
-1.157451142660776e+56
-1.477957847897665e+56
2.818236867249699e+57
1.998483494158533e+57
6.971475896243792e+56
-1.801681634077819e+56
-1.316512542935207e+56
2.104995290604732e+57
1.365278713320867e+57
3.500070637429208e+56
-2.261896372259784e+56
-1.128035902744863e+56
1.549318713265106e+57
9.233485556725382e+56
1.375076438760767e+56
-2.431066121026191e+56
-9.831847834682904e+55
3.446164978980553e+57
3.719923474308696e+57
2.306979840490784e+57
2.165487651239303e+56
-1.914263047394044e+56
3.587633946425718e+57
3.663363350463045e+57
2.169934916893195e+57
1.709150289866295e+56
-1.871739248985347e+56
3.732345582974786e+57
3.513770373024128e+57
1.927394459982515e+57
9.644763145493673e+55
-1.794208107512351e+56
3.750072554532278e+57
3.263484477427755e+57
1.63810190505606e+57
1.68798520474449e+55
-1.696854998057659e+56
3.662097397316119e+57
3.025844431945942e+57
1.417321955393566e+57
-3.771016305734483e+55
-1.617940723981424e+56
-1.327058205705901e+58
-1.007870259352401e+58
-4.240088938445791e+57
7.215450623974274e+56
2.83638191438792e+57
-1.200755973923656e+58
-8.568358628620384e+57
-3.039339211120984e+57
1.352516642443404e+57
3.120537742380493e+57
-9.343154021031594e+57
-5.926785442908703e+57
-1.157695870041953e+57
2.266699514256953e+57
3.48573504781565e+57
-5.98585984969786e+57
-3.029432328091701e+57
6.830512360797577e+56
3.054570524313222e+57
3.718237917645304e+57
-3.560982731178049e+57
-1.098589175714833e+57
1.797980861523749e+57
3.453992041725356e+57
3.761774082775541e+57
-1.443846112860348e+58
-1.345551375267279e+58
-7.698380104506867e+57
-1.313107792758915e+57
1.814176890414804e+57
-1.449040439481678e+58
-1.333453474405564e+58
-7.530833761232613e+57
-1.205640623577807e+57
1.871394419120318e+57
-1.455727817942843e+58
-1.281767833282167e+58
-6.886480652525778e+57
-8.028925339265255e+56
2.082796484110138e+57
-1.430192792205489e+58
-1.179069629789792e+58
-5.788194294393349e+57
-1.465499456982636e+56
2.417054968464416e+57
-1.373230233164251e+58
-1.073646126392143e+58
-4.804427649785584e+57
4.126111297087047e+56
2.690558315991405e+57
2.855473491980627e+57
3.75415021572326e+57
2.655728975669483e+57
3.465328808791689e+56
-2.019252112541172e+56
2.890598497050471e+57
3.756603466769748e+57
2.639887310041678e+57
3.401265518879561e+56
-2.014567277952135e+56
3.018750454909124e+57
3.762019334777669e+57
2.57832565872604e+57
3.157395500615763e+56
-1.996286575594883e+56
3.215126122983063e+57
3.757381517760534e+57
2.469874907482877e+57
2.745573207377808e+56
-1.963799639242492e+56
3.368278474357355e+57
3.738023308350791e+57
2.36794705657679e+57
2.377451834896332e+56
-1.932913326633434e+56
3.368278474357983e+57
3.738023308351299e+57
2.367947056576268e+57
2.377451834896561e+56
-1.932913326633085e+56
3.215126122983561e+57
3.757381517761015e+57
2.469874907482445e+57
2.745573207377756e+56
-1.963799639242166e+56
3.01875045490941e+57
3.762019334778038e+57
2.578325658725717e+57
3.157395500615566e+56
-1.996286575594652e+56
2.89059849705061e+57
3.756603466769939e+57
2.639887310041497e+57
3.401265518879427e+56
-2.014567277952038e+56
2.855473491980665e+57
3.754150215723302e+57
2.65572897566944e+57
3.465328808791659e+56
-2.019252112541157e+56
3.662097397316313e+57
3.025844431945097e+57
1.417321955392791e+57
-3.771016305688707e+55
-1.617940723982328e+56
3.750072554532881e+57
3.263484477427283e+57
1.638101905055221e+57
1.687985204780555e+55
-1.696854998058157e+56
3.732345582975668e+57
3.513770373024182e+57
1.927394459981723e+57
9.644763145515745e+55
-1.794208107512371e+56
3.587633946426515e+57
3.663363350463412e+57
2.16993491689251e+57
1.709150289867325e+56
-1.871739248985092e+56
3.446164978981222e+57
3.719923474309176e+57
2.306979840490201e+57
2.165487651239748e+56
-1.914263047393708e+56
-3.560982731179394e+57
-1.098589175716861e+57
1.797980861522532e+57
3.453992041725807e+57
3.761774082776266e+57
-5.985859849697574e+57
-3.02943232809304e+57
6.830512360781384e+56
3.05457052431327e+57
3.718237917646162e+57
-9.343154021029181e+57
-5.92678544290833e+57
-1.157695870043463e+57
2.266699514256377e+57
3.485735047816322e+57
-1.200755973923349e+58
-8.568358628618519e+57
-3.039339211121809e+57
1.352516642442465e+57
3.120537742380747e+57
-1.327058205705646e+58
-1.007870259352164e+58
-4.240088938446031e+57
7.215450623964456e+56
2.836381914387918e+57
-1.373230233164046e+58
-1.073646126391907e+58
-4.804427649785555e+57
4.126111297077555e+56
2.69055831599132e+57
-1.430192792205385e+58
-1.179069629789595e+58
-5.788194294392956e+57
-1.465499456990672e+56
2.417054968464198e+57
-1.455727817942829e+58
-1.281767833282057e+58
-6.886480652525245e+57
-8.028925339270247e+56
2.082796484109843e+57
-1.449040439481681e+58
-1.333453474405532e+58
-7.530833761232318e+57
-1.205640623578004e+57
1.871394419120143e+57
-1.443846112860347e+58
-1.345551375267277e+58
-7.698380104506818e+57
-1.31310779275895e+57
1.814176890414771e+57
2.417008851618496e+58
1.035970921654433e+58
-5.564106279602801e+57
-1.359481120669331e+58
-1.445661312028396e+58
3.664432228503939e+58
2.009858214917915e+58
-3.900562325640423e+56
-1.208126872179377e+58
-1.451365660554781e+58
5.153791539636697e+58
3.264235049161008e+58
6.916835783546802e+57
-9.469186138170562e+57
-1.403325436169477e+58
6.021086728164247e+58
4.07148119389037e+58
1.201286636859173e+58
-7.42563765293613e+57
-1.344334661699625e+58
6.229608626582088e+58
4.288665259441516e+58
1.345255465324523e+58
-6.815299665141417e+57
-1.324253003652018e+58
6.725012619656442e+58
6.616312961586558e+58
5.94423968684605e+58
4.477696382285189e+58
3.139533094526562e+58
6.508096543648345e+58
6.872182048811407e+58
7.101442034018118e+58
5.941356876275189e+58
4.477696382285079e+58
-5.786060171471516e+58
-2.172068713273955e+58
4.845525267481967e+58
7.101442034018008e+58
5.944239686845838e+58
-3.204519110857566e+59
-2.21562955168201e+59
-2.172068713274044e+58
6.872182048811159e+58
6.616312961586312e+58
-4.685325239476069e+59
-3.204519110857603e+59
-5.786060171471634e+58
6.508096543647982e+58
6.72501261965614e+58
-1.324253003652551e+58
-1.344334661700121e+58
-1.403325436169851e+58
-1.451365660555003e+58
-1.445661312028522e+58
-6.815299665144971e+57
-7.425637652939627e+57
-9.469186138173974e+57
-1.208126872179667e+58
-1.359481120669546e+58
1.345255465324767e+58
1.201286636859344e+58
6.916835783547088e+57
-3.900562325650269e+56
-5.564106279604159e+57
4.288665259442292e+58
4.071481193891019e+58
3.264235049161419e+58
2.009858214918065e+58
1.035970921654451e+58
6.229608626582422e+58
6.021086728164635e+58
5.153791539637046e+58
3.664432228504117e+58
2.417008851618542e+58
-1.422976749695828e+58
-1.333590980194452e+58
-1.093511379866342e+58
-7.507180453412822e+57
-4.887658476096329e+57
-1.412892349517966e+58
-1.454631589431054e+58
-1.340378487636639e+58
-1.032876115294803e+58
-7.507180453413001e+57
-7.956940165150794e+57
-1.177336223216774e+58
-1.446443561409349e+58
-1.340378487636627e+58
-1.09351137986637e+58
5.48353777849397e+57
-3.121816922536516e+57
-1.177336223216695e+58
-1.454631589430969e+58
-1.333590980194433e+58
1.761081913791987e+58
5.483537778494108e+57
-7.956940165149505e+57
-1.4128923495178e+58
-1.422976749695744e+58
2.836381914387935e+57
3.120537742380984e+57
3.485735047816742e+57
3.718237917646629e+57
3.761774082776739e+57
7.215450623959287e+56
1.352516642442086e+57
2.266699514256279e+57
3.054570524313389e+57
3.453992041726004e+57
-4.240088938445575e+57
-3.039339211121637e+57
-1.157695870043532e+57
6.830512360780438e+56
1.797980861522521e+57
-1.007870259352073e+58
-8.568358628617714e+57
-5.926785442907892e+57
-3.029432328092954e+57
-1.098589175716878e+57
-1.327058205705649e+58
-1.200755973923314e+58
-9.343154021028678e+57
-5.985859849697341e+57
-3.560982731179374e+57
1.814176890413914e+57
1.871394419119337e+57
2.082796484109209e+57
2.417054968463863e+57
2.690558315991217e+57
-1.313107792759359e+57
-1.205640623578413e+57
-8.028925339274782e+56
-1.465499456995998e+56
4.126111297072114e+56
-7.698380104504602e+57
-7.53083376123036e+57
-6.88648065252375e+57
-5.788194294391977e+57
-4.804427649784929e+57
-1.345551375267166e+58
-1.333453474405415e+58
-1.281767833281954e+58
-1.179069629789503e+58
-1.073646126391817e+58
-1.443846112860788e+58
-1.449040439482044e+58
-1.455727817943046e+58
-1.43019279220548e+58
-1.373230233164078e+58
-2.019252112534171e+56
-2.014567277945146e+56
-1.996286575587875e+56
-1.963799639235448e+56
-1.932913326626364e+56
3.465328808785326e+56
3.40126551887347e+56
3.157395500610214e+56
2.74557320737296e+56
2.377451834892083e+56
2.655728975669723e+57
2.639887310041882e+57
2.578325658726166e+57
2.46987490748294e+57
2.367947056576785e+57
3.754150215725603e+57
3.75660346677204e+57
3.762019334779773e+57
3.757381517762415e+57
3.738023308352527e+57
2.855473491981102e+57
2.890598497051064e+57
3.018750454909977e+57
3.215126122984186e+57
3.368278474358635e+57
-1.914263047386967e+56
-1.871739248978298e+56
-1.794208107505437e+56
-1.696854998051017e+56
-1.617940723975067e+56
2.165487651235414e+56
1.70915028986322e+56
9.644763145477395e+55
1.687985204745591e+55
-3.771016305720232e+55
2.306979840490707e+57
2.16993491689297e+57
1.92739445998211e+57
1.638101905055499e+57
1.417321955392956e+57
3.719923474310338e+57
3.663363350464442e+57
3.513770373025095e+57
3.26348447742818e+57
3.025844431945923e+57
3.446164978981911e+57
3.587633946427233e+57
3.732345582976358e+57
3.750072554533568e+57
3.662097397317006e+57
-1.573522182250957e+56
-1.477957847891868e+56
-1.316512542930034e+56
-1.128035902740466e+56
-9.83184783464619e+55
-6.49299726232093e+55
-1.157451142657372e+56
-1.801681634072885e+56
-2.261896372253915e+56
-2.431066121020028e+56
1.298726411989343e+57
1.05797284481917e+57
6.97147589624164e+56
3.500070637430958e+56
1.375076438764972e+56
2.882562952729891e+57
2.56009089738852e+57
1.998483494157547e+57
1.365278713320171e+57
9.23348555672266e+56
3.580521484795653e+57
3.34512587500978e+57
2.818236867248695e+57
2.104995290603465e+57
1.549318713264188e+57
-9.041314973667182e+55
-7.391088306844275e+55
-4.733787751515637e+55
-1.798828788099835e+55
3.553917472547954e+54
-2.462423092847082e+56
-2.40094778503418e+56
-1.974310639968589e+56
-1.085316310989459e+56
-1.798828788127252e+55
4.137007709339845e+55
-1.145120589286296e+56
-2.391015864440456e+56
-1.97431063997e+56
-4.733787751563798e+55
7.049489452351403e+56
3.114593580747419e+56
-1.145120589285794e+56
-2.400947785035483e+56
-7.391088306903572e+55
1.258343545425675e+57
7.049489452351796e+56
4.137007709350811e+55
-2.4624230928479e+56
-9.041314973731642e+55
1.54931871326419e+57
9.233485556723157e+56
1.375076438766351e+56
-2.431066121020498e+56
-9.831847834712502e+55
2.104995290603384e+57
1.365278713320166e+57
3.500070637432638e+56
-2.261896372253656e+56
-1.128035902747404e+56
2.818236867248373e+57
1.998483494157323e+57
6.971475896243027e+56
-1.801681634071527e+56
-1.316512542937253e+56
3.345125875009225e+57
2.560090897388005e+57
1.057972844819194e+57
-1.157451142654998e+56
-1.47795784789918e+56
3.580521484794991e+57
2.882562952729166e+57
1.298726411989248e+57
-6.492997262291633e+55
-1.57352218225825e+56
3.739660268386918e+57
3.601811187300729e+57
3.161460438652159e+57
2.459407578150161e+57
1.869215633010139e+57
3.59933209815734e+57
3.752519431423912e+57
3.620747840413427e+57
3.057797398206972e+57
2.459407578150084e+57
2.293259353867047e+57
3.08332536516467e+57
3.707702916330109e+57
3.6207478404133e+57
3.161460438651888e+57
-1.809320199110716e+56
1.417933007335739e+57
3.083325365164622e+57
3.752519431423703e+57
3.601811187300298e+57
-2.360903422799761e+57
-1.809320199110624e+56
2.293259353867016e+57
3.599332098157124e+57
3.739660268386442e+57
