FiniteElementSpace
FiniteElementCollection: L2_2D_P2
VDim: 1
Ordering: 0

9.7201977
9.4030254
9.0722603
10.153387
9.8220796
9.4765737
10.571899
10.226935
9.867188
10.473095
10.193089
9.8983486
10.939837
10.647353
10.339477
11.390766
11.086226
10.76566
9.1996657
8.9537061
8.6948033
9.7040677
9.4446225
9.1715246
10.194442
9.9218862
9.6349878
8.5383138
8.2597067
7.9691595
9.0064551
8.7125723
8.4060949
9.4615769
9.1528434
8.8308788
7.2742014
7.0368425
6.7893113
7.7727861
7.5191582
7.2546609
8.2601347
7.9906046
7.7095235
5.9400344
5.7462096
5.5440784
6.4642609
6.2533306
6.0333606
6.979143
6.7514119
6.5139212
6.4001313
6.2290193
6.0489028
6.9649629
6.7787497
6.5827373
7.5197262
7.3186809
7.1070561
7.8376389
7.628094
7.4075223
8.3748425
8.1509351
7.915245
8.8999396
8.6619934
8.4115257
8.3255957
8.1458829
7.9543947
8.8962445
8.704214
8.4996009
9.4540333
9.2499625
9.0325204
6.7985916
6.6518401
6.4954729
7.3985885
7.2388857
7.0687187
7.9878903
7.8154671
7.6317461
7.1315777
7.0106
6.8794881
7.7609617
7.6293074
7.4866244
8.3791266
8.236986
8.0829383
8.7333724
8.5852225
8.424662
9.3319709
9.1736665
9.002101
9.9170794
9.7488495
9.5665269
10.25106
10.077165
9.8887018
10.813108
10.629678
10.430883
11.359525
11.166826
10.957985
9.7724197
9.5614764
9.3367114
10.308225
10.085716
9.8486274
10.829129
10.595376
10.346307
11.12513
10.884988
10.62911
11.620931
11.370087
11.102806
12.099934
11.83875
11.560452
11.670024
11.472058
11.257508
12.190109
11.98332
11.759209
12.692573
12.47726
12.243911
12.10253
11.948646
11.77749
12.64189
12.481148
12.302364
13.162975
12.995608
12.809454
10.630977
10.495804
10.345459
11.213855
11.071271
10.912683
11.780523
11.630734
11.464131
10.908512
10.813363
10.702583
11.506607
11.406241
11.289388
12.088068
11.982631
11.859872
12.418481
12.310162
12.184048
12.971922
12.858775
12.727041
13.506611
13.388801
13.251636
12.614836
12.553125
12.473267
13.177027
13.112566
13.029149
13.720171
13.653052
13.566197
12.689703
12.675194
12.642361
13.255231
13.240075
13.205779
13.801598
13.785817
13.750108
11.146756
11.13401
11.10517
11.757913
11.744469
11.714048
12.352074
12.337951
12.305992
11.080992
11.026784
10.956636
11.688544
11.631364
11.55737
12.279199
12.219129
12.141396
9.4404312
9.3942489
9.3344865
10.087493
10.038145
9.9742862
10.719972
10.66753
10.599667
9.4964587
9.4856004
9.46103
10.14736
10.135758
10.109503
10.783593
10.771263
10.743363
7.7547057
7.7458389
7.725775
8.4390827
8.4294334
8.4075988
9.1112604
9.1008425
9.0772688
7.7089543
7.6712423
7.6224409
8.3892936
8.3482533
8.2951452
9.0575056
9.0131965
8.9558582
7.5889614
7.5227673
7.4456986
8.258711
8.1866751
8.1028047
8.916522
8.8387484
8.7481977
9.2934873
9.2124256
9.1180467
9.9304769
9.8438591
9.7430114
10.553111
10.461063
10.353892
9.057042
8.9418816
8.8137952
9.6778253
9.5547717
9.417906
10.284619
10.15385
10.008403
7.3958827
7.3018441
7.1972501
8.0485925
7.9462546
7.8324299
8.6896674
8.5791783
8.4562873
5.6634971
5.5914857
5.5113915
6.3418474
6.2612107
6.1715231
7.01103
6.9218847
6.8227334
3.876569
3.8272784
3.7724552
4.5740268
4.515868
4.4511812
5.2648726
5.1979297
5.1234728
3.9777716
3.9430758
3.90268
4.6934374
4.6524993
4.6048357
5.4023186
5.3551973
5.3003347
5.8113498
5.7606607
5.7016443
6.5074092
6.4506488
6.3845636
7.1940617
7.131312
7.0582536
5.9032359
5.8743574
5.8369871
6.610301
6.5779636
6.5361173
7.3078105
7.2720609
7.225799
5.9382706
5.9314808
5.9161166
6.6495321
6.641929
6.6247246
7.3511812
7.3427759
7.323756
4.0646468
4.0599993
4.0494828
4.7959429
4.7904592
4.7780506
5.5203062
5.5139942
5.4997114
4.0406661
4.0208993
3.99532
4.7676477
4.7443245
4.714143
5.4877373
5.4608914
5.4261515
2.1391825
2.1287177
2.1151757
2.8790793
2.8649949
2.846769
3.6148142
3.5971306
3.5742471
2.1518782
2.1494178
2.1438502
2.8961662
2.8928547
2.8853614
3.6362675
3.6321098
3.6227016
0.21838586
0.21813616
0.21757113
0.96849778
0.9673904
0.96488459
1.7172097
1.7152462
1.7108032
0.21709743
0.21603539
0.21466106
0.96278382
0.9580739
0.95197902
1.7070784
1.6987275
1.6879208
0.21371822
0.21185408
0.20968369
0.94779772
0.93953063
0.92990538
1.6805071
1.665849
1.6487828
2.1058853
2.0875169
2.0661308
2.8342653
2.8095437
2.7807607
3.5585482
3.5275091
3.4913707
2.0523073
2.0262122
1.9971881
2.7621558
2.727035
2.6879721
3.4680115
3.4239157
3.3748704
0.20828079
0.2056325
0.20268695
0.9236838
0.91193916
0.89887625
1.6377516
1.6169275
1.5937662
0.20083751
0.19743057
0.19373823
0.89067431
0.87556522
0.85919044
1.5792236
1.5524342
1.5234006
0.19146004
0.18732727
0.1829237
0.84908714
0.83075911
0.81123016
1.5054868
1.47299
1.4383639
1.886563
1.8458405
1.8024497
2.5390842
2.4842767
2.4258779
3.187935
3.1191216
3.0457993
1.9789644
1.945394
1.9090113
2.6634453
2.6182635
2.5692968
3.3440759
3.2873481
3.2258683
3.7380328
3.6746221
3.6058995
4.4105658
4.3357464
4.2546595
5.0767229
4.9906031
4.8972691
5.4611019
5.3684617
5.268061
6.1152101
6.0114738
5.8990475
6.7604783
6.6457959
6.5215065
5.2061134
5.0937364
4.9739961
5.8296801
5.7038431
5.5697608
6.4448195
6.3057044
6.157474
3.5634974
3.4865773
3.4046171
4.2046286
4.1138693
4.0171631
4.8396817
4.7352144
4.623902
3.3546436
3.2649548
3.1705463
3.9581985
3.8523733
3.7409792
4.5560317
4.4342229
4.3060042
4.9009871
4.7699557
4.632029
5.488007
5.3412812
5.1868343
6.0670936
5.9048856
5.7341416
4.5486616
4.4002377
4.2454529
5.0934814
4.9272799
4.7539557
5.6309383
5.4471994
5.2555863
3.1134827
3.011889
2.9059414
3.6736489
3.5537768
3.4287676
4.2285046
4.0905274
3.9466372
1.6483192
1.5945342
1.5384441
2.2184371
2.146049
2.0705586
2.785348
2.6944615
2.5996799
1.775993
1.7285106
1.6785295
2.3902705
2.3263649
2.2590964
3.0010926
2.9208563
2.8363976
0.18023872
0.17541991
0.17034752
0.7993228
0.77795233
0.75545729
1.4172514
1.3793602
1.339475
0.1672816
0.16182316
0.15613079
0.74186053
0.71765345
0.69240895
1.3153671
1.2724463
1.2276862
