FiniteElementSpace
FiniteElementCollection: L2_2D_P3
VDim: 1
Ordering: 0

2.820541838798705e+36
2.948057303503587e+36
2.839819449753281e+36
2.529152829230952e+36
-6.567555547400798e+34
1.076919943471328e+36
2.310448112049457e+36
2.81995114523127e+36
-7.221786523849965e+36
-5.041037529613821e+36
-1.735323209428004e+36
6.20705275674505e+35
-1.037693456457974e+37
-9.632960396391486e+36
-6.301277468457439e+36
-2.810061078064214e+36
2.217357567188843e+36
2.298128306395819e+36
2.513251177652944e+36
2.729655865976326e+36
-2.966311167653303e+36
-2.651367025336426e+36
-1.705530310875105e+36
-6.848430896307554e+35
-9.99872430699644e+36
-9.886928788914074e+36
-9.246059958723078e+36
-8.10076889211115e+36
-6.03805016454857e+36
-6.819039644819738e+36
-8.766458401252442e+36
-1.012290476307998e+37
-5.513858213688304e+34
-5.292092721155984e+34
-4.667955624137612e+34
-4.131164157178678e+34
-8.744539340050224e+34
-9.658774707412733e+34
-1.228153669461646e+35
-1.478778580404083e+35
1.872116889390788e+36
1.837005251745477e+36
1.717503058702229e+36
1.561843002468467e+36
2.804406492708599e+36
2.813606174664152e+36
2.828457319450276e+36
2.82552792847554e+36
-3.679396897559967e+34
-2.751399211917615e+34
-1.037860621041236e+34
3.54426699537654e+33
-1.648346219631742e+35
-1.966249803938715e+35
-2.388999993278171e+35
-2.608606420354011e+35
1.462619734839925e+36
1.238479527812666e+36
9.011718128752213e+35
6.140387098646889e+35
2.781875760549983e+36
2.639297430194199e+36
2.264558015973795e+36
1.871924639502826e+36
