FiniteElementSpace
FiniteElementCollection: L2_2D_P4
VDim: 1
Ordering: 0

2.673877243272603e+23
1.17415691746792e+24
6.798968533871564e+23
-1.165396117314485e+24
6.112795953850187e+22
-3.432770805917722e+23
7.110836506578488e+23
1.035597895773446e+24
-1.055574745815e+24
-4.696690739777424e+22
-1.559573248464891e+23
3.530174006481661e+22
1.264932663987845e+24
-8.783578426499859e+23
-1.623148935203909e+23
6.97332431917208e+23
-3.383481172440858e+23
1.3113515785352e+24
-7.548579611173706e+23
-2.267542101577052e+23
9.176803699261308e+23
-3.666213496802753e+23
1.292450615225347e+24
-7.115799708500119e+23
-2.485040469718133e+23
