FiniteElementSpace
FiniteElementCollection: L2_2D_P3
VDim: 1
Ordering: 0

-5.042747197032455e+94
1.169258720440052e+94
2.13456686042128e+93
-2.213060635888903e+93
1.169258720440057e+94
9.284583262599159e+93
2.461314982353604e+92
-2.530775375345199e+93
2.134566860421286e+93
2.461314982353624e+92
-2.379011683944729e+93
-2.417270827189413e+93
-2.213060635888912e+93
-2.530775375345198e+93
-2.417270827189412e+93
-4.875582618197276e+92
-3.327291721143872e+93
1.803613485469779e+92
9.660520016890846e+92
3.994639439628551e+91
-2.835816614606841e+93
5.110209481918431e+92
8.767405904164954e+92
-2.291275683760438e+91
-8.306046190313847e+92
1.008684415165422e+93
6.187898385303182e+92
-2.176041999545537e+92
6.440427735946144e+92
1.127581842229447e+93
2.670415671767947e+92
-3.980728332393107e+92
1.070424607324342e+93
9.791472055480625e+92
4.025929939301153e+91
-4.729281691123128e+92
9.791472055480656e+92
4.271090712627141e+92
-3.192637477261276e+92
-5.455506568372972e+92
4.025929939301594e+91
-3.192637477261262e+92
-5.391632073316598e+92
-4.474338689688128e+92
-4.729281691123104e+92
-5.455506568372979e+92
-4.474338689688137e+92
-2.58460644341651e+92
-3.327291721143869e+93
-2.835816614606836e+93
-8.306046190313809e+92
6.440427735946156e+92
1.803613485469916e+92
5.110209481918541e+92
1.008684415165429e+93
1.127581842229451e+93
9.660520016890989e+92
8.767405904165072e+92
6.18789838530327e+92
2.670415671768009e+92
3.994639439629766e+91
-2.291275683759411e+91
-2.176041999545458e+92
-3.980728332393059e+92
