FiniteElementSpace
FiniteElementCollection: L2_2D_P2
VDim: 1
Ordering: 0

0.99623317
0.9936322
0.98332056
0.99363221
0.98914141
0.9787977
0.98332056
0.9787977
0.96860221
0.97467437
0.97018467
0.96000951
0.95522898
0.95084219
0.94095072
0.93039467
0.9261499
0.9165482
0.95152424
0.93268734
0.90850394
0.93268734
0.91426138
0.89057128
0.90850394
0.89057128
0.8675294
0.97467438
0.95522898
0.93039465
0.97018467
0.95084219
0.92614989
0.96000951
0.94095071
0.91654819
0.91349449
0.88030836
0.84214062
0.90931747
0.87629724
0.83830949
0.89987987
0.86723332
0.82964536
0.81766584
0.77190028
0.72176766
0.81393685
0.76838852
0.71848785
0.8055103
0.76045102
0.71107272
0.79845794
0.75381027
0.70485851
0.78274099
0.73898647
0.69099345
0.76251462
0.71990348
0.67314539
0.89198844
0.85965064
0.82238415
0.87441026
0.84272306
0.80618625
0.85179459
0.82093304
0.78535041
0.83634526
0.80605587
0.77111308
0.80605587
0.77686253
0.74319884
0.77111308
0.74319884
0.71101685
0.74870043
0.7068715
0.66094614
0.7216148
0.68128829
0.637026
0.69035478
0.65177582
0.60945194
0.67029096
0.63285191
0.59174918
0.63285191
0.59749912
0.55869468
0.59174918
0.55869468
0.52241943
0.74870043
0.7216148
0.69035478
0.7068715
0.68128829
0.65177582
0.66094614
0.637026
0.60945194
0.79845793
0.78274099
0.76251462
0.75381027
0.73898647
0.71990349
0.70485852
0.69099346
0.67314539
0.89198844
0.87441025
0.85179459
0.85965063
0.84272306
0.82093304
0.82238414
0.80618624
0.78535041
0.91349449
0.90931747
0.89987987
0.88030835
0.87629723
0.86723331
0.8421406
0.83830948
0.82964534
0.81766582
0.81393683
0.80551029
0.77190028
0.76838853
0.76045102
0.72176767
0.71848787
0.71107273
