FiniteElementSpace
FiniteElementCollection: L2_2D_P2
VDim: 1
Ordering: 0

0.003934325530277734
0.004007574351977662
0.004079375674478493
0.01745006759225694
0.01777496077423812
0.01809342659683454
0.03095855565464896
0.03153497485128693
0.03209999277337063
0.03881694217809645
0.03953966210837943
0.04024809028358539
0.05230534460393672
0.05327915696301259
0.0542337100956195
0.06577342990492553
0.06699798327037286
0.06819831261420424
0.04065378212315324
0.04133909238169711
0.04200945843177049
0.05478034666483922
0.05570374213045931
0.05660699901828924
0.06888569299352133
0.0700468342455646
0.07118264845893937
0.004120492417599501
0.00418994588377057
0.004257885567627042
0.01827579802733092
0.0185838643885711
0.01888521363216026
0.03242355733253121
0.03297013541933947
0.03350479536667079
0.004296725599082554
0.004362219441865594
0.00442613753335127
0.01905749065711107
0.01934799346656621
0.01963150316074986
0.03381045341826744
0.03432587170724898
0.03482888231555942
0.004462608765549895
0.004523985822109581
0.00458372792639977
0.01979327228352905
0.02006551438332582
0.02033050361705776
0.0351158968382544
0.03559891501775873
0.03606906632053582
0.04402948073454566
0.04463509276779152
0.04522457119889697
0.05932877292938123
0.06014476507146375
0.06093901480672994
0.07460516330268578
0.07563123515337139
0.07662996578710446
0.0423926975354611
0.04303893678092498
0.04366961864429979
0.05712337761988715
0.05799412118341923
0.05884389854441646
0.07183197470815474
0.07292689875790272
0.07399545612674685
0.08038185401197666
0.08160702993506334
0.08280269580072359
0.09504474654141019
0.09649316101570454
0.0979066752598276
0.1096698272563177
0.1113408614515447
0.1129716313950893
0.08348492719097504
0.08463304545204528
0.08575056382070013
0.09871320241044575
0.1000704885444103
0.1013915890739328
0.1139021212345826
0.1154680244682289
0.116992184809567
0.122723190469551
0.1244102692428423
0.1260523890554921
0.1378412485460002
0.1397362346561948
0.1415807543422092
0.1529097186553986
0.1550122210281489
0.1570587662567189
0.1181634390152205
0.1199637546815563
0.1217207016018431
0.1327197423320307
0.1347418258445144
0.1367152335768527
0.147227566184899
0.1494709689444506
0.1516604133054344
0.113318925415156
0.1152281874600738
0.117095780899561
0.1272786215965567
0.1294229865927967
0.1315205828880197
0.1411911558854148
0.1435700874257707
0.1458971815520983
0.07708504854019506
0.07838433907244095
0.07965528101410527
0.09114716882203915
0.09268323960816383
0.09418577977695675
0.1051731794877411
0.1069453509608046
0.1086788365860267
0.07360244695215647
0.07497272228374643
0.0763158808333381
0.08702980750242793
0.08864985293250847
0.09023782028154384
0.1004229600927822
0.1022920210273496
0.1041240627259001
0.1082012854213407
0.1102149110461908
0.1121886577030997
0.1215309662430867
0.1237924559676634
0.1260091904337716
0.1348150171369807
0.1373237491030374
0.1397828864840754
0.1425250629121703
0.1451774451482286
0.1477774319510665
0.155730779754613
0.1586294275526098
0.1614708618184145
0.1688818976886967
0.1720259603134253
0.1751079799813673
0.1492663772262445
0.1517816134717895
0.1542420747908256
0.1630980969127208
0.1658469626942717
0.1685359935614749
0.1768729993718813
0.1798546195766076
0.1827713338686189
0.1848634400186769
0.1879800736916859
0.1910288467360777
0.1985387984020427
0.2018863637068685
0.2051610060377152
0.2121435726001353
0.2157207447540871
0.2192199586351038
0.1765104195600249
0.1797968859520661
0.1830184892689116
0.1895666741579673
0.1930967522614067
0.1965571259125815
0.2025558759632074
0.2063281840532762
0.2100259628720075
0.2100841132962249
0.2139967396564907
0.2178320395012408
0.2229570543957348
0.2271095117824577
0.2311798663395388
0.2357495522610334
0.2401402353820244
0.2444440789404374
0.2431571290987872
0.2476857123613544
0.2521247176133528
0.2558127818765142
0.2605769419874981
0.2652468517089525
0.2683756219801388
0.2733736113194113
0.2782727225785812
0.2546667564874472
0.258960835744327
0.2631612622850008
0.2679211171843501
0.2724385589119444
0.276857474661442
0.2810782427305802
0.2858174037805487
0.2904532009100068
0.2200283920589296
0.223738565522997
0.2273678628033759
0.2335108107747519
0.2374483207039638
0.2412999714566275
0.2469087210673407
0.2510720621257115
0.2551446037336039
0.2294426966266687
0.2329414061677344
0.2363558963370194
0.2435019101491012
0.2472149379592964
0.2508385706945352
0.2574728168347237
0.2613987702375271
0.265230194180373
0.2655625839558078
0.269611815989127
0.2735635509633718
0.279383702122056
0.2836435565401795
0.2878008432119026
0.2931034169469499
0.2975723459616427
0.3019336675090399
0.2758183762236892
0.2796130189947822
0.2833065584384009
0.290172954447084
0.2941649738052099
0.2980506258583155
0.30442219572878
0.3086101213475695
0.3126864450654531
0.2383041831026164
0.2415829581557029
0.2447743829926826
0.2529061853559531
0.2563857702098074
0.259772646458744
0.2674163702179275
0.2710954813297398
0.2746765662743261
0.2002162925048272
0.2029708651908622
0.2056521026870545
0.2150289097725426
0.2179874401307493
0.2208671806118927
0.229764397562865
0.2329257098932999
0.2360028101925925
0.1927718361379776
0.1957110201761202
0.1985795168419397
0.2070331100780725
0.2101899964843039
0.2132709302563659
0.2212204338322194
0.2245937671973216
0.2278859131079809
0.1556487210168008
0.1580207424167205
0.1603357339084782
0.1700733263380089
0.1726657351295872
0.1751958249131705
0.184438832140805
0.1872507295014349
0.1899950171339138
0.1616566867456668
0.1638797777479981
0.1660437148851326
0.1766395180794398
0.1790691713200888
0.1814341697975582
0.1915609264893108
0.1941962480333151
0.1967614233726359
0.1672757828616449
0.1693445639486108
0.1713522041737146
0.1827807118560562
0.1850416978311805
0.1872358499787437
0.1982219297994346
0.2006742598794664
0.2030540828230638
0.1724923999546453
0.1744018514557572
0.1762483178843934
0.1884819642372253
0.1905687817993113
0.1925867497645099
0.2044056360608214
0.2066690168185907
0.2088577091096099
0.2136420906795063
0.2160078277573278
0.2182954890294176
0.2294485580037757
0.2319893587552377
0.2344462897932044
0.2451721923727748
0.2478870661634192
0.2505123149660262
0.2071786829998964
0.2097419470230401
0.2122294115319912
0.2225067685451327
0.2252597662612967
0.2279313332176033
0.2377547557477023
0.240696399046311
0.2435510166435113
0.2465914149981535
0.2496423387409048
0.252602998823669
0.2617009545731547
0.2649387152530083
0.2680806803436179
0.2767154458090992
0.280138863131381
0.2834609920311546
0.2854094641120636
0.2889403856576464
0.2923668377534461
0.3002629080880262
0.3039774739127758
0.3075821269235083
0.3150072785710177
0.3189040949340157
0.3226855873191607
0.2943127612205865
0.2975714620134603
0.300722576762764
0.3096292479757551
0.3130574070723797
0.3163723719573124
0.3248331283411364
0.3284294383285913
0.331906983754281
0.2542843952461892
0.2571001147347575
0.2598228779661066
0.2698650405336235
0.2728531849025586
0.2757426783249575
0.2853476693868071
0.2885071567516334
0.2915623362138944
0.2613645896536925
0.2639383245223942
0.266416635362139
0.2773787966838949
0.28011013265125
0.2827401991970772
0.2932922712671672
0.2961802246994758
0.2989611006657775
0.3025068318898238
0.3054854638487007
0.3083536518155513
0.3182493968596925
0.321382885771401
0.3244001733366234
0.3338760576351396
0.3371632003737697
0.3403284292803119
0.3099719407391337
0.3126633289914998
0.3152416822546291
0.3261025799376821
0.3289338532758764
0.3316462013096357
0.3421143003106753
0.3450843744304848
0.3479296820077654
0.2678149510972245
0.2701405076375739
0.2723684038335328
0.2842241378340203
0.2866920918625447
0.289056400659484
0.3005301285950109
0.3031395945168592
0.3056394709046231
0.2250105469802043
0.2269645453226391
0.2288364982512018
0.2416581132062555
0.2437566343486244
0.245767027247544
0.2582181623940755
0.2604604314919193
0.2626085364575574
0.2195908441679161
0.2217533254225981
0.2238356481405601
0.2358374838696937
0.2381599483439073
0.2403963091577408
0.2519988120042641
0.254480371945807
0.25686992543428
0.1772938671187431
0.1790393404332519
0.1807201407300354
0.1937294045558285
0.1956369773202217
0.1974738542624656
0.2100970288292162
0.2121659692950515
0.2141582250993136
0.1816685037638444
0.1832457641065013
0.1847568203876211
0.1985102729500099
0.2002339686923778
0.2018852962097591
0.2152823091396613
0.2171518005722806
0.2189427997638603
0.1379078075839087
0.1391044497151198
0.1402508499205073
0.1548983540585745
0.1562426536471564
0.157530519869438
0.1718358216756114
0.1733275106199714
0.1747565903559286
0.09381813773206182
0.09463238276266611
0.09541242647300721
0.1109285424035413
0.1118910688721967
0.1128131644608348
0.1279954768805695
0.1291060596918507
0.1301700059750621
0.09155964351658892
0.09246080420726219
0.09332854398171465
0.1082587482100305
0.1093240238333568
0.1103497889671757
0.124915081835843
0.1261441797065754
0.1273277055209149
0.1345887559650452
0.1359130704658401
0.1371882938575611
0.1511698052214286
0.1526575000237152
0.1540900608352338
0.1676985367385636
0.16934930596332
0.1709389122173545
0.1309456615331362
0.1323944766313896
0.1337954699077002
0.147077346126164
0.1487048525540489
0.1502786583448658
0.1631575742319331
0.1649634291082301
0.1667097152582175
0.1269873224053324
0.1285571409277028
0.1300805144115911
0.1426309378959607
0.1443942924489062
0.1461055062067426
0.1582239904662532
0.1601805298512323
0.1620792413458279
0.08638681560358935
0.08745511947724662
0.08849180638883471
0.1021437441917125
0.1034066494879073
0.1046321690189741
0.1178599525821813
0.1193169855642868
0.1207308970708387
0.08908054897177173
0.09006646758655502
0.09101982754763614
0.1053281454038281
0.1064936315897372
0.1076206218572614
0.1215338694575047
0.1228785477372923
0.1241788279776919
0.04698114356996408
0.04750123616535214
0.04800416019699898
0.06330575919165331
0.06400650604331287
0.06468411738258102
0.07960602469146331
0.08048717086328581
0.08133922409718645
0.04556018967398806
0.04612371729509968
0.04667057429749017
0.06139121791174706
0.06215049736861401
0.06288731181393827
0.07719858913511239
0.07815334523624576
0.07907985094072749
0.004617741715913215
0.004674852874385695
0.004730274735511302
0.02048137434908367
0.02073469643404674
0.0209805242223698
0.03633674652703779
0.03678620133833553
0.03722236059599842
0.004761749312181397
0.004814457644954615
0.004865426754891941
0.02112013273769184
0.02135392586654505
0.02158000204620096
0.03747006240224077
0.03788487404974761
0.03828599327230683
0.004894286730986349
0.004942465100135711
0.004988857947280035
0.02170801339027325
0.02192171562322962
0.02212749557800085
0.03851311975642692
0.03889228535918865
0.0392573942293597
0.04828893103452447
0.04876432682264345
0.04922209722590288
0.06506780034894884
0.06570831880098263
0.06632508715587331
0.0818216805666587
0.08262709027905428
0.08340263467515677
0.04948038124678202
0.04990993679119846
0.05032145345639615
0.0666730799340734
0.0672518292422124
0.06780627184707468
0.08384021139844003
0.08456794822214121
0.08526512126837474
0.005015033906399509
0.005058567159612074
0.005100272199780619
0.02224360162510509
0.0224366996018773
0.02262168875093975
0.03946339707193194
0.03980600380341618
0.04013422379922709
0.005123700534499809
0.005162482834403684
0.005199399571734651
0.0227256091782733
0.02289763508575834
0.02306138575968035
0.04031860676243777
0.04062382826290245
0.04091436804975291
0.005220024007067448
0.005253962442972502
0.005286002937314726
0.02315286985722281
0.02330340999331161
0.02344552892583448
0.04107668770683445
0.04134379174583614
0.0415959540615394
0.0515030956554842
0.05183798411220879
0.05215413717810488
0.06939830401092892
0.06984949633422861
0.07027544584418496
0.08726698860191569
0.08783432990397395
0.08836992936563016
0.05055262961430045
0.05093531075513608
0.05129958291755285
0.06811773784858866
0.06863332693529783
0.06912411200245981
0.08565676820824963
0.08630508523602981
0.08692221208491628
0.09585062575915135
0.0965760025617191
0.09726647911392478
0.113331162540424
0.1141886338610908
0.1150048483940771
0.1307676969277271
0.1317570984660748
0.1326989078665287
0.1408948645753809
0.1419609536423564
0.142975768023447
0.1582540094246991
0.1594516635062215
0.1605917206036432
0.1755594149784982
0.1768884055110621
0.1781534916572092
0.143542730766085
0.1444756957416099
0.1453564758247277
0.1612286571856658
0.1622767693919697
0.1632662580258812
0.1788602840047846
0.1800233522314196
0.181121374259502
0.09765223155498222
0.09828699601019439
0.09888624539076694
0.1154608470239972
0.116211201630626
0.1169195713055314
0.1332250799376435
0.1340909158625063
0.1349083167616454
0.09921862507743802
0.099761254971184
0.1002678380418223
0.1173124752034658
0.1179539159658635
0.1185527466516728
0.1353617012838897
0.1361018867995853
0.1367929104135692
0.1458450162654298
0.1466425973178446
0.1473872071874334
0.1638150967971967
0.1647111209371329
0.1655476367966511
0.181730416930699
0.1827247345376227
0.1836530221033595
0.147796142133839
0.1484564125089643
0.1490630541546334
0.1660070463680313
0.1667488137602795
0.1674303331955072
0.1841628350357169
0.1849859880411538
0.1857422880017173
0.1005460464565738
0.1009952403308986
0.1014079442028238
0.1188816166773966
0.1194126093761145
0.1199004680045453
0.137172415020602
0.1377851663605915
0.1383481479662595
0.05302983173997104
0.05326682460167372
0.05348456689480852
0.07145525274288546
0.07177454778030311
0.07206790575006956
0.08985344639356996
0.09025493557253388
0.09062381193340864
0.05232949584899509
0.0526157812650331
0.05288305055371818
0.07051170399281198
0.07089741131621816
0.07125749761760468
0.088667005817348
0.08915200330963965
0.08960478451589159
0.005303774391212505
0.005332787175169978
0.005359873307702662
0.02352435730851115
0.02365305039249897
0.02377319577149951
0.04173581934336061
0.04196415909897312
0.04217733230884216
0.005374748933932176
0.005398766972378833
0.005420833712089269
0.0238391785549174
0.02394571455299599
0.02404359686809404
0.04229440504435703
0.04248343128361595
0.04265710365461783
0.005432777111924206
0.005451741735164477
0.005468736271297131
0.02409657464240443
0.02418069570158725
0.0242560783280816
0.04275110237065174
0.04290035932954112
0.04303411186860576
0.05360241777382833
0.05378954835263892
0.05395723960001598
0.07222668279532225
0.07247879842104911
0.07270472363002524
0.09082346294223367
0.09114048111344496
0.09142456754405183
0.05404587687537869
0.05418269626251077
0.0542999346118191
0.07282414190391159
0.07300847400385352
0.07316642442027643
0.09157472826069098
0.09180651410541187
0.0920051280867154
0.005477718852293912
0.005491583979716293
0.005503465135138942
0.02429592351582439
0.0243574277426343
0.02441012995921629
0.04310481022427588
0.0432139392034481
0.04330745026593359
0.005509465857596909
0.005518199620808759
0.005524939216360786
0.02443674699884913
0.02447548656992808
0.02450538141048551
0.04335467748307337
0.04342341384330813
0.04347645668294704
0.005527943217657798
0.005531523699895019
0.005533105083863207
0.02451870609337616
0.02453458762440317
0.02454160291361239
0.04350009882494854
0.04352827748603376
0.04354072437091323
0.05454146508372602
0.05457679369944451
0.05459239872399499
0.073491829175788
0.07353942633533463
0.07356045092328596
0.09241430943830101
0.09247416078123891
0.09250059800941884
0.05435914521572187
0.05444532282225044
0.05451182426041457
0.07324619642006254
0.07336230025077653
0.07345189517254906
0.09210543746358028
0.09225143242809737
0.09236409405646133
0.1030655674132211
0.1032288975420708
0.1033549347374561
0.1218599649854161
0.1220530404429525
0.1222020309929674
0.1406094486053834
0.1408322706322462
0.1410042177096158
0.1034111106647529
0.1034780651703751
0.1035076387086933
0.1222684374373458
0.122347584741585
0.1223825420250363
0.1410808571139129
0.1411722013765485
0.1412125469113797
0.1520076830660517
0.1521061112911159
0.1521495873850743
0.1707384436928231
0.1708490259194369
0.1708978726380771
0.1894134855436766
0.1895362122109792
0.1895904242521297
0.151499720483785
0.1517398208176646
0.1519251009205728
0.1701677696079008
0.1704375108241662
0.1706456653316077
0.1887801534928076
0.1890795083883434
0.1893105184524852
0.1506269176132031
0.1510081128620761
0.1513347528121549
0.1691872279877356
0.1696154765535646
0.1699824371994074
0.1876919856470927
0.188167236554429
0.1885744762033472
0.1024718288021752
0.1027311447947745
0.102953346485675
0.1211580981556982
0.1214646391873356
0.1217273068368546
0.1397994632431365
0.1401532223229627
0.1404563532139715
0.1016313156293347
0.1019859968869857
0.1023038313479979
0.1201645168063143
0.1205837893345055
0.1209595058394207
0.1386528589074801
0.1391367004717563
0.139570282581347
0.1493913958096585
0.1499127586001882
0.1503799636816146
0.1677992019972286
0.1683849171421122
0.168909791254554
0.1861516338344774
0.1868016239694379
0.1873841001878719
0.1968052587844842
0.1974924979107082
0.1981083495480437
0.2150514159738228
0.2158023586816367
0.2164752923926787
0.2332227453170212
0.2340372512054471
0.2347671513718981
0.2437616867483324
0.2446129772362868
0.2453758364731415
0.261795243372013
0.2627093877901635
0.2635285652133247
0.2797351581909681
0.2807120109696777
0.2815873931847206
0.2457790641749285
0.2464014775826157
0.246934810521748
0.263961558283816
0.2646299162193733
0.2652026176939387
0.2820500999214302
0.2827643298019696
0.2833763465972676
0.1984338740127344
0.1989363476980062
0.1993669082749519
0.2168309870741132
0.2173800305537016
0.2178504959053016
0.2351529601161003
0.2357484912959803
0.2362587968652125
0.1995843604781815
0.1999008492178271
0.2001450762317611
0.2180881020929559
0.2184339246999461
0.218700788973487
0.2365165274435109
0.2368916440370498
0.2371811187680714
0.2002539317393803
0.2003836757632612
0.2004409864251838
0.2188197348809325
0.2189615055074257
0.2190241277858461
0.2373101451729976
0.2374639313231443
0.2375318614025959
0.248033548290923
0.2481942559054815
0.2482652420191015
0.2663824766193837
0.2665550541689969
0.2666312842854342
0.284637245751773
0.2848216851793678
0.2849031563076753
0.2472041664365034
0.2475961960144996
0.2478987133643764
0.2654918568700254
0.2659128285124109
0.2662376834951973
0.283685446518787
0.2841353298073672
0.2844825018308773
0.2942281713524221
0.2946947356615269
0.2950547696868684
0.312253515669691
0.3127485855674401
0.3131306202383565
0.3301673228882454
0.330690848735071
0.3310948502655686
0.2952152402772425
0.2954065027315305
0.2954909862843585
0.3133008992013155
0.3135038534728176
0.3135935019945421
0.3312749247465741
0.3314895556757081
0.3315843627074049
0.3416813381969967
0.3419026651514687
0.3420004268672548
0.3594580904062542
0.3596908928942065
0.3597937244474314
0.3771056816873968
0.377349946536238
0.3774578432837153
0.3405390968796037
0.3410790095643084
0.3414956422723777
0.3582566611607838
0.3588245455506204
0.3592627681851023
0.375845155244825
0.3764409635157309
0.3769007446302863
0.3385764094951023
0.3394336133359316
0.3401681330287349
0.3561922891914575
0.357093907782901
0.3578664806785897
0.3736793453934961
0.3746252557098701
0.3754357940337318
0.2925321278201623
0.2932728734493406
0.2939076043990476
0.3104538513906087
0.3112398559543228
0.3119133650447822
0.3282642748320631
0.3290954237623602
0.3298076254370478
0.2901312164628055
0.2911443492206836
0.2920522397998875
0.3079062060685225
0.3089812664751094
0.3099446408935358
0.3255703623679899
0.3267071348512545
0.3277258220650555
0.335798017638543
0.3369704423475558
0.338021073872574
0.3532698833367954
0.354503090741271
0.3556081768926835
0.3706134630999265
0.3719072005174432
0.3730665452592801
0.3322106135714974
0.3336954382227592
0.3350596502920066
0.3494964050291355
0.351058261272335
0.3524932292375878
0.3666548691587672
0.3682933298626525
0.3697986969933764
0.3278228181021435
0.3296164755632429
0.3312909896193536
0.3448808716675121
0.3467676413265327
0.3485290626133788
0.3618130422374224
0.3637923058937482
0.3656400902295022
0.2832396781731613
0.2847895986075483
0.286236574344683
0.30059315086902
0.3022379056281925
0.3037734014359087
0.3178377558897842
0.3195768440849299
0.321200417498369
0.2870312409007713
0.2883143141245931
0.2894931692294338
0.3046166747077435
0.3059782170390964
0.3072291528310949
0.3220920674798567
0.3235317286375763
0.3248544498254279
0.24115691435545
0.2422350238493682
0.243225563697358
0.2589981030389507
0.26015584252822
0.2612195331671244
0.2767462053849302
0.2779833252115974
0.2791199608717977
0.1947024670864774
0.19557280445961
0.1963724526348208
0.2127536718507779
0.2137047061649935
0.2145784887466945
0.2307305460294669
0.2317620589968888
0.2327097903880023
0.1921305970664643
0.1931819230659002
0.1941634289426107
0.2099432890745544
0.2110921234999893
0.2121646506243587
0.2276823829733228
0.2289284110423931
0.2300916840848347
0.2379710372612733
0.2392733631231945
0.2404891913402709
0.2555768490742562
0.2569754042742786
0.2582810562190856
0.2730904429180404
0.2745848501842398
0.2759800005501933
0.2342117431295297
0.2357351432285426
0.2371733258274554
0.251539704684423
0.2531757121493529
0.2547201877634548
0.2687766715524214
0.2705247699242491
0.2721750758048216
0.1890958832931149
0.1903256487499374
0.1914866332465749
0.2066270463750285
0.2079709083830243
0.209239593538123
0.2240856165179861
0.2255431518507798
0.2269191573325164
0.1856056954985981
0.1870109133467504
0.1883485566537108
0.2028129640078867
0.2043486016454066
0.2058103765843538
0.2199489300920902
0.2216144539553468
0.2231998696054667
0.2298881035691459
0.2316289023287482
0.2332859683184705
0.2468963969335189
0.2487659134910469
0.2505454913055272
0.2638152688830714
0.2658128535943823
0.26771434456919
0.2736199609368991
0.2756917477537073
0.2776638725979134
0.2903845872256066
0.2925832173475099
0.2946760746082039
0.3070438139961029
0.3093685110738828
0.3115813715267664
0.2787656618465995
0.2805786970428913
0.2822903074230365
0.2958453099581652
0.2977693199807308
0.2995856838624966
0.312817650757211
0.3148519874941348
0.3167725116393342
0.3226451711485949
0.3247433530728178
0.3267241465891962
0.3394343411752808
0.3416415007772333
0.3437251561876068
0.3560995528097642
0.3584148913429841
0.3606006768790521
0.316690108360872
0.3190877752431259
0.3213700908491708
0.3331698935431497
0.3356921404472284
0.3380930260700555
0.3495280609342233
0.3521739365487402
0.3546924975286826
0.358991565382793
0.3617089244199861
0.3642955293440511
0.3751448645734133
0.3779842454482843
0.3806870039651207
0.3911612770745176
0.3941217253343869
0.3969397404403696
0.3657405992956668
0.3681184936774245
0.3703633374791766
0.3821969678727945
0.384681647365602
0.3870273002075388
0.3985141015105143
0.4011047563909844
0.4035504674467199
0.4079457370042401
0.4105976602058579
0.4131012168081004
0.4240312383696079
0.4267876716299872
0.4293898929235183
0.4399633087396243
0.442823344021685
0.4455233850673931
0.4004190403684888
0.4034494903825519
0.4063341444534705
0.4162079425722203
0.419357808192677
0.4223561361893416
0.4318460517154938
0.4351142609437092
0.4382252544348473
0.4408772668201523
0.4442138449925024
0.447389925060324
0.4562658505530453
0.4597189291638188
0.4630059043717717
0.4714895916107866
0.4750579361996567
0.4784546313856998
0.4802731413376317
0.4839079850911985
0.4873679798461681
0.4952249406362684
0.4989729669553765
0.5025406965293631
0.509997768193005
0.5138576238479616
0.5175317989423512
0.4893010150240291
0.4924818957602358
0.4954848315143183
0.5045339186695874
0.5078138320517303
0.5109102516728062
0.5195844879199071
0.5229622556400005
0.526151056437455
0.4491643442645202
0.4520842200763189
0.4548407558567803
0.4648422764997427
0.4678640903417092
0.4707168532753899
0.4803523024149203
0.4834749900490202
0.4864229883483016
0.4563697115179736
0.4588658492265357
0.4611961968699391
0.4722991784164341
0.4748824361141887
0.477294104211011
0.4880581398289766
0.4907276488655053
0.4932198509709512
0.4971504550225621
0.4998697120587781
0.5024083574217694
0.5126277232220436
0.5154316160969551
0.5180492616671215
0.5279197690892795
0.5308073228129113
0.5335030820400166
0.5038025586834007
0.5060536442134537
0.5081218859037476
0.5194868424312215
0.5218079553725139
0.5239405170354742
0.5349835680835305
0.5373739701330437
0.5395702106449672
0.4624760036882424
0.4645423880464615
0.4664409324578558
0.478618565732188
0.4807570381261843
0.482721797458151
0.4945885465823591
0.496798451405529
0.4988288578521514
0.4200356795787186
0.4219123987660554
0.4236366815259032
0.4365976298841964
0.4385482899426242
0.4403404920759006
0.45300215204099
0.4550261886713048
0.4568858247956314
0.4144898463697818
0.4167568846190349
0.4188733415848871
0.4308332491517105
0.4331896302150869
0.4353894903840829
0.4470210048685115
0.4494659853119543
0.4517485736219637
0.3716084619007514
0.3736412097489534
0.3755389279470244
0.3883283388486396
0.390452364508295
0.3924352876716976
0.404907010089069
0.4071216608626716
0.4091892054177668
0.3765811310953699
0.3782638717442287
0.3798099228040972
0.3935242788333956
0.3952825516080316
0.396897984477378
0.4103246782654018
0.4121580172969903
0.4138424406707683
0.3806467088554561
0.381975409931738
0.3831660853273887
0.3977723151051665
0.3991606204396422
0.4004046940814072
0.4147541231611174
0.4162017550288941
0.4174990134752192
0.424569938691763
0.4260518280291736
0.4273797850374936
0.4413105014292533
0.4428507335317521
0.4442309548867734
0.4578923417682477
0.4594905599215749
0.4609227654410353
0.4280817114540803
0.4291651943526882
0.4300936144316903
0.4449604977472782
0.4460865999786522
0.447051529656245
0.4616797972193604
0.4628483456727946
0.4638496650412643
0.3837954451691458
0.3847669124201915
0.3855993439959752
0.4010622717384139
0.402077290031219
0.4029470337007721
0.4181847139829011
0.419243154892217
0.4201501224384368
0.3860197585326597
0.3866316441522185
0.3871038169955003
0.4033862905331942
0.4040256039588359
0.4045189477128224
0.4206081867469081
0.4212748815168246
0.421789366453877
0.3873142674752964
0.3875650986026049
0.3876758934323448
0.4047388389567534
0.4050009261998241
0.4051166949805704
0.4220186868927295
0.4222920148514105
0.4224127508759547
0.4320063037220961
0.4322860628710893
0.4324096352653986
0.4490394335258466
0.4493302046007223
0.4494586435972319
0.4659126233216628
0.4662143884159494
0.4663476858381951
0.4305625095784769
0.4312449571233765
0.4317715823709941
0.4475388595805378
0.4482481404632327
0.4487954767132339
0.4643553826075736
0.4650914355212727
0.4656594447507014
0.4740667437689545
0.4748181703557086
0.4753980249313452
0.4906132507372202
0.4913908200279963
0.4919908518374535
0.506984332199394
0.5077879736792469
0.5084081405496989
0.475656470572524
0.4759645047861474
0.4761005651925564
0.4922582950461183
0.4925770582059659
0.4927178602653793
0.5086845677362668
0.5090140436388533
0.5091595815739547
0.5181611169091107
0.5184966841043591
0.5186449062671297
0.5342914346027275
0.5346374198471133
0.5347902474239881
0.5502308410745433
0.5505872244616341
0.5507446480332386
0.5164292940631602
0.5172478856868005
0.5178795703095723
0.5325059105539514
0.5333498811836749
0.5340011528588752
0.5483917517978877
0.5492610250368363
0.5499318389991641
0.5134536098269433
0.5147532302997653
0.5158668583392892
0.5294379098083825
0.5307778653689237
0.5319260374169968
0.5452318980995052
0.5466119494793175
0.5477945025535028
0.4713352037169721
0.4725281957074529
0.4735504546833156
0.4877866373912119
0.4890211650534651
0.4900790005396931
0.5040630552460168
0.505338908840703
0.5064321764838471
0.4674685085201867
0.4691001651187192
0.4705623343033472
0.4837852026909354
0.485473735056039
0.4869868506641804
0.4999278029012786
0.501672784141333
0.5032365068168627
0.5092413084626222
0.5110188039049106
0.5126116619764699
0.5250947421519748
0.5269274813570628
0.5285698206179222
0.5407589108771519
0.5426464099990532
0.5443378451455145
0.5497870882619343
0.5517061042423657
0.5534257824750298
0.5651389475440729
0.5671114775516398
0.568879088003555
0.5802871785722589
0.5823126948985873
0.5841278153561112
0.589008600888252
0.5910645900957705
0.5929070180886733
0.6038225240681707
0.6059301848002892
0.6078188900599877
0.6184188934133662
0.6205776125662069
0.6225120991525078
0.5938808845595963
0.5953841354224199
0.5966722562203022
0.6088172037726528
0.6103581720719368
0.6116785879031011
0.6235346263974387
0.6251129930902336
0.6264654836098198
0.5543347643646137
0.5557378585261922
0.5569401536169829
0.56981339370152
0.5712555613019679
0.5724913177187182
0.5850872479771301
0.5865682211904714
0.5878372557407273
0.5575473713897284
0.5584311416236203
0.5591131241088256
0.5731154252977763
0.5740237768397616
0.5747247298870853
0.5884781836592937
0.5894110296713936
0.5901309024549043
0.5594170893850972
0.5597793762387336
0.5599393996648383
0.5750371552385592
0.5754095325184881
0.5755740167687922
0.5904517714820856
0.5908342181432287
0.5910031540871441
0.5993260181557416
0.5997141672954687
0.5998856121114005
0.6143988264623149
0.6147967105245552
0.6149724594644209
0.6292519383268097
0.6296595364114087
0.6298395823997138
0.5973228215079089
0.5982696829234058
0.5990003525322933
0.6123454512710412
0.6133160295792718
0.6140649999230776
0.6271485611372754
0.6281427540126071
0.6289099677576451
0.6356609934307752
0.6366686717234621
0.6374462734502538
0.6501017956613772
0.6511322462277942
0.6519274170135475
0.6643090931083242
0.6653622037757358
0.6661748851433554
0.6377928574952755
0.6382059383081923
0.6383883954635472
0.6522818352707156
0.6527042634158791
0.6528908553449891
0.6665371227940644
0.6669688792190296
0.6671595995416615
0.6747237886820547
0.6751607968363788
0.6753538245546107
0.6885937747105371
0.6890397271483819
0.6892367105750898
0.7022170156713997
0.7026718923628957
0.7028728227828688
0.6724684511792802
0.673534489193397
0.6743571293651459
0.6862923318901756
0.6873801670497713
0.6882196196515497
0.6998696647433233
0.7009791757487366
0.7018353794188679
0.668593319771223
0.6702857646421192
0.6717360054330198
0.6823378160793875
0.684064958627129
0.6855449019778154
0.6958365451202447
0.6975979884100997
0.6991073559773165
0.6319979837223733
0.6335977868793041
0.634968642677642
0.6463558833744733
0.647991920184192
0.6493937943749331
0.6604809918088308
0.6621528956928597
0.6635855360114156
0.6268127595493709
0.6290008029084213
0.6309615672615279
0.6410530400857288
0.6432907420778675
0.6452959772714532
0.6550620567688193
0.6573487262994421
0.6593978656803929
0.6631078190505902
0.6654225761160606
0.6674968869958383
0.6767397105903189
0.6791020035327856
0.6812188904885713
0.6901274242824185
0.6925365400289756
0.6946954130684228
0.6560251445375679
0.658956651169939
0.6616500415310956
0.6695115120304738
0.6725032593008152
0.6752519870187743
0.6827560744680685
0.6858070560787927
0.6886102251938911
0.6473623259551263
0.6509035294467843
0.6542095241650353
0.6606706375409094
0.6642846328156093
0.6676585774845306
0.6737402346592527
0.6774257434346587
0.6808664621715306
0.611929359596489
0.6152766570933318
0.6184016330577726
0.625831497890873
0.6292548679256244
0.6324508565741833
0.6395076316820256
0.6430058585343379
0.6462717337380861
0.6201178437789358
0.622888850224531
0.6254347861047496
0.634206063626346
0.6370400225242855
0.639643779921934
0.6480653225548637
0.6509612583366529
0.6536219675244299
0.5827177529292769
0.5853215151427482
0.5877137927385904
0.5973734586590403
0.6000427212608969
0.6024951620377078
0.6118137011586201
0.6145475719787866
0.6170593876933331
0.5439153125160014
0.5463456272676284
0.5485785394216479
0.5591033277840773
0.5616014711306188
0.563896686171442
0.5740895604553077
0.5766547368973025
0.5790115608818267
0.5367335737117013
0.5396693372162397
0.5424101066392926
0.5517210840398352
0.5547388170291789
0.5575561041893659
0.5665093159416952
0.5696079788491945
0.5725008306725502
0.5750235049932239
0.5781687666577546
0.5811051265552127
0.5894855933815496
0.5927100061002847
0.5957202562048196
0.603734953392417
0.6070373921571781
0.6101204896687006
0.5659443766832919
0.5696235672654778
0.5730969427753948
0.5801779852818914
0.5839497622676596
0.587510547358285
0.5942021406416438
0.598065175302288
0.6017121167159267
0.52825913997398
0.5316932965064317
0.5349353325444248
0.5430100310447786
0.5465400744273267
0.5498726325784207
0.5575646868656315
0.5611893770519888
0.5646112960172334
0.5185123761689264
0.5224366712290232
0.5261721837271587
0.5329911317510501
0.5370249945953087
0.540864804649745
0.5472771901170845
0.5514191914749342
0.5553619455571966
0.5555022249090213
0.5597064909164277
0.5637085181349547
0.5694731039242189
0.5737831448734196
0.5778858656019822
0.5832382911111452
0.5876525893775576
0.5918545645625628
0.591154242635853
0.5956285121517167
0.5998875766008642
0.6045840849724806
0.6091600898945404
0.6135159884925959
0.6177956378497844
0.6224717065270313
0.6269228493237108
0.6022670469217759
0.6061825610926119
0.6098790447582543
0.615949553827861
0.6199540767738778
0.623734582722845
0.6294096232393162
0.6335017024081456
0.6373648668477319
0.6371402449497576
0.6412826041633408
0.6451932347128633
0.6502383819798765
0.6544659185881453
0.6584569540689014
0.6631015801288402
0.6674127572208376
0.671482753005074
0.6253835543558535
0.6301170811967723
0.6346229159059288
0.6382399289269753
0.6430707980648288
0.6476692884955569
0.650865709033313
0.6557921719172667
0.6604816547401187
0.61212060448619
0.6174338798155072
0.6225240552639141
0.62470421489872
0.6301267686951564
0.6353216254851451
0.6370621295151928
0.6425919964424563
0.6478896561816235
0.5786177832366168
0.5836400128797542
0.5884513693289034
0.5917625794403804
0.5968989973918202
0.6018197521990483
0.6046937120149988
0.6099424740213552
0.6149708512611032
0.5646878523448953
0.5702459586944817
0.5755980212909603
0.5775159914724346
0.5832004326883105
0.588674162261819
0.5901355282523084
0.5959442915222641
0.6015377424193824
0.5973834539747367
0.6032636279876213
0.6089258404283109
0.6096639092162254
0.6156650524051477
0.6214437390693016
0.6217241448379631
0.6278440699120351
0.6337371266637076
0.5812077281627454
0.5876405941305788
0.5938611533828899
0.5931553678591835
0.599720591173728
0.6060691395979635
0.6048887989905573
0.6115839973648248
0.6180582193789225
0.5636323957712726
0.5706024840832693
0.577366396038702
0.5752185049144835
0.5823319494686097
0.5892350026262698
0.5865968163977576
0.5938510854971439
0.600890812366855
0.5327847396883285
0.5393732778267005
0.5457668989324551
0.5448879541739765
0.551626185488464
0.5581650762648431
0.5567942214589864
0.5636797204145274
0.5703615317054463
0.5493979207893203
0.5554785540823819
0.5613584621123628
0.5618785998703448
0.5680974020110604
0.5741109324366249
0.5741562289588644
0.5805109862449953
0.5866560048441193
0.5162647919662472
0.5219786904636486
0.5275039577108344
0.5292487510139299
0.5351063519383401
0.5407705788340759
0.542041354887567
0.5480405564902499
0.5538417144776109
0.5006535570063932
0.5068447374545907
0.512852758314008
0.513244885745749
0.519591784097212
0.5257509071996836
0.5256506434987898
0.5321509565773449
0.5384589582382883
0.4673163914533002
0.473095201426219
0.4787030624484832
0.4803653461021493
0.4863055682578033
0.4920700665080118
0.4932406737255551
0.4993401652797039
0.5052592161686189
0.4818878473431479
0.4872212032664561
0.4923785070965656
0.4953438083116828
0.5008261314190758
0.5061274785500076
0.5086207264495861
0.51425002106004
0.5196934798792251
0.4952987387080537
0.5001737872108336
0.5048681023199989
0.5091292694992318
0.5141404672877996
0.5189658746711892
0.5227757344837966
0.5279212537993212
0.5328759989000783
0.530632533091756
0.5358553796173053
0.5408845861771139
0.5439778384680115
0.5493320455533004
0.5544877483632059
0.5571265115903594
0.562610168034383
0.5678905306715292
0.5437221725842286
0.5484414002076872
0.5529624494851528
0.5573967094871893
0.5622346481616036
0.5668694326557226
0.5708698326315028
0.5758247656282138
0.5805716437961312
0.5075167404872175
0.5119217243311124
0.516141723580081
0.5216884732568254
0.5262164577094796
0.5305542884581754
0.5356715716939087
0.5403209225871579
0.5447750257202899
0.4700885837559901
0.4741686295072979
0.478077349328462
0.4847232267229117
0.4889303332396243
0.4929607732875317
0.4991827051941606
0.5035153466510947
0.5076660447170159
0.4587719001222386
0.4632873130045723
0.4676353310348925
0.4730541196847177
0.4777101530192395
0.4821935750796127
0.4871653862518026
0.4919603581506242
0.4965775683428784
0.4211402110648916
0.4252851722767003
0.4292764508030663
0.4358398049488267
0.4401294354936943
0.4442600291161759
0.4503817480682859
0.4548145467304565
0.4590830109861913
0.4315284123660136
0.435273675638866
0.4388616581832075
0.4465906016365503
0.4504666144579593
0.454179865420475
0.4614913767743605
0.4654967705539782
0.4693339734942545
0.3919278258236095
0.3953295263205412
0.3985883515801985
0.4073821377295495
0.410917874426497
0.4143051142670063
0.422688717921622
0.426357261866467
0.4298717400238396
0.3513774894973158
0.35442781804234
0.3573500027500053
0.3671888936009878
0.3703761913588701
0.3734295904940234
0.3828661702712298
0.3861893160836576
0.3893728745788938
0.3429165950941528
0.3462925863591073
0.3495433587341393
0.3583480456045939
0.3618756510271024
0.3652724036427865
0.373648581032901
0.3773265033228804
0.3808680053523374
0.3824924234719755
0.3862572430647986
0.3898824340563863
0.3975750493636634
0.4014881556591274
0.4052561577394768
0.4125132914685339
0.4165733574083078
0.4204828839678646
0.3721353202923924
0.3762542921810543
0.3802372089404179
0.386810151050891
0.3910912788372377
0.395231021578748
0.4013442242852879
0.4057860629215774
0.410081239393055
0.3336291881960452
0.3373227355017519
0.3408942942806785
0.3486434811669852
0.352502943182595
0.356234919736878
0.3635304808488631
0.3675544087095054
0.3714454132985593
0.3235375962980495
0.3275398145326896
0.3314235752579597
0.3380984729906404
0.3422805305017578
0.3463387836854984
0.3525360479615353
0.3568963572226012
0.3611275681179589
0.3608812036309866
0.3653445046914083
0.3696756540967007
0.37511308408255
0.3797520449452806
0.3842536658082686
0.3892082385720247
0.3940212401667644
0.3986917864464672
0.3973480346518708
0.4022615963745744
0.4070297513225967
0.4112173811727294
0.4163023697259312
0.421236902202443
0.4249377624538527
0.4301923918579568
0.4352915588347244
0.4097376323404618
0.4142723270713022
0.4186573061071026
0.4240392795415606
0.4287322266169918
0.4332702431134677
0.4381874407211946
0.4430369821267047
0.4477264328477353
0.4463503532872274
0.4512902605793765
0.4560670996762818
0.4602457401909532
0.4653394829153473
0.4702650839367973
0.4739747908014814
0.4792205358386795
0.4842931230002152
0.4328538119562259
0.4382063384274126
0.4434005125252494
0.4463289309484191
0.4518481213749485
0.4572040391956493
0.4596426968389101
0.4653265805181371
0.470842322534547
0.4183147087492149
0.4240669935887229
0.4296660207287458
0.4313371731965464
0.4372685376732492
0.4430418852467343
0.444203620139389
0.4503119558723962
0.4562575678412051
0.4027679209786493
0.4089061892481782
0.4148966288710979
0.4153065032686149
0.4216357929631671
0.4278126884547436
0.4276947226513748
0.4342128099996999
0.440573980381924
0.3697281510844022
0.3753635167883
0.3808630567943636
0.3826346133677216
0.3884663474560312
0.3941575592256447
0.3954019456123192
0.4014280333482891
0.4073089650052396
0.3840009805828604
0.3892817117663122
0.3944216579318165
0.3974048671597019
0.4028697184345022
0.4081889223521656
0.410664547862649
0.4163116453306656
0.4218082746311461
0.3487569745304365
0.35355392294952
0.3582229554553946
0.3625116803037605
0.3674974300832349
0.3723502204747262
0.3761342037554479
0.381306936160655
0.3863417385391615
0.3126661313540723
0.31696737397063
0.3211539809901419
0.3267383706383883
0.3312329634481346
0.3356077388123505
0.3406916425961403
0.3453778680712362
0.349939143077487
0.301041022673079
0.3056309067614159
0.3101102609303364
0.3145905424797357
0.3193868341525047
0.3240675946400841
0.3280257341527851
0.3330266049939232
0.3379069829583059
0.3357917257713711
0.3409108007845867
0.3459065148324831
0.3490360579287356
0.3543566626571028
0.3595490261646011
0.362153199907721
0.3676733512626536
0.3730604446757202
0.3220166673587529
0.3274455295925744
0.3327559048416057
0.3347185406907275
0.3403612221400122
0.3458807100749444
0.3472986117404775
0.3531529824189644
0.3588795075223458
0.2886903552696456
0.293557795982309
0.2983190727128719
0.3016843498835123
0.3067707395328392
0.311746172145289
0.3145688697923229
0.3198723090605681
0.3250600234170806
0.2756439035011526
0.2807771740695976
0.28580889415973
0.2880509882892945
0.2934151882075963
0.2986732659342058
0.300353612478057
0.3059467824920526
0.3114292799322425
0.3074651112606855
0.3131906193218801
0.3188028157018589
0.3195936474341205
0.3255447789232184
0.3313780891737898
0.3316061028861566
0.3377806086254755
0.3438328250457601
0.3385433309138848
0.3448467864822514
0.3510253707621683
0.3503632909515231
0.356886397512134
0.3632802510579418
0.3620557590485194
0.3687960983340948
0.3754028789189027
0.3545635083888377
0.3605400829392801
0.3663861339934494
0.366941648631112
0.3731264347130057
0.379176157585468
0.3791862111735057
0.38557699656796
0.3918282559231713
0.3862504722067909
0.3927601392637637
0.3991277184636756
0.3982752483968887
0.4049873683354036
0.4115530349599594
0.4101556209221063
0.4170678497438777
0.4238293043213842
0.3688014922322174
0.3756671481372882
0.3823967793304453
0.3802838678782563
0.3873629021702601
0.3943017325168288
0.3916281217572353
0.3989180530766457
0.4060636641747005
0.3981663662391935
0.4055778908689803
0.4128427270969845
0.4092842863441782
0.4169026486502488
0.424370283211908
0.4202540225748726
0.4280765510385733
0.4357443516505736
0.4265696935413278
0.4345098012788955
0.4422928686533459
0.4372973676859952
0.4454372049145235
0.4534160612028169
0.4478669630626255
0.4562036004634737
0.4643753672562536
0.4467499302263223
0.4542789523833951
0.4616438091302885
0.4579852473168471
0.4657036725396415
0.4732537989891734
0.4690550257722234
0.4769600620324443
0.4846927295188649
0.4170029756427962
0.42403058223838
0.4309049198978188
0.4286466893646312
0.4358705350923903
0.4429368574413148
0.4401353999177736
0.4475529107715867
0.4548086876661425
0.4348348820551915
0.4414618143831932
0.4479292160907002
0.4469765849995886
0.4537886136527384
0.4604366585831738
0.4589567262369955
0.4659513900723846
0.4727776727486762
0.4516194721132091
0.4578298190167709
0.4638747275959046
0.464229988587815
0.4706137986858553
0.4768275507446162
0.4766727044998654
0.4832276713285815
0.4896080225161022
0.4838365086706223
0.4904900217590857
0.4969662947381932
0.4960047912319224
0.5028256868233246
0.5094648752461358
0.5079937942285913
0.514979586105706
0.5217792642512462
0.4658542055904815
0.4729540187732955
0.4798829210587779
0.4775701111367357
0.4848485295423488
0.4919517413017909
0.4891134003930339
0.4965677982957473
0.5038427526176557
0.4957515621535113
0.5033071579219723
0.5106808678421394
0.5070134331788639
0.5147406992179232
0.5222819328221935
0.5180920328106966
0.5259881623707323
0.5336941865316692
0.514888253710908
0.5219688593251336
0.5288608199891408
0.5265848994777081
0.5338263572393293
0.5408748874340631
0.5380911787094284
0.5454908796102902
0.5526934492263178
0.5446996145830547
0.5521902039952448
0.5594812487320264
0.5558964212304534
0.5635410239278383
0.5709819919467893
0.5668923285869274
0.5746882085513235
0.5822764438875081
0.5244548513345185
0.5324479557440165
0.5402486199986777
0.5352354781911016
0.5433928916373786
0.5513539184074103
0.5458226172851994
0.5541414060827141
0.5622599430153431
0.5029467821606101
0.5114231527681448
0.5197146918375852
0.513285249639756
0.5219358894222711
0.5303978809014392
0.5234381946359857
0.5322599565036902
0.5408893299499588
0.4754208864671422
0.4834332341975789
0.4912708765029259
0.4862207932820387
0.4944151994445147
0.5024309347009711
0.4968449518900921
0.5052184586853374
0.5134093855107852
0.4539451850910125
0.4623949973556203
0.4706777006562248
0.4642571173668153
0.4728989282220171
0.4813698327693274
0.474401245337337
0.4832319281775268
0.4918879683624409
0.4802273726397088
0.4891665310280803
0.4979289034912918
0.4900987072694794
0.4992216612464049
0.5081641981656638
0.4997929122990789
0.5090963658328996
0.5182158310054562
