FiniteElementSpace
FiniteElementCollection: L2_2D_P4
VDim: 1
Ordering: 0

1.662956122888134e+148
3.025317400749032e+148
9.573014578658473e+147
-2.768603601300664e+148
2.855698677790713e+147
3.025317400749292e+148
2.592528026190691e+148
-5.006148346571339e+147
-2.762007125764842e+148
6.015274917944846e+147
9.573014578654386e+147
-5.006148346574497e+147
-2.456376811408898e+148
-2.120257990370229e+148
1.155454222239381e+148
-2.768603601301064e+148
-2.762007125764739e+148
-2.120257990369839e+148
-3.323464914316621e+147
1.760165707936021e+148
2.855698677812252e+147
6.015274917965551e+147
1.155454222241077e+148
1.760165707936891e+148
2.107439179680317e+148
