FiniteElementSpace
FiniteElementCollection: L2_2D_P4
VDim: 1
Ordering: 0

9.717841928848034e+35
-4.918723614510062e+36
-1.294408507746182e+37
-2.021021635244806e+37
-2.47226014432105e+37
-4.91872361442939e+36
-2.96769247318697e+37
-5.398561189125821e+37
-6.565158660867711e+37
-6.73325646341398e+37
-1.294408507732003e+37
-5.398561189122459e+37
-6.537999849103002e+37
-3.131217378037336e+37
1.131230803619415e+37
-2.021021635227593e+37
-6.565158660865265e+37
-3.131217378038691e+37
8.516563811578502e+37
1.927615968728274e+38
-2.472260144302555e+37
-6.733256463412989e+37
1.131230803617238e+37
1.927615968728345e+38
3.440820457018306e+38
-2.688423701150836e+37
-6.647513582279544e+37
3.76002064487635e+37
2.524808772904168e+38
4.236464150280751e+38
-3.084505057994733e+37
-6.184934681798438e+37
9.570613919115164e+37
3.733224419773986e+38
5.755908449024896e+38
-3.599876167036487e+37
-4.926521055237699e+37
1.906283909286336e+38
5.464662159878163e+38
7.7061991017218e+38
-4.041332698625545e+37
-3.164934098973005e+37
2.892925986691242e+38
7.000323720023824e+38
9.146926521191656e+38
-4.302644098702199e+37
-1.775442520404865e+37
3.551243533429113e+38
7.88209260899784e+38
9.790593216713667e+38
5.111191594064257e+38
6.725014844749736e+38
8.644711015743885e+38
9.848807863956965e+38
1.022574293681429e+39
6.725014844750283e+38
8.361254381613534e+38
9.900588323495881e+38
1.02609050765216e+39
9.842029011232731e+38
8.644711015745323e+38
9.900588323496857e+38
1.013835861444682e+39
8.431058130803561e+38
6.27069847403853e+38
9.848807863959537e+38
1.026090507652377e+39
8.431058130804436e+38
3.877202624141236e+38
-4.947402653496004e+37
1.022574293681783e+39
9.842029011235559e+38
6.270698474039616e+38
-4.947402653493798e+37
-6.455662725311055e+38
-2.688423701169781e+37
-3.084505058014381e+37
-3.599876167056724e+37
-4.041332698645916e+37
-4.302644098722415e+37
-6.647513582279568e+37
-6.184934681796364e+37
-4.926521055232719e+37
-3.164934098965905e+37
-1.775442520396982e+37
3.760020644878774e+37
9.570613919117157e+37
1.90628390928615e+38
2.892925986690314e+38
3.551243533427645e+38
2.524808772903983e+38
3.733224419773352e+38
5.464662159876601e+38
7.000323720021258e+38
7.882092608994559e+38
4.236464150280566e+38
5.755908449024145e+38
7.706199101720171e+38
9.146926521189109e+38
9.790593216710285e+38
-4.424102289656253e+37
-4.639885709490019e+37
-4.906088328328071e+37
-5.118089696105475e+37
-5.234366885665455e+37
-1.031142812492396e+37
4.615690058273657e+36
2.637273875048222e+37
4.673513635290918e+37
5.921324487738938e+37
3.875531674488524e+38
4.479233273078539e+38
5.270276015467429e+38
5.933479626794504e+38
6.308215821700422e+38
8.273882062266139e+38
8.923685956624824e+38
9.608068710640642e+38
1.001711634346973e+39
1.017177456972714e+39
1.001365471612632e+39
1.025421433257474e+39
1.020574162231034e+39
9.810041537958927e+38
9.423208224624482e+38
-5.285364259110825e+37
-5.369819874010464e+37
-5.458652237356032e+37
-5.508639036787145e+37
-5.521449260411904e+37
6.500920263949162e+37
7.50751292496147e+37
8.633601565106355e+37
9.30044078337957e+37
9.475615716284306e+37
6.474924824348227e+38
6.753636752407799e+38
7.050184925036606e+38
7.218519353035802e+38
7.261836867486119e+38
1.022126682698947e+39
1.027419998981584e+39
1.028688165244267e+39
1.027207247965684e+39
1.02653642997577e+39
9.210235053826473e+38
8.791454650453065e+38
8.254484237757747e+38
7.904065011816235e+38
7.808019057584576e+38
7.35707434163878e+38
6.609205696447907e+38
5.695207963768951e+38
5.117149314699276e+38
4.960693476226177e+38
1.128246482102093e+38
-4.007257851580139e+37
-2.195431565963749e+38
-3.296707541716787e+38
-3.590566195822281e+38
-1.313724506342885e+39
-1.582726047687965e+39
-1.883041904876028e+39
-2.059234074389544e+39
-2.105048012928952e+39
-2.935782130570453e+39
-3.224052577313176e+39
-3.504870954076281e+39
-3.646200377719464e+39
-3.679280926309908e+39
-3.754966106273395e+39
-3.910724758333587e+39
-3.980547841380489e+39
-3.962261852818987e+39
-3.948058467182797e+39
1.028621103570913e+39
1.016716556468601e+39
9.531408779782149e+38
8.532811803921804e+38
7.755814971622923e+38
9.444610576426961e+38
8.35243077889263e+38
6.198073142589625e+38
3.698327855455495e+38
1.972996656241225e+38
4.916406990236986e+38
1.867738984608705e+38
-3.165607217034196e+38
-8.310780236631111e+38
-1.159411505337899e+39
-3.003985637553894e+38
-8.283690816481709e+38
-1.620622466311744e+39
-2.34293528559618e+39
-2.755924338573818e+39
-9.737164347331531e+38
-1.636775795523783e+39
-2.554795645009066e+39
-3.283351802968708e+39
-3.628713129296615e+39
-1.336483176574301e+39
-2.052766304589287e+39
-2.990101758575449e+39
-3.646576374062729e+39
-3.890993182274032e+39
-2.052766304589327e+39
-2.824300450256267e+39
-3.665136161488654e+39
-3.977550309651943e+39
-3.863418380997236e+39
-2.990101758575648e+39
-3.66513616148873e+39
-3.955160939400852e+39
-3.219312805540358e+39
-2.175748878416822e+39
-3.646576374062987e+39
-3.977550309651926e+39
-3.219312805540261e+39
-8.536309020395276e+38
1.499420633572917e+39
-3.890993182274224e+39
-3.86341838099709e+39
-2.175748878416713e+39
1.499420633572889e+39
4.815509169532574e+39
-3.953021943118841e+39
-3.968619944567182e+39
-3.837258576788271e+39
-3.675953978185729e+39
-3.621042615428285e+39
-3.717370513699932e+39
-3.303506874868052e+39
-2.58925800334777e+39
-2.030469313462661e+39
-1.863578257288755e+39
-1.521451452354256e+39
-1.066571972571859e+38
1.891342197811676e+39
3.284802784535377e+39
3.678471709619765e+39
2.832762849307834e+39
5.495764056242196e+39
8.92573695874733e+39
1.113307396290977e+40
1.172694291829039e+40
6.609078343209482e+39
1.002003768553703e+40
1.40925475913634e+40
1.646408293654426e+40
1.703426602877469e+40
8.584751448086784e+39
1.224383035746875e+40
1.625395208728072e+40
1.809167187138279e+40
1.838890064081244e+40
1.224383035746857e+40
1.624606931857952e+40
1.94182106997074e+40
1.879132130683306e+40
1.779576448393947e+40
1.625395208728016e+40
1.941821069970707e+40
1.324962311023225e+40
-5.939313211000628e+39
-1.582142553552727e+40
1.809167187138194e+40
1.879132130683243e+40
-5.939313211000793e+39
-6.058426084959333e+40
-8.762449548835274e+40
1.83889006408114e+40
1.779576448393865e+40
-1.582142553552752e+40
-8.762449548835315e+40
-1.281157159705847e+41
-3.953021943118962e+39
-3.717370513699749e+39
-1.521451452354216e+39
2.832762849307732e+39
6.609078343209438e+39
-3.968619944567187e+39
-3.303506874867904e+39
-1.066571972572899e+38
5.49576405624194e+39
1.002003768553681e+40
-3.837258576788213e+39
-2.589258003347749e+39
1.891342197811358e+39
8.925736958746743e+39
1.409254759136279e+40
-3.67595397818571e+39
-2.03046931346274e+39
3.28480278453483e+39
1.113307396290878e+40
1.646408293654336e+40
-3.62104261542835e+39
-1.863578257288856e+39
3.678471709619091e+39
1.172694291828918e+40
1.70342660287737e+40
7.357074341641136e+38
1.128246482104438e+38
-1.313724506342711e+39
-2.935782130570764e+39
-3.7549661062738e+39
6.60920569644993e+38
-4.007257851552796e+37
-1.582726047687786e+39
-3.22405257731354e+39
-3.910724758333915e+39
5.69520796377073e+38
-2.195431565960363e+38
-1.88304190487585e+39
-3.504870954076679e+39
-3.980547841380722e+39
5.117149314701081e+38
-3.296707541712832e+38
-2.059234074389351e+39
-3.646200377719876e+39
-3.962261852819168e+39
4.960693476228031e+38
-3.59056619581808e+38
-2.105048012928717e+39
-3.679280926310295e+39
-3.948058467182984e+39
1.028621103571315e+39
9.444610576429875e+38
4.916406990237996e+38
-3.003985637553526e+38
-9.737164347331262e+38
1.016716556469048e+39
8.352430778895232e+38
1.867738984609807e+38
-8.283690816481056e+38
-1.636775795523778e+39
9.531408779786319e+38
6.198073142591642e+38
-3.165607217032622e+38
-1.620622466311739e+39
-2.554795645009247e+39
8.532811803925033e+38
3.698327855457429e+38
-8.310780236629242e+38
-2.342935285596352e+39
-3.283351802969084e+39
7.755814971625504e+38
1.97299665624341e+38
-1.159411505337721e+39
-2.755924338574096e+39
-3.628713129297043e+39
-4.424102289636211e+37
-1.031142812500467e+37
3.875531674490236e+38
8.273882062269841e+38
1.001365471613025e+39
-4.639885709470316e+37
4.615690058189866e+36
4.479233273080759e+38
8.923685956629519e+38
1.025421433257966e+39
-4.906088328308614e+37
2.637273875039284e+37
5.270276015470513e+38
9.60806871064696e+38
1.020574162231612e+39
-5.118089696085981e+37
4.673513635281197e+37
5.933479626798654e+38
1.001711634347755e+39
9.810041537964643e+38
-5.234366885645842e+37
5.921324487728613e+37
6.308215821705346e+38
1.017177456973567e+39
9.423208224629687e+38
-5.285364259091119e+37
6.500920263938528e+37
6.474924824353508e+38
1.022126682699816e+39
9.21023505383132e+38
-5.369819873990555e+37
7.507512924950455e+37
6.753636752413679e+38
1.027419998982456e+39
8.79145465045726e+38
-5.458652237335798e+37
8.633601565095097e+37
7.050184925043204e+38
1.028688165245133e+39
8.254484237761147e+38
-5.50863903676644e+37
9.300440783367974e+37
7.218519353042944e+38
1.02720724796656e+39
7.904065011819064e+38
-5.521449260390806e+37
9.475615716272323e+37
7.261836867493549e+38
1.026536429976662e+39
7.808019057587236e+38
-5.521449260390697e+37
9.475615716272153e+37
7.26183686749366e+38
1.026536429976662e+39
7.808019057587177e+38
-5.50863903676585e+37
9.300440783366875e+37
7.21851935304337e+38
1.027207247966558e+39
7.904065011818833e+38
-5.45865223733432e+37
8.633601565092211e+37
7.050184925043964e+38
1.028688165245134e+39
8.254484237760775e+38
-5.369819873987955e+37
7.507512924945479e+37
6.75363675241478e+38
1.027419998982471e+39
8.791454650456814e+38
-5.285364259087577e+37
6.500920263931806e+37
6.474924824354781e+38
1.022126682699849e+39
9.21023505383083e+38
4.960693476227997e+38
-3.590566195818099e+38
-2.105048012928723e+39
-3.679280926310285e+39
-3.948058467182999e+39
5.117149314701008e+38
-3.296707541712834e+38
-2.05923407438937e+39
-3.646200377719864e+39
-3.962261852819195e+39
5.695207963770654e+38
-2.195431565960229e+38
-1.883041904875859e+39
-3.50487095407672e+39
-3.980547841380759e+39
6.609205696449739e+38
-4.007257851550864e+37
-1.582726047687749e+39
-3.224052577313617e+39
-3.910724758334039e+39
7.357074341640806e+38
1.128246482104553e+38
-1.313724506342623e+39
-2.935782130570801e+39
-3.754966106273987e+39
7.755814971625078e+38
1.972996656243465e+38
-1.159411505337607e+39
-2.755924338574086e+39
-3.628713129297238e+39
8.532811803924428e+38
3.698327855457229e+38
-8.310780236627697e+38
-2.342935285596239e+39
-3.283351802969269e+39
9.531408779786088e+38
6.198073142590964e+38
-3.165607217031196e+38
-1.620622466311453e+39
-2.554795645009209e+39
1.016716556469167e+39
8.3524307788947e+38
1.867738984610029e+38
-8.283690816477503e+38
-1.636775795523372e+39
1.028621103571572e+39
9.444610576430248e+38
4.916406990237378e+38
-3.003985637551186e+38
-9.737164347326376e+38
-5.234366885641775e+37
5.921324487720875e+37
6.308215821706642e+38
1.017177456973619e+39
9.423208224629186e+38
-5.118089696080821e+37
4.673513635271519e+37
5.933479626799994e+38
1.001711634347877e+39
9.810041537964417e+38
-4.906088328301607e+37
2.637273875027029e+37
5.270276015471776e+38
9.608068710649399e+38
1.020574162231699e+39
-4.639885709461257e+37
4.615690058048597e+36
4.479233273081626e+38
8.923685956632918e+38
1.025421433258219e+39
-4.424102289625687e+37
-1.031142812515238e+37
3.87553167449065e+38
8.273882062273563e+38
1.001365471613392e+39
-4.302644098690897e+37
-1.775442520419693e+37
3.551243533429271e+38
7.882092609001542e+38
9.790593216717827e+38
-4.041332698612476e+37
-3.164934098987596e+37
2.892925986690936e+38
7.000323720027052e+38
9.146926521196273e+38
-3.599876167020227e+37
-4.92652105525112e+37
1.906283909285336e+38
5.464662159880157e+38
7.706199101725884e+38
-3.084505057974636e+37
-6.184934681808987e+37
9.570613919098517e+37
3.733224419774469e+38
5.755908449027429e+38
-2.688423701127855e+37
-6.64751358228648e+37
3.760020644856558e+37
2.524808772903573e+38
4.236464150281904e+38
-2.472260144278042e+37
-6.733256463417443e+37
1.131230803596735e+37
1.927615968727203e+38
3.440820457018692e+38
-2.021021635199768e+37
-6.565158660863553e+37
-3.131217378057811e+37
8.516563811558509e+37
1.927615968727111e+38
-1.294408507698492e+37
-5.398561189108178e+37
-6.537999849111139e+37
-3.131217378058155e+37
1.131230803595565e+37
-4.918723614016842e+36
-2.967692473154303e+37
-5.39856118910725e+37
-6.565158660862353e+37
-6.733256463416412e+37
9.717841933749182e+35
-4.918723614004777e+36
-1.294408507696208e+37
-2.021021635196844e+37
-2.472260144274795e+37
4.236464150281853e+38
5.755908449027259e+38
7.706199101725472e+38
9.146926521195528e+38
9.79059321671693e+38
2.524808772903424e+38
3.733224419774177e+38
5.464662159879558e+38
7.000323720026035e+38
7.882092609000276e+38
3.760020644854869e+37
9.570613919095475e+37
1.90628390928473e+38
2.892925986689938e+38
3.551243533427998e+38
-6.647513582285645e+37
-6.184934681808618e+37
-4.926521055251725e+37
-3.164934098989617e+37
-1.775442520422969e+37
-2.688423701124476e+37
-3.08450505797107e+37
-3.599876167016482e+37
-4.041332698608647e+37
-4.302644098687049e+37
1.022574293682112e+39
9.842029011236668e+38
6.270698474038882e+38
-4.947402653481822e+37
-6.455662725307045e+38
9.848807863963997e+38
1.026090507652661e+39
8.431058130804541e+38
3.877202624141067e+38
-4.947402653480288e+37
8.644711015750185e+38
9.900588323501815e+38
1.013835861444977e+39
8.431058130804235e+38
6.27069847403856e+38
6.725014844753901e+38
8.361254381618751e+38
9.900588323501543e+38
1.026090507652589e+39
9.842029011235636e+38
5.111191594066395e+38
6.725014844753789e+38
8.64471101574982e+38
9.848807863963253e+38
1.022574293682013e+39
-9.737164347326172e+38
-1.636775795523325e+39
-2.554795645009282e+39
-3.283351802969646e+39
-3.628713129297765e+39
-3.003985637550862e+38
-8.283690816476609e+38
-1.620622466311329e+39
-2.342935285596258e+39
-2.755924338574283e+39
4.916406990237125e+38
1.867738984610222e+38
-3.165607217029828e+38
-8.310780236625251e+38
-1.159411505337318e+39
9.444610576429124e+38
8.35243077889352e+38
6.198073142589885e+38
3.698327855456624e+38
1.972996656243468e+38
1.028621103571463e+39
1.016716556469052e+39
9.531408779784698e+38
8.532811803922464e+38
7.755814971622701e+38
1.001365471613299e+39
1.025421433258132e+39
1.020574162231626e+39
9.810041537963539e+38
9.423208224627965e+38
8.273882062272241e+38
8.923685956631579e+38
9.60806871064824e+38
1.001711634347799e+39
1.017177456973558e+39
3.875531674489239e+38
4.479233273079956e+38
5.270276015469828e+38
5.933479626797904e+38
6.30821582170451e+38
-1.03114281251931e+37
4.615690057990461e+36
2.637273875018513e+37
4.673513635260221e+37
5.92132448770785e+37
-4.424102289621794e+37
-4.639885709457193e+37
-4.90608832829731e+37
-5.118089696076347e+37
-5.23436688563723e+37
9.210235053829397e+38
8.791454650454893e+38
8.254484237758119e+38
7.904065011815648e+38
7.80801905758368e+38
1.022126682699786e+39
1.027419998982394e+39
1.028688165245018e+39
1.027207247966393e+39
1.026536429976468e+39
6.474924824352671e+38
6.753636752412924e+38
7.050184925042555e+38
7.21851935304232e+38
7.261836867492886e+38
6.500920263918046e+37
7.507512924930664e+37
8.633601565076527e+37
9.300440783350837e+37
9.475615716256068e+37
-5.285364259083018e+37
-5.369819873983424e+37
-5.458652237329942e+37
-5.508639036761699e+37
-5.521449260386647e+37
-3.754966106274484e+39
-3.910724758334344e+39
-3.980547841380657e+39
-3.962261852818699e+39
-3.948058467182367e+39
-2.935782130571071e+39
-3.224052577313965e+39
-3.504870954077114e+39
-3.64620037772023e+39
-3.679280926310577e+39
-1.313724506342321e+39
-1.582726047687471e+39
-1.883041904875661e+39
-2.059234074389225e+39
-2.105048012928591e+39
1.128246482104944e+38
-4.007257851540117e+37
-2.195431565958467e+38
-3.296707541710839e+38
-3.59056619581619e+38
7.357074341638301e+38
6.609205696447122e+38
5.695207963768125e+38
5.117149314698711e+38
4.960693476225734e+38
6.609078343208408e+39
1.002003768553581e+40
1.409254759136185e+40
1.646408293654253e+40
1.703426602877305e+40
2.832762849307513e+39
5.495764056241378e+39
8.925736958746054e+39
1.113307396290811e+40
1.172694291828859e+40
-1.52145145235313e+39
-1.06657197256513e+38
1.891342197811755e+39
3.284802784535157e+39
3.678471709619502e+39
-3.71737051369896e+39
-3.30350687486675e+39
-2.589258003346445e+39
-2.030469313461473e+39
-1.863578257287612e+39
-3.953021943119264e+39
-3.968619944566952e+39
-3.837258576787342e+39
-3.675953978184496e+39
-3.621042615427038e+39
-3.890993182274464e+39
-3.863418380996813e+39
-2.175748878415927e+39
1.499420633572824e+39
4.815509169531648e+39
-3.646576374063374e+39
-3.977550309652006e+39
-3.219312805539446e+39
-8.53630902038746e+38
1.499420633573001e+39
-2.990101758575936e+39
-3.665136161489257e+39
-3.95516093940072e+39
-3.219312805539265e+39
-2.175748878415528e+39
-2.052766304589105e+39
-2.824300450256618e+39
-3.66513616148938e+39
-3.977550309652047e+39
-3.86341838099659e+39
-1.336483176573773e+39
-2.05276630458911e+39
-2.990101758576105e+39
-3.646576374063738e+39
-3.89099318227477e+39
-3.621042615428342e+39
-1.863578257288833e+39
3.678471709619065e+39
1.172694291828916e+40
1.703426602877363e+40
-3.675953978185643e+39
-2.030469313462623e+39
3.284802784534672e+39
1.113307396290853e+40
1.646408293654308e+40
-3.837258576788085e+39
-2.589258003347452e+39
1.89134219781118e+39
8.925736958746075e+39
1.409254759136215e+40
-3.968619944567162e+39
-3.30350687486746e+39
-1.066571972570839e+38
5.495764056241172e+39
1.002003768553581e+40
-3.953021943119111e+39
-3.717370513699366e+39
-1.521451452353608e+39
2.832762849307305e+39
6.609078343208353e+39
1.838890064081131e+40
1.77957644839386e+40
-1.582142553552751e+40
-8.762449548835313e+40
-1.281157159705846e+41
1.809167187138151e+40
1.879132130683205e+40
-5.939313211000747e+39
-6.058426084959323e+40
-8.762449548835261e+40
1.62539520872794e+40
1.941821069970616e+40
1.324962311023194e+40
-5.939313211000561e+39
-1.582142553552744e+40
1.224383035746765e+40
1.624606931857835e+40
1.941821069970622e+40
1.879132130683247e+40
1.779576448393912e+40
8.584751448085752e+39
1.224383035746758e+40
1.625395208727917e+40
1.809167187138144e+40
1.838890064081147e+40
-1.28115715970584e+41
-8.762449548835181e+40
-1.582142553552711e+40
1.779576448393862e+40
1.838890064081144e+40
-8.762449548835228e+40
-6.05842608495926e+40
-5.93931321100057e+39
1.87913213068323e+40
1.809167187138188e+40
-1.582142553552749e+40
-5.939313211000702e+39
1.324962311023209e+40
1.941821069970671e+40
1.625395208727986e+40
1.779576448393907e+40
1.879132130683262e+40
1.94182106997068e+40
1.624606931857886e+40
1.224383035746802e+40
1.838890064081158e+40
1.809167187138191e+40
1.625395208727974e+40
1.224383035746792e+40
8.584751448086207e+39
1.703426602877383e+40
1.172694291828982e+40
3.67847170962008e+39
-1.863578257287731e+39
-3.621042615427321e+39
1.646408293654342e+40
1.113307396290921e+40
3.284802784535747e+39
-2.030469313461527e+39
-3.675953978184716e+39
1.409254759136259e+40
8.925736958746893e+39
1.89134219781231e+39
-2.589258003346421e+39
-3.837258576787493e+39
1.002003768553635e+40
5.495764056242103e+39
-1.066571972560085e+38
-3.303506874866696e+39
-3.968619944567056e+39
6.609078343209055e+39
2.83276284930827e+39
-1.52145145235267e+39
-3.7173705136989e+39
-3.953021943119344e+39
4.815509169532435e+39
1.499420633573782e+39
-2.175748878415085e+39
-3.863418380996512e+39
-3.890993182274845e+39
1.499420633573798e+39
-8.536309020379234e+38
-3.219312805538851e+39
-3.977550309651983e+39
-3.646576374063849e+39
-2.175748878414935e+39
-3.219312805538742e+39
-3.955160939400471e+39
-3.665136161489414e+39
-2.990101758576281e+39
-3.863418380996215e+39
-3.977550309651731e+39
-3.665136161489266e+39
-2.824300450256724e+39
-2.052766304589312e+39
-3.890993182274406e+39
-3.64657637406343e+39
-2.990101758575999e+39
-2.052766304589216e+39
-1.336483176573969e+39
1.703426602877313e+40
1.646408293654282e+40
1.409254759136217e+40
1.002003768553615e+40
6.609078343209e+39
1.172694291828861e+40
1.113307396290822e+40
8.925736958746312e+39
5.495764056241888e+39
2.832762849308236e+39
3.678471709619539e+39
3.284802784535324e+39
1.891342197812113e+39
-1.06657197255966e+38
-1.521451452352526e+39
-1.863578257287593e+39
-2.030469313461352e+39
-2.589258003346174e+39
-3.303506874866408e+39
-3.717370513698598e+39
-3.621042615427023e+39
-3.675953978184418e+39
-3.837258576787175e+39
-3.968619944566708e+39
-3.953021943118939e+39
-3.948058467182348e+39
-3.962261852818608e+39
-3.980547841380458e+39
-3.910724758334034e+39
-3.75496610627409e+39
-3.679280926310539e+39
-3.646200377720103e+39
-3.504870954076919e+39
-3.224052577313704e+39
-2.935782130570781e+39
-2.105048012928588e+39
-2.059234074389216e+39
-1.883041904875659e+39
-1.582726047687495e+39
-1.313724506342366e+39
-3.590566195816272e+38
-3.296707541711229e+38
-2.195431565959262e+38
-4.007257851551618e+37
1.12824648210358e+38
4.960693476225691e+38
5.117149314698499e+38
5.695207963767539e+38
6.609205696445938e+38
7.357074341636616e+38
7.808019057583559e+38
7.904065011815073e+38
8.254484237756736e+38
8.791454650452497e+38
9.210235053826401e+38
1.026536429976453e+39
1.027207247966322e+39
1.02868816524487e+39
1.027419998982198e+39
1.022126682699582e+39
7.261836867492961e+38
7.218519353042627e+38
7.050184925043251e+38
6.75363675241416e+38
6.474924824354199e+38
9.475615716256278e+37
9.300440783352041e+37
8.63360156507915e+37
7.507512924934071e+37
6.500920263921478e+37
-5.521449260386735e+37
-5.508639036762146e+37
-5.458652237330852e+37
-5.369819873984627e+37
-5.285364259084311e+37
9.42320822462475e+38
9.810041537959799e+38
1.02057416223118e+39
1.025421433257638e+39
1.001365471612781e+39
1.017177456973352e+39
1.001711634347585e+39
9.608068710646013e+38
8.92368595662931e+38
8.273882062270006e+38
6.308215821706035e+38
5.933479626799269e+38
5.270276015470937e+38
4.479233273080856e+38
3.875531674490008e+38
5.921324487711132e+37
4.673513635262997e+37
2.637273875020288e+37
4.615690057997244e+36
-1.031142812519363e+37
-5.234366885638514e+37
-5.118089696077491e+37
-4.906088328298112e+37
-4.639885709457577e+37
-4.424102289621904e+37
-3.628713129297355e+39
-3.283351802969338e+39
-2.55479564500922e+39
-1.636775795523472e+39
-9.737164347328022e+38
-2.755924338574012e+39
-2.342935285596115e+39
-1.620622466311383e+39
-8.28369081647807e+38
-3.003985637552258e+38
-1.159411505337374e+39
-8.310780236626233e+38
-3.165607217031344e+38
1.867738984608365e+38
4.916406990234636e+38
1.972996656242001e+38
3.69832785545491e+38
6.198073142587458e+38
8.352430778889746e+38
9.444610576424067e+38
7.755814971620738e+38
8.532811803919809e+38
9.531408779780843e+38
1.016716556468547e+39
1.028621103570883e+39
-6.455662725308561e+38
-4.947402653491538e+37
6.270698474035204e+38
9.842029011226247e+38
1.022574293680701e+39
-4.94740265349324e+37
3.87720262413901e+38
8.43105813079835e+38
1.026090507651488e+39
9.84880786395094e+38
6.270698474035452e+38
8.431058130799069e+38
1.013835861444078e+39
9.900588323490918e+38
8.644711015740905e+38
9.842029011229844e+38
1.026090507651851e+39
9.900588323492965e+38
8.361254381611695e+38
6.725014844749281e+38
1.022574293681394e+39
9.848807863956603e+38
8.644711015743847e+38
6.725014844750054e+38
5.111191594064423e+38
9.790593216711625e+38
9.146926521190302e+38
7.706199101721304e+38
5.755908449024962e+38
4.236464150280856e+38
7.88209260899808e+38
7.000323720024061e+38
5.464662159878294e+38
3.733224419773885e+38
2.524808772903754e+38
3.551243533428699e+38
2.89292598669054e+38
1.906283909285296e+38
9.570613919102007e+37
3.760020644862098e+37
-1.77544252042331e+37
-3.16493409899015e+37
-4.926521055252107e+37
-6.184934681808809e+37
-6.64751358228599e+37
-4.302644098687069e+37
-4.041332698608755e+37
-3.599876167017049e+37
-3.08450505797232e+37
-2.688423701126353e+37
3.440820457018273e+38
1.927615968727781e+38
1.131230803609673e+37
-6.733256463413569e+37
-2.472260144296763e+37
1.927615968727705e+38
8.51656381156842e+37
-3.131217378047248e+37
-6.565158660863759e+37
-2.021021635218886e+37
1.13123080360293e+37
-3.131217378051336e+37
-6.537999849107679e+37
-5.39856118911413e+37
-1.294408507717564e+37
-6.733256463416943e+37
-6.565158660863766e+37
-5.398561189111237e+37
-2.967692473163969e+37
-4.918723614193632e+36
-2.472260144277075e+37
-2.021021635200187e+37
-1.294408507701732e+37
-4.918723614100804e+36
9.717841932247866e+35
9.790593216703801e+38
7.882092608991459e+38
3.551243533427292e+38
-1.775442520401296e+37
-4.302644098704911e+37
9.146926521184492e+38
7.000323720019537e+38
2.89292598668999e+38
-3.16493409897067e+37
-4.041332698627359e+37
7.706199101718465e+38
5.464662159876221e+38
1.906283909285666e+38
-4.926521055237022e+37
-3.599876167036655e+37
5.755908449024111e+38
3.733224419773331e+38
9.57061391910993e+37
-6.184934681799289e+37
-3.084505057992366e+37
4.236464150280692e+38
2.524808772903719e+38
3.760020644869796e+37
-6.647513582280585e+37
-2.688423701146252e+37
9.423208224617413e+38
1.017177456972015e+39
6.308215821697986e+38
5.921324487740024e+37
-5.234366885651725e+37
9.81004153795163e+38
1.001711634346325e+39
5.933479626792516e+38
4.673513635291705e+37
-5.118089696091646e+37
1.02057416223028e+39
9.608068710634818e+38
5.270276015466101e+38
2.637273875047947e+37
-4.906088328313732e+37
1.025421433256725e+39
8.923685956619911e+38
4.479233273077805e+38
4.615690058252082e+36
-4.639885709474446e+37
1.001365471611928e+39
8.273882062262293e+38
3.875531674488082e+38
-1.031142812496058e+37
-4.424102289639429e+37
-3.628713129297962e+39
-2.7559243385748e+39
-1.159411505337784e+39
1.972996656242485e+38
7.755814971618394e+38
-3.283351802969896e+39
-2.342935285596739e+39
-8.31078023662872e+38
3.698327855455286e+38
8.532811803916279e+38
-2.554795645009585e+39
-1.620622466311718e+39
-3.165607217031845e+38
6.198073142586918e+38
9.531408779775516e+38
-1.636775795523615e+39
-8.283690816479016e+38
1.86773898460873e+38
8.352430778887712e+38
1.016716556467875e+39
-9.73716434732835e+38
-3.003985637552268e+38
4.916406990234748e+38
9.44461057642095e+38
1.028621103570175e+39
-3.948058467182544e+39
-3.679280926311209e+39
-2.105048012929495e+39
-3.590566195818892e+38
4.960693476225678e+38
-3.962261852818893e+39
-3.646200377720804e+39
-2.059234074390085e+39
-3.296707541713381e+38
5.117149314698594e+38
-3.980547841380829e+39
-3.504870954077663e+39
-1.883041904876429e+39
-2.195431565960475e+38
5.695207963767485e+38
-3.910724758334519e+39
-3.224052577314534e+39
-1.582726047688122e+39
-4.007257851553252e+37
6.609205696445012e+38
-3.754966106274669e+39
-2.935782130571618e+39
-1.313724506342858e+39
1.128246482103939e+38
7.357074341634787e+38
7.808019057579754e+38
1.026536429974917e+39
7.261836867481484e+38
9.475615716286012e+37
-5.521449260397243e+37
7.904065011811035e+38
1.027207247964834e+39
7.218519353031473e+38
9.300440783381268e+37
-5.508639036772731e+37
8.254484237751908e+38
1.028688165243444e+39
7.050184925032775e+38
8.633601565107989e+37
-5.458652237341999e+37
8.791454650446546e+38
1.02741999898081e+39
6.753636752404666e+38
7.507512924962901e+37
-5.369819873996695e+37
9.210235053819555e+38
1.02212668269822e+39
6.474924824345581e+38
6.500920263950365e+37
-5.285364259097119e+37
9.210235053819468e+38
1.022126682697991e+39
6.474924824342375e+38
6.500920263955223e+37
-5.285364259098042e+37
8.79145465044684e+38
1.027419998980658e+39
6.753636752401898e+38
7.507512924965941e+37
-5.369819873997055e+37
8.254484237752316e+38
1.028688165243372e+39
7.050184925030918e+38
8.633601565109319e+37
-5.45865223734204e+37
7.904065011811318e+38
1.027207247964809e+39
7.218519353030553e+38
9.300440783381722e+37
-5.508639036772724e+37
7.808019057579834e+38
1.026536429974912e+39
7.261836867481273e+38
9.475615716286101e+37
-5.521449260397241e+37
1.001365471611485e+39
8.273882062256945e+38
3.875531674486184e+38
-1.031142812477047e+37
-4.424102289650096e+37
1.025421433256398e+39
8.92368595661501e+38
4.479233273075257e+38
4.6156900584196e+36
-4.639885709482649e+37
1.020574162230091e+39
9.608068710630652e+38
5.270276015462966e+38
2.637273875060526e+37
-4.906088328318741e+37
9.81004153795071e+38
1.001711634345983e+39
5.933479626789216e+38
4.673513635300155e+37
-5.118089696094214e+37
9.423208224617026e+38
1.017177456971741e+39
6.308215821694719e+38
5.921324487746016e+37
-5.234366885653105e+37
-9.737164347335581e+38
-3.003985637556035e+38
4.916406990234939e+38
9.444610576420394e+38
1.028621103569867e+39
-1.636775795524338e+39
-8.28369081648468e+38
1.867738984607576e+38
8.352430778888009e+38
1.016716556467703e+39
-2.554795645009922e+39
-1.620622466312281e+39
-3.165607217035106e+38
6.198073142587412e+38
9.531408779775279e+38
-3.28335180296973e+39
-2.342935285597036e+39
-8.310780236632937e+38
3.698327855455026e+38
8.532811803916725e+38
-3.628713129297539e+39
-2.75592433857484e+39
-1.159411505338182e+39
1.972996656241625e+38
7.755814971618976e+38
-3.754966106274184e+39
-2.93578213057153e+39
-1.313724506343221e+39
1.128246482102867e+38
7.357074341635407e+38
-3.910724758334061e+39
-3.224052577314314e+39
-1.582726047688391e+39
-4.00725785156652e+37
6.609205696445524e+38
-3.980547841380527e+39
-3.504870954077446e+39
-1.883041904876559e+39
-2.195431565961676e+38
5.695207963767701e+38
-3.962261852818736e+39
-3.64620037772069e+39
-2.059234074390121e+39
-3.296707541713997e+38
5.117149314698666e+38
-3.948058467182503e+39
-3.679280926311185e+39
-2.1050480129295e+39
-3.590566195819011e+38
4.960693476225702e+38
6.609078343209746e+39
2.8327628493079e+39
-1.521451452353199e+39
-3.717370513698618e+39
-3.953021943118773e+39
1.002003768553769e+40
5.495764056242324e+39
-1.066571972565174e+38
-3.303506874866638e+39
-3.968619944566613e+39
1.409254759136371e+40
8.925736958747498e+39
1.891342197812044e+39
-2.589258003346526e+39
-3.837258576787256e+39
1.646408293654375e+40
1.113307396290959e+40
3.284802784535696e+39
-2.030469313461607e+39
-3.675953978184638e+39
1.703426602877384e+40
1.17269429182899e+40
3.67847170962008e+39
-1.863578257287744e+39
-3.62104261542731e+39
1.83889006408124e+40
1.809167187138273e+40
1.625395208728116e+40
1.224383035746988e+40
8.584751448087644e+39
1.779576448393946e+40
1.879132130683286e+40
1.941821069970723e+40
1.624606931858019e+40
1.224383035746972e+40
-1.582142553552713e+40
-5.939313211000397e+39
1.324962311023212e+40
1.941821069970698e+40
1.625395208728074e+40
-8.762449548835224e+40
-6.058426084959224e+40
-5.939313211000421e+39
1.879132130683227e+40
1.809167187138199e+40
-1.28115715970584e+41
-8.762449548835174e+40
-1.582142553552704e+40
1.779576448393865e+40
1.838890064081143e+40
-3.621042615428239e+39
-3.675953978185481e+39
-3.837258576787815e+39
-3.968619944566825e+39
-3.953021943118792e+39
-1.863578257288732e+39
-2.030469313462543e+39
-2.589258003347395e+39
-3.303506874867342e+39
-3.717370513699146e+39
3.678471709619774e+39
3.284802784535383e+39
1.891342197811679e+39
-1.066571972569708e+38
-1.521451452353665e+39
1.172694291829044e+40
1.113307396291009e+40
8.925736958747826e+39
5.495764056242421e+39
2.832762849307876e+39
1.703426602877468e+40
1.646408293654447e+40
1.409254759136419e+40
1.002003768553793e+40
6.609078343209832e+39
-3.890993182274186e+39
-3.646576374063232e+39
-2.990101758576212e+39
-2.052766304589934e+39
-1.336483176574791e+39
-3.863418380996532e+39
-3.977550309651642e+39
-3.665136161489054e+39
-2.824300450256985e+39
-2.052766304589956e+39
-2.175748878415977e+39
-3.219312805539302e+39
-3.955160939400269e+39
-3.665136161489099e+39
-2.990101758576351e+39
1.499420633573038e+39
-8.536309020388151e+38
-3.219312805539057e+39
-3.977550309651508e+39
-3.646576374063424e+39
4.815509169532542e+39
1.499420633573116e+39
-2.175748878415544e+39
-3.863418380996132e+39
-3.890993182274264e+39
7.755814971621622e+38
8.532811803920085e+38
9.531408779779277e+38
1.016716556468112e+39
1.028621103570253e+39
1.972996656240151e+38
3.69832785545443e+38
6.198073142588254e+38
8.352430778890047e+38
9.444610576422763e+38
-1.159411505338271e+39
-8.310780236634241e+38
-3.165607217036243e+38
1.86773898460715e+38
4.916406990235065e+38
-2.755924338574505e+39
-2.342935285596851e+39
-1.620622466312278e+39
-8.283690816485281e+38
-3.003985637556462e+38
-3.628713129297184e+39
-3.28335180296942e+39
-2.554795645009796e+39
-1.636775795524341e+39
-9.737164347335709e+38
4.960693476226144e+38
5.117149314699099e+38
5.695207963768507e+38
6.609205696447109e+38
7.357074341637668e+38
-3.590566195822358e+38
-3.296707541717155e+38
-2.195431565964476e+38
-4.007257851589894e+37
1.128246482101029e+38
-2.105048012928994e+39
-2.059234074389717e+39
-1.88304190487632e+39
-1.582726047688326e+39
-1.313724506343266e+39
-3.679280926309942e+39
-3.646200377719615e+39
-3.504870954076621e+39
-3.224052577313737e+39
-2.935782130571121e+39
-3.94805846718277e+39
-3.962261852818871e+39
-3.980547841380399e+39
-3.910724758333766e+39
-3.754966106273847e+39
-5.521449260411997e+37
-5.508639036787593e+37
-5.458652237357034e+37
-5.369819874012076e+37
-5.28536425911284e+37
9.475615716284393e+37
9.300440783380027e+37
8.633601565107424e+37
7.507512924963311e+37
6.500920263951693e+37
7.261836867486096e+38
7.218519353035624e+38
7.050184925036135e+38
6.753636752407073e+38
6.474924824347316e+38
1.026536429975759e+39
1.027207247965632e+39
1.02868816524416e+39
1.027419998981421e+39
1.022126682698732e+39
7.80801905758449e+38
7.904065011815847e+38
8.254484237756958e+38
8.791454650451794e+38
9.210235053824716e+38
-5.234366885667665e+37
-5.118089696108155e+37
-4.906088328331497e+37
-4.639885709494137e+37
-4.424102289660818e+37
5.921324487741906e+37
4.673513635294858e+37
2.637273875053431e+37
4.615690058333082e+36
-1.031142812486343e+37
6.308215821699368e+38
5.933479626793227e+38
5.270276015466098e+38
4.479233273077463e+38
3.875531674487748e+38
1.017177456972464e+39
1.001711634346645e+39
9.608068710636232e+38
8.923685956619666e+38
8.273882062260939e+38
9.423208224622424e+38
9.810041537956203e+38
1.020574162230615e+39
1.025421433256868e+39
1.001365471611911e+39
-4.302644098727231e+37
-4.041332698651309e+37
-3.599876167063089e+37
-3.084505058021943e+37
-2.688423701178379e+37
-1.775442520390951e+37
-3.164934098959913e+37
-4.9265210552272e+37
-6.184934681792058e+37
-6.64751358227644e+37
3.551243533427052e+38
2.892925986690097e+38
1.90628390928649e+38
9.570613919125791e+37
3.760020644889877e+37
7.88209260898953e+38
7.000323720016809e+38
5.464662159873514e+38
3.733224419772038e+38
2.524808772903885e+38
9.790593216702707e+38
9.146926521181418e+38
7.70619910171362e+38
5.755908449019911e+38
4.236464150278298e+38
-2.472260144330259e+37
-2.021021635255478e+37
-1.294408507759715e+37
-4.918723614687279e+36
9.717841926653834e+35
-6.73325646341157e+37
-6.565158660867336e+37
-5.398561189130317e+37
-2.967692473200287e+37
-4.918723614661039e+36
1.131230803631139e+37
-3.131217378025756e+37
-6.537999849095629e+37
-5.398561189127818e+37
-1.294408507754988e+37
1.927615968728718e+38
8.516563811590557e+37
-3.131217378023526e+37
-6.565158660862619e+37
-2.021021635249423e+37
3.440820457017068e+38
1.927615968728769e+38
1.131230803634388e+37
-6.733256463405336e+37
-2.472260144323387e+37
4.23646415027824e+38
2.524808772903891e+38
3.760020644893294e+37
-6.64751358226955e+37
-2.688423701171105e+37
5.755908449019459e+38
3.73322441977175e+38
9.570613919128709e+37
-6.184934681784031e+37
-3.084505058014021e+37
7.70619910171205e+38
5.464662159872343e+38
1.906283909286448e+38
-4.926521055217956e+37
-3.599876167054328e+37
9.146926521178381e+38
7.000323720014322e+38
2.892925986689409e+38
-3.164934098950309e+37
-4.041332698641601e+37
9.790593216698752e+38
7.88209260898601e+38
3.551243533425797e+38
-1.77544252038151e+37
-4.302644098716844e+37
1.022574293680685e+39
9.848807863948488e+38
8.644711015735629e+38
6.725014844743673e+38
5.111191594060468e+38
9.842029011227427e+38
1.026090507651396e+39
9.900588323485953e+38
8.361254381604209e+38
6.72501484474325e+38
6.270698474036128e+38
8.431058130799083e+38
1.013835861443789e+39
9.900588323484847e+38
8.644711015734042e+38
-4.947402653517422e+37
3.877202624139008e+38
8.43105813079854e+38
1.026090507651193e+39
9.848807863945562e+38
-6.455662725314558e+38
-4.947402653514993e+37
6.270698474035767e+38
9.842029011225108e+38
1.022574293680321e+39
