FiniteElementSpace
FiniteElementCollection: L2_2D_P3
VDim: 1
Ordering: 0

0.054474152
0.054355938
0.054193201
0.054086083
0.25878122
0.25821971
0.25744669
0.25693785
0.52448836
0.52335074
0.52178449
0.52075339
0.72695691
0.72538086
0.72321076
0.72178195
0.054035401
0.053945601
0.053840384
0.053769703
0.25669709
0.25627049
0.25577064
0.25543484
0.52026548
0.51940091
0.51838773
0.51770699
0.72110577
0.71990746
0.71850299
0.71755916
0.82756176
0.82618656
0.82457459
0.82349119
1.025987
1.024282
1.0222831
1.0209392
1.2816787
1.2795486
1.2770503
1.2753699
1.474697
1.4722457
1.4693695
1.4674341
0.83427529
0.83246711
0.82997722
0.82833771
1.0343064
1.0320662
1.0289809
1.0269489
1.2920644
1.2892687
1.2854175
1.2828801
1.4866403
1.4834264
1.478998
1.4760794
1.5891206
1.5856869
1.5809548
1.5778355
1.7789004
1.7750603
1.7697665
1.7662753
2.0210169
2.0166595
2.0106497
2.0066836
2.2019007
2.1971576
2.1906128
2.1862909
2.2964916
2.2915469
2.2847221
2.2802137
2.4703755
2.4650604
2.45772
2.4528672
2.6896633
2.6838801
2.6758861
2.670595
2.8514977
2.8453673
2.8368868
2.8312677
2.2780744
2.2742751
2.2698065
2.2667914
2.4505631
2.4464691
2.4416503
2.4383962
2.6680805
2.6636095
2.6583411
2.6547788
2.8285952
2.8238404
2.8182321
2.8144361
1.5763578
1.573737
1.5706614
1.5685913
1.7646209
1.7616859
1.7582397
1.7559191
2.0048031
2.0014655
1.9975439
1.9949009
2.1842407
2.1806005
2.1763207
2.1734341
1.5675838
1.5658497
1.5638759
1.5625674
1.7547892
1.7528438
1.750628
1.7491582
1.9936133
1.9913951
1.9888664
1.9871874
2.1720272
2.1696021
2.1668355
2.164997
2.2653213
2.2627868
2.259894
2.2579707
2.4368087
2.43407
2.4309415
2.4288594
2.6530395
2.6500366
2.6466017
2.6443127
2.8125813
2.8093768
2.8057077
2.8032598
2.2570417
2.2554643
2.2537047
2.2525615
2.427853
2.4261431
2.4242335
2.4229914
2.6432053
2.6413218
2.6392152
2.6378426
2.8020747
2.8000574
2.7977983
2.7963243
1.5619367
1.5608681
1.5596802
1.5589114
1.7484495
1.7472479
1.7459112
1.7450454
1.9863772
1.9850027
1.9834718
1.982479
2.1641092
2.1626024
2.1609224
2.1598316
0.82002036
0.81946549
0.81885
0.81845264
1.0166311
1.0159418
1.0151768
1.0146827
1.2699771
1.2691129
1.2681533
1.2675329
1.4612165
1.4602189
1.4591103
1.4583931
0.82296443
0.82205869
0.82102939
0.82034826
1.0202857
1.0191618
1.0178841
1.0170384
1.2745525
1.2731462
1.2715468
1.2704874
1.4664924
1.4648718
1.4630276
1.4618055
0.053735349
0.053676299
0.053609232
0.053564878
0.25527162
0.25499106
0.25467239
0.25446164
0.51737607
0.5168072
0.51616095
0.51573346
0.7171003
0.71631138
0.71541496
0.71482185
0.053543536
0.053507438
0.053467427
0.053441617
0.25436022
0.25418868
0.25399852
0.25387586
0.51552772
0.51517967
0.51479378
0.51454477
0.71453635
0.71405331
0.71351758
0.71317178
0.053429414
0.053409159
0.053387379
0.053373789
0.25381786
0.25372158
0.25361804
0.25355342
0.51442702
0.5142315
0.51402117
0.51388986
0.71300821
0.71273656
0.71244422
0.71226162
0.81826465
0.8179524
0.81761626
0.81740624
1.0144489
1.0140603
1.0136418
1.0133801
1.2672392
1.2667508
1.2662242
1.2658946
1.4580534
1.4574882
1.4568782
1.456496
0.81730916
0.81715174
0.81698882
0.81689142
1.0132591
1.0130627
1.0128593
1.0127376
1.2657421
1.2654943
1.2652373
1.2650832
1.456319
1.4560313
1.4557323
1.4555529
0.053367512
0.053357345
0.053346841
0.053340573
0.25352358
0.25347523
0.25342527
0.25339546
0.5138292
0.5137309
0.51362926
0.51356857
0.71217723
0.71204043
0.71189891
0.71181434
0.053337771
0.053333383
0.053329117
0.053326762
0.25338212
0.25336125
0.25334094
0.25332973
0.51354142
0.51349889
0.51345749
0.51343462
0.71177648
0.71171716
0.71165937
0.71162742
0.053325777
0.053324368
0.053323287
0.05332297
0.25332504
0.25331833
0.25331318
0.25331168
0.51342506
0.51341136
0.51340084
0.51339776
0.71161404
0.71159488
0.71158016
0.71157585
0.81666049
0.81663837
0.81662136
0.81661638
1.0124483
1.0124205
1.0123991
1.0123928
1.2647156
1.2646801
1.2646527
1.2646447
1.4551232
1.4550816
1.4550494
1.45504
0.81684781
0.81677944
0.81671279
0.81667593
1.0126831
1.0125975
1.012514
1.0124677
1.2650141
1.2649055
1.2647993
1.2647403
1.4554722
1.4553455
1.4552213
1.4551522
1.5557745
1.5556379
1.5555038
1.5554292
1.7414995
1.7413437
1.7411907
1.7411053
1.9783904
1.9782087
1.9780296
1.9779294
2.155319
2.1551165
2.1549164
2.1548042
1.5553979
1.5553528
1.555318
1.5553077
1.7410694
1.7410177
1.7409777
1.7409659
1.9778872
1.9778263
1.9777791
1.9777652
2.1547568
2.1546883
2.1546352
2.1546196
2.2472247
2.2471521
2.2470957
2.2470791
2.4171538
2.4170729
2.41701
2.4169914
2.6313308
2.6312384
2.6311663
2.6311449
2.789278
2.789176
2.7890963
2.7890726
2.2478196
2.2476057
2.247394
2.247275
2.4178122
2.4175761
2.4173417
2.4172097
2.6320775
2.6318106
2.6315449
2.6313946
2.7900966
2.7898049
2.7895135
2.7893482
2.2492187
2.2487474
2.2482538
2.2479547
2.4193479
2.4188318
2.4182902
2.4179612
2.6337987
2.6332222
2.6326152
2.6322454
2.7919662
2.7913417
2.7906826
2.7902798
1.5566855
1.5563762
1.5560546
1.5558614
1.742533
1.7421827
1.7418179
1.7415983
1.9795884
1.9791834
1.9787607
1.9785054
2.1566471
2.1561991
2.1557306
2.155447
1.5585471
1.5579408
1.5572862
1.5568757
1.7446348
1.7439512
1.7432121
1.7427482
1.9820077
1.9812222
1.9803717
1.9798368
2.1593135
2.1584492
2.157512
2.1569216
2.2520182
2.2511115
2.2501277
2.2495074
2.4224006
2.4214136
2.420341
2.4196636
2.6371889
2.6360955
2.6349046
2.6341506
2.7956216
2.794445
2.7931613
2.7923469
2.8777278
2.8765062
2.8751722
2.8743249
3.0272314
3.0259241
3.0244938
3.0235836
3.2128921
3.2114702
3.2099106
3.2089152
3.3476049
3.3460927
3.3444309
3.343368
3.4165919
3.4150309
3.4133134
3.4122136
3.5406149
3.5389602
3.5371362
3.5359654
3.6914057
3.6896255
3.6876578
3.686391
3.7981863
3.7963073
3.7942263
3.7928833
3.4116959
3.4108405
3.409927
3.4093615
3.5354134
3.5344997
3.5335211
3.5329134
3.6857925
3.6847993
3.6837316
3.6830658
3.7922477
3.791191
3.7900517
3.789339
2.8739286
2.8732778
2.87259
2.8721691
3.0231571
3.0224557
3.0217125
3.0212564
3.2084479
3.2076777
3.2068588
3.2063541
3.3428681
3.3420429
3.341163
3.3406191
2.8719775
2.871672
2.8713664
2.8711927
3.0210483
3.0207159
3.0203823
3.0201923
3.2061233
3.2057536
3.2053811
3.205168
3.3403698
3.3399697
3.3395653
3.3393332
2.8711188
2.8710115
2.8709275
2.8709026
3.0201112
3.0199933
3.0199009
3.0198734
3.2050769
3.2049441
3.2048398
3.2048087
3.3392338
3.3390888
3.3389746
3.3389405
3.4079161
3.4077642
3.4076445
3.4076087
3.5313503
3.5311847
3.531054
3.531015
3.6813386
3.681154
3.6810078
3.6809641
3.7874779
3.7872775
3.7871186
3.787071
3.409102
3.4086851
3.4082629
3.4080202
3.532634
3.532184
3.531727
3.5314634
3.6827587
3.682263
3.6817574
3.6814646
3.7890095
3.7884766
3.7879312
3.7876145
3.8424047
3.8418512
3.8412837
3.8409536
3.9365007
3.9359068
3.9352959
3.9349395
4.0469936
4.0463434
4.045672
4.0452787
4.1216397
4.1209444
4.1202241
4.1198009
3.8408112
3.8406019
3.8404359
3.8403861
3.9347854
3.9345588
3.9343787
3.9343245
4.0451083
4.0448571
4.0446571
4.0445969
4.1196171
4.1193461
4.1191297
4.1190646
4.1555323
4.1552503
4.1550251
4.1549571
4.2172005
4.2168961
4.2166526
4.216579
4.2858339
4.2854968
4.2852265
4.2851448
4.3232406
4.3228804
4.3225912
4.3225036
4.1576299
4.15691
4.156163
4.1557234
4.2194504
4.2186808
4.2178795
4.2174064
4.2883044
4.2874631
4.2865832
4.2860615
4.3258658
4.3249744
4.3240393
4.3234835
4.1618631
4.1605023
4.1590148
4.1580706
4.2239402
4.2225024
4.2209253
4.2199205
4.293158
4.291612
4.2899079
4.2888167
4.3309706
4.3293505
4.3275587
4.3264075
3.8457552
3.8446638
3.8434851
3.8427465
3.9400693
3.9389107
3.9376557
3.9368667
4.0508613
4.0496112
4.0482516
4.047393
4.1257448
4.1244227
4.1229801
4.1220659
3.8518705
3.8499381
3.8477956
3.8464111
3.9465232
3.9444888
3.9422285
3.9407643
4.0577697
4.0555994
4.0531809
4.0516091
4.1330063
4.1307312
4.1281901
4.1265342
4.1693124
4.1669818
4.1643756
4.1626748
4.2317573
4.2293189
4.2265852
4.2247959
4.3014804
4.2988958
4.2959872
4.2940752
4.3396323
4.3369507
4.3339247
4.3319296
4.1815644
4.1778005
4.1735236
4.1706842
4.2445229
4.2406072
4.2361527
4.2331904
4.3149254
4.3108114
4.3061222
4.3029959
4.3535175
4.3492767
4.3444358
4.3412022
4.2007133
4.1949294
4.1882537
4.1837574
4.2644299
4.2584152
4.2514765
4.246803
4.3358107
4.3294986
4.3222213
4.3173188
4.3750174
4.3685195
4.3610299
4.3559829
3.87841
3.873502
3.867837
3.8640252
3.9743194
3.9691869
3.9632608
3.9592713
4.0872304
4.0817985
4.0755262
4.0713021
4.1637394
4.158077
4.1515401
4.1471373
3.8621687
3.8589887
3.8553899
3.8530135
3.9573273
3.9539956
3.950221
3.947725
4.0692427
4.0657109
4.0617041
4.0590497
4.1449902
4.141306
4.1371221
4.1343464
3.4250242
3.4224058
3.4194565
3.4175196
3.5495212
3.5467598
3.5436453
3.541597
3.7009438
3.6979922
3.6946578
3.6924607
3.8082183
3.8051182
3.801612
3.7992984
2.8844155
2.8823266
2.8799855
2.8784569
3.0343638
3.0321393
3.0296431
3.0280108
3.2206146
3.2182109
3.2155089
3.2137386
3.3557882
3.353245
3.3503824
3.348504
2.8952807
2.8919691
2.888175
2.8856423
3.0459036
3.0423908
3.0383618
3.0356691
3.2330408
3.2292645
3.2249269
3.2220235
3.3689012
3.3649213
3.3603446
3.3572777
3.4385067
3.4344173
3.4297121
3.4265571
3.5637051
3.559408
3.5544587
3.5511365
3.716061
3.7114872
3.7062133
3.7026687
3.8240654
3.8192748
3.8137469
3.8100287
3.4587159
3.4527505
3.4456787
3.4408663
3.584887
3.5786433
3.5712324
3.5661829
3.7385401
3.7319254
3.724062
3.7186963
3.8475685
3.8406601
3.8324393
3.8268244
2.9118093
2.9069048
2.9011168
2.8971969
3.0633925
3.0582097
3.0520865
3.0479346
3.2517779
3.246235
3.2396764
3.2352221
3.3885969
3.3827787
3.3758859
3.3711985
2.9354023
2.929091
2.9203562
2.914565
3.0882592
3.0816158
3.0724123
3.0663026
3.2782692
3.2712056
3.2614054
3.254887
3.4163121
3.4089349
3.3986861
3.3918579
3.4870784
3.4795365
3.4690507
3.4620578
3.6144611
3.6066133
3.5956845
3.5883818
3.7697088
3.7614629
3.7499522
3.7422386
3.8799891
3.8714339
3.8594669
3.8514284
3.9355768
3.9268536
3.9146371
3.9064204
4.0339096
4.0248578
4.0121515
4.0035848
4.1502182
4.1406935
4.1272841
4.1182196
4.2295231
4.2195925
4.2055854
4.1961046
3.9024719
3.8954024
3.8869865
3.8812362
3.9994627
3.9920794
3.9832854
3.9772743
4.1138536
4.1060337
4.0967217
4.090358
4.1915379
4.183364
4.1736401
4.1670008
4.2291463
4.2207782
4.2108317
4.2040455
4.2941044
4.285348
4.2749658
4.2678973
4.367137
4.3578502
4.3468884
4.3394525
4.4073968
4.3977651
4.3864343
4.3787682
4.2680544
4.25789
4.2435406
4.2338247
4.3350486
4.3243422
4.3092251
4.2990098
4.4114131
4.3996992
4.3833116
4.3723582
4.4542818
4.4416585
4.4242852
4.4128258
