FiniteElementSpace
FiniteElementCollection: L2_2D_P3
VDim: 1
Ordering: 0

5.630737539378186e+101
2.960458537908264e+101
-3.336383698190394e+100
-7.447391623585136e+99
5.342147671908612e+101
2.506780952554711e+101
-3.979845807976599e+100
-5.569050585031691e+99
4.58364532716591e+101
1.824043340845112e+101
-4.835525775651125e+100
-2.100712348666028e+99
3.788924181283196e+101
1.242863129688795e+101
-5.280026630191086e+100
7.173877955061105e+98
-2.100373993137018e+102
-1.461746964312139e+102
-1.329325416527414e+100
5.709000753515158e+101
-1.949787711155434e+102
-1.020346043398234e+102
2.179771519190603e+101
5.967102184255283e+101
-1.275428618719003e+102
-3.512432034732639e+101
4.676530527310326e+101
5.748020169533017e+101
-5.687786861034127e+101
1.256356788602759e+101
5.707805142804061e+101
5.119206249357259e+101
-1.222149321262704e+102
-2.023821232393229e+102
-6.004049455307135e+101
4.488107869143588e+101
-1.380227796468123e+102
-2.001192931398291e+102
-5.366577491214112e+101
4.651594261950919e+101
-1.77440082360837e+102
-1.871475988925791e+102
-3.452128841230533e+101
5.087020043334365e+101
-2.048956343230404e+102
-1.639659978530334e+102
-1.386176819185465e+101
5.525040324290024e+101
5.676341531185349e+101
3.789313310329279e+101
-1.7699642319105e+100
-1.116048706231585e+100
5.694962418310673e+101
3.718244566367447e+101
-1.95501273320688e+100
-1.071161608774561e+100
5.725022315170275e+101
3.476362634056162e+101
-2.485880595373416e+100
-9.448313020138984e+99
5.71909299511335e+101
3.161294314164858e+101
-2.993165325465847e+100
-8.361804446744399e+99
