FiniteElementSpace
FiniteElementCollection: L2_2D_P2
VDim: 1
Ordering: 0

0.057368561
0.032357609
0.0072939725
0.055496805
0.031301839
0.0070559903
0.053544752
0.030200796
0.006807798
0.12148024
0.096756395
0.071892564
0.11751676
0.093599395
0.069546903
0.11338319
0.090307032
0.067100698
0.13088978
0.10425082
0.077461176
0.12739076
0.10146378
0.075390387
0.12370741
0.098530017
0.073210599
0.061812194
0.03486394
0.0078589476
0.060159772
0.03393188
0.0076488487
0.058420328
0.032950751
0.0074276937
0.06566051
0.037034495
0.0083482381
0.064243348
0.036235137
0.0081680548
0.062733279
0.035383384
0.0079760586
0.068876487
0.038848389
0.0087571285
0.067708214
0.038189421
0.0086085927
0.066442039
0.037475237
0.008447604
0.14584881
0.1161652
0.086313921
0.14337495
0.11419474
0.084849867
0.14069375
0.11205917
0.083263146
0.1390388
0.11074126
0.082283763
0.1360379
0.108351
0.0805078
0.13284023
0.10580406
0.078615445
0.21107918
0.18338357
0.1554223
0.20652344
0.17942537
0.15206773
0.20166891
0.17520772
0.14849336
0.22141768
0.19236545
0.16303473
0.21766205
0.18910243
0.16026933
0.21359161
0.18556598
0.15727225
0.29485408
0.26671297
0.23818577
0.28985287
0.26218882
0.23414564
0.28443237
0.25728556
0.22976707
0.28108668
0.25425966
0.22706438
0.27501999
0.24877164
0.22216348
0.26855536
0.24292389
0.21694151
0.26461226
0.23935768
0.21375622
0.25753852
0.23295864
0.20804177
0.25009201
0.22622274
0.20202669
0.19870787
0.1726356
0.14631308
0.1933959
0.16802035
0.14240165
0.18780405
0.16316212
0.1382844
0.18442292
0.16022508
0.1357948
0.17840589
0.1549972
0.13136416
0.17213056
0.14954518
0.12674366
0.24558948
0.22215055
0.19838949
0.23757682
0.21490214
0.19191652
0.22922011
0.20734293
0.18516625
0.30439086
0.28193664
0.25907365
0.29445978
0.27273749
0.25062063
0.2841022
0.26314392
0.24180558
0.32796819
0.30377459
0.27914079
0.31920083
0.29565343
0.27167835
0.30997138
0.28710474
0.26382339
0.38816559
0.36526587
0.34183697
0.37778902
0.35550077
0.33269839
0.36686546
0.3452216
0.32307922
0.36026067
0.33900736
0.3172627
0.34850678
0.3279461
0.30691108
0.33624806
0.31641057
0.2961162
0.41266111
0.3928133
0.37239629
0.39919756
0.3799964
0.36024569
0.38515575
0.36662998
0.34757489
0.46108743
0.4428363
0.42394364
0.44604388
0.42838724
0.41011107
0.43035423
0.41331865
0.39568632
0.49680212
0.47713716
0.45678116
0.48352142
0.46438126
0.44456957
0.46954061
0.45095385
0.43171591
0.44462487
0.42323954
0.40124111
0.43273901
0.41192454
0.39051436
0.42022655
0.40001387
0.37922358
0.47230663
0.44958972
0.4262218
0.46211291
0.43988561
0.41702222
0.45125033
0.42954544
0.40722016
0.52773239
0.50684293
0.48521965
0.51634241
0.49590304
0.47474662
0.50420505
0.48424609
0.46358778
0.55358034
0.53166753
0.50898523
0.54419075
0.52264901
0.50035162
0.53401375
0.5128748
0.49099504
0.49543987
0.4716101
0.44709774
0.48703643
0.46361034
0.43951392
0.47792831
0.45494022
0.43129499
0.43252807
0.40701082
0.38090445
0.4251917
0.40010683
0.37444344
0.41724018
0.39262431
0.36744132
0.41233233
0.3880067
0.3631192
0.40343299
0.37963182
0.35528168
0.39394977
0.370708
0.34693082
0.34838706
0.32268703
0.29651966
0.34086785
0.31572205
0.29011964
0.33285536
0.30830055
0.2833004
0.36545079
0.33849182
0.31104289
0.35925215
0.33275011
0.30576693
0.3525338
0.32652727
0.30004906
0.37899506
0.35103677
0.32257061
0.37417669
0.34657362
0.31846951
0.36881716
0.34160936
0.31390809
0.38888938
0.36020105
0.33099183
0.38549772
0.35705945
0.32810506
0.38154863
0.35340158
0.32474401
0.46026874
0.43311456
0.40533403
0.45625455
0.42933703
0.40179889
0.4515806
0.4249387
0.39768294
0.44855834
0.42209519
0.39502138
0.44285559
0.41672859
0.38999913
0.43651232
0.41075943
0.38441318
0.51380175
0.48908863
0.46366789
0.50726955
0.48287025
0.45777285
0.50000361
0.47595368
0.4512162
0.57409705
0.55137188
0.52784902
0.56679828
0.54436161
0.52113797
0.55867963
0.53656425
0.51367376
0.58908487
0.56576622
0.54162936
0.58394723
0.56083171
0.53690547
0.57796513
0.5550863
0.53140552
0.52721545
0.50185695
0.47577268
0.52261739
0.49747986
0.47162318
0.51726359
0.49238345
0.46679197
0.53555176
0.50979213
0.48329551
0.53293217
0.50729846
0.4809315
0.52954204
0.50407129
0.47787226
0.59839945
0.57471193
0.55019352
0.59547245
0.5719007
0.54750228
0.59168448
0.56826256
0.54401956
0.60195109
0.57812287
0.55345905
0.60126295
0.57746198
0.55282633
0.59970555
0.57596614
0.55139441
0.53873041
0.51281777
0.48616397
0.53811453
0.51223153
0.48560819
0.53672069
0.51090466
0.48435039
0.47032149
0.44257399
0.41418689
0.46978382
0.44206807
0.4137134
0.46856699
0.44092295
0.41264182
0.46754649
0.43996282
0.41174312
0.46525954
0.43781072
0.4097291
0.46229991
0.43502559
0.40712277
0.39503848
0.36589641
0.33622542
0.39310619
0.36410661
0.3345808
0.39060555
0.36179036
0.3324525
0.39738313
0.368068
0.33822097
0.39692885
0.36764725
0.33783433
0.39590072
0.36669491
0.33695929
0.32061776
0.29001733
0.25899781
0.32025124
0.2896858
0.25870173
0.31942173
0.28893542
0.25803166
0.24076466
0.20917362
0.17728027
0.24048943
0.20893451
0.17707761
0.23986652
0.2083933
0.17661896
0.23934411
0.20793952
0.1762343
0.23817339
0.20692237
0.17537226
0.23665832
0.20560604
0.1742567
0.31872605
0.28830625
0.25746969
0.31716704
0.28689599
0.2562103
0.31514947
0.2850709
0.25458052
0.31376482
0.28381862
0.25346199
0.31102835
0.28134322
0.25125141
0.30784215
0.27846102
0.24867763
0.30578187
0.27659769
0.24701331
0.3018943
0.27308098
0.24387284
0.29757015
0.26916941
0.24037984
0.22962381
0.19949477
0.16907706
0.22670447
0.19695836
0.16692746
0.2234573
0.19413715
0.16453655
0.23561853
0.20470284
0.17349108
0.2335636
0.20291746
0.17197798
0.23117096
0.20083869
0.17021626
0.15520294
0.12361543
0.091849691
0.15384935
0.12253729
0.091048632
0.15227332
0.12128198
0.090115942
0.15125421
0.12047041
0.089512836
0.14933123
0.11893874
0.0883748
0.14719231
0.11723509
0.087108997
0.07142916
0.040288165
0.0090816819
0.070521036
0.039775935
0.008966215
0.069510943
0.039206189
0.0088377915
0.073293922
0.041339936
0.0093187726
0.072654696
0.040979382
0.0092374991
0.071910425
0.040559573
0.0091428737
0.074452825
0.041993578
0.0094661163
0.074088648
0.041788168
0.0094198153
0.073617361
0.041522337
0.0093598965
0.15765699
0.12556997
0.093301997
0.15688583
0.12495575
0.092845619
0.15588786
0.12416085
0.092255015
0.15859271
0.12631522
0.093855754
0.15841141
0.12617083
0.093748463
0.1580011
0.12584401
0.093505642
0.074894716
0.042242809
0.0095223014
0.074809098
0.042194518
0.0095114163
0.074615329
0.04208522
0.0094867772
