FiniteElementSpace
FiniteElementCollection: L2_2D_P1
VDim: 1
Ordering: 0

18.494075
18.524947
18.48826
18.515753
18.568858
18.620086
18.548845
18.600394
18.640425
18.682347
18.606019
18.646163
18.733062
18.772777
18.680448
18.718934
18.654103
18.691555
18.635018
18.672314
18.709981
18.721938
18.690621
18.702517
18.791227
18.803303
18.737579
18.749584
18.914799
18.927637
18.839517
18.851985
18.875327
18.897276
18.795544
18.821512
19.013929
19.037516
18.934236
18.956081
19.055646
19.069361
18.973722
18.986914
19.191261
19.205597
19.114706
19.128664
19.305902
19.320723
19.242998
19.2576
19.245913
19.2856
19.184697
19.22317
19.135334
19.171879
19.067067
19.096177
19.061026
19.103251
19.02161
19.052633
19.016425
19.035923
18.988391
19.002719
19.102699
19.127761
19.050287
19.07332
19.159389
19.210159
19.102549
19.150219
19.235753
19.287283
19.196154
19.247588
19.179075
19.204007
19.138942
19.164197
19.213383
19.237831
19.199404
19.22406
19.269147
19.320386
19.25557
19.306966
19.357079
19.398449
19.343647
19.384882
19.323872
19.364848
19.283813
19.324146
19.385754
19.40068
19.344743
19.359624
19.419612
19.434684
19.405939
19.420925
19.435911
19.42473
19.422127
19.410926
19.401917
19.390786
19.361015
19.350137
19.373235
19.335697
19.332702
19.295273
19.407176
19.369626
19.393349
19.355784
19.331257
19.262762
19.317467
19.249192
19.200485
19.099571
19.18721
19.086851
19.16793
19.068338
19.129035
19.030859
19.297466
19.229505
19.257224
19.189853
19.218939
19.152074
19.155955
19.08983
19.091902
18.994923
19.03061
18.935341
18.979195
18.88519
18.90241
18.810257
19.103222
19.037668
19.024429
18.959733
19.178344
19.14083
19.099785
19.061918
19.294185
19.256836
19.231028
19.193666
19.322228
19.311538
19.259099
19.248419
19.206913
19.19594
19.12956
19.117857
19.069903
19.057594
18.986959
18.973944
19.039144
19.001015
18.955087
18.916729
18.895015
18.856623
18.818809
18.78055
18.927397
18.914039
18.851473
18.83789
18.802607
18.788972
18.748844
18.73523
18.721191
18.707601
18.701749
18.68817
18.688754
18.651171
18.669383
18.631953
18.769939
18.731866
18.716307
18.678532
18.695319
18.633604
18.642269
18.580939
18.61509
18.554029
18.596019
18.535188
18.500485
18.414415
18.48184
18.396093
18.579599
18.492581
18.527173
18.440696
18.702716
18.615199
18.627834
18.540606
18.819605
18.757104
18.743797
18.681826
18.963634
18.89965
18.879538
18.816481
18.843351
18.752543
18.761432
18.672807
18.602022
18.343109
18.449093
18.186994
18.417978
18.298289
18.366847
18.249684
18.340999
18.224328
18.322928
18.206263
18.124913
17.965206
18.106091
17.94364
18.201386
18.053839
18.151261
17.99561
17.927357
17.729418
17.861743
17.648328
17.826512
17.600835
17.801187
17.563938
17.405498
17.103344
17.348536
16.979787
17.567843
17.330163
17.469766
17.203575
17.739763
17.526051
17.641363
17.416229
18.06654
17.885406
17.984183
17.794734
18.208161
18.035877
18.127265
17.950669
17.898134
17.695888
17.809009
17.601083
18.032683
17.836121
17.958397
17.75911
18.135361
17.941087
18.080365
17.885062
18.43541
18.267695
18.381433
18.21334
18.335138
18.166462
18.264315
18.094011
18.590383
18.448474
18.516909
18.377858
18.806384
18.686244
18.732684
18.611888
18.913994
18.791378
18.855732
18.734823
18.693568
18.549261
18.638147
18.494991
18.760333
18.614606
18.726443
18.581464
18.985248
18.859803
18.948944
18.825027
19.015388
18.888536
19.003127
18.876863
18.788261
18.641857
18.776924
18.630802
18.527404
18.359888
18.516436
18.348921
18.500356
18.33283
18.467427
18.299834
18.200953
18.00739
18.167761
17.973903
18.22812
18.034706
18.217114
18.023649
17.883114
17.662708
17.872048
17.651684
17.49217
17.24794
17.481212
17.237096
17.465038
17.221082
17.431491
17.18782
17.855757
17.635429
17.822125
17.601771
17.789064
17.568549
17.732373
17.51126
17.682582
17.460599
17.603702
17.379661
17.289836
17.046461
17.207895
16.963925
17.398297
17.154836
17.340854
17.09756
16.969637
16.709308
16.912699
16.653004
16.861801
16.602647
16.779373
16.520975
16.409713
16.145732
16.328917
16.066397
16.515356
16.249947
16.459556
16.194808
16.580034
16.314252
16.547518
16.28186
17.035396
16.774393
17.002387
16.741705
17.062049
16.80083
17.051287
16.790149
16.606392
16.340621
16.595735
16.329946
16.149424
15.899057
16.138708
15.888269
16.12298
15.872473
16.090611
15.840089
15.701666
15.492934
15.669281
15.460602
15.728338
15.519659
15.717505
15.508793
15.389751
15.250257
15.378886
15.239419
15.179719
15.130562
15.168906
15.119773
15.153159
15.104064
15.121185
15.072182
15.363043
15.223628
15.330799
15.191544
15.299592
15.160559
15.246806
15.108291
15.090338
15.041443
15.038369
14.989699
14.993313
14.944879
14.922253
14.874255
15.200839
15.062913
15.128026
14.991247
15.536805
15.32958
15.461449
15.255755
15.637745
15.429241
15.583995
15.376045
16.05883
15.808449
16.00413
15.754303
15.955626
15.706563
15.877458
15.630028
15.811265
15.565471
15.708211
15.465195
15.623275
15.382617
15.493872
15.256965
15.219124
15.019953
15.096255
14.900523
15.398094
15.193947
15.299898
15.098425
15.067221
14.93155
14.973405
14.839583
14.863128
14.815533
14.7721
14.725159
14.697383
14.650974
14.583366
14.537705
14.896379
14.764097
14.77906
14.648988
14.683969
14.55547
14.541443
14.414863
14.490619
14.445484
14.350951
14.306454
14.23944
14.195332
14.07551
14.031817
14.428202
14.302783
14.262443
14.138246
14.73334
14.545174
14.564677
14.378266
14.997085
14.803911
14.849513
14.659528
15.38915
15.155597
15.233179
15.005058
15.113326
14.887398
14.942666
14.717591
16.108074
15.603233
15.755069
15.268946
16.065216
15.807816
15.931141
15.676201
16.260249
15.999072
16.153242
15.89418
16.709465
16.451571
16.60075
16.34346
16.511372
16.254543
16.374669
16.118901
16.946021
16.696843
16.813829
16.560859
17.139029
16.894131
17.032834
16.785841
17.538436
17.312043
17.439611
17.208466
17.360459
17.12439
17.242698
16.997235
17.148539
16.893532
17.004024
16.731592
16.705481
16.449611
16.537716
16.279002
16.397591
16.144073
16.180273
15.947217
16.878527
16.590928
16.63865
16.355051
16.313394
16.153669
15.952548
15.863361
16.00633
15.79219
15.754096
15.569398
15.570517
15.403551
15.331819
15.179649
15.730587
15.662313
15.469042
15.411912
15.302418
15.24772
15.112826
15.058278
15.010823
14.955404
14.936259
14.879822
14.877701
14.729047
14.80096
14.650687
15.170607
15.022132
14.981513
14.834039
14.887413
14.679377
14.701195
14.494167
14.595381
14.385511
14.515878
14.301779
14.21398
13.961448
14.119372
13.821289
14.518793
14.29549
14.329731
14.096739
15.464106
14.998028
15.042563
14.602172
14.810098
14.586751
14.620433
14.400254
14.478043
14.259293
14.279784
14.061751
14.109094
13.925357
13.912165
13.72938
14.43467
14.249237
14.24942
14.06509
14.134024
14.010488
13.950487
13.827618
13.948085
13.904623
13.765567
13.72236
13.626749
13.583713
13.432623
13.389893
13.811078
13.688583
13.615783
13.494049
13.472219
13.352111
13.280949
13.166139
13.29136
13.249025
13.107626
13.066495
12.976427
12.937192
12.76149
12.72683
13.141973
13.031948
12.926115
12.812546
13.412238
13.245587
13.205287
13.041308
13.765082
13.584201
13.562052
13.387835
14.131404
13.913792
13.928349
13.708338
13.779275
13.553992
13.550666
13.332353
13.288818
13.167022
13.03195
12.960945
12.907584
12.849142
12.822376
12.768647
12.769715
12.600213
12.691443
12.506854
13.05649
12.883542
12.873108
12.70234
12.744714
12.617637
12.550712
12.414988
12.568352
12.537625
12.366474
12.338426
12.257951
12.231421
12.154132
12.135115
12.443979
12.305758
12.301592
12.175737
12.141656
12.089813
12.042304
12.012787
