MFEM mesh v1.0

#
# MFEM Geometry Types (see mesh/geom.hpp):
#
# POINT       = 0
# SEGMENT     = 1
# TRIANGLE    = 2
# SQUARE      = 3
# TETRAHEDRON = 4
# CUBE        = 5
# PRISM       = 6
#

dimension
2

elements
186
1 3 25 47 23 24
1 3 47 48 22 23
1 3 46 45 48 47
1 3 45 49 50 48
1 3 48 50 21 22
1 3 50 51 20 21
1 3 49 52 51 50
1 3 53 54 52 49
1 3 44 53 49 45
1 3 43 42 53 44
1 3 42 41 54 53
1 3 41 55 56 54
1 3 55 57 58 56
1 3 56 58 59 60
1 3 54 56 60 52
1 3 52 60 61 51
1 3 51 61 19 20
1 3 61 62 18 19
1 3 60 59 62 61
1 3 59 63 64 62
1 3 62 64 17 18
1 3 64 15 16 17
1 3 63 14 15 64
1 3 65 13 14 63
1 3 58 65 63 59
1 3 57 66 65 58
1 3 66 12 13 65
1 3 67 11 12 66
1 3 68 10 11 67
1 3 69 68 67 70
1 3 70 67 66 57
1 3 71 70 57 55
1 3 40 71 55 41
1 3 39 72 71 40
1 3 72 69 70 71
1 3 73 74 69 72
1 3 38 73 72 39
1 3 37 75 73 38
1 3 75 76 74 73
1 3 76 77 78 74
1 3 74 78 68 69
1 3 78 9 10 68
1 3 77 1 9 78
1 3 79 80 1 77
1 3 81 82 80 79
1 3 83 81 79 84
1 3 84 79 77 76
1 3 85 84 76 75
1 3 86 85 75 37
1 3 87 88 85 86
1 3 88 83 84 85
1 3 89 90 83 88
1 3 91 89 88 87
1 3 92 93 89 91
1 3 93 94 90 89
1 3 94 95 96 90
1 3 90 96 81 83
1 3 96 97 82 81
1 3 95 98 97 96
1 3 99 100 98 95
1 3 101 99 95 94
1 3 102 103 99 101
1 3 103 104 100 99
1 3 105 106 104 103
1 3 107 108 106 105
1 3 109 107 105 110
1 3 110 105 103 102
1 3 111 110 102 112
1 3 113 109 110 111
1 3 114 113 111 115
1 3 115 111 112 116
1 3 116 112 117 118
1 3 112 102 101 117
1 3 117 101 94 93
1 3 118 117 93 92
1 3 119 118 92 120
1 3 121 119 120 122
1 3 123 124 119 121
1 3 124 116 118 119
1 3 125 115 116 124
1 3 126 114 115 125
1 3 127 126 125 128
1 3 128 125 124 123
1 3 129 128 123 130
1 3 131 127 128 129
1 3 132 133 129 134
1 3 135 131 133 132
1 3 136 135 132 137
1 3 137 132 134 138
1 3 138 129 130 139
1 3 139 130 140 141
1 3 130 123 121 140
1 3 140 121 122 142
1 3 141 140 142 143
1 3 143 142 144 145
1 3 145 144 146 147
1 3 144 148 149 146
1 3 142 122 148 144
1 3 122 92 87 149
1 3 149 150 151 152
1 3 150 87 86 151
1 3 151 86 37 36
1 3 152 151 36 35
1 3 153 152 35 34
1 3 146 149 152 153
1 3 147 146 153 154
1 3 154 153 34 33
1 3 155 154 33 32
1 3 156 155 32 31
1 3 157 158 155 156
1 3 158 147 154 155
1 3 159 145 147 158
1 3 160 143 145 159
1 3 161 160 159 162
1 3 162 159 158 157
1 3 163 162 157 164
1 3 165 161 162 163
1 3 166 165 163 167
1 3 167 163 164 168
1 3 168 164 169 170
1 3 164 171 172 173
1 3 171 157 174 172
1 3 172 174 156 175
1 3 173 172 175 169
1 3 169 156 31 30
1 3 170 169 30 29
1 3 176 170 29 28
1 3 177 168 170 176
1 3 178 177 176 179
1 3 179 176 28 27
1 3 180 179 27 26
1 3 8 180 26 0
1 3 7 181 180 8
1 3 181 178 179 180
1 3 182 183 178 181
1 3 6 182 181 7
1 3 5 184 182 6
1 3 184 185 183 182
1 3 185 186 187 183
1 3 183 187 177 178
1 3 187 167 168 177
1 3 186 166 167 187
1 3 188 189 166 186
1 3 190 191 189 188
1 3 192 190 188 193
1 3 193 188 186 185
1 3 4 192 185 5
1 3 194 195 192 196
1 3 3 194 196 4
1 3 2 197 194 3
1 3 197 198 195 194
1 3 198 199 191 192
1 3 199 200 201 191
1 3 191 201 161 166
1 3 201 202 203 204
1 3 204 203 160 161
1 3 203 141 143 160
1 3 202 139 141 203
1 3 205 138 139 202
1 3 206 205 202 201
1 3 200 207 205 206
1 3 207 136 138 205
1 3 208 209 136 207
1 3 210 208 207 200
1 3 211 212 208 210
1 3 212 213 209 208
1 3 214 215 213 212
1 3 216 217 215 214
1 3 218 216 214 219
1 3 219 214 212 211
1 3 220 219 211 221
1 3 222 218 219 220
1 3 223 222 220 224
1 3 224 220 221 225
1 3 225 221 226 227
1 3 221 211 210 226
1 3 226 210 200 228
1 3 227 226 228 199
1 3 229 227 199 230
1 3 231 225 227 229
1 3 232 231 229 233
1 3 233 229 230 198
1 3 234 235 198 236
1 3 237 233 235 234
1 3 238 237 234 239
1 3 239 234 236 197

boundary
82
19 1 25 47
19 1 23 24
19 1 24 25
19 1 22 23
19 1 46 45
19 1 47 46
19 1 21 22
19 1 20 21
19 1 45 44
19 1 43 42
19 1 44 43
19 1 42 41
19 1 19 20
19 1 18 19
19 1 17 18
19 1 15 16
19 1 16 17
19 1 14 15
19 1 13 14
19 1 12 13
19 1 11 12
19 1 10 11
19 1 41 40
19 1 40 39
19 1 39 38
19 1 38 37
19 1 9 10
19 1 1 9
19 1 80 1
19 1 82 80
19 1 97 82
19 1 98 97
19 1 100 98
19 1 104 100
19 1 106 104
19 1 107 108
19 1 108 106
19 1 109 107
19 1 113 109
19 1 114 113
19 1 126 114
19 1 127 126
19 1 131 127
19 1 37 36
19 1 36 35
19 1 35 34
19 1 34 33
19 1 33 32
19 1 32 31
19 1 31 30
19 1 30 29
19 1 29 28
19 1 28 27
19 1 27 26
19 1 26 0
19 1 0 8
19 1 8 7
19 1 7 6
19 1 6 5
19 1 4 3
19 1 2 197
19 1 3 2
19 1 209 136
19 1 213 209
19 1 215 213
19 1 216 217
19 1 217 215
19 1 218 216
19 1 222 218
19 1 224 223
19 1 225 224
19 1 231 225
19 1 232 231
19 1 237 233
19 1 238 237
19 1 5 4
19 1 223 222
19 1 233 232
19 1 239 238
19 1 197 239
19 1 135 131
19 1 136 135

vertices
240
2
0.5 0.25
0.75 0.25
0.5 0.125
0.5 0.140625
0.5 0.15625
0.5 0.1875
0.5 0.203125
0.5 0.21875
0.5 0.234375
0.75 0.265625
0.75 0.28125
0.75 0.296875
0.75 0.3125
0.75 0.328125
0.75 0.34375
0.75 0.359375
0.75 0.375
0.734375 0.375
0.71875 0.375
0.703125 0.375
0.6875 0.375
0.671875 0.375
0.65625 0.375
0.640625 0.375
0.625 0.375
0.625 0.359375
0.515625 0.25
0.53125 0.25
0.546875 0.25
0.5625 0.25
0.578125 0.25
0.59375 0.25
0.609375 0.25
0.625 0.25
0.640625 0.25
0.65625 0.25
0.671875 0.25
0.6875 0.25
0.6875 0.265625
0.6875 0.28125
0.6875 0.296875
0.6875 0.3125
0.671875 0.3125
0.65625 0.3125
0.65625 0.328125
0.65625 0.34375
0.640625 0.34375
0.640625 0.359375
0.65625 0.359375
0.671875 0.34375
0.671875 0.359375
0.6875 0.359375
0.6875 0.34375
0.671875 0.328125
0.6875 0.328125
0.703125 0.3125
0.703125 0.328125
0.71875 0.3125
0.71875 0.328125
0.71875 0.34375
0.703125 0.34375
0.703125 0.359375
0.71875 0.359375
0.734375 0.34375
0.734375 0.359375
0.734375 0.328125
0.734375 0.3125
0.734375 0.296875
0.734375 0.28125
0.71875 0.28125
0.71875 0.296875
0.703125 0.296875
0.703125 0.28125
0.703125 0.265625
0.71875 0.265625
0.703125 0.25
0.71875 0.25
0.734375 0.25
0.734375 0.265625
0.734375 0.234375
0.75 0.234375
0.734375 0.21875
0.75 0.21875
0.71875 0.21875
0.71875 0.234375
0.703125 0.234375
0.6875 0.234375
0.6875 0.21875
0.703125 0.21875
0.703125 0.203125
0.71875 0.203125
0.6875 0.203125
0.6875 0.1875
0.703125 0.1875
0.71875 0.1875
0.734375 0.1875
0.734375 0.203125
0.75 0.203125
0.75 0.1875
0.734375 0.171875
0.75 0.171875
0.71875 0.171875
0.71875 0.15625
0.734375 0.15625
0.75 0.15625
0.734375 0.140625
0.75 0.140625
0.734375 0.125
0.75 0.125
0.71875 0.125
0.71875 0.140625
0.703125 0.140625
0.703125 0.15625
0.703125 0.125
0.6875 0.125
0.6875 0.140625
0.6875 0.15625
0.703125 0.171875
0.6875 0.171875
0.671875 0.171875
0.671875 0.1875
0.65625 0.171875
0.65625 0.1875
0.65625 0.15625
0.671875 0.15625
0.671875 0.140625
0.671875 0.125
0.65625 0.125
0.65625 0.140625
0.640625 0.140625
0.640625 0.15625
0.640625 0.125
0.6328125 0.1328125
0.640625 0.1328125
0.6328125 0.140625
0.6328125 0.125
0.625 0.125
0.625 0.1328125
0.625 0.140625
0.625 0.15625
0.640625 0.171875
0.625 0.171875
0.640625 0.1875
0.625 0.1875
0.640625 0.203125
0.625 0.203125
0.640625 0.21875
0.625 0.21875
0.65625 0.203125
0.65625 0.21875
0.671875 0.21875
0.671875 0.234375
0.65625 0.234375
0.640625 0.234375
0.625 0.234375
0.609375 0.234375
0.59375 0.234375
0.59375 0.21875
0.609375 0.21875
0.609375 0.203125
0.609375 0.1875
0.59375 0.1875
0.59375 0.203125
0.578125 0.203125
0.578125 0.21875
0.578125 0.1875
0.5625 0.1875
0.5625 0.203125
0.5625 0.21875
0.578125 0.234375
0.5625 0.234375
0.5859375 0.21875
0.5859375 0.2265625
0.578125 0.2265625
0.59375 0.2265625
0.5859375 0.234375
0.546875 0.234375
0.546875 0.21875
0.53125 0.21875
0.53125 0.234375
0.515625 0.234375
0.515625 0.21875
0.515625 0.203125
0.53125 0.203125
0.515625 0.1875
0.53125 0.1875
0.546875 0.1875
0.546875 0.203125
0.546875 0.171875
0.5625 0.171875
0.546875 0.15625
0.5625 0.15625
0.53125 0.15625
0.53125 0.171875
0.515625 0.140625
0.53125 0.140625
0.515625 0.15625
0.515625 0.125
0.53125 0.125
0.5625 0.125
0.59375 0.125
0.59375 0.15625
0.609375 0.15625
0.609375 0.171875
0.59375 0.171875
0.609375 0.140625
0.59375 0.140625
0.609375 0.125
0.609375 0.109375
0.625 0.109375
0.59375 0.109375
0.59375 0.09375
0.609375 0.09375
0.625 0.09375
0.609375 0.078125
0.625 0.078125
0.609375 0.0625
0.625 0.0625
0.59375 0.0625
0.59375 0.078125
0.578125 0.078125
0.578125 0.09375
0.578125 0.0625
0.5625 0.0625
0.5625 0.078125
0.5625 0.09375
0.578125 0.109375
0.5625 0.109375
0.578125 0.125
0.546875 0.109375
0.546875 0.125
0.546875 0.09375
0.53125 0.09375
0.53125 0.109375
0.5234375 0.1171875
0.53125 0.1171875
0.5234375 0.125
0.5234375 0.109375
0.515625 0.109375
0.515625 0.1171875
