MFEM mesh v1.0

#
# MFEM Geometry Types (see mesh/geom.hpp):
#
# POINT       = 0
# SEGMENT     = 1
# TRIANGLE    = 2
# SQUARE      = 3
# TETRAHEDRON = 4
# CUBE        = 5
# PRISM       = 6
#

dimension
2

elements
186
1 3 41 40 44 42
1 3 42 44 1 45
1 3 43 42 45 46
1 3 47 43 46 48
1 3 37 39 43 47
1 3 38 37 47 49
1 3 49 47 48 50
1 3 51 49 50 52
1 3 53 51 52 54
1 3 55 56 51 53
1 3 56 38 49 51
1 3 57 36 38 56
1 3 34 35 36 57
1 3 33 34 57 58
1 3 58 57 56 55
1 3 59 58 55 60
1 3 31 33 58 59
1 3 32 31 59 61
1 3 61 59 60 62
1 3 62 60 63 64
1 3 60 55 53 63
1 3 63 53 54 65
1 3 64 63 65 66
1 3 67 68 66 69
1 3 70 67 69 71
1 3 72 73 67 70
1 3 73 64 68 67
1 3 74 62 64 72
1 3 75 74 72 76
1 3 76 72 71 77
1 3 78 76 77 79
1 3 80 78 79 81
1 3 82 83 78 80
1 3 83 75 76 78
1 3 84 85 75 83
1 3 86 84 83 82
1 3 87 88 84 86
1 3 88 89 85 84
1 3 89 90 91 85
1 3 85 91 74 75
1 3 91 61 62 74
1 3 90 32 61 91
1 3 92 30 32 90
1 3 93 92 90 89
1 3 94 95 92 93
1 3 95 29 30 92
1 3 96 28 29 95
1 3 26 27 28 96
1 3 25 26 96 97
1 3 97 96 95 94
1 3 98 97 94 99
1 3 24 25 97 98
1 3 23 24 98 100
1 3 100 98 99 101
1 3 101 99 102 103
1 3 99 94 93 102
1 3 102 93 89 88
1 3 103 102 88 87
1 3 104 103 87 105
1 3 106 104 105 107
1 3 108 109 104 106
1 3 109 101 103 104
1 3 110 100 101 109
1 3 22 23 100 110
1 3 21 22 110 111
1 3 111 110 109 108
1 3 112 111 108 113
1 3 20 21 111 112
1 3 19 20 112 18
1 3 18 112 113 17
1 3 17 113 114 16
1 3 113 108 106 114
1 3 114 106 107 115
1 3 16 114 115 15
1 3 15 115 116 14
1 3 14 116 117 13
1 3 116 118 119 117
1 3 115 107 118 116
1 3 107 105 120 118
1 3 105 87 86 120
1 3 120 86 82 121
1 3 118 120 121 119
1 3 119 121 122 123
1 3 121 82 80 122
1 3 122 80 81 124
1 3 123 122 124 125
1 3 126 123 125 127
1 3 117 119 123 126
1 3 13 117 126 12
1 3 12 126 127 0
1 3 0 127 128 11
1 3 127 125 129 128
1 3 128 129 130 131
1 3 11 128 131 10
1 3 10 130 132 9
1 3 130 133 134 132
1 3 135 136 133 137
1 3 129 135 137 130
1 3 125 124 135 129
1 3 124 81 136 135
1 3 81 77 138 133
1 3 77 71 139 140
1 3 71 66 141 139
1 3 139 141 142 143
1 3 140 139 143 138
1 3 138 143 144 145
1 3 143 142 146 144
1 3 144 146 147 148
1 3 145 144 148 149
1 3 133 138 149 134
1 3 134 149 150 151
1 3 149 147 152 150
1 3 150 152 153 154
1 3 151 150 154 155
1 3 156 151 155 157
1 3 132 134 151 156
1 3 9 132 156 8
1 3 8 156 157 7
1 3 7 157 158 6
1 3 157 155 159 158
1 3 158 159 160 161
1 3 6 158 161 5
1 3 5 161 162 4
1 3 4 162 163 2
1 3 162 164 165 163
1 3 161 160 164 162
1 3 160 166 167 164
1 3 164 167 168 165
1 3 167 169 170 168
1 3 166 171 169 167
1 3 172 173 171 166
1 3 159 172 166 160
1 3 155 154 172 159
1 3 154 174 175 176
1 3 176 175 177 172
1 3 175 178 173 177
1 3 174 153 178 175
1 3 153 179 180 178
1 3 178 180 181 173
1 3 180 182 183 181
1 3 179 184 182 180
1 3 184 185 186 182
1 3 185 187 188 186
1 3 186 188 189 190
1 3 182 186 190 183
1 3 183 190 191 192
1 3 190 189 193 191
1 3 191 193 194 195
1 3 192 191 195 196
1 3 173 183 196 171
1 3 171 196 197 169
1 3 169 197 198 170
1 3 197 199 200 198
1 3 196 194 199 197
1 3 194 201 202 199
1 3 199 202 203 200
1 3 202 204 3 203
1 3 201 205 204 202
1 3 206 207 205 201
1 3 189 206 201 194
1 3 208 209 206 210
1 3 188 208 210 189
1 3 187 211 208 188
1 3 211 212 209 208
1 3 212 213 207 206
1 3 214 215 213 216
1 3 217 214 216 212
1 3 218 219 214 217
1 3 219 220 215 214
1 3 221 222 220 219
1 3 223 224 222 221
1 3 225 223 221 226
1 3 226 227 228 229
1 3 227 221 230 228
1 3 228 230 219 231
1 3 229 228 231 218
1 3 232 226 218 233
1 3 234 225 226 232
1 3 235 234 232 236
1 3 236 232 233 237
1 3 237 233 238 239
1 3 233 218 217 238
1 3 238 217 212 211
1 3 239 238 211 187
1 3 240 239 187 185
1 3 241 237 239 240

boundary
85
3 1 163 2
3 1 165 163
3 1 168 165
3 1 170 168
3 1 198 170
3 1 200 198
3 1 203 200
3 1 3 203
14 1 41 40
14 1 40 44
14 1 42 41
14 1 44 1
14 1 1 45
14 1 43 42
14 1 45 46
14 1 46 48
14 1 37 39
14 1 39 43
14 1 38 37
14 1 48 50
14 1 50 52
14 1 52 54
14 1 36 38
14 1 34 35
14 1 35 36
14 1 33 34
14 1 31 33
14 1 32 31
14 1 54 65
14 1 65 66
14 1 30 32
14 1 29 30
14 1 28 29
14 1 26 27
14 1 27 28
14 1 25 26
14 1 24 25
14 1 23 24
14 1 22 23
14 1 21 22
14 1 20 21
14 1 19 20
14 1 18 19
14 1 17 18
14 1 16 17
14 1 15 16
14 1 14 15
14 1 13 14
14 1 12 13
14 1 0 12
14 1 11 0
14 1 10 11
14 1 9 10
14 1 66 141
14 1 141 142
14 1 142 146
14 1 146 147
14 1 8 9
14 1 7 8
14 1 6 7
14 1 5 6
14 1 4 5
14 1 2 4
14 1 153 179
14 1 179 184
14 1 184 185
14 1 204 3
14 1 205 204
14 1 207 205
14 1 213 207
14 1 215 213
14 1 220 215
14 1 222 220
14 1 223 224
14 1 224 222
14 1 225 223
14 1 234 225
14 1 235 234
14 1 236 235
14 1 237 236
14 1 185 240
14 1 241 237
14 1 240 241
14 1 147 152
14 1 152 153

vertices
242
2
0.5 0.75
0.75 0.75
0.5 1
0.75 1
0.5 0.96875
0.5 0.9375
0.5 0.90625
0.5 0.875
0.5 0.84375
0.5 0.8125
0.5 0.78125
0.5 0.765625
0.5 0.734375
0.5 0.71875
0.5 0.703125
0.5 0.6875
0.5 0.671875
0.5 0.65625
0.5 0.640625
0.5 0.625
0.515625 0.625
0.53125 0.625
0.546875 0.625
0.5625 0.625
0.578125 0.625
0.59375 0.625
0.609375 0.625
0.625 0.625
0.625 0.640625
0.625 0.65625
0.625 0.671875
0.640625 0.6875
0.625 0.6875
0.65625 0.6875
0.671875 0.6875
0.6875 0.6875
0.6875 0.703125
0.703125 0.71875
0.6875 0.71875
0.71875 0.71875
0.75 0.71875
0.734375 0.71875
0.734375 0.734375
0.71875 0.734375
0.75 0.734375
0.734375 0.75
0.71875 0.75
0.703125 0.734375
0.703125 0.75
0.6875 0.734375
0.6875 0.75
0.671875 0.734375
0.671875 0.75
0.65625 0.734375
0.65625 0.75
0.65625 0.71875
0.671875 0.71875
0.671875 0.703125
0.65625 0.703125
0.640625 0.703125
0.640625 0.71875
0.625 0.703125
0.625 0.71875
0.640625 0.734375
0.625 0.734375
0.640625 0.75
0.625 0.75
0.6171875 0.7421875
0.625 0.7421875
0.6171875 0.75
0.609375 0.7421875
0.609375 0.75
0.609375 0.734375
0.6171875 0.734375
0.609375 0.71875
0.59375 0.71875
0.59375 0.734375
0.59375 0.75
0.578125 0.734375
0.578125 0.75
0.5625 0.734375
0.5625 0.75
0.5625 0.71875
0.578125 0.71875
0.578125 0.703125
0.59375 0.703125
0.5625 0.703125
0.5625 0.6875
0.578125 0.6875
0.59375 0.6875
0.609375 0.6875
0.609375 0.703125
0.609375 0.671875
0.59375 0.671875
0.59375 0.65625
0.609375 0.65625
0.609375 0.640625
0.59375 0.640625
0.578125 0.640625
0.578125 0.65625
0.5625 0.640625
0.5625 0.65625
0.578125 0.671875
0.5625 0.671875
0.546875 0.671875
0.546875 0.6875
0.53125 0.671875
0.53125 0.6875
0.53125 0.65625
0.546875 0.65625
0.546875 0.640625
0.53125 0.640625
0.515625 0.640625
0.515625 0.65625
0.515625 0.671875
0.515625 0.6875
0.515625 0.703125
0.515625 0.71875
0.53125 0.703125
0.53125 0.71875
0.546875 0.703125
0.546875 0.71875
0.546875 0.734375
0.53125 0.734375
0.546875 0.75
0.53125 0.75
0.515625 0.734375
0.515625 0.75
0.515625 0.765625
0.53125 0.765625
0.53125 0.78125
0.515625 0.78125
0.53125 0.8125
0.5625 0.78125
0.5625 0.8125
0.546875 0.765625
0.5625 0.765625
0.546875 0.78125
0.59375 0.78125
0.609375 0.765625
0.59375 0.765625
0.625 0.765625
0.625 0.78125
0.609375 0.78125
0.609375 0.796875
0.59375 0.796875
0.625 0.796875
0.625 0.8125
0.609375 0.8125
0.59375 0.8125
0.59375 0.84375
0.5625 0.84375
0.625 0.84375
0.625 0.875
0.59375 0.875
0.5625 0.875
0.53125 0.84375
0.53125 0.875
0.53125 0.90625
0.5625 0.90625
0.5625 0.9375
0.53125 0.9375
0.53125 0.96875
0.53125 1
0.5625 0.96875
0.5625 1
0.59375 0.9375
0.59375 0.96875
0.59375 1
0.625 0.96875
0.625 1
0.625 0.9375
0.59375 0.90625
0.625 0.90625
0.609375 0.875
0.609375 0.890625
0.59375 0.890625
0.609375 0.90625
0.625 0.890625
0.640625 0.875
0.640625 0.890625
0.640625 0.90625
0.65625 0.890625
0.65625 0.90625
0.65625 0.875
0.671875 0.875
0.671875 0.890625
0.6875 0.875
0.6875 0.890625
0.6875 0.90625
0.671875 0.90625
0.671875 0.921875
0.65625 0.921875
0.6875 0.921875
0.6875 0.9375
0.671875 0.9375
0.65625 0.9375
0.65625 0.96875
0.65625 1
0.6875 0.96875
0.6875 1
0.71875 0.9375
0.71875 0.96875
0.71875 1
0.75 0.96875
0.75 0.9375
0.71875 0.90625
0.75 0.90625
0.703125 0.890625
0.71875 0.890625
0.703125 0.90625
0.703125 0.875
0.71875 0.875
0.75 0.875
0.734375 0.859375
0.75 0.859375
0.734375 0.875
0.71875 0.859375
0.71875 0.84375
0.734375 0.84375
0.75 0.84375
0.734375 0.828125
0.75 0.828125
0.734375 0.8125
0.75 0.8125
0.71875 0.8125
0.71875 0.828125
0.7265625 0.828125
0.7265625 0.8359375
0.71875 0.8359375
0.734375 0.8359375
0.7265625 0.84375
0.703125 0.828125
0.703125 0.84375
0.703125 0.8125
0.6875 0.8125
0.6875 0.828125
0.6875 0.84375
0.703125 0.859375
0.6875 0.859375
0.671875 0.859375
0.671875 0.84375
