MFEM mesh v1.0

#
# MFEM Geometry Types (see mesh/geom.hpp):
#
# POINT       = 0
# SEGMENT     = 1
# TRIANGLE    = 2
# SQUARE      = 3
# TETRAHEDRON = 4
# CUBE        = 5
# PRISM       = 6
#

dimension
2

elements
19
1 3 9 8 10 11
1 3 7 6 11 0
1 3 0 11 12 13
1 3 13 12 14 3
1 3 12 15 4 14
1 3 16 17 15 18
1 3 19 16 18 12
1 3 11 10 16 19
1 3 10 1 17 16
1 3 1 20 21 15
1 3 15 21 22 4
1 3 21 23 5 22
1 3 24 25 23 26
1 3 27 24 26 21
1 3 20 28 24 27
1 3 28 2 25 24
1 3 29 30 2 28
1 3 31 32 30 29
1 3 33 31 29 34

boundary
23
3 1 14 3
3 1 4 14
3 1 22 4
2 1 23 5
3 1 5 22
2 1 25 23
2 1 2 25
2 1 30 2
2 1 32 30
18 1 9 8
18 1 8 10
18 1 7 6
18 1 10 1
18 1 20 28
18 1 28 29
18 1 31 32
18 1 33 31
18 1 29 34
18 1 34 33
18 1 1 20
18 1 13 0
18 1 3 13
18 1 0 7

vertices
35
2
1.75 0.375
1.875 0.375
2 0.375
1.75 0.5
1.875 0.5
2 0.5
1.8125 0.3125
1.75 0.3125
1.84375 0.34375
1.8125 0.34375
1.84375 0.375
1.8125 0.375
1.8125 0.4375
1.75 0.4375
1.8125 0.5
1.875 0.4375
1.84375 0.40625
1.875 0.40625
1.84375 0.4375
1.8125 0.40625
1.9375 0.375
1.9375 0.4375
1.9375 0.5
2 0.4375
1.96875 0.40625
2 0.40625
1.96875 0.4375
1.9375 0.40625
1.96875 0.375
1.96875 0.34375
2 0.34375
1.96875 0.3125
2 0.3125
1.9375 0.3125
1.9375 0.34375
