MFEM mesh v1.0

#
# MFEM Geometry Types (see mesh/geom.hpp):
#
# POINT       = 0
# SEGMENT     = 1
# TRIANGLE    = 2
# SQUARE      = 3
# TETRAHEDRON = 4
# CUBE        = 5
# PRISM       = 6
#

dimension
2

elements
19
1 3 5 6 11 10
1 3 0 1 6 5
1 3 1 2 7 6
1 3 2 3 8 7
1 3 3 4 9 8
1 3 8 9 14 13
1 3 7 8 13 12
1 3 12 13 17 16
1 3 16 17 21 20
1 3 17 18 22 21
1 3 13 14 18 17
1 3 14 23 24 25
1 3 23 26 27 28
1 3 26 15 29 27
1 3 27 29 30 31
1 3 28 27 31 24
1 3 24 31 32 33
1 3 31 30 34 32
1 3 32 34 19 35

boundary
29
1 1 0 1
1 1 1 2
1 1 2 3
1 1 3 4
3 1 21 20
3 1 22 21
17 1 6 11
17 1 11 10
17 1 10 5
17 1 5 0
17 1 7 6
17 1 9 14
17 1 12 7
17 1 16 12
17 1 20 16
17 1 24 25
17 1 15 29
17 1 29 30
17 1 32 33
17 1 30 34
17 1 34 19
17 1 19 35
17 1 35 32
17 1 4 9
17 1 18 22
17 1 33 24
17 1 26 15
17 1 23 26
17 1 14 23

vertices
36
2
1.25 0
1.375 0
1.5 0
1.625 0
1.75 0
1.25 0.125
1.375 0.125
1.5 0.125
1.625 0.125
1.75 0.125
1.25 0.25
1.375 0.25
1.5 0.25
1.625 0.25
1.75 0.25
1.875 0.25
1.5 0.375
1.625 0.375
1.75 0.375
1.875 0.375
1.5 0.5
1.625 0.5
1.75 0.5
1.8125 0.25
1.8125 0.3125
1.75 0.3125
1.84375 0.25
1.84375 0.28125
1.8125 0.28125
1.875 0.28125
1.875 0.3125
1.84375 0.3125
1.84375 0.34375
1.8125 0.34375
1.875 0.34375
1.84375 0.375
