FiniteElementSpace
FiniteElementCollection: L2_2D_P3
VDim: 1
Ordering: 0

7.6410806e+16
7.6337048e+16
7.6240553e+16
7.6166419e+16
7.6410807e+16
7.6337049e+16
7.6240552e+16
7.6166419e+16
7.6410808e+16
7.6337049e+16
7.6240552e+16
7.6166419e+16
7.6410808e+16
7.633705e+16
7.6240552e+16
7.6166419e+16
7.6691977e+16
7.6619023e+16
7.6523496e+16
7.6450035e+16
7.6691977e+16
7.6619022e+16
7.6523496e+16
7.6450036e+16
7.6691976e+16
7.6619021e+16
7.6523495e+16
7.6450036e+16
7.6691976e+16
7.6619021e+16
7.6523495e+16
7.6450036e+16
7.6691976e+16
7.6619021e+16
7.6523495e+16
7.6450036e+16
7.6691975e+16
7.661902e+16
7.6523495e+16
7.6450036e+16
7.6691973e+16
7.6619018e+16
7.6523493e+16
7.6450036e+16
7.6691972e+16
7.6619017e+16
7.6523492e+16
7.6450035e+16
7.7224124e+16
7.7082067e+16
7.6894876e+16
7.675012e+16
7.7224125e+16
7.7082067e+16
7.6894876e+16
7.6750119e+16
7.7224125e+16
7.7082068e+16
7.6894876e+16
7.6750118e+16
7.7224125e+16
7.7082069e+16
7.6894877e+16
7.6750117e+16
7.7224124e+16
7.7082067e+16
7.6894876e+16
7.675012e+16
7.7224124e+16
7.7082067e+16
7.6894876e+16
7.675012e+16
7.7224124e+16
7.7082067e+16
7.6894876e+16
7.675012e+16
7.7224124e+16
7.7082067e+16
7.6894876e+16
7.675012e+16
7.6672562e+16
7.6526303e+16
7.633422e+16
7.6186187e+16
7.6672562e+16
7.6526303e+16
7.633422e+16
7.6186187e+16
7.6672562e+16
7.6526303e+16
7.633422e+16
7.6186187e+16
7.6672561e+16
7.6526303e+16
7.6334221e+16
7.6186187e+16
7.6107072e+16
7.5958181e+16
7.5763247e+16
7.5613559e+16
7.6107072e+16
7.5958181e+16
7.5763247e+16
7.5613559e+16
7.6107072e+16
7.5958181e+16
7.5763247e+16
7.5613559e+16
7.6107071e+16
7.5958181e+16
7.5763246e+16
7.561356e+16
7.553377e+16
7.5384152e+16
7.5189159e+16
7.5039791e+16
7.553377e+16
7.5384152e+16
7.5189159e+16
7.5039791e+16
7.553377e+16
7.5384152e+16
7.5189159e+16
7.5039791e+16
7.553377e+16
7.5384152e+16
7.5189158e+16
7.5039792e+16
7.5553718e+16
7.5478875e+16
7.5381288e+16
7.5306541e+16
7.5553719e+16
7.5478876e+16
7.5381287e+16
7.5306539e+16
7.555372e+16
7.5478877e+16
7.5381286e+16
7.5306538e+16
7.555372e+16
7.5478877e+16
7.5381286e+16
7.5306538e+16
7.5266722e+16
7.5192018e+16
7.5094572e+16
7.5019895e+16
7.5266721e+16
7.5192018e+16
7.5094573e+16
7.5019895e+16
7.526672e+16
7.5192019e+16
7.5094574e+16
7.5019896e+16
7.526672e+16
7.5192019e+16
7.5094574e+16
7.5019896e+16
7.526672e+16
7.5192019e+16
7.5094574e+16
7.5019896e+16
7.526672e+16
7.5192019e+16
7.5094574e+16
7.5019896e+16
7.5266721e+16
7.5192018e+16
7.5094573e+16
7.5019895e+16
7.5266721e+16
7.5192018e+16
7.5094573e+16
7.5019895e+16
7.555372e+16
7.5478877e+16
7.5381286e+16
7.5306538e+16
7.555372e+16
7.5478877e+16
7.5381286e+16
7.5306538e+16
7.5553719e+16
7.5478876e+16
7.5381286e+16
7.5306539e+16
7.5553718e+16
7.5478874e+16
7.5381287e+16
7.530654e+16
7.5840878e+16
7.5766106e+16
7.5668473e+16
7.5593614e+16
7.5840878e+16
7.5766106e+16
7.5668473e+16
7.5593614e+16
7.5840878e+16
7.5766106e+16
7.5668473e+16
7.5593614e+16
7.5840877e+16
7.5766107e+16
7.5668475e+16
7.5593614e+16
7.5840878e+16
7.5766107e+16
7.5668474e+16
7.5593613e+16
7.5840878e+16
7.5766106e+16
7.5668473e+16
7.5593614e+16
7.5840878e+16
7.5766106e+16
7.5668473e+16
7.5593614e+16
7.5840878e+16
7.5766106e+16
7.5668473e+16
7.5593614e+16
7.6126862e+16
7.6052526e+16
7.5955328e+16
7.5880692e+16
7.6126862e+16
7.6052525e+16
7.5955329e+16
7.5880693e+16
7.6126861e+16
7.6052525e+16
7.5955329e+16
7.5880694e+16
7.6126861e+16
7.6052525e+16
7.5955329e+16
7.5880694e+16
7.6126862e+16
7.6052525e+16
7.5955329e+16
7.5880694e+16
7.6126862e+16
7.6052525e+16
7.5955329e+16
7.5880694e+16
7.6126863e+16
7.6052525e+16
7.5955328e+16
7.5880693e+16
7.6126863e+16
7.6052526e+16
7.5955327e+16
7.5880691e+16
