FiniteElementSpace
FiniteElementCollection: L2_2D_P3
VDim: 1
Ordering: 0

7.559364e+16
7.5668487e+16
7.5766103e+16
7.5840863e+16
7.5593639e+16
7.5668486e+16
7.5766102e+16
7.5840863e+16
7.5593638e+16
7.5668484e+16
7.5766101e+16
7.5840862e+16
7.5593637e+16
7.5668483e+16
7.5766101e+16
7.5840862e+16
7.5593636e+16
7.5668483e+16
7.57661e+16
7.5840862e+16
7.5593633e+16
7.5668481e+16
7.57661e+16
7.5840862e+16
7.5593628e+16
7.5668478e+16
7.5766099e+16
7.5840864e+16
7.5593621e+16
7.5668474e+16
7.57661e+16
7.5840867e+16
7.5870723e+16
7.590806e+16
7.5956736e+16
7.5994011e+16
7.5870723e+16
7.590806e+16
7.5956736e+16
7.5994012e+16
7.5870724e+16
7.590806e+16
7.5956736e+16
7.5994012e+16
7.5870724e+16
7.5908061e+16
7.5956737e+16
7.5994013e+16
7.5870724e+16
7.5908061e+16
7.5956737e+16
7.5994013e+16
7.5870725e+16
7.5908062e+16
7.5956739e+16
7.5994014e+16
7.5870727e+16
7.5908065e+16
7.5956741e+16
7.5994016e+16
7.587073e+16
7.5908067e+16
7.5956743e+16
7.5994018e+16
7.6013865e+16
7.6051092e+16
7.609961e+16
7.6136754e+16
7.6013866e+16
7.6051092e+16
7.609961e+16
7.6136754e+16
7.6013867e+16
7.6051093e+16
7.6099609e+16
7.6136752e+16
7.6013869e+16
7.6051094e+16
7.6099609e+16
7.6136751e+16
7.6013863e+16
7.6051091e+16
7.609961e+16
7.6136755e+16
7.6013864e+16
7.6051091e+16
7.609961e+16
7.6136755e+16
7.6013864e+16
7.6051091e+16
7.609961e+16
7.6136754e+16
7.6013864e+16
7.6051091e+16
7.609961e+16
7.6136754e+16
7.5880674e+16
7.5955308e+16
7.6052515e+16
7.6126862e+16
7.5880674e+16
7.5955308e+16
7.6052515e+16
7.6126862e+16
7.5880674e+16
7.5955308e+16
7.6052515e+16
7.6126861e+16
7.5880674e+16
7.5955309e+16
7.6052515e+16
7.6126861e+16
7.5613585e+16
7.5763243e+16
7.5958162e+16
7.6107068e+16
7.5613585e+16
7.5763243e+16
7.5958162e+16
7.6107068e+16
7.5613585e+16
7.5763243e+16
7.5958162e+16
7.6107067e+16
7.5613584e+16
7.5763242e+16
7.5958162e+16
7.6107067e+16
7.6186188e+16
7.6334214e+16
7.6526298e+16
7.6672559e+16
7.6186188e+16
7.6334213e+16
7.6526298e+16
7.6672559e+16
7.6186188e+16
7.6334213e+16
7.6526297e+16
7.6672559e+16
7.6186188e+16
7.6334213e+16
7.6526297e+16
7.6672558e+16
7.6750118e+16
7.6894874e+16
7.7082064e+16
7.7224121e+16
7.6750118e+16
7.6894874e+16
7.7082064e+16
7.7224121e+16
7.6750117e+16
7.6894874e+16
7.7082064e+16
7.7224121e+16
7.6750117e+16
7.6894874e+16
7.7082063e+16
7.7224121e+16
7.6750117e+16
7.6894874e+16
7.7082063e+16
7.7224121e+16
7.6750117e+16
7.6894874e+16
7.7082063e+16
7.7224121e+16
7.6750117e+16
7.6894874e+16
7.7082063e+16
7.7224121e+16
7.6750117e+16
7.6894873e+16
7.7082062e+16
7.722412e+16
7.6450028e+16
7.652349e+16
7.6619019e+16
7.6691973e+16
7.6450028e+16
7.652349e+16
7.6619019e+16
7.6691974e+16
7.6450028e+16
7.6523491e+16
7.6619019e+16
7.6691974e+16
7.6450028e+16
7.6523492e+16
7.661902e+16
7.6691975e+16
7.6450027e+16
7.652349e+16
7.6619019e+16
7.6691974e+16
7.6450028e+16
7.652349e+16
7.6619019e+16
7.6691974e+16
7.6450028e+16
7.652349e+16
7.6619019e+16
7.6691973e+16
7.6450028e+16
7.652349e+16
7.6619019e+16
7.6691973e+16
7.6166421e+16
7.624055e+16
7.633704e+16
7.6410797e+16
7.6166421e+16
7.624055e+16
7.633704e+16
7.6410797e+16
7.6166421e+16
7.6240549e+16
7.633704e+16
7.6410798e+16
7.6166421e+16
7.6240549e+16
7.6337039e+16
7.6410798e+16
7.616642e+16
7.6240549e+16
7.6337039e+16
7.6410798e+16
7.616642e+16
7.6240549e+16
7.6337039e+16
7.6410797e+16
7.6166419e+16
7.6240547e+16
7.6337038e+16
7.6410797e+16
7.6166416e+16
7.6240545e+16
7.6337038e+16
7.6410798e+16
7.6151584e+16
7.6170136e+16
7.6194328e+16
7.621286e+16
7.6151583e+16
7.6170134e+16
7.6194327e+16
7.6212859e+16
7.6151582e+16
7.6170133e+16
7.6194325e+16
7.6212858e+16
7.6151581e+16
7.6170132e+16
7.6194325e+16
7.6212857e+16
7.6151581e+16
7.6170132e+16
7.6194324e+16
7.6212857e+16
7.6151581e+16
7.6170131e+16
7.6194324e+16
7.6212857e+16
7.615158e+16
7.6170131e+16
7.6194323e+16
7.6212856e+16
7.615158e+16
7.6170131e+16
7.6194323e+16
7.6212856e+16
7.622273e+16
7.6241249e+16
7.6265398e+16
7.6283896e+16
7.6222729e+16
7.6241249e+16
7.6265398e+16
7.6283896e+16
7.6222729e+16
7.6241249e+16
7.6265398e+16
7.6283896e+16
7.6222729e+16
7.6241248e+16
7.6265397e+16
7.6283895e+16
7.6222733e+16
7.6241252e+16
7.62654e+16
7.6283898e+16
7.6222732e+16
7.6241251e+16
7.62654e+16
7.6283897e+16
7.6222731e+16
7.624125e+16
7.6265399e+16
7.6283897e+16
7.622273e+16
7.624125e+16
7.6265399e+16
7.6283896e+16
