FiniteElementSpace
FiniteElementCollection: L2_2D_P5
VDim: 1
Ordering: 0

0.50329403
0.50990652
0.52002738
0.53118776
0.54082702
0.54689208
0.50990652
0.51660587
0.52685968
0.53816669
0.5479326
0.55407735
0.52002739
0.52685969
0.53731701
0.54884845
0.55880821
0.56507493
0.53118776
0.53816669
0.54884845
0.56062738
0.5708009
0.57720211
0.54082702
0.5479326
0.55880821
0.5708009
0.58115903
0.58767641
0.54689208
0.55407735
0.56507493
0.57720211
0.58767641
0.59426689
0.5498758
0.55579523
0.56482025
0.57471997
0.58322297
0.58854902
0.55710027
0.56309747
0.57224107
0.58227086
0.59088559
0.59628162
0.56815785
0.57427409
0.58359919
0.59382807
0.60261379
0.60811693
0.58035119
0.58659871
0.59612395
0.60657236
0.61554663
0.62116787
0.59088265
0.59724354
0.60694164
0.61757965
0.62671678
0.63244003
0.59750908
0.6039413
0.61374816
0.62450548
0.63374508
0.63953251
0.60076896
0.60723628
0.61709664
0.62791265
0.63720266
0.64302166
0.60723628
0.61377322
0.62373973
0.63467217
0.64406219
0.64994384
0.61709664
0.62373973
0.63386808
0.64497805
0.65452054
0.6604977
0.62791265
0.63467217
0.64497805
0.65628274
0.66599249
0.67207442
0.63720266
0.64406219
0.65452054
0.66599249
0.6758459
0.68201781
0.64302166
0.64994384
0.6604977
0.67207442
0.68201781
0.68824609
0.54987579
0.55710027
0.56815785
0.5803512
0.59088265
0.59750908
0.55579522
0.56309747
0.57427409
0.58659871
0.59724354
0.6039413
0.56482025
0.57224108
0.5835992
0.59612395
0.60694164
0.61374816
0.57471998
0.58227087
0.59382808
0.60657236
0.61757965
0.62450548
0.58322298
0.5908856
0.60261379
0.61554663
0.62671678
0.63374508
0.58854903
0.59628163
0.60811693
0.62116787
0.63244003
0.63953251
0.59116203
0.59892895
0.6108168
0.62392569
0.6352479
0.64237186
0.59633143
0.60416627
0.61615808
0.6293816
0.64080281
0.64798908
0.60417374
0.61211162
0.62426113
0.63765856
0.64922997
0.65651074
0.61271745
0.62076758
0.63308891
0.64667579
0.65841084
0.66579457
0.62000228
0.62814813
0.64061595
0.65436437
0.66623895
0.67371047
0.62453802
0.63274346
0.64530249
0.65915149
0.67111294
0.67863912
0.62675513
0.6349897
0.64759331
0.66149148
0.67349539
0.68104829
0.63112471
0.63941669
0.65210817
0.66610324
0.67819083
0.68579639
0.63770875
0.64608724
0.65891112
0.67305219
0.68526589
0.69295079
0.64481416
0.653286
0.66625277
0.6805514
0.69290119
0.70067171
0.65081066
0.65936129
0.67244865
0.68688025
0.69934488
0.70718767
0.65451239
0.66311165
0.67627345
0.69078714
0.70332267
0.71121007
0.68476395
0.69213549
0.70337447
0.71570269
0.72629156
0.73292414
0.68953796
0.69696089
0.70827822
0.72069239
0.73135508
0.7380339
0.69673139
0.70423175
0.71566715
0.72821083
0.73898475
0.74573325
0.70449443
0.71207837
0.72364118
0.73632462
0.7472186
0.75404229
0.71104594
0.7187004
0.73037073
0.74317213
0.75416742
0.76105457
0.71509028
0.72278828
0.73452499
0.7473992
0.75845704
0.76538336
0.64587651
0.65282942
0.66343013
0.67505825
0.6850458
0.69130172
0.65152437
0.65853808
0.66923149
0.6809613
0.69103617
0.6973468
0.66009253
0.66719847
0.67803252
0.68991658
0.70012395
0.70651757
0.66942701
0.67663344
0.6876207
0.69967281
0.71002452
0.71650855
0.67738609
0.68467821
0.6957961
0.7079915
0.71846628
0.7250274
0.68234164
0.6896871
0.70088632
0.71317094
0.72372235
0.73033146
0.69437092
0.70044284
0.70965432
0.71968966
0.72824633
0.73357394
0.70044284
0.70656785
0.71585988
0.72598297
0.73461446
0.73998867
0.70965432
0.71585988
0.72527411
0.73553032
0.74427533
0.74972021
0.71968965
0.72598297
0.73553032
0.74593158
0.75480026
0.76032214
0.72824632
0.73461446
0.74427533
0.75480026
0.76377438
0.76936192
0.73357394
0.73998866
0.74972021
0.76032214
0.76936192
0.77499033
0.73617812
0.74261563
0.75238172
0.76302128
0.77209316
0.77774155
0.74131058
0.74779296
0.75762714
0.76834088
0.77747601
0.78316378
0.74904411
0.75559412
0.7655309
0.77635641
0.78558683
0.79133394
0.75739004
0.76401303
0.77406053
0.78500666
0.79433992
0.80015106
0.76443345
0.77111804
0.78125897
0.7923069
0.80172695
0.80759213
0.76878146
0.77550407
0.78570269
0.79681345
0.80628708
0.81218562
0.78050254
0.78594401
0.79414317
0.8029916
0.81045908
0.81506888
0.78594401
0.79142342
0.79967975
0.80858986
0.81610941
0.82075134
0.79414317
0.79967975
0.8080222
0.81702526
0.82462326
0.82931362
0.8029916
0.80858986
0.81702526
0.82612864
0.8338113
0.83855392
0.81045908
0.8161094
0.82462326
0.8338113
0.84156539
0.84635212
0.81506888
0.82075134
0.82931362
0.83855392
0.84635212
0.85116607
0.73617813
0.74131058
0.74904411
0.75739004
0.76443345
0.76878146
0.74261563
0.74779296
0.75559412
0.76401303
0.77111804
0.77550407
0.75238172
0.75762714
0.7655309
0.77406053
0.78125897
0.78570269
0.76302128
0.76834089
0.77635641
0.78500666
0.7923069
0.79681345
0.77209316
0.77747601
0.78558683
0.79433992
0.80172695
0.80628708
0.77774155
0.78316378
0.79133394
0.80015106
0.80759213
0.81218562
0.68476395
0.68953796
0.69673139
0.70449444
0.71104594
0.71509029
0.69213549
0.69696089
0.70423176
0.71207838
0.7187004
0.72278828
0.70337447
0.70827823
0.71566715
0.72364118
0.73037073
0.73452499
0.7157027
0.7206924
0.72821083
0.73632462
0.74317213
0.74739921
0.72629156
0.73135508
0.73898476
0.7472186
0.75416742
0.75845704
0.73292414
0.7380339
0.74573325
0.75404229
0.76105457
0.76538336
0.64587651
0.65152437
0.66009252
0.66942701
0.6773861
0.68234164
0.65282941
0.65853807
0.66719847
0.67663344
0.68467821
0.6896871
0.66343013
0.66923149
0.67803252
0.6876207
0.6957961
0.70088633
0.67505825
0.6809613
0.68991658
0.69967282
0.7079915
0.71317094
0.6850458
0.69103617
0.70012395
0.71002452
0.71846628
0.72372235
0.69130172
0.6973468
0.70651757
0.71650855
0.7250274
0.73033146
0.59116202
0.59633143
0.60417374
0.61271745
0.62000228
0.62453802
0.59892895
0.60416627
0.61211162
0.62076759
0.62814813
0.63274346
0.6108168
0.61615808
0.62426113
0.63308891
0.64061595
0.64530249
0.62392569
0.6293816
0.63765856
0.64667579
0.65436437
0.65915149
0.6352479
0.64080281
0.64922997
0.65841083
0.66623894
0.67111294
0.64237186
0.64798907
0.65651074
0.66579457
0.67371047
0.67863912
0.62675513
0.63112471
0.63770875
0.64481416
0.65081066
0.65451239
0.6349897
0.63941669
0.64608724
0.653286
0.65936129
0.66311165
0.64759331
0.65210817
0.65891112
0.66625277
0.67244865
0.67627346
0.66149148
0.66610324
0.67305219
0.68055141
0.68688025
0.69078715
0.67349539
0.67819084
0.68526589
0.6929012
0.69934489
0.70332268
0.68104829
0.6857964
0.6929508
0.70067172
0.70718768
0.71121007
0.65631226
0.65983993
0.6651023
0.67070097
0.67535139
0.67818347
0.66493517
0.66850919
0.6738407
0.67951293
0.68422445
0.68709373
0.67813317
0.68177813
0.68721546
0.69300028
0.6978053
0.70073154
0.69268677
0.69640996
0.70196397
0.70787294
0.71278109
0.71577013
0.70525677
0.70904752
0.71470232
0.72071851
0.72571573
0.72875901
0.71316585
0.71699911
0.72271733
0.72880099
0.73385425
0.73693166
0.71705674
0.72091091
0.72666033
0.73277718
0.73785801
0.74095221
0.7247759
0.72867156
0.73448288
0.74066558
0.7458011
0.74892861
0.73654489
0.74050381
0.74640949
0.75269259
0.75791151
0.76108981
0.74945451
0.75348282
0.75949201
0.76588524
0.77119563
0.77442964
0.76054275
0.76463066
0.77072876
0.77721658
0.78260554
0.78588739
0.76748812
0.77161336
0.77776715
0.78431421
0.78975238
0.7930642
0.74244386
0.74534108
0.74959113
0.75400288
0.75756411
0.75967836
0.75043633
0.75336474
0.75766054
0.76211978
0.76571935
0.76785636
0.762622
0.76559797
0.76996352
0.77449518
0.77815319
0.78032491
0.77598869
0.77901681
0.78345888
0.78806996
0.79179209
0.79400187
0.7874695
0.79054243
0.79505022
0.79972952
0.80350672
0.80574919
0.79466077
0.79776176
0.80231071
0.80703275
0.81084444
0.81310739
0.67954876
0.68220055
0.68609055
0.69012857
0.69338811
0.69532326
0.68847696
0.69116359
0.69510471
0.69919577
0.70249814
0.70445871
0.70214223
0.70488218
0.70890152
0.71307379
0.7164417
0.71844119
0.71721108
0.72000984
0.72411544
0.72837725
0.73181744
0.73385985
0.73022612
0.73307566
0.73725577
0.74159492
0.74509754
0.747177
0.73841522
0.74129672
0.7455237
0.74991152
0.75345342
0.7555562
0.69624082
0.69799119
0.70047137
0.70290984
0.70474711
0.7057667
0.70538833
0.7071617
0.70967447
0.71214497
0.71400638
0.71503936
0.71938926
0.72119782
0.72376047
0.72628001
0.72817837
0.72923185
0.73482826
0.73667564
0.73929328
0.7418669
0.743806
0.74488209
0.748163
0.7500439
0.75270904
0.75532936
0.75730365
0.75839927
0.75655325
0.75845525
0.76115028
0.76379999
0.76579642
0.76690433
0.7062277
0.70705979
0.70810627
0.70892171
0.70931902
0.70941322
0.71550642
0.71634945
0.71740967
0.71823583
0.71863836
0.7187338
0.72970818
0.73056794
0.73164921
0.73249176
0.73290228
0.73299962
0.74536865
0.74624685
0.74735133
0.74821196
0.7486313
0.74873072
0.75889465
0.7597888
0.76091331
0.76178957
0.76221651
0.76231774
0.76740526
0.76830943
0.76944656
0.77033264
0.77076437
0.77086673
0.77159207
0.77250117
0.7736445
0.77453542
0.7749695
0.77507242
0.77989832
0.78081721
0.78197285
0.78287335
0.78331211
0.78341614
0.7925624
0.79349621
0.79467062
0.79558575
0.79603163
0.79613735
0.80645386
0.80740403
0.80859902
0.80953019
0.80998389
0.81009146
0.8183854
0.81934964
0.82056231
0.82150725
0.82196766
0.82207682
0.825859
0.82683204
0.82805578
0.82900936
0.82947397
0.82958413
0.76068085
0.76259323
0.76530296
0.76796713
0.76997445
0.7710884
0.76886964
0.7708026
0.77354151
0.77623435
0.77826328
0.77938923
0.78135464
0.78331899
0.78610237
0.78883894
0.79090082
0.79204504
0.79504966
0.79704843
0.7998806
0.80266513
0.80476315
0.80592743
0.80681248
0.80884083
0.8117149
0.81454063
0.81666968
0.81785119
0.81418039
0.81622726
0.81912757
0.82197911
0.82412761
0.8253199
0.81779513
0.81985109
0.82276429
0.82562848
0.82778652
0.82898411
0.82494634
0.82702028
0.82995894
0.83284818
0.83502509
0.83623315
0.83579516
0.83789637
0.84087368
0.84380092
0.84600646
0.84723041
0.84761429
0.84974521
0.85276462
0.85573325
0.85796998
0.85921123
0.85769191
0.85984817
0.86290348
0.8659074
0.86817072
0.86942674
0.86396651
0.86613854
0.8692162
0.8722421
0.87452198
0.87578718
0.82952559
0.83050296
0.83173213
0.83268994
0.83315662
0.83326726
0.83677937
0.83776528
0.83900521
0.83997139
0.84044215
0.84055376
0.84778381
0.84878269
0.85003892
0.8510178
0.85149475
0.85160783
0.85977246
0.86078546
0.86205946
0.86305219
0.86353588
0.86365056
0.86999464
0.87101968
0.87230882
0.87331336
0.8738028
0.87391885
0.87635924
0.87739178
0.87869035
0.87970224
0.88019526
0.88031215
0.87947031
0.88050652
0.8818097
0.88282518
0.88331995
0.88343726
0.88560176
0.88664519
0.88795746
0.88898001
0.88947824
0.88959637
0.89484057
0.89589489
0.89722084
0.89825407
0.89875749
0.89887685
0.90481097
0.90587703
0.90721776
0.9082625
0.90877153
0.90889222
0.91322532
0.9143013
0.9156545
0.91670895
0.91722272
0.91734453
0.91841964
0.91950174
0.92086264
0.92192308
0.92243977
0.92256228
0.86703359
0.86921333
0.87230192
0.87533856
0.87762653
0.87889622
0.87307833
0.87527327
0.87838339
0.8814412
0.88374512
0.88502367
0.88218649
0.88440433
0.88754689
0.89063661
0.89296456
0.89425645
0.89201589
0.89425844
0.89743602
0.90056016
0.90291405
0.90422033
0.90031126
0.90257467
0.9057818
0.90893499
0.91131077
0.9126292
0.90543212
0.9077084
0.91093377
0.9141049
0.9164942
0.91782013
0.84624685
0.84954914
0.85439339
0.85942196
0.86348108
0.86589094
0.85214667
0.85547199
0.86035001
0.86541364
0.86950106
0.87192771
0.86103647
0.86439648
0.86932539
0.87444184
0.8785719
0.88102387
0.87063022
0.87402766
0.87901149
0.88418495
0.88836103
0.89084032
0.87872671
0.88215575
0.88718592
0.89240749
0.89662241
0.89912476
0.8837248
0.88717334
0.89223213
0.89748339
0.90172229
0.90423887
0.79818885
0.80130361
0.80587276
0.81061576
0.81444437
0.81671738
0.80516861
0.8083106
0.81291971
0.81770418
0.82156627
0.82385915
0.81575734
0.81894065
0.82361037
0.82845777
0.83237065
0.83469368
0.8272931
0.83052143
0.83525719
0.84017313
0.84414135
0.84649723
0.83712912
0.84039584
0.8451879
0.85016229
0.85417768
0.85656157
0.84325329
0.8465439
0.85137102
0.8563818
0.86042657
0.8628279
0.77089556
0.77503912
0.78122023
0.78779636
0.79325868
0.7965852
0.77763666
0.78181645
0.78805161
0.79468524
0.80019532
0.80355093
0.78786332
0.79209808
0.79841523
0.80513611
0.81071865
0.81411839
0.79900463
0.80329927
0.80970576
0.81652167
0.82218316
0.82563098
0.80850432
0.81285002
0.81933268
0.82622963
0.83195843
0.83544724
0.81441908
0.81879657
0.82532666
0.83227406
0.83804477
0.8415591
0.81731027
0.8217033
0.82825657
0.83522864
0.84101983
0.84454664
0.82300835
0.82743202
0.83403097
0.84105165
0.84688321
0.85043461
0.83159418
0.83606399
0.84273179
0.84982571
0.85571811
0.85930656
0.84085989
0.8453795
0.85212159
0.85929455
0.8652526
0.86888103
0.84867954
0.85324118
0.86004596
0.86728562
0.87329908
0.87696125
0.85350673
0.85809432
0.8649378
0.87221864
0.8782663
0.8819493
0.85585382
0.86045402
0.86731632
0.87461718
0.88068148
0.8843746
0.86045402
0.86507895
0.87197814
0.87931824
0.88541513
0.8891281
0.86731633
0.87197814
0.87893235
0.88633099
0.8924765
0.89621909
0.87461718
0.87931824
0.88633099
0.8937919
0.89998915
0.90376324
0.88068148
0.88541513
0.8924765
0.89998915
0.90622936
0.91002963
0.8843746
0.8891281
0.89621909
0.90376324
0.91002963
0.91384582
0.88615499
0.89091806
0.89802332
0.90558266
0.91186166
0.91568554
0.88961301
0.89439467
0.90152765
0.90911649
0.91542
0.9192588
0.89468571
0.89949463
0.90666829
0.9143004
0.92063985
0.92450054
0.89995142
0.90478864
0.91200452
0.91968156
0.92605831
0.92994173
0.90420196
0.90906204
0.916312
0.92402529
0.93043217
0.93433392
0.90672546
0.9115991
0.9188693
0.92660412
0.93302887
0.93694152
0.91752896
0.92110941
0.92636171
0.93181385
0.93621489
0.93882773
0.92110941
0.92470383
0.92997663
0.93545005
0.93986826
0.9424913
0.92636171
0.92997663
0.93527949
0.94078412
0.94522753
0.94786553
0.93181385
0.93545005
0.94078412
0.94632115
0.95079071
0.95344423
0.93621489
0.93986826
0.94522752
0.95079071
0.95528138
0.95794744
0.93882773
0.9424913
0.94786552
0.95344423
0.95794743
0.96062093
0.88615499
0.88961301
0.89468571
0.89995142
0.90420196
0.90672546
0.89091806
0.89439467
0.89949463
0.90478864
0.90906204
0.9115991
0.89802332
0.90152765
0.90666829
0.91200452
0.916312
0.9188693
0.90558266
0.90911649
0.91430041
0.91968156
0.92402529
0.92660412
0.91186166
0.91542
0.92063985
0.92605831
0.93043217
0.93302888
0.91568554
0.9192588
0.92450054
0.92994173
0.93433393
0.93694152
0.907922
0.91020454
0.91343878
0.91661863
0.9190145
0.92034407
0.91280207
0.91509688
0.91834851
0.92154545
0.92395419
0.92529091
0.92008186
0.92239497
0.92567253
0.92889497
0.93132292
0.9326703
0.92782689
0.93015947
0.93346462
0.93671418
0.93916258
0.9405213
0.93426012
0.93660888
0.93993695
0.94320904
0.94567441
0.94704256
0.93817793
0.94053654
0.94387856
0.94716438
0.94964009
0.95101397
0.92094523
0.92203031
0.92339495
0.92445831
0.92497642
0.92509926
0.9258953
0.92698621
0.92835819
0.92942727
0.92994816
0.93007166
0.93327952
0.93437912
0.93576204
0.93683965
0.93736469
0.93748918
0.94113564
0.94224451
0.94363906
0.94472574
0.94525521
0.94538074
0.94766116
0.94877771
0.95018194
0.95127615
0.95180929
0.95193569
0.95163517
0.9527564
0.95416652
0.95526532
0.95580069
0.95592762
0.95355096
0.95467445
0.9560874
0.95718842
0.95772487
0.95785206
0.95727198
0.95839986
0.95981833
0.96092364
0.96146218
0.96158987
0.96273049
0.96386479
0.96529135
0.96640296
0.96694458
0.967073
0.96839668
0.96953767
0.97097262
0.97209077
0.97263558
0.97276475
0.97297051
0.97411688
0.97555861
0.97668204
0.97722942
0.9773592
0.97568593
0.97683551
0.97828126
0.97940783
0.97995674
0.98008688
0.94006663
0.94242999
0.94577874
0.94907117
0.95155186
0.95292851
0.94373504
0.94610761
0.94946943
0.95277471
0.95526509
0.95664711
0.94911635
0.95150246
0.95488345
0.95820758
0.96071215
0.96210205
0.95470242
0.95710257
0.96050346
0.96384715
0.96636646
0.96776454
0.95921156
0.96162305
0.96504
0.96839949
0.9709307
0.97233538
0.96188859
0.96430681
0.9677333
0.97110216
0.97364043
0.97504904
0.96315792
0.96557933
0.96901034
0.97238365
0.97492527
0.97633574
0.96557933
0.96800682
0.97144646
0.97482825
0.97737626
0.97879027
0.96901034
0.97144646
0.97489832
0.97829212
0.98084919
0.98226822
0.97238365
0.97482825
0.97829212
0.98169774
0.98426371
0.98568768
0.97492527
0.97737626
0.98084919
0.98426371
0.98683639
0.98826408
0.97633574
0.97879027
0.98226822
0.98568768
0.98826408
0.98969384
0.97697347
0.97812456
0.97957222
0.98070028
0.98124991
0.98138022
0.97942961
0.98058359
0.98203489
0.98316579
0.9837168
0.98384744
0.98290983
0.98406792
0.98552438
0.98665929
0.98721226
0.98734336
0.98633153
0.98749364
0.98895517
0.99009403
0.99064892
0.99078049
0.98890961
0.99007476
0.99154011
0.99268195
0.99323829
0.9933702
0.9903403
0.99150714
0.99297461
0.9941181
0.99467524
0.99480734
0.99098719
0.99215479
0.99362321
0.99476745
0.99532496
0.99545714
0.99215479
0.99332376
0.99479392
0.9959395
0.99649767
0.99663001
0.99362321
0.99479392
0.99626625
0.99741353
0.99797252
0.99810506
0.99476745
0.9959395
0.99741353
0.99856213
0.99912177
0.99925446
0.99532496
0.99649767
0.99797252
0.99912177
0.99968172
0.99981448
0.99545714
0.99663001
0.99810506
0.99925446
0.99981448
0.99994726
0.97697347
0.97942961
0.98290983
0.98633153
0.98890961
0.9903403
0.97812456
0.98058359
0.98406792
0.98749364
0.99007476
0.99150714
0.97957222
0.98203489
0.98552437
0.98895517
0.99154011
0.99297461
0.98070028
0.98316579
0.98665929
0.99009403
0.99268194
0.9941181
0.98124991
0.9837168
0.98721225
0.99064892
0.99323829
0.99467524
0.98138022
0.98384744
0.98734336
0.99078049
0.99337019
0.99480734
0.95355095
0.95727198
0.96273048
0.96839668
0.9729705
0.97568593
0.95467445
0.95839985
0.96386479
0.96953766
0.97411688
0.9768355
0.9560874
0.95981832
0.96529135
0.97097262
0.97555861
0.97828126
0.95718841
0.96092363
0.96640296
0.97209077
0.97668204
0.97940783
0.95772486
0.96146217
0.96694457
0.97263557
0.97722942
0.97995673
0.95785205
0.96158986
0.96707299
0.97276474
0.9773592
0.98008688
0.94006663
0.94373503
0.94911635
0.95470242
0.95921156
0.96188859
0.94242998
0.94610761
0.95150246
0.95710257
0.96162305
0.96430681
0.94577874
0.94946943
0.95488345
0.96050346
0.96504
0.9677333
0.94907117
0.95277471
0.95820757
0.96384715
0.96839949
0.97110216
0.95155186
0.95526508
0.96071214
0.96636646
0.9709307
0.97364043
0.95292851
0.9566471
0.96210205
0.96776454
0.97233538
0.97504904
0.907922
0.91280207
0.92008186
0.92782689
0.93426012
0.93817793
0.91020454
0.91509688
0.92239497
0.93015947
0.93660888
0.94053653
0.91343878
0.9183485
0.92567253
0.93346462
0.93993694
0.94387856
0.91661863
0.92154544
0.92889496
0.93671418
0.94320904
0.94716438
0.91901449
0.92395418
0.93132292
0.93916257
0.94567441
0.94964008
0.92034407
0.9252909
0.9326703
0.94052129
0.94704255
0.95101397
0.92094523
0.9258953
0.93327951
0.94113564
0.94766115
0.95163516
0.9220303
0.9269862
0.93437912
0.9422445
0.9487777
0.9527564
0.92339494
0.92835818
0.93576203
0.94363906
0.95018193
0.95416651
0.9244583
0.92942726
0.93683964
0.94472573
0.95127614
0.95526531
0.92497641
0.92994815
0.93736468
0.9452552
0.95180928
0.95580068
0.92509925
0.93007165
0.93748917
0.94538073
0.95193568
0.95592762
0.87947032
0.88560177
0.89484057
0.90481096
0.91322532
0.91841963
0.88050653
0.8866452
0.89589489
0.90587703
0.9143013
0.91950173
0.88180971
0.88795747
0.89722085
0.90721776
0.9156545
0.92086263
0.88282519
0.88898002
0.89825407
0.90826249
0.91670895
0.92192307
0.88331996
0.88947824
0.89875749
0.90877152
0.91722271
0.92243976
0.88343727
0.88959637
0.89887685
0.90889221
0.91734452
0.92256226
0.8295256
0.83677938
0.84778382
0.85977247
0.86999465
0.87635924
0.83050296
0.83776529
0.84878269
0.86078547
0.87101969
0.87739179
0.83173214
0.83900521
0.85003892
0.86205947
0.87230883
0.87869036
0.83268995
0.8399714
0.85101781
0.8630522
0.87331337
0.87970224
0.83315662
0.84044215
0.85149476
0.86353589
0.87380281
0.88019527
0.83326727
0.84055377
0.85160785
0.86365057
0.87391886
0.88031216
0.81779514
0.82494634
0.83579516
0.84761429
0.85769191
0.86396651
0.8198511
0.82702028
0.83789638
0.84974521
0.85984817
0.86613855
0.82276429
0.82995894
0.84087369
0.85276463
0.86290349
0.86921621
0.82562848
0.83284819
0.84380093
0.85573326
0.86590741
0.87224211
0.82778652
0.83502509
0.84600646
0.85796998
0.86817073
0.87452198
0.82898411
0.83623316
0.84723041
0.85921124
0.86942674
0.87578719
0.86703359
0.87307833
0.88218649
0.89201589
0.90031126
0.90543212
0.86921334
0.87527327
0.88440433
0.89425844
0.90257467
0.9077084
0.87230193
0.8783834
0.8875469
0.89743602
0.9057818
0.91093377
0.87533857
0.88144121
0.89063661
0.90056016
0.90893499
0.9141049
0.87762653
0.88374513
0.89296456
0.90291405
0.91131077
0.91649419
0.87889623
0.88502367
0.89425645
0.90422033
0.9126292
0.91782012
0.84624685
0.85214667
0.86103648
0.87063022
0.87872671
0.8837248
0.84954914
0.85547199
0.86439648
0.87402766
0.88215575
0.88717334
0.85439339
0.86035001
0.86932539
0.87901149
0.88718592
0.89223213
0.85942196
0.86541364
0.87444184
0.88418495
0.89240749
0.8974834
0.86348109
0.86950106
0.8785719
0.88836103
0.89662241
0.90172229
0.86589094
0.87192772
0.88102387
0.89084032
0.89912476
0.90423887
0.81731027
0.82300835
0.83159418
0.84085989
0.84867954
0.85350673
0.8217033
0.82743202
0.83606399
0.8453795
0.85324118
0.85809432
0.82825657
0.83403097
0.84273179
0.85212159
0.86004597
0.8649378
0.83522864
0.84105165
0.84982571
0.85929455
0.86728563
0.87221864
0.84101983
0.84688322
0.85571811
0.8652526
0.87329909
0.8782663
0.84454664
0.85043461
0.85930656
0.86888103
0.87696125
0.8819493
0.77089556
0.77763666
0.78786332
0.79900463
0.80850432
0.81441908
0.77503912
0.78181645
0.79209808
0.80329928
0.81285002
0.81879657
0.78122024
0.78805161
0.79841524
0.80970576
0.81933268
0.82532666
0.78779637
0.79468525
0.80513611
0.81652168
0.82622963
0.83227407
0.79325868
0.80019532
0.81071865
0.82218316
0.83195843
0.83804477
0.7965852
0.80355094
0.81411839
0.82563098
0.83544724
0.84155911
0.79818886
0.80516861
0.81575734
0.82729311
0.83712913
0.8432533
0.80130361
0.80831061
0.81894065
0.83052144
0.84039584
0.84654391
0.80587276
0.81291971
0.82361037
0.83525719
0.8451879
0.85137103
0.81061577
0.81770419
0.82845777
0.84017314
0.85016229
0.85638181
0.81444438
0.82156628
0.83237065
0.84414135
0.85417768
0.86042657
0.81671738
0.82385916
0.83469368
0.84649723
0.85656158
0.8628279
0.74244386
0.75043632
0.762622
0.77598869
0.7874695
0.79466077
0.74534108
0.75336474
0.76559797
0.77901681
0.79054243
0.79776176
0.74959113
0.75766054
0.76996352
0.78345888
0.79505022
0.80231071
0.75400288
0.76211978
0.77449518
0.78806997
0.79972952
0.80703275
0.7575641
0.76571934
0.77815319
0.79179209
0.80350672
0.81084444
0.75967836
0.76785636
0.78032491
0.79400188
0.8057492
0.8131074
0.71705673
0.7247759
0.73654489
0.74945451
0.76054275
0.76748812
0.7209109
0.72867156
0.74050381
0.75348282
0.76463066
0.77161336
0.72666032
0.73448287
0.74640949
0.75949201
0.77072876
0.77776715
0.73277718
0.74066558
0.75269259
0.76588524
0.77721658
0.78431422
0.737858
0.7458011
0.75791151
0.77119563
0.78260554
0.78975239
0.7409522
0.74892861
0.76108981
0.77442964
0.78588739
0.79306421
0.65631226
0.66493517
0.67813316
0.69268676
0.70525676
0.71316585
0.65983993
0.66850919
0.68177812
0.69640995
0.70904751
0.71699911
0.66510229
0.67384069
0.68721545
0.70196397
0.71470232
0.72271733
0.67070097
0.67951293
0.69300027
0.70787293
0.72071851
0.72880099
0.67535138
0.68422444
0.6978053
0.71278108
0.72571573
0.73385425
0.67818346
0.68709373
0.70073154
0.71577012
0.72875901
0.73693166
0.67954875
0.68847696
0.70214222
0.71721108
0.73022611
0.73841522
0.68220054
0.69116358
0.70488217
0.72000984
0.73307566
0.74129672
0.68609055
0.6951047
0.70890151
0.72411544
0.73725576
0.7455237
0.69012856
0.69919577
0.71307378
0.72837725
0.74159492
0.74991152
0.6933881
0.70249813
0.71644169
0.73181744
0.74509754
0.75345342
0.69532325
0.70445871
0.71844118
0.73385984
0.747177
0.7555562
0.69624081
0.70538832
0.71938926
0.73482826
0.74816299
0.75655325
0.69799118
0.70716169
0.72119782
0.73667564
0.7500439
0.75845525
0.70047137
0.70967446
0.72376046
0.73929328
0.75270904
0.76115028
0.70290984
0.71214497
0.72628001
0.7418669
0.75532936
0.76379999
0.70474711
0.71400638
0.72817837
0.743806
0.75730365
0.76579642
0.70576669
0.71503936
0.72923185
0.74488209
0.75839927
0.76690433
0.76068085
0.76886964
0.78135465
0.79504966
0.80681248
0.81418039
0.76259323
0.7708026
0.78331899
0.79704844
0.80884083
0.81622726
0.76530296
0.77354151
0.78610237
0.7998806
0.8117149
0.81912758
0.76796713
0.77623435
0.78883894
0.80266514
0.81454063
0.82197911
0.76997445
0.77826328
0.79090082
0.80476315
0.81666968
0.82412761
0.7710884
0.77938923
0.79204505
0.80592743
0.81785119
0.82531991
0.77159207
0.77989832
0.7925624
0.80645386
0.81838541
0.825859
0.77250117
0.78081721
0.79349622
0.80740404
0.81934964
0.82683204
0.77364451
0.78197285
0.79467062
0.80859903
0.82056231
0.82805579
0.77453542
0.78287336
0.79558575
0.80953019
0.82150726
0.82900936
0.7749695
0.78331211
0.79603163
0.80998389
0.82196767
0.82947398
0.77507243
0.78341614
0.79613735
0.81009146
0.82207683
0.82958413
0.7062277
0.71550642
0.72970818
0.74536864
0.75889465
0.76740526
0.70705979
0.71634944
0.73056794
0.74624685
0.7597888
0.76830943
0.70810626
0.71740967
0.7316492
0.74735133
0.76091331
0.76944656
0.7089217
0.71823582
0.73249176
0.74821196
0.76178957
0.77033264
0.70931901
0.71863835
0.73290228
0.74863129
0.76221651
0.77076437
0.70941322
0.71873379
0.73299961
0.74873072
0.76231774
0.77086673
