FiniteElementSpace
FiniteElementCollection: L2_2D_P3
VDim: 1
Ordering: 0

-2.0073409e+09
-2.0238183e+09
-2.0454979e+09
-2.0622541e+09
-2.0073409e+09
-2.0238183e+09
-2.0454979e+09
-2.0622541e+09
-2.0073409e+09
-2.0238183e+09
-2.0454979e+09
-2.0622541e+09
-2.0073409e+09
-2.0238183e+09
-2.0454979e+09
-2.0622541e+09
-2.0073409e+09
-2.0238183e+09
-2.0454979e+09
-2.0622541e+09
-2.0073409e+09
-2.0238183e+09
-2.0454979e+09
-2.0622541e+09
-2.0073409e+09
-2.0238183e+09
-2.0454979e+09
-2.0622541e+09
-2.0073409e+09
-2.0238183e+09
-2.0454979e+09
-2.0622541e+09
-2.0073409e+09
-2.0238183e+09
-2.0454979e+09
-2.0622541e+09
-2.0073409e+09
-2.0238183e+09
-2.0454979e+09
-2.0622541e+09
-2.0073409e+09
-2.0238183e+09
-2.0454979e+09
-2.0622541e+09
-2.0073409e+09
-2.0238183e+09
-2.0454979e+09
-2.0622541e+09
-1.9452112e+09
-1.9612334e+09
-1.9823147e+09
-1.9986089e+09
-1.9452112e+09
-1.9612334e+09
-1.9823147e+09
-1.9986089e+09
-1.9452112e+09
-1.9612334e+09
-1.9823147e+09
-1.9986089e+09
-1.9452112e+09
-1.9612334e+09
-1.9823147e+09
-1.9986089e+09
-1.9452112e+09
-1.9612334e+09
-1.9823147e+09
-1.9986089e+09
-1.9452112e+09
-1.9612334e+09
-1.9823147e+09
-1.9986089e+09
-1.9452112e+09
-1.9612334e+09
-1.9823147e+09
-1.9986089e+09
-1.9452112e+09
-1.9612334e+09
-1.9823147e+09
-1.9986089e+09
-2.0073409e+09
-2.0238183e+09
-2.0454979e+09
-2.0622541e+09
-2.0073409e+09
-2.0238183e+09
-2.0454979e+09
-2.0622541e+09
-2.0073409e+09
-2.0238183e+09
-2.0454979e+09
-2.0622541e+09
-2.0073409e+09
-2.0238183e+09
-2.0454979e+09
-2.0622541e+09
-2.0712334e+09
-2.0881772e+09
-2.1104697e+09
-2.1276989e+09
-2.0712334e+09
-2.0881772e+09
-2.1104697e+09
-2.1276989e+09
-2.0712334e+09
-2.0881772e+09
-2.1104697e+09
-2.1276989e+09
-2.0712334e+09
-2.0881772e+09
-2.1104697e+09
-2.1276989e+09
-2.1369315e+09
-2.1543529e+09
-2.177273e+09
-2.1949867e+09
-2.1369315e+09
-2.1543529e+09
-2.177273e+09
-2.1949867e+09
-2.1369315e+09
-2.1543529e+09
-2.177273e+09
-2.1949867e+09
-2.1369315e+09
-2.1543529e+09
-2.177273e+09
-2.1949867e+09
-2.1369315e+09
-2.1543529e+09
-2.177273e+09
-2.1949867e+09
-2.1369315e+09
-2.1543529e+09
-2.177273e+09
-2.1949867e+09
-2.1369315e+09
-2.1543529e+09
-2.177273e+09
-2.1949867e+09
-2.1369315e+09
-2.1543529e+09
-2.177273e+09
-2.1949867e+09
-2.0712334e+09
-2.0881772e+09
-2.1104697e+09
-2.1276989e+09
-2.0712334e+09
-2.0881772e+09
-2.1104697e+09
-2.1276989e+09
-2.0712334e+09
-2.0881772e+09
-2.1104697e+09
-2.1276989e+09
-2.0712334e+09
-2.0881772e+09
-2.1104697e+09
-2.1276989e+09
-2.0712334e+09
-2.0881772e+09
-2.1104697e+09
-2.1276989e+09
-2.0712334e+09
-2.0881772e+09
-2.1104697e+09
-2.1276989e+09
-2.0712334e+09
-2.0881772e+09
-2.1104697e+09
-2.1276989e+09
-2.0712334e+09
-2.0881772e+09
-2.1104697e+09
-2.1276989e+09
-2.0712334e+09
-2.0881772e+09
-2.1104697e+09
-2.1276989e+09
-2.0712334e+09
-2.0881772e+09
-2.1104697e+09
-2.1276989e+09
-2.0712334e+09
-2.0881772e+09
-2.1104697e+09
-2.1276989e+09
-2.0712334e+09
-2.0881772e+09
-2.1104697e+09
-2.1276989e+09
-2.1369315e+09
-2.1543529e+09
-2.177273e+09
-2.1949867e+09
-2.1369315e+09
-2.1543529e+09
-2.177273e+09
-2.1949867e+09
-2.1369315e+09
-2.1543529e+09
-2.177273e+09
-2.1949867e+09
-2.1369315e+09
-2.1543529e+09
-2.177273e+09
-2.1949867e+09
-2.1369315e+09
-2.1543529e+09
-2.177273e+09
-2.1949867e+09
-2.1369315e+09
-2.1543529e+09
-2.177273e+09
-2.1949867e+09
-2.1369315e+09
-2.1543529e+09
-2.177273e+09
-2.1949867e+09
-2.1369315e+09
-2.1543529e+09
-2.177273e+09
-2.1949867e+09
-2.2044787e+09
-2.2223891e+09
-2.2459518e+09
-2.2641616e+09
-2.2044787e+09
-2.2223891e+09
-2.2459518e+09
-2.2641616e+09
-2.2044787e+09
-2.2223891e+09
-2.2459518e+09
-2.2641616e+09
-2.2044787e+09
-2.2223891e+09
-2.2459518e+09
-2.2641616e+09
-2.2044787e+09
-2.2223891e+09
-2.2459518e+09
-2.2641616e+09
-2.2044787e+09
-2.2223891e+09
-2.2459518e+09
-2.2641616e+09
-2.2044787e+09
-2.2223891e+09
-2.2459518e+09
-2.2641616e+09
-2.2044787e+09
-2.2223891e+09
-2.2459518e+09
-2.2641616e+09
-2.2739192e+09
-2.2923304e+09
-2.3165511e+09
-2.3352687e+09
-2.2739192e+09
-2.2923304e+09
-2.3165511e+09
-2.3352687e+09
-2.2739192e+09
-2.2923304e+09
-2.3165511e+09
-2.3352687e+09
-2.2739192e+09
-2.2923304e+09
-2.3165511e+09
-2.3352687e+09
-2.2739192e+09
-2.2923304e+09
-2.3165511e+09
-2.3352687e+09
-2.2739192e+09
-2.2923304e+09
-2.3165511e+09
-2.3352687e+09
-2.2739192e+09
-2.2923304e+09
-2.3165511e+09
-2.3352687e+09
-2.2739192e+09
-2.2923304e+09
-2.3165511e+09
-2.3352687e+09
-2.2739192e+09
-2.2923304e+09
-2.3165511e+09
-2.3352687e+09
-2.2739192e+09
-2.2923304e+09
-2.3165511e+09
-2.3352687e+09
-2.2739192e+09
-2.2923304e+09
-2.3165511e+09
-2.3352687e+09
-2.2739192e+09
-2.2923304e+09
-2.3165511e+09
-2.3352687e+09
-2.2044787e+09
-2.2223891e+09
-2.2459518e+09
-2.2641616e+09
-2.2044787e+09
-2.2223891e+09
-2.2459518e+09
-2.2641616e+09
-2.2044787e+09
-2.2223891e+09
-2.2459518e+09
-2.2641616e+09
-2.2044787e+09
-2.2223891e+09
-2.2459518e+09
-2.2641616e+09
-2.2044787e+09
-2.2223891e+09
-2.2459518e+09
-2.2641616e+09
-2.2044787e+09
-2.2223891e+09
-2.2459518e+09
-2.2641616e+09
-2.2044787e+09
-2.2223891e+09
-2.2459518e+09
-2.2641616e+09
-2.2044787e+09
-2.2223891e+09
-2.2459518e+09
-2.2641616e+09
-2.2739192e+09
-2.2923304e+09
-2.3165511e+09
-2.3352687e+09
-2.2739192e+09
-2.2923304e+09
-2.3165511e+09
-2.3352687e+09
-2.2739192e+09
-2.2923304e+09
-2.3165511e+09
-2.3352687e+09
-2.2739192e+09
-2.2923304e+09
-2.3165511e+09
-2.3352687e+09
-2.3452983e+09
-2.3642221e+09
-2.3891164e+09
-2.408354e+09
-2.3452983e+09
-2.3642221e+09
-2.3891164e+09
-2.408354e+09
-2.3452983e+09
-2.3642221e+09
-2.3891164e+09
-2.408354e+09
-2.3452983e+09
-2.3642221e+09
-2.3891164e+09
-2.408354e+09
-2.4186619e+09
-2.4381105e+09
-2.4636943e+09
-2.483464e+09
-2.4186619e+09
-2.4381105e+09
-2.4636943e+09
-2.483464e+09
-2.4186619e+09
-2.4381105e+09
-2.4636943e+09
-2.483464e+09
-2.4186619e+09
-2.4381105e+09
-2.4636943e+09
-2.483464e+09
-2.4186619e+09
-2.4381105e+09
-2.4636943e+09
-2.483464e+09
-2.4186619e+09
-2.4381105e+09
-2.4636943e+09
-2.483464e+09
-2.4186619e+09
-2.4381105e+09
-2.4636943e+09
-2.483464e+09
-2.4186619e+09
-2.4381105e+09
-2.4636943e+09
-2.483464e+09
-2.3452983e+09
-2.3642221e+09
-2.3891164e+09
-2.408354e+09
-2.3452983e+09
-2.3642221e+09
-2.3891164e+09
-2.408354e+09
-2.3452983e+09
-2.3642221e+09
-2.3891164e+09
-2.408354e+09
-2.3452983e+09
-2.3642221e+09
-2.3891164e+09
-2.408354e+09
-2.3452983e+09
-2.3642221e+09
-2.3891164e+09
-2.408354e+09
-2.3452983e+09
-2.3642221e+09
-2.3891164e+09
-2.408354e+09
-2.3452983e+09
-2.3642221e+09
-2.3891164e+09
-2.408354e+09
-2.3452983e+09
-2.3642221e+09
-2.3891164e+09
-2.408354e+09
-2.3452983e+09
-2.3642221e+09
-2.3891164e+09
-2.408354e+09
-2.3452983e+09
-2.3642221e+09
-2.3891164e+09
-2.408354e+09
-2.3452983e+09
-2.3642221e+09
-2.3891164e+09
-2.408354e+09
-2.3452983e+09
-2.3642221e+09
-2.3891164e+09
-2.408354e+09
-2.4186619e+09
-2.4381105e+09
-2.4636943e+09
-2.483464e+09
-2.4186619e+09
-2.4381105e+09
-2.4636943e+09
-2.483464e+09
-2.4186619e+09
-2.4381105e+09
-2.4636943e+09
-2.483464e+09
-2.4186619e+09
-2.4381105e+09
-2.4636943e+09
-2.483464e+09
-2.4186619e+09
-2.4381105e+09
-2.4636943e+09
-2.483464e+09
-2.4186619e+09
-2.4381105e+09
-2.4636943e+09
-2.483464e+09
-2.4186619e+09
-2.4381105e+09
-2.4636943e+09
-2.483464e+09
-2.4186619e+09
-2.4381105e+09
-2.4636943e+09
-2.483464e+09
-2.4940568e+09
-2.5140425e+09
-2.540332e+09
-2.5606464e+09
-2.4940568e+09
-2.5140425e+09
-2.540332e+09
-2.5606464e+09
-2.4940568e+09
-2.5140425e+09
-2.540332e+09
-2.5606464e+09
-2.4940568e+09
-2.5140425e+09
-2.540332e+09
-2.5606464e+09
-2.4940568e+09
-2.5140425e+09
-2.540332e+09
-2.5606464e+09
-2.4940568e+09
-2.5140425e+09
-2.540332e+09
-2.5606464e+09
-2.4940568e+09
-2.5140425e+09
-2.540332e+09
-2.5606464e+09
-2.4940568e+09
-2.5140425e+09
-2.540332e+09
-2.5606464e+09
-2.5715308e+09
-2.5920662e+09
-2.6190779e+09
-2.6399496e+09
-2.5715308e+09
-2.5920662e+09
-2.6190779e+09
-2.6399496e+09
-2.5715308e+09
-2.5920662e+09
-2.6190779e+09
-2.6399496e+09
-2.5715308e+09
-2.5920662e+09
-2.6190779e+09
-2.6399496e+09
-2.5715308e+09
-2.5920662e+09
-2.6190779e+09
-2.6399496e+09
-2.5715308e+09
-2.5920662e+09
-2.6190779e+09
-2.6399496e+09
-2.5715308e+09
-2.5920662e+09
-2.6190779e+09
-2.6399496e+09
-2.5715308e+09
-2.5920662e+09
-2.6190779e+09
-2.6399496e+09
-2.5715308e+09
-2.5920662e+09
-2.6190779e+09
-2.6399496e+09
-2.5715308e+09
-2.5920662e+09
-2.6190779e+09
-2.6399496e+09
-2.5715308e+09
-2.5920662e+09
-2.6190779e+09
-2.6399496e+09
-2.5715308e+09
-2.5920662e+09
-2.6190779e+09
-2.6399496e+09
-2.4940568e+09
-2.5140425e+09
-2.540332e+09
-2.5606464e+09
-2.4940568e+09
-2.5140425e+09
-2.540332e+09
-2.5606464e+09
-2.4940568e+09
-2.5140425e+09
-2.540332e+09
-2.5606464e+09
-2.4940568e+09
-2.5140425e+09
-2.540332e+09
-2.5606464e+09
-2.4940568e+09
-2.5140425e+09
-2.540332e+09
-2.5606464e+09
-2.4940568e+09
-2.5140425e+09
-2.540332e+09
-2.5606464e+09
-2.4940568e+09
-2.5140425e+09
-2.540332e+09
-2.5606464e+09
-2.4940568e+09
-2.5140425e+09
-2.540332e+09
-2.5606464e+09
-2.5715308e+09
-2.5920662e+09
-2.6190779e+09
-2.6399496e+09
-2.5715308e+09
-2.5920662e+09
-2.6190779e+09
-2.6399496e+09
-2.5715308e+09
-2.5920662e+09
-2.6190779e+09
-2.6399496e+09
-2.5715308e+09
-2.5920662e+09
-2.6190779e+09
-2.6399496e+09
-2.6511324e+09
-2.6722303e+09
-2.699981e+09
-2.721423e+09
-2.6511324e+09
-2.6722303e+09
-2.699981e+09
-2.721423e+09
-2.6511324e+09
-2.6722303e+09
-2.699981e+09
-2.721423e+09
-2.6511324e+09
-2.6722303e+09
-2.699981e+09
-2.721423e+09
-2.7329111e+09
-2.7545845e+09
-2.7830913e+09
-2.8051167e+09
-2.7329111e+09
-2.7545845e+09
-2.7830913e+09
-2.8051167e+09
-2.7329111e+09
-2.7545845e+09
-2.7830913e+09
-2.8051167e+09
-2.7329111e+09
-2.7545845e+09
-2.7830913e+09
-2.8051167e+09
-2.7329111e+09
-2.7545845e+09
-2.7830913e+09
-2.8051167e+09
-2.7329111e+09
-2.7545845e+09
-2.7830913e+09
-2.8051167e+09
-2.7329111e+09
-2.7545845e+09
-2.7830913e+09
-2.8051167e+09
-2.7329111e+09
-2.7545845e+09
-2.7830913e+09
-2.8051167e+09
-2.6511324e+09
-2.6722303e+09
-2.699981e+09
-2.721423e+09
-2.6511324e+09
-2.6722303e+09
-2.699981e+09
-2.721423e+09
-2.6511324e+09
-2.6722303e+09
-2.699981e+09
-2.721423e+09
-2.6511324e+09
-2.6722303e+09
-2.699981e+09
-2.721423e+09
-2.6511324e+09
-2.6722303e+09
-2.699981e+09
-2.721423e+09
-2.6511324e+09
-2.6722303e+09
-2.699981e+09
-2.721423e+09
-2.6511324e+09
-2.6722303e+09
-2.699981e+09
-2.721423e+09
-2.6511324e+09
-2.6722303e+09
-2.699981e+09
-2.721423e+09
-2.6511324e+09
-2.6722303e+09
-2.699981e+09
-2.721423e+09
-2.6511324e+09
-2.6722303e+09
-2.699981e+09
-2.721423e+09
-2.6511324e+09
-2.6722303e+09
-2.699981e+09
-2.721423e+09
-2.6511324e+09
-2.6722303e+09
-2.699981e+09
-2.721423e+09
-2.7329111e+09
-2.7545845e+09
-2.7830913e+09
-2.8051167e+09
-2.7329111e+09
-2.7545845e+09
-2.7830913e+09
-2.8051167e+09
-2.7329111e+09
-2.7545845e+09
-2.7830913e+09
-2.8051167e+09
-2.7329111e+09
-2.7545845e+09
-2.7830913e+09
-2.8051167e+09
-2.7329111e+09
-2.7545845e+09
-2.7830913e+09
-2.8051167e+09
-2.7329111e+09
-2.7545845e+09
-2.7830913e+09
-2.8051167e+09
-2.7329111e+09
-2.7545845e+09
-2.7830913e+09
-2.8051167e+09
-2.7329111e+09
-2.7545845e+09
-2.7830913e+09
-2.8051167e+09
-2.8169172e+09
-2.8391795e+09
-2.8684597e+09
-2.891082e+09
-2.8169172e+09
-2.8391795e+09
-2.8684597e+09
-2.891082e+09
-2.8169172e+09
-2.8391795e+09
-2.8684597e+09
-2.891082e+09
-2.8169172e+09
-2.8391795e+09
-2.8684597e+09
-2.891082e+09
-2.8169172e+09
-2.8391795e+09
-2.8684597e+09
-2.891082e+09
-2.8169172e+09
-2.8391795e+09
-2.8684597e+09
-2.891082e+09
-2.8169172e+09
-2.8391795e+09
-2.8684597e+09
-2.891082e+09
-2.8169172e+09
-2.8391795e+09
-2.8684597e+09
-2.891082e+09
-2.903202e+09
-2.9260666e+09
-2.9561379e+09
-2.9793708e+09
-2.903202e+09
-2.9260666e+09
-2.9561379e+09
-2.9793708e+09
-2.903202e+09
-2.9260666e+09
-2.9561379e+09
-2.9793708e+09
-2.903202e+09
-2.9260666e+09
-2.9561379e+09
-2.9793708e+09
-2.903202e+09
-2.9260666e+09
-2.9561379e+09
-2.9793708e+09
-2.903202e+09
-2.9260666e+09
-2.9561379e+09
-2.9793708e+09
-2.903202e+09
-2.9260666e+09
-2.9561379e+09
-2.9793708e+09
-2.903202e+09
-2.9260666e+09
-2.9561379e+09
-2.9793708e+09
-2.903202e+09
-2.9260666e+09
-2.9561379e+09
-2.9793708e+09
-2.903202e+09
-2.9260666e+09
-2.9561379e+09
-2.9793708e+09
-2.903202e+09
-2.9260666e+09
-2.9561379e+09
-2.9793708e+09
-2.903202e+09
-2.9260666e+09
-2.9561379e+09
-2.9793708e+09
-2.8169172e+09
-2.8391795e+09
-2.8684597e+09
-2.891082e+09
-2.8169172e+09
-2.8391795e+09
-2.8684597e+09
-2.891082e+09
-2.8169172e+09
-2.8391795e+09
-2.8684597e+09
-2.891082e+09
-2.8169172e+09
-2.8391795e+09
-2.8684597e+09
-2.891082e+09
-2.8169172e+09
-2.8391795e+09
-2.8684597e+09
-2.891082e+09
-2.8169172e+09
-2.8391795e+09
-2.8684597e+09
-2.891082e+09
-2.8169172e+09
-2.8391795e+09
-2.8684597e+09
-2.891082e+09
-2.8169172e+09
-2.8391795e+09
-2.8684597e+09
-2.891082e+09
-2.903202e+09
-2.9260666e+09
-2.9561379e+09
-2.9793708e+09
-2.903202e+09
-2.9260666e+09
-2.9561379e+09
-2.9793708e+09
-2.903202e+09
-2.9260666e+09
-2.9561379e+09
-2.9793708e+09
-2.903202e+09
-2.9260666e+09
-2.9561379e+09
-2.9793708e+09
-2.9918176e+09
-3.0152982e+09
-3.0461788e+09
-3.0700361e+09
-2.9918176e+09
-3.0152982e+09
-3.0461788e+09
-3.0700361e+09
-2.9918176e+09
-3.0152982e+09
-3.0461788e+09
-3.0700361e+09
-2.9918176e+09
-3.0152982e+09
-3.0461788e+09
-3.0700361e+09
-3.0828171e+09
-3.1069278e+09
-3.1386359e+09
-3.1631317e+09
-3.0828171e+09
-3.1069278e+09
-3.1386359e+09
-3.1631317e+09
-3.0828171e+09
-3.1069278e+09
-3.1386359e+09
-3.1631317e+09
-3.0828171e+09
-3.1069278e+09
-3.1386359e+09
-3.1631317e+09
-3.0828171e+09
-3.1069278e+09
-3.1386359e+09
-3.1631317e+09
-3.0828171e+09
-3.1069278e+09
-3.1386359e+09
-3.1631317e+09
-3.0828171e+09
-3.1069278e+09
-3.1386359e+09
-3.1631317e+09
-3.0828171e+09
-3.1069278e+09
-3.1386359e+09
-3.1631317e+09
-2.9918176e+09
-3.0152982e+09
-3.0461788e+09
-3.0700361e+09
-2.9918176e+09
-3.0152982e+09
-3.0461788e+09
-3.0700361e+09
-2.9918176e+09
-3.0152982e+09
-3.0461788e+09
-3.0700361e+09
-2.9918176e+09
-3.0152982e+09
-3.0461788e+09
-3.0700361e+09
-2.9918176e+09
-3.0152982e+09
-3.0461788e+09
-3.0700361e+09
-2.9918176e+09
-3.0152982e+09
-3.0461788e+09
-3.0700361e+09
-2.9918176e+09
-3.0152982e+09
-3.0461788e+09
-3.0700361e+09
-2.9918176e+09
-3.0152982e+09
-3.0461788e+09
-3.0700361e+09
-2.9918176e+09
-3.0152982e+09
-3.0461788e+09
-3.0700361e+09
-2.9918176e+09
-3.0152982e+09
-3.0461788e+09
-3.0700361e+09
-2.9918176e+09
-3.0152982e+09
-3.0461788e+09
-3.0700361e+09
-2.9918176e+09
-3.0152982e+09
-3.0461788e+09
-3.0700361e+09
-3.0828171e+09
-3.1069278e+09
-3.1386359e+09
-3.1631317e+09
-3.0828171e+09
-3.1069278e+09
-3.1386359e+09
-3.1631317e+09
-3.0828171e+09
-3.1069278e+09
-3.1386359e+09
-3.1631317e+09
-3.0828171e+09
-3.1069278e+09
-3.1386359e+09
-3.1631317e+09
-3.0828171e+09
-3.1069278e+09
-3.1386359e+09
-3.1631317e+09
-3.0828171e+09
-3.1069278e+09
-3.1386359e+09
-3.1631317e+09
-3.0828171e+09
-3.1069278e+09
-3.1386359e+09
-3.1631317e+09
-3.0828171e+09
-3.1069278e+09
-3.1386359e+09
-3.1631317e+09
-3.1762546e+09
-3.2010094e+09
-3.2335638e+09
-3.2587125e+09
-3.1762546e+09
-3.2010094e+09
-3.2335638e+09
-3.2587125e+09
-3.1762546e+09
-3.2010094e+09
-3.2335638e+09
-3.2587125e+09
-3.1762546e+09
-3.2010094e+09
-3.2335638e+09
-3.2587125e+09
-3.1762546e+09
-3.2010094e+09
-3.2335638e+09
-3.2587125e+09
-3.1762546e+09
-3.2010094e+09
-3.2335638e+09
-3.2587125e+09
-3.1762546e+09
-3.2010094e+09
-3.2335638e+09
-3.2587125e+09
-3.1762546e+09
-3.2010094e+09
-3.2335638e+09
-3.2587125e+09
-3.2721848e+09
-3.2975984e+09
-3.3310179e+09
-3.3568342e+09
-3.2721848e+09
-3.2975984e+09
-3.3310179e+09
-3.3568342e+09
-3.2721848e+09
-3.2975984e+09
-3.3310179e+09
-3.3568342e+09
-3.2721848e+09
-3.2975984e+09
-3.3310179e+09
-3.3568342e+09
-3.2721848e+09
-3.2975984e+09
-3.3310179e+09
-3.3568342e+09
-3.2721848e+09
-3.2975984e+09
-3.3310179e+09
-3.3568342e+09
-3.2721848e+09
-3.2975984e+09
-3.3310179e+09
-3.3568342e+09
-3.2721848e+09
-3.2975984e+09
-3.3310179e+09
-3.3568342e+09
-3.2721848e+09
-3.2975984e+09
-3.3310179e+09
-3.3568342e+09
-3.2721848e+09
-3.2975984e+09
-3.3310179e+09
-3.3568342e+09
-3.2721848e+09
-3.2975984e+09
-3.3310179e+09
-3.3568342e+09
-3.2721848e+09
-3.2975984e+09
-3.3310179e+09
-3.3568342e+09
-3.1762546e+09
-3.2010094e+09
-3.2335638e+09
-3.2587125e+09
-3.1762546e+09
-3.2010094e+09
-3.2335638e+09
-3.2587125e+09
-3.1762546e+09
-3.2010094e+09
-3.2335638e+09
-3.2587125e+09
-3.1762546e+09
-3.2010094e+09
-3.2335638e+09
-3.2587125e+09
-3.1762546e+09
-3.2010094e+09
-3.2335638e+09
-3.2587125e+09
-3.1762546e+09
-3.2010094e+09
-3.2335638e+09
-3.2587125e+09
-3.1762546e+09
-3.2010094e+09
-3.2335638e+09
-3.2587125e+09
-3.1762546e+09
-3.2010094e+09
-3.2335638e+09
-3.2587125e+09
-3.2721848e+09
-3.2975984e+09
-3.3310179e+09
-3.3568342e+09
-3.2721848e+09
-3.2975984e+09
-3.3310179e+09
-3.3568342e+09
-3.2721848e+09
-3.2975984e+09
-3.3310179e+09
-3.3568342e+09
-3.2721848e+09
-3.2975984e+09
-3.3310179e+09
-3.3568342e+09
-3.3706638e+09
-3.3967509e+09
-3.4310548e+09
-3.4575535e+09
-3.3706638e+09
-3.3967509e+09
-3.4310548e+09
-3.4575535e+09
-3.3706638e+09
-3.3967509e+09
-3.4310548e+09
-3.4575535e+09
-3.3706638e+09
-3.3967509e+09
-3.4310548e+09
-3.4575535e+09
-3.4717484e+09
-3.4985238e+09
-3.5337319e+09
-3.5609281e+09
-3.4717484e+09
-3.4985238e+09
-3.5337319e+09
-3.5609281e+09
-3.4717484e+09
-3.4985238e+09
-3.5337319e+09
-3.5609281e+09
-3.4717484e+09
-3.4985238e+09
-3.5337319e+09
-3.5609281e+09
-3.4717484e+09
-3.4985238e+09
-3.5337319e+09
-3.5609281e+09
-3.4717484e+09
-3.4985238e+09
-3.5337319e+09
-3.5609281e+09
-3.4717484e+09
-3.4985238e+09
-3.5337319e+09
-3.5609281e+09
-3.4717484e+09
-3.4985238e+09
-3.5337319e+09
-3.5609281e+09
-3.3706638e+09
-3.3967509e+09
-3.4310548e+09
-3.4575535e+09
-3.3706638e+09
-3.3967509e+09
-3.4310548e+09
-3.4575535e+09
-3.3706638e+09
-3.3967509e+09
-3.4310548e+09
-3.4575535e+09
-3.3706638e+09
-3.3967509e+09
-3.4310548e+09
-3.4575535e+09
-3.3706638e+09
-3.3967509e+09
-3.4310548e+09
-3.4575535e+09
-3.3706638e+09
-3.3967509e+09
-3.4310548e+09
-3.4575535e+09
-3.3706638e+09
-3.3967509e+09
-3.4310548e+09
-3.4575535e+09
-3.3706638e+09
-3.3967509e+09
-3.4310548e+09
-3.4575535e+09
-3.3706638e+09
-3.3967509e+09
-3.4310548e+09
-3.4575535e+09
-3.3706638e+09
-3.3967509e+09
-3.4310548e+09
-3.4575535e+09
-3.3706638e+09
-3.3967509e+09
-3.4310548e+09
-3.4575535e+09
-3.3706638e+09
-3.3967509e+09
-3.4310548e+09
-3.4575535e+09
-3.4717484e+09
-3.4985238e+09
-3.5337319e+09
-3.5609281e+09
-3.4717484e+09
-3.4985238e+09
-3.5337319e+09
-3.5609281e+09
-3.4717484e+09
-3.4985238e+09
-3.5337319e+09
-3.5609281e+09
-3.4717484e+09
-3.4985238e+09
-3.5337319e+09
-3.5609281e+09
-3.4717484e+09
-3.4985238e+09
-3.5337319e+09
-3.5609281e+09
-3.4717484e+09
-3.4985238e+09
-3.5337319e+09
-3.5609281e+09
-3.4717484e+09
-3.4985238e+09
-3.5337319e+09
-3.5609281e+09
-3.4717484e+09
-3.4985238e+09
-3.5337319e+09
-3.5609281e+09
-3.5754963e+09
-3.6029754e+09
-3.6391076e+09
-3.6670166e+09
-3.5754963e+09
-3.6029754e+09
-3.6391076e+09
-3.6670166e+09
-3.5754963e+09
-3.6029754e+09
-3.6391076e+09
-3.6670166e+09
-3.5754963e+09
-3.6029754e+09
-3.6391076e+09
-3.6670166e+09
-3.5754963e+09
-3.6029754e+09
-3.6391076e+09
-3.6670166e+09
-3.5754963e+09
-3.6029754e+09
-3.6391076e+09
-3.6670166e+09
-3.5754963e+09
-3.6029754e+09
-3.6391076e+09
-3.6670166e+09
-3.5754963e+09
-3.6029754e+09
-3.6391076e+09
-3.6670166e+09
-3.6819664e+09
-3.7101646e+09
-3.7472411e+09
-3.7758787e+09
-3.6819664e+09
-3.7101646e+09
-3.7472411e+09
-3.7758787e+09
-3.6819664e+09
-3.7101646e+09
-3.7472411e+09
-3.7758787e+09
-3.6819664e+09
-3.7101646e+09
-3.7472411e+09
-3.7758787e+09
-3.6819664e+09
-3.7101646e+09
-3.7472411e+09
-3.7758787e+09
-3.6819664e+09
-3.7101646e+09
-3.7472411e+09
-3.7758787e+09
-3.6819664e+09
-3.7101646e+09
-3.7472411e+09
-3.7758787e+09
-3.6819664e+09
-3.7101646e+09
-3.7472411e+09
-3.7758787e+09
-3.6819664e+09
-3.7101646e+09
-3.7472411e+09
-3.7758787e+09
-3.6819664e+09
-3.7101646e+09
-3.7472411e+09
-3.7758787e+09
-3.6819664e+09
-3.7101646e+09
-3.7472411e+09
-3.7758787e+09
-3.6819664e+09
-3.7101646e+09
-3.7472411e+09
-3.7758787e+09
-3.5754963e+09
-3.6029754e+09
-3.6391076e+09
-3.6670166e+09
-3.5754963e+09
-3.6029754e+09
-3.6391076e+09
-3.6670166e+09
-3.5754963e+09
-3.6029754e+09
-3.6391076e+09
-3.6670166e+09
-3.5754963e+09
-3.6029754e+09
-3.6391076e+09
-3.6670166e+09
-3.5754963e+09
-3.6029754e+09
-3.6391076e+09
-3.6670166e+09
-3.5754963e+09
-3.6029754e+09
-3.6391076e+09
-3.6670166e+09
-3.5754963e+09
-3.6029754e+09
-3.6391076e+09
-3.6670166e+09
-3.5754963e+09
-3.6029754e+09
-3.6391076e+09
-3.6670166e+09
-3.6819664e+09
-3.7101646e+09
-3.7472411e+09
-3.7758787e+09
-3.6819664e+09
-3.7101646e+09
-3.7472411e+09
-3.7758787e+09
-3.6819664e+09
-3.7101646e+09
-3.7472411e+09
-3.7758787e+09
-3.6819664e+09
-3.7101646e+09
-3.7472411e+09
-3.7758787e+09
-3.7912184e+09
-3.8201515e+09
-3.858193e+09
-3.887575e+09
-3.7912184e+09
-3.8201515e+09
-3.858193e+09
-3.887575e+09
-3.7912184e+09
-3.8201515e+09
-3.858193e+09
-3.887575e+09
-3.7912184e+09
-3.8201515e+09
-3.858193e+09
-3.887575e+09
-3.9033131e+09
-3.932997e+09
-3.9720245e+09
-4.0021671e+09
-3.9033131e+09
-3.932997e+09
-3.9720245e+09
-4.0021671e+09
-3.9033131e+09
-3.932997e+09
-3.9720245e+09
-4.0021671e+09
-3.9033131e+09
-3.932997e+09
-3.9720245e+09
-4.0021671e+09
-3.9033131e+09
-3.932997e+09
-3.9720245e+09
-4.0021671e+09
-3.9033131e+09
-3.932997e+09
-3.9720245e+09
-4.0021671e+09
-3.9033131e+09
-3.932997e+09
-3.9720245e+09
-4.0021671e+09
-3.9033131e+09
-3.932997e+09
-3.9720245e+09
-4.0021671e+09
-3.7912184e+09
-3.8201515e+09
-3.858193e+09
-3.887575e+09
-3.7912184e+09
-3.8201515e+09
-3.858193e+09
-3.887575e+09
-3.7912184e+09
-3.8201515e+09
-3.858193e+09
-3.887575e+09
-3.7912184e+09
-3.8201515e+09
-3.858193e+09
-3.887575e+09
-3.7912184e+09
-3.8201515e+09
-3.858193e+09
-3.887575e+09
-3.7912184e+09
-3.8201515e+09
-3.858193e+09
-3.887575e+09
-3.7912184e+09
-3.8201515e+09
-3.858193e+09
-3.887575e+09
-3.7912184e+09
-3.8201515e+09
-3.858193e+09
-3.887575e+09
-3.7912184e+09
-3.8201515e+09
-3.858193e+09
-3.887575e+09
-3.7912184e+09
-3.8201515e+09
-3.858193e+09
-3.887575e+09
-3.7912184e+09
-3.8201515e+09
-3.858193e+09
-3.887575e+09
-3.7912184e+09
-3.8201515e+09
-3.858193e+09
-3.887575e+09
-3.9033131e+09
-3.932997e+09
-3.9720245e+09
-4.0021671e+09
-3.9033131e+09
-3.932997e+09
-3.9720245e+09
-4.0021671e+09
-3.9033131e+09
-3.932997e+09
-3.9720245e+09
-4.0021671e+09
-3.9033131e+09
-3.932997e+09
-3.9720245e+09
-4.0021671e+09
-3.9033131e+09
-3.932997e+09
-3.9720245e+09
-4.0021671e+09
-3.9033131e+09
-3.932997e+09
-3.9720245e+09
-4.0021671e+09
-3.9033131e+09
-3.932997e+09
-3.9720245e+09
-4.0021671e+09
-3.9033131e+09
-3.932997e+09
-3.9720245e+09
-4.0021671e+09
-4.0183123e+09
-4.0487632e+09
-4.088798e+09
-4.1197176e+09
-4.0183123e+09
-4.0487632e+09
-4.088798e+09
-4.1197176e+09
-4.0183123e+09
-4.0487632e+09
-4.088798e+09
-4.1197176e+09
-4.0183123e+09
-4.0487632e+09
-4.088798e+09
-4.1197176e+09
-4.0183123e+09
-4.0487632e+09
-4.088798e+09
-4.1197176e+09
-4.0183123e+09
-4.0487632e+09
-4.088798e+09
-4.1197176e+09
-4.0183123e+09
-4.0487632e+09
-4.088798e+09
-4.1197176e+09
-4.0183123e+09
-4.0487632e+09
-4.088798e+09
-4.1197176e+09
-4.1362786e+09
-4.1675132e+09
-4.2085769e+09
-4.2402902e+09
-4.1362786e+09
-4.1675132e+09
-4.2085769e+09
-4.2402902e+09
-4.1362786e+09
-4.1675132e+09
-4.2085769e+09
-4.2402902e+09
-4.1362786e+09
-4.1675132e+09
-4.2085769e+09
-4.2402902e+09
-4.1362786e+09
-4.1675132e+09
-4.2085769e+09
-4.2402902e+09
-4.1362786e+09
-4.1675132e+09
-4.2085769e+09
-4.2402902e+09
-4.1362786e+09
-4.1675132e+09
-4.2085769e+09
-4.2402902e+09
-4.1362786e+09
-4.1675132e+09
-4.2085769e+09
-4.2402902e+09
-4.1362786e+09
-4.1675132e+09
-4.2085769e+09
-4.2402902e+09
-4.1362786e+09
-4.1675132e+09
-4.2085769e+09
-4.2402902e+09
-4.1362786e+09
-4.1675132e+09
-4.2085769e+09
-4.2402902e+09
-4.1362786e+09
-4.1675132e+09
-4.2085769e+09
-4.2402902e+09
-4.0183123e+09
-4.0487632e+09
-4.088798e+09
-4.1197176e+09
-4.0183123e+09
-4.0487632e+09
-4.088798e+09
-4.1197176e+09
-4.0183123e+09
-4.0487632e+09
-4.088798e+09
-4.1197176e+09
-4.0183123e+09
-4.0487632e+09
-4.088798e+09
-4.1197176e+09
-4.0183123e+09
-4.0487632e+09
-4.088798e+09
-4.1197176e+09
-4.0183123e+09
-4.0487632e+09
-4.088798e+09
-4.1197176e+09
-4.0183123e+09
-4.0487632e+09
-4.088798e+09
-4.1197176e+09
-4.0183123e+09
-4.0487632e+09
-4.088798e+09
-4.1197176e+09
-4.1362786e+09
-4.1675132e+09
-4.2085769e+09
-4.2402902e+09
-4.1362786e+09
-4.1675132e+09
-4.2085769e+09
-4.2402902e+09
-4.1362786e+09
-4.1675132e+09
-4.2085769e+09
-4.2402902e+09
-4.1362786e+09
-4.1675132e+09
-4.2085769e+09
-4.2402902e+09
-4.257276e+09
-4.289311e+09
-4.3314257e+09
-4.3639496e+09
-4.257276e+09
-4.289311e+09
-4.3314257e+09
-4.3639496e+09
-4.257276e+09
-4.289311e+09
-4.3314257e+09
-4.3639496e+09
-4.257276e+09
-4.289311e+09
-4.3314257e+09
-4.3639496e+09
-4.3813691e+09
-4.4142216e+09
-4.4574096e+09
-4.4907614e+09
-4.3813691e+09
-4.4142216e+09
-4.4574096e+09
-4.4907614e+09
-4.3813691e+09
-4.4142216e+09
-4.4574096e+09
-4.4907614e+09
-4.3813691e+09
-4.4142216e+09
-4.4574096e+09
-4.4907614e+09
-4.3813691e+09
-4.4142216e+09
-4.4574096e+09
-4.4907614e+09
-4.3813691e+09
-4.4142216e+09
-4.4574096e+09
-4.4907614e+09
-4.3813691e+09
-4.4142216e+09
-4.4574096e+09
-4.4907614e+09
-4.3813691e+09
-4.4142216e+09
-4.4574096e+09
-4.4907614e+09
-4.257276e+09
-4.289311e+09
-4.3314257e+09
-4.3639496e+09
-4.257276e+09
-4.289311e+09
-4.3314257e+09
-4.3639496e+09
-4.257276e+09
-4.289311e+09
-4.3314257e+09
-4.3639496e+09
-4.257276e+09
-4.289311e+09
-4.3314257e+09
-4.3639496e+09
-4.257276e+09
-4.289311e+09
-4.3314257e+09
-4.3639496e+09
-4.257276e+09
-4.289311e+09
-4.3314257e+09
-4.3639496e+09
-4.257276e+09
-4.289311e+09
-4.3314257e+09
-4.3639496e+09
-4.257276e+09
-4.289311e+09
-4.3314257e+09
-4.3639496e+09
-4.257276e+09
-4.289311e+09
-4.3314257e+09
-4.3639496e+09
-4.257276e+09
-4.289311e+09
-4.3314257e+09
-4.3639496e+09
-4.257276e+09
-4.289311e+09
-4.3314257e+09
-4.3639496e+09
-4.257276e+09
-4.289311e+09
-4.3314257e+09
-4.3639496e+09
-4.3813691e+09
-4.4142216e+09
-4.4574096e+09
-4.4907614e+09
-4.3813691e+09
-4.4142216e+09
-4.4574096e+09
-4.4907614e+09
-4.3813691e+09
-4.4142216e+09
-4.4574096e+09
-4.4907614e+09
-4.3813691e+09
-4.4142216e+09
-4.4574096e+09
-4.4907614e+09
-4.3813691e+09
-4.4142216e+09
-4.4574096e+09
-4.4907614e+09
-4.3813691e+09
-4.4142216e+09
-4.4574096e+09
-4.4907614e+09
-4.3813691e+09
-4.4142216e+09
-4.4574096e+09
-4.4907614e+09
-4.3813691e+09
-4.4142216e+09
-4.4574096e+09
-4.4907614e+09
-4.508624e+09
-4.5423113e+09
-4.5865953e+09
-4.6207924e+09
-4.508624e+09
-4.5423113e+09
-4.5865953e+09
-4.6207924e+09
-4.508624e+09
-4.5423113e+09
-4.5865953e+09
-4.6207924e+09
-4.508624e+09
-4.5423113e+09
-4.5865953e+09
-4.6207924e+09
-4.508624e+09
-4.5423113e+09
-4.5865953e+09
-4.6207924e+09
-4.508624e+09
-4.5423113e+09
-4.5865953e+09
-4.6207924e+09
-4.508624e+09
-4.5423113e+09
-4.5865953e+09
-4.6207924e+09
-4.508624e+09
-4.5423113e+09
-4.5865953e+09
-4.6207924e+09
-4.6391074e+09
-4.6736471e+09
-4.7190503e+09
-4.7541105e+09
-4.6391074e+09
-4.6736471e+09
-4.7190503e+09
-4.7541105e+09
-4.6391074e+09
-4.6736471e+09
-4.7190503e+09
-4.7541105e+09
-4.6391074e+09
-4.6736471e+09
-4.7190503e+09
-4.7541105e+09
-4.6391074e+09
-4.6736471e+09
-4.7190503e+09
-4.7541105e+09
-4.6391074e+09
-4.6736471e+09
-4.7190503e+09
-4.7541105e+09
-4.6391074e+09
-4.6736471e+09
-4.7190503e+09
-4.7541105e+09
-4.6391074e+09
-4.6736471e+09
-4.7190503e+09
-4.7541105e+09
-4.6391074e+09
-4.6736471e+09
-4.7190503e+09
-4.7541105e+09
-4.6391074e+09
-4.6736471e+09
-4.7190503e+09
-4.7541105e+09
-4.6391074e+09
-4.6736471e+09
-4.7190503e+09
-4.7541105e+09
-4.6391074e+09
-4.6736471e+09
-4.7190503e+09
-4.7541105e+09
-4.508624e+09
-4.5423113e+09
-4.5865953e+09
-4.6207924e+09
-4.508624e+09
-4.5423113e+09
-4.5865953e+09
-4.6207924e+09
-4.508624e+09
-4.5423113e+09
-4.5865953e+09
-4.6207924e+09
-4.508624e+09
-4.5423113e+09
-4.5865953e+09
-4.6207924e+09
-4.508624e+09
-4.5423113e+09
-4.5865953e+09
-4.6207924e+09
-4.508624e+09
-4.5423113e+09
-4.5865953e+09
-4.6207924e+09
-4.508624e+09
-4.5423113e+09
-4.5865953e+09
-4.6207924e+09
-4.508624e+09
-4.5423113e+09
-4.5865953e+09
-4.6207924e+09
-4.6391074e+09
-4.6736471e+09
-4.7190503e+09
-4.7541105e+09
-4.6391074e+09
-4.6736471e+09
-4.7190503e+09
-4.7541105e+09
-4.6391074e+09
-4.6736471e+09
-4.7190503e+09
-4.7541105e+09
-4.6391074e+09
-4.6736471e+09
-4.7190503e+09
-4.7541105e+09
-4.7728873e+09
-4.8082973e+09
-4.8548431e+09
-4.8907845e+09
-4.7728873e+09
-4.8082973e+09
-4.8548431e+09
-4.8907845e+09
-4.7728873e+09
-4.8082973e+09
-4.8548431e+09
-4.8907845e+09
-4.7728873e+09
-4.8082973e+09
-4.8548431e+09
-4.8907845e+09
-4.9100328e+09
-4.9463313e+09
-4.9940434e+09
-5.0308843e+09
-4.9100328e+09
-4.9463313e+09
-4.9940434e+09
-5.0308843e+09
-4.9100328e+09
-4.9463313e+09
-4.9940434e+09
-5.0308843e+09
-4.9100328e+09
-4.9463313e+09
-4.9940434e+09
-5.0308843e+09
-4.9100328e+09
-4.9463313e+09
-4.9940434e+09
-5.0308843e+09
-4.9100328e+09
-4.9463313e+09
-4.9940434e+09
-5.0308843e+09
-4.9100328e+09
-4.9463313e+09
-4.9940434e+09
-5.0308843e+09
-4.9100328e+09
-4.9463313e+09
-4.9940434e+09
-5.0308843e+09
-4.7728873e+09
-4.8082973e+09
-4.8548431e+09
-4.8907845e+09
-4.7728873e+09
-4.8082973e+09
-4.8548431e+09
-4.8907845e+09
-4.7728873e+09
-4.8082973e+09
-4.8548431e+09
-4.8907845e+09
-4.7728873e+09
-4.8082973e+09
-4.8548431e+09
-4.8907845e+09
-4.7728873e+09
-4.8082973e+09
-4.8548431e+09
-4.8907845e+09
-4.7728873e+09
-4.8082973e+09
-4.8548431e+09
-4.8907845e+09
-4.7728873e+09
-4.8082973e+09
-4.8548431e+09
-4.8907845e+09
-4.7728873e+09
-4.8082973e+09
-4.8548431e+09
-4.8907845e+09
-4.7728873e+09
-4.8082973e+09
-4.8548431e+09
-4.8907845e+09
-4.7728873e+09
-4.8082973e+09
-4.8548431e+09
-4.8907845e+09
-4.7728873e+09
-4.8082973e+09
-4.8548431e+09
-4.8907845e+09
-4.7728873e+09
-4.8082973e+09
-4.8548431e+09
-4.8907845e+09
-4.9100328e+09
-4.9463313e+09
-4.9940434e+09
-5.0308843e+09
-4.9100328e+09
-4.9463313e+09
-4.9940434e+09
-5.0308843e+09
-4.9100328e+09
-4.9463313e+09
-4.9940434e+09
-5.0308843e+09
-4.9100328e+09
-4.9463313e+09
-4.9940434e+09
-5.0308843e+09
-4.9100328e+09
-4.9463313e+09
-4.9940434e+09
-5.0308843e+09
-4.9100328e+09
-4.9463313e+09
-4.9940434e+09
-5.0308843e+09
-4.9100328e+09
-4.9463313e+09
-4.9940434e+09
-5.0308843e+09
-4.9100328e+09
-4.9463313e+09
-4.9940434e+09
-5.0308843e+09
-5.050614e+09
-5.0878193e+09
-5.136722e+09
-5.174481e+09
-5.050614e+09
-5.0878193e+09
-5.136722e+09
-5.174481e+09
-5.050614e+09
-5.0878193e+09
-5.136722e+09
-5.174481e+09
-5.050614e+09
-5.0878193e+09
-5.136722e+09
-5.174481e+09
-5.050614e+09
-5.0878193e+09
-5.136722e+09
-5.174481e+09
-5.050614e+09
-5.0878193e+09
-5.136722e+09
-5.174481e+09
-5.050614e+09
-5.0878193e+09
-5.136722e+09
-5.174481e+09
-5.050614e+09
-5.0878193e+09
-5.136722e+09
-5.174481e+09
-5.1947019e+09
-5.2328329e+09
-5.2829507e+09
-5.3216467e+09
-5.1947019e+09
-5.2328329e+09
-5.2829507e+09
-5.3216467e+09
-5.1947019e+09
-5.2328329e+09
-5.2829507e+09
-5.3216467e+09
-5.1947019e+09
-5.2328329e+09
-5.2829507e+09
-5.3216467e+09
-5.1947019e+09
-5.2328329e+09
-5.2829507e+09
-5.3216467e+09
-5.1947019e+09
-5.2328329e+09
-5.2829507e+09
-5.3216467e+09
-5.1947019e+09
-5.2328329e+09
-5.2829507e+09
-5.3216467e+09
-5.1947019e+09
-5.2328329e+09
-5.2829507e+09
-5.3216467e+09
-5.1947019e+09
-5.2328329e+09
-5.2829507e+09
-5.3216467e+09
-5.1947019e+09
-5.2328329e+09
-5.2829507e+09
-5.3216467e+09
-5.1947019e+09
-5.2328329e+09
-5.2829507e+09
-5.3216467e+09
-5.1947019e+09
-5.2328329e+09
-5.2829507e+09
-5.3216467e+09
-5.050614e+09
-5.0878193e+09
-5.136722e+09
-5.174481e+09
-5.050614e+09
-5.0878193e+09
-5.136722e+09
-5.174481e+09
-5.050614e+09
-5.0878193e+09
-5.136722e+09
-5.174481e+09
-5.050614e+09
-5.0878193e+09
-5.136722e+09
-5.174481e+09
-5.050614e+09
-5.0878193e+09
-5.136722e+09
-5.174481e+09
-5.050614e+09
-5.0878193e+09
-5.136722e+09
-5.174481e+09
-5.050614e+09
-5.0878193e+09
-5.136722e+09
-5.174481e+09
-5.050614e+09
-5.0878193e+09
-5.136722e+09
-5.174481e+09
-5.1947019e+09
-5.2328329e+09
-5.2829507e+09
-5.3216467e+09
-5.1947019e+09
-5.2328329e+09
-5.2829507e+09
-5.3216467e+09
-5.1947019e+09
-5.2328329e+09
-5.2829507e+09
-5.3216467e+09
-5.1947019e+09
-5.2328329e+09
-5.2829507e+09
-5.3216467e+09
-5.342369e+09
-5.3814446e+09
-5.4328024e+09
-5.4724545e+09
-5.342369e+09
-5.3814446e+09
-5.4328024e+09
-5.4724545e+09
-5.342369e+09
-5.3814446e+09
-5.4328024e+09
-5.4724545e+09
-5.342369e+09
-5.3814446e+09
-5.4328024e+09
-5.4724545e+09
-5.4936884e+09
-5.533728e+09
-5.5863511e+09
-5.6269789e+09
-5.4936884e+09
-5.533728e+09
-5.5863511e+09
-5.6269789e+09
-5.4936884e+09
-5.533728e+09
-5.5863511e+09
-5.6269789e+09
-5.4936884e+09
-5.533728e+09
-5.5863511e+09
-5.6269789e+09
-5.4936884e+09
-5.533728e+09
-5.5863511e+09
-5.6269789e+09
-5.4936884e+09
-5.533728e+09
-5.5863511e+09
-5.6269789e+09
-5.4936884e+09
-5.533728e+09
-5.5863511e+09
-5.6269789e+09
-5.4936884e+09
-5.533728e+09
-5.5863511e+09
-5.6269789e+09
-5.342369e+09
-5.3814446e+09
-5.4328024e+09
-5.4724545e+09
-5.342369e+09
-5.3814446e+09
-5.4328024e+09
-5.4724545e+09
-5.342369e+09
-5.3814446e+09
-5.4328024e+09
-5.4724545e+09
-5.342369e+09
-5.3814446e+09
-5.4328024e+09
-5.4724545e+09
-5.342369e+09
-5.3814446e+09
-5.4328024e+09
-5.4724545e+09
-5.342369e+09
-5.3814446e+09
-5.4328024e+09
-5.4724545e+09
-5.342369e+09
-5.3814446e+09
-5.4328024e+09
-5.4724545e+09
-5.342369e+09
-5.3814446e+09
-5.4328024e+09
-5.4724545e+09
-5.342369e+09
-5.3814446e+09
-5.4328024e+09
-5.4724545e+09
-5.342369e+09
-5.3814446e+09
-5.4328024e+09
-5.4724545e+09
-5.342369e+09
-5.3814446e+09
-5.4328024e+09
-5.4724545e+09
-5.342369e+09
-5.3814446e+09
-5.4328024e+09
-5.4724545e+09
-5.4936884e+09
-5.533728e+09
-5.5863511e+09
-5.6269789e+09
-5.4936884e+09
-5.533728e+09
-5.5863511e+09
-5.6269789e+09
-5.4936884e+09
-5.533728e+09
-5.5863511e+09
-5.6269789e+09
-5.4936884e+09
-5.533728e+09
-5.5863511e+09
-5.6269789e+09
-5.4936884e+09
-5.533728e+09
-5.5863511e+09
-5.6269789e+09
-5.4936884e+09
-5.533728e+09
-5.5863511e+09
-5.6269789e+09
-5.4936884e+09
-5.533728e+09
-5.5863511e+09
-5.6269789e+09
-5.4936884e+09
-5.533728e+09
-5.5863511e+09
-5.6269789e+09
-5.6487348e+09
-5.6897579e+09
-5.7436719e+09
-5.7852951e+09
-5.6487348e+09
-5.6897579e+09
-5.7436719e+09
-5.7852951e+09
-5.6487348e+09
-5.6897579e+09
-5.7436719e+09
-5.7852951e+09
-5.6487348e+09
-5.6897579e+09
-5.7436719e+09
-5.7852951e+09
-5.6487348e+09
-5.6897579e+09
-5.7436719e+09
-5.7852951e+09
-5.6487348e+09
-5.6897579e+09
-5.7436719e+09
-5.7852951e+09
-5.6487348e+09
-5.6897579e+09
-5.7436719e+09
-5.7852951e+09
-5.6487348e+09
-5.6897579e+09
-5.7436719e+09
-5.7852951e+09
-5.8075837e+09
-5.8496101e+09
-5.9048412e+09
-5.9474799e+09
-5.8075837e+09
-5.8496101e+09
-5.9048412e+09
-5.9474799e+09
-5.8075837e+09
-5.8496101e+09
-5.9048412e+09
-5.9474799e+09
-5.8075837e+09
-5.8496101e+09
-5.9048412e+09
-5.9474799e+09
-5.8075837e+09
-5.8496101e+09
-5.9048412e+09
-5.9474799e+09
-5.8075837e+09
-5.8496101e+09
-5.9048412e+09
-5.9474799e+09
-5.8075837e+09
-5.8496101e+09
-5.9048412e+09
-5.9474799e+09
-5.8075837e+09
-5.8496101e+09
-5.9048412e+09
-5.9474799e+09
-5.8075837e+09
-5.8496101e+09
-5.9048412e+09
-5.9474799e+09
-5.8075837e+09
-5.8496101e+09
-5.9048412e+09
-5.9474799e+09
-5.8075837e+09
-5.8496101e+09
-5.9048412e+09
-5.9474799e+09
-5.8075837e+09
-5.8496101e+09
-5.9048412e+09
-5.9474799e+09
-5.6487348e+09
-5.6897579e+09
-5.7436719e+09
-5.7852951e+09
-5.6487348e+09
-5.6897579e+09
-5.7436719e+09
-5.7852951e+09
-5.6487348e+09
-5.6897579e+09
-5.7436719e+09
-5.7852951e+09
-5.6487348e+09
-5.6897579e+09
-5.7436719e+09
-5.7852951e+09
-5.6487348e+09
-5.6897579e+09
-5.7436719e+09
-5.7852951e+09
-5.6487348e+09
-5.6897579e+09
-5.7436719e+09
-5.7852951e+09
-5.6487348e+09
-5.6897579e+09
-5.7436719e+09
-5.7852951e+09
-5.6487348e+09
-5.6897579e+09
-5.7436719e+09
-5.7852951e+09
-5.8075837e+09
-5.8496101e+09
-5.9048412e+09
-5.9474799e+09
-5.8075837e+09
-5.8496101e+09
-5.9048412e+09
-5.9474799e+09
-5.8075837e+09
-5.8496101e+09
-5.9048412e+09
-5.9474799e+09
-5.8075837e+09
-5.8496101e+09
-5.9048412e+09
-5.9474799e+09
-5.9703117e+09
-6.0133617e+09
-6.0699362e+09
-6.1136107e+09
-5.9703117e+09
-6.0133617e+09
-6.0699362e+09
-6.1136107e+09
-5.9703117e+09
-6.0133617e+09
-6.0699362e+09
-6.1136107e+09
-5.9703117e+09
-6.0133617e+09
-6.0699362e+09
-6.1136107e+09
-6.1369967e+09
-6.1810907e+09
-6.2390355e+09
-6.2837665e+09
-6.1369967e+09
-6.1810907e+09
-6.2390355e+09
-6.2837665e+09
-6.1369967e+09
-6.1810907e+09
-6.2390355e+09
-6.2837665e+09
-6.1369967e+09
-6.1810907e+09
-6.2390355e+09
-6.2837665e+09
-6.1369967e+09
-6.1810907e+09
-6.2390355e+09
-6.2837665e+09
-6.1369967e+09
-6.1810907e+09
-6.2390355e+09
-6.2837665e+09
-6.1369967e+09
-6.1810907e+09
-6.2390355e+09
-6.2837665e+09
-6.1369967e+09
-6.1810907e+09
-6.2390355e+09
-6.2837665e+09
-5.9703117e+09
-6.0133617e+09
-6.0699362e+09
-6.1136107e+09
-5.9703117e+09
-6.0133617e+09
-6.0699362e+09
-6.1136107e+09
-5.9703117e+09
-6.0133617e+09
-6.0699362e+09
-6.1136107e+09
-5.9703117e+09
-6.0133617e+09
-6.0699362e+09
-6.1136107e+09
-5.9703117e+09
-6.0133617e+09
-6.0699362e+09
-6.1136107e+09
-5.9703117e+09
-6.0133617e+09
-6.0699362e+09
-6.1136107e+09
-5.9703117e+09
-6.0133617e+09
-6.0699362e+09
-6.1136107e+09
-5.9703117e+09
-6.0133617e+09
-6.0699362e+09
-6.1136107e+09
-5.9703117e+09
-6.0133617e+09
-6.0699362e+09
-6.1136107e+09
-5.9703117e+09
-6.0133617e+09
-6.0699362e+09
-6.1136107e+09
-5.9703117e+09
-6.0133617e+09
-6.0699362e+09
-6.1136107e+09
-5.9703117e+09
-6.0133617e+09
-6.0699362e+09
-6.1136107e+09
-6.1369967e+09
-6.1810907e+09
-6.2390355e+09
-6.2837665e+09
-6.1369967e+09
-6.1810907e+09
-6.2390355e+09
-6.2837665e+09
-6.1369967e+09
-6.1810907e+09
-6.2390355e+09
-6.2837665e+09
-6.1369967e+09
-6.1810907e+09
-6.2390355e+09
-6.2837665e+09
-6.1369967e+09
-6.1810907e+09
-6.2390355e+09
-6.2837665e+09
-6.1369967e+09
-6.1810907e+09
-6.2390355e+09
-6.2837665e+09
-6.1369967e+09
-6.1810907e+09
-6.2390355e+09
-6.2837665e+09
-6.1369967e+09
-6.1810907e+09
-6.2390355e+09
-6.2837665e+09
-6.3077177e+09
-6.3528765e+09
-6.4122188e+09
-6.4580272e+09
-6.3077177e+09
-6.3528765e+09
-6.4122188e+09
-6.4580272e+09
-6.3077177e+09
-6.3528765e+09
-6.4122188e+09
-6.4580272e+09
-6.3077177e+09
-6.3528765e+09
-6.4122188e+09
-6.4580272e+09
-6.3077177e+09
-6.3528765e+09
-6.4122188e+09
-6.4580272e+09
-6.3077177e+09
-6.3528765e+09
-6.4122188e+09
-6.4580272e+09
-6.3077177e+09
-6.3528765e+09
-6.4122188e+09
-6.4580272e+09
-6.3077177e+09
-6.3528765e+09
-6.4122188e+09
-6.4580272e+09
-6.4825548e+09
-6.5287995e+09
-6.5895668e+09
-6.6364738e+09
-6.4825548e+09
-6.5287995e+09
-6.5895668e+09
-6.6364738e+09
-6.4825548e+09
-6.5287995e+09
-6.5895668e+09
-6.6364738e+09
-6.4825548e+09
-6.5287995e+09
-6.5895668e+09
-6.6364738e+09
-6.4825548e+09
-6.5287995e+09
-6.5895668e+09
-6.6364738e+09
-6.4825548e+09
-6.5287995e+09
-6.5895668e+09
-6.6364738e+09
-6.4825548e+09
-6.5287995e+09
-6.5895668e+09
-6.6364738e+09
-6.4825548e+09
-6.5287995e+09
-6.5895668e+09
-6.6364738e+09
-6.4825548e+09
-6.5287995e+09
-6.5895668e+09
-6.6364738e+09
-6.4825548e+09
-6.5287995e+09
-6.5895668e+09
-6.6364738e+09
-6.4825548e+09
-6.5287995e+09
-6.5895668e+09
-6.6364738e+09
-6.4825548e+09
-6.5287995e+09
-6.5895668e+09
-6.6364738e+09
-6.3077177e+09
-6.3528765e+09
-6.4122188e+09
-6.4580272e+09
-6.3077177e+09
-6.3528765e+09
-6.4122188e+09
-6.4580272e+09
-6.3077177e+09
-6.3528765e+09
-6.4122188e+09
-6.4580272e+09
-6.3077177e+09
-6.3528765e+09
-6.4122188e+09
-6.4580272e+09
-6.3077177e+09
-6.3528765e+09
-6.4122188e+09
-6.4580272e+09
-6.3077177e+09
-6.3528765e+09
-6.4122188e+09
-6.4580272e+09
-6.3077177e+09
-6.3528765e+09
-6.4122188e+09
-6.4580272e+09
-6.3077177e+09
-6.3528765e+09
-6.4122188e+09
-6.4580272e+09
-6.4825548e+09
-6.5287995e+09
-6.5895668e+09
-6.6364738e+09
-6.4825548e+09
-6.5287995e+09
-6.5895668e+09
-6.6364738e+09
-6.4825548e+09
-6.5287995e+09
-6.5895668e+09
-6.6364738e+09
-6.4825548e+09
-6.5287995e+09
-6.5895668e+09
-6.6364738e+09
-6.6615892e+09
-6.7089411e+09
-6.7711615e+09
-6.8191887e+09
-6.6615892e+09
-6.7089411e+09
-6.7711615e+09
-6.8191887e+09
-6.6615892e+09
-6.7089411e+09
-6.7711615e+09
-6.8191887e+09
-6.6615892e+09
-6.7089411e+09
-6.7711615e+09
-6.8191887e+09
-6.8449034e+09
-6.8933842e+09
-6.9570861e+09
-7.0062554e+09
-6.8449034e+09
-6.8933842e+09
-6.9570861e+09
-7.0062554e+09
-6.8449034e+09
-6.8933842e+09
-6.9570861e+09
-7.0062554e+09
-6.8449034e+09
-6.8933842e+09
-6.9570861e+09
-7.0062554e+09
-6.8449034e+09
-6.8933842e+09
-6.9570861e+09
-7.0062554e+09
-6.8449034e+09
-6.8933842e+09
-6.9570861e+09
-7.0062554e+09
-6.8449034e+09
-6.8933842e+09
-6.9570861e+09
-7.0062554e+09
-6.8449034e+09
-6.8933842e+09
-6.9570861e+09
-7.0062554e+09
-6.6615892e+09
-6.7089411e+09
-6.7711615e+09
-6.8191887e+09
-6.6615892e+09
-6.7089411e+09
-6.7711615e+09
-6.8191887e+09
-6.6615892e+09
-6.7089411e+09
-6.7711615e+09
-6.8191887e+09
-6.6615892e+09
-6.7089411e+09
-6.7711615e+09
-6.8191887e+09
-6.6615892e+09
-6.7089411e+09
-6.7711615e+09
-6.8191887e+09
-6.6615892e+09
-6.7089411e+09
-6.7711615e+09
-6.8191887e+09
-6.6615892e+09
-6.7089411e+09
-6.7711615e+09
-6.8191887e+09
-6.6615892e+09
-6.7089411e+09
-6.7711615e+09
-6.8191887e+09
-6.6615892e+09
-6.7089411e+09
-6.7711615e+09
-6.8191887e+09
-6.6615892e+09
-6.7089411e+09
-6.7711615e+09
-6.8191887e+09
-6.6615892e+09
-6.7089411e+09
-6.7711615e+09
-6.8191887e+09
-6.6615892e+09
-6.7089411e+09
-6.7711615e+09
-6.8191887e+09
-6.8449034e+09
-6.8933842e+09
-6.9570861e+09
-7.0062554e+09
-6.8449034e+09
-6.8933842e+09
-6.9570861e+09
-7.0062554e+09
-6.8449034e+09
-6.8933842e+09
-6.9570861e+09
-7.0062554e+09
-6.8449034e+09
-6.8933842e+09
-6.9570861e+09
-7.0062554e+09
-6.8449034e+09
-6.8933842e+09
-6.9570861e+09
-7.0062554e+09
-6.8449034e+09
-6.8933842e+09
-6.9570861e+09
-7.0062554e+09
-6.8449034e+09
-6.8933842e+09
-6.9570861e+09
-7.0062554e+09
-6.8449034e+09
-6.8933842e+09
-6.9570861e+09
-7.0062554e+09
-7.032581e+09
-7.0822127e+09
-7.1474248e+09
-7.1977583e+09
-7.032581e+09
-7.0822127e+09
-7.1474248e+09
-7.1977583e+09
-7.032581e+09
-7.0822127e+09
-7.1474248e+09
-7.1977583e+09
-7.032581e+09
-7.0822127e+09
-7.1474248e+09
-7.1977583e+09
-7.032581e+09
-7.0822127e+09
-7.1474248e+09
-7.1977583e+09
-7.032581e+09
-7.0822127e+09
-7.1474248e+09
-7.1977583e+09
-7.032581e+09
-7.0822127e+09
-7.1474248e+09
-7.1977583e+09
-7.032581e+09
-7.0822127e+09
-7.1474248e+09
-7.1977583e+09
-7.2247067e+09
-7.2755116e+09
-7.3422631e+09
-7.3937834e+09
-7.2247067e+09
-7.2755116e+09
-7.3422631e+09
-7.3937834e+09
-7.2247067e+09
-7.2755116e+09
-7.3422631e+09
-7.3937834e+09
-7.2247067e+09
-7.2755116e+09
-7.3422631e+09
-7.3937834e+09
-7.2247067e+09
-7.2755116e+09
-7.3422631e+09
-7.3937834e+09
-7.2247067e+09
-7.2755116e+09
-7.3422631e+09
-7.3937834e+09
-7.2247067e+09
-7.2755116e+09
-7.3422631e+09
-7.3937834e+09
-7.2247067e+09
-7.2755116e+09
-7.3422631e+09
-7.3937834e+09
-7.2247067e+09
-7.2755116e+09
-7.3422631e+09
-7.3937834e+09
-7.2247067e+09
-7.2755116e+09
-7.3422631e+09
-7.3937834e+09
-7.2247067e+09
-7.2755116e+09
-7.3422631e+09
-7.3937834e+09
-7.2247067e+09
-7.2755116e+09
-7.3422631e+09
-7.3937834e+09
-7.032581e+09
-7.0822127e+09
-7.1474248e+09
-7.1977583e+09
-7.032581e+09
-7.0822127e+09
-7.1474248e+09
-7.1977583e+09
-7.032581e+09
-7.0822127e+09
-7.1474248e+09
-7.1977583e+09
-7.032581e+09
-7.0822127e+09
-7.1474248e+09
-7.1977583e+09
-7.032581e+09
-7.0822127e+09
-7.1474248e+09
-7.1977583e+09
-7.032581e+09
-7.0822127e+09
-7.1474248e+09
-7.1977583e+09
-7.032581e+09
-7.0822127e+09
-7.1474248e+09
-7.1977583e+09
-7.032581e+09
-7.0822127e+09
-7.1474248e+09
-7.1977583e+09
-7.2247067e+09
-7.2755116e+09
-7.3422631e+09
-7.3937834e+09
-7.2247067e+09
-7.2755116e+09
-7.3422631e+09
-7.3937834e+09
-7.2247067e+09
-7.2755116e+09
-7.3422631e+09
-7.3937834e+09
-7.2247067e+09
-7.2755116e+09
-7.3422631e+09
-7.3937834e+09
-7.4213666e+09
-7.4733672e+09
-7.5416878e+09
-7.5944175e+09
-7.4213666e+09
-7.4733672e+09
-7.5416878e+09
-7.5944175e+09
-7.4213666e+09
-7.4733672e+09
-7.5416878e+09
-7.5944175e+09
-7.4213666e+09
-7.4733672e+09
-7.5416878e+09
-7.5944175e+09
-7.6226477e+09
-7.675867e+09
-7.7457866e+09
-7.7997489e+09
-7.6226477e+09
-7.675867e+09
-7.7457866e+09
-7.7997489e+09
-7.6226477e+09
-7.675867e+09
-7.7457866e+09
-7.7997489e+09
-7.6226477e+09
-7.675867e+09
-7.7457866e+09
-7.7997489e+09
-7.6226477e+09
-7.675867e+09
-7.7457866e+09
-7.7997489e+09
-7.6226477e+09
-7.675867e+09
-7.7457866e+09
-7.7997489e+09
-7.6226477e+09
-7.675867e+09
-7.7457866e+09
-7.7997489e+09
-7.6226477e+09
-7.675867e+09
-7.7457866e+09
-7.7997489e+09
-7.4213666e+09
-7.4733672e+09
-7.5416878e+09
-7.5944175e+09
-7.4213666e+09
-7.4733672e+09
-7.5416878e+09
-7.5944175e+09
-7.4213666e+09
-7.4733672e+09
-7.5416878e+09
-7.5944175e+09
-7.4213666e+09
-7.4733672e+09
-7.5416878e+09
-7.5944175e+09
-7.4213666e+09
-7.4733672e+09
-7.5416878e+09
-7.5944175e+09
-7.4213666e+09
-7.4733672e+09
-7.5416878e+09
-7.5944175e+09
-7.4213666e+09
-7.4733672e+09
-7.5416878e+09
-7.5944175e+09
-7.4213666e+09
-7.4733672e+09
-7.5416878e+09
-7.5944175e+09
-7.4213666e+09
-7.4733672e+09
-7.5416878e+09
-7.5944175e+09
-7.4213666e+09
-7.4733672e+09
-7.5416878e+09
-7.5944175e+09
-7.4213666e+09
-7.4733672e+09
-7.5416878e+09
-7.5944175e+09
-7.4213666e+09
-7.4733672e+09
-7.5416878e+09
-7.5944175e+09
-7.6226477e+09
-7.675867e+09
-7.7457866e+09
-7.7997489e+09
-7.6226477e+09
-7.675867e+09
-7.7457866e+09
-7.7997489e+09
-7.6226477e+09
-7.675867e+09
-7.7457866e+09
-7.7997489e+09
-7.6226477e+09
-7.675867e+09
-7.7457866e+09
-7.7997489e+09
-7.6226477e+09
-7.675867e+09
-7.7457866e+09
-7.7997489e+09
-7.6226477e+09
-7.675867e+09
-7.7457866e+09
-7.7997489e+09
-7.6226477e+09
-7.675867e+09
-7.7457866e+09
-7.7997489e+09
-7.6226477e+09
-7.675867e+09
-7.7457866e+09
-7.7997489e+09
-7.8286384e+09
-7.8830996e+09
-7.9546488e+09
-8.009867e+09
-7.8286384e+09
-7.8830996e+09
-7.9546488e+09
-8.009867e+09
-7.8286384e+09
-7.8830996e+09
-7.9546488e+09
-8.009867e+09
-7.8286384e+09
-7.8830996e+09
-7.9546488e+09
-8.009867e+09
-7.8286384e+09
-7.8830996e+09
-7.9546488e+09
-8.009867e+09
-7.8286384e+09
-7.8830996e+09
-7.9546488e+09
-8.009867e+09
-7.8286384e+09
-7.8830996e+09
-7.9546488e+09
-8.009867e+09
-7.8286384e+09
-7.8830996e+09
-7.9546488e+09
-8.009867e+09
-8.0394284e+09
-8.0951549e+09
-8.1683644e+09
-8.2248624e+09
-8.0394284e+09
-8.0951549e+09
-8.1683644e+09
-8.2248624e+09
-8.0394284e+09
-8.0951549e+09
-8.1683644e+09
-8.2248624e+09
-8.0394284e+09
-8.0951549e+09
-8.1683644e+09
-8.2248624e+09
-8.0394284e+09
-8.0951549e+09
-8.1683644e+09
-8.2248624e+09
-8.0394284e+09
-8.0951549e+09
-8.1683644e+09
-8.2248624e+09
-8.0394284e+09
-8.0951549e+09
-8.1683644e+09
-8.2248624e+09
-8.0394284e+09
-8.0951549e+09
-8.1683644e+09
-8.2248624e+09
-8.0394284e+09
-8.0951549e+09
-8.1683644e+09
-8.2248624e+09
-8.0394284e+09
-8.0951549e+09
-8.1683644e+09
-8.2248624e+09
-8.0394284e+09
-8.0951549e+09
-8.1683644e+09
-8.2248624e+09
-8.0394284e+09
-8.0951549e+09
-8.1683644e+09
-8.2248624e+09
-7.8286384e+09
-7.8830996e+09
-7.9546488e+09
-8.009867e+09
-7.8286384e+09
-7.8830996e+09
-7.9546488e+09
-8.009867e+09
-7.8286384e+09
-7.8830996e+09
-7.9546488e+09
-8.009867e+09
-7.8286384e+09
-7.8830996e+09
-7.9546488e+09
-8.009867e+09
-7.8286384e+09
-7.8830996e+09
-7.9546488e+09
-8.009867e+09
-7.8286384e+09
-7.8830996e+09
-7.9546488e+09
-8.009867e+09
-7.8286384e+09
-7.8830996e+09
-7.9546488e+09
-8.009867e+09
-7.8286384e+09
-7.8830996e+09
-7.9546488e+09
-8.009867e+09
-8.0394284e+09
-8.0951549e+09
-8.1683644e+09
-8.2248624e+09
-8.0394284e+09
-8.0951549e+09
-8.1683644e+09
-8.2248624e+09
-8.0394284e+09
-8.0951549e+09
-8.1683644e+09
-8.2248624e+09
-8.0394284e+09
-8.0951549e+09
-8.1683644e+09
-8.2248624e+09
-8.2551083e+09
-8.3121241e+09
-8.3870252e+09
-8.4448269e+09
-8.2551083e+09
-8.3121241e+09
-8.3870252e+09
-8.4448269e+09
-8.2551083e+09
-8.3121241e+09
-8.3870252e+09
-8.4448269e+09
-8.2551083e+09
-8.3121241e+09
-8.3870252e+09
-8.4448269e+09
-8.4757701e+09
-8.5340994e+09
-8.6107237e+09
-8.6698536e+09
-8.4757701e+09
-8.5340994e+09
-8.6107237e+09
-8.6698536e+09
-8.4757701e+09
-8.5340994e+09
-8.6107237e+09
-8.6698536e+09
-8.4757701e+09
-8.5340994e+09
-8.6107237e+09
-8.6698536e+09
-8.4757701e+09
-8.5340994e+09
-8.6107237e+09
-8.6698536e+09
-8.4757701e+09
-8.5340994e+09
-8.6107237e+09
-8.6698536e+09
-8.4757701e+09
-8.5340994e+09
-8.6107237e+09
-8.6698536e+09
-8.4757701e+09
-8.5340994e+09
-8.6107237e+09
-8.6698536e+09
-8.2551083e+09
-8.3121241e+09
-8.3870252e+09
-8.4448269e+09
-8.2551083e+09
-8.3121241e+09
-8.3870252e+09
-8.4448269e+09
-8.2551083e+09
-8.3121241e+09
-8.3870252e+09
-8.4448269e+09
-8.2551083e+09
-8.3121241e+09
-8.3870252e+09
-8.4448269e+09
-8.2551083e+09
-8.3121241e+09
-8.3870252e+09
-8.4448269e+09
-8.2551083e+09
-8.3121241e+09
-8.3870252e+09
-8.4448269e+09
-8.2551083e+09
-8.3121241e+09
-8.3870252e+09
-8.4448269e+09
-8.2551083e+09
-8.3121241e+09
-8.3870252e+09
-8.4448269e+09
-8.2551083e+09
-8.3121241e+09
-8.3870252e+09
-8.4448269e+09
-8.2551083e+09
-8.3121241e+09
-8.3870252e+09
-8.4448269e+09
-8.2551083e+09
-8.3121241e+09
-8.3870252e+09
-8.4448269e+09
-8.2551083e+09
-8.3121241e+09
-8.3870252e+09
-8.4448269e+09
-8.4757701e+09
-8.5340994e+09
-8.6107237e+09
-8.6698536e+09
-8.4757701e+09
-8.5340994e+09
-8.6107237e+09
-8.6698536e+09
-8.4757701e+09
-8.5340994e+09
-8.6107237e+09
-8.6698536e+09
-8.4757701e+09
-8.5340994e+09
-8.6107237e+09
-8.6698536e+09
