FiniteElementSpace
FiniteElementCollection: L2_2D_P1
VDim: 1
Ordering: 0

571270846.7217952
-6900743367.423742
577949783.9143254
-6866271090.20073
-15602544729.94672
-28886614895.05732
-15522542176.12301
-28762148853.50133
-15407740355.66434
-28587301916.81208
-15169821392.92266
-28216768641.5222
589021059.1338879
-6820468108.922487
609097540.2604014
-6718056763.186234
631065401.2101274
-6627079269.584964
664660618.5281219
-6459753176.159195
697186331.4504292
-6324896377.086822
744507365.1617817
-6097702795.638647
-14221376938.80947
-26742763955.07382
-13691336400.95374
-25910623028.47493
-14943225578.2517
-27868655635.44239
-14553763890.25098
-27260513554.67572
-39687417977.08675
-56906684914.34945
-38742262741.86525
-55649890899.02423
-37934076594.98071
-54568323485.32299
-36659858935.21938
-52849670357.3537
-68569916611.58562
-89106572722.52946
-66269958872.72189
-86187458306.87207
-71755398985.69897
-93101256205.2482
-70038749993.40846
-90958501295.21323
-73829072726.58328
-95659154286.10068
-72767342321.36345
-94351335359.27786
-40822912867.36793
-58400296213.51092
-40241505955.92348
-57634596357.78296
-41300856283.52822
-59022939666.08079
-41104644145.75344
-58765774642.91226
-74704767637.28099
-96726686264.51442
-74345346418.70012
-96287165769.60512
-115744440139.9391
-142282552139.9474
-115163274493.6117
-141597204751.1122
-114328572464.9244
-140614503768.5137
-112617613207.9695
-138577365779.3276
-162715696681.7739
-193774606348.8995
-160141705696.8162
-190767398194.1473
-164853248002.0491
-196244577429.4344
-163975684857.0004
-195231391642.5471
-222614658197.5753
-259201906981.4262
-221345355949.8639
-257755906952.0023
-289505795407.1121
-331417998820.4279
-287728443325.6303
-329414637207.2692
-285179384598.2145
-326515831178.1896
-280007659111.0452
-320591883378.9772
-219523825001.0345
-255671291847.3443
-215815758340.4545
-251387410351.0048
-212289911280.4762
-247266219888.724
-206401453110.0091
-240329044549.813
-275094988209.3709
-314886534394.3386
-266930620717.2249
-305342719270.8625
-259969012471.5738
-297127865802.7887
-249310451629.7625
-284517652382.3773
-201373379107.3271
-234339098190.7757
-193635945406.2158
-225089615596.2982
-150061943706.6626
-178749688261.7077
-144620851988.0448
-172167567800.5273
-157691638478.6312
-187877806874.0328
-153578408530.7056
-182983943464.6152
-110987683610.6802
-136623843890.5934
-108237080880.0463
-133295684755.685
-105883858186.6748
-130414938424.3326
-102221724598.26
-125906168843.0281
-99238674111.98178
-122192687054.6824
-94807965688.67824
-116665306788.9865
-91300077827.12552
-112263014329.7849
-86244229046.95844
-105920018825.1711
-128484550220.86
-152464832162.0362
-121068513767.0088
-143410613903.6182
-140193590366.2448
-166767904716.4948
-133650570449.8682
-158781608245.7411
-187354461312.5025
-217544540856.2003
-178116413089.9839
-206451469410.5044
-240685488002.5381
-274302426507.4087
-228062185232.5271
-259359462576.9869
-218199878988.6229
-247737277023.4711
-204178186978.1333
-231244176688.7415
-170855450728.4276
-197746870663.9641
-160479730703.6829
-185333970998.7502
-152528764201.9429
-175869758019.2917
-141397934556.137
-162652625884.8331
-193520678137.1315
-218787946504.1593
-178681799869.2855
-201483606138.2574
-167652691858.6726
-188710036284.7328
-152537819526.9371
-171245410316.3903
-133048103052.4491
-152798919455.6865
-121542297211.4066
-139252288738.198
-101208960390.9449
-119316179892.0729
-92778345503.62125
-109153930556.8575
-115346372295.8499
-136445841403.4225
-107297373378.1142
-126671257475.8364
-82322711277.61195
-101000109099.6977
-76786260236.25807
-94064829118.1076
-72567684869.55714
-88800845957.39964
-66703816030.35729
-81496981724.60915
-47447139185.91669
-61632388223.24683
-43679720846.32288
-56693826696.62914
-26174674900.21804
-38122649913.19062
-24077711124.00876
-35099304244.39111
-29654213926.21738
-43095100545.57072
-27687288107.42727
-40290523256.38972
-53681788496.64234
-69814993335.87587
-50151936176.59126
-65180714143.02991
-59382773652.13277
-77277879448.61871
-56176055126.03805
-73089771300.57484
-64396810491.77261
-83778672284.79367
-61599106276.02332
-80169022773.62117
-35623684677.15261
-51433123146.51126
-34066007129.22829
-49293943302.87559
-32834179387.6338
-47574793014.84528
-31045341266.33421
-45069153106.83778
-12093457984.36199
-23357806412.22038
-11335767879.0616
-22135069237.96757
-13262137375.12148
-25229718371.2706
-12607519139.58369
-24191563515.94633
787107828.3551017
-5920981909.843021
848444592.3693192
-5640926070.647342
900515073.6708388
-5425094360.420066
976204264.6022754
-5100879403.640355
1037028963.862084
-4849333843.758806
1127333334.310218
-4490719453.799593
-10751794901.75199
-21163660280.75445
-9918254744.338047
-19780783662.84031
-9282345523.320309
-18693145900.10154
-8405279241.928288
-17178741668.23017
1196055185.901253
-4207213155.305041
1300880587.114296
-3823811612.120483
