FiniteElementSpace
FiniteElementCollection: L2_2D_P3
VDim: 1
Ordering: 0

-18734.029
-8135.5738
-2019.9679
-15633.891
-18734.413
-8135.2323
-2018.1976
-15636.694
-18734.506
-8135.1551
-2017.2686
-15638.247
-18734.28
-8135.3567
-2018.5654
-15636.223
-16999.453
-8499.6271
-1720.3061
-15978.875
-16999.926
-8499.7194
-1721.6554
-15977.459
-16999.732
-8499.75
-1720.6608
-15979.129
-16999.64
-8499.4594
-1718.7791
-15982.047
-7085.1761
-5897.2765
-4930.1189
-4564.3005
-7087.7289
-5897.6694
-4929.5513
-4563.7862
-7088.7404
-5897.9115
-4929.3937
-4563.6003
-7088.5315
-5897.7669
-4929.3339
-4563.6058
-4429.6489
-4220.1272
-3819.3987
-3231.6901
-4429.3274
-4220.2087
-3819.601
-3231.2982
-4429.1883
-4220.187
-3819.6317
-3231.1395
-4429.2223
-4220.2591
-3819.7056
-3231.1646
-4429.2824
-4220.3239
-3819.7619
-3231.2192
-4429.4473
-4220.5059
-3819.9167
-3231.3731
-4429.7316
-4220.8627
-3820.2353
-3231.6261
-4429.9663
-4221.2334
-3820.5902
-3231.8151
-7088.1406
-5897.5937
-4929.3174
-4563.6481
-7087.0335
-5897.1129
-4929.2736
-4563.7752
-7085.1701
-5896.2352
-4929.1368
-4563.9684
-7083.6986
-5895.4228
-4928.9138
-4564.0825
-6800.5835
-4932.5309
-4225.8391
-3415.1885
-6798.1813
-4932.2326
-4226.4514
-3415.6275
-6796.7742
-4932.069
-4226.8009
-3415.8827
-6798.1201
-4932.2469
-4226.4509
-3415.6369
-3200.4245
-2728.2435
-2155.5547
-1687.0133
-3200.6152
-2727.9471
-2155.1794
-1687.5382
-3200.725
-2727.7756
-2154.9626
-1687.8418
-3200.6165
-2727.9421
-2155.1743
-1687.5465
-3200.1181
-2728.7443
-2156.2175
-1686.1212
-3200.0488
-2728.8776
-2156.3671
-1685.8781
-3200.156
-2728.7093
-2156.1555
-1686.1761
-3200.3475
-2728.4124
-2155.7787
-1686.7021
-3262.6051
-2630.2809
-2039.7079
-1853.4616
-3262.5967
-2630.2856
-2039.7263
-1853.4592
-3262.7753
-2630.2379
-2039.7651
-1853.4417
-3262.8743
-2630.1742
-2039.661
-1853.5364
-4744.3756
-4195.902
-3685.1243
-3710.0418
-4744.3486
-4195.9777
-3685.2212
-3709.9992
-4744.3072
-4196.0889
-3685.3945
-3709.9676
-4744.1702
-4196.5949
-3686.0235
-3709.7512
