FiniteElementSpace
FiniteElementCollection: L2_2D_P1
VDim: 1
Ordering: 0

0.02655239382672608
0.02904692592678156
0.09784615800521615
0.1071038677933984
0.1491606727532172
0.1632683987777353
0.2170590493702644
0.2376692914524118
0.1723737114161188
0.1828059073251993
0.2509787615484586
0.2662323736626656
0.03066336410201935
0.03250587458714054
0.1130711303685677
0.1199145531833427
0.03361388956325162
0.03474413603447921
0.1240095576689647
0.1282096868847404
0.03530740655031218
0.03568857042096441
0.1302929528066892
0.1317096969106584
0.1986380949986173
0.2007989363020907
0.2894102073584399
0.2925720240055437
0.189054359302949
0.1954593004679218
0.2753808658730184
0.2847509762024696
0.3360200874893897
0.3474523589980301
0.4149885421475796
0.4291911450955085
0.3531286181732053
0.3569860353192806
0.4362581455619122
0.4410529943608472
0.493229072435293
0.4986442877556899
0.5660464608205601
0.5723129610905136
0.4692131283160379
0.4852626965147868
0.5382707697309953
0.556817521124166
0.4274559223207912
0.4535736573907648
0.4900977181755383
0.5202104104445113
0.3062572018707673
0.3248690833768251
0.3780389942289214
0.4011323327065372
0.2648727538181239
0.2900243346562039
0.3267597230087921
0.3579178168632137
0.3694579565963834
0.4047167042213379
0.4233564986521838
0.4639224893482897
