FiniteElementSpace
FiniteElementCollection: L2_2D_P4
VDim: 2
Ordering: 0

-0.00016965745227299
-0.0008335033778525643
-0.00179683086154235
-0.002740091260214852
-0.003367269445881525
-0.0008335033778525618
-0.004094885733482346
-0.008827579174744587
-0.01346168582879856
-0.01654292469726554
-0.001796830861542343
-0.008827579174744622
-0.0190301168721783
-0.02902012539876146
-0.03566252810252659
-0.002740091260214878
-0.01346168582879862
-0.02902012539876146
-0.04425446694923216
-0.05438385084671915
-0.003367269445881555
-0.0165429246972656
-0.03566252810252666
-0.05438385084671918
-0.06683174460808904
-0.003680755541267618
-0.004280204682368897
-0.005116941374269549
-0.005896531842903675
-0.006391560095274115
-0.01808303811941962
-0.02102804806307218
-0.02513881861708339
-0.02896883775413081
-0.03140084244921077
-0.03898263861525385
-0.04533136484110032
-0.05419318783118478
-0.06244977894839795
-0.06769259044460814
-0.05944687931177039
-0.06912841896988071
-0.08264232517241475
-0.09523327830198421
-0.1032283446530757
-0.07305364725109013
-0.08495118991807747
-0.1015582876855926
-0.1170311780901265
-0.1268562313767516
-0.07985479666859951
-0.09285997692007671
-0.1110131624950882
-0.1279265482550462
-0.138666294482431
-0.09285997692007669
-0.1079831853981527
-0.129092805156089
-0.1487607108653477
-0.1612495359379509
-0.1110131624950882
-0.129092805156089
-0.1543291419087275
-0.1778419241089561
-0.1927721880734936
-0.1279265482550461
-0.1487607108653478
-0.1778419241089562
-0.2049369910284398
-0.2221419520492062
-0.1386662944824308
-0.1612495359379508
-0.1927721880734937
-0.2221419520492061
-0.2407913115762675
-0.00368075554126761
-0.01808303811941962
-0.03898263861525385
-0.05944687931177035
-0.07305364725109022
-0.004280204682368882
-0.02102804806307224
-0.04533136484110031
-0.06912841896988069
-0.08495118991807753
-0.005116941374269529
-0.02513881861708348
-0.05419318783118478
-0.08264232517241477
-0.1015582876855926
-0.005896531842903725
-0.02896883775413093
-0.06244977894839798
-0.09523327830198423
-0.1170311780901265
-0.006391560095274171
-0.03140084244921089
-0.06769259044460829
-0.1032283446530758
-0.1268562313767514
-0.4998303425477271
-0.4978638600410791
-0.4903094343768222
-0.4772792116773595
-0.4653070357015249
-0.4978638600410791
-0.4959051142665176
-0.488380409979
-0.4754014520844421
-0.4634763782403087
-0.4903094343768222
-0.4883804099789999
-0.4809698831278217
-0.4681878637549831
-0.4564437371358379
-0.4772792116773595
-0.475401452084442
-0.4681878637549831
-0.4557455330507679
-0.4443135125722125
-0.4653070357015249
-0.4634763782403087
-0.4564437371358379
-0.4443135125722125
-0.433168255391911
-0.4582590107143758
-0.4426532488606743
-0.4156642676590417
-0.3840331298825896
-0.3599449506885479
-0.456456082297725
-0.4409117181925711
-0.4140289197391381
-0.3825222283474048
-0.3585288192762824
-0.449529964900026
-0.4342214659631549
-0.4077465784244586
-0.3767179594078236
-0.3530886185887029
-0.4375834773514562
-0.4226818095631545
-0.3969105056318405
-0.3667064879536591
-0.3437051088899674
-0.4266070378443639
-0.4120791667451491
-0.3869543158296873
-0.357507942327018
-0.3350835348788919
-0.4201452033314005
-0.405837386498855
-0.3810931027432763
-0.3520927546825282
-0.3300080106649756
-0.405837386498855
-0.3920168146018473
-0.3681151839976556
-0.3401024270478929
-0.3187697669996235
-0.3810931027432765
-0.3681151839976556
-0.3456708580912725
-0.3193660650447884
-0.2993340771648709
-0.3520927546825283
-0.3401024270478928
-0.3193660650447883
-0.2950630089715601
-0.2765554113697255
-0.3300080106649757
-0.3187697669996236
-0.2993340771648709
-0.2765554113697256
-0.2592086884237325
-0.4582590107143757
-0.456456082297725
-0.449529964900026
-0.4375834773514563
-0.4266070378443638
-0.4426532488606743
-0.4409117181925713
-0.434221465963155
-0.4226818095631547
-0.412079166745149
-0.4156642676590418
-0.4140289197391382
-0.4077465784244587
-0.3969105056318406
-0.3869543158296873
-0.3840331298825896
-0.3825222283474047
-0.3767179594078235
-0.3667064879536592
-0.3575079423270181
-0.3599449506885479
-0.3585288192762826
-0.3530886185887029
-0.3437051088899675
-0.3350835348788921
