FiniteElementSpace
FiniteElementCollection: L2_2D_P4
VDim: 1
Ordering: 0

0.01838024385093088
0.09067788411705109
0.196403892661426
0.3005594795413346
0.3701253517584408
0.01830816159621388
0.09031937420253747
0.1956250108343338
0.2993657281878537
0.3686521846044171
0.01803061127104312
0.08894233069508505
0.1926338623914143
0.2947811013804792
0.3629957639141201
0.01755148741060179
0.08656758029412782
0.1874762544089196
0.2868762537826354
0.3532449347694013
0.01711113183157769
0.08438616847886148
0.1827388987441711
0.2796162326027823
0.3442912893691368
0.4050133162119482
0.4719334620602727
0.5654616764215291
0.6523040313952287
0.7071181362055463
0.4033990803868988
0.4700508514265382
0.5632129595058813
0.6497276455347416
0.7043411031529899
0.3972008508617994
0.4628203789320605
0.5545728785587629
0.6398256236691863
0.6936646209091366
0.3865166116595532
0.4503534194887445
0.5396648970520704
0.6227274247613007
0.6752226299508552
0.3767069034636457
0.4389042668076683
0.5259630433330785
0.6069980208766451
0.6582490866900557
0.3709351141587091
0.4321669672036205
0.5178953550909733
0.597730000554211
0.648243910191652
0.3581631562930147
0.4172572767899314
0.5000301559925727
0.5771905869964619
0.6260600049395624
0.3361013564552276
0.3915033255109617
0.4691402936540182
0.5416218673260603
0.587604236811843
0.3102843214636465
0.3613743538590707
0.4329720439148792
0.4998974987601774
0.5424287839710575
0.2906496786046481
0.3384709976751033
0.4054699896992731
0.4681270850521054
0.50798677029011
0.01685184677757325
0.08310221065261017
0.1799506137914486
0.2753435094162883
0.3390226744655871
0.01627766171379568
0.08025975286091329
0.1737783563513625
0.2658859550947982
0.3273626888091795
0.01528465970095003
0.07534605418971696
0.1631093910821483
0.2495404177142229
0.3072164627304467
0.01412099708902961
0.06959069495935545
0.1506144861268769
0.2303995895598658
0.2836331152778143
0.01323479194944369
0.06521021689496675
0.1411064289359732
0.2158347832915698
0.2656921349048632
