FiniteElementSpace
FiniteElementCollection: L2_2D_P4
VDim: 1
Ordering: 0

0.01323943486556781
0.01412602487971834
0.01529029234075358
0.01628368962231561
0.01685814824366099
0.06521989214638028
0.06960049262475733
0.07535602833103988
0.08026979631634656
0.08311222937123147
0.1411052460501644
0.1506119181010661
0.1631052200171847
0.1737730050149309
0.1799446646344205
0.2158250828690436
0.2303902434525706
0.2495329037149374
0.2658811631212706
0.2753406532228737
0.2656854765844148
0.2836302896343476
0.3072199396781562
0.327371553260175
0.3390342879075973
0.01711759209791862
0.01755825667366303
0.01803778995943701
0.0183156200867494
0.01838781656508905
0.08439622202785536
0.08657776683369142
0.0889526667261912
0.09032997040522055
0.09068874055945648
0.1827326916349133
0.1874696723214559
0.1926268406897124
0.1956175265136573
0.1963961360193403
0.2796143426496677
0.2868761337420306
0.2947829658718401
0.2993688467978358
0.3005630259522983
0.3443039183117385
0.3532589936151642
0.363011058137917
0.3686680157419883
0.3701414241349288
0.3767221813653368
0.386531372041673
0.3972148306216354
0.403412610639255
0.4050268535971511
0.4389089737382333
0.4503554333769222
0.4628192097298857
0.4700475259741663
0.4719294083491329
0.5259506381012066
0.5396501085084042
0.5545554068991888
0.5631933372093956
0.5654408321805318
0.6069864015443561
0.6227167741500634
0.639816966256164
0.6497205330500884
0.6522971883653998
0.6582448640661098
0.6752206100290238
0.6936650714804847
0.7043427131768311
0.7071199801351867
0.2906489972388923
0.3102892021311109
0.3361126900297323
0.3581778325247763
0.3709504617605353
0.3384813754622816
0.3613877712632823
0.3915165109055032
0.4172668270572583
0.4321732686425389
0.4054823135870464
0.432979758844806
0.4691399804608322
0.5000227619563045
0.5178844013885424
0.4681279815915335
0.4998927258013073
0.5416117667375461
0.5771784598370445
0.5977180387168664
0.5079804159958066
0.542420426333565
0.5875949854165454
0.6260524566213204
0.6482385254492625
