FiniteElementSpace
FiniteElementCollection: L2_2D_P1
VDim: 1
Ordering: 0

0.029185195
0.031173801
0.029094493
0.030831441
0.032461426
0.033806198
0.032026645
0.033269685
0.031667704
0.032815893
0.031100387
0.032128299
0.029017354
0.030565003
0.028909687
0.030158313
0.028816047
0.029854912
0.028682409
0.029398786
0.028563082
0.029055023
0.028377093
0.028563084
0.029398789
0.029854914
0.028682411
0.02881605
0.030641581
0.031531251
0.029952412
0.030641582
0.032128298
0.032815891
0.031100386
0.031667699
0.030158316
0.030565003
0.02890969
0.029017359
0.030831441
0.031173797
0.029094499
0.029185202
0.033269684
0.033806199
0.032026638
0.032461417
0.035054401
0.035764414
0.034082542
0.03469696
0.033568197
0.034462396
0.032790513
0.033568198
0.034696957
0.035764413
0.034082541
0.035054399
0.03647058
0.037321822
0.035697845
0.036470579
