FiniteElementSpace
FiniteElementCollection: L2_2D_P4
VDim: 1
Ordering: 0

-6.70291224323727e+46
-1.919348258852829e+47
3.48613358946658e+47
-9.888896229889512e+46
2.475263908836752e+47
-6.116252793436931e+46
-2.036082201160913e+47
3.537115253512701e+47
-9.126280899555103e+46
1.880918299821235e+47
-4.378127842558783e+46
-2.369199057023184e+47
3.411909280224912e+47
9.521956234002535e+45
-4.206644820789564e+46
-1.266840771632005e+46
-2.847207107356032e+47
2.79332344854494e+47
1.918009531940713e+47
-9.259230077545673e+46
1.648807548180602e+46
-3.143428848834774e+47
1.833889225627001e+47
3.16705939948838e+47
7.212262629831226e+46
