FiniteElementSpace
FiniteElementCollection: L2_2D_P1
VDim: 1
Ordering: 0

12.500319
12.475825
12.419515
12.395729
12.573278
12.532737
12.493919
12.451373
12.429283
12.376162
12.355472
12.293155
12.34492
12.321842
12.261008
12.237856
12.218464
12.194891
12.188918
12.164939
12.315521
12.251381
12.287332
12.222465
12.481767
12.376422
12.450446
12.347703
12.572653
12.469775
12.52248
12.415697
12.884638
12.681943
12.808787
12.627025
12.751905
12.581526
12.707228
12.545597
13.100502
12.895432
13.049669
12.846213
13.399824
13.240166
13.3574
13.192325
13.548664
13.404359
13.455311
13.301972
13.278715
13.078979
13.166427
12.959329
13.469759
13.37091
13.362893
13.225636
13.575763
13.515864
13.530797
13.45345
13.774439
13.648835
13.743323
13.614576
13.699639
13.566697
13.617763
13.478209
13.953149
13.801029
13.83982
13.712249
14.069869
13.885084
14.019212
13.849771
14.535346
14.239578
14.38691
14.164805
14.25243
14.076152
14.062617
13.934295
13.92197
13.825552
13.732167
13.684073
13.750542
13.639385
13.635784
13.544066
13.568488
13.488611
13.517093
13.446934
13.59933
13.596426
13.450745
13.523798
13.404174
13.438648
13.241566
13.291486
13.382803
13.38959
13.212535
13.222632
13.657173
13.645621
13.501625
13.501982
13.640469
13.635323
13.508921
13.526258
14.077269
13.989175
13.80683
13.762733
14.221463
14.139542
13.905403
13.84563
13.662894
13.618689
13.313062
13.282908
13.763628
13.703346
13.40129
13.346985
13.869199
13.808772
13.499615
13.44293
14.475416
14.407551
14.130724
14.067209
14.354807
14.279182
14.018981
13.952639
14.900685
14.812153
14.591146
14.50915
15.034318
14.959904
14.717895
14.646999
15.535466
15.457628
15.253967
15.177654
15.396154
15.305248
15.116901
15.025933
15.232343
15.118641
14.951616
14.83338
14.740072
14.627241
14.444262
14.347303
14.530163
14.375856
14.269073
14.152713
15.017153
14.816084
14.727353
14.544207
15.541372
15.492467
15.241743
15.137354
15.679438
15.596207
15.428458
15.325016
16.040824
15.982293
15.845442
15.775078
15.950665
15.92783
15.733733
15.701504
16.204041
16.186056
16.076349
16.05639
16.30827
16.291373
16.266029
16.248732
16.379099
16.332306
16.338303
16.2906
16.278774
16.22953
16.157684
16.104391
16.391673
16.323185
16.276075
16.2048
16.488258
16.421743
16.448889
16.381614
16.6142
16.540724
16.575529
16.501748
16.519375
16.445139
16.406004
16.33085
16.297504
16.221511
16.116963
16.039792
16.165429
16.091137
15.981634
15.902037
15.825588
15.741733
15.586954
15.498122
15.96307
15.885219
15.726248
15.648047
16.083777
16.016611
15.845327
15.779314
16.179581
16.12775
15.938764
15.888298
16.518026
16.464474
16.335577
16.282915
16.419325
16.351075
16.238359
16.17061
16.641203
16.572611
16.527894
16.45944
16.73589
16.667238
16.697283
16.62865
16.836617
16.7818
16.797808
16.743121
16.74141
16.686925
16.62738
16.573346
16.809254
16.774491
16.694531
16.660137
16.904987
16.869943
16.86597
16.831037
16.934436
16.922414
16.895319
16.883339
16.838452
16.826534
16.723403
16.711619
16.612991
16.601346
16.428643
16.417246
16.584456
16.550444
16.400709
16.367382
16.243536
16.210828
16.000839
15.969114
16.270931
16.259755
16.027383
16.016557
15.830616
15.82007
15.539754
15.529603
15.312685
15.302815
14.985934
14.976412
15.288472
15.259473
14.962573
14.934591
15.804755
15.773823
15.514855
15.485048
15.744203
15.694875
15.456477
15.408821
15.65278
15.587888
15.368071
15.305066
15.145558
15.084144
14.824731
14.765661
15.231665
15.18526
14.907757
14.862994
14.659793
14.616118
14.308073
14.26564
14.578858
14.521533
14.229595
14.174544
13.964953
13.911374
13.592202
13.540096
14.042033
14.000285
13.668055
13.626897
14.09349
14.067197
13.718869
13.6929
14.713347
14.686003
14.360253
14.333599
14.736177
14.726872
14.382514
14.373441
14.115451
14.106501
13.740555
13.731719
13.459199
13.450414
13.065878
13.05704
13.437643
13.411834
13.044352
13.018832
12.749787
12.724789
12.337626
12.314396
12.77159
12.762411
12.360726
12.350113
11.891178
11.857988
11.019635
10.98829
11.811077
11.722696
10.943815
10.858768
12.625261
12.573654
12.215683
12.167323
12.700443
12.659633
12.290298
12.249145
13.387132
13.346174
12.994313
12.95347
13.311616
13.260096
12.918827
12.866498
13.055689
12.950025
12.257685
12.155233
13.042471
13.015764
12.654744
12.628736
13.011244
13.030639
12.619141
12.61626
12.321467
12.313083
11.90647
11.895091
12.363074
12.334608
11.956267
11.922896
11.649773
11.614653
11.220753
11.184824
11.596853
11.58438
11.165577
11.151518
10.84348
10.827334
10.394379
10.372744
10.90199
10.864406
10.45943
10.418622
11.647701
11.544733
10.7844
10.677987
10.131814
10.020806
9.2145774
9.0986169
9.9407471
9.866398
9.005535
8.9094055
8.5093331
8.4439918
8.0326642
7.9615682
8.4010703
8.3622412
7.9146883
7.8750599
7.5585797
7.5128721
7.0695191
6.9930545
7.6828389
7.6094169
7.2047976
7.1299426
8.525365
8.4091333
7.5602722
7.4509421
8.6646373
8.5935352
7.6865869
7.6226976
10.287424
10.20556
9.3620802
9.2859733
10.359167
10.329599
9.4272504
9.4004982
8.7246788
8.7000959
7.7396605
7.7180158
7.0019293
6.982397
5.9743179
5.9576589
6.9538963
6.8955286
5.9332413
5.8829584
5.1735767
5.1296076
4.1216359
4.0866298
5.2094391
5.1949061
4.1502169
4.1386339
3.3661354
3.3567407
2.2859911
2.279614
1.490474
1.4863181
0.4002461
0.39913134
1.4802338
1.467769
0.39750082
0.39416657
3.3429639
3.3146374
2.270272
2.2511079
3.286851
3.2391379
2.2323727
2.2003378
1.4556063
1.4348571
0.39092149
0.38540126
1.4166616
1.3877838
0.38057129
0.37290823
3.1970456
3.1301463
2.1721907
2.1274994
4.9452341
4.8395722
3.9404452
3.8570495
5.0862925
5.0115329
4.0522102
3.9929288
6.8381523
6.7382394
5.8333975
5.7477404
6.8526651
6.7802943
6.365392
6.2991526
6.0061793
5.9449591
5.5126594
5.4565569
5.8940728
5.8167139
5.41303
5.3514795
6.7151743
6.5726513
6.2404529
6.1384285
6.3403907
6.1496533
6.0540863
5.9354007
5.7579075
5.6705515
5.3044135
5.2343839
5.606613
5.521681
5.1803893
5.1040279
6.0570535
5.960956
5.8595156
5.7686502
5.9092607
5.8859401
5.7103702
5.6435037
5.9368544
5.9091659
5.5961599
5.5310824
5.3204247
5.2422622
4.9059113
4.8283108
5.4613084
5.3804279
5.0453084
4.9649999
4.7157173
4.641699
4.2569285
4.1916116
4.5871297
4.514677
4.1432059
4.0780737
3.8155837
3.7560567
3.365613
3.3138905
3.9194378
3.859766
3.4569317
3.4042767
4.7527692
4.6223132
3.7882154
3.6855341
3.074816
2.9920423
2.0904508
2.0347384
1.3638118
1.327662
0.36653514
0.35689112
1.2993127
1.2597455
0.34929744
0.33864883
2.9275716
2.8385476
1.9911701
1.9306019
2.7766816
2.7027956
1.8881065
1.8374545
1.2318797
1.198655
0.33111962
0.32212906
1.1804134
1.1670414
0.31718958
0.31356634
2.6623778
2.6328202
1.8096532
1.7892899
4.1090704
4.0641248
3.2796662
3.2436547
4.2835054
4.1693982
3.4198009
3.3288517
5.061049
4.9985876
4.6594767
4.6022923
5.1862073
5.1121647
4.7746155
4.7064207
5.8590147
5.7798331
5.4770879
5.4007671
5.7241724
5.6587857
5.3473855
5.2824662
5.468095
5.4090737
4.7011919
4.6487081
6.1413666
6.1248574
5.8177635
5.798526
6.204873
6.1633399
5.8794422
5.8399458
6.6748121
6.6354346
6.4193428
6.3781331
6.6145958
6.5995853
6.3565564
6.3409375
6.939776
6.9256192
6.7725398
6.7578903
7.0811334
7.0675495
7.0233471
7.0095049
7.1334145
7.0997667
7.0768302
7.0423488
6.9948891
6.9592448
6.8305198
6.7927832
7.0661861
7.0247347
6.9142827
6.8635117
7.1950976
7.160557
7.1420397
7.1050264
7.2287596
7.2145469
7.1812021
7.1640727
7.1175282
7.0935543
7.0005948
6.9546051
6.8971952
6.8179619
6.6797208
6.5803966
6.7677098
6.7101478
6.5215912
6.4573302
6.3101111
6.2438014
5.9844047
5.9182118
6.4639614
6.3697565
6.1255439
6.0417546
6.624032
6.534619
6.222527
6.1801042
6.8982985
6.8205963
6.7549692
6.6932647
7.0409532
6.9648419
6.9787944
6.8970241
7.2536123
7.1208034
7.1803851
7.0555011
7.0884579
6.969008
6.9288927
6.8121592
7.3023087
7.1851249
7.2160434
7.0779487
7.4718297
7.3538236
7.3891644
7.2751794
7.5725216
7.5321577
7.4875015
7.4479541
7.4005523
7.3613693
7.3170744
7.2778232
