FiniteElementSpace
FiniteElementCollection: L2_2D_P3
VDim: 1
Ordering: 0

1.826533981628607e+19
1.82539167569396e+19
1.823866023012026e+19
1.822654368389718e+19
1.826533981628663e+19
1.82539167569389e+19
1.823866023012176e+19
1.822654368389978e+19
1.82653398162861e+19
1.825391675693913e+19
1.823866023011993e+19
1.822654368390147e+19
1.826533981628505e+19
1.825391675693982e+19
1.823866023011697e+19
1.822654368390166e+19
1.826549722176476e+19
1.825385050394182e+19
1.8238722550436e+19
1.822641414574079e+19
1.826549722176519e+19
1.825385050394104e+19
1.823872255043664e+19
1.822641414576026e+19
1.826549722176539e+19
1.825385050394052e+19
1.823872255043692e+19
1.82264141457715e+19
1.826549722176515e+19
1.825385050394077e+19
1.823872255043637e+19
1.822641414576052e+19
1.832298730969809e+19
1.830288760982904e+19
1.828496144937621e+19
1.827162915793334e+19
1.832298730969661e+19
1.83028876098293e+19
1.828496144937607e+19
1.827162915793345e+19
1.832298730969487e+19
1.830288760982953e+19
1.828496144937595e+19
1.827162915793358e+19
1.832298730969413e+19
1.830288760982952e+19
1.828496144937587e+19
1.827162915793368e+19
1.832298705792573e+19
1.830288803156352e+19
1.828496060371032e+19
1.827163211765299e+19
1.832298705792718e+19
1.830288803156329e+19
1.828496060371039e+19
1.827163211765282e+19
1.832298705792724e+19
1.830288803156337e+19
1.828496060371034e+19
1.827163211765279e+19
1.832298705792631e+19
1.830288803156359e+19
1.828496060371023e+19
1.827163211765287e+19
1.826549425712603e+19
1.825385135297793e+19
1.823872213082819e+19
1.822641437363902e+19
1.826549425712575e+19
1.825385135297834e+19
1.823872213082779e+19
1.822641437362787e+19
1.826549425712598e+19
1.825385135297792e+19
1.82387221308282e+19
1.822641437363901e+19
1.826549425712641e+19
1.825385135297716e+19
1.823872213082885e+19
1.822641437365842e+19
1.821856781159915e+19
1.819766677798504e+19
1.81720872836285e+19
1.815323449670755e+19
1.821856781200413e+19
1.819766677780575e+19
1.81720872837262e+19
1.815323449663273e+19
1.821856781655702e+19
1.819766677579057e+19
1.817208728482505e+19
1.815323449579256e+19
1.821856781696185e+19
1.81976667756111e+19
1.817208728492263e+19
1.815323449571755e+19
1.821857378641822e+19
1.819765946883619e+19
1.817210044574378e+19
1.815319370368147e+19
1.821857378678372e+19
1.819765946869364e+19
1.817210044581615e+19
1.815319370364575e+19
1.821857379089198e+19
1.819765946708976e+19
1.817210044662826e+19
1.815319370324194e+19
1.821857379125744e+19
1.819765946694711e+19
1.817210044670051e+19
1.815319370320596e+19
1.826549821119419e+19
1.825385157945833e+19
1.823872172311394e+19
1.822640980110391e+19
1.826549821119456e+19
1.825385157945773e+19
1.82387217231145e+19
1.822640980112139e+19
1.826549821119478e+19
1.825385157945741e+19
1.823872172311485e+19
1.822640980113141e+19
1.826549821119456e+19
1.825385157945777e+19
1.823872172311457e+19
1.822640980112145e+19
1.832298779749826e+19
1.830288699710294e+19
1.828496127328985e+19
1.827162977873554e+19
1.832298779749735e+19
1.830288699710317e+19
1.828496127328976e+19
1.827162977873564e+19
1.832298779749737e+19
1.830288699710324e+19
1.828496127328972e+19
1.827162977873564e+19
1.832298779749875e+19
1.8302886997103e+19
1.82849612732898e+19
1.82716297787355e+19
1.83229875457187e+19
1.830288741885935e+19
1.82849604275775e+19
1.827163273862376e+19
1.8322987545718e+19
1.83028874188594e+19
1.828496042757757e+19
1.827163273862387e+19
1.832298754571634e+19
1.830288741885969e+19
1.828496042757752e+19
1.827163273862409e+19
1.832298754571492e+19
1.830288741886001e+19
1.828496042757742e+19
1.827163273862425e+19
1.826549524637945e+19
1.825385242854673e+19
1.823872130347978e+19
1.822641002902115e+19
1.826549524637928e+19
1.825385242854707e+19
1.823872130347946e+19
1.822641002901135e+19
1.826549524637955e+19
1.825385242854671e+19
1.823872130347976e+19
1.822641002902152e+19
1.826549524637994e+19
1.825385242854611e+19
1.82387213034803e+19
1.822641002903904e+19
1.826549748478589e+19
1.825385063818452e+19
1.823872250934064e+19
1.822641403373692e+19
1.82654974847864e+19
1.825385063818385e+19
1.82387225093414e+19
1.822641403375653e+19
1.826549748478673e+19
1.825385063818347e+19
1.823872250934185e+19
1.822641403376793e+19
1.826549748478653e+19
1.825385063818388e+19
1.823872250934143e+19
1.8226414033757e+19
1.832298681721273e+19
1.83028876146522e+19
1.828496169990094e+19
1.827162945024872e+19
1.832298681721139e+19
1.830288761465253e+19
1.828496169990086e+19
1.82716294502489e+19
1.832298681720978e+19
1.830288761465284e+19
1.828496169990083e+19
1.827162945024915e+19
1.832298681720911e+19
1.830288761465293e+19
1.828496169990092e+19
1.827162945024928e+19
1.832298656544398e+19
1.830288803637923e+19
1.828496085424817e+19
1.827163240992003e+19
1.832298656544561e+19
1.830288803637929e+19
1.828496085424851e+19
1.827163240992e+19
1.832298656544584e+19
1.830288803637955e+19
1.828496085424864e+19
1.827163240992009e+19
1.832298656544504e+19
1.830288803637986e+19
1.828496085424861e+19
1.827163240992022e+19
1.826549452019513e+19
1.825385148720674e+19
1.823872208973972e+19
1.822641426163152e+19
1.826549452019488e+19
1.825385148720706e+19
1.823872208973914e+19
1.822641426162019e+19
1.826549452019519e+19
1.825385148720666e+19
1.823872208973951e+19
1.822641426163132e+19
1.826549452019569e+19
1.825385148720597e+19
1.823872208974026e+19
1.822641426165085e+19
1.82185707281075e+19
1.819766033462856e+19
1.817210001632204e+19
1.815319394898568e+19
1.82185707285125e+19
1.819766033444983e+19
1.81721000164201e+19
1.815319394891103e+19
1.821857073306571e+19
1.819766033243515e+19
1.817210001751914e+19
1.815319394807873e+19
1.821857073347084e+19
1.819766033225611e+19
1.817210001761714e+19
1.815319394800493e+19
1.814389349174696e+19
1.81263432072451e+19
1.810424664658449e+19
1.808757982393142e+19
1.814389349176767e+19
1.812634320724925e+19
1.810424664656839e+19
1.808757982400071e+19
1.814389349200062e+19
1.812634320727969e+19
1.810424664637567e+19
1.808757982476978e+19
1.814389349202167e+19
1.81263432072828e+19
1.810424664635897e+19
1.808757982483871e+19
1.81438935369648e+19
1.812634318367128e+19
1.810424666007982e+19
1.808757981149675e+19
1.814389353696177e+19
1.812634318367235e+19
1.810424666007967e+19
1.808757981149725e+19
1.814389353692522e+19
1.812634318368203e+19
1.810424666007522e+19
1.808757981149998e+19
1.814389353692196e+19
1.812634318368295e+19
1.810424666007491e+19
1.808757981150027e+19
1.808089730933363e+19
1.807286746509815e+19
1.806193236736642e+19
1.805344140826813e+19
1.808089730933381e+19
1.807286746509828e+19
1.806193236736658e+19
1.805344140826829e+19
1.808089730933395e+19
1.807286746509846e+19
1.806193236736674e+19
1.805344140826846e+19
1.808089730933397e+19
1.807286746509859e+19
1.806193236736681e+19
1.805344140826855e+19
1.80808973093339e+19
1.807286746509881e+19
1.806193236736656e+19
1.805344140826802e+19
1.80808973093339e+19
1.807286746509891e+19
1.806193236736662e+19
1.805344140826808e+19
1.808089730933391e+19
1.8072867465099e+19
1.806193236736676e+19
1.805344140826823e+19
1.808089730933401e+19
1.807286746509908e+19
1.80619323673667e+19
1.805344140826857e+19
1.804892890393148e+19
1.804063676767761e+19
1.803028503273205e+19
1.802309241204818e+19
1.804892890393155e+19
1.80406367676777e+19
1.803028503273204e+19
1.802309241204825e+19
1.804892890393161e+19
1.804063676767786e+19
1.803028503273246e+19
1.802309241204826e+19
1.804892890393228e+19
1.80406367676778e+19
1.803028503273207e+19
1.802309241205165e+19
1.804892890390353e+19
1.804063676771554e+19
1.803028503273193e+19
1.802309240958727e+19
1.80489289039037e+19
1.80406367677157e+19
1.803028503273205e+19
1.802309240958734e+19
1.804892890390385e+19
1.804063676771586e+19
1.803028503273213e+19
1.802309240958732e+19
1.804892890390393e+19
1.804063676771591e+19
1.803028503273217e+19
1.802309240958728e+19
1.80489288064775e+19
1.804063679381007e+19
1.803028502071735e+19
1.802309240939213e+19
1.804892880647835e+19
1.804063679381094e+19
1.803028502071753e+19
1.802309240939132e+19
1.804892880647901e+19
1.804063679381148e+19
1.803028502071754e+19
1.802309240939076e+19
1.80489288064789e+19
1.80406367938114e+19
1.803028502071825e+19
1.802309240939266e+19
1.808089728887736e+19
1.807286748010013e+19
1.806193233986264e+19
1.805344150780272e+19
1.808089728886781e+19
1.807286748010418e+19
1.806193233986167e+19
1.805344150780466e+19
1.808089728886257e+19
1.807286748010678e+19
1.806193233986134e+19
1.805344150780593e+19
1.808089728886864e+19
1.807286748010516e+19
1.806193233986246e+19
1.805344150780526e+19
1.808089729800937e+19
1.807286746567078e+19
1.806193236834244e+19
1.805344140997028e+19
1.808089729801557e+19
1.807286746566926e+19
1.806193236834432e+19
1.805344140996975e+19
1.808089729801077e+19
1.80728674656721e+19
1.80619323683441e+19
1.805344140997143e+19
1.808089729800136e+19
1.80728674656762e+19
1.806193236834321e+19
1.805344140997356e+19
1.80489289043104e+19
1.804063676679516e+19
1.803028503173298e+19
1.802309241383882e+19
1.804892890430963e+19
1.80406367667959e+19
1.803028503174398e+19
1.802309241385828e+19
1.804892890431113e+19
1.8040636766799e+19
1.803028503174997e+19
1.802309241386694e+19
1.804892890431244e+19
1.804063676680058e+19
1.803028503175169e+19
1.802309241386869e+19
1.804895891258241e+19
1.80408550402112e+19
1.802899872119918e+19
1.80252566738557e+19
1.804895891258161e+19
1.804085504021347e+19
1.802899872120054e+19
1.802525667385767e+19
1.804895891258192e+19
1.804085504021694e+19
1.802899872120628e+19
1.802525667386629e+19
1.804895891258235e+19
1.804085504021722e+19
1.802899872121734e+19
1.802525667388528e+19
1.808097258953185e+19
1.807274840926398e+19
1.806191308413272e+19
1.805354160939454e+19
1.808097258926269e+19
1.807274840935826e+19
1.806191308408586e+19
1.805354160942275e+19
1.808097258910842e+19
1.807274840941303e+19
1.806191308405922e+19
1.805354160943943e+19
1.808097258926216e+19
1.807274840936035e+19
1.806191308408726e+19
1.805354160942412e+19
1.808097286135583e+19
1.807274796040569e+19
1.806191397819225e+19
1.805353848706679e+19
1.808097286150919e+19
1.807274796035267e+19
1.806191397821927e+19
1.805353848705118e+19
1.808097286135431e+19
1.807274796040703e+19
1.806191397819235e+19
1.805353848706726e+19
1.808097286108497e+19
1.807274796050117e+19
1.806191397814538e+19
1.805353848709512e+19
1.804896204264114e+19
1.804085414447402e+19
1.802899915856052e+19
1.802525646055952e+19
1.804896204264197e+19
1.804085414447339e+19
1.80289991585613e+19
1.802525646056127e+19
1.804896204264133e+19
1.804085414447421e+19
1.80289991585611e+19
1.802525646056093e+19
1.804896204264018e+19
1.804085414447572e+19
1.802899915856098e+19
1.802525646056045e+19
1.804895891238656e+19
1.804085504040579e+19
1.80289987208939e+19
1.802525666376183e+19
1.804895891238553e+19
1.804085504040481e+19
1.80289987208937e+19
1.802525666376297e+19
1.804895891238486e+19
1.804085504040428e+19
1.802899872089376e+19
1.802525666376379e+19
1.804895891238548e+19
1.804085504040479e+19
1.802899872089313e+19
1.80252566637613e+19
1.804895891255521e+19
1.804085504014553e+19
1.802899872107428e+19
1.802525667407864e+19
1.804895891255717e+19
1.804085504014751e+19
1.802899872106357e+19
1.802525667404928e+19
1.80489589125569e+19
1.804085504014519e+19
1.802899872105646e+19
1.802525667403844e+19
1.80489589125557e+19
1.804085504014362e+19
1.80289987210546e+19
1.80252566740361e+19
1.808097258370731e+19
1.807274841084227e+19
1.806191308345718e+19
1.805354161009769e+19
1.808097258370638e+19
1.807274841084238e+19
1.806191308345726e+19
1.805354161009861e+19
1.808097258370528e+19
1.807274841084171e+19
1.806191308345728e+19
1.805354161009864e+19
1.808097258370486e+19
1.80727484108412e+19
1.806191308345673e+19
1.805354161009772e+19
1.808097258370507e+19
1.807274841084046e+19
1.806191308345725e+19
1.805354161009707e+19
1.808097258370497e+19
1.807274841084005e+19
1.806191308345657e+19
1.80535416100961e+19
1.808097258370479e+19
1.807274841083959e+19
1.806191308345601e+19
1.805354161009542e+19
1.808097258370446e+19
1.807274841083935e+19
1.806191308345613e+19
1.805354161009593e+19
1.814381334982406e+19
1.812634007088556e+19
1.810426254825471e+19
1.808761333277164e+19
1.81438133498275e+19
1.812634007088348e+19
1.810426254825371e+19
1.808761333276928e+19
1.814381334986908e+19
1.812634007086814e+19
1.810426254826003e+19
1.808761333276413e+19
1.814381334987266e+19
1.812634007086662e+19
1.810426254826043e+19
1.808761333276339e+19
1.814381347912751e+19
1.812634002667486e+19
1.810426257586038e+19
1.808761329791368e+19
1.814381347899848e+19
1.81263400269244e+19
1.810426257535733e+19
1.808761329955202e+19
1.814381347754655e+19
1.81263400297276e+19
1.81042625696996e+19
1.808761331796746e+19
1.81438134774174e+19
1.812634002997834e+19
1.810426256919737e+19
1.808761331960646e+19
1.821856736031469e+19
1.819764990782819e+19
1.817211317095772e+19
1.815324392745181e+19
1.821856736068001e+19
1.819764990768493e+19
1.817211317103176e+19
1.81532439274087e+19
1.821856736478687e+19
1.81976499060738e+19
1.81721131718632e+19
1.815324392692319e+19
1.821856736515218e+19
1.819764990593095e+19
1.817211317193745e+19
1.815324392687936e+19
1.826550785580237e+19
1.825385832577482e+19
1.823872281263313e+19
1.822640718921627e+19
1.826550785580278e+19
1.825385832577423e+19
1.823872281263371e+19
1.822640718923377e+19
1.826550785580301e+19
1.82538583257739e+19
1.823872281263398e+19
1.822640718924371e+19
1.826550785580278e+19
1.825385832577421e+19
1.823872281263348e+19
1.822640718923359e+19
1.832296469005185e+19
1.83028849816663e+19
1.828496882503032e+19
1.827164026529352e+19
1.832296469005307e+19
1.8302884981666e+19
1.828496882503056e+19
1.827164026529348e+19
1.83229646900479e+19
1.830288498166779e+19
1.828496882502991e+19
1.827164026529402e+19
1.83229646900379e+19
1.830288498167121e+19
1.828496882502863e+19
1.827164026529495e+19
1.832296443860205e+19
1.830288540279936e+19
1.82849679805906e+19
1.827164322067535e+19
1.832296443861395e+19
1.830288540279578e+19
1.828496798059248e+19
1.827164322067444e+19
1.832296443862666e+19
1.830288540279197e+19
1.828496798059448e+19
1.827164322067351e+19
1.832296443863337e+19
1.830288540278996e+19
1.828496798059553e+19
1.827164322067303e+19
1.826550489553797e+19
1.825385917355043e+19
1.823872239364898e+19
1.82264074167785e+19
1.826550489553787e+19
1.825385917355072e+19
1.823872239364861e+19
1.822640741676864e+19
1.826550489553823e+19
1.825385917355035e+19
1.823872239364894e+19
1.822640741677882e+19
1.826550489553867e+19
1.825385917354974e+19
1.823872239364955e+19
1.822640741679637e+19
1.82655071365606e+19
1.825385737209335e+19
1.823872360941021e+19
1.822641145820712e+19
1.826550713656106e+19
1.825385737209257e+19
1.823872360941081e+19
1.822641145822638e+19
1.826550713656136e+19
1.825385737209205e+19
1.823872360941109e+19
1.82264114582375e+19
1.826550713656121e+19
1.82538573720924e+19
1.82387236094107e+19
1.822641145822663e+19
1.832296484730336e+19
1.830288527120156e+19
1.82849694218256e+19
1.827163983518322e+19
1.832296484730957e+19
1.830288527119968e+19
1.828496942182657e+19
1.827163983518273e+19
1.832296484732143e+19
1.830288527119606e+19
1.82849694218284e+19
1.827163983518179e+19
1.832296484733261e+19
1.830288527119267e+19
1.828496942183013e+19
1.827163983518094e+19
1.832296459583764e+19
1.830288569242537e+19
1.828496857718523e+19
1.827164279128524e+19
1.832296459582799e+19
1.830288569242802e+19
1.828496857718363e+19
1.827164279128599e+19
1.83229645958229e+19
1.830288569242941e+19
1.828496857718278e+19
1.827164279128638e+19
1.832296459582392e+19
1.830288569242903e+19
1.828496857718291e+19
1.827164279128627e+19
1.82655041755776e+19
1.825385822007203e+19
1.823872319032587e+19
1.822641168581785e+19
1.82655041755774e+19
1.825385822007274e+19
1.823872319032583e+19
1.82264116858069e+19
1.826550417557765e+19
1.825385822007247e+19
1.823872319032635e+19
1.822641168581795e+19
1.826550417557805e+19
1.825385822007174e+19
1.823872319032698e+19
1.822641168583718e+19
1.82185642646697e+19
1.819765079540742e+19
1.81721127120653e+19
1.815324426575697e+19
1.821856426507233e+19
1.819765079523068e+19
1.817211271215662e+19
1.81532442657047e+19
1.821856426960121e+19
1.819765079325144e+19
1.817211271318521e+19
1.815324426511913e+19
1.821856427000401e+19
1.819765079307533e+19
1.817211271327662e+19
1.815324426506692e+19
1.821856904822291e+19
1.819767654158012e+19
1.817206808245737e+19
1.815331888481294e+19
1.821856904858808e+19
1.819767654143763e+19
1.817206808252915e+19
1.815331888477738e+19
1.821856905269101e+19
1.819767653983519e+19
1.817206808333996e+19
1.815331888437341e+19
1.821856905305575e+19
1.819767653969197e+19
1.81720680834119e+19
1.815331888433736e+19
1.82654998324779e+19
1.8253853874072e+19
1.823872420402615e+19
1.82264121111458e+19
1.826549983247828e+19
1.825385387407141e+19
1.823872420402669e+19
1.822641211116318e+19
1.826549983247851e+19
1.825385387407118e+19
1.823872420402713e+19
1.822641211117313e+19
1.826549983247837e+19
1.825385387407177e+19
1.823872420402713e+19
1.822641211116325e+19
1.832298097868303e+19
1.830288427811408e+19
1.828496109450757e+19
1.82716310490036e+19
1.832298097868213e+19
1.830288427811428e+19
1.828496109450745e+19
1.827163104900368e+19
1.832298097868205e+19
1.830288427811418e+19
1.82849610945073e+19
1.827163104900364e+19
1.832298097868319e+19
1.830288427811364e+19
1.82849610945072e+19
1.82716310490035e+19
1.832298072704247e+19
1.830288469962537e+19
1.828496024929134e+19
1.82716340071265e+19
1.832298072704185e+19
1.830288469962543e+19
1.828496024929138e+19
1.827163400712658e+19
1.832298072704029e+19
1.830288469962575e+19
1.828496024929134e+19
1.827163400712677e+19
1.832298072703892e+19
1.830288469962606e+19
1.828496024929121e+19
1.827163400712688e+19
1.826549686945971e+19
1.825385472263738e+19
1.823872378465261e+19
1.822641233891629e+19
1.826549686945954e+19
1.82538547226377e+19
1.823872378465225e+19
1.822641233890659e+19
1.826549686945975e+19
1.825385472263729e+19
1.823872378465251e+19
1.822641233891675e+19
1.826549686946011e+19
1.825385472263663e+19
1.823872378465298e+19
1.822641233893419e+19
1.826549915231962e+19
1.825385290939361e+19
1.823872521227541e+19
1.822641703960927e+19
1.826549915232009e+19
1.825385290939295e+19
1.823872521227623e+19
1.822641703962894e+19
1.826549915232037e+19
1.825385290939254e+19
1.82387252122767e+19
1.822641703964041e+19
1.826549915232017e+19
1.825385290939292e+19
1.823872521227624e+19
1.822641703962958e+19
1.832298003948449e+19
1.830288487944214e+19
1.828496149256557e+19
1.827163071107311e+19
1.832298003948315e+19
1.830288487944242e+19
1.828496149256543e+19
1.827163071107327e+19
1.832298003948154e+19
1.830288487944266e+19
1.828496149256533e+19
1.827163071107344e+19
1.832298003948074e+19
1.830288487944265e+19
1.828496149256539e+19
1.827163071107355e+19
1.832297978783627e+19
1.830288530096262e+19
1.828496064733423e+19
1.827163366923881e+19
1.832297978783605e+19
1.830288530096237e+19
1.828496064733499e+19
1.827163366923936e+19
1.832297978783514e+19
1.830288530096192e+19
1.828496064733503e+19
1.827163366923969e+19
1.832297978783393e+19
1.830288530096191e+19
1.828496064733484e+19
1.827163366923982e+19
1.82654961892631e+19
1.825385375796595e+19
1.82387247928964e+19
1.822641726737442e+19
1.826549618926353e+19
1.825385375796703e+19
1.823872479289661e+19
1.822641726736404e+19
1.826549618926417e+19
1.825385375796711e+19
1.823872479289764e+19
1.822641726737585e+19
1.826549618926472e+19
1.825385375796658e+19
1.823872479289861e+19
1.822641726739562e+19
1.821857335581065e+19
1.819766198872821e+19
1.817209987893488e+19
1.815319046556008e+19
1.821857335621658e+19
1.819766198855039e+19
1.817209987903343e+19
1.815319046548664e+19
1.821857336076489e+19
1.819766198653814e+19
1.817209988013219e+19
1.81531904646465e+19
1.821857336116977e+19
1.819766198635938e+19
1.817209988022983e+19
1.815319046457247e+19
1.814385811930859e+19
1.812637581581228e+19
1.810422472382658e+19
1.808770511186009e+19
1.814385811921053e+19
1.812637581604337e+19
1.810422472335265e+19
1.808770511341655e+19
1.814385811809123e+19
1.812637581862984e+19
1.810422471801595e+19
1.808770513088826e+19
1.814385811799214e+19
1.812637581885975e+19
1.810422471754189e+19
1.80877051324424e+19
1.814371906488259e+19
1.81264086865886e+19
1.810423023806249e+19
1.808759568870047e+19
1.814371906487937e+19
1.812640868658878e+19
1.810423023806228e+19
1.808759568870013e+19
1.814371906484207e+19
1.812640868659757e+19
1.810423023805661e+19
1.808759568870175e+19
1.814371906483854e+19
1.812640868659767e+19
1.810423023805452e+19
1.808759568869984e+19
1.808072008221033e+19
1.807293541361523e+19
1.806196553909106e+19
1.805337018004292e+19
1.808072008220969e+19
1.80729354136153e+19
1.806196553909162e+19
1.805337018004343e+19
1.80807200822093e+19
1.807293541361494e+19
1.806196553909121e+19
1.805337018004293e+19
1.808072008220899e+19
1.807293541361463e+19
1.806196553909051e+19
1.8053370180042e+19
1.80807200822088e+19
1.807293541361449e+19
1.806196553909011e+19
1.805337018004143e+19
1.808072008220827e+19
1.807293541361414e+19
1.806196553908953e+19
1.805337018004055e+19
1.808072008220704e+19
1.807293541361348e+19
1.806196553908948e+19
1.805337018004055e+19
1.808072008220609e+19
1.807293541361343e+19
1.806196553908952e+19
1.805337018004143e+19
1.804872635782376e+19
1.804072730649588e+19
1.803003082797574e+19
1.802776430191284e+19
1.80487263578226e+19
1.804072730649434e+19
1.803003082797392e+19
1.802776430191054e+19
1.804872635782231e+19
1.804072730649201e+19
1.803003082796689e+19
1.802776430189983e+19
1.804872635782421e+19
1.804072730649399e+19
1.803003082795625e+19
1.802776430187069e+19
1.804872635782544e+19
1.804072730649759e+19
1.80300308279772e+19
1.802776430191387e+19
1.804872635782591e+19
1.804072730649793e+19
1.803003082797654e+19
1.802776430191129e+19
1.804872635782534e+19
1.804072730649741e+19
1.803003082797651e+19
1.802776430191199e+19
1.804872635782434e+19
1.804072730649642e+19
1.803003082797625e+19
1.802776430191304e+19
1.804873530449804e+19
1.804070821963618e+19
1.803000775276856e+19
1.802780204177073e+19
1.804873530449719e+19
1.804070821963793e+19
1.803000775276854e+19
1.802780204176986e+19
1.80487353044968e+19
1.80407082196389e+19
1.803000775276831e+19
1.802780204176923e+19
1.804873530449715e+19
1.804070821963786e+19
1.803000775276928e+19
1.802780204177187e+19
1.808051056740647e+19
1.807292006100929e+19
1.806199877599004e+19
1.805340593570675e+19
1.808051056715216e+19
1.807292006109796e+19
1.806199877594584e+19
1.805340593573335e+19
1.808051056700578e+19
1.807292006114916e+19
1.806199877592067e+19
1.805340593574881e+19
1.808051056715029e+19
1.807292006109966e+19
1.806199877594643e+19
1.80534059357338e+19
1.808051082611028e+19
1.807291963368549e+19
1.806199962720639e+19
1.805340296270918e+19
1.808051082625633e+19
1.807291963363506e+19
1.806199962723132e+19
1.805340296269426e+19
1.808051082611145e+19
1.807291963368671e+19
1.806199962720551e+19
1.805340296270891e+19
1.808051082585766e+19
1.807291963377554e+19
1.806199962716117e+19
1.80534029627353e+19
1.804873828296607e+19
1.804070736861452e+19
1.803000816779444e+19
1.80278018410718e+19
1.804873828296612e+19
1.804070736861229e+19
1.803000816780497e+19
1.802780184110553e+19
1.804873828296538e+19
1.80407073686153e+19
1.803000816781268e+19
1.802780184111682e+19
1.804873828296477e+19
1.804070736861767e+19
1.803000816781433e+19
1.802780184111959e+19
1.810737583789562e+19
1.804252923875514e+19
1.799252261806369e+19
1.796207657606907e+19
1.810737583792108e+19
1.804252923874907e+19
1.79925226180488e+19
1.796207657606042e+19
1.810737583792955e+19
1.804252923875057e+19
1.799252261804359e+19
1.796207657605407e+19
1.810737583793161e+19
1.80425292387511e+19
1.799252261804313e+19
1.796207657605297e+19
1.810737586233999e+19
1.80425292314639e+19
1.799252262221173e+19
1.796207657141515e+19
1.810737586233928e+19
1.804252923146441e+19
1.799252262221262e+19
1.796207657141575e+19
1.810737586233877e+19
1.804252923146475e+19
1.799252262221334e+19
1.796207657141629e+19
1.81073758623407e+19
1.804252923146461e+19
1.799252262221213e+19
1.796207657141522e+19
1.795110820993705e+19
1.793306714728305e+19
1.791457509372736e+19
1.790077363157759e+19
1.79511082099374e+19
1.793306714728281e+19
1.791457509372639e+19
1.790077363157636e+19
1.795110820993774e+19
1.793306714728277e+19
1.791457509372581e+19
1.790077363157544e+19
1.795110820993694e+19
1.793306714728254e+19
1.791457509372615e+19
1.790077363157597e+19
1.795110820688137e+19
1.793306714825315e+19
1.791457509323866e+19
1.790077363196525e+19
1.79511082068753e+19
1.793306714824975e+19
1.791457509323795e+19
1.790077363196725e+19
1.795110820686956e+19
1.793306714824603e+19
1.791457509323698e+19
1.79007736319676e+19
1.79511082068682e+19
1.793306714824457e+19
1.791457509323583e+19
1.790077363196693e+19
1.79003714230082e+19
1.789621768743012e+19
1.789332649963107e+19
1.789207909257476e+19
1.790037142300954e+19
1.789621768743e+19
1.789332649963127e+19
1.7892079092571e+19
1.790037142300999e+19
1.789621768742991e+19
1.789332649962857e+19
1.789207909256627e+19
1.790037142300928e+19
1.789621768742894e+19
1.78933264996273e+19
1.789207909256484e+19
1.789197790395455e+19
1.789247785440093e+19
1.789479609010201e+19
1.789772255471256e+19
1.78919779039465e+19
1.789247785438936e+19
1.789479609010043e+19
1.789772255472269e+19
1.789197790394115e+19
1.789247785438411e+19
1.789479609009894e+19
1.789772255472851e+19
1.789197790393963e+19
1.78924778543828e+19
1.789479609009858e+19
1.789772255472848e+19
1.789197782482436e+19
1.789247788844502e+19
1.789479607237135e+19
1.789772256387866e+19
1.789197782482478e+19
1.789247788844563e+19
1.789479607237084e+19
1.789772256387625e+19
1.789197782482525e+19
1.789247788844652e+19
1.789479607237187e+19
1.78977225638739e+19
1.789197782482719e+19
1.789247788844542e+19
1.789479607236885e+19
1.789772256388787e+19
1.790037142308972e+19
1.789621768773679e+19
1.789332649782308e+19
1.789207913344083e+19
1.79003714230885e+19
1.789621768773578e+19
1.789332649782274e+19
1.789207913344099e+19
1.790037142308752e+19
1.789621768773494e+19
1.789332649782272e+19
1.789207913344146e+19
1.790037142308822e+19
1.789621768773504e+19
1.789332649782174e+19
1.789207913344218e+19
1.790034832798802e+19
1.789622376419942e+19
1.789332438868687e+19
1.789205813667435e+19
1.790034832798801e+19
1.78962237641992e+19
1.789332438868637e+19
1.789205813667613e+19
1.790034832798852e+19
1.789622376419961e+19
1.789332438868718e+19
1.789205813667706e+19
1.790034832798937e+19
1.789622376420026e+19
1.789332438868774e+19
1.789205813667768e+19
1.789169846979103e+19
1.789310418018601e+19
1.789327159914746e+19
1.791071672791282e+19
1.789169846979426e+19
1.789310418018618e+19
1.789327159914446e+19
1.791071672792472e+19
1.789169846979505e+19
1.789310418018733e+19
1.78932715991463e+19
1.791071672792407e+19
1.789169846979577e+19
1.789310418018811e+19
1.789327159914662e+19
1.791071672792435e+19
1.789168940099047e+19
1.789310676781964e+19
1.78932703337462e+19
1.791071766927512e+19
1.789168940099103e+19
1.789310676782019e+19
1.789327033374696e+19
1.791071766927611e+19
1.78916894009918e+19
1.789310676782097e+19
1.789327033374806e+19
1.791071766927783e+19
1.789168940099242e+19
1.789310676782188e+19
1.789327033374967e+19
1.791071766927941e+19
1.790034755194307e+19
1.789622506247562e+19
1.789332179750606e+19
1.789206719194672e+19
1.790034755194402e+19
1.789622506247653e+19
1.78933217975068e+19
1.789206719194733e+19
1.790034755194504e+19
1.789622506247768e+19
1.789332179750781e+19
1.789206719194817e+19
1.790034755194505e+19
1.789622506247799e+19
1.789332179750831e+19
1.789206719194869e+19
1.795110235401091e+19
1.793306813644141e+19
1.791457637091097e+19
1.790078671963071e+19
1.795110235401233e+19
1.793306813644298e+19
1.791457637091231e+19
1.790078671963168e+19
1.795110235401789e+19
1.793306813644698e+19
1.79145763709142e+19
1.790078671963284e+19
1.79511023540241e+19
1.793306813645049e+19
1.791457637091683e+19
1.7900786719634e+19
1.795110236381266e+19
1.793306811747219e+19
1.791457640892624e+19
1.790078660556046e+19
1.795110236381355e+19
1.793306811747246e+19
1.791457640892586e+19
1.790078660556037e+19
1.795110236381346e+19
1.793306811747265e+19
1.791457640892639e+19
1.790078660556092e+19
1.795110236381327e+19
1.793306811747305e+19
1.791457640892727e+19
1.790078660556176e+19
1.810738264028387e+19
1.804252975239159e+19
1.799252198129525e+19
1.796207816605175e+19
1.810738264028195e+19
1.804252975239171e+19
1.799252198129648e+19
1.796207816605285e+19
1.810738264028247e+19
1.80425297523915e+19
1.7992521981296e+19
1.796207816605255e+19
1.810738264028321e+19
1.804252975239113e+19
1.799252198129529e+19
1.796207816605218e+19
1.810738264027687e+19
1.804252975240107e+19
1.799252198128408e+19
1.79620781658332e+19
1.810738264027506e+19
1.80425297524006e+19
1.799252198128464e+19
1.796207816583437e+19
1.810738264026683e+19
1.804252975239935e+19
1.799252198128944e+19
1.796207816584034e+19
1.810738264024469e+19
1.804252975240278e+19
1.799252198130299e+19
1.796207816584926e+19
1.811147141926544e+19
1.804341302980252e+19
1.799219783208388e+19
1.796158311983341e+19
1.811147141924318e+19
1.804341302980587e+19
1.799219783209738e+19
1.796158311984231e+19
1.811147141923491e+19
1.804341302980455e+19
1.799219783210216e+19
1.79615831198483e+19
1.811147141923314e+19
1.804341302980406e+19
1.799219783210269e+19
1.796158311984944e+19
1.795085300749767e+19
1.79332321815733e+19
1.791484041261019e+19
1.790026528927694e+19
1.795085300750393e+19
1.793323218157686e+19
1.79148404126129e+19
1.790026528927821e+19
1.79508530075095e+19
1.793323218158091e+19
1.791484041261484e+19
1.79002652892794e+19
1.795085300751092e+19
1.793323218158247e+19
1.791484041261617e+19
1.790026528928034e+19
1.795084795293893e+19
1.793323385999422e+19
1.791483952017694e+19
1.790026595218824e+19
1.795084795293875e+19
1.793323385999458e+19
1.791483952017781e+19
1.790026595218906e+19
1.795084795293852e+19
1.793323385999465e+19
1.791483952017823e+19
1.790026595218962e+19
1.795084795293928e+19
1.793323385999482e+19
1.791483952017787e+19
1.790026595218946e+19
1.811147117082486e+19
1.80434135284576e+19
1.799219678992288e+19
1.796158745787132e+19
1.81114711708257e+19
1.804341352845728e+19
1.79921967899222e+19
1.79615874578709e+19
1.811147117082631e+19
1.804341352845712e+19
1.799219678992167e+19
1.796158745787052e+19
1.811147117082446e+19
1.804341352845728e+19
1.799219678992285e+19
1.796158745787153e+19
1.811147139599329e+19
1.804341303665086e+19
1.799219782815538e+19
1.796158312437571e+19
1.811147139599461e+19
1.804341303665073e+19
1.799219782815458e+19
1.796158312437505e+19
1.811147139599427e+19
1.804341303665088e+19
1.79921978281549e+19
1.796158312437524e+19
1.811147139599382e+19
1.804341303665113e+19
1.799219782815532e+19
1.796158312437537e+19
1.811147141924379e+19
1.804341302980277e+19
1.799219783210212e+19
1.7961583119847e+19
1.811147141924516e+19
1.80434130298032e+19
1.799219783210158e+19
1.796158311984592e+19
1.811147141925169e+19
1.804341302980406e+19
1.799219783209808e+19
1.796158311984131e+19
1.811147141926584e+19
1.804341302980353e+19
1.799219783208846e+19
1.796158311983373e+19
1.795085300751017e+19
1.793323218158316e+19
1.791484041261743e+19
1.79002652892794e+19
1.795085300750881e+19
1.793323218158163e+19
1.791484041261597e+19
1.790026528927813e+19
1.79508530075043e+19
1.793323218157776e+19
1.791484041261299e+19
1.790026528927511e+19
1.795085300749886e+19
1.793323218157433e+19
1.791484041260838e+19
1.790026528927015e+19
1.795085300443088e+19
1.793323218255022e+19
1.791484041212245e+19
1.790026528960713e+19
1.79508530044304e+19
1.793323218255013e+19
1.791484041212255e+19
1.790026528960682e+19
1.795085300443048e+19
1.793323218255e+19
1.79148404121223e+19
1.790026528960662e+19
1.795085300443041e+19
1.793323218254957e+19
1.791484041212165e+19
1.790026528960626e+19
1.790040730228924e+19
1.789619749526763e+19
1.789334717979915e+19
1.78920837388442e+19
1.790040730228894e+19
1.789619749526702e+19
1.789334717979911e+19
1.789208373884477e+19
1.790040730228872e+19
1.789619749526678e+19
1.789334717979865e+19
1.789208373884414e+19
1.790040730228839e+19
1.789619749526664e+19
1.789334717979814e+19
1.789208373884323e+19
1.790040730236932e+19
1.78961974952398e+19
1.789334717981152e+19
1.789208373883426e+19
1.790040730236816e+19
1.789619749523903e+19
1.789334717981125e+19
1.789208373883415e+19
1.790040730236534e+19
1.789619749523664e+19
1.789334717981118e+19
1.789208373883612e+19
1.790040730236281e+19
1.789619749523538e+19
1.789334717980976e+19
1.78920837388366e+19
1.789174341040935e+19
1.789314685788598e+19
1.78932750169977e+19
1.791058539986754e+19
1.789174341040919e+19
1.789314685788569e+19
1.789327501699711e+19
1.791058539986594e+19
1.789174341041205e+19
1.789314685788823e+19
1.78932750169951e+19
1.791058539985857e+19
1.789174341041544e+19
1.789314685789787e+19
1.789327501699706e+19
1.791058539983469e+19
1.789174341040916e+19
1.789314685788766e+19
1.789327501699821e+19
1.791058539986784e+19
1.789174341041001e+19
1.789314685788866e+19
1.789327501699804e+19
1.791058539986537e+19
1.789174341040928e+19
1.789314685788792e+19
1.789327501699788e+19
1.791058539986623e+19
1.789174341040826e+19
1.789314685788682e+19
1.789327501699763e+19
1.791058539986762e+19
1.789173357261018e+19
1.789314968379386e+19
1.789327363109897e+19
1.791058601333253e+19
1.789173357261063e+19
1.789314968379433e+19
1.789327363109942e+19
1.791058601333287e+19
1.789173357261097e+19
1.789314968379464e+19
1.789327363109973e+19
1.79105860133332e+19
1.789173357261105e+19
1.789314968379465e+19
1.789327363109982e+19
1.791058601333357e+19
1.790040635253091e+19
1.789619893042438e+19
1.789334437198046e+19
1.789209353087177e+19
1.790040635253175e+19
1.789619893042493e+19
1.789334437198092e+19
1.789209353087219e+19
1.790040635253228e+19
1.789619893042539e+19
1.78933443719813e+19
1.789209353087254e+19
1.79004063525321e+19
1.789619893042554e+19
1.78933443719815e+19
1.789209353087268e+19
1.79004073023664e+19
1.789619749523679e+19
1.789334717980913e+19
1.789208373883265e+19
1.790040730236656e+19
1.789619749523732e+19
1.789334717980979e+19
1.789208373883322e+19
1.790040730236765e+19
1.78961974952385e+19
1.789334717981083e+19
1.78920837388341e+19
1.790040730236856e+19
1.789619749523927e+19
1.789334717981149e+19
1.78920837388347e+19
1.789174341040785e+19
1.78931468578842e+19
1.789327501699424e+19
1.791058539986197e+19
1.789174341040844e+19
1.789314685788497e+19
1.789327501699563e+19
1.791058539986335e+19
1.789174341040926e+19
1.789314685788576e+19
1.789327501699661e+19
1.791058539986483e+19
1.789174341040985e+19
1.789314685788631e+19
1.789327501699724e+19
1.791058539986566e+19
1.816559687729666e+19
1.786958906195103e+19
1.771610227565545e+19
1.76835824046604e+19
1.816559687729611e+19
1.786958906195161e+19
1.771610227566121e+19
1.768358240466703e+19
1.816559687729775e+19
1.786958906195399e+19
1.771610227566298e+19
1.76835824046673e+19
1.816559687729856e+19
1.786958906195473e+19
1.771610227566341e+19
1.76835824046676e+19
1.769886090150642e+19
1.775141195582677e+19
1.783430305141396e+19
1.790859261365487e+19
1.769886090150975e+19
1.775141195581847e+19
1.783430305140578e+19
1.790859261367658e+19
1.769886090150903e+19
1.775141195581734e+19
1.783430305140687e+19
1.790859261367836e+19
1.769886090150937e+19
1.775141195581772e+19
1.783430305140697e+19
1.790859261367881e+19
1.769882315401599e+19
1.775142362205918e+19
1.783429703018613e+19
1.79086027308628e+19
1.769882315401653e+19
1.775142362205977e+19
1.783429703018643e+19
1.790860273086184e+19
1.769882315401685e+19
1.77514236220602e+19
1.783429703018662e+19
1.79086027308615e+19
1.769882315401651e+19
1.775142362205971e+19
1.78342970301867e+19
1.790860273086324e+19
1.816559471318866e+19
1.786959344529431e+19
1.771609320320615e+19
1.768361717167789e+19
1.816559471318898e+19
1.786959344529445e+19
1.771609320320647e+19
1.768361717167838e+19
1.816559471318925e+19
1.786959344529463e+19
1.771609320320664e+19
1.768361717167862e+19
1.816559471318954e+19
1.786959344529511e+19
1.771609320320679e+19
1.768361717167843e+19
1.816559687730024e+19
1.78695890619556e+19
1.771610227566406e+19
1.768358240466837e+19
1.81655968772983e+19
1.786958906195519e+19
1.771610227566482e+19
1.768358240466932e+19
1.816559687729897e+19
1.786958906195507e+19
1.771610227566419e+19
1.768358240466866e+19
1.816559687730004e+19
1.786958906195497e+19
1.771610227566326e+19
1.76835824046676e+19
1.81655968773001e+19
1.786958906195496e+19
1.771610227566292e+19
1.768358240466696e+19
1.816559687729864e+19
1.786958906195442e+19
1.771610227566281e+19
1.768358240466707e+19
1.816559687729238e+19
1.786958906195165e+19
1.771610227566446e+19
1.76835824046702e+19
1.816559687727356e+19
1.786958906195547e+19
1.771610227566881e+19
1.768358240466695e+19
1.769886090150879e+19
1.77514119558175e+19
1.783430305140703e+19
1.790859261367899e+19
1.769886090150888e+19
1.775141195581737e+19
1.783430305140684e+19
1.790859261367782e+19
1.769886090151219e+19
1.775141195581908e+19
1.783430305140425e+19
1.790859261367409e+19
1.769886090150951e+19
1.775141195582635e+19
1.78343030514117e+19
1.790859261365014e+19
1.769886090151013e+19
1.775141195581839e+19
1.783430305140769e+19
1.790859261367932e+19
1.769886090151105e+19
1.775141195581885e+19
1.783430305140687e+19
1.790859261367752e+19
1.769886090151038e+19
1.775141195581828e+19
1.783430305140679e+19
1.790859261367802e+19
1.76988609015094e+19
1.775141195581761e+19
1.783430305140688e+19
1.790859261367902e+19
1.837497763099176e+19
1.750242577267408e+19
1.760885485262326e+19
1.792970177170079e+19
1.837497763099052e+19
1.750242577267495e+19
1.760885485262397e+19
1.792970177170149e+19
1.837497763099078e+19
1.750242577267421e+19
1.760885485262333e+19
1.792970177170131e+19
1.837497763099143e+19
1.750242577267311e+19
1.76088548526221e+19
1.79297017717009e+19
1.837497763099125e+19
1.750242577267272e+19
1.760885485262163e+19
1.79297017717003e+19
1.837497763099023e+19
1.75024257726725e+19
1.760885485262064e+19
1.792970177169875e+19
1.837497763098763e+19
1.750242577267326e+19
1.760885485262146e+19
1.792970177169599e+19
1.837497763096628e+19
1.750242577268514e+19
1.760885485262935e+19
1.792970177168622e+19
1.812477844509424e+19
1.758422183942968e+19
1.630563358264749e+19
1.151173639563612e+19
1.81247784450926e+19
1.758422183942796e+19
1.63056335826465e+19
1.15117363956368e+19
1.812477844508715e+19
1.758422183941911e+19
1.630563358264179e+19
1.151173639564077e+19
1.812477844507331e+19
1.758422183940434e+19
1.630563358263332e+19
1.151173639564952e+19
1.812477844509512e+19
1.758422183943042e+19
1.63056335826448e+19
1.151173639563677e+19
1.812477844509452e+19
1.758422183942819e+19
1.630563358264638e+19
1.151173639563781e+19
1.812477844509471e+19
1.758422183942915e+19
1.630563358264695e+19
1.151173639563736e+19
1.812477844509476e+19
1.758422183942982e+19
1.630563358264743e+19
1.151173639563642e+19
1.812712198962299e+19
1.75835486096889e+19
1.630596699918644e+19
1.151155919859704e+19
1.812712198962298e+19
1.758354860968896e+19
1.630596699918356e+19
1.151155919859822e+19
1.812712198962262e+19
1.75835486096882e+19
1.630596699918303e+19
1.151155919859872e+19
1.812712198962306e+19
1.758354860968874e+19
1.630596699918615e+19
1.151155919859713e+19
1.837513938659951e+19
1.750210316113392e+19
1.760951574903053e+19
1.79273706008776e+19
1.837513938659873e+19
1.75021031611348e+19
1.760951574903181e+19
1.792737060087727e+19
1.83751393865986e+19
1.750210316113553e+19
1.760951574903241e+19
1.792737060087727e+19
1.837513938660008e+19
1.750210316113479e+19
1.760951574903116e+19
1.792737060087783e+19
1.837497763097248e+19
1.750242577269003e+19
1.760885485263301e+19
1.792970177168906e+19
1.837497763099029e+19
1.750242577267581e+19
1.760885485262367e+19
1.79297017716977e+19
1.837497763099087e+19
1.750242577267351e+19
1.760885485262166e+19
1.792970177169972e+19
1.837497763099099e+19
1.750242577267302e+19
1.760885485262242e+19
1.792970177170014e+19
1.812477844507555e+19
1.758422183940527e+19
1.630563358263237e+19
1.151173639564761e+19
1.812477844508858e+19
1.758422183941994e+19
1.63056335826416e+19
1.151173639563998e+19
1.812477844509339e+19
1.758422183942818e+19
1.630563358264637e+19
1.15117363956367e+19
1.812477844509469e+19
1.75842218394305e+19
1.630563358264502e+19
1.151173639563652e+19
1.812691743776762e+19
1.758398372884377e+19
1.630666780114094e+19
1.151069433504809e+19
1.812691743776899e+19
1.758398372884605e+19
1.63066678011424e+19
1.151069433504684e+19
1.812691743777416e+19
1.758398372885532e+19
1.630666780114775e+19
1.151069433504301e+19
1.812691743778686e+19
1.758398372886873e+19
1.630666780115618e+19
1.151069433503628e+19
1.812691740935722e+19
1.758398373834329e+19
1.630666779638617e+19
1.151069433758617e+19
1.812691740934487e+19
1.75839837383259e+19
1.630666779637949e+19
1.151069433759242e+19
1.812691740933871e+19
1.758398373831638e+19
1.630666779637381e+19
1.151069433759638e+19
1.812691740933703e+19
1.758398373831381e+19
1.630666779637224e+19
1.151069433759778e+19
1.838765743775389e+19
1.750077037514358e+19
1.760958828764475e+19
1.792578491151278e+19
1.838765743775913e+19
1.750077037514054e+19
1.760958828764931e+19
1.792578491150828e+19
1.838765743775784e+19
1.750077037514521e+19
1.760958828765031e+19
1.792578491150457e+19
1.838765743775756e+19
1.750077037514639e+19
1.760958828765107e+19
1.792578491150358e+19
1.838765953856227e+19
1.75007696633983e+19
1.760958865131353e+19
1.792578469558738e+19
1.838765953856335e+19
1.750076966339722e+19
1.760958865131305e+19
1.792578469558815e+19
1.838765953856414e+19
1.750076966339442e+19
1.760958865131068e+19
1.792578469559016e+19
1.838765953858097e+19
1.750076966338106e+19
1.76095886513024e+19
1.792578469559907e+19
1.770032370508155e+19
1.77513830253697e+19
1.783553896152985e+19
1.789621271092693e+19
1.77003237050817e+19
1.77513830253699e+19
1.783553896153009e+19
1.78962127109285e+19
1.770032370508073e+19
1.775138302536853e+19
1.783553896153115e+19
1.789621271093063e+19
1.770032370508434e+19
1.77513830253606e+19
1.783553896152276e+19
1.789621271095082e+19
1.816639220970142e+19
1.786891539802827e+19
1.771565192498891e+19
1.768389473115608e+19
1.816639220970241e+19
1.786891539802936e+19
1.771565192498948e+19
1.768389473115619e+19
1.816639220970428e+19
1.786891539803196e+19
1.771565192499132e+19
1.768389473115634e+19
1.816639220970392e+19
1.78689153980322e+19
1.771565192499687e+19
1.768389473116305e+19
1.816638373616962e+19
1.786893213312509e+19
1.771561757449542e+19
1.768401965062455e+19
1.816638373618127e+19
1.786893213311952e+19
1.77156175744878e+19
1.768401965062381e+19
1.816638373618038e+19
1.786893213311923e+19
1.771561757448747e+19
1.768401965062473e+19
1.816638373618061e+19
1.78689321331192e+19
1.771561757448819e+19
1.768401965062561e+19
1.770019413440406e+19
1.775142156109421e+19
1.783551949564062e+19
1.789622463334523e+19
1.770019413440765e+19
1.775142156109996e+19
1.783551949564459e+19
1.789622463335509e+19
1.770019413440942e+19
1.775142156110319e+19
1.783551949564726e+19
1.789622463335235e+19
1.770019413441042e+19
1.775142156110431e+19
1.783551949564754e+19
1.789622463335174e+19
1.76999930726381e+19
1.775025212759528e+19
1.783698995347399e+19
1.788058028501411e+19
1.769999307263281e+19
1.775025212759678e+19
1.783698995347778e+19
1.78805802849834e+19
1.769999307263403e+19
1.775025212759843e+19
1.783698995347654e+19
1.788058028498086e+19
1.769999307263647e+19
1.775025212760354e+19
1.783698995348126e+19
1.788058028499016e+19
