MFEM mesh v1.0

#
# MFEM Geometry Types (see mesh/geom.hpp):
#
# POINT       = 0
# SEGMENT     = 1
# TRIANGLE    = 2
# SQUARE      = 3
# TETRAHEDRON = 4
# CUBE        = 5
# PRISM       = 6
#

dimension
2

elements
123
1 3 24 25 22 23
1 3 25 20 21 22
1 3 26 27 20 25
1 3 28 26 25 24
1 3 29 30 26 28
1 3 30 31 27 26
1 3 31 32 33 27
1 3 27 33 18 20
1 3 33 34 19 18
1 3 32 35 34 33
1 3 36 37 35 32
1 3 38 36 32 31
1 3 39 40 36 38
1 3 40 41 37 36
1 3 42 43 41 40
1 3 44 45 43 42
1 3 46 44 42 47
1 3 47 42 40 39
1 3 48 47 39 49
1 3 50 46 47 48
1 3 51 50 48 52
1 3 52 48 49 53
1 3 53 49 54 55
1 3 49 39 38 54
1 3 54 38 31 30
1 3 55 54 30 29
1 3 56 55 29 57
1 3 58 56 57 59
1 3 60 61 56 58
1 3 61 53 55 56
1 3 62 52 53 61
1 3 63 51 52 62
1 3 64 63 62 65
1 3 65 62 61 60
1 3 66 65 60 67
1 3 68 64 65 66
1 3 69 68 66 70
1 3 70 66 67 71
1 3 71 67 72 73
1 3 67 60 58 72
1 3 72 58 59 74
1 3 73 72 74 75
1 3 75 74 76 77
1 3 77 76 78 79
1 3 76 80 81 78
1 3 74 59 80 76
1 3 59 57 82 80
1 3 57 29 28 82
1 3 82 28 24 83
1 3 80 82 83 81
1 3 81 83 84 85
1 3 83 24 23 84
1 3 84 23 17 16
1 3 85 84 16 15
1 3 86 85 15 14
1 3 78 81 85 86
1 3 79 78 86 87
1 3 87 86 14 13
1 3 88 87 13 12
1 3 89 88 12 11
1 3 90 91 88 89
1 3 91 79 87 88
1 3 92 77 79 91
1 3 93 75 77 92
1 3 94 93 92 95
1 3 95 92 91 90
1 3 96 94 90 97
1 3 97 90 11 10
1 3 98 97 10 9
1 3 99 100 9 8
1 3 101 99 8 7
1 3 6 102 99 101
1 3 102 98 100 99
1 3 103 104 98 102
1 3 105 103 102 6
1 3 5 106 103 105
1 3 106 107 104 103
1 3 107 96 97 98
1 3 108 109 96 107
1 3 110 111 107 106
1 3 112 110 106 5
1 3 4 113 110 112
1 3 113 108 111 110
1 3 114 115 108 113
1 3 116 114 113 4
1 3 3 117 114 116
1 3 117 118 115 114
1 3 118 119 109 108
1 3 119 120 121 109
1 3 109 121 94 96
1 3 121 122 123 124
1 3 124 123 93 94
1 3 123 73 75 93
1 3 122 71 73 123
1 3 125 70 71 122
1 3 126 125 122 121
1 3 120 127 125 126
1 3 127 69 70 125
1 3 128 129 69 127
1 3 130 128 127 120
1 3 131 132 128 130
1 3 132 133 129 128
1 3 134 135 133 132
1 3 136 137 135 134
1 3 138 136 134 139
1 3 139 134 132 131
1 3 140 138 131 141
1 3 141 131 120 119
1 3 142 141 119 118
1 3 143 144 118 117
1 3 145 143 117 3
1 3 2 146 143 145
1 3 146 142 144 143
1 3 147 148 142 146
1 3 149 147 146 2
1 3 1 150 147 149
1 3 150 151 148 147
1 3 151 140 141 142
1 3 152 153 140 151
1 3 154 155 151 150
1 3 156 154 150 1
1 3 0 157 154 156
1 3 157 152 155 154

boundary
55
2 1 34 19
2 1 35 34
2 1 37 35
2 1 41 37
2 1 43 41
2 1 45 43
8 1 22 23
8 1 20 21
8 1 21 22
8 1 18 20
8 1 19 18
8 1 44 45
8 1 46 44
8 1 50 46
8 1 51 50
8 1 63 51
8 1 64 63
8 1 68 64
8 1 69 68
8 1 23 17
8 1 17 16
8 1 16 15
8 1 15 14
8 1 14 13
8 1 13 12
8 1 12 11
8 1 11 10
8 1 10 9
8 1 9 8
8 1 8 7
8 1 129 69
8 1 133 129
8 1 135 133
8 1 136 137
8 1 137 135
8 1 138 136
8 1 140 138
8 1 152 153
8 1 153 140
8 1 0 157
8 1 157 152
8 1 156 0
8 1 1 156
8 1 149 1
8 1 2 149
8 1 145 2
8 1 3 145
8 1 116 3
8 1 4 116
8 1 112 4
8 1 5 112
8 1 105 5
8 1 6 105
8 1 101 6
8 1 7 101

vertices
158
2
0.96875 0.3828125
0.96875 0.390625
0.96875 0.3984375
0.96875 0.40625
0.96875 0.4140625
0.96875 0.421875
0.96875 0.4296875
0.96875 0.4375
0.970703125 0.4375
0.97265625 0.4375
0.9765625 0.4375
0.98046875 0.4375
0.982421875 0.4375
0.984375 0.4375
0.986328125 0.4375
0.98828125 0.4375
0.990234375 0.4375
0.9921875 0.4375
0.998046875 0.4296875
1 0.4296875
0.99609375 0.4296875
0.99609375 0.43359375
0.994140625 0.43359375
0.9921875 0.43359375
0.9921875 0.4296875
0.994140625 0.4296875
0.994140625 0.42578125
0.99609375 0.42578125
0.9921875 0.42578125
0.9921875 0.421875
0.994140625 0.421875
0.99609375 0.421875
0.998046875 0.421875
0.998046875 0.42578125
1 0.42578125
1 0.421875
0.998046875 0.41796875
1 0.41796875
0.99609375 0.41796875
0.99609375 0.4140625
0.998046875 0.4140625
1 0.4140625
0.998046875 0.41015625
1 0.41015625
0.998046875 0.40625
1 0.40625
0.99609375 0.40625
0.99609375 0.41015625
0.994140625 0.41015625
0.994140625 0.4140625
0.994140625 0.40625
0.9921875 0.40625
0.9921875 0.41015625
0.9921875 0.4140625
0.994140625 0.41796875
0.9921875 0.41796875
0.990234375 0.41796875
0.990234375 0.421875
0.98828125 0.41796875
0.98828125 0.421875
0.98828125 0.4140625
0.990234375 0.4140625
0.990234375 0.41015625
0.990234375 0.40625
0.98828125 0.40625
0.98828125 0.41015625
0.986328125 0.41015625
0.986328125 0.4140625
0.986328125 0.40625
0.984375 0.40625
0.984375 0.41015625
0.984375 0.4140625
0.986328125 0.41796875
0.984375 0.41796875
0.986328125 0.421875
0.984375 0.421875
0.986328125 0.42578125
0.984375 0.42578125
0.986328125 0.4296875
0.984375 0.4296875
0.98828125 0.42578125
0.98828125 0.4296875
0.990234375 0.42578125
0.990234375 0.4296875
0.990234375 0.43359375
0.98828125 0.43359375
0.986328125 0.43359375
0.984375 0.43359375
0.982421875 0.43359375
0.98046875 0.43359375
0.98046875 0.4296875
0.982421875 0.4296875
0.982421875 0.42578125
0.982421875 0.421875
0.98046875 0.421875
0.98046875 0.42578125
0.9765625 0.421875
0.9765625 0.4296875
0.97265625 0.4296875
0.970703125 0.43359375
0.97265625 0.43359375
0.96875 0.43359375
0.970703125 0.4296875
0.970703125 0.42578125
0.97265625 0.42578125
0.96875 0.42578125
0.970703125 0.421875
0.97265625 0.421875
0.97265625 0.4140625
0.9765625 0.4140625
0.970703125 0.41796875
0.97265625 0.41796875
0.96875 0.41796875
0.970703125 0.4140625
0.970703125 0.41015625
0.97265625 0.41015625
0.96875 0.41015625
0.970703125 0.40625
0.97265625 0.40625
0.9765625 0.40625
0.98046875 0.40625
0.98046875 0.4140625
0.982421875 0.4140625
0.982421875 0.41796875
0.98046875 0.41796875
0.982421875 0.41015625
0.98046875 0.41015625
0.982421875 0.40625
0.982421875 0.40234375
0.984375 0.40234375
0.98046875 0.40234375
0.98046875 0.3984375
0.982421875 0.3984375
0.984375 0.3984375
0.982421875 0.39453125
0.984375 0.39453125
0.982421875 0.390625
0.984375 0.390625
0.98046875 0.390625
0.98046875 0.39453125
0.9765625 0.390625
0.9765625 0.3984375
0.97265625 0.3984375
0.970703125 0.40234375
0.97265625 0.40234375
0.96875 0.40234375
0.970703125 0.3984375
0.970703125 0.39453125
0.97265625 0.39453125
0.96875 0.39453125
0.970703125 0.390625
0.97265625 0.390625
0.97265625 0.3828125
0.9765625 0.3828125
0.970703125 0.38671875
0.97265625 0.38671875
0.96875 0.38671875
0.970703125 0.3828125
