FiniteElementSpace
FiniteElementCollection: L2_2D_P3
VDim: 1
Ordering: 0

-2.063333314708777e+131
-4.626816060090502e+131
-7.073158750947324e+131
-7.61943395416907e+131
4.557630023938692e+130
-1.274189453664009e+131
-3.701464269477955e+131
-5.302714892073303e+131
2.070595258275717e+131
1.696484321503016e+131
7.907460851686897e+130
-4.822335097356452e+129
1.857071837759634e+131
2.085183885887015e+131
2.164659300600139e+131
2.071028984689876e+131
1.374491288249023e+131
1.662788767777183e+131
1.93794731280608e+131
2.042637784222883e+131
4.508679674090489e+130
6.617001453331138e+130
9.093738528409827e+130
1.073952466426308e+131
-1.915411936776111e+130
-1.754162325286607e+130
-1.44375108324784e+130
-1.210325176076783e+130
2.602436020164195e+128
-7.620661387119142e+128
-2.020259879813907e+129
-2.70165736105399e+129
2.074690102601627e+131
2.076841055844256e+131
2.065936359843432e+131
2.059181342875273e+131
1.146808773816633e+131
1.261104716456033e+131
1.348851156562903e+131
1.374632450874236e+131
-1.085817363118659e+130
-9.017919224368621e+129
-7.092113331073385e+129
-6.420821057158545e+129
-3.033374861618805e+129
-3.42752277728231e+129
-3.88580565065325e+129
-4.048640591274337e+129
-7.432908416893814e+131
-6.436915486418499e+131
-5.006991407837761e+131
-4.433537106204466e+131
-5.948122074719378e+131
-6.789070775514997e+131
-7.259639197674545e+131
-7.341726885622674e+131
-5.028572415223e+130
-1.252313530537242e+131
-1.946809610511711e+131
-2.178062498992102e+131
2.00429447239505e+131
1.845395789957362e+131
1.687438302669229e+131
1.628131066125873e+131
