MFEM mesh v1.0

#
# MFEM Geometry Types (see mesh/geom.hpp):
#
# POINT       = 0
# SEGMENT     = 1
# TRIANGLE    = 2
# SQUARE      = 3
# TETRAHEDRON = 4
# CUBE        = 5
# PRISM       = 6
#

dimension
2

elements
896
1 3 70 65 69 71
1 3 60 62 65 70
1 3 61 60 70 72
1 3 72 70 71 73
1 3 74 72 73 75
1 3 76 74 75 77
1 3 78 79 74 76
1 3 79 61 72 74
1 3 80 59 61 79
1 3 47 48 59 80
1 3 46 47 80 81
1 3 81 80 79 78
1 3 82 81 78 83
1 3 45 46 81 82
1 3 42 45 82 41
1 3 41 82 83 40
1 3 40 83 84 39
1 3 83 78 76 84
1 3 84 76 77 85
1 3 39 84 85 38
1 3 38 85 86 37
1 3 37 86 87 36
1 3 86 88 89 87
1 3 85 77 88 86
1 3 77 75 90 88
1 3 75 73 91 90
1 3 90 91 92 93
1 3 88 90 93 89
1 3 89 93 94 95
1 3 93 92 96 94
1 3 94 96 97 98
1 3 95 94 98 99
1 3 100 95 99 101
1 3 87 89 95 100
1 3 36 87 100 35
1 3 35 100 101 34
1 3 34 101 102 33
1 3 101 99 103 102
1 3 102 103 104 105
1 3 33 102 105 32
1 3 32 105 106 31
1 3 31 106 107 3
1 3 106 108 109 107
1 3 105 104 108 106
1 3 104 110 111 108
1 3 108 111 112 109
1 3 111 113 114 112
1 3 110 115 113 111
1 3 116 117 115 110
1 3 103 116 110 104
1 3 99 98 116 103
1 3 98 97 117 116
1 3 97 118 119 117
1 3 118 120 121 119
1 3 119 121 122 123
1 3 117 119 123 115
1 3 115 123 124 113
1 3 113 124 125 114
1 3 124 126 127 125
1 3 123 122 126 124
1 3 122 128 129 126
1 3 126 129 130 127
1 3 129 131 1 130
1 3 128 132 131 129
1 3 133 134 132 128
1 3 121 133 128 122
1 3 120 135 133 121
1 3 135 136 134 133
1 3 137 138 136 135
1 3 139 140 138 137
1 3 141 139 137 142
1 3 142 137 135 120
1 3 143 142 120 118
1 3 96 143 118 97
1 3 92 144 143 96
1 3 144 141 142 143
1 3 145 146 141 144
1 3 91 145 144 92
1 3 73 71 145 91
1 3 71 69 146 145
1 3 69 68 147 146
1 3 146 147 139 141
1 3 147 148 140 139
1 3 68 67 148 147
1 3 67 149 150 148
1 3 148 150 151 140
1 3 150 152 153 151
1 3 149 154 152 150
1 3 154 155 156 152
1 3 155 157 158 156
1 3 156 158 159 160
1 3 152 156 160 153
1 3 153 160 161 162
1 3 160 159 163 161
1 3 161 163 164 165
1 3 162 161 165 166
1 3 167 162 166 168
1 3 151 153 162 167
1 3 140 151 167 138
1 3 138 167 168 136
1 3 136 168 169 134
1 3 168 166 170 169
1 3 169 170 171 172
1 3 134 169 172 132
1 3 132 172 173 131
1 3 131 173 174 1
1 3 173 175 176 174
1 3 172 171 175 173
1 3 171 177 178 175
1 3 175 178 179 176
1 3 178 180 181 179
1 3 177 182 180 178
1 3 183 184 182 177
1 3 170 183 177 171
1 3 166 165 183 170
1 3 165 164 184 183
1 3 164 185 186 184
1 3 185 187 188 186
1 3 186 188 189 190
1 3 184 186 190 182
1 3 182 190 191 180
1 3 180 191 192 181
1 3 191 193 194 192
1 3 190 189 193 191
1 3 189 195 196 193
1 3 193 196 197 194
1 3 196 198 2 197
1 3 195 199 198 196
1 3 200 201 199 195
1 3 188 200 195 189
1 3 187 202 200 188
1 3 202 203 201 200
1 3 204 205 203 202
1 3 206 207 205 204
1 3 208 206 204 209
1 3 209 204 202 187
1 3 210 209 187 185
1 3 163 210 185 164
1 3 159 211 210 163
1 3 211 208 209 210
1 3 212 213 208 211
1 3 158 212 211 159
1 3 157 214 212 158
1 3 214 215 213 212
1 3 215 216 217 213
1 3 213 217 206 208
1 3 217 218 207 206
1 3 216 219 218 217
1 3 220 221 219 216
1 3 222 220 216 215
1 3 223 224 220 222
1 3 224 225 221 220
1 3 226 227 225 224
1 3 228 229 227 226
1 3 230 228 226 231
1 3 231 226 224 223
1 3 232 231 223 233
1 3 234 230 231 232
1 3 235 234 232 236
1 3 236 232 233 237
1 3 237 233 238 239
1 3 233 223 222 238
1 3 238 222 215 214
1 3 239 238 214 157
1 3 240 239 157 155
1 3 241 237 239 240
1 3 242 241 240 243
1 3 243 240 155 154
1 3 244 243 154 149
1 3 66 244 149 67
1 3 64 245 244 66
1 3 245 242 243 244
1 3 246 247 242 245
1 3 63 246 245 64
1 3 58 248 246 63
1 3 248 249 247 246
1 3 249 250 251 247
1 3 247 251 241 242
1 3 251 236 237 241
1 3 250 235 236 251
1 3 252 253 235 250
1 3 254 255 253 252
1 3 256 254 252 257
1 3 257 252 250 249
1 3 258 257 249 248
1 3 57 258 248 58
1 3 56 259 258 57
1 3 259 256 257 258
1 3 260 261 256 259
1 3 55 260 259 56
1 3 54 262 260 55
1 3 262 263 261 260
1 3 263 264 265 261
1 3 261 265 254 256
1 3 265 266 255 254
1 3 264 267 266 265
1 3 267 268 269 266
1 3 268 270 271 269
1 3 269 271 272 273
1 3 266 269 273 255
1 3 255 273 274 253
1 3 253 274 234 235
1 3 274 275 230 234
1 3 273 272 275 274
1 3 272 276 277 275
1 3 275 277 228 230
1 3 277 278 229 228
1 3 276 279 278 277
1 3 280 281 279 276
1 3 271 280 276 272
1 3 270 282 280 271
1 3 282 283 281 280
1 3 284 285 283 282
1 3 286 287 285 284
1 3 288 286 284 289
1 3 289 284 282 270
1 3 290 289 270 268
1 3 291 290 268 267
1 3 292 293 290 291
1 3 293 288 289 290
1 3 294 295 288 292
1 3 295 296 287 288
1 3 297 298 296 295
1 3 299 300 298 297
1 3 301 302 297 303
1 3 304 299 302 301
1 3 305 304 301 306
1 3 306 301 303 307
1 3 307 303 308 309
1 3 303 297 310 308
1 3 308 310 295 311
1 3 309 308 311 294
1 3 312 309 294 313
1 3 314 312 313 315
1 3 316 317 312 314
1 3 317 307 309 312
1 3 318 306 307 317
1 3 319 305 306 318
1 3 320 319 318 321
1 3 321 318 317 316
1 3 322 321 316 323
1 3 324 320 321 322
1 3 325 324 322 326
1 3 326 322 323 327
1 3 327 323 328 329
1 3 323 316 314 328
1 3 328 314 315 330
1 3 329 328 330 331
1 3 331 330 332 333
1 3 333 332 334 335
1 3 332 336 337 334
1 3 330 315 336 332
1 3 315 313 338 336
1 3 313 294 339 338
1 3 338 339 292 340
1 3 336 338 340 337
1 3 337 340 341 342
1 3 340 292 291 341
1 3 341 291 267 264
1 3 342 341 264 263
1 3 343 342 263 262
1 3 334 337 342 343
1 3 335 334 343 344
1 3 344 343 262 54
1 3 345 344 54 53
1 3 346 345 53 52
1 3 347 348 345 346
1 3 348 335 344 345
1 3 349 333 335 348
1 3 350 331 333 349
1 3 351 350 349 352
1 3 352 349 348 347
1 3 353 352 347 354
1 3 355 351 352 353
1 3 356 355 353 357
1 3 357 353 354 358
1 3 358 354 359 360
1 3 354 347 346 359
1 3 359 346 52 51
1 3 360 359 51 50
1 3 361 360 50 49
1 3 362 358 360 361
1 3 363 362 361 364
1 3 364 361 49 44
1 3 365 364 44 43
1 3 29 365 43 30
1 3 28 366 365 29
1 3 366 363 364 365
1 3 367 368 363 366
1 3 27 367 366 28
1 3 26 369 367 27
1 3 369 370 368 367
1 3 370 371 372 368
1 3 368 372 362 363
1 3 372 357 358 362
1 3 371 356 357 372
1 3 373 374 356 371
1 3 375 376 374 373
1 3 377 375 373 378
1 3 378 373 371 370
1 3 379 378 370 369
1 3 25 379 369 26
1 3 24 380 379 25
1 3 380 377 378 379
1 3 381 382 377 380
1 3 23 381 380 24
1 3 22 383 381 23
1 3 383 384 382 381
1 3 384 385 386 382
1 3 382 386 375 377
1 3 386 387 376 375
1 3 385 388 387 386
1 3 388 389 390 387
1 3 389 391 392 390
1 3 390 392 393 394
1 3 387 390 394 376
1 3 376 394 395 374
1 3 374 395 355 356
1 3 395 396 351 355
1 3 394 393 396 395
1 3 393 397 398 396
1 3 396 398 350 351
1 3 398 329 331 350
1 3 397 327 329 398
1 3 399 326 327 397
1 3 392 399 397 393
1 3 391 400 399 392
1 3 400 325 326 399
1 3 401 402 325 400
1 3 403 401 400 391
1 3 404 405 401 403
1 3 405 406 402 401
1 3 407 408 406 405
1 3 409 410 408 407
1 3 411 409 407 412
1 3 412 407 405 404
1 3 413 412 404 414
1 3 415 411 412 413
1 3 416 415 413 417
1 3 417 413 414 418
1 3 418 414 419 420
1 3 414 404 403 419
1 3 419 403 391 389
1 3 420 419 389 388
1 3 421 420 388 385
1 3 422 418 420 421
1 3 423 422 421 424
1 3 424 421 385 384
1 3 425 424 384 383
1 3 21 425 383 22
1 3 20 426 425 21
1 3 426 423 424 425
1 3 427 428 423 426
1 3 19 427 426 20
1 3 18 429 427 19
1 3 429 430 428 427
1 3 430 431 432 428
1 3 428 432 422 423
1 3 432 417 418 422
1 3 431 416 417 432
1 3 433 434 416 431
1 3 435 436 434 433
1 3 437 435 433 438
1 3 438 433 431 430
1 3 439 438 430 429
1 3 17 439 429 18
1 3 16 440 439 17
1 3 440 437 438 439
1 3 441 442 437 440
1 3 15 441 440 16
1 3 14 443 441 15
1 3 443 444 442 441
1 3 444 445 446 442
1 3 442 446 435 437
1 3 446 447 436 435
1 3 445 448 447 446
1 3 448 449 450 447
1 3 449 451 452 450
1 3 450 452 453 454
1 3 447 450 454 436
1 3 436 454 455 434
1 3 434 455 415 416
1 3 455 456 411 415
1 3 454 453 456 455
1 3 453 457 458 456
1 3 456 458 409 411
1 3 458 459 410 409
1 3 457 460 459 458
1 3 461 462 460 457
1 3 452 461 457 453
1 3 451 463 461 452
1 3 463 464 462 461
1 3 464 465 466 462
1 3 462 466 467 460
1 3 466 468 469 467
1 3 465 470 468 466
1 3 470 471 472 468
1 3 471 473 474 472
1 3 472 474 475 476
1 3 468 472 476 469
1 3 469 476 477 478
1 3 476 475 479 477
1 3 477 479 480 481
1 3 478 477 481 482
1 3 483 478 482 484
1 3 467 469 478 483
1 3 460 467 483 459
1 3 459 483 484 410
1 3 410 484 485 408
1 3 484 482 486 485
1 3 485 486 487 488
1 3 408 485 488 406
1 3 406 488 489 402
1 3 402 489 324 325
1 3 489 490 320 324
1 3 488 487 490 489
1 3 487 491 492 490
1 3 490 492 319 320
1 3 492 493 305 319
1 3 491 494 493 492
1 3 495 496 494 491
1 3 486 495 491 487
1 3 482 481 495 486
1 3 481 480 496 495
1 3 480 497 498 496
1 3 497 499 500 498
1 3 498 500 501 502
1 3 496 498 502 494
1 3 494 502 503 493
1 3 493 503 304 305
1 3 503 504 299 304
1 3 502 501 504 503
1 3 501 505 506 504
1 3 504 506 507 299
1 3 506 508 300 507
1 3 505 509 508 506
1 3 510 511 509 505
1 3 500 510 505 501
1 3 499 512 510 500
1 3 512 513 511 510
1 3 514 515 513 512
1 3 516 517 515 514
1 3 518 516 514 519
1 3 519 514 512 499
1 3 520 519 499 497
1 3 479 520 497 480
1 3 475 521 520 479
1 3 521 518 519 520
1 3 522 523 518 521
1 3 474 522 521 475
1 3 473 524 522 474
1 3 524 525 523 522
1 3 525 526 527 523
1 3 523 527 516 518
1 3 527 528 517 516
1 3 526 0 528 527
1 3 529 530 0 525
1 3 531 532 530 529
1 3 533 531 529 534
1 3 534 529 525 473
1 3 535 534 473 470
1 3 536 535 470 464
1 3 537 538 535 536
1 3 538 533 534 535
1 3 539 540 533 538
1 3 541 539 538 537
1 3 542 543 539 541
1 3 543 544 540 539
1 3 544 545 532 533
1 3 546 547 545 548
1 3 549 546 548 544
1 3 550 551 546 549
1 3 551 552 547 546
1 3 553 554 552 551
1 3 555 556 554 553
1 3 557 555 553 558
1 3 558 553 551 550
1 3 559 558 550 560
1 3 561 557 558 559
1 3 562 561 559 563
1 3 563 559 560 564
1 3 564 560 565 566
1 3 560 550 549 565
1 3 565 549 544 543
1 3 566 565 543 542
1 3 567 566 542 568
1 3 569 567 568 570
1 3 571 572 567 569
1 3 572 564 566 567
1 3 573 563 564 572
1 3 574 562 563 573
1 3 575 574 573 576
1 3 576 573 572 571
1 3 577 576 571 578
1 3 579 575 576 577
1 3 580 579 577 581
1 3 581 577 578 582
1 3 582 578 583 584
1 3 578 571 569 583
1 3 583 569 570 585
1 3 584 583 585 586
1 3 586 585 587 588
1 3 588 587 589 590
1 3 587 591 592 589
1 3 585 570 591 587
1 3 570 568 593 591
1 3 568 542 541 593
1 3 593 541 537 594
1 3 591 593 594 592
1 3 592 594 595 596
1 3 594 537 536 595
1 3 595 536 464 451
1 3 596 595 451 448
1 3 597 596 448 444
1 3 589 592 596 597
1 3 590 589 597 598
1 3 598 597 444 14
1 3 599 600 14 13
1 3 601 598 600 599
1 3 602 601 599 603
1 3 603 599 13 12
1 3 604 602 12 11
1 3 605 606 602 604
1 3 606 607 608 609
1 3 609 608 601 602
1 3 608 610 598 601
1 3 607 590 610 608
1 3 611 612 590 607
1 3 613 611 607 606
1 3 614 615 611 613
1 3 615 588 612 611
1 3 616 617 588 615
1 3 618 586 617 616
1 3 619 618 616 620
1 3 620 616 615 614
1 3 621 619 614 622
1 3 622 614 606 605
1 3 623 622 605 624
1 3 625 621 622 623
1 3 626 625 623 627
1 3 627 623 624 628
1 3 628 605 11 10
1 3 629 630 10 9
1 3 631 628 630 629
1 3 632 631 629 633
1 3 633 629 9 8
1 3 634 635 8 7
1 3 636 633 635 634
1 3 637 636 634 638
1 3 638 634 7 6
1 3 639 638 6 5
1 3 640 639 5 4
1 3 641 642 639 640
1 3 642 637 638 639
1 3 643 644 637 642
1 3 645 643 642 641
1 3 646 647 643 645
1 3 647 648 644 643
1 3 648 649 650 644
1 3 644 650 636 637
1 3 650 651 633 636
1 3 649 632 651 650
1 3 652 653 632 649
1 3 654 655 653 652
1 3 656 654 652 657
1 3 657 652 649 648
1 3 658 657 648 647
1 3 659 658 647 646
1 3 660 661 658 659
1 3 661 656 657 658
1 3 662 663 656 661
1 3 664 662 661 660
1 3 665 666 662 664
1 3 666 667 663 662
1 3 667 668 669 663
1 3 663 669 654 656
1 3 669 670 655 654
1 3 668 671 670 669
1 3 671 672 673 670
1 3 672 674 675 673
1 3 673 675 676 677
1 3 670 673 677 655
1 3 655 677 678 653
1 3 653 678 679 632
1 3 678 680 631 679
1 3 677 676 680 678
1 3 676 681 682 680
1 3 680 682 683 631
1 3 682 684 628 683
1 3 681 627 684 682
1 3 685 686 627 681
1 3 675 685 681 676
1 3 674 687 685 675
1 3 687 626 686 685
1 3 688 689 626 687
1 3 690 688 687 674
1 3 691 692 688 690
1 3 692 693 689 688
1 3 694 695 693 692
1 3 696 697 695 694
1 3 698 696 694 699
1 3 699 694 692 691
1 3 700 698 691 701
1 3 701 702 703 704
1 3 702 691 690 703
1 3 703 690 674 672
1 3 704 703 672 671
1 3 705 704 671 668
1 3 706 701 704 705
1 3 707 706 705 708
1 3 708 705 668 667
1 3 709 708 667 666
1 3 710 709 666 665
1 3 711 712 709 710
1 3 712 707 708 709
1 3 713 714 707 712
1 3 715 713 712 711
1 3 716 717 713 715
1 3 717 718 714 713
1 3 718 719 720 714
1 3 714 720 706 707
1 3 720 721 701 706
1 3 719 700 721 720
1 3 722 723 700 719
1 3 724 725 723 722
1 3 726 724 722 727
1 3 727 722 719 718
1 3 728 727 718 717
1 3 729 728 717 716
1 3 730 731 728 729
1 3 731 726 727 728
1 3 732 733 726 731
1 3 734 732 731 730
1 3 735 736 732 734
1 3 736 737 733 732
1 3 737 738 739 733
1 3 733 739 724 726
1 3 739 740 725 724
1 3 738 741 740 739
1 3 741 742 743 740
1 3 742 744 745 743
1 3 743 745 746 747
1 3 740 743 747 725
1 3 725 747 748 723
1 3 723 748 749 700
1 3 748 750 698 749
1 3 747 746 750 748
1 3 746 751 752 750
1 3 750 752 696 698
1 3 752 753 697 696
1 3 751 754 753 752
1 3 755 756 754 751
1 3 745 755 751 746
1 3 744 757 755 745
1 3 757 758 756 755
1 3 758 759 760 756
1 3 756 760 761 754
1 3 760 762 763 761
1 3 759 764 762 760
1 3 764 765 766 762
1 3 765 767 768 766
1 3 766 768 769 770
1 3 762 766 770 763
1 3 763 770 771 772
1 3 770 769 773 771
1 3 771 773 774 775
1 3 772 771 775 776
1 3 777 772 776 778
1 3 761 763 772 777
1 3 754 761 777 753
1 3 753 777 778 697
1 3 697 778 779 695
1 3 778 776 780 779
1 3 779 780 781 782
1 3 695 779 782 693
1 3 693 782 783 689
1 3 689 783 784 626
1 3 783 785 625 784
1 3 782 781 785 783
1 3 781 786 787 785
1 3 785 787 788 625
1 3 787 789 621 788
1 3 786 790 789 787
1 3 791 792 790 786
1 3 780 791 786 781
1 3 776 775 791 780
1 3 775 774 792 791
1 3 774 793 794 792
1 3 793 795 796 794
1 3 794 796 797 798
1 3 792 794 798 790
1 3 790 798 799 789
1 3 789 799 800 621
1 3 799 801 619 800
1 3 798 797 801 799
1 3 797 802 803 801
1 3 801 803 618 619
1 3 803 804 586 618
1 3 802 584 804 803
1 3 805 806 584 802
1 3 796 805 802 797
1 3 795 807 805 796
1 3 807 582 806 805
1 3 808 809 582 807
1 3 810 581 809 808
1 3 811 810 808 812
1 3 812 808 807 795
1 3 813 812 795 793
1 3 773 813 793 774
1 3 769 814 813 773
1 3 814 811 812 813
1 3 815 816 811 814
1 3 768 815 814 769
1 3 767 817 815 768
1 3 817 818 816 815
1 3 818 819 820 816
1 3 816 820 810 811
1 3 820 821 581 810
1 3 819 580 821 820
1 3 822 823 580 819
1 3 824 825 823 822
1 3 826 824 822 827
1 3 827 822 819 818
1 3 828 826 818 767
1 3 829 830 826 828
1 3 830 831 832 833
1 3 833 832 824 826
1 3 832 834 825 824
1 3 831 835 834 832
1 3 836 837 835 831
1 3 838 836 831 830
1 3 839 840 836 838
1 3 840 841 837 836
1 3 842 843 841 840
1 3 844 845 843 842
1 3 846 844 842 847
1 3 847 842 840 839
1 3 848 846 839 849
1 3 849 839 830 829
1 3 850 849 829 851
1 3 852 848 849 850
1 3 853 852 850 854
1 3 854 850 851 855
1 3 855 829 767 758
1 3 856 857 758 744
1 3 858 855 857 856
1 3 859 858 856 860
1 3 860 856 744 741
1 3 861 862 741 738
1 3 863 860 862 861
1 3 864 863 861 865
1 3 865 861 738 737
1 3 866 865 737 736
1 3 867 866 736 735
1 3 868 869 866 867
1 3 869 864 865 866
1 3 870 871 864 869
1 3 872 870 869 868
1 3 873 874 870 872
1 3 874 875 871 870
1 3 875 876 877 871
1 3 871 877 863 864
1 3 877 878 860 863
1 3 876 859 878 877
1 3 879 880 859 876
1 3 881 882 880 879
1 3 883 881 879 884
1 3 884 879 876 875
1 3 885 884 875 874
1 3 886 885 874 873
1 3 887 888 885 886
1 3 888 883 884 885
1 3 889 890 883 888
1 3 891 889 888 887
1 3 892 893 889 891
1 3 893 894 890 889
1 3 894 895 896 890
1 3 890 896 881 883
1 3 896 897 882 881
1 3 895 898 897 896
1 3 898 899 900 897
1 3 899 901 902 900
1 3 900 902 903 904
1 3 897 900 904 882
1 3 882 904 905 880
1 3 880 905 906 859
1 3 905 907 858 906
1 3 904 903 907 905
1 3 903 908 909 907
1 3 907 909 910 858
1 3 909 911 855 910
1 3 908 854 911 909
1 3 912 913 854 908
1 3 902 912 908 903
1 3 901 914 912 902
1 3 914 853 913 912
1 3 915 916 853 914
1 3 917 915 914 901
1 3 918 919 915 917
1 3 919 920 916 915
1 3 921 922 920 919
1 3 923 924 922 921
1 3 925 923 921 926
1 3 926 921 919 918
1 3 927 925 918 928
1 3 928 929 930 931
1 3 929 918 917 930
1 3 930 917 901 899
1 3 931 930 899 898
1 3 932 931 898 895
1 3 933 928 931 932
1 3 934 933 932 935
1 3 935 932 895 894
1 3 936 935 894 893
1 3 937 936 893 892
1 3 938 939 936 937
1 3 939 934 935 936
1 3 940 941 934 939
1 3 942 940 939 938
1 3 943 944 940 942
1 3 944 945 941 940
1 3 945 946 947 941
1 3 941 947 933 934
1 3 947 948 928 933
1 3 946 927 948 947
1 3 949 950 927 946
1 3 951 952 950 949
1 3 953 951 949 954
1 3 954 949 946 945
1 3 955 954 945 944
1 3 956 955 944 943
1 3 957 958 955 956
1 3 958 953 954 955
1 3 959 960 953 958
1 3 961 959 958 957
1 3 962 963 959 961
1 3 963 964 960 959
1 3 964 965 966 960
1 3 960 966 951 953
1 3 966 967 952 951
1 3 965 968 967 966
1 3 968 969 970 967
1 3 969 971 972 970
1 3 970 972 973 974
1 3 967 970 974 952
1 3 952 974 975 950
1 3 950 975 976 927
1 3 975 977 925 976
1 3 974 973 977 975
1 3 973 978 979 977
1 3 977 979 923 925
1 3 979 980 924 923
1 3 978 981 980 979
1 3 982 983 981 978
1 3 972 982 978 973
1 3 971 984 982 972
1 3 984 985 983 982
1 3 985 986 987 983
1 3 983 987 988 981
1 3 987 989 990 988
1 3 986 991 989 987
1 3 991 992 993 989
1 3 992 994 995 993
1 3 993 995 996 997
1 3 989 993 997 990
1 3 990 997 998 999
1 3 997 996 1000 998
1 3 998 1000 1001 1002
1 3 999 998 1002 1003
1 3 1004 999 1003 1005
1 3 988 990 999 1004
1 3 981 988 1004 980
1 3 980 1004 1005 924
1 3 924 1005 1006 922
1 3 1005 1003 1007 1006
1 3 1006 1007 1008 1009
1 3 922 1006 1009 920
1 3 920 1009 1010 916
1 3 916 1010 1011 853
1 3 1010 1012 852 1011
1 3 1009 1008 1012 1010
1 3 1008 1013 1014 1012
1 3 1012 1014 1015 852
1 3 1014 1016 848 1015
1 3 1013 1017 1016 1014
1 3 1018 1019 1017 1013
1 3 1007 1018 1013 1008
1 3 1003 1002 1018 1007
1 3 1002 1001 1019 1018
1 3 1001 1020 1021 1019
1 3 1020 1022 1023 1021
1 3 1021 1023 1024 1025
1 3 1019 1021 1025 1017
1 3 1017 1025 1026 1016
1 3 1016 1026 1027 848
1 3 1026 1028 846 1027

boundary
192
2 1 198 2
2 1 199 198
2 1 201 199
2 1 203 201
2 1 205 203
2 1 207 205
2 1 218 207
2 1 219 218
2 1 221 219
2 1 225 221
2 1 227 225
2 1 229 227
2 1 278 229
2 1 279 278
2 1 281 279
2 1 283 281
2 1 285 283
2 1 287 285
2 1 296 287
2 1 298 296
2 1 300 298
2 1 508 300
2 1 509 508
2 1 511 509
2 1 513 511
2 1 515 513
2 1 517 515
2 1 528 517
2 1 0 528
2 1 530 0
2 1 532 530
2 1 545 532
2 1 547 545
2 1 552 547
2 1 554 552
2 1 556 554
16 1 65 69
16 1 60 62
16 1 62 65
16 1 61 60
16 1 59 61
16 1 47 48
16 1 48 59
16 1 46 47
16 1 45 46
16 1 42 45
16 1 41 42
16 1 40 41
16 1 39 40
16 1 38 39
16 1 37 38
16 1 36 37
16 1 35 36
16 1 34 35
16 1 33 34
16 1 32 33
16 1 31 32
16 1 3 31
16 1 69 68
16 1 68 67
16 1 67 66
16 1 66 64
16 1 64 63
16 1 63 58
16 1 58 57
16 1 57 56
16 1 56 55
16 1 55 54
16 1 54 53
16 1 53 52
16 1 52 51
16 1 51 50
16 1 50 49
16 1 49 44
16 1 44 43
16 1 43 30
16 1 30 29
16 1 29 28
16 1 28 27
16 1 27 26
16 1 26 25
16 1 25 24
16 1 24 23
16 1 23 22
16 1 22 21
16 1 21 20
16 1 20 19
16 1 19 18
16 1 18 17
16 1 17 16
16 1 16 15
16 1 15 14
16 1 574 562
16 1 575 574
16 1 579 575
16 1 580 579
16 1 14 13
16 1 13 12
16 1 8 7
16 1 7 6
16 1 6 5
16 1 5 4
16 1 4 640
16 1 640 641
16 1 641 645
16 1 645 646
16 1 646 659
16 1 659 660
16 1 660 664
16 1 664 665
16 1 665 710
16 1 710 711
16 1 711 715
16 1 715 716
16 1 716 729
16 1 729 730
16 1 730 734
16 1 734 735
16 1 844 845
16 1 846 844
16 1 735 867
16 1 867 868
16 1 868 872
16 1 872 873
16 1 873 886
16 1 886 887
16 1 887 891
16 1 891 892
16 1 892 937
16 1 937 938
16 1 938 942
16 1 942 943
16 1 943 956
16 1 956 957
16 1 957 961
16 1 961 962
16 1 994 995
16 1 995 996
16 1 996 1000
16 1 1000 1001
16 1 1001 1020
16 1 1020 1022
16 1 1022 1023
16 1 1023 1024
16 1 1024 1025
16 1 1025 1026
16 1 1026 1028
16 1 1028 846
16 1 12 11
16 1 11 10
16 1 10 9
16 1 9 8
16 1 174 1
16 1 176 174
16 1 179 176
16 1 181 179
16 1 192 181
16 1 194 192
16 1 197 194
16 1 2 197
16 1 107 3
16 1 109 107
16 1 112 109
16 1 114 112
16 1 125 114
16 1 127 125
16 1 130 127
16 1 1 130
16 1 843 841
16 1 845 843
16 1 837 835
16 1 841 837
16 1 834 825
16 1 835 834
16 1 823 580
16 1 825 823
16 1 561 557
16 1 562 561
16 1 555 556
16 1 557 555
16 1 992 994
16 1 991 992
16 1 986 991
16 1 985 986
16 1 984 985
16 1 971 984
16 1 969 971
16 1 968 969
16 1 965 968
16 1 964 965
16 1 963 964
16 1 962 963

vertices
1029
2
2 0.25
1.984375 0.3125
2 0.3125
1.96875 0.3125
1.9375 0.25
1.9394531 0.25
1.9414062 0.25
1.9433594 0.25
1.9453125 0.25
1.9492188 0.25
1.953125 0.25
1.9609375 0.25
1.9648438 0.25
1.9667969 0.25
1.96875 0.25
1.96875 0.25195312
1.96875 0.25390625
1.96875 0.25585938
1.96875 0.2578125
1.96875 0.25976562
1.96875 0.26171875
1.96875 0.26367188
1.96875 0.265625
1.96875 0.26757812
1.96875 0.26953125
1.96875 0.27148438
1.96875 0.2734375
1.96875 0.27539062
1.96875 0.27734375
1.96875 0.27929688
1.96875 0.28125
1.96875 0.31054688
1.96875 0.30859375
1.96875 0.30664062
1.96875 0.3046875
1.96875 0.30273438
1.96875 0.30078125
1.96875 0.29882812
1.96875 0.296875
1.96875 0.29492188
1.96875 0.29296875
1.96875 0.29101562
1.96875 0.2890625
1.9707031 0.28125
1.9726562 0.28125
1.9707031 0.2890625
1.9726562 0.2890625
1.9746094 0.2890625
1.9765625 0.2890625
1.9746094 0.28125
1.9765625 0.28125
1.9785156 0.28125
1.9804688 0.28125
1.9824219 0.28125
1.984375 0.28125
1.984375 0.28320312
1.984375 0.28515625
1.984375 0.28710938
1.984375 0.2890625
1.9765625 0.29101562
1.9785156 0.29296875
1.9765625 0.29296875
1.9804688 0.29296875
1.984375 0.29101562
1.984375 0.29296875
1.9804688 0.29492188
1.984375 0.29492188
1.984375 0.296875
1.9824219 0.296875
1.9804688 0.296875
1.9785156 0.29492188
1.9785156 0.296875
1.9765625 0.29492188
1.9765625 0.296875
1.9746094 0.29492188
1.9746094 0.296875
1.9726562 0.29492188
1.9726562 0.296875
1.9726562 0.29296875
1.9746094 0.29296875
1.9746094 0.29101562
1.9726562 0.29101562
1.9707031 0.29101562
1.9707031 0.29296875
1.9707031 0.29492188
1.9707031 0.296875
1.9707031 0.29882812
1.9707031 0.30078125
1.9726562 0.29882812
1.9726562 0.30078125
1.9746094 0.29882812
1.9765625 0.29882812
1.9765625 0.30078125
1.9746094 0.30078125
1.9746094 0.30273438
1.9726562 0.30273438
1.9765625 0.30273438
1.9765625 0.3046875
1.9746094 0.3046875
1.9726562 0.3046875
1.9707031 0.30273438
1.9707031 0.3046875
1.9707031 0.30664062
1.9726562 0.30664062
1.9726562 0.30859375
1.9707031 0.30859375
1.9707031 0.31054688
1.9707031 0.3125
1.9726562 0.31054688
1.9726562 0.3125
1.9746094 0.30859375
1.9746094 0.31054688
1.9746094 0.3125
1.9765625 0.31054688
1.9765625 0.3125
1.9765625 0.30859375
1.9746094 0.30664062
1.9765625 0.30664062
1.9785156 0.3046875
1.9785156 0.30664062
1.9804688 0.3046875
1.9804688 0.30664062
1.9804688 0.30859375
1.9785156 0.30859375
1.9785156 0.31054688
1.9785156 0.3125
1.9804688 0.31054688
1.9804688 0.3125
1.9824219 0.30859375
1.9824219 0.31054688
1.9824219 0.3125
1.984375 0.31054688
1.984375 0.30859375
1.9824219 0.30664062
1.984375 0.30664062
1.9824219 0.3046875
1.984375 0.3046875
1.9824219 0.30273438
1.984375 0.30273438
1.9824219 0.30078125
1.984375 0.30078125
1.9804688 0.30078125
1.9804688 0.30273438
1.9785156 0.30273438
1.9785156 0.30078125
1.9785156 0.29882812
1.9804688 0.29882812
1.9824219 0.29882812
1.984375 0.29882812
1.9863281 0.296875
1.9863281 0.29882812
1.9863281 0.30078125
1.9882812 0.29882812
1.9882812 0.30078125
1.9882812 0.296875
1.9902344 0.296875
1.9902344 0.29882812
1.9921875 0.296875
1.9921875 0.29882812
1.9921875 0.30078125
1.9902344 0.30078125
1.9902344 0.30273438
1.9882812 0.30273438
1.9921875 0.30273438
1.9921875 0.3046875
1.9902344 0.3046875
1.9882812 0.3046875
1.9863281 0.30273438
1.9863281 0.3046875
1.9863281 0.30664062
1.9882812 0.30664062
1.9882812 0.30859375
1.9863281 0.30859375
1.9863281 0.31054688
1.9863281 0.3125
1.9882812 0.31054688
1.9882812 0.3125
1.9902344 0.30859375
1.9902344 0.31054688
1.9902344 0.3125
1.9921875 0.31054688
1.9921875 0.3125
1.9921875 0.30859375
1.9902344 0.30664062
1.9921875 0.30664062
1.9941406 0.3046875
1.9941406 0.30664062
1.9960938 0.3046875
1.9960938 0.30664062
1.9960938 0.30859375
1.9941406 0.30859375
1.9941406 0.31054688
1.9941406 0.3125
1.9960938 0.31054688
1.9960938 0.3125
1.9980469 0.30859375
1.9980469 0.31054688
1.9980469 0.3125
2 0.31054688
2 0.30859375
1.9980469 0.30664062
2 0.30664062
1.9980469 0.3046875
2 0.3046875
1.9980469 0.30273438
2 0.30273438
1.9980469 0.30078125
2 0.30078125
1.9960938 0.30078125
1.9960938 0.30273438
1.9941406 0.30273438
1.9941406 0.30078125
1.9941406 0.29882812
1.9960938 0.29882812
1.9941406 0.296875
1.9960938 0.296875
1.9980469 0.296875
1.9980469 0.29882812
2 0.29882812
2 0.296875
1.9980469 0.29492188
2 0.29492188
1.9960938 0.29492188
1.9960938 0.29296875
1.9980469 0.29296875
2 0.29296875
1.9980469 0.29101562
2 0.29101562
1.9980469 0.2890625
2 0.2890625
1.9960938 0.2890625
1.9960938 0.29101562
1.9941406 0.29101562
1.9941406 0.29296875
1.9941406 0.2890625
1.9921875 0.2890625
1.9921875 0.29101562
1.9921875 0.29296875
1.9941406 0.29492188
1.9921875 0.29492188
1.9902344 0.29492188
1.9902344 0.29296875
1.9882812 0.29296875
1.9882812 0.29492188
1.9863281 0.29492188
1.9863281 0.29296875
1.9863281 0.29101562
1.9882812 0.29101562
1.9863281 0.2890625
1.9882812 0.2890625
1.9902344 0.2890625
1.9902344 0.29101562
1.9902344 0.28710938
1.9921875 0.28710938
1.9902344 0.28515625
1.9921875 0.28515625
1.9882812 0.28515625
1.9882812 0.28710938
1.9863281 0.28710938
1.9863281 0.28515625
1.9863281 0.28320312
1.9882812 0.28320312
1.9863281 0.28125
1.9882812 0.28125
1.9902344 0.28125
1.9902344 0.28320312
1.9921875 0.28320312
1.9921875 0.28125
1.9941406 0.28125
1.9941406 0.28320312
1.9960938 0.28125
1.9960938 0.28320312
1.9960938 0.28515625
1.9941406 0.28515625
1.9941406 0.28710938
1.9960938 0.28710938
1.9980469 0.28515625
1.9980469 0.28710938
2 0.28710938
2 0.28515625
1.9980469 0.28320312
2 0.28320312
1.9980469 0.28125
2 0.28125
1.9980469 0.27929688
2 0.27929688
1.9980469 0.27734375
2 0.27734375
1.9960938 0.27734375
1.9960938 0.27929688
1.9941406 0.27929688
1.9921875 0.27929688
1.9921875 0.27734375
1.9941406 0.27734375
1.9921875 0.2734375
1.9960938 0.2734375
2 0.2734375
1.9960938 0.26953125
2 0.26953125
1.9960938 0.265625
2 0.265625
1.9941406 0.26757812
1.9960938 0.26757812
1.9941406 0.26953125
1.9941406 0.265625
1.9921875 0.265625
1.9921875 0.26757812
1.9921875 0.26953125
1.9941406 0.27148438
1.9921875 0.27148438
1.9960938 0.27148438
1.9941406 0.2734375
1.9902344 0.27148438
1.9902344 0.2734375
1.9882812 0.27148438
1.9882812 0.2734375
1.9882812 0.26953125
1.9902344 0.26953125
1.9902344 0.26757812
1.9902344 0.265625
1.9882812 0.265625
1.9882812 0.26757812
1.9863281 0.26757812
1.9863281 0.26953125
1.9863281 0.265625
1.984375 0.265625
1.984375 0.26757812
1.984375 0.26953125
1.9863281 0.27148438
1.984375 0.27148438
1.9863281 0.2734375
1.984375 0.2734375
1.9863281 0.27539062
1.984375 0.27539062
1.9863281 0.27734375
1.984375 0.27734375
1.9882812 0.27539062
1.9882812 0.27734375
1.9902344 0.27539062
1.9921875 0.27539062
1.9902344 0.27734375
1.9902344 0.27929688
1.9882812 0.27929688
1.9863281 0.27929688
1.984375 0.27929688
1.9824219 0.27929688
1.9804688 0.27929688
1.9804688 0.27734375
1.9824219 0.27734375
1.9824219 0.27539062
1.9824219 0.2734375
1.9804688 0.2734375
1.9804688 0.27539062
1.9785156 0.27539062
1.9785156 0.27734375
1.9785156 0.2734375
1.9765625 0.2734375
1.9765625 0.27539062
1.9765625 0.27734375
1.9785156 0.27929688
1.9765625 0.27929688
1.9746094 0.27929688
1.9746094 0.27734375
1.9726562 0.27734375
1.9726562 0.27929688
1.9707031 0.27929688
1.9707031 0.27734375
1.9707031 0.27539062
1.9726562 0.27539062
1.9707031 0.2734375
1.9726562 0.2734375
1.9746094 0.2734375
1.9746094 0.27539062
1.9746094 0.27148438
1.9765625 0.27148438
1.9746094 0.26953125
1.9765625 0.26953125
1.9726562 0.26953125
1.9726562 0.27148438
1.9707031 0.27148438
1.9707031 0.26953125
1.9707031 0.26757812
1.9726562 0.26757812
1.9707031 0.265625
1.9726562 0.265625
1.9746094 0.265625
1.9746094 0.26757812
1.9765625 0.26757812
1.9765625 0.265625
1.9785156 0.265625
1.9785156 0.26757812
1.9804688 0.265625
1.9804688 0.26757812
1.9804688 0.26953125
1.9785156 0.26953125
1.9785156 0.27148438
1.9804688 0.27148438
1.9824219 0.26953125
1.9824219 0.27148438
1.9824219 0.26757812
1.9824219 0.265625
1.9824219 0.26367188
1.984375 0.26367188
1.9804688 0.26367188
1.9804688 0.26171875
1.9824219 0.26171875
1.984375 0.26171875
1.9824219 0.25976562
1.984375 0.25976562
1.9824219 0.2578125
1.984375 0.2578125
1.9804688 0.2578125
1.9804688 0.25976562
1.9785156 0.25976562
1.9785156 0.26171875
1.9785156 0.2578125
1.9765625 0.2578125
1.9765625 0.25976562
1.9765625 0.26171875
1.9785156 0.26367188
1.9765625 0.26367188
1.9746094 0.26367188
1.9746094 0.26171875
1.9726562 0.26171875
1.9726562 0.26367188
1.9707031 0.26367188
1.9707031 0.26171875
1.9707031 0.25976562
1.9726562 0.25976562
1.9707031 0.2578125
1.9726562 0.2578125
1.9746094 0.2578125
1.9746094 0.25976562
1.9746094 0.25585938
1.9765625 0.25585938
1.9746094 0.25390625
1.9765625 0.25390625
1.9726562 0.25390625
1.9726562 0.25585938
1.9707031 0.25585938
1.9707031 0.25390625
1.9707031 0.25195312
1.9726562 0.25195312
1.9707031 0.25
1.9726562 0.25
1.9746094 0.25
1.9746094 0.25195312
1.9765625 0.25195312
1.9765625 0.25
1.9785156 0.25
1.9785156 0.25195312
1.9804688 0.25
1.9804688 0.25195312
1.9804688 0.25390625
1.9785156 0.25390625
1.9785156 0.25585938
1.9804688 0.25585938
1.9824219 0.25390625
1.9824219 0.25585938
1.984375 0.25585938
1.984375 0.25390625
1.9824219 0.25195312
1.984375 0.25195312
1.9824219 0.25
1.984375 0.25
1.9863281 0.25
1.9863281 0.25195312
1.9863281 0.25390625
1.9882812 0.25195312
1.9882812 0.25390625
1.9882812 0.25
1.9902344 0.25
1.9902344 0.25195312
1.9921875 0.25
1.9921875 0.25195312
1.9921875 0.25390625
1.9902344 0.25390625
1.9902344 0.25585938
1.9882812 0.25585938
1.9921875 0.25585938
1.9921875 0.2578125
1.9902344 0.2578125
1.9882812 0.2578125
1.9863281 0.25585938
1.9863281 0.2578125
1.9863281 0.25976562
1.9882812 0.25976562
1.9882812 0.26171875
1.9863281 0.26171875
1.9863281 0.26367188
1.9882812 0.26367188
1.9902344 0.26171875
1.9902344 0.26367188
1.9921875 0.26367188
1.9921875 0.26171875
1.9902344 0.25976562
1.9921875 0.25976562
1.9941406 0.2578125
1.9941406 0.25976562
1.9960938 0.2578125
1.9960938 0.25976562
1.9960938 0.26171875
1.9941406 0.26171875
1.9941406 0.26367188
1.9960938 0.26367188
1.9980469 0.26171875
1.9980469 0.26367188
1.9980469 0.265625
2 0.26367188
2 0.26171875
1.9980469 0.25976562
2 0.25976562
1.9980469 0.2578125
2 0.2578125
1.9980469 0.25585938
2 0.25585938
1.9980469 0.25390625
2 0.25390625
1.9960938 0.25390625
1.9960938 0.25585938
1.9941406 0.25585938
1.9941406 0.25390625
1.9941406 0.25195312
1.9960938 0.25195312
1.9941406 0.25
1.9960938 0.25
1.9980469 0.25
1.9980469 0.25195312
2 0.25195312
1.9960938 0.24609375
2 0.24609375
1.9960938 0.2421875
2 0.2421875
1.9921875 0.2421875
1.9921875 0.24609375
1.9882812 0.24609375
1.984375 0.24609375
1.984375 0.2421875
1.9882812 0.2421875
1.9882812 0.23828125
1.9921875 0.23828125
1.984375 0.23828125
1.984375 0.234375
1.9882812 0.234375
1.9921875 0.234375
2 0.234375
1.9960938 0.23046875
2 0.23046875
1.9960938 0.234375
1.9921875 0.23046875
1.9921875 0.2265625
1.9960938 0.2265625
2 0.2265625
1.9960938 0.22265625
2 0.22265625
1.9960938 0.21875
2 0.21875
1.9921875 0.21875
1.9921875 0.22265625
1.9882812 0.22265625
1.9882812 0.2265625
1.9882812 0.21875
1.984375 0.21875
1.984375 0.22265625
1.984375 0.2265625
1.9882812 0.23046875
1.984375 0.23046875
1.9804688 0.23046875
1.9804688 0.234375
1.9765625 0.23046875
1.9765625 0.234375
1.9765625 0.2265625
1.9804688 0.2265625
1.9804688 0.22265625
1.9804688 0.21875
1.9765625 0.21875
1.9765625 0.22265625
1.9726562 0.22265625
1.9726562 0.2265625
1.9726562 0.21875
1.96875 0.21875
1.96875 0.22265625
1.96875 0.2265625
1.9726562 0.23046875
1.96875 0.23046875
1.9726562 0.234375
1.96875 0.234375
1.9726562 0.23828125
1.96875 0.23828125
1.9726562 0.2421875
1.96875 0.2421875
1.9765625 0.23828125
1.9765625 0.2421875
1.9804688 0.23828125
1.9804688 0.2421875
1.9804688 0.24609375
1.9765625 0.24609375
1.9726562 0.24609375
1.96875 0.24609375
1.9667969 0.24804688
1.96875 0.24804688
1.9667969 0.24609375
1.9648438 0.24609375
1.9648438 0.24804688
1.9609375 0.24609375
1.9609375 0.2421875
1.9648438 0.2421875
1.9667969 0.2421875
1.9667969 0.24414062
1.9648438 0.24414062
1.96875 0.24414062
1.9667969 0.24023438
1.96875 0.24023438
1.9648438 0.24023438
1.9648438 0.23828125
1.9667969 0.23828125
1.9667969 0.23632812
1.96875 0.23632812
1.9667969 0.234375
1.9648438 0.234375
1.9648438 0.23632812
1.9609375 0.234375
1.9609375 0.23828125
1.9570312 0.23828125
1.9570312 0.2421875
1.9570312 0.234375
1.953125 0.234375
1.953125 0.23828125
1.953125 0.2421875
1.9492188 0.24609375
1.953125 0.24609375
1.9492188 0.2421875
1.9453125 0.2421875
1.9453125 0.24609375
1.9433594 0.24804688
1.9453125 0.24804688
1.9433594 0.24609375
1.9414062 0.24609375
1.9414062 0.24804688
1.9394531 0.24804688
1.9375 0.24804688
1.9375 0.24609375
1.9394531 0.24609375
1.9394531 0.24414062
1.9414062 0.24414062
1.9375 0.24414062
1.9375 0.2421875
1.9394531 0.2421875
1.9414062 0.2421875
1.9433594 0.2421875
1.9433594 0.24414062
1.9453125 0.24414062
1.9433594 0.24023438
1.9453125 0.24023438
1.9433594 0.23828125
1.9453125 0.23828125
1.9414062 0.23828125
1.9414062 0.24023438
1.9394531 0.24023438
1.9375 0.24023438
1.9375 0.23828125
1.9394531 0.23828125
1.9394531 0.23632812
1.9414062 0.23632812
1.9375 0.23632812
1.9375 0.234375
1.9394531 0.234375
1.9414062 0.234375
1.9433594 0.234375
1.9433594 0.23632812
1.9453125 0.23632812
1.9453125 0.234375
1.9472656 0.234375
1.9472656 0.23632812
1.9492188 0.234375
1.9492188 0.23632812
1.9492188 0.23828125
1.9472656 0.23828125
1.9472656 0.24023438
1.9472656 0.2421875
1.9492188 0.24023438
1.9511719 0.23828125
1.9511719 0.24023438
1.9511719 0.2421875
1.953125 0.24023438
1.9511719 0.23632812
1.953125 0.23632812
1.9511719 0.234375
1.9511719 0.23242188
1.953125 0.23242188
1.9492188 0.23242188
1.9492188 0.23046875
1.9511719 0.23046875
1.953125 0.23046875
1.9511719 0.22851562
1.953125 0.22851562
1.9511719 0.2265625
1.953125 0.2265625
1.9492188 0.2265625
1.9492188 0.22851562
1.9453125 0.2265625
1.9453125 0.23046875
1.9472656 0.23046875
1.9472656 0.23242188
1.9453125 0.23242188
1.9433594 0.23242188
1.9433594 0.23046875
1.9414062 0.23046875
1.9414062 0.23242188
1.9394531 0.23242188
1.9375 0.23242188
1.9375 0.23046875
1.9394531 0.23046875
1.9394531 0.22851562
1.9414062 0.22851562
1.9375 0.22851562
1.9375 0.2265625
1.9394531 0.2265625
1.9414062 0.2265625
1.9433594 0.2265625
1.9433594 0.22851562
1.9453125 0.22851562
1.9433594 0.22460938
1.9453125 0.22460938
1.9433594 0.22265625
1.9453125 0.22265625
1.9414062 0.22265625
1.9414062 0.22460938
1.9394531 0.22460938
1.9375 0.22460938
1.9375 0.22265625
1.9394531 0.22265625
1.9394531 0.22070312
1.9414062 0.22070312
1.9375 0.22070312
1.9375 0.21875
1.9394531 0.21875
1.9414062 0.21875
1.9433594 0.21875
1.9433594 0.22070312
1.9453125 0.22070312
1.9453125 0.21875
1.9472656 0.21875
1.9472656 0.22070312
1.9492188 0.21875
1.9492188 0.22070312
1.9492188 0.22265625
1.9472656 0.22265625
1.9472656 0.22460938
1.9472656 0.2265625
1.9492188 0.22460938
1.9511719 0.22265625
1.9511719 0.22460938
1.953125 0.22460938
1.953125 0.22265625
1.9511719 0.22070312
1.953125 0.22070312
1.9511719 0.21875
1.953125 0.21875
1.9550781 0.21875
1.9550781 0.22070312
1.9550781 0.22265625
1.9570312 0.22070312
1.9570312 0.22265625
1.9570312 0.21875
1.9589844 0.21875
1.9589844 0.22070312
1.9609375 0.21875
1.9609375 0.22070312
1.9609375 0.22265625
1.9589844 0.22265625
1.9589844 0.22460938
1.9570312 0.22460938
1.9609375 0.22460938
1.9609375 0.2265625
1.9589844 0.2265625
1.9570312 0.2265625
1.9550781 0.22460938
1.9550781 0.2265625
1.9550781 0.22851562
1.9570312 0.22851562
1.9570312 0.23046875
1.9550781 0.23046875
1.9550781 0.23242188
1.9550781 0.234375
1.9570312 0.23242188
1.9589844 0.23046875
1.9589844 0.23242188
1.9589844 0.234375
1.9609375 0.23242188
1.9609375 0.23046875
1.9589844 0.22851562
1.9609375 0.22851562
1.9628906 0.2265625
1.9628906 0.22851562
1.9648438 0.2265625
1.9648438 0.22851562
1.9648438 0.23046875
1.9628906 0.23046875
1.9628906 0.23242188
1.9628906 0.234375
1.9648438 0.23242188
1.9667969 0.23046875
1.9667969 0.23242188
1.96875 0.23242188
1.9667969 0.22851562
1.96875 0.22851562
1.9667969 0.2265625
1.9667969 0.22460938
1.96875 0.22460938
1.9667969 0.22265625
1.9648438 0.22265625
1.9648438 0.22460938
1.9628906 0.22460938
1.9628906 0.22265625
1.9628906 0.22070312
1.9648438 0.22070312
1.9628906 0.21875
1.9648438 0.21875
1.9667969 0.21875
1.9667969 0.22070312
1.96875 0.22070312
1.9667969 0.21679688
1.96875 0.21679688
1.9667969 0.21484375
1.96875 0.21484375
1.9648438 0.21484375
1.9648438 0.21679688
1.9609375 0.21484375
1.9609375 0.2109375
1.9648438 0.2109375
1.9667969 0.2109375
1.9667969 0.21289062
1.9648438 0.21289062
1.96875 0.21289062
1.96875 0.2109375
1.9667969 0.20898438
1.96875 0.20898438
1.9648438 0.20898438
1.9648438 0.20703125
1.9667969 0.20703125
1.96875 0.20703125
1.9667969 0.20507812
1.96875 0.20507812
1.9667969 0.203125
1.96875 0.203125
1.9648438 0.203125
1.9648438 0.20507812
1.9609375 0.203125
1.9609375 0.20703125
1.9570312 0.20703125
1.9570312 0.2109375
1.9570312 0.203125
1.953125 0.203125
1.953125 0.20703125
1.953125 0.2109375
1.9492188 0.21484375
1.953125 0.21484375
1.9492188 0.2109375
1.9453125 0.2109375
1.9453125 0.21484375
1.9433594 0.21679688
1.9453125 0.21679688
1.9433594 0.21484375
1.9414062 0.21484375
1.9414062 0.21679688
1.9394531 0.21679688
1.9375 0.21679688
1.9375 0.21484375
1.9394531 0.21484375
1.9394531 0.21289062
1.9414062 0.21289062
1.9375 0.21289062
1.9375 0.2109375
1.9394531 0.2109375
1.9414062 0.2109375
1.9433594 0.2109375
1.9433594 0.21289062
1.9453125 0.21289062
1.9433594 0.20898438
1.9453125 0.20898438
1.9433594 0.20703125
1.9453125 0.20703125
1.9414062 0.20703125
1.9414062 0.20898438
1.9394531 0.20898438
1.9375 0.20898438
1.9375 0.20703125
1.9394531 0.20703125
1.9394531 0.20507812
1.9414062 0.20507812
1.9375 0.20507812
1.9375 0.203125
1.9394531 0.203125
1.9414062 0.203125
1.9433594 0.203125
1.9433594 0.20507812
1.9453125 0.20507812
1.9453125 0.203125
1.9472656 0.203125
1.9472656 0.20507812
1.9492188 0.203125
1.9492188 0.20507812
1.9492188 0.20703125
1.9472656 0.20703125
1.9472656 0.20898438
1.9472656 0.2109375
1.9492188 0.20898438
1.9511719 0.20703125
1.9511719 0.20898438
1.9511719 0.2109375
1.953125 0.20898438
1.9511719 0.20507812
1.953125 0.20507812
1.9511719 0.203125
1.9511719 0.20117188
1.953125 0.20117188
1.9492188 0.20117188
1.9492188 0.19921875
1.9511719 0.19921875
1.953125 0.19921875
1.9511719 0.19726562
1.953125 0.19726562
1.9511719 0.1953125
1.953125 0.1953125
1.9492188 0.1953125
1.9492188 0.19726562
1.9453125 0.1953125
1.9453125 0.19921875
1.9472656 0.19921875
1.9472656 0.20117188
1.9453125 0.20117188
1.9433594 0.20117188
1.9433594 0.19921875
1.9414062 0.19921875
1.9414062 0.20117188
1.9394531 0.20117188
1.9375 0.20117188
1.9375 0.19921875
1.9394531 0.19921875
1.9394531 0.19726562
1.9414062 0.19726562
1.9375 0.19726562
1.9375 0.1953125
1.9394531 0.1953125
1.9414062 0.1953125
1.9433594 0.1953125
1.9433594 0.19726562
1.9453125 0.19726562
1.9433594 0.19335938
1.9453125 0.19335938
1.9433594 0.19140625
1.9453125 0.19140625
1.9414062 0.19140625
1.9414062 0.19335938
1.9394531 0.19335938
1.9375 0.19335938
1.9375 0.19140625
1.9394531 0.19140625
1.9394531 0.18945312
1.9414062 0.18945312
1.9375 0.18945312
1.9375 0.1875
1.9394531 0.1875
1.9414062 0.1875
1.9433594 0.1875
1.9433594 0.18945312
1.9453125 0.18945312
1.9453125 0.1875
1.9472656 0.1875
1.9472656 0.18945312
1.9492188 0.1875
1.9492188 0.18945312
1.9492188 0.19140625
1.9472656 0.19140625
1.9472656 0.19335938
1.9472656 0.1953125
1.9492188 0.19335938
1.9511719 0.19140625
1.9511719 0.19335938
1.953125 0.19335938
1.953125 0.19140625
1.9511719 0.18945312
1.953125 0.18945312
1.9511719 0.1875
1.953125 0.1875
1.9550781 0.1875
1.9550781 0.18945312
1.9550781 0.19140625
1.9570312 0.18945312
1.9570312 0.19140625
1.9570312 0.1875
1.9589844 0.1875
1.9589844 0.18945312
1.9609375 0.1875
1.9609375 0.18945312
1.9609375 0.19140625
1.9589844 0.19140625
1.9589844 0.19335938
1.9570312 0.19335938
1.9609375 0.19335938
1.9609375 0.1953125
1.9589844 0.1953125
1.9570312 0.1953125
1.9550781 0.19335938
1.9550781 0.1953125
1.9550781 0.19726562
1.9570312 0.19726562
1.9570312 0.19921875
1.9550781 0.19921875
1.9550781 0.20117188
1.9550781 0.203125
1.9570312 0.20117188
1.9589844 0.19921875
1.9589844 0.20117188
1.9589844 0.203125
1.9609375 0.20117188
1.9609375 0.19921875
1.9589844 0.19726562
1.9609375 0.19726562
1.9628906 0.1953125
1.9628906 0.19726562
1.9648438 0.1953125
1.9648438 0.19726562
1.9648438 0.19921875
1.9628906 0.19921875
1.9628906 0.20117188
1.9628906 0.203125
1.9648438 0.20117188
