FiniteElementSpace
FiniteElementCollection: L2_2D_P5
VDim: 1
Ordering: 0

0.0033146731
0.016628496
0.037363088
0.06075914
0.081448688
0.094711421
0.0033142328
0.016626288
0.037358127
0.060751072
0.081437872
0.094698844
0.0033123761
0.016616975
0.037337201
0.060717043
0.081392257
0.0946458
0.0033085659
0.016597861
0.037294254
0.060647204
0.081298635
0.094536933
0.0033036765
0.016573332
0.037239139
0.060557577
0.081178488
0.094397222
0.0032997887
0.016553828
0.037195315
0.060486311
0.081082954
0.094286132
0.10130884
0.1145455
0.13512527
0.15829594
0.17874107
0.19182468
0.10129539
0.11453029
0.13510732
0.15827493
0.17871734
0.19179921
0.10123865
0.11446614
0.13503165
0.15818627
0.17861724
0.19169178
0.1011222
0.11433447
0.13487632
0.15800432
0.17841178
0.19147129
0.10097276
0.11416551
0.134677
0.15777081
0.17814812
0.19118833
0.10085393
0.11403115
0.13451851
0.15758514
0.17793848
0.19096334
0.1007881
0.11395672
0.1344307
0.15748228
0.17782232
0.19083869
0.10064249
0.11379209
0.13423649
0.15725477
0.17756544
0.190563
0.10038012
0.11349544
0.13388654
0.15684481
0.17710253
0.19006621
0.10003189
0.11310171
0.13342207
0.1563007
0.17648816
0.18940687
0.099677705
0.11270125
0.13294966
0.15574729
0.17586327
0.18873624
0.099427741
0.11241862
0.13261626
0.15535672
0.17542226
0.18826295
0.0032976348
0.016543022
0.037171035
0.060446828
0.081030026
0.094224585
0.0032928709
0.016519123
0.037117336
0.060359504
0.080912966
0.094088463
0.0032842864
0.016476058
0.037020572
0.060202148
0.080702027
0.093843175
0.0032728929
0.0164189
0.036892144
0.059993301
0.080422063
0.093517622
0.0032613045
0.016360765
0.036761519
0.059780882
0.08013731
0.0931865
0.0032531261
0.016319737
0.036669332
0.059630969
0.079936348
0.092952814
0.0032488388
0.016298229
0.036621006
0.059552383
0.079831001
0.092830312
0.003239797
0.01625287
0.036519087
0.059386644
0.079608824
0.092571956
0.003224567
0.016176467
0.036347415
0.059107475
0.079234592
0.092136785
0.0032056997
0.016081816
0.036134743
0.058761633
0.078770983
0.091597682
0.003187524
0.015990635
0.035929866
0.058428467
0.078324366
0.091078339
0.0031751337
0.015928478
0.035790203
0.05820135
0.078019911
0.090724307
0.0031687545
0.015896476
0.035718296
0.058084418
0.07786316
0.090542031
0.0031555218
0.015830092
0.035569138
0.05784186
0.077538006
0.090163929
0.0031337932
0.015721088
0.035324212
0.057443568
0.077004086
0.089543067
0.0031076338
0.015589856
0.035029344
0.05696406
0.076361296
0.088795605
0.0030830458
0.015466507
0.034752188
0.056513356
0.075757117
0.088093042
0.003066563
0.015383819
0.034566394
0.056211223
0.075352101
0.087622074
0.096849033
0.109503
0.1291768
0.15132748
0.17087266
0.18338035
0.096444594
0.10904572
0.12863736
0.15069555
0.17015911
0.18261458
0.095780484
0.10829484
0.12775157
0.14965787
0.16898742
0.18135713
0.094980956
0.10739085
0.12668517
0.14840861
0.16757681
0.17984328
0.094229455
0.10654117
0.12568283
0.14723439
0.16625094
0.17842036
0.09372568
0.10597157
0.1250109
0.14644724
0.16536213
0.1774665
0.099296707
0.11227047
0.13244149
0.15515198
0.17519108
0.18801485
0.099020355
0.11195801
0.13207289
0.15472018
0.17470351
0.1874916
0.098554872
0.11143171
0.13145203
0.15399286
0.17388226
0.18661024
0.097978217
0.11077971
0.13068289
0.15309184
0.17286487
0.18551838
0.097422699
0.11015162
0.12994195
0.15222384
0.17188477
0.18446655
0.097044006
0.10972345
0.12943685
0.15163213
0.17121665
0.18374952
0.19438751
0.20716035
0.22698467
0.24925463
0.26886076
0.28138555
0.19384653
0.20658382
0.22635297
0.24856095
0.26811251
0.28060244
0.1929353
0.20561273
0.22528895
0.24739254
0.26685218
0.27928339
0.19180644
0.2044097
0.22397081
0.24594507
0.26529084
0.2776493
0.19071895
0.20325077
0.22270099
0.24455066
0.26378673
0.27607511
0.18997762
0.20246074
0.22183536
0.24360009
0.26276139
0.275002
0.18959595
0.20205398
0.22138968
0.24311069
0.26223349
0.27444951
0.18880421
0.20121023
0.2204652
0.2420955
0.26113844
0.27330344
0.18750415
0.19982475
0.21894715
0.24042852
0.25934031
0.27142154
0.18593899
0.19815676
0.21711955
0.23842161
0.25717554
0.2691559
0.18446785
0.19658896
0.21540174
0.23653527
0.2551408
0.26702637
0.18348166
0.19553798
0.21425019
0.23527074
0.2537768
0.26559881
0.2805139
0.29265634
0.31146879
0.33255265
0.35107035
0.36287775
0.2793425
0.29143422
0.3101681
0.33116391
0.34960427
0.36136237
0.27741901
0.28942746
0.30803231
0.32888353
0.3471969
0.35887403
0.27510331
0.2870115
0.30546102
0.32613816
0.34429864
0.35587829
0.27292671
0.28474066
0.30304418
0.3235577
0.34157449
0.35306251
0.27146761
0.28321839
0.30142404
0.32182787
0.33974832
0.35117493
0.28760323
0.3000526
0.31934058
0.34095736
0.35994308
0.37204891
0.28680281
0.29921753
0.31845182
0.34000843
0.35894131
0.37101345
0.28545461
0.29781096
0.31695481
0.33841008
0.35725395
0.36926933
0.28378441
0.29606845
0.31510027
0.33642999
0.3551636
0.36710867
0.28217543
0.29438981
0.31331371
0.33452248
0.35314986
0.36502721
0.28107861
0.29324549
0.31209582
0.33322214
0.35177711
0.36360829
0.29192284
0.30455924
0.32413696
0.34607843
0.36534932
0.37763699
0.29150112
0.30411926
0.32366869
0.34557847
0.36482152
0.37709143
0.29074119
0.30332642
0.32282488
0.34467754
0.36387042
0.37610834
0.28973259
0.30227416
0.32170496
0.3434818
0.3626081
0.37480356
0.28870674
0.30120389
0.32056589
0.34226561
0.36132418
0.37347647
0.28798275
0.30044856
0.31976199
0.3414073
0.36041807
0.37253988
0.19730705
0.21027171
0.23039374
0.2529982
0.27289883
0.28561176
0.19702202
0.20996795
0.23006092
0.25263271
0.27250459
0.28519916
0.1965084
0.20942058
0.22946117
0.25197412
0.27179419
0.28445566
0.19582671
0.2086941
0.22866518
0.25110003
0.27085133
0.28346887
0.19513335
0.2079552
0.22785557
0.25021098
0.26989234
0.2824652
0.19464402
0.20743372
0.22728419
0.24958354
0.26921554
0.28175686
0.19832646
0.21135809
0.23158408
0.25430533
0.2743088
0.28708742
0.19830013
0.21133003
0.23155333
0.25427157
0.27427237
0.2870493
0.19818906
0.21121166
0.23142364
0.25412914
0.27411875
0.28688852
0.19796109
0.21096872
0.23115745
0.25383684
0.27380345
0.28655853
0.19766855
0.21065695
0.23081585
0.25346172
0.27339882
0.28613504
0.19743593
0.21040905
0.23054423
0.25316345
0.27307708
0.28579832
0.29343112
0.30613282
0.3258117
0.34786655
0.36723701
0.37958818
0.29339216
0.30609217
0.32576844
0.34782036
0.36718825
0.37953778
0.29322782
0.30592071
0.32558596
0.34762553
0.36698257
0.37932518
0.29289054
0.30556883
0.32521145
0.34722567
0.36656045
0.37888885
0.29245769
0.30511724
0.32473084
0.34671252
0.36601872
0.3783289
0.29211352
0.30475817
0.32434868
0.34630449
0.36558797
0.37788367
0.38571291
0.39796259
0.41690501
0.43808132
0.45663265
0.46843772
0.38566169
0.39790974
0.41684964
0.43802314
0.45657201
0.46837552
0.38544567
0.39768685
0.41661614
0.43777778
0.45631626
0.46811315
0.3850023
0.3972294
0.4161369
0.43727419
0.45579134
0.46757466
0.38443331
0.39664234
0.41552189
0.43662792
0.4551177
0.46688361
0.38398089
0.39617554
0.41503286
0.43611405
0.45458207
0.46633413
0.38373024
0.39591692
0.41476193
0.43582935
0.45428531
0.4660297
0.38317587
0.39534495
0.41416272
0.43519969
0.45362899
0.46535641
0.38217692
0.39431426
0.41308295
0.43406506
0.4524463
0.46414315
0.38085108
0.3929463
0.41164986
0.43255915
0.45087661
0.46253287
0.37950257
0.39155495
0.41019225
0.43102748
0.44928006
0.46089506
0.37855087
0.39057302
0.40916356
0.42994652
0.44815332
0.45973918
0.47184658
0.48346644
0.50139735
0.52138766
0.53885089
0.54993903
0.47116488
0.48276795
0.50067295
0.52063436
0.53807234
0.54914445
0.46993647
0.48150929
0.49936759
0.51927693
0.53666941
0.54771263
0.4683061
0.47983877
0.4976351
0.51747532
0.53480741
0.54581229
0.46664785
0.47813968
0.49587297
0.5156429
0.53291357
0.54387945
0.46547754
0.47694056
0.49462937
0.51434968
0.53157701
0.54251537
0.47428466
0.48596456
0.50398815
0.52408183
0.54163537
0.55278084
0.47422167
0.48590003
0.50392123
0.52401223
0.54156344
0.55270743
0.47395603
0.48562784
0.50363894
0.52371869
0.54126005
0.5523978
0.47341082
0.48506921
0.50305958
0.52311621
0.54063738
0.55176231
0.47271115
0.4843523
0.50231607
0.52234304
0.5398383
0.55094677
0.47215481
0.48378226
0.50172488
0.52172827
0.53920291
0.5502983
0.55829383
0.56929199
0.58622408
0.60504201
0.62142791
0.63180528
0.55821969
0.56921638
0.58614622
0.60496166
0.62134538
0.63172138
0.55790696
0.56889749
0.58581785
0.60462275
0.62099731
0.6313675
0.55726513
0.56824301
0.5851439
0.60392718
0.62028292
0.63064119
0.55644145
0.5674031
0.58427901
0.60303454
0.61936612
0.6297091
0.55578651
0.56673525
0.5835913
0.60232476
0.61863714
0.62896797
0.63693046
0.64713907
0.66281321
0.68017056
0.69522872
0.70473719
0.63684588
0.64705313
0.66272519
0.68008024
0.69513641
0.70464361
0.63648913
0.64669067
0.66235396
0.6796993
0.69474704
0.70424892
0.63575694
0.64594676
0.66159205
0.67891746
0.6939479
0.70343886
0.6348173
0.64499208
0.66061428
0.67791411
0.69292235
0.70239929
0.63407016
0.64423298
0.65983681
0.6771163
0.6921069
0.70157269
0.63365622
0.64381241
0.65940607
0.67667429
0.69165511
0.70111473
0.63274073
0.64288226
0.65845342
0.67569672
0.69065591
0.70010187
0.63109102
0.64120614
0.65673675
0.67393514
0.68885537
0.69827672
0.62890148
0.63898155
0.65445834
0.67159713
0.68646564
0.69585433
0.62667447
0.6367189
0.65214094
0.66921911
0.68403503
0.69339049
0.62510278
0.63512204
0.65050546
0.66754084
0.68231964
0.69165166
0.55542366
0.56636525
0.58321029
0.60193153
0.61823327
0.62855736
0.55462115
0.56554692
0.58236761
0.60106182
0.61734003
0.62764922
0.55317504
0.56407231
0.58084914
0.59949462
0.61573043
0.62601277
0.55125573
0.56211517
0.57883378
0.59741459
0.61359411
0.62384082
0.5493036
0.56012456
0.57678395
0.59529897
0.61142125
0.62163172
0.54792591
0.55871971
0.5753373
0.5938059
0.60988777
0.62007265
0.5472037
0.55798327
0.57457895
0.59302321
0.6090839
0.61925537
0.54568057
0.55643011
0.57297958
0.59137251
0.60738852
0.61753172
0.54311504
0.55381401
0.57028563
0.58859209
0.60453285
0.6146284
0.5399368
0.55057311
0.56694829
0.58514762
0.60099515
0.61103167
0.53687506
0.54745102
0.56373329
0.5818294
0.5975871
0.60756676
0.53478791
0.54532272
0.56154165
0.57956739
0.59526386
0.60520475
0.62427887
0.63428495
0.64964811
0.66666107
0.68142041
0.69074015
0.62254125
0.63251951
0.64783996
0.66480562
0.67952393
0.68881774
0.61961441
0.62954581
0.64479433
0.66168033
0.67632951
0.68557967
0.61598854
0.62586189
0.64102129
0.65780859
0.67237214
0.68156823
0.61249555
0.62231298
0.63738652
0.65407874
0.6685598
0.6777038
0.61011439
0.61989369
0.63490871
0.65153612
0.66596095
0.67506944
0.60888843
0.61864811
0.63363298
0.65022703
0.66462291
0.67371312
0.60634537
0.61606433
0.63098669
0.64751152
0.66184735
0.67089963
0.60216952
0.61182161
0.62664133
0.64305249
0.65728972
0.66627973
0.59714216
0.60671373
0.62140986
0.63768419
0.6518027
0.66071775
0.59241677
0.60191265
0.6164926
0.6326383
0.64664523
0.65548982
0.58924905
0.59869419
0.61319625
0.62925572
0.64318785
0.65198521
0.53371333
0.54422696
0.56041328
0.57840279
0.59406772
0.60398865
0.53148428
0.54195397
0.55807264
0.575987
0.59158651
0.60146603
0.5278241
0.53822164
0.55422923
0.57202015
0.58751225
0.59732376
0.5234176
0.53372827
0.54960213
0.56724445
0.5826072
0.59233683
0.51927582
0.52950485
0.545253
0.56275563
0.57799679
0.58764945
0.51649936
0.52667366
0.54233755
0.55974653
0.57490617
0.58450722
0.45340433
0.46457004
0.48180002
0.50100862
0.51778879
0.52844322
0.4515108
0.46262988
0.4797879
0.49891625
0.5156263
0.5262362
0.44840152
0.45944403
0.4764839
0.4954805
0.5120754
0.52261218
0.44465824
0.45560856
0.47250619
0.49134418
0.50780047
0.51824923
0.44113982
0.45200349
0.46876742
0.48745634
0.50378236
0.51414837
0.43878122
0.4495868
0.4662611
0.48485009
0.50108879
0.51139935
0.46486406
0.47631196
0.49397746
0.51367176
0.53087637
0.5418003
0.46357021
0.47498625
0.49260257
0.51224203
0.52939871
0.54029222
0.46139087
0.47275325
0.49028674
0.50983382
0.52690978
0.53775204
0.45869104
0.46998693
0.48741782
0.50685047
0.52382644
0.5346052
0.45609017
0.46732202
0.48465406
0.50397648
0.52085612
0.53157372
0.45431717
0.46550536
0.48277003
0.50201731
0.51883128
0.52950719
0.37805197
0.39005828
0.40862431
0.42937986
0.44756266
0.45913326
0.3769998
0.38897268
0.40748702
0.42818479
0.44631697
0.45785536
0.37522754
0.38714413
0.4055714
0.42617183
0.44421874
0.45570288
0.37303202
0.38487886
0.40319828
0.42367811
0.4416194
0.45303634
0.37091697
0.38269663
0.40091214
0.42127581
0.43911534
0.45046753
0.36947516
0.38120902
0.3993537
0.41963818
0.43740834
0.44871639
0.36873283
0.38044312
0.39855133
0.41879503
0.43652948
0.44781481
0.36719299
0.37885437
0.39688694
0.41704607
0.43470643
0.44594462
0.3646645
0.37624557
0.39415394
0.41417419
0.43171289
0.44287368
0.36162043
0.37310482
0.39086366
0.41071672
0.42810896
0.43917655
0.35875921
0.37015274
0.38777103
0.40746695
0.42472152
0.43570152
0.35684117
0.36817378
0.38569787
0.40528845
0.42245073
0.433372
0.35586256
0.36716409
0.38464011
0.40417694
0.42129214
0.43218345
0.35384988
0.3650875
0.38246466
0.40189096
0.41890931
0.429739
0.35058951
0.36172358
0.37894062
0.39818786
0.41504934
0.4257792
0.34672621
0.35773758
0.37476489
0.39379998
0.41047557
0.42108715
0.34314639
0.35404407
0.37089557
0.38973409
0.40623743
0.4167394
0.34077059
0.35159282
0.36832765
0.38703572
0.40342476
0.41385398
0.33956513
0.35034907
0.36702469
0.38566657
0.40199761
0.41238993
0.337099
0.34780461
0.36435913
0.3828656
0.399078
0.4093948
0.33313815
0.34371797
0.36007796
0.37836698
0.39438882
0.40458434
0.32849285
0.33892512
0.35505698
0.37309096
0.38888935
0.39894264
0.32422891
0.33452576
0.35044821
0.36824809
0.38384138
0.39376413
0.32141826
0.33162584
0.34741025
0.36505582
0.38051393
0.39035064
0.41753717
0.42781945
0.44368635
0.46137534
0.47682775
0.48663893
0.41450464
0.42471222
0.44046384
0.45802435
0.47336453
0.48310446
0.40963413
0.41972171
0.43528819
0.45264233
0.46780227
0.47742774
0.40392197
0.41386883
0.42921818
0.44633027
0.46127879
0.47077005
0.3986788
0.40849648
0.42364651
0.44053641
0.45529087
0.46465893
0.39522269
0.40495522
0.41997385
0.4367173
0.45134383
0.46063067
0.43757783
0.44835377
0.46498234
0.48352035
0.4997145
0.50999676
0.43510286
0.44581784
0.46235235
0.48078552
0.49688804
0.50711211
0.43109363
0.44170985
0.45809199
0.47635531
0.49230944
0.50243925
0.42634299
0.43684219
0.45304379
0.47110585
0.48688415
0.49690228
0.42194096
0.43233172
0.448366
0.46624157
0.48185696
0.49177163
0.41901951
0.4293383
0.44526154
0.46301334
0.4785206
0.48836662
0.51508277
0.52522915
0.54085005
0.55821125
0.57332929
0.58290401
0.51216933
0.52225828
0.53779076
0.55505369
0.57008618
0.57960674
0.50744984
0.51744575
0.532835
0.54993874
0.56483262
0.57426543
0.50185762
0.5117433
0.52696283
0.54387795
0.55860758
0.56793639
0.49667578
0.50645932
0.52152159
0.53826192
0.55283936
0.56207177
0.49323681
0.50295256
0.51791047
0.53453481
0.54901123
0.55817967
0.58763284
0.59705208
0.6115144
0.62752988
0.64142384
0.6501971
0.58430882
0.5936748
0.60805538
0.62398037
0.63779584
0.64651953
0.57892419
0.58820388
0.60245202
0.61823041
0.63191872
0.64056212
0.5725438
0.58172123
0.59581241
0.61141705
0.62495469
0.63350296
0.56663159
0.57571425
0.58965996
0.60510358
0.61850158
0.62696169
0.5627079
0.57172765
0.58557681
0.60091354
0.61421886
0.62262045
0.56071704
0.56970486
0.58350503
0.59878752
0.6120458
0.62041771
0.55664418
0.56556669
0.5792666
0.59443813
0.60760018
0.61591135
0.55010282
0.5589204
0.57245928
0.58745257
0.60046002
0.6086736
0.54243115
0.55112566
0.56447562
0.57925982
0.59208594
0.60018504
0.53538936
0.54397093
0.55714745
0.57173965
0.58439931
0.59239331
0.53074768
0.5392548
0.552317
0.56678261
0.57933252
0.58725724
0.49149189
0.50117326
0.51607821
0.53264369
0.54706886
0.55620484
0.48792216
0.49753318
0.51232981
0.52877488
0.54309521
0.55216478
0.48218883
0.4916869
0.50630955
0.52256124
0.53671318
0.5456761
0.47546475
0.48483036
0.49924902
0.51527391
0.52922835
0.5380662
0.46929269
0.47853672
0.49276818
0.50858492
0.52235807
0.53108112
0.46522426
0.47438816
0.48849623
0.50417579
0.51782944
0.52647681
0.46316777
0.47229117
0.48633687
0.5019471
0.51554035
0.52414946
0.45897606
0.46801689
0.48193548
0.4974044
0.51087454
0.51940567
0.45228402
0.46119303
0.47490869
0.49015204
0.50342569
0.51183233
0.44449274
0.45324828
0.46672768
0.48170843
0.49475336
0.5030151
0.43738989
0.44600549
0.45926949
0.47401086
0.48684732
0.494977
0.43273121
0.44125503
0.45437774
0.4689621
0.48166184
0.48970491
0.52840144
0.53687093
0.54987534
0.56427696
0.57677138
0.58466108
0.52361914
0.53201193
0.54489857
0.55916974
0.57155103
0.57936934
0.51598431
0.52425464
0.53695326
0.55101619
0.56321682
0.57092111
0.5070955
0.51522323
0.52770294
0.54152346
0.55351373
0.56108519
0.49899216
0.50698993
0.51927004
0.53286955
0.5446681
0.55211846
0.4936773
0.50158984
0.51373905
0.52719359
0.5388664
0.54623736
0.49099833
0.49886792
0.51095115
0.52433261
0.53594204
0.54327298
0.48555273
0.49333502
0.50528417
0.51851709
0.52999765
0.53724724
0.47689799
0.48454156
0.49627766
0.50927455
0.52055028
0.52767055
0.46687752
0.47436048
0.48584997
0.49857367
0.50961231
0.51658282
0.45779042
0.46512774
0.4763936
0.48886962
0.49969333
0.50652807
0.45185336
0.45909553
0.47021529
0.4825295
0.49321281
0.49995889
0.43038299
0.43886054
0.45191203
0.46641725
0.47904807
0.4870475
0.42560972
0.43399322
0.44689993
0.46124428
0.47373502
0.48164572
0.41802354
0.42625758
0.43893418
0.45302282
0.46529093
0.47306064
0.4092403
0.41730127
0.42971145
0.44350401
0.45551433
0.46312079
0.40127528
0.40917927
0.42134782
0.43487187
0.44664839
0.4541068
0.39607138
0.40387281
0.41588348
0.42923209
0.44085585
0.44821751
0.36562536
0.37462889
0.38852239
0.40401143
0.41754225
0.42613347
0.36157048
0.37047416
0.38421357
0.39953075
0.41291144
0.42140734
0.35512601
0.363871
0.37736551
0.39240962
0.40555169
0.41389609
0.3476646
0.35622583
0.36943682
0.38416481
0.39703065
0.40519962
0.34089821
0.3492928
0.36224665
0.37668799
0.38930337
0.39731328
0.33647739
0.34476311
0.35754895
0.37180301
0.38425478
0.39216079
0.39347571
0.40316521
0.41811742
0.43478684
0.4493487
0.45859449
0.38991489
0.39951666
0.4143335
0.430852
0.44528206
0.45444417
0.38423007
0.3936918
0.40829251
0.42457009
0.4387897
0.4478182
0.37761148
0.38691018
0.40125928
0.41725633
0.43123093
0.44010387
0.37157767
0.38072778
0.39484752
0.41058883
0.42434004
0.43307116
0.36762016
0.37667281
0.39064213
0.40621571
0.4198204
0.4284585
0.31999755
0.33016
0.34587464
0.36344221
0.37883199
0.38862521
0.31710173
0.32717221
0.34274462
0.36015321
0.37540371
0.38510829
0.31247857
0.32240222
0.33774758
0.35490234
0.36993049
0.37949357
0.30709602
0.31684871
0.33192971
0.34878895
0.36355822
0.37295657
0.30218905
0.31178588
0.32662589
0.34321572
0.35774897
0.36699715
0.29897062
0.30846523
0.32314717
0.33956029
0.35393875
0.36308842
0.29734836
0.30679144
0.3213937
0.33771776
0.35201819
0.36111821
0.29405076
0.30338909
0.3178294
0.33397241
0.34811422
0.35711331
0.28880986
0.29798172
0.31216461
0.32801988
0.34190962
0.3507483
0.28274196
0.29172107
0.30560592
0.32112803
0.33472593
0.34337888
0.27723928
0.2860436
0.29965815
0.31487813
0.32821137
0.3366959
0.27364412
0.28233424
0.29577219
0.31079477
0.32395508
0.33232959
0.22620994
0.23600152
0.25117162
0.26817325
0.28310557
0.29262689
0.22370134
0.23338434
0.24838619
0.26519926
0.27996596
0.28938166
0.2197144
0.22922482
0.24395928
0.26047267
0.27497615
0.284224
0.2150983
0.22440891
0.2388338
0.25500022
0.26919895
0.27825248
0.21091214
0.22004158
0.23418573
0.2500375
0.26395988
0.27283719
0.20817711
0.21718818
0.23114892
0.24679512
0.26053694
0.26929912
0.15289192
0.16293838
0.17853122
0.19604761
0.21146856
0.22131962
0.15119633
0.16113139
0.17655132
0.19387348
0.20912343
0.21886525
0.14850152
0.15825952
0.17340464
0.19041809
0.20539627
0.2149645
0.14538145
0.15493445
0.1697614
0.18641742
0.20108094
0.21044817
0.14255201
0.15191909
0.1664575
0.18278939
0.19716756
0.2063525
0.14070339
0.149949
0.16429889
0.18041901
0.19461074
0.20367659
0.1645377
0.17534934
0.19212978
0.21098023
0.22757562
0.23817698
0.16304874
0.17376254
0.19039114
0.20907103
0.22551626
0.23602169
0.16067161
0.17122923
0.18761542
0.206023
0.2222285
0.23258077
0.157904
0.16827978
0.18438374
0.20247429
0.21840068
0.22857464
0.15538092
0.16559093
0.18143759
0.19923911
0.21491106
0.22492247
0.15372606
0.16382733
0.17950523
0.19711718
0.21262225
0.22252705
0.2434398
0.25397723
0.27030291
0.28859972
0.30466967
0.31491638
0.24123687
0.25167894
0.26785687
0.28598808
0.30191257
0.31206655
0.23771992
0.24800975
0.2639518
0.28181862
0.2975109
0.30751681
0.23362527
0.24373784
0.25940527
0.2769643
0.29238622
0.30221973
0.2298924
0.23984338
0.25526045
0.27253888
0.28771434
0.29739069
0.22744404
0.23728904
0.25254191
0.2696363
0.2846501
0.29422338
0.25832532
0.26950714
0.28683124
0.30624709
0.32329986
0.33417322
0.25644928
0.26754989
0.28474815
0.30402296
0.32095187
0.33174625
0.25343617
0.26440634
0.2814025
0.3004508
0.31718077
0.32784831
0.24990238
0.26071957
0.2774787
0.29626134
0.312758
0.32327677
0.2466587
0.25733547
0.27387705
0.29241584
0.30869832
0.31908055
0.24452057
0.25510479
0.27150295
0.28988101
0.30602232
0.31631453
0.27072316
0.28244171
0.30059742
0.32094529
0.33881659
0.35021186
0.26919206
0.28084433
0.29889734
0.3191301
0.33690033
0.34823114
0.26671182
0.27825671
0.29614335
0.31618966
0.33379614
0.34502254
0.26377292
0.27519058
0.29288008
0.31270546
0.3301179
0.34122059
0.26104967
0.27234943
0.28985626
0.30947692
0.32670957
0.33769761
0.25924235
0.27046387
0.28784948
0.30733427
0.32444759
0.33535955
0.18297849
0.19500175
0.21366265
0.23462556
0.25308086
0.26487046
0.18194363
0.1938989
0.21245428
0.23329863
0.25164956
0.26337247
0.18026725
0.19211238
0.21049681
0.23114912
0.24933096
0.26094585
0.17828086
0.18999548
0.20817736
0.22860212
0.2465836
0.25807049
0.17644022
0.1880339
0.20602809
0.226242
0.24403783
0.25540612
0.17521866
0.18673208
0.2046017
0.22467567
0.2423483
0.25363788
0.17459885
0.18607154
0.20387795
0.22388093
0.24149104
0.25274068
0.17333083
0.18472021
0.20239732
0.22225504
0.23973726
0.2509052
0.17129427
0.18254984
0.20001928
0.21964371
0.23692053
0.24795723
0.16890578
0.18000442
0.19723029
0.21658111
0.23361704
0.24449984
0.16671337
0.17766795
0.19467026
0.21376993
0.23058475
0.24132629
0.1652682
0.17612783
0.19298276
0.21191689
0.22858596
0.23923439
0.0891881
0.10084115
0.11895872
0.13935725
0.15735646
0.16887488
0.088540366
0.10010878
0.11809478
0.13834517
0.15621366
0.16764843
0.08750004
0.098932535
0.11670721
0.13671965
0.15437821
0.16567863
0.086279939
0.097553021
0.11507985
0.13481324
0.15222557
0.16336843
0.085160002
0.096286759
0.11358609
0.13306334
0.15024965
0.16124789
0.084421775
0.095452079
0.11260145
0.13190985
0.14894719
0.15985009
0.093468647
0.10568096
0.12466807
0.14604562
0.16490865
0.17697982
0.092940015
0.10508326
0.12396298
0.14521963
0.16397598
0.17597889
0.092083673
0.10411503
0.1228208
0.1438816
0.16246514
0.17435747
0.091068972
0.10296776
0.12146741
0.14229612
0.1606749
0.17243619
0.090128725
0.10190467
0.12021332
0.14082698
0.15901601
0.17065589
0.089504719
0.10119913
0.11938102
0.13985197
0.15791508
0.16947438
0.0030581532
0.01534163
0.034471599
0.056057071
0.075145456
0.087381779
0.0030408573
0.015254862
0.034276638
0.055740029
0.074720456
0.086887572
0.0030128394
0.015114305
0.033960817
0.055226449
0.074031991
0.086086997
0.0029796401
0.014947755
0.033586592
0.054617895
0.073216211
0.085138376
0.0029488768
0.014793427
0.033239826
0.054053993
0.07246029
0.084259361
0.0029284603
0.014691004
0.033009691
0.053679753
0.071958614
0.083675992
0.0029181011
0.014639036
0.032892921
0.053489865
0.071704065
0.083379993
0.0028969084
0.014532719
0.032654035
0.053101394
0.071183312
0.082774441
0.0028628708
0.014361963
0.03227036
0.052477472
0.070346933
0.081801865
0.0028229511
0.0141617
0.031820382
0.05174573
0.06936602
0.080661222
0.0027863086
0.013977877
0.031407346
0.051074061
0.068465636
0.07961422
0.002762155
0.013856707
0.031135086
0.050631318
0.067872132
0.07892407
0.002749946
0.013795458
0.030997465
0.050407523
0.067572131
0.078575217
0.0027250606
0.013670617
0.030716954
0.049951364
0.066960641
0.077864153
0.0026853311
0.013471307
0.03026912
0.049223107
0.065984402
0.076728944
0.0026390755
0.013239259
0.029747724
0.048375226
0.064847804
0.075407264
0.0025969069
0.013027713
0.029272395
0.047602258
0.063811629
0.074202361
0.0025692488
0.012888962
0.028960631
0.047095275
0.063132012
0.073412077
0.084048621
0.095030169
0.11210374
0.1313268
0.14828883
0.15914354
0.083288024
0.094170195
0.11108927
0.13013836
0.14694689
0.15770339
0.082073735
0.09279725
0.10946966
0.12824103
0.1448045
0.15540418
0.080659986
0.091198783
0.10758401
0.12603204
0.1423102
0.1527273
0.079371147
0.089741546
0.10586497
0.12401823
0.14003628
0.15028693
0.078525811
0.088785758
0.10473746
0.12269739
0.13854483
0.14868632
0.078099716
0.088303989
0.10416914
0.12203161
0.13779306
0.14787952
0.077233582
0.087324686
0.10301389
0.12067827
0.13626493
0.14623952
0.075857028
0.085768269
0.10117785
0.1185274
0.13383624
0.14363305
0.074263249
0.083966244
0.099052065
0.11603711
0.1310243
0.14061527
0.072817924
0.08233207
0.097124287
0.11377877
0.12847428
0.13787859
0.071873622
0.081264383
0.095864772
0.11230329
0.12680823
0.13609057
0.0025553076
0.012819023
0.028803485
0.046839728
0.062789448
0.07301373
0.0025269691
0.012676859
0.028484051
0.046320273
0.06209311
0.072204003
0.0024819304
0.012450915
0.027976371
0.045494695
0.060986413
0.070917096
0.0024297844
0.012189316
0.027388577
0.044538838
0.059705074
0.06942711
0.0023824956
0.011952084
0.026855533
0.043672015
0.058543086
0.06807591
0.0023515995
0.011797088
0.026507269
0.043105675
0.057783901
0.067193103
