FiniteElementSpace
FiniteElementCollection: L2_2D_P3
VDim: 1
Ordering: 0

1.9530048e+14
1.9183471e+14
1.8739792e+14
1.840615e+14
1.9530048e+14
1.9183471e+14
1.8739792e+14
1.840615e+14
1.9530048e+14
1.9183471e+14
1.8739792e+14
1.840615e+14
1.9530048e+14
1.9183471e+14
1.8739792e+14
1.840615e+14
1.9530048e+14
1.9183471e+14
1.8739792e+14
1.840615e+14
1.9530048e+14
1.9183471e+14
1.8739792e+14
1.840615e+14
1.9530048e+14
1.9183471e+14
1.8739792e+14
1.840615e+14
1.9530048e+14
1.9183471e+14
1.8739792e+14
1.840615e+14
1.8230592e+14
1.7905311e+14
1.7488945e+14
1.717588e+14
1.8230592e+14
1.7905311e+14
1.7488945e+14
1.717588e+14
1.8230592e+14
1.7905311e+14
1.7488945e+14
1.717588e+14
1.8230592e+14
1.7905311e+14
1.7488945e+14
1.717588e+14
1.8230592e+14
1.7905311e+14
1.7488945e+14
1.717588e+14
1.8230592e+14
1.7905311e+14
1.7488945e+14
1.717588e+14
1.8230592e+14
1.7905311e+14
1.7488945e+14
1.717588e+14
1.8230592e+14
1.7905311e+14
1.7488945e+14
1.717588e+14
1.7011163e+14
1.6705993e+14
1.6315418e+14
1.6021782e+14
1.7011163e+14
1.6705993e+14
1.6315418e+14
1.6021782e+14
1.7011163e+14
1.6705993e+14
1.6315418e+14
1.6021782e+14
1.7011163e+14
1.6705993e+14
1.6315418e+14
1.6021782e+14
1.7011163e+14
1.6705993e+14
1.6315418e+14
1.6021782e+14
1.7011163e+14
1.6705993e+14
1.6315418e+14
1.6021782e+14
1.7011163e+14
1.6705993e+14
1.6315418e+14
1.6021782e+14
1.7011163e+14
1.6705993e+14
1.6315418e+14
1.6021782e+14
1.5867299e+14
1.5581114e+14
1.5214882e+14
1.493958e+14
1.5867299e+14
1.5581114e+14
1.5214882e+14
1.493958e+14
1.5867299e+14
1.5581114e+14
1.5214882e+14
1.493958e+14
1.5867299e+14
1.5581114e+14
1.5214882e+14
1.493958e+14
1.5867299e+14
1.5581114e+14
1.5214882e+14
1.493958e+14
1.5867299e+14
1.5581114e+14
1.5214882e+14
1.493958e+14
1.5867299e+14
1.5581114e+14
1.5214882e+14
1.493958e+14
1.5867299e+14
1.5581114e+14
1.5214882e+14
1.493958e+14
1.5867299e+14
1.5581114e+14
1.5214882e+14
1.493958e+14
1.5867299e+14
1.5581114e+14
1.5214882e+14
1.493958e+14
1.5867299e+14
1.5581114e+14
1.5214882e+14
1.493958e+14
1.5867299e+14
1.5581114e+14
1.5214882e+14
1.493958e+14
1.7011163e+14
1.6705993e+14
1.6315418e+14
1.6021782e+14
1.7011163e+14
1.6705993e+14
1.6315418e+14
1.6021782e+14
1.7011163e+14
1.6705993e+14
1.6315418e+14
1.6021782e+14
1.7011163e+14
1.6705993e+14
1.6315418e+14
1.6021782e+14
1.7011163e+14
1.6705993e+14
1.6315418e+14
1.6021782e+14
1.7011163e+14
1.6705993e+14
1.6315418e+14
1.6021782e+14
1.7011163e+14
1.6705993e+14
1.6315418e+14
1.6021782e+14
1.7011163e+14
1.6705993e+14
1.6315418e+14
1.6021782e+14
1.5867299e+14
1.5581114e+14
1.5214882e+14
1.493958e+14
1.5867299e+14
1.5581114e+14
1.5214882e+14
1.493958e+14
1.5867299e+14
1.5581114e+14
1.5214882e+14
1.493958e+14
1.5867299e+14
1.5581114e+14
1.5214882e+14
1.493958e+14
1.4794755e+14
1.4526483e+14
1.4183216e+14
1.3925209e+14
1.4794755e+14
1.4526483e+14
1.4183216e+14
1.3925209e+14
1.4794755e+14
1.4526483e+14
1.4183216e+14
1.3925209e+14
1.4794755e+14
1.4526483e+14
1.4183216e+14
1.3925209e+14
1.3789494e+14
1.3538116e+14
1.3216505e+14
1.2974806e+14
1.3789494e+14
1.3538116e+14
1.3216505e+14
1.2974806e+14
1.3789494e+14
1.3538116e+14
1.3216505e+14
1.2974806e+14
1.3789494e+14
1.3538116e+14
1.3216505e+14
1.2974806e+14
1.3789494e+14
1.3538116e+14
1.3216505e+14
1.2974806e+14
1.3789494e+14
1.3538116e+14
1.3216505e+14
1.2974806e+14
1.3789494e+14
1.3538116e+14
1.3216505e+14
1.2974806e+14
1.3789494e+14
1.3538116e+14
1.3216505e+14
1.2974806e+14
1.4794755e+14
1.4526483e+14
1.4183216e+14
1.3925209e+14
1.4794755e+14
1.4526483e+14
1.4183216e+14
1.3925209e+14
1.4794755e+14
1.4526483e+14
1.4183216e+14
1.3925209e+14
1.4794755e+14
1.4526483e+14
1.4183216e+14
1.3925209e+14
1.4794755e+14
1.4526483e+14
1.4183216e+14
1.3925209e+14
1.4794755e+14
1.4526483e+14
1.4183216e+14
1.3925209e+14
1.4794755e+14
1.4526483e+14
1.4183216e+14
1.3925209e+14
1.4794755e+14
1.4526483e+14
1.4183216e+14
1.3925209e+14
1.4794755e+14
1.4526483e+14
1.4183216e+14
1.3925209e+14
1.4794755e+14
1.4526483e+14
1.4183216e+14
1.3925209e+14
1.4794755e+14
1.4526483e+14
1.4183216e+14
1.3925209e+14
1.4794755e+14
1.4526483e+14
1.4183216e+14
1.3925209e+14
1.3789494e+14
1.3538116e+14
1.3216505e+14
1.2974806e+14
1.3789494e+14
1.3538116e+14
1.3216505e+14
1.2974806e+14
1.3789494e+14
1.3538116e+14
1.3216505e+14
1.2974806e+14
1.3789494e+14
1.3538116e+14
1.3216505e+14
1.2974806e+14
1.3789494e+14
1.3538116e+14
1.3216505e+14
1.2974806e+14
1.3789494e+14
1.3538116e+14
1.3216505e+14
1.2974806e+14
1.3789494e+14
1.3538116e+14
1.3216505e+14
1.2974806e+14
1.3789494e+14
1.3538116e+14
1.3216505e+14
1.2974806e+14
1.2847678e+14
1.2612226e+14
1.2311028e+14
1.2084697e+14
1.2847678e+14
1.2612226e+14
1.2311028e+14
1.2084697e+14
1.2847678e+14
1.2612226e+14
1.2311028e+14
1.2084697e+14
1.2847678e+14
1.2612226e+14
1.2311028e+14
1.2084697e+14
1.2847678e+14
1.2612226e+14
1.2311028e+14
1.2084697e+14
1.2847678e+14
1.2612226e+14
1.2311028e+14
1.2084697e+14
1.2847678e+14
1.2612226e+14
1.2311028e+14
1.2084697e+14
1.2847678e+14
1.2612226e+14
1.2311028e+14
1.2084697e+14
1.1965662e+14
1.1745217e+14
1.1463251e+14
1.1251396e+14
1.1965662e+14
1.1745217e+14
1.1463251e+14
1.1251396e+14
1.1965662e+14
1.1745217e+14
1.1463251e+14
1.1251396e+14
1.1965662e+14
1.1745217e+14
1.1463251e+14
1.1251396e+14
1.1965662e+14
1.1745217e+14
1.1463251e+14
1.1251396e+14
1.1965662e+14
1.1745217e+14
1.1463251e+14
1.1251396e+14
1.1965662e+14
1.1745217e+14
1.1463251e+14
1.1251396e+14
1.1965662e+14
1.1745217e+14
1.1463251e+14
1.1251396e+14
1.1965662e+14
1.1745217e+14
1.1463251e+14
1.1251396e+14
1.1965662e+14
1.1745217e+14
1.1463251e+14
1.1251396e+14
1.1965662e+14
1.1745217e+14
1.1463251e+14
1.1251396e+14
1.1965662e+14
1.1745217e+14
1.1463251e+14
1.1251396e+14
1.2847678e+14
1.2612226e+14
1.2311028e+14
1.2084697e+14
1.2847678e+14
1.2612226e+14
1.2311028e+14
1.2084697e+14
1.2847678e+14
1.2612226e+14
1.2311028e+14
1.2084697e+14
1.2847678e+14
1.2612226e+14
1.2311028e+14
1.2084697e+14
1.2847678e+14
1.2612226e+14
1.2311028e+14
1.2084697e+14
1.2847678e+14
1.2612226e+14
1.2311028e+14
1.2084697e+14
1.2847678e+14
1.2612226e+14
1.2311028e+14
1.2084697e+14
1.2847678e+14
1.2612226e+14
1.2311028e+14
1.2084697e+14
1.1965662e+14
1.1745217e+14
1.1463251e+14
1.1251396e+14
1.1965662e+14
1.1745217e+14
1.1463251e+14
1.1251396e+14
1.1965662e+14
1.1745217e+14
1.1463251e+14
1.1251396e+14
1.1965662e+14
1.1745217e+14
1.1463251e+14
1.1251396e+14
1.1139985e+14
1.0933674e+14
1.0669818e+14
1.0471596e+14
1.1139985e+14
1.0933674e+14
1.0669818e+14
1.0471596e+14
1.1139985e+14
1.0933674e+14
1.0669818e+14
1.0471596e+14
1.1139985e+14
1.0933674e+14
1.0669818e+14
1.0471596e+14
1.0367361e+14
1.0174357e+14
9.9275489e+13
9.742156e+13
1.0367361e+14
1.0174357e+14
9.9275489e+13
9.742156e+13
1.0367361e+14
1.0174357e+14
9.9275489e+13
9.742156e+13
1.0367361e+14
1.0174357e+14
9.9275489e+13
9.742156e+13
1.0367361e+14
1.0174357e+14
9.9275489e+13
9.742156e+13
1.0367361e+14
1.0174357e+14
9.9275489e+13
9.742156e+13
1.0367361e+14
1.0174357e+14
9.9275489e+13
9.742156e+13
1.0367361e+14
1.0174357e+14
9.9275489e+13
9.742156e+13
1.1139985e+14
1.0933674e+14
1.0669818e+14
1.0471596e+14
1.1139985e+14
1.0933674e+14
1.0669818e+14
1.0471596e+14
1.1139985e+14
1.0933674e+14
1.0669818e+14
1.0471596e+14
1.1139985e+14
1.0933674e+14
1.0669818e+14
1.0471596e+14
1.1139985e+14
1.0933674e+14
1.0669818e+14
1.0471596e+14
1.1139985e+14
1.0933674e+14
1.0669818e+14
1.0471596e+14
1.1139985e+14
1.0933674e+14
1.0669818e+14
1.0471596e+14
1.1139985e+14
1.0933674e+14
1.0669818e+14
1.0471596e+14
1.1139985e+14
1.0933674e+14
1.0669818e+14
1.0471596e+14
1.1139985e+14
1.0933674e+14
1.0669818e+14
1.0471596e+14
1.1139985e+14
1.0933674e+14
1.0669818e+14
1.0471596e+14
1.1139985e+14
1.0933674e+14
1.0669818e+14
1.0471596e+14
1.0367361e+14
1.0174357e+14
9.9275489e+13
9.742156e+13
1.0367361e+14
1.0174357e+14
9.9275489e+13
9.742156e+13
1.0367361e+14
1.0174357e+14
9.9275489e+13
9.742156e+13
1.0367361e+14
1.0174357e+14
9.9275489e+13
9.742156e+13
1.0367361e+14
1.0174357e+14
9.9275489e+13
9.742156e+13
1.0367361e+14
1.0174357e+14
9.9275489e+13
9.742156e+13
1.0367361e+14
1.0174357e+14
9.9275489e+13
9.742156e+13
1.0367361e+14
1.0174357e+14
9.9275489e+13
9.742156e+13
9.6446759e+13
9.4641928e+13
9.2334248e+13
9.0601016e+13
9.6446759e+13
9.4641928e+13
9.2334248e+13
9.0601016e+13
9.6446759e+13
9.4641928e+13
9.2334248e+13
9.0601016e+13
9.6446759e+13
9.4641928e+13
9.2334248e+13
9.0601016e+13
9.6446759e+13
9.4641928e+13
9.2334248e+13
9.0601016e+13
9.6446759e+13
9.4641928e+13
9.2334248e+13
9.0601016e+13
9.6446759e+13
9.4641928e+13
9.2334248e+13
9.0601016e+13
9.6446759e+13
9.4641928e+13
9.2334248e+13
9.0601016e+13
8.9689751e+13
8.8002694e+13
8.5845863e+13
8.4226126e+13
8.9689751e+13
8.8002694e+13
8.5845863e+13
8.4226126e+13
8.9689751e+13
8.8002694e+13
8.5845863e+13
8.4226126e+13
8.9689751e+13
8.8002694e+13
8.5845863e+13
8.4226126e+13
8.9689751e+13
8.8002694e+13
8.5845863e+13
8.4226126e+13
8.9689751e+13
8.8002694e+13
8.5845863e+13
8.4226126e+13
8.9689751e+13
8.8002694e+13
8.5845863e+13
8.4226126e+13
8.9689751e+13
8.8002694e+13
8.5845863e+13
8.4226126e+13
8.9689751e+13
8.8002694e+13
8.5845863e+13
8.4226126e+13
8.9689751e+13
8.8002694e+13
8.5845863e+13
8.4226126e+13
8.9689751e+13
8.8002694e+13
8.5845863e+13
8.4226126e+13
8.9689751e+13
8.8002694e+13
8.5845863e+13
8.4226126e+13
9.6446759e+13
9.4641928e+13
9.2334248e+13
9.0601016e+13
9.6446759e+13
9.4641928e+13
9.2334248e+13
9.0601016e+13
9.6446759e+13
9.4641928e+13
9.2334248e+13
9.0601016e+13
9.6446759e+13
9.4641928e+13
9.2334248e+13
9.0601016e+13
9.6446759e+13
9.4641928e+13
9.2334248e+13
9.0601016e+13
9.6446759e+13
9.4641928e+13
9.2334248e+13
9.0601016e+13
9.6446759e+13
9.4641928e+13
9.2334248e+13
9.0601016e+13
9.6446759e+13
9.4641928e+13
9.2334248e+13
9.0601016e+13
8.9689751e+13
8.8002694e+13
8.5845863e+13
8.4226126e+13
8.9689751e+13
8.8002694e+13
8.5845863e+13
8.4226126e+13
8.9689751e+13
8.8002694e+13
8.5845863e+13
8.4226126e+13
8.9689751e+13
8.8002694e+13
8.5845863e+13
8.4226126e+13
8.3374602e+13
8.1798272e+13
7.9783245e+13
7.8270184e+13
8.3374602e+13
8.1798272e+13
7.9783245e+13
7.8270184e+13
8.3374602e+13
8.1798272e+13
7.9783245e+13
7.8270184e+13
8.3374602e+13
8.1798272e+13
7.9783245e+13
7.8270184e+13
7.7474806e+13
7.6002532e+13
7.4120748e+13
7.270791e+13
7.7474806e+13
7.6002532e+13
7.4120748e+13
7.270791e+13
7.7474806e+13
7.6002532e+13
7.4120748e+13
7.270791e+13
7.7474806e+13
7.6002532e+13
7.4120748e+13
7.270791e+13
7.7474806e+13
7.6002532e+13
7.4120748e+13
7.270791e+13
7.7474806e+13
7.6002532e+13
7.4120748e+13
7.270791e+13
7.7474806e+13
7.6002532e+13
7.4120748e+13
7.270791e+13
7.7474806e+13
7.6002532e+13
7.4120748e+13
7.270791e+13
8.3374602e+13
8.1798272e+13
7.9783245e+13
7.8270184e+13
8.3374602e+13
8.1798272e+13
7.9783245e+13
7.8270184e+13
8.3374602e+13
8.1798272e+13
7.9783245e+13
7.8270184e+13
8.3374602e+13
8.1798272e+13
7.9783245e+13
7.8270184e+13
8.3374602e+13
8.1798272e+13
7.9783245e+13
7.8270184e+13
8.3374602e+13
8.1798272e+13
7.9783245e+13
7.8270184e+13
8.3374602e+13
8.1798272e+13
7.9783245e+13
7.8270184e+13
8.3374602e+13
8.1798272e+13
7.9783245e+13
7.8270184e+13
8.3374602e+13
8.1798272e+13
7.9783245e+13
7.8270184e+13
8.3374602e+13
8.1798272e+13
7.9783245e+13
7.8270184e+13
8.3374602e+13
8.1798272e+13
7.9783245e+13
7.8270184e+13
8.3374602e+13
8.1798272e+13
7.9783245e+13
7.8270184e+13
7.7474806e+13
7.6002532e+13
7.4120748e+13
7.270791e+13
7.7474806e+13
7.6002532e+13
7.4120748e+13
7.270791e+13
7.7474806e+13
7.6002532e+13
7.4120748e+13
7.270791e+13
7.7474806e+13
7.6002532e+13
7.4120748e+13
7.270791e+13
7.7474806e+13
7.6002532e+13
7.4120748e+13
7.270791e+13
7.7474806e+13
7.6002532e+13
7.4120748e+13
7.270791e+13
7.7474806e+13
7.6002532e+13
7.4120748e+13
7.270791e+13
7.7474806e+13
7.6002532e+13
7.4120748e+13
7.270791e+13
7.1965276e+13
7.0590745e+13
6.8834104e+13
6.7515383e+13
7.1965276e+13
7.0590745e+13
6.8834104e+13
6.7515383e+13
7.1965276e+13
7.0590745e+13
6.8834104e+13
6.7515383e+13
7.1965276e+13
7.0590745e+13
6.8834104e+13
6.7515383e+13
7.1965276e+13
7.0590745e+13
6.8834104e+13
6.7515383e+13
7.1965276e+13
7.0590745e+13
6.8834104e+13
6.7515383e+13
7.1965276e+13
7.0590745e+13
6.8834104e+13
6.7515383e+13
7.1965276e+13
7.0590745e+13
6.8834104e+13
6.7515383e+13
6.6822277e+13
6.5539518e+13
6.390036e+13
6.2669984e+13
6.6822277e+13
6.5539518e+13
6.390036e+13
6.2669984e+13
6.6822277e+13
6.5539518e+13
6.390036e+13
6.2669984e+13
6.6822277e+13
6.5539518e+13
6.390036e+13
6.2669984e+13
6.6822277e+13
6.5539518e+13
6.390036e+13
6.2669984e+13
6.6822277e+13
6.5539518e+13
6.390036e+13
6.2669984e+13
6.6822277e+13
6.5539518e+13
6.390036e+13
6.2669984e+13
6.6822277e+13
6.5539518e+13
6.390036e+13
6.2669984e+13
6.6822277e+13
6.5539518e+13
6.390036e+13
6.2669984e+13
6.6822277e+13
6.5539518e+13
6.390036e+13
6.2669984e+13
6.6822277e+13
6.5539518e+13
6.390036e+13
6.2669984e+13
6.6822277e+13
6.5539518e+13
6.390036e+13
6.2669984e+13
7.1965276e+13
7.0590745e+13
6.8834104e+13
6.7515383e+13
7.1965276e+13
7.0590745e+13
6.8834104e+13
6.7515383e+13
7.1965276e+13
7.0590745e+13
6.8834104e+13
6.7515383e+13
7.1965276e+13
7.0590745e+13
6.8834104e+13
6.7515383e+13
7.1965276e+13
7.0590745e+13
6.8834104e+13
6.7515383e+13
7.1965276e+13
7.0590745e+13
6.8834104e+13
6.7515383e+13
7.1965276e+13
7.0590745e+13
6.8834104e+13
6.7515383e+13
7.1965276e+13
7.0590745e+13
6.8834104e+13
6.7515383e+13
6.6822277e+13
6.5539518e+13
6.390036e+13
6.2669984e+13
6.6822277e+13
6.5539518e+13
6.390036e+13
6.2669984e+13
6.6822277e+13
6.5539518e+13
6.390036e+13
6.2669984e+13
6.6822277e+13
6.5539518e+13
6.390036e+13
6.2669984e+13
6.2023363e+13
6.0826733e+13
5.9297819e+13
5.8150333e+13
6.2023363e+13
6.0826733e+13
5.9297819e+13
5.8150333e+13
6.2023363e+13
6.0826733e+13
5.9297819e+13
5.8150333e+13
6.2023363e+13
6.0826733e+13
5.9297819e+13
5.8150333e+13
5.7547323e+13
5.643149e+13
5.5005981e+13
5.3936232e+13
5.7547323e+13
5.643149e+13
5.5005981e+13
5.3936232e+13
5.7547323e+13
5.643149e+13
5.5005981e+13
5.3936232e+13
5.7547323e+13
5.643149e+13
5.5005981e+13
5.3936232e+13
5.7547323e+13
5.643149e+13
5.5005981e+13
5.3936232e+13
5.7547323e+13
5.643149e+13
5.5005981e+13
5.3936232e+13
5.7547323e+13
5.643149e+13
5.5005981e+13
5.3936232e+13
5.7547323e+13
5.643149e+13
5.5005981e+13
5.3936232e+13
6.2023363e+13
6.0826733e+13
5.9297819e+13
5.8150333e+13
6.2023363e+13
6.0826733e+13
5.9297819e+13
5.8150333e+13
6.2023363e+13
6.0826733e+13
5.9297819e+13
5.8150333e+13
6.2023363e+13
6.0826733e+13
5.9297819e+13
5.8150333e+13
6.2023363e+13
6.0826733e+13
5.9297819e+13
5.8150333e+13
6.2023363e+13
6.0826733e+13
5.9297819e+13
5.8150333e+13
6.2023363e+13
6.0826733e+13
5.9297819e+13
5.8150333e+13
6.2023363e+13
6.0826733e+13
5.9297819e+13
5.8150333e+13
6.2023363e+13
6.0826733e+13
5.9297819e+13
5.8150333e+13
6.2023363e+13
6.0826733e+13
5.9297819e+13
5.8150333e+13
6.2023363e+13
6.0826733e+13
5.9297819e+13
5.8150333e+13
6.2023363e+13
6.0826733e+13
5.9297819e+13
5.8150333e+13
5.7547323e+13
5.643149e+13
5.5005981e+13
5.3936232e+13
5.7547323e+13
5.643149e+13
5.5005981e+13
5.3936232e+13
5.7547323e+13
5.643149e+13
5.5005981e+13
5.3936232e+13
5.7547323e+13
5.643149e+13
5.5005981e+13
5.3936232e+13
5.7547323e+13
5.643149e+13
5.5005981e+13
5.3936232e+13
5.7547323e+13
5.643149e+13
5.5005981e+13
5.3936232e+13
5.7547323e+13
5.643149e+13
5.5005981e+13
5.3936232e+13
5.7547323e+13
5.643149e+13
5.5005981e+13
5.3936232e+13
5.3374119e+13
5.2334046e+13
5.1005484e+13
5.0008608e+13
5.3374119e+13
5.2334046e+13
5.1005484e+13
5.0008608e+13
5.3374119e+13
5.2334046e+13
5.1005484e+13
5.0008608e+13
5.3374119e+13
5.2334046e+13
5.1005484e+13
5.0008608e+13
5.3374119e+13
5.2334046e+13
5.1005484e+13
5.0008608e+13
5.3374119e+13
5.2334046e+13
5.1005484e+13
5.0008608e+13
5.3374119e+13
5.2334046e+13
5.1005484e+13
5.0008608e+13
5.3374119e+13
5.2334046e+13
5.1005484e+13
5.0008608e+13
4.948483e+13
4.8515764e+13
4.7278055e+13
4.6349463e+13
4.948483e+13
4.8515764e+13
4.7278055e+13
4.6349463e+13
4.948483e+13
4.8515764e+13
4.7278055e+13
4.6349463e+13
4.948483e+13
4.8515764e+13
4.7278055e+13
4.6349463e+13
4.948483e+13
4.8515764e+13
4.7278055e+13
4.6349463e+13
4.948483e+13
4.8515764e+13
4.7278055e+13
4.6349463e+13
4.948483e+13
4.8515764e+13
4.7278055e+13
4.6349463e+13
4.948483e+13
4.8515764e+13
4.7278055e+13
4.6349463e+13
4.948483e+13
4.8515764e+13
4.7278055e+13
4.6349463e+13
4.948483e+13
4.8515764e+13
4.7278055e+13
4.6349463e+13
4.948483e+13
4.8515764e+13
4.7278055e+13
4.6349463e+13
4.948483e+13
4.8515764e+13
4.7278055e+13
4.6349463e+13
5.3374119e+13
5.2334046e+13
5.1005484e+13
5.0008608e+13
5.3374119e+13
5.2334046e+13
5.1005484e+13
5.0008608e+13
5.3374119e+13
5.2334046e+13
5.1005484e+13
5.0008608e+13
5.3374119e+13
5.2334046e+13
5.1005484e+13
5.0008608e+13
5.3374119e+13
5.2334046e+13
5.1005484e+13
5.0008608e+13
5.3374119e+13
5.2334046e+13
5.1005484e+13
5.0008608e+13
5.3374119e+13
5.2334046e+13
5.1005484e+13
5.0008608e+13
5.3374119e+13
5.2334046e+13
5.1005484e+13
5.0008608e+13
4.948483e+13
4.8515764e+13
4.7278055e+13
4.6349463e+13
4.948483e+13
4.8515764e+13
4.7278055e+13
4.6349463e+13
4.948483e+13
4.8515764e+13
4.7278055e+13
4.6349463e+13
4.948483e+13
4.8515764e+13
4.7278055e+13
4.6349463e+13
4.5861601e+13
4.4959059e+13
4.3806455e+13
4.2941817e+13
4.5861601e+13
4.4959059e+13
4.3806455e+13
4.2941817e+13
4.5861601e+13
4.4959059e+13
4.3806455e+13
4.2941817e+13
4.5861601e+13
4.4959059e+13
4.3806455e+13
4.2941817e+13
4.2487592e+13
4.1647346e+13
4.0574426e+13
3.9769662e+13
4.2487592e+13
4.1647346e+13
4.0574426e+13
3.9769662e+13
4.2487592e+13
4.1647346e+13
4.0574426e+13
3.9769662e+13
4.2487592e+13
4.1647346e+13
4.0574426e+13
3.9769662e+13
4.2487592e+13
4.1647346e+13
4.0574426e+13
3.9769662e+13
4.2487592e+13
4.1647346e+13
4.0574426e+13
3.9769662e+13
4.2487592e+13
4.1647346e+13
4.0574426e+13
3.9769662e+13
4.2487592e+13
4.1647346e+13
4.0574426e+13
3.9769662e+13
4.5861601e+13
4.4959059e+13
4.3806455e+13
4.2941817e+13
4.5861601e+13
4.4959059e+13
4.3806455e+13
4.2941817e+13
4.5861601e+13
4.4959059e+13
4.3806455e+13
4.2941817e+13
4.5861601e+13
4.4959059e+13
4.3806455e+13
4.2941817e+13
4.5861601e+13
4.4959059e+13
4.3806455e+13
4.2941817e+13
4.5861601e+13
4.4959059e+13
4.3806455e+13
4.2941817e+13
4.5861601e+13
4.4959059e+13
4.3806455e+13
4.2941817e+13
4.5861601e+13
4.4959059e+13
4.3806455e+13
4.2941817e+13
4.5861601e+13
4.4959059e+13
4.3806455e+13
4.2941817e+13
4.5861601e+13
4.4959059e+13
4.3806455e+13
4.2941817e+13
4.5861601e+13
4.4959059e+13
4.3806455e+13
4.2941817e+13
4.5861601e+13
4.4959059e+13
4.3806455e+13
4.2941817e+13
4.2487592e+13
4.1647346e+13
4.0574426e+13
3.9769662e+13
4.2487592e+13
4.1647346e+13
4.0574426e+13
3.9769662e+13
4.2487592e+13
4.1647346e+13
4.0574426e+13
3.9769662e+13
4.2487592e+13
4.1647346e+13
4.0574426e+13
3.9769662e+13
4.2487592e+13
4.1647346e+13
4.0574426e+13
3.9769662e+13
4.2487592e+13
4.1647346e+13
4.0574426e+13
3.9769662e+13
4.2487592e+13
4.1647346e+13
4.0574426e+13
3.9769662e+13
4.2487592e+13
4.1647346e+13
4.0574426e+13
3.9769662e+13
3.9346925e+13
3.8564989e+13
3.7566647e+13
3.6817913e+13
3.9346925e+13
3.8564989e+13
3.7566647e+13
3.6817913e+13
3.9346925e+13
3.8564989e+13
3.7566647e+13
3.6817913e+13
3.9346925e+13
3.8564989e+13
3.7566647e+13
3.6817913e+13
3.9346925e+13
3.8564989e+13
3.7566647e+13
3.6817913e+13
3.9346925e+13
3.8564989e+13
3.7566647e+13
3.6817913e+13
3.9346925e+13
3.8564989e+13
3.7566647e+13
3.6817913e+13
3.9346925e+13
3.8564989e+13
3.7566647e+13
3.6817913e+13
3.6424639e+13
3.5697259e+13
3.4768685e+13
3.4072358e+13
3.6424639e+13
3.5697259e+13
3.4768685e+13
3.4072358e+13
3.6424639e+13
3.5697259e+13
3.4768685e+13
3.4072358e+13
3.6424639e+13
3.5697259e+13
3.4768685e+13
3.4072358e+13
3.6424639e+13
3.5697259e+13
3.4768685e+13
3.4072358e+13
3.6424639e+13
3.5697259e+13
3.4768685e+13
3.4072358e+13
3.6424639e+13
3.5697259e+13
3.4768685e+13
3.4072358e+13
3.6424639e+13
3.5697259e+13
3.4768685e+13
3.4072358e+13
3.6424639e+13
3.5697259e+13
3.4768685e+13
3.4072358e+13
3.6424639e+13
3.5697259e+13
3.4768685e+13
3.4072358e+13
3.6424639e+13
3.5697259e+13
3.4768685e+13
3.4072358e+13
3.6424639e+13
3.5697259e+13
3.4768685e+13
3.4072358e+13
3.9346925e+13
3.8564989e+13
3.7566647e+13
3.6817913e+13
3.9346925e+13
3.8564989e+13
3.7566647e+13
3.6817913e+13
3.9346925e+13
3.8564989e+13
3.7566647e+13
3.6817913e+13
3.9346925e+13
3.8564989e+13
3.7566647e+13
3.6817913e+13
3.9346925e+13
3.8564989e+13
3.7566647e+13
3.6817913e+13
3.9346925e+13
3.8564989e+13
3.7566647e+13
3.6817913e+13
3.9346925e+13
3.8564989e+13
3.7566647e+13
3.6817913e+13
3.9346925e+13
3.8564989e+13
3.7566647e+13
3.6817913e+13
3.6424639e+13
3.5697259e+13
3.4768685e+13
3.4072358e+13
3.6424639e+13
3.5697259e+13
3.4768685e+13
3.4072358e+13
3.6424639e+13
3.5697259e+13
3.4768685e+13
3.4072358e+13
3.6424639e+13
3.5697259e+13
3.4768685e+13
3.4072358e+13
3.3706641e+13
3.3030283e+13
3.2166948e+13
3.1519621e+13
3.3706641e+13
3.3030283e+13
3.2166948e+13
3.1519621e+13
3.3706641e+13
3.3030283e+13
3.2166948e+13
3.1519621e+13
3.3706641e+13
3.3030283e+13
3.2166948e+13
3.1519621e+13
3.1179667e+13
3.0551005e+13
2.9748648e+13
2.9147114e+13
3.1179667e+13
3.0551005e+13
2.9748648e+13
2.9147114e+13
3.1179667e+13
3.0551005e+13
2.9748648e+13
2.9147114e+13
3.1179667e+13
3.0551005e+13
2.9748648e+13
2.9147114e+13
3.1179667e+13
3.0551005e+13
2.9748648e+13
2.9147114e+13
3.1179667e+13
3.0551005e+13
2.9748648e+13
2.9147114e+13
3.1179667e+13
3.0551005e+13
2.9748648e+13
2.9147114e+13
3.1179667e+13
3.0551005e+13
2.9748648e+13
2.9147114e+13
3.3706641e+13
3.3030283e+13
3.2166948e+13
3.1519621e+13
3.3706641e+13
3.3030283e+13
3.2166948e+13
3.1519621e+13
3.3706641e+13
3.3030283e+13
3.2166948e+13
3.1519621e+13
3.3706641e+13
3.3030283e+13
3.2166948e+13
3.1519621e+13
3.3706641e+13
3.3030283e+13
3.2166948e+13
3.1519621e+13
3.3706641e+13
3.3030283e+13
3.2166948e+13
3.1519621e+13
3.3706641e+13
3.3030283e+13
3.2166948e+13
3.1519621e+13
3.3706641e+13
3.3030283e+13
3.2166948e+13
3.1519621e+13
3.3706641e+13
3.3030283e+13
3.2166948e+13
3.1519621e+13
3.3706641e+13
3.3030283e+13
3.2166948e+13
3.1519621e+13
3.3706641e+13
3.3030283e+13
3.2166948e+13
3.1519621e+13
3.3706641e+13
3.3030283e+13
3.2166948e+13
3.1519621e+13
3.1179667e+13
3.0551005e+13
2.9748648e+13
2.9147114e+13
3.1179667e+13
3.0551005e+13
2.9748648e+13
2.9147114e+13
3.1179667e+13
3.0551005e+13
2.9748648e+13
2.9147114e+13
3.1179667e+13
3.0551005e+13
2.9748648e+13
2.9147114e+13
3.1179667e+13
3.0551005e+13
2.9748648e+13
2.9147114e+13
3.1179667e+13
3.0551005e+13
2.9748648e+13
2.9147114e+13
3.1179667e+13
3.0551005e+13
2.9748648e+13
2.9147114e+13
3.1179667e+13
3.0551005e+13
2.9748648e+13
2.9147114e+13
2.8831235e+13
2.824714e+13
2.7501752e+13
2.6942998e+13
2.8831235e+13
2.824714e+13
2.7501752e+13
2.6942998e+13
2.8831235e+13
2.824714e+13
2.7501752e+13
2.6942998e+13
2.8831235e+13
2.824714e+13
2.7501752e+13
2.6942998e+13
2.8831235e+13
2.824714e+13
2.7501752e+13
2.6942998e+13
2.8831235e+13
2.824714e+13
2.7501752e+13
2.6942998e+13
2.8831235e+13
2.824714e+13
2.7501752e+13
2.6942998e+13
2.8831235e+13
2.824714e+13
2.7501752e+13
2.6942998e+13
2.6649605e+13
2.6107136e+13
2.5414951e+13
2.4896141e+13
2.6649605e+13
2.6107136e+13
2.5414951e+13
2.4896141e+13
2.6649605e+13
2.6107136e+13
2.5414951e+13
2.4896141e+13
2.6649605e+13
2.6107136e+13
2.5414951e+13
2.4896141e+13
2.6649605e+13
2.6107136e+13
2.5414951e+13
2.4896141e+13
2.6649605e+13
2.6107136e+13
2.5414951e+13
2.4896141e+13
2.6649605e+13
2.6107136e+13
2.5414951e+13
2.4896141e+13
2.6649605e+13
2.6107136e+13
2.5414951e+13
2.4896141e+13
2.6649605e+13
2.6107136e+13
2.5414951e+13
2.4896141e+13
2.6649605e+13
2.6107136e+13
2.5414951e+13
2.4896141e+13
2.6649605e+13
2.6107136e+13
2.5414951e+13
2.4896141e+13
2.6649605e+13
2.6107136e+13
2.5414951e+13
2.4896141e+13
2.8831235e+13
2.824714e+13
2.7501752e+13
2.6942998e+13
2.8831235e+13
2.824714e+13
2.7501752e+13
2.6942998e+13
2.8831235e+13
2.824714e+13
2.7501752e+13
2.6942998e+13
2.8831235e+13
2.824714e+13
2.7501752e+13
2.6942998e+13
2.8831235e+13
2.824714e+13
2.7501752e+13
2.6942998e+13
2.8831235e+13
2.824714e+13
2.7501752e+13
2.6942998e+13
2.8831235e+13
2.824714e+13
2.7501752e+13
2.6942998e+13
2.8831235e+13
2.824714e+13
2.7501752e+13
2.6942998e+13
2.6649605e+13
2.6107136e+13
2.5414951e+13
2.4896141e+13
2.6649605e+13
2.6107136e+13
2.5414951e+13
2.4896141e+13
2.6649605e+13
2.6107136e+13
2.5414951e+13
2.4896141e+13
2.6649605e+13
2.6107136e+13
2.5414951e+13
2.4896141e+13
2.4623745e+13
2.4120136e+13
2.3477614e+13
2.2996086e+13
2.4623745e+13
2.4120136e+13
2.3477614e+13
2.2996086e+13
2.4623745e+13
2.4120136e+13
2.3477614e+13
2.2996086e+13
2.4623745e+13
2.4120136e+13
2.3477614e+13
2.2996086e+13
2.2743285e+13
2.227594e+13
2.1679758e+13
2.1233011e+13
2.2743285e+13
2.227594e+13
2.1679758e+13
2.1233011e+13
2.2743285e+13
2.227594e+13
2.1679758e+13
2.1233011e+13
2.2743285e+13
2.227594e+13
2.1679758e+13
2.1233011e+13
2.2743285e+13
2.227594e+13
2.1679758e+13
2.1233011e+13
2.2743285e+13
2.227594e+13
2.1679758e+13
2.1233011e+13
2.2743285e+13
2.227594e+13
2.1679758e+13
2.1233011e+13
2.2743285e+13
2.227594e+13
2.1679758e+13
2.1233011e+13
2.4623745e+13
2.4120136e+13
2.3477614e+13
2.2996086e+13
2.4623745e+13
2.4120136e+13
2.3477614e+13
2.2996086e+13
2.4623745e+13
2.4120136e+13
2.3477614e+13
2.2996086e+13
2.4623745e+13
2.4120136e+13
2.3477614e+13
2.2996086e+13
2.4623745e+13
2.4120136e+13
2.3477614e+13
2.2996086e+13
2.4623745e+13
2.4120136e+13
2.3477614e+13
2.2996086e+13
2.4623745e+13
2.4120136e+13
2.3477614e+13
2.2996086e+13
2.4623745e+13
2.4120136e+13
2.3477614e+13
2.2996086e+13
2.4623745e+13
2.4120136e+13
2.3477614e+13
2.2996086e+13
2.4623745e+13
2.4120136e+13
2.3477614e+13
2.2996086e+13
2.4623745e+13
2.4120136e+13
2.3477614e+13
2.2996086e+13
2.4623745e+13
2.4120136e+13
2.3477614e+13
2.2996086e+13
2.2743285e+13
2.227594e+13
2.1679758e+13
2.1233011e+13
2.2743285e+13
2.227594e+13
2.1679758e+13
2.1233011e+13
2.2743285e+13
2.227594e+13
2.1679758e+13
2.1233011e+13
2.2743285e+13
2.227594e+13
2.1679758e+13
2.1233011e+13
2.2743285e+13
2.227594e+13
2.1679758e+13
2.1233011e+13
2.2743285e+13
2.227594e+13
2.1679758e+13
2.1233011e+13
2.2743285e+13
2.227594e+13
2.1679758e+13
2.1233011e+13
2.2743285e+13
2.227594e+13
2.1679758e+13
2.1233011e+13
2.0998489e+13
2.0564971e+13
2.0012007e+13
1.9597696e+13
2.0998489e+13
2.0564971e+13
2.0012007e+13
1.9597696e+13
2.0998489e+13
2.0564971e+13
2.0012007e+13
1.9597696e+13
2.0998489e+13
2.0564971e+13
2.0012007e+13
1.9597696e+13
2.0998489e+13
2.0564971e+13
2.0012007e+13
1.9597696e+13
2.0998489e+13
2.0564971e+13
2.0012007e+13
1.9597696e+13
2.0998489e+13
2.0564971e+13
2.0012007e+13
1.9597696e+13
2.0998489e+13
2.0564971e+13
2.0012007e+13
1.9597696e+13
1.9380219e+13
1.897824e+13
1.8465567e+13
1.8081491e+13
1.9380219e+13
1.897824e+13
1.8465567e+13
1.8081491e+13
1.9380219e+13
1.897824e+13
1.8465567e+13
1.8081491e+13
1.9380219e+13
1.897824e+13
1.8465567e+13
1.8081491e+13
1.9380219e+13
1.897824e+13
1.8465567e+13
1.8081491e+13
1.9380219e+13
1.897824e+13
1.8465567e+13
1.8081491e+13
1.9380219e+13
1.897824e+13
1.8465567e+13
1.8081491e+13
1.9380219e+13
1.897824e+13
1.8465567e+13
1.8081491e+13
1.9380219e+13
1.897824e+13
1.8465567e+13
1.8081491e+13
1.9380219e+13
1.897824e+13
1.8465567e+13
1.8081491e+13
1.9380219e+13
1.897824e+13
1.8465567e+13
1.8081491e+13
1.9380219e+13
1.897824e+13
1.8465567e+13
1.8081491e+13
2.0998489e+13
2.0564971e+13
2.0012007e+13
1.9597696e+13
2.0998489e+13
2.0564971e+13
2.0012007e+13
1.9597696e+13
2.0998489e+13
2.0564971e+13
2.0012007e+13
1.9597696e+13
2.0998489e+13
2.0564971e+13
2.0012007e+13
1.9597696e+13
2.0998489e+13
2.0564971e+13
2.0012007e+13
1.9597696e+13
2.0998489e+13
2.0564971e+13
2.0012007e+13
1.9597696e+13
2.0998489e+13
2.0564971e+13
2.0012007e+13
1.9597696e+13
2.0998489e+13
2.0564971e+13
2.0012007e+13
1.9597696e+13
1.9380219e+13
1.897824e+13
1.8465567e+13
1.8081491e+13
1.9380219e+13
1.897824e+13
1.8465567e+13
1.8081491e+13
1.9380219e+13
1.897824e+13
1.8465567e+13
1.8081491e+13
1.9380219e+13
1.897824e+13
1.8465567e+13
1.8081491e+13
1.78799e+13
1.7507315e+13
1.7032188e+13
1.6676282e+13
1.78799e+13
1.7507315e+13
1.7032188e+13
1.6676282e+13
1.78799e+13
1.7507315e+13
1.7032188e+13
1.6676282e+13
1.78799e+13
1.7507315e+13
1.7032188e+13
1.6676282e+13
1.6489491e+13
1.6144289e+13
1.5704134e+13
1.5374464e+13
1.6489491e+13
1.6144289e+13
1.5704134e+13
1.5374464e+13
1.6489491e+13
1.6144289e+13
1.5704134e+13
1.5374464e+13
1.6489491e+13
1.6144289e+13
1.5704134e+13
1.5374464e+13
1.6489491e+13
1.6144289e+13
1.5704134e+13
1.5374464e+13
1.6489491e+13
1.6144289e+13
1.5704134e+13
1.5374464e+13
1.6489491e+13
1.6144289e+13
1.5704134e+13
1.5374464e+13
1.6489491e+13
1.6144289e+13
1.5704134e+13
1.5374464e+13
1.78799e+13
1.7507315e+13
1.7032188e+13
1.6676282e+13
1.78799e+13
1.7507315e+13
1.7032188e+13
1.6676282e+13
1.78799e+13
1.7507315e+13
1.7032188e+13
1.6676282e+13
1.78799e+13
1.7507315e+13
1.7032188e+13
1.6676282e+13
1.78799e+13
1.7507315e+13
1.7032188e+13
1.6676282e+13
1.78799e+13
1.7507315e+13
1.7032188e+13
1.6676282e+13
1.78799e+13
1.7507315e+13
1.7032188e+13
1.6676282e+13
1.78799e+13
1.7507315e+13
1.7032188e+13
1.6676282e+13
1.78799e+13
1.7507315e+13
1.7032188e+13
1.6676282e+13
1.78799e+13
1.7507315e+13
1.7032188e+13
1.6676282e+13
1.78799e+13
1.7507315e+13
1.7032188e+13
1.6676282e+13
1.78799e+13
1.7507315e+13
1.7032188e+13
1.6676282e+13
1.6489491e+13
1.6144289e+13
1.5704134e+13
1.5374464e+13
1.6489491e+13
1.6144289e+13
1.5704134e+13
1.5374464e+13
1.6489491e+13
1.6144289e+13
1.5704134e+13
1.5374464e+13
1.6489491e+13
1.6144289e+13
1.5704134e+13
1.5374464e+13
1.6489491e+13
1.6144289e+13
1.5704134e+13
1.5374464e+13
1.6489491e+13
1.6144289e+13
1.5704134e+13
1.5374464e+13
1.6489491e+13
1.6144289e+13
1.5704134e+13
1.5374464e+13
1.6489491e+13
1.6144289e+13
1.5704134e+13
1.5374464e+13
1.5201457e+13
1.4881753e+13
1.4474158e+13
1.4168912e+13
1.5201457e+13
1.4881753e+13
1.4474158e+13
1.4168912e+13
1.5201457e+13
1.4881753e+13
1.4474158e+13
1.4168912e+13
1.5201457e+13
1.4881753e+13
1.4474158e+13
1.4168912e+13
1.5201457e+13
1.4881753e+13
1.4474158e+13
1.4168912e+13
1.5201457e+13
1.4881753e+13
1.4474158e+13
1.4168912e+13
1.5201457e+13
1.4881753e+13
1.4474158e+13
1.4168912e+13
1.5201457e+13
1.4881753e+13
1.4474158e+13
1.4168912e+13
1.4008735e+13
1.3712765e+13
1.3335472e+13
1.3052954e+13
1.4008735e+13
1.3712765e+13
1.3335472e+13
1.3052954e+13
1.4008735e+13
1.3712765e+13
1.3335472e+13
1.3052954e+13
1.4008735e+13
1.3712765e+13
1.3335472e+13
1.3052954e+13
1.4008735e+13
1.3712765e+13
1.3335472e+13
1.3052954e+13
1.4008735e+13
1.3712765e+13
1.3335472e+13
1.3052954e+13
1.4008735e+13
1.3712765e+13
1.3335472e+13
1.3052954e+13
1.4008735e+13
1.3712765e+13
1.3335472e+13
1.3052954e+13
1.4008735e+13
1.3712765e+13
1.3335472e+13
1.3052954e+13
1.4008735e+13
1.3712765e+13
1.3335472e+13
1.3052954e+13
1.4008735e+13
1.3712765e+13
1.3335472e+13
1.3052954e+13
1.4008735e+13
1.3712765e+13
1.3335472e+13
1.3052954e+13
1.5201457e+13
1.4881753e+13
1.4474158e+13
1.4168912e+13
1.5201457e+13
1.4881753e+13
1.4474158e+13
1.4168912e+13
1.5201457e+13
1.4881753e+13
1.4474158e+13
1.4168912e+13
1.5201457e+13
1.4881753e+13
1.4474158e+13
1.4168912e+13
1.5201457e+13
1.4881753e+13
1.4474158e+13
1.4168912e+13
1.5201457e+13
1.4881753e+13
1.4474158e+13
1.4168912e+13
1.5201457e+13
1.4881753e+13
1.4474158e+13
1.4168912e+13
1.5201457e+13
1.4881753e+13
1.4474158e+13
1.4168912e+13
1.4008735e+13
1.3712765e+13
1.3335472e+13
1.3052954e+13
1.4008735e+13
1.3712765e+13
1.3335472e+13
1.3052954e+13
1.4008735e+13
1.3712765e+13
1.3335472e+13
1.3052954e+13
1.4008735e+13
1.3712765e+13
1.3335472e+13
1.3052954e+13
1.2904715e+13
1.2630825e+13
1.2281722e+13
1.2020343e+13
1.2904715e+13
1.2630825e+13
1.2281722e+13
1.2020343e+13
1.2904715e+13
1.2630825e+13
1.2281722e+13
1.2020343e+13
1.2904715e+13
1.2630825e+13
1.2281722e+13
1.2020343e+13
1.1883208e+13
1.1629852e+13
1.1306961e+13
1.1065237e+13
1.1883208e+13
1.1629852e+13
1.1306961e+13
1.1065237e+13
1.1883208e+13
1.1629852e+13
1.1306961e+13
1.1065237e+13
1.1883208e+13
1.1629852e+13
1.1306961e+13
1.1065237e+13
1.1883208e+13
1.1629852e+13
1.1306961e+13
1.1065237e+13
1.1883208e+13
1.1629852e+13
1.1306961e+13
1.1065237e+13
1.1883208e+13
1.1629852e+13
1.1306961e+13
1.1065237e+13
1.1883208e+13
1.1629852e+13
1.1306961e+13
1.1065237e+13
1.2904715e+13
1.2630825e+13
1.2281722e+13
1.2020343e+13
1.2904715e+13
1.2630825e+13
1.2281722e+13
1.2020343e+13
1.2904715e+13
1.2630825e+13
1.2281722e+13
1.2020343e+13
1.2904715e+13
1.2630825e+13
1.2281722e+13
1.2020343e+13
1.2904715e+13
1.2630825e+13
1.2281722e+13
1.2020343e+13
1.2904715e+13
1.2630825e+13
1.2281722e+13
1.2020343e+13
1.2904715e+13
1.2630825e+13
1.2281722e+13
1.2020343e+13
1.2904715e+13
1.2630825e+13
1.2281722e+13
1.2020343e+13
1.2904715e+13
1.2630825e+13
1.2281722e+13
1.2020343e+13
1.2904715e+13
1.2630825e+13
1.2281722e+13
1.2020343e+13
1.2904715e+13
1.2630825e+13
1.2281722e+13
1.2020343e+13
1.2904715e+13
1.2630825e+13
1.2281722e+13
1.2020343e+13
1.1883208e+13
1.1629852e+13
1.1306961e+13
1.1065237e+13
1.1883208e+13
1.1629852e+13
1.1306961e+13
1.1065237e+13
1.1883208e+13
1.1629852e+13
1.1306961e+13
1.1065237e+13
1.1883208e+13
1.1629852e+13
1.1306961e+13
1.1065237e+13
1.1883208e+13
1.1629852e+13
1.1306961e+13
1.1065237e+13
1.1883208e+13
1.1629852e+13
1.1306961e+13
1.1065237e+13
1.1883208e+13
1.1629852e+13
1.1306961e+13
1.1065237e+13
1.1883208e+13
1.1629852e+13
1.1306961e+13
1.1065237e+13
1.0938423e+13
1.0704156e+13
1.0405628e+13
1.018217e+13
1.0938423e+13
1.0704156e+13
1.0405628e+13
1.018217e+13
1.0938423e+13
1.0704156e+13
1.0405628e+13
1.018217e+13
1.0938423e+13
1.0704156e+13
1.0405628e+13
1.018217e+13
1.0938423e+13
1.0704156e+13
1.0405628e+13
1.018217e+13
1.0938423e+13
1.0704156e+13
1.0405628e+13
1.018217e+13
1.0938423e+13
1.0704156e+13
1.0405628e+13
1.018217e+13
1.0938423e+13
1.0704156e+13
1.0405628e+13
1.018217e+13
1.0064948e+13
9.8484176e+12
9.5725247e+12
9.3660339e+12
1.0064948e+13
9.8484176e+12
9.5725247e+12
9.3660339e+12
1.0064948e+13
9.8484176e+12
9.5725247e+12
9.3660339e+12
1.0064948e+13
9.8484176e+12
9.5725247e+12
9.3660339e+12
1.0064948e+13
9.8484176e+12
9.5725247e+12
9.3660339e+12
1.0064948e+13
9.8484176e+12
9.5725247e+12
9.3660339e+12
1.0064948e+13
9.8484176e+12
9.5725247e+12
9.3660339e+12
1.0064948e+13
9.8484176e+12
9.5725247e+12
9.3660339e+12
1.0064948e+13
9.8484176e+12
9.5725247e+12
9.3660339e+12
1.0064948e+13
9.8484176e+12
9.5725247e+12
9.3660339e+12
1.0064948e+13
9.8484176e+12
9.5725247e+12
9.3660339e+12
1.0064948e+13
9.8484176e+12
9.5725247e+12
9.3660339e+12
1.0938423e+13
1.0704156e+13
1.0405628e+13
1.018217e+13
1.0938423e+13
1.0704156e+13
1.0405628e+13
1.018217e+13
1.0938423e+13
1.0704156e+13
1.0405628e+13
1.018217e+13
1.0938423e+13
1.0704156e+13
1.0405628e+13
1.018217e+13
1.0938423e+13
1.0704156e+13
1.0405628e+13
1.018217e+13
1.0938423e+13
1.0704156e+13
1.0405628e+13
1.018217e+13
1.0938423e+13
1.0704156e+13
1.0405628e+13
1.018217e+13
1.0938423e+13
1.0704156e+13
1.0405628e+13
1.018217e+13
1.0064948e+13
9.8484176e+12
9.5725247e+12
9.3660339e+12
1.0064948e+13
9.8484176e+12
9.5725247e+12
9.3660339e+12
1.0064948e+13
9.8484176e+12
9.5725247e+12
9.3660339e+12
1.0064948e+13
9.8484176e+12
9.5725247e+12
9.3660339e+12
9.2577218e+12
9.0576648e+12
8.8027923e+12
8.6120568e+12
9.2577218e+12
9.0576648e+12
8.8027923e+12
8.6120568e+12
9.2577218e+12
9.0576648e+12
8.8027923e+12
8.6120568e+12
9.2577218e+12
9.0576648e+12
8.8027923e+12
8.6120568e+12
8.512017e+12
8.3272539e+12
8.0918939e+12
7.9157819e+12
8.512017e+12
8.3272539e+12
8.0918939e+12
7.9157819e+12
8.512017e+12
8.3272539e+12
8.0918939e+12
7.9157819e+12
8.512017e+12
8.3272539e+12
8.0918939e+12
7.9157819e+12
8.512017e+12
8.3272539e+12
8.0918939e+12
7.9157819e+12
8.512017e+12
8.3272539e+12
8.0918939e+12
7.9157819e+12
8.512017e+12
8.3272539e+12
8.0918939e+12
7.9157819e+12
8.512017e+12
8.3272539e+12
8.0918939e+12
7.9157819e+12
9.2577218e+12
9.0576648e+12
8.8027923e+12
8.6120568e+12
9.2577218e+12
9.0576648e+12
8.8027923e+12
8.6120568e+12
9.2577218e+12
9.0576648e+12
8.8027923e+12
8.6120568e+12
9.2577218e+12
9.0576648e+12
8.8027923e+12
8.6120568e+12
9.2577218e+12
9.0576648e+12
8.8027923e+12
8.6120568e+12
9.2577218e+12
9.0576648e+12
8.8027923e+12
8.6120568e+12
9.2577218e+12
9.0576648e+12
8.8027923e+12
8.6120568e+12
9.2577218e+12
9.0576648e+12
8.8027923e+12
8.6120568e+12
9.2577218e+12
9.0576648e+12
8.8027923e+12
8.6120568e+12
9.2577218e+12
9.0576648e+12
8.8027923e+12
8.6120568e+12
9.2577218e+12
9.0576648e+12
8.8027923e+12
8.6120568e+12
9.2577218e+12
9.0576648e+12
8.8027923e+12
8.6120568e+12
8.512017e+12
8.3272539e+12
8.0918939e+12
7.9157819e+12
8.512017e+12
8.3272539e+12
8.0918939e+12
7.9157819e+12
8.512017e+12
8.3272539e+12
8.0918939e+12
7.9157819e+12
8.512017e+12
8.3272539e+12
8.0918939e+12
7.9157819e+12
8.512017e+12
8.3272539e+12
8.0918939e+12
7.9157819e+12
8.512017e+12
8.3272539e+12
8.0918939e+12
7.9157819e+12
8.512017e+12
8.3272539e+12
8.0918939e+12
7.9157819e+12
8.512017e+12
8.3272539e+12
8.0918939e+12
7.9157819e+12
7.8234194e+12
7.652849e+12
7.4355943e+12
7.2730492e+12
7.8234194e+12
7.652849e+12
7.4355943e+12
7.2730492e+12
7.8234194e+12
7.652849e+12
7.4355943e+12
7.2730492e+12
7.8234194e+12
7.652849e+12
7.4355943e+12
7.2730492e+12
7.8234194e+12
7.652849e+12
7.4355943e+12
7.2730492e+12
7.8234194e+12
7.652849e+12
7.4355943e+12
7.2730492e+12
7.8234194e+12
7.652849e+12
7.4355943e+12
7.2730492e+12
7.8234194e+12
7.652849e+12
7.4355943e+12
7.2730492e+12
7.1878088e+12
7.0304035e+12
6.8299411e+12
6.6799776e+12
7.1878088e+12
7.0304035e+12
6.8299411e+12
6.6799776e+12
7.1878088e+12
7.0304035e+12
6.8299411e+12
6.6799776e+12
7.1878088e+12
7.0304035e+12
6.8299411e+12
6.6799776e+12
7.1878088e+12
7.0304035e+12
6.8299411e+12
6.6799776e+12
7.1878088e+12
7.0304035e+12
6.8299411e+12
6.6799776e+12
7.1878088e+12
7.0304035e+12
6.8299411e+12
6.6799776e+12
7.1878088e+12
7.0304035e+12
6.8299411e+12
6.6799776e+12
7.1878088e+12
7.0304035e+12
6.8299411e+12
6.6799776e+12
7.1878088e+12
7.0304035e+12
6.8299411e+12
6.6799776e+12
7.1878088e+12
7.0304035e+12
6.8299411e+12
6.6799776e+12
7.1878088e+12
7.0304035e+12
6.8299411e+12
6.6799776e+12
7.8234194e+12
7.652849e+12
7.4355943e+12
7.2730492e+12
7.8234194e+12
7.652849e+12
7.4355943e+12
7.2730492e+12
7.8234194e+12
7.652849e+12
7.4355943e+12
7.2730492e+12
7.8234194e+12
7.652849e+12
7.4355943e+12
7.2730492e+12
7.8234194e+12
7.652849e+12
7.4355943e+12
7.2730492e+12
7.8234194e+12
7.652849e+12
7.4355943e+12
7.2730492e+12
7.8234194e+12
7.652849e+12
7.4355943e+12
7.2730492e+12
7.8234194e+12
7.652849e+12
7.4355943e+12
7.2730492e+12
7.1878088e+12
7.0304035e+12
6.8299411e+12
6.6799776e+12
7.1878088e+12
7.0304035e+12
6.8299411e+12
6.6799776e+12
7.1878088e+12
7.0304035e+12
6.8299411e+12
6.6799776e+12
7.1878088e+12
7.0304035e+12
6.8299411e+12
6.6799776e+12
6.6013413e+12
6.4561429e+12
6.2712484e+12
6.1329478e+12
6.6013413e+12
6.4561429e+12
6.2712484e+12
6.1329478e+12
6.6013413e+12
6.4561429e+12
6.2712484e+12
6.1329478e+12
6.6013413e+12
6.4561429e+12
6.2712484e+12
6.1329478e+12
6.0604328e+12
5.9265479e+12
5.7560804e+12
5.6285863e+12
6.0604328e+12
5.9265479e+12
5.7560804e+12
5.6285863e+12
6.0604328e+12
5.9265479e+12
5.7560804e+12
5.6285863e+12
6.0604328e+12
5.9265479e+12
5.7560804e+12
5.6285863e+12
6.0604328e+12
5.9265479e+12
5.7560804e+12
5.6285863e+12
6.0604328e+12
5.9265479e+12
5.7560804e+12
5.6285863e+12
6.0604328e+12
5.9265479e+12
5.7560804e+12
5.6285863e+12
6.0604328e+12
5.9265479e+12
5.7560804e+12
5.6285863e+12
6.6013413e+12
6.4561429e+12
6.2712484e+12
6.1329478e+12
6.6013413e+12
6.4561429e+12
6.2712484e+12
6.1329478e+12
6.6013413e+12
6.4561429e+12
6.2712484e+12
6.1329478e+12
6.6013413e+12
6.4561429e+12
6.2712484e+12
6.1329478e+12
6.6013413e+12
6.4561429e+12
6.2712484e+12
6.1329478e+12
6.6013413e+12
6.4561429e+12
6.2712484e+12
6.1329478e+12
6.6013413e+12
6.4561429e+12
6.2712484e+12
6.1329478e+12
6.6013413e+12
6.4561429e+12
6.2712484e+12
6.1329478e+12
6.6013413e+12
6.4561429e+12
6.2712484e+12
6.1329478e+12
6.6013413e+12
6.4561429e+12
6.2712484e+12
6.1329478e+12
6.6013413e+12
6.4561429e+12
6.2712484e+12
6.1329478e+12
6.6013413e+12
6.4561429e+12
6.2712484e+12
6.1329478e+12
6.0604328e+12
5.9265479e+12
5.7560804e+12
5.6285863e+12
6.0604328e+12
5.9265479e+12
5.7560804e+12
5.6285863e+12
6.0604328e+12
5.9265479e+12
5.7560804e+12
5.6285863e+12
6.0604328e+12
5.9265479e+12
5.7560804e+12
5.6285863e+12
6.0604328e+12
5.9265479e+12
5.7560804e+12
5.6285863e+12
6.0604328e+12
5.9265479e+12
5.7560804e+12
5.6285863e+12
6.0604328e+12
5.9265479e+12
5.7560804e+12
5.6285863e+12
6.0604328e+12
5.9265479e+12
5.7560804e+12
5.6285863e+12
5.561743e+12
5.4383395e+12
5.2812367e+12
5.1637531e+12
5.561743e+12
5.4383395e+12
5.2812367e+12
5.1637531e+12
5.561743e+12
5.4383395e+12
5.2812367e+12
5.1637531e+12
5.561743e+12
5.4383395e+12
5.2812367e+12
5.1637531e+12
5.561743e+12
5.4383395e+12
5.2812367e+12
5.1637531e+12
5.561743e+12
5.4383395e+12
5.2812367e+12
5.1637531e+12
5.561743e+12
5.4383395e+12
5.2812367e+12
5.1637531e+12
5.561743e+12
5.4383395e+12
5.2812367e+12
5.1637531e+12
5.1021636e+12
4.9884695e+12
4.843749e+12
4.7355446e+12
5.1021636e+12
4.9884695e+12
4.843749e+12
4.7355446e+12
5.1021636e+12
4.9884695e+12
4.843749e+12
4.7355446e+12
5.1021636e+12
4.9884695e+12
4.843749e+12
4.7355446e+12
5.1021636e+12
4.9884695e+12
4.843749e+12
4.7355446e+12
5.1021636e+12
4.9884695e+12
4.843749e+12
4.7355446e+12
5.1021636e+12
4.9884695e+12
4.843749e+12
4.7355446e+12
5.1021636e+12
4.9884695e+12
4.843749e+12
4.7355446e+12
5.1021636e+12
4.9884695e+12
4.843749e+12
4.7355446e+12
5.1021636e+12
4.9884695e+12
4.843749e+12
4.7355446e+12
5.1021636e+12
4.9884695e+12
4.843749e+12
4.7355446e+12
5.1021636e+12
4.9884695e+12
4.843749e+12
4.7355446e+12
5.561743e+12
5.4383395e+12
5.2812367e+12
5.1637531e+12
5.561743e+12
5.4383395e+12
5.2812367e+12
5.1637531e+12
5.561743e+12
5.4383395e+12
5.2812367e+12
5.1637531e+12
5.561743e+12
5.4383395e+12
5.2812367e+12
5.1637531e+12
5.561743e+12
5.4383395e+12
5.2812367e+12
5.1637531e+12
5.561743e+12
5.4383395e+12
5.2812367e+12
5.1637531e+12
5.561743e+12
5.4383395e+12
5.2812367e+12
5.1637531e+12
5.561743e+12
5.4383395e+12
5.2812367e+12
5.1637531e+12
5.1021636e+12
4.9884695e+12
4.843749e+12
4.7355446e+12
5.1021636e+12
4.9884695e+12
4.843749e+12
4.7355446e+12
5.1021636e+12
4.9884695e+12
4.843749e+12
4.7355446e+12
5.1021636e+12
4.9884695e+12
4.843749e+12
4.7355446e+12
4.6788284e+12
4.5741463e+12
4.4409463e+12
4.3414178e+12
4.6788284e+12
4.5741463e+12
4.4409463e+12
4.3414178e+12
4.6788284e+12
4.5741463e+12
4.4409463e+12
4.3414178e+12
4.6788284e+12
4.5741463e+12
4.4409463e+12
4.3414178e+12
4.6788284e+12
4.5741463e+12
4.4409463e+12
4.3414178e+12
4.6788284e+12
4.5741463e+12
4.4409463e+12
4.3414178e+12
4.6788284e+12
4.5741463e+12
4.4409463e+12
4.3414178e+12
4.6788284e+12
4.5741463e+12
4.4409463e+12
4.3414178e+12
4.2892855e+12
4.1931322e+12
4.0710558e+12
3.9802355e+12
4.2892855e+12
4.1931322e+12
4.0710558e+12
3.9802355e+12
4.2892855e+12
4.1931322e+12
4.0710558e+12
3.9802355e+12
4.2892855e+12
4.1931322e+12
4.0710558e+12
3.9802355e+12
4.2892855e+12
4.1931322e+12
4.0710558e+12
3.9802355e+12
4.2892855e+12
4.1931322e+12
4.0710558e+12
3.9802355e+12
4.2892855e+12
4.1931322e+12
4.0710558e+12
3.9802355e+12
4.2892855e+12
4.1931322e+12
4.0710558e+12
3.9802355e+12
3.9329106e+12
3.8461116e+12
3.7379234e+12
3.6603774e+12
3.9329106e+12
3.8461116e+12
3.7379234e+12
3.6603774e+12
3.9329106e+12
3.8461116e+12
3.7379234e+12
3.6603774e+12
3.9329106e+12
3.8461116e+12
3.7379234e+12
3.6603774e+12
3.6217684e+12
3.5549062e+12
3.4875033e+12
3.4619132e+12
3.6217684e+12
3.5549062e+12
3.4875033e+12
3.4619132e+12
3.6217684e+12
3.5549062e+12
3.4875033e+12
3.4619132e+12
3.6217684e+12
3.5549062e+12
3.4875033e+12
3.4619132e+12
3.6217684e+12
3.5549062e+12
3.4875033e+12
3.4619132e+12
3.6217684e+12
3.5549062e+12
3.4875033e+12
3.4619132e+12
3.6217684e+12
3.5549062e+12
3.4875033e+12
3.4619132e+12
3.6217684e+12
3.5549062e+12
3.4875033e+12
3.4619132e+12
3.9329106e+12
3.8461116e+12
3.7379234e+12
3.6603774e+12
3.9329106e+12
3.8461116e+12
3.7379234e+12
3.6603774e+12
3.9329106e+12
3.8461116e+12
3.7379234e+12
3.6603774e+12
3.9329106e+12
3.8461116e+12
3.7379234e+12
3.6603774e+12
3.9329106e+12
3.8461116e+12
3.7379234e+12
3.6603774e+12
3.9329106e+12
3.8461116e+12
3.7379234e+12
3.6603774e+12
3.9329106e+12
3.8461116e+12
3.7379234e+12
3.6603774e+12
3.9329106e+12
3.8461116e+12
3.7379234e+12
3.6603774e+12
3.6217684e+12
3.5549062e+12
3.4875033e+12
3.4619132e+12
3.6217684e+12
3.5549062e+12
3.4875033e+12
3.4619132e+12
3.6217684e+12
3.5549062e+12
3.4875033e+12
3.4619132e+12
3.6217684e+12
3.5549062e+12
3.4875033e+12
3.4619132e+12
3.6217684e+12
3.5549062e+12
3.4875033e+12
3.4619132e+12
3.6217684e+12
3.5549062e+12
3.4875033e+12
3.4619132e+12
3.6217684e+12
3.5549062e+12
3.4875033e+12
3.4619132e+12
3.6217684e+12
3.5549062e+12
3.4875033e+12
3.4619132e+12
3.9329106e+12
3.8461116e+12
3.7379234e+12
3.6603774e+12
3.9329106e+12
3.8461116e+12
3.7379234e+12
3.6603774e+12
3.9329106e+12
3.8461116e+12
3.7379234e+12
3.6603774e+12
3.9329106e+12
3.8461116e+12
3.7379234e+12
3.6603774e+12
4.2892855e+12
4.1931322e+12
4.0710558e+12
3.9802355e+12
4.2892855e+12
4.1931322e+12
4.0710558e+12
3.9802355e+12
4.2892855e+12
4.1931322e+12
4.0710558e+12
3.9802355e+12
4.2892855e+12
4.1931322e+12
4.0710558e+12
3.9802355e+12
4.2892855e+12
4.1931322e+12
4.0710558e+12
3.9802355e+12
4.2892855e+12
4.1931322e+12
4.0710558e+12
3.9802355e+12
4.2892855e+12
4.1931322e+12
4.0710558e+12
3.9802355e+12
4.2892855e+12
4.1931322e+12
4.0710558e+12
3.9802355e+12
4.6788284e+12
4.5741463e+12
4.4409463e+12
4.3414178e+12
4.6788284e+12
4.5741463e+12
4.4409463e+12
4.3414178e+12
4.6788284e+12
4.5741463e+12
4.4409463e+12
4.3414178e+12
4.6788284e+12
4.5741463e+12
4.4409463e+12
4.3414178e+12
4.6788284e+12
4.5741463e+12
4.4409463e+12
4.3414178e+12
4.6788284e+12
4.5741463e+12
4.4409463e+12
4.3414178e+12
4.6788284e+12
4.5741463e+12
4.4409463e+12
4.3414178e+12
4.6788284e+12
4.5741463e+12
4.4409463e+12
4.3414178e+12
