FiniteElementSpace
FiniteElementCollection: L2_2D_P3
VDim: 1
Ordering: 0

2.2292533e-06
2.2845259e-06
2.3534616e-06
2.4046438e-06
2.161515e-06
2.2188569e-06
2.2886924e-06
2.3390726e-06
2.0747759e-06
2.131654e-06
2.2016668e-06
2.2516064e-06
2.0130988e-06
2.0670299e-06
2.1348124e-06
2.1834745e-06
1.980564e-06
2.0334674e-06
2.0990316e-06
2.1465129e-06
1.9187669e-06
1.9689195e-06
2.0313338e-06
2.0769348e-06
1.8364028e-06
1.8829107e-06
1.9417307e-06
1.984962e-06
1.7709286e-06
1.8157236e-06
1.8715107e-06
1.9128586e-06
2.1708904e-06
2.2153336e-06
2.2709957e-06
2.311911e-06
2.1004964e-06
2.1438009e-06
2.1979627e-06
2.2375169e-06
2.0075212e-06
2.0487449e-06
2.1001882e-06
2.1378319e-06
1.934767e-06
1.9744298e-06
2.0237414e-06
2.0601303e-06
2.4311554e-06
2.480372e-06
2.5418341e-06
2.5852614e-06
2.3649677e-06
2.41299e-06
2.4727413e-06
2.5157289e-06
2.2771021e-06
2.3229742e-06
2.3806197e-06
2.4230405e-06
2.2081942e-06
2.252955e-06
2.3092644e-06
2.3508921e-06
2.6074631e-06
2.6494829e-06
2.7024632e-06
2.7397238e-06
2.537918e-06
2.5790878e-06
2.6304513e-06
2.6673519e-06
2.444982e-06
2.4847585e-06
2.5341895e-06
2.5700526e-06
2.3722799e-06
2.4109833e-06
2.4590679e-06
2.4939463e-06
2.7587895e-06
2.7948679e-06
2.8391575e-06
2.8696621e-06
2.6861851e-06
2.7209178e-06
2.7636817e-06
2.7940232e-06
2.5884999e-06
2.6218525e-06
2.6629601e-06
2.6923849e-06
2.5118642e-06
2.5442669e-06
2.5841602e-06
2.6126727e-06
2.47027e-06
2.502146e-06
2.5415024e-06
2.5695919e-06
2.3908989e-06
2.4218256e-06
2.4601914e-06
2.4875106e-06
2.285067e-06
2.3147177e-06
2.3511835e-06
2.3772115e-06
2.2021916e-06
2.2306735e-06
2.2656757e-06
2.2908164e-06
2.3329738e-06
2.3711146e-06
2.4184437e-06
2.4527275e-06
2.257726e-06
2.2948132e-06
2.3408456e-06
2.3739109e-06
2.1574049e-06
2.1928914e-06
2.2367922e-06
2.2686977e-06
2.0790146e-06
2.1132791e-06
2.1555018e-06
2.1862918e-06
2.0368879e-06
2.0703339e-06
2.1118046e-06
2.1419179e-06
1.9567305e-06
1.9889071e-06
2.0289823e-06
2.0578593e-06
1.8505441e-06
1.8810018e-06
1.9185884e-06
1.9458263e-06
1.7676722e-06
1.7966796e-06
1.8324369e-06
1.8585879e-06
2.1573592e-06
2.1852702e-06
2.2196567e-06
2.2443013e-06
2.0723873e-06
2.0991677e-06
2.1324728e-06
2.1561743e-06
1.9598367e-06
1.9852144e-06
2.0165849e-06
2.0390699e-06
1.8721072e-06
1.8963551e-06
1.9262076e-06
1.9476382e-06
1.8247504e-06
1.848349e-06
1.8775508e-06
1.8983763e-06
1.7350592e-06
1.7575815e-06
1.7854782e-06
1.8053536e-06
1.616636e-06
1.6376989e-06
1.6635091e-06
1.6820325e-06
1.5244932e-06
1.5443679e-06
1.5686763e-06
1.5860626e-06
1.7228017e-06
1.7511671e-06
1.7861525e-06
1.8116601e-06
1.6380182e-06
1.6649667e-06
1.6986596e-06
1.7227199e-06
1.5262992e-06
1.5515057e-06
1.5824723e-06
1.6049848e-06
1.439462e-06
1.4631964e-06
1.4921817e-06
1.5134216e-06
1.6038174e-06
1.6365086e-06
1.6771983e-06
1.7071445e-06
1.5250071e-06
1.5561715e-06
1.5951038e-06
1.6233057e-06
1.4211908e-06
1.4501531e-06
1.4861065e-06
1.5125112e-06
1.3400519e-06
1.3673519e-06
1.401256e-06
1.4262678e-06
1.8954769e-06
1.9344925e-06
1.9828291e-06
2.0183848e-06
1.8210806e-06
1.8584669e-06
1.9051469e-06
1.9390706e-06
1.7225449e-06
1.7575593e-06
1.8014096e-06
1.8337992e-06
1.6455611e-06
1.6790087e-06
1.7204732e-06
1.7515055e-06
1.7352599e-06
1.7790911e-06
1.833385e-06
1.8739645e-06
1.6671903e-06
1.7091364e-06
1.7617369e-06
1.8006552e-06
1.5773852e-06
1.6167797e-06
1.6666482e-06
1.703432e-06
1.50726e-06
1.5447291e-06
1.5919622e-06
1.6271441e-06
1.4691046e-06
1.5056071e-06
1.5516384e-06
1.5858468e-06
1.397087e-06
1.4318297e-06
1.4758864e-06
1.5080438e-06
1.3022337e-06
1.3345443e-06
1.3751758e-06
1.4054671e-06
1.2278772e-06
1.2585079e-06
1.2964416e-06
1.3249303e-06
1.188034e-06
1.2174873e-06
1.2540594e-06
1.2815082e-06
1.1120874e-06
1.1396624e-06
1.1743083e-06
1.2000358e-06
1.0111861e-06
1.0370926e-06
1.0694832e-06
1.0930671e-06
9.3406241e-07
9.5816563e-07
9.8836494e-07
1.0101746e-06
1.2960426e-06
1.322919e-06
1.3557745e-06
1.3799599e-06
1.2134557e-06
1.2385581e-06
1.2699172e-06
1.2925546e-06
1.1052861e-06
1.1277972e-06
1.1563684e-06
1.1770659e-06
1.0214898e-06
1.0422132e-06
1.0685616e-06
1.0878008e-06
9.7635818e-07
9.9630151e-07
1.0215768e-06
1.0399604e-06
8.913207e-07
9.0960181e-07
9.3284205e-07
9.4982271e-07
7.7980551e-07
7.9563416e-07
8.1587451e-07
8.3093685e-07
6.936771e-07
7.0771794e-07
7.2571895e-07
7.3901194e-07
8.9310162e-07
9.1604576e-07
9.447671e-07
9.6555099e-07
8.1554327e-07
8.3624797e-07
8.6260101e-07
8.8148059e-07
7.1387555e-07
7.3185025e-07
7.5457816e-07
7.7126953e-07
6.3591388e-07
6.5151866e-07
6.7130225e-07
6.8591643e-07
5.9371743e-07
6.0835128e-07
6.2682197e-07
6.4050612e-07
5.1303432e-07
5.265576e-07
5.4330655e-07
5.5533841e-07
4.0901747e-07
4.1966282e-07
4.3287287e-07
4.427496e-07
3.2996613e-07
3.378384e-07
3.4769631e-07
3.5576114e-07
2.8766492e-07
2.9420784e-07
3.024228e-07
3.0950649e-07
2.064493e-07
2.1151871e-07
2.1807637e-07
2.2325872e-07
1.0075244e-07
1.0353961e-07
1.0758258e-07
1.1047005e-07
2.0945936e-08
2.179971e-08
2.2615052e-08
2.3288116e-08
3.1336766e-07
3.1983329e-07
3.2782865e-07
3.3420023e-07
2.2579994e-07
2.3007925e-07
2.3589721e-07
2.408896e-07
1.1148453e-07
1.132088e-07
1.1639427e-07
1.195111e-07
2.3431949e-08
2.3760764e-08
2.4614832e-08
2.5253919e-08
6.4770326e-07
6.6099708e-07
6.7758762e-07
6.8991449e-07
5.6158799e-07
5.7300025e-07
5.8736126e-07
5.9809432e-07
4.4811758e-07
4.5723896e-07
4.686872e-07
4.7758411e-07
3.6026594e-07
3.6768782e-07
3.7686527e-07
3.8431445e-07
6.9620153e-07
7.0762698e-07
7.2186419e-07
7.3248815e-07
6.0367707e-07
6.1357227e-07
6.2571928e-07
6.3495056e-07
4.8228157e-07
4.8967658e-07
4.9886035e-07
5.0657391e-07
3.8800402e-07
3.9348208e-07
4.0074622e-07
4.0725297e-07
3.3740938e-07
3.4245049e-07
3.4871006e-07
3.5420882e-07
2.4344653e-07
2.4716791e-07
2.5144673e-07
2.5526302e-07
1.2104731e-07
1.2218585e-07
1.2391894e-07
1.265881e-07
2.5407575e-08
2.5660431e-08
2.6165967e-08
2.6679854e-08
3.5701104e-07
3.617263e-07
3.6707848e-07
3.7159295e-07
2.5762162e-07
2.6090711e-07
2.6451274e-07
2.6793019e-07
1.2804838e-07
1.2912538e-07
1.3073852e-07
1.3308643e-07
2.6950371e-08
2.7098729e-08
2.7570937e-08
2.8040031e-08
7.3795728e-07
7.4741275e-07
7.5876656e-07
7.6717926e-07
6.3977681e-07
6.4811793e-07
6.5791126e-07
6.6525738e-07
5.1084578e-07
5.1726629e-07
5.2495031e-07
5.3117104e-07
4.1066087e-07
4.1568115e-07
4.2180821e-07
4.2732964e-07
1.1115854e-06
1.1257225e-06
1.1434676e-06
1.1563878e-06
1.0149656e-06
1.0279774e-06
1.0442152e-06
1.0560821e-06
8.8834651e-07
8.9958614e-07
9.1332533e-07
9.2391057e-07
7.9043053e-07
8.0020968e-07
8.1236536e-07
8.2153481e-07
1.0494014e-06
1.0665078e-06
1.087889e-06
1.1036047e-06
9.5838045e-07
9.740093e-07
9.9355826e-07
1.0076756e-06
8.3856414e-07
8.5201694e-07
8.6914335e-07
8.8204235e-07
7.4570252e-07
7.5768708e-07
7.7292879e-07
7.8448264e-07
1.3926184e-06
1.4156533e-06
1.4437866e-06
1.4643031e-06
1.304102e-06
1.3256741e-06
1.3525461e-06
1.3716806e-06
1.1876535e-06
1.2071263e-06
1.2316871e-06
1.2493559e-06
1.097607e-06
1.1155007e-06
1.13789e-06
1.1545642e-06
1.4748008e-06
1.494139e-06
1.5177116e-06
1.5344752e-06
1.3813091e-06
1.3992588e-06
1.4215396e-06
1.4372204e-06
1.2583985e-06
1.2743875e-06
1.294475e-06
1.3090696e-06
1.16302e-06
1.1775106e-06
1.1960921e-06
1.2096526e-06
1.5426963e-06
1.5578898e-06
1.5766321e-06
1.5895564e-06
1.4450828e-06
1.4593356e-06
1.4766399e-06
1.4884082e-06
1.3163916e-06
1.3292364e-06
1.3447161e-06
1.3556704e-06
1.2164455e-06
1.2282992e-06
1.2427719e-06
1.2529937e-06
1.5957596e-06
1.6068966e-06
1.6201472e-06
1.6288316e-06
1.494174e-06
1.5049214e-06
1.5175552e-06
1.5256183e-06
1.3612273e-06
1.3708502e-06
1.382074e-06
1.3895477e-06
1.2580938e-06
1.2667727e-06
1.2771178e-06
1.2841471e-06
1.2023694e-06
1.2108698e-06
1.2210528e-06
1.227612e-06
1.097739e-06
1.1056307e-06
1.1150471e-06
1.1210987e-06
9.6085615e-07
9.6757151e-07
9.7531831e-07
9.8081325e-07
8.5477591e-07
8.6056058e-07
8.6754346e-07
8.7242779e-07
1.1628576e-06
1.1745195e-06
1.1882437e-06
1.1975962e-06
1.0621378e-06
1.0728332e-06
1.0850828e-06
1.0933445e-06
9.2934863e-07
9.3855094e-07
9.492886e-07
9.5708388e-07
8.2648463e-07
8.3490885e-07
8.4446771e-07
8.5118821e-07
7.7162592e-07
7.7961461e-07
7.8845821e-07
7.9470047e-07
6.6915736e-07
6.7580198e-07
6.8358999e-07
6.8918639e-07
5.3459949e-07
5.3945049e-07
5.4523854e-07
5.5005318e-07
4.3009444e-07
4.3353219e-07
4.3777281e-07
4.4200401e-07
3.7384977e-07
3.7677937e-07
3.8044539e-07
3.8416592e-07
2.6966711e-07
2.7172098e-07
2.7414026e-07
2.7677745e-07
1.3436307e-07
1.3467606e-07
1.354319e-07
1.3762955e-07
2.8241197e-08
2.8284019e-08
2.8583938e-08
2.9031634e-08
3.8588011e-07
3.8861449e-07
3.9170642e-07
3.9411506e-07
2.7841455e-07
2.8012887e-07
2.816474e-07
2.8304492e-07
1.3890883e-07
1.388957e-07
1.3850328e-07
1.3948492e-07
2.923981e-08
2.9130922e-08
2.9199751e-08
2.9484224e-08
7.9785333e-07
8.035316e-07
8.1005363e-07
8.1450643e-07
6.9194382e-07
6.96637e-07
7.0223738e-07
7.0616679e-07
5.5268861e-07
5.5602792e-07
5.6038592e-07
5.6397398e-07
4.4414295e-07
4.467546e-07
4.5044706e-07
4.5368202e-07
8.1649151e-07
8.2006632e-07
8.2423744e-07
8.2669261e-07
7.0797158e-07
7.110054e-07
7.1448574e-07
7.1666584e-07
5.6567636e-07
5.6719753e-07
5.6880873e-07
5.7116063e-07
4.5481178e-07
4.5515907e-07
4.5605925e-07
4.5842252e-07
3.9501037e-07
3.9553668e-07
3.9655092e-07
3.9837761e-07
2.8388195e-07
2.8487445e-07
2.8596073e-07
2.869756e-07
1.402167e-07
1.4049164e-07
1.4138945e-07
1.4261162e-07
2.9513118e-08
2.9515347e-08
2.9779336e-08
3.0065007e-08
3.9913978e-07
3.9932831e-07
3.9861156e-07
3.9945403e-07
2.8738428e-07
2.8701752e-07
2.8672324e-07
2.8693069e-07
1.4263146e-07
1.4148415e-07
1.4059158e-07
1.3968923e-07
2.9963461e-08
2.9648004e-08
2.9757212e-08
3.0839805e-08
8.2769416e-07
8.2966102e-07
8.3121577e-07
8.3203524e-07
7.1781386e-07
7.1922745e-07
7.1942831e-07
7.1922591e-07
5.7283926e-07
5.7313076e-07
5.7084846e-07
5.6891586e-07
4.5966895e-07
4.5965372e-07
4.5794642e-07
4.5754617e-07
1.2462113e-06
1.24797e-06
1.2498636e-06
1.2520325e-06
1.1378649e-06
1.139688e-06
1.1411946e-06
1.1421786e-06
9.9605926e-07
9.9802053e-07
9.9880373e-07
9.9777358e-07
8.8633521e-07
8.8835063e-07
8.897311e-07
8.8939766e-07
1.230684e-06
1.2359801e-06
1.241477e-06
1.244761e-06
1.1238958e-06
1.1287301e-06
1.1335686e-06
1.1364317e-06
9.8342747e-07
9.8721656e-07
9.9149478e-07
9.947502e-07
8.7458026e-07
8.7802436e-07
8.8234369e-07
8.850132e-07
1.6328039e-06
1.6400258e-06
1.6481205e-06
1.6525769e-06
1.5293579e-06
1.5361129e-06
1.5436855e-06
1.5478587e-06
1.3931412e-06
1.3990168e-06
1.4055032e-06
1.4096064e-06
1.2873948e-06
1.2927723e-06
1.2985633e-06
1.3023573e-06
1.6542434e-06
1.6576067e-06
1.6601009e-06
1.6596446e-06
1.5496433e-06
1.5528754e-06
1.555489e-06
1.5550135e-06
1.4113518e-06
1.4138671e-06
1.4160196e-06
1.4162854e-06
1.3039657e-06
1.3055471e-06
1.307584e-06
1.3090365e-06
2.0466183e-06
2.0508963e-06
2.0540124e-06
2.0532799e-06
1.9464188e-06
1.9501834e-06
1.953157e-06
1.9534595e-06
1.8133516e-06
1.8164837e-06
1.8189672e-06
1.81925e-06
1.7097916e-06
1.7129493e-06
1.7153585e-06
1.7150712e-06
2.4188311e-06
2.4225284e-06
2.4246662e-06
2.4242003e-06
2.3233391e-06
2.3271932e-06
2.3303558e-06
2.3314647e-06
2.1970926e-06
2.2014441e-06
2.2053906e-06
2.20618e-06
2.0992856e-06
2.1038644e-06
2.1071168e-06
2.1065594e-06
2.388079e-06
2.3983266e-06
2.409331e-06
2.4160358e-06
2.2939535e-06
2.3039918e-06
2.3147402e-06
2.3206926e-06
2.1700187e-06
2.1797244e-06
2.1891183e-06
2.1943885e-06
2.0732557e-06
2.0824174e-06
2.0913143e-06
2.096619e-06
2.0206101e-06
2.0298068e-06
2.0389112e-06
2.0440457e-06
1.9212928e-06
1.929904e-06
1.9390037e-06
1.9440956e-06
1.7901487e-06
1.7978104e-06
1.8061371e-06
1.8112628e-06
1.6878347e-06
1.6950248e-06
1.7033414e-06
1.7078841e-06
1.9743961e-06
1.988189e-06
2.0041484e-06
2.0150913e-06
1.8772925e-06
1.8905102e-06
1.9058226e-06
1.916139e-06
1.7493957e-06
1.7614042e-06
1.7755677e-06
1.785606e-06
1.6497659e-06
1.6608633e-06
1.6744648e-06
1.6835658e-06
1.9088716e-06
1.927764e-06
1.9504941e-06
1.9664158e-06
1.8152888e-06
1.8332945e-06
1.8548332e-06
1.8696664e-06
1.691409e-06
1.7077822e-06
1.7280209e-06
1.7425243e-06
1.5946425e-06
1.6100795e-06
1.6295436e-06
1.6432084e-06
2.2565713e-06
2.2786706e-06
2.3057292e-06
2.3246138e-06
2.1679932e-06
2.1893784e-06
2.2153087e-06
2.2333178e-06
2.0504214e-06
2.0704512e-06
2.0948097e-06
2.1120647e-06
1.9583604e-06
1.9775655e-06
2.0009323e-06
2.0175302e-06
2.3338537e-06
2.350334e-06
2.3693125e-06
2.3819224e-06
2.2422097e-06
2.2580069e-06
2.2761477e-06
2.287911e-06
2.1206753e-06
2.1353589e-06
2.1523606e-06
2.1642271e-06
2.0257805e-06
2.0397248e-06
2.0559567e-06
2.0674386e-06
2.6714623e-06
2.6899264e-06
2.7118336e-06
2.726697e-06
2.5858493e-06
2.6038266e-06
2.6248617e-06
2.6390351e-06
2.471662e-06
2.4889194e-06
2.5089401e-06
2.5224895e-06
2.382212e-06
2.3989677e-06
2.4182717e-06
2.4313614e-06
2.5837088e-06
2.6089573e-06
2.6395092e-06
2.6609126e-06
2.5010096e-06
2.5253173e-06
2.5549155e-06
2.575576e-06
2.3903464e-06
2.413479e-06
2.4416878e-06
2.4617256e-06
2.3033537e-06
2.3257189e-06
2.3532829e-06
2.3726328e-06
2.8851993e-06
2.9143227e-06
2.9494205e-06
2.9724704e-06
2.8094262e-06
2.8374419e-06
2.8711108e-06
2.8940651e-06
2.7073313e-06
2.7339311e-06
2.7661025e-06
2.7884889e-06
2.6270624e-06
2.6527818e-06
2.6838332e-06
2.705672e-06
2.9836482e-06
3.0044012e-06
3.0295806e-06
3.045518e-06
2.9052619e-06
2.9253658e-06
2.9493667e-06
2.9650771e-06
2.7995378e-06
2.8188093e-06
2.8418021e-06
2.8573974e-06
2.7164142e-06
2.7350326e-06
2.7574803e-06
2.7726876e-06
3.052965e-06
3.0661361e-06
3.0807547e-06
3.089856e-06
2.9725617e-06
2.9853802e-06
2.9996025e-06
3.0083735e-06
2.8647277e-06
2.877056e-06
2.8905132e-06
2.8982983e-06
2.779923e-06
2.7919225e-06
2.8046788e-06
2.8119255e-06
2.7338435e-06
2.7457008e-06
2.7582709e-06
2.7654417e-06
2.6457694e-06
2.6576033e-06
2.6700674e-06
2.6770591e-06
2.5290889e-06
2.5401506e-06
2.5519977e-06
2.5588311e-06
2.4377981e-06
2.4481342e-06
2.4592436e-06
2.4662408e-06
2.7683476e-06
2.7727467e-06
2.7757408e-06
2.7751772e-06
2.6798226e-06
2.6838904e-06
2.6872752e-06
2.6882151e-06
2.5616691e-06
2.565475e-06
2.5689001e-06
2.569737e-06
2.4691237e-06
2.4727476e-06
2.4748622e-06
2.474455e-06
3.0940569e-06
3.0994897e-06
3.1011689e-06
3.0994167e-06
3.0119134e-06
3.0164572e-06
3.0189207e-06
3.0189153e-06
2.9013406e-06
2.9056158e-06
2.9093813e-06
2.9102899e-06
2.8148236e-06
2.8193534e-06
2.8225098e-06
2.8222222e-06
