FiniteElementSpace
FiniteElementCollection: L2_2D_P3
VDim: 1
Ordering: 0

15129.788
19033.496
24854.39
28527.156
15128.586
19034.57
24854.079
28540.835
15128.898
19034.312
24854.865
28541.616
15128.391
19034.651
24850.839
28523.505
7022.2743
8344.1116
10925.037
13427.43
7022.3156
8344.0033
10925.345
13427.114
7022.3285
8344.0128
10925.292
13427.121
7022.2157
8344.0691
10925.272
13427.398
7018.8785
8341.0884
10928.542
13213.086
7018.919
8341.03
10928.524
13210.92
7018.9031
8341.045
10928.511
13211.079
7018.95
8341.0203
10928.601
13212.372
15648.108
18750.408
24983.66
26911.984
15653.961
18746.924
24990.582
26915.331
15653.598
18747.15
24989.387
26911.348
15649.737
18749.393
24989.049
26930.05
15116.871
19060.869
24596.62
27813.048
15117.004
19060.72
24597.072
27813.032
15116.708
19061.047
24596.081
27813.053
15118.188
19059.405
24601.08
27813.022
15117.499
19060.36
24598.033
27810.59
15117.244
19060.675
24596.72
27812.728
15117.297
19060.611
24596.978
27812.267
15117.268
19060.643
24596.855
27812.485
7010.0186
8347.8234
10931.106
13404.202
7009.8319
8347.8519
10931.215
13404.034
7009.869
8347.8476
10931.189
13404.059
7009.8385
8347.8548
10931.199
13404.052
7008.2844
8348.4667
10930.875
13404.382
7008.272
8348.4836
10930.828
13404.456
7008.2713
8348.4582
10930.924
13404.302
7008.2881
8348.5805
10930.444
13405.081
