FiniteElementSpace
FiniteElementCollection: L2_2D_P3
VDim: 1
Ordering: 0

-28873.985
-24870.574
-19050.576
-15108.638
-28900.126
-24874.736
-19050.752
-15108.445
-28894.961
-24873.914
-19050.715
-15108.487
-28897.338
-24874.293
-19050.732
-15108.467
-13437.948
-10900.252
-8392.0114
-6927.7886
-13439.703
-10901.542
-8391.686
-6927.9227
-13439.349
-10901.286
-8391.7509
-6927.8957
-13439.514
-10901.404
-8391.7209
-6927.9082
-12865.594
-10835.322
-8406.1378
-6907.62
-12865.659
-10835.126
-8406.2223
-6907.5556
-12864.335
-10834.962
-8406.2527
-6907.5182
-12871.547
-10836.059
-8406.0014
-6907.7884
-6269.9652
-5208.7027
-4113.7346
-3449.3335
-6270.0005
-5208.7474
-4113.7185
-3449.3422
-6270.0038
-5208.742
-4113.7201
-3449.3421
-6269.9496
-5208.7269
-4113.7275
-3449.3343
-6263.185
-5207.939
-4114.1099
-3448.8032
-6263.2747
-5207.8992
-4114.1275
-3448.7936
-6263.2571
-5207.9071
-4114.124
-3448.7955
-6263.2652
-5207.9035
-4114.1256
-3448.7946
-3137.1723
-2641.5732
-2104.2266
-1793.4011
-3137.1717
-2641.5737
-2104.2264
-1793.4012
-3137.1718
-2641.5736
-2104.2264
-1793.4012
-3137.1718
-2641.5737
-2104.2264
-1793.4013
-3136.9244
-2641.5928
-2104.2232
-1793.3869
-3136.9242
-2641.5947
-2104.2183
-1793.3997
-3136.9237
-2641.5945
-2104.2191
-1793.3975
-3136.9264
-2641.5945
-2104.2187
-1793.3986
