FiniteElementSpace
FiniteElementCollection: L2_2D_P1
VDim: 1
Ordering: 0

-1.823962346770732e+79
5.185284280747998e+78
-1.657745434843105e+79
5.639736141804375e+78
-8.10408054131188e+79
-4.024195613460417e+79
-7.447537553156212e+79
-3.643959144837195e+79
-9.175128059285996e+79
-4.661249225402537e+79
-8.575606526084596e+79
-4.299882732774313e+79
-2.10234233719052e+79
4.495854412350201e+78
-1.946871454167809e+79
4.887352930236753e+78
-2.351953056784216e+79
3.904022750012682e+78
-2.211395435476828e+79
4.232159759558202e+78
-2.566936273706332e+79
3.412365832022763e+78
-2.445523051498764e+79
3.678280450358206e+78
-1.093789514126677e+80
-5.749563503762381e+79
-1.048782158987558e+80
-5.465765424349143e+79
-1.012636104403607e+80
-5.242903364246425e+79
-9.596265115077576e+79
-4.914420311070672e+79
-2.06252043603512e+80
-1.423467380437768e+80
-1.95389287954918e+80
-1.345915489023885e+80
-2.229791468468848e+80
-1.544401415068498e+80
-2.137051135528121e+80
-1.476871078692365e+80
-3.632075154527986e+80
-2.791809049237642e+80
-3.475585227573738e+80
-2.670519564759177e+80
-3.350244856897245e+80
-2.574434410413256e+80
-3.168676885787118e+80
-2.4354128388311e+80
-3.026704718434782e+80
-2.327278350586491e+80
-2.825793796162804e+80
-2.174247888763634e+80
-1.868311345897466e+80
-1.285605640335536e+80
-1.746723891560272e+80
-1.200333073912277e+80
-1.652739603038928e+80
-1.134756421782312e+80
-1.521667835157644e+80
-1.043846291269623e+80
-2.671962444317892e+80
-2.05698623159185e+80
-2.457859903293489e+80
-1.893656518019215e+80
-3.849802551257445e+80
-3.146042758235576e+80
-3.533156523233431e+80
-2.891825166342392e+80
-4.37867988190235e+80
-3.568954557650855e+80
-4.078013167761133e+80
-3.328931581358082e+80
-5.915366488695691e+80
-5.000636576777879e+80
-5.491606807846695e+80
-4.65168656132907e+80
-5.172740516185843e+80
-4.387734257738762e+80
-4.732174291893801e+80
-4.022239961460762e+80
-6.624325068178989e+80
-5.768063592747995e+80
-6.037035015531903e+80
-5.269249868580031e+80
-8.181187592372578e+80
-7.268283921010424e+80
-7.424039832290752e+80
-6.613005545701711e+80
-9.485161831033414e+80
-8.38974440370664e+80
-8.734962967830214e+80
-7.746431259583674e+80
-7.624520192501821e+80
-6.612612968210407e+80
-7.051514964192771e+80
-6.130055669276574e+80
-8.572963455242784e+80
-7.407133828743963e+80
-8.034824293564689e+80
-6.957312962827896e+80
-1.074020850642797e+81
-9.459667211051834e+80
-1.002517951022136e+81
-8.851781721976632e+80
-1.189189325848172e+81
-1.043449075034953e+81
-1.124406766579788e+81
-9.887229936720829e+80
-9.431256193263149e+80
-8.122419053285069e+80
-8.950335833860807e+80
-7.72191992253459e+80
-7.229925549975749e+80
-6.077843471464899e+80
-6.88369388746287e+80
-5.794182493965103e+80
-6.609841308461984e+80
-5.57021888592589e+80
-6.217311798463829e+80
-5.248709831000699e+80
-4.866963082609339e+80
-3.958152298657687e+80
-4.59197380730353e+80
-3.738964977602898e+80
-5.297446362103052e+80
-4.30231600454937e+80
-5.057816633137529e+80
-4.110230530496616e+80
-5.653907429097958e+80
-4.590406127212125e+80
-5.458437752542145e+80
-4.431640846546412e+80
-5.923083469561132e+80
-4.81167339022875e+80
-5.778797056628203e+80
-4.69242590676453e+80
-8.145107768197506e+80
-6.836440189088157e+80
-7.932943034449531e+80
-6.658118429010326e+80
-7.749374439948437e+80
-6.505668358235393e+80
-7.464018327953628e+80
-6.269779515575908e+80
-1.01593543209006e+81
-8.730184271179975e+80
-9.758359473314264e+80
-8.394741610902808e+80
-1.288144953450902e+81
-1.127049361606934e+81
-1.23347561863228e+81
-1.080841069017506e+81
-1.365134498892883e+81
-1.192625335977824e+81
-1.323758987865658e+81
-1.157230174521775e+81
-1.071978666314858e+81
-9.20345108477949e+80
-1.041903777916534e+81
-8.948167466213832e+80
-1.10841735912365e+81
-9.517064532904182e+80
-1.089845353715132e+81
-9.356307905686519e+80
-1.415551244302734e+81
-1.236344440821293e+81
-1.389869023480164e+81
-1.213923345886411e+81
-1.436803719200267e+81
-1.255100824491329e+81
-1.428118501659463e+81
-1.247395431030208e+81
-1.123723712350669e+81
-9.651062102379475e+80
-1.117454836708283e+81
-9.596033763641123e+80
-8.507834207149722e+80
-7.146919017496058e+80
-8.463909341511267e+80
-7.10887382999498e+80
-8.400753009162479e+80
-7.054249286284229e+80
-8.270380854465737e+80
-6.94265849056572e+80
-6.096091422510447e+80
-4.956511677475695e+80
-6.007774932464655e+80
-4.882336085548513e+80
-6.168406689405956e+80
-5.017894099329097e+80
-6.138694673742382e+80
-4.992698697598446e+80
-4.193413244450347e+80
-3.238692176187598e+80
-4.174358616035365e+80
-3.22311010926729e+80
-2.558834448694208e+80
-1.79052508087531e+80
-2.547685517041386e+80
-1.782018653032039e+80
-2.531840850532148e+80
-1.769804695129138e+80
-2.498645296747887e+80
-1.744598833779357e+80
-4.147132296450526e+80
-3.200727982659712e+80
-4.090434135674837e+80
-3.154698551535119e+80
-4.03623917993305e+80
-3.110827550156738e+80
-3.94334385635258e+80
-3.036405289885175e+80
-3.863056790761648e+80
-2.972726634127148e+80
-3.736503783256721e+80
-2.873016061829994e+80
-2.365712496391342e+80
-1.644564342613322e+80
-2.291203350387486e+80
-1.589322904939445e+80
-2.467087992289969e+80
-1.720577336106546e+80
-2.412601925694525e+80
-1.679601813896128e+80
-1.208195940131894e+80
-6.478369359562294e+79
-1.18183102312224e+80
-6.309525179764776e+79
-1.159384911174002e+80
-6.165424735688755e+79
-1.123308923071695e+80
-5.935635098785027e+79
-2.742046198588658e+79
3.022527194232862e+78
-2.643550466923971e+79
3.227679109580419e+78
-2.873052210745701e+79
2.73587167512588e+78
-2.800510962469525e+79
2.881517757611357e+78
-2.956892498419296e+79
2.553595916758095e+78
-2.912493883085825e+79
2.640633925727739e+78
-1.239351569986722e+80
-6.679751469825347e+79
-1.223287759635141e+80
-6.576605940084802e+79
-1.252327751179752e+80
-6.764205437468609e+79
-1.246931747581606e+80
-6.729521754841476e+79
-2.991694407302576e+79
2.476643031559471e+78
-2.976749565351436e+79
2.505598374468278e+78
