FiniteElementSpace
FiniteElementCollection: L2_2D_P4
VDim: 1
Ordering: 0

1.670931165775313e+17
7.337417571592993e+17
4.248739708181193e+17
-7.282670503300785e+17
3.819943976868369e+16
-2.14517092698588e+17
4.44362895247576e+17
6.471549146870821e+17
-6.596386371270296e+17
-2.935006441273301e+16
-9.745920657988144e+16
2.20603910769111e+16
7.904683792719148e+17
-5.488941190886725e+17
-1.01432111338302e+17
4.357696286640608e+17
-2.114369369091378e+17
8.194759977760876e+17
-4.717178756610451e+17
-1.417008494571488e+17
5.734671380991516e+17
-2.291051471285442e+17
8.076646071308989e+17
-4.446730504313013e+17
-1.552925280859915e+17
