FiniteElementSpace
FiniteElementCollection: L2_2D_P3
VDim: 1
Ordering: 0

-1.6099082e-09
-1.5459768e-09
-1.4135551e-09
-1.2963499e-09
-1.354031e-09
-1.3039695e-09
-1.1833862e-09
-1.0660778e-09
-5.8796447e-10
-5.6895171e-10
-5.1479498e-10
-4.5868169e-10
-2.1635644e-10
-2.121794e-10
-1.9319461e-10
-1.720025e-10
-1.472517e-10
-1.4476733e-10
-1.3233393e-10
-1.180406e-10
-6.8414629e-11
-6.6641127e-11
-6.0943239e-11
-5.4446557e-11
-1.6887759e-11
-1.5682067e-11
-1.3859544e-11
-1.2239871e-11
-5.4618546e-12
-5.0481779e-12
-4.2128182e-12
-3.5683868e-12
-1.0960479e-10
-9.3039684e-11
-7.1597228e-11
-5.6456256e-11
-5.0559433e-11
-4.2715108e-11
-3.2690236e-11
-2.5653351e-11
-1.1282458e-11
-9.446193e-12
-7.1092307e-12
-5.439118e-12
-3.2665784e-12
-2.737427e-12
-2.0248669e-12
-1.4961504e-12
-1.2307987e-09
-1.0961231e-09
-9.0713031e-10
-7.6958876e-10
-9.9857014e-10
-8.6466067e-10
-6.8748192e-10
-5.6110702e-10
-4.2575827e-10
-3.6188976e-10
-2.7972393e-10
-2.2177016e-10
-1.5949885e-10
-1.3530012e-10
-1.0415597e-10
-8.2106717e-11
-7.0208981e-10
-5.7707008e-10
-4.1819691e-10
-3.113668e-10
-4.9953907e-10
-3.9311967e-10
-2.7257333e-10
-1.9694323e-10
-1.9367409e-10
-1.4695653e-10
-9.7616131e-11
-6.8354011e-11
-7.1413507e-11
-5.3721813e-11
-3.5190529e-11
-2.4372431e-11
-2.6323345e-10
-1.8639632e-10
-1.0925801e-10
-6.8305541e-11
-1.6332653e-10
-1.116138e-10
-6.3287927e-11
-3.8620495e-11
-5.5634617e-11
-3.6638011e-11
-1.9862417e-11
-1.1680711e-11
-1.9743663e-11
-1.2876471e-11
-6.838746e-12
-3.9342405e-12
-1.348979e-11
-8.7558065e-12
-4.6385617e-12
-2.6583168e-12
-5.8640216e-12
-3.7435225e-12
-1.9346159e-12
-1.0819358e-12
-1.035872e-12
-6.1434311e-13
-2.704693e-13
-1.2267148e-13
-2.2273096e-13
-1.1363509e-13
-2.852713e-14
2.3138376e-15
-4.9112785e-11
-3.6904744e-11
-2.4135945e-11
-1.66853e-11
-2.2223596e-11
-1.6543026e-11
-1.0698064e-11
-7.3140279e-12
-4.6199164e-12
-3.3259295e-12
-2.0467304e-12
-1.3327969e-12
-1.2497319e-12
-8.7434018e-13
-4.9964992e-13
-2.9915105e-13
-8.2719302e-13
-5.7917775e-13
-3.2694371e-13
-1.9517776e-13
-2.9399026e-13
-1.9752877e-13
-1.0604066e-13
-5.8817199e-14
1.5700249e-14
2.0565813e-14
2.0977697e-14
2.1323239e-14
3.1993668e-14
2.7191897e-14
2.2265741e-14
1.9636106e-14
-1.4462996e-13
-7.3424914e-14
-1.6418233e-14
4.1237759e-15
-3.9640018e-14
-1.3944669e-14
3.9047474e-15
1.0198463e-14
2.1467805e-14
1.9229794e-14
1.4596903e-14
1.1756178e-14
1.7856357e-14
1.385718e-14
9.6593656e-15
7.0564905e-15
1.1309502e-14
8.7748117e-15
6.4778155e-15
4.890601e-15
4.9849776e-15
4.0260054e-15
2.9799142e-15
2.2963528e-15
2.4299339e-15
1.9294318e-15
1.2340682e-15
8.9292019e-16
1.246779e-15
9.564982e-16
6.1431546e-16
4.6453282e-16
1.9414727e-14
1.684622e-14
1.4505331e-14
1.2778033e-14
8.2438208e-15
7.4270761e-15
6.5473481e-15
5.5594018e-15
4.6182813e-15
4.0581093e-15
3.1423359e-15
2.624896e-15
2.3650728e-15
2.0658728e-15
1.575144e-15
1.3556739e-15
1.0055943e-14
1.7326082e-14
2.1502972e-14
2.0720053e-14
8.0351321e-16
5.4909307e-15
8.7500577e-15
8.6302982e-15
5.0266665e-15
5.6239755e-15
5.2428712e-15
4.7889904e-15
4.4140267e-15
3.7326043e-15
2.666311e-15
2.3829944e-15
-2.1731882e-12
-1.8003038e-12
-1.3181791e-12
-9.8032493e-13
-8.4605373e-13
-6.8030979e-13
-4.8320232e-13
-3.5431561e-13
-5.3492716e-14
-2.7655075e-14
-5.2415004e-15
1.002425e-14
2.5353751e-14
3.214822e-14
3.4390609e-14
3.3589078e-14
-3.2741635e-12
-3.2759485e-12
-2.8219827e-12
-2.3805399e-12
-1.1653153e-12
-1.2567524e-12
-1.1232069e-12
-9.3854951e-13
-4.69112e-13
-2.7819639e-13
-1.3215088e-13
-7.3622518e-14
-3.3443636e-13
-1.6638262e-13
-2.4726834e-14
1.7284068e-14
-1.9134169e-13
-1.2186885e-13
-3.1395877e-14
3.8630227e-15
-3.1891136e-14
-4.2688894e-14
-1.9725664e-14
-3.0392593e-15
8.2538003e-15
5.3185932e-15
2.8674991e-15
3.9728979e-15
2.9267967e-14
1.9878203e-14
8.1002898e-15
4.5678484e-15
5.3091648e-14
2.7777924e-14
8.1034104e-15
3.3235336e-15
7.763952e-14
3.8463914e-14
9.6927342e-15
2.7692034e-15
6.5940518e-14
3.6006823e-14
1.0184028e-14
3.0044967e-15
4.3431814e-14
2.5645516e-14
8.0399382e-15
2.4992966e-15
2.6455365e-15
1.766944e-15
1.0692201e-15
1.0131782e-15
1.7190052e-15
5.7431136e-16
-9.0145315e-18
-5.1629736e-17
1.9761786e-15
8.2094467e-16
3.7675996e-17
-9.5560058e-17
1.656634e-15
6.8345097e-16
3.4866946e-17
-6.1063551e-17
1.2898213e-15
4.6282328e-16
-3.5326017e-17
-9.1600902e-17
7.9273652e-16
2.5478002e-16
-4.4019997e-17
-8.0569732e-17
3.8330122e-16
1.3737502e-16
-6.2109138e-18
-3.2906294e-17
1.7688387e-16
6.1359929e-17
-5.692759e-18
-1.7501785e-17
3.2617021e-14
1.9649525e-14
6.4213085e-15
2.0293134e-15
1.7162903e-14
1.0926447e-14
3.9040416e-15
1.2926436e-15
5.5928711e-15
4.092086e-15
1.7031333e-15
6.1320957e-16
1.9278363e-15
1.5716025e-15
7.3819078e-16
2.8518437e-16
1.1168201e-15
9.0436877e-16
4.4450305e-16
1.7830492e-16
1.4702952e-16
1.7922574e-16
1.2482958e-16
5.6151814e-17
-5.6764553e-16
-2.426168e-16
-3.9651011e-17
-1.0521063e-17
-6.7539738e-16
-3.1466391e-16
-7.2153212e-17
-2.3920108e-17
-5.7415889e-16
-2.8974582e-16
-7.529648e-17
-2.4909125e-17
-3.1919498e-16
-1.9129953e-16
-6.082419e-17
-2.0485181e-17
-9.3696837e-17
-6.5151788e-17
-2.610937e-17
-9.8294367e-18
-2.0382039e-17
-1.4027596e-17
-5.7566205e-18
-2.2135319e-18
-1.8086018e-17
-9.3818222e-18
-3.2416903e-18
-1.9551536e-18
-1.460639e-17
-7.343591e-18
-2.1761778e-18
-1.1818835e-18
-6.535448e-18
-3.0202904e-18
-9.5709959e-19
-5.322789e-19
-1.4697587e-18
-6.904013e-19
-2.2375759e-19
-1.1860275e-19
1.0596444e-16
2.9669089e-17
-9.3285697e-18
-1.5170091e-17
2.9100812e-17
2.6294166e-18
-8.3074714e-18
-9.8444016e-18
-9.6068572e-18
-6.9644221e-18
-4.6896982e-18
-4.3434984e-18
-1.7424752e-17
-9.1316729e-18
-3.6542469e-18
-2.4597226e-18
-1.5281276e-17
-1.433889e-17
-1.2357003e-17
-9.9927235e-18
-1.0048035e-17
-9.3670255e-18
-7.5329768e-18
-6.027112e-18
-4.0273445e-18
-3.1534131e-18
-2.337894e-18
-2.0308496e-18
-2.0902371e-18
-1.4930585e-18
-1.1018817e-18
-1.0025166e-18
-1.7438825e-18
-1.3631344e-18
-9.4866891e-19
-7.7546586e-19
-1.0892106e-18
-8.289784e-19
-5.2170389e-19
-3.9551866e-19
-4.0989733e-19
-2.3570934e-19
-1.405829e-19
-1.1906593e-19
-9.5349455e-20
-6.3062202e-20
-3.9265098e-20
-2.78629e-20
-6.9965902e-19
-5.6178961e-19
-4.1924356e-19
-3.1268683e-19
-3.598281e-19
-3.0793939e-19
-2.2951166e-19
-1.6012202e-19
-1.0521716e-19
-7.7154595e-20
-4.5521319e-20
-2.7548422e-20
-2.2185513e-20
-1.4324092e-20
-9.1647976e-21
-6.8001712e-21
-8.6608596e-18
-6.7506796e-18
-4.9065452e-18
-3.5446226e-18
-5.1998497e-18
-3.8610889e-18
-2.5866537e-18
-2.0309768e-18
-1.8907382e-18
-1.4523738e-18
-9.0889055e-19
-7.1491879e-19
-9.224821e-19
-7.1754962e-19
-5.0623987e-19
-3.8925736e-19
-3.4946884e-17
-2.1775954e-17
-1.5239805e-17
-1.0249374e-17
-3.7342527e-17
-2.4942233e-17
-1.553743e-17
-1.3136136e-17
-1.8504425e-17
-1.3670592e-17
-9.0687151e-18
-7.7468545e-18
-1.0083071e-17
-8.2120254e-18
-6.143098e-18
-4.3344628e-18
-7.9663321e-17
-6.8844702e-17
-6.4013643e-17
-4.7400269e-17
-7.5817765e-17
-6.7594639e-17
-5.6942132e-17
-4.5512696e-17
-3.3355384e-17
-2.8443211e-17
-2.2565405e-17
-2.0113091e-17
-1.731066e-17
-1.5480501e-17
-1.335111e-17
-1.1462896e-17
1.0383749e-15
9.7330788e-16
7.9752431e-16
7.021252e-16
-3.8275262e-17
3.9238976e-17
1.1064366e-16
9.7774024e-17
-9.3391088e-17
-5.7606681e-17
-3.1242864e-17
-2.4284033e-17
-4.892606e-17
-4.0950285e-17
-4.5129939e-17
-2.9220464e-17
6.3669987e-16
4.9998405e-16
3.7005697e-16
2.9544722e-16
7.6615203e-17
9.6001305e-17
1.0674304e-16
8.2600194e-17
-1.5467007e-17
1.9047218e-18
5.6791084e-18
2.3301223e-18
-1.6941611e-17
-9.3206227e-18
-1.0188971e-17
-3.5621121e-18
2.4627711e-16
1.7443132e-16
1.1251079e-16
7.9924965e-17
6.5938251e-17
5.9395946e-17
4.8562072e-17
3.300395e-17
5.2663564e-18
1.0492857e-17
5.9580953e-18
9.428895e-19
-9.3739395e-20
-3.0989442e-18
-6.0027513e-18
-2.2116902e-18
6.392246e-17
3.6034945e-17
1.4949479e-17
1.1111533e-17
2.3706043e-17
1.1149796e-17
3.6931184e-18
2.1962348e-18
1.6327878e-18
2.1265342e-18
-3.3058803e-19
-1.3242922e-18
-2.7692553e-20
-3.5105995e-19
-1.9062554e-18
-1.3363183e-18
-1.1535024e-18
-1.6588228e-18
-1.6007049e-18
-1.057782e-18
-2.1796764e-18
-1.8006407e-18
-9.9682422e-19
-9.0720624e-19
-1.4317939e-18
-9.0347245e-19
-7.563288e-19
-7.127927e-19
-8.6689703e-19
-6.2396417e-19
-6.2718277e-19
-4.5373702e-19
-8.1698685e-18
-6.6972755e-18
-4.5144366e-18
-1.8227392e-18
-1.2611027e-17
-7.7638284e-18
-2.874152e-18
-2.1777225e-18
-6.7776123e-18
-4.5487887e-18
-2.5905022e-18
-1.8010778e-18
-3.540164e-18
-2.6716517e-18
-2.0009262e-18
-1.261796e-18
-2.9790359e-18
-2.1039665e-18
-1.467534e-18
-9.8460122e-19
-1.8116569e-18
-1.2875629e-18
-7.6283616e-19
-6.0309262e-19
-6.7100715e-19
-5.382549e-19
-3.6157983e-19
-2.8780885e-19
-3.3531594e-19
-2.5514896e-19
-1.9816197e-19
-1.5330294e-19
-2.5442026e-19
-1.7355981e-19
-1.3810644e-19
-1.1388203e-19
-1.2108328e-19
-8.2219914e-20
-6.3899571e-20
-5.7534806e-20
-2.5189736e-20
-2.2535029e-20
-1.8089018e-20
-1.4860669e-20
-5.6660336e-21
-3.7568245e-21
-2.3618179e-21
-2.5244269e-21
-9.8424315e-20
-7.893268e-20
-6.3833156e-20
-5.0061744e-20
-5.3407219e-20
-4.2352347e-20
-3.1384085e-20
-2.7184126e-20
-1.3722434e-20
-1.1743454e-20
-9.9203941e-21
-9.4865688e-21
-2.8044721e-21
-2.6235026e-21
-1.8316495e-21
-1.635616e-21
-7.8226348e-19
-5.8071174e-19
-4.5644582e-19
-3.2683641e-19
-5.7103768e-19
-4.0202225e-19
-2.3310938e-19
-1.9979775e-19
-2.5406052e-19
-1.8491813e-19
-1.3155479e-19
-1.1148424e-19
-1.2705574e-19
-1.028242e-19
-8.9987273e-20
-6.624451e-20
-2.6924444e-19
-1.9940852e-19
-1.1758444e-19
-3.8567314e-20
-1.9679005e-19
-1.4370913e-19
-6.3991921e-20
-1.955681e-20
-9.4716528e-20
-6.2145213e-20
-3.8702329e-20
-2.3363453e-20
-5.1260852e-20
-4.0074036e-20
-3.4169044e-20
-2.0718873e-20
-4.2615102e-20
-3.3418611e-20
-2.5186246e-20
-1.6380323e-20
-2.6259521e-20
-2.0272535e-20
-1.3466407e-20
-1.1637599e-20
-8.5795104e-21
-7.344762e-21
-6.4761962e-21
-5.9326232e-21
-1.8323607e-21
-1.6364242e-21
-1.1165647e-21
-1.110992e-21
-1.1740768e-20
-1.4705959e-20
-9.6603272e-20
-2.5240957e-19
-1.1509255e-20
-2.3456561e-20
-9.4770379e-20
-1.9665826e-19
-6.0110761e-21
-1.3482558e-20
-3.2593629e-20
-3.7674236e-20
-1.3559252e-21
-3.1456751e-21
-7.6759685e-21
-1.1743123e-20
1.1737032e-20
2.3917692e-19
1.0037623e-18
1.9063952e-18
4.451249e-21
1.522895e-19
5.6955836e-19
9.3494215e-19
-6.5245792e-21
5.3003678e-20
1.2647795e-19
1.1141564e-19
-1.0127917e-20
2.1775854e-22
-5.8979873e-20
-1.9899851e-19
8.946351e-19
2.5495996e-18
4.9159391e-18
4.6892143e-18
2.8752543e-19
9.6169415e-19
1.6884931e-18
1.3083708e-18
4.0787924e-20
3.7091733e-19
1.1425048e-18
2.0217321e-18
1.156593e-20
2.8563309e-19
1.2041129e-18
2.3901584e-18
-8.4139453e-19
-4.7913135e-19
-1.2121728e-20
4.7725745e-19
-9.1513601e-19
-6.8765106e-19
-2.4339299e-19
8.5055742e-20
-5.6725467e-19
-3.4634769e-19
-2.0492475e-19
-7.895415e-20
-3.1496108e-19
-2.1188719e-19
-1.5042533e-19
-5.9511513e-20
9.4899609e-18
6.8043325e-18
7.903687e-18
1.2838183e-17
1.8363971e-18
1.0467279e-18
2.6299507e-18
5.9925487e-18
-6.8636096e-19
9.8744098e-20
8.1745129e-19
2.097644e-18
-7.1556297e-19
-9.1081886e-20
3.0423314e-19
8.6558493e-19
1.7594403e-17
4.3097243e-17
1.1536553e-16
1.854987e-16
8.8358715e-18
2.1984928e-17
5.8132459e-17
9.1787813e-17
3.3386311e-18
8.8113419e-18
2.0877586e-17
2.885828e-17
1.4755239e-18
4.1302982e-18
8.5712566e-18
9.5934116e-18
1.3108299e-16
3.3006812e-16
1.1734412e-15
2.2822311e-15
8.2965557e-17
2.2721126e-16
7.6436331e-16
1.3914151e-15
4.3582133e-17
1.1660211e-16
3.4367522e-16
5.6720137e-16
2.469705e-17
6.1230481e-17
1.6386608e-16
2.6175524e-16
5.4593814e-16
9.9130767e-16
3.0056205e-15
5.5021385e-15
3.4913234e-16
7.580537e-16
2.3409898e-15
4.1264311e-15
2.2859512e-16
5.1925253e-16
1.7402331e-15
3.2828574e-15
1.6468833e-16
3.8887274e-16
1.3819937e-15
2.7318369e-15
2.2231148e-15
1.3260075e-15
6.6144148e-16
5.3085851e-16
9.9623017e-16
5.7677392e-16
3.2671971e-16
3.1257681e-16
4.7521011e-16
2.9747086e-16
2.334921e-16
2.0936486e-16
2.5849469e-16
1.8553235e-16
1.4056131e-16
1.4163831e-16
1.6155644e-16
1.1542468e-16
8.8938433e-17
1.0597321e-16
6.397683e-17
4.5044702e-17
4.0188942e-17
6.1921346e-17
2.7762058e-17
2.1501898e-17
2.254665e-17
3.196699e-17
1.6502467e-17
1.2853179e-17
1.3355109e-17
1.8451011e-17
9.3018079e-16
5.9476504e-16
2.8874898e-16
1.8955597e-16
4.742823e-16
2.8382942e-16
1.1003353e-16
7.2062792e-17
1.8763451e-16
1.273749e-16
6.7160508e-17
3.4163953e-17
9.1449799e-17
6.0474118e-17
3.0880754e-17
1.9957508e-17
4.0582323e-15
2.8495239e-15
1.7199806e-15
1.1591058e-15
1.9801818e-15
1.3930287e-15
8.1732488e-16
5.7957196e-16
7.9778006e-16
5.9964513e-16
3.4608577e-16
2.1893152e-16
4.060445e-16
2.8752213e-16
1.7027639e-16
1.1546247e-16
1.0229416e-14
1.5267533e-14
1.475146e-14
1.2377283e-14
1.2065578e-14
1.1626008e-14
9.0372528e-15
7.2478348e-15
1.0400643e-14
7.9703441e-15
5.1692674e-15
3.4874523e-15
5.8855491e-15
4.2540622e-15
2.6225608e-15
1.6839296e-15
1.0963531e-14
7.9847492e-15
4.5628199e-15
2.8174019e-15
6.234877e-15
4.1658149e-15
2.13586e-15
1.2916177e-15
2.7883297e-15
1.9139253e-15
1.1322179e-15
6.368688e-16
1.3409081e-15
9.1860077e-16
5.2075371e-16
3.292579e-16
-3.3566119e-14
2.1589174e-15
-8.3450768e-15
-2.0458682e-14
9.0647288e-15
1.7002049e-14
5.7395742e-15
-2.8918781e-15
2.3988483e-14
1.9658592e-14
1.2224227e-14
6.8014686e-15
1.5172704e-14
1.1600612e-14
7.2302592e-15
4.5220028e-15
-1.9156074e-12
-9.5774146e-13
-3.0407676e-13
-8.7674966e-14
-7.626428e-13
-3.5706116e-13
-9.0794273e-14
-9.7337036e-15
-7.2137802e-14
-1.0952472e-14
2.1594443e-14
2.5004898e-14
1.066391e-14
1.950003e-14
2.0408375e-14
1.7131242e-14
-5.2736498e-11
-3.1128731e-11
-1.3768678e-11
-7.0588215e-12
-2.9133596e-11
-1.633324e-11
-6.8040306e-12
-3.3004533e-12
-8.5513014e-12
-4.4473093e-12
-1.6138863e-12
-6.5337104e-13
-2.8481761e-12
-1.4412379e-12
-4.6884232e-13
-1.4614045e-13
-5.30505e-12
-3.6716118e-12
-2.6626836e-12
-1.9526003e-12
-2.345062e-12
-1.5104708e-12
-1.1989057e-12
-9.9511407e-13
-3.9244997e-13
-1.9346771e-13
-2.0158327e-13
-2.1996519e-13
-6.4628437e-14
-8.7597998e-15
-1.9664215e-14
-3.6793593e-14
-1.5852176e-12
-1.1355566e-12
-7.5380479e-13
-4.5137457e-13
-8.4029868e-13
-6.151326e-13
-4.1117792e-13
-2.5828885e-13
-2.0429334e-13
-1.6633546e-13
-1.1690926e-13
-7.8382599e-14
-4.0239479e-14
-4.1073446e-14
-3.2777001e-14
-2.2451191e-14
-2.2962887e-14
-2.3802364e-14
-1.9850303e-14
-1.3647915e-14
-4.8614335e-15
-6.7079894e-15
-6.3761287e-15
-4.6113065e-15
4.705561e-15
2.2289806e-15
7.73036e-16
4.1468482e-16
3.494258e-15
2.0184562e-15
1.0052378e-15
7.3499e-16
-1.0036105e-14
-4.1595747e-15
-5.3930992e-16
-1.8124703e-15
-3.3987139e-15
-1.0362625e-15
1.4828367e-15
2.693787e-15
3.8859802e-16
9.0952641e-16
3.1406951e-15
6.1259358e-15
6.9954707e-16
1.1006473e-15
3.3188743e-15
6.3193853e-15
-2.7401033e-13
-3.9342921e-14
7.1504308e-14
1.1229039e-13
-1.7306144e-13
-5.1154933e-14
3.3005977e-14
6.4646899e-14
-5.8203936e-14
-2.4954725e-14
3.1510284e-15
7.8208365e-15
-1.670902e-14
-7.273208e-15
-1.5375992e-15
-4.3669274e-15
