FiniteElementSpace
FiniteElementCollection: L2_2D_P1
VDim: 1
Ordering: 0

4.837959758331733e+122
5.254047156156047e+122
-1.2344393425795e+123
-1.09367032953289e+123
5.537803694405128e+122
5.992365386709928e+122
-9.751358490142628e+122
-8.297422853881608e+122
-2.171298284324953e+123
-1.868707832911435e+123
-4.629911878105679e+123
-4.047874381621854e+123
-2.719957225084238e+123
-2.408711237118019e+123
-5.625414746971482e+123
-5.059648001108503e+123
-7.901880527461742e+123
-7.133600772154995e+123
-1.153117980440022e+124
-1.042251400808501e+124
-1.435328594365466e+124
-1.297827807474034e+124
-1.862261014034064e+124
-1.682945198805563e+124
-1.195556589460646e+124
-1.056607646595718e+124
-1.550316977449368e+124
-1.370098210037678e+124
-6.55536905356114e+123
-5.770294362601945e+123
-9.596039502525887e+123
-8.472088643829884e+123
-5.188936953877445e+123
-4.406491493733795e+123
-7.646731593408551e+123
-6.536272758054816e+123
-9.548349359755529e+123
-8.181279836823985e+123
-1.238931880596041e+124
-1.062556182283316e+124
-7.196321159818007e+123
-5.887089699328397e+123
-9.36415033876393e+123
-7.685611550005133e+123
-3.839365965352124e+123
-3.088442245254353e+123
-5.733343938046042e+123
-4.666378598579768e+123
-1.129864323042255e+123
-8.640771788288507e+122
-2.630483554920905e+123
-2.085665504865802e+123
-1.636262615770405e+123
-1.350730078788276e+123
-3.618065313115556e+123
-3.042056591339825e+123
6.286213398400834e+122
6.761325472599754e+122
-7.030793413189615e+122
-5.527836035242557e+122
7.053173894886757e+122
7.519730038415153e+122
-4.189054032351567e+122
-2.622084904327653e+122
7.792748726170424e+122
8.209439187701119e+122
-1.230568119081649e+122
4.134594918722623e+121
-6.586814255841223e+122
-4.084166505558259e+122
-1.708754491645965e+123
-1.217308495465721e+123
-2.182900080003906e+122
2.672489146816113e+121
-8.859494231680503e+122
-4.58125806040974e+122
8.44073228174766e+122
8.752977634520627e+122
1.815487845520634e+122
3.525962321863696e+122
8.903725638560743e+122
9.029311754452312e+122
4.863387817666031e+122
6.559915717376507e+122
8.944988299782161e+122
8.5732079971974e+122
7.671936591713136e+122
8.944988299759769e+122
6.559915717351761e+122
9.029311754421812e+122
4.86338781763401e+122
8.903725638517757e+122
2.085741899865013e+122
4.643079227623658e+122
-1.729157083079258e+122
2.085741899868556e+122
-4.581258060382872e+122
2.672489147057763e+121
-8.859494231617716e+122
-2.182900079926472e+122
3.525962321828495e+122
8.75297763446607e+122
1.815487845521605e+122
8.440732281680455e+122
4.134594918962187e+121
8.209439187634937e+122
-1.230568119017833e+122
7.792748726106143e+122
-1.217308495456312e+123
-4.084166505449387e+122
-1.708754491634373e+123
-6.586814255685782e+122
-2.928012729728971e+123
-1.875853591131413e+123
-3.912770308350502e+123
-2.558660163877863e+123
-1.411737936508275e+123
-8.303927544734274e+122
-2.261907877612562e+123
-1.411737936505113e+123
-2.558660163883655e+123
-1.875853591136885e+123
-3.912770308351581e+123
-2.928012729730517e+123
-4.963705296607316e+123
-3.752704451918749e+123
-6.509514843748082e+123
-4.963705296607863e+123
-7.685611550006098e+123
-5.887089699330152e+123
-9.364150338767062e+123
-7.196321159821681e+123
-1.062556182283739e+124
-8.181279836828937e+123
-1.238931880596552e+124
-9.548349359761356e+123
-6.536272758059054e+123
-4.40649149373366e+123
-7.646731593413836e+123
-5.188936953880488e+123
-4.666378598580161e+123
-3.088442245249218e+123
-5.733343938048678e+123
-3.839365965350338e+123
-2.085665504852501e+123
-8.640771788108012e+122
-2.630483554908743e+123
-1.129864323020663e+123
-2.622084904242642e+122
7.519730038355015e+122
-4.189054032228733e+122
7.053173894829127e+122
-5.527836035095436e+122
6.761325472545204e+122
-7.030793413002819e+122
6.286213398350522e+122
-3.042056591328544e+123
-1.350730078765397e+123
-3.618065313108129e+123
-1.636262615746608e+123
-4.047874381617183e+123
-1.868707832888625e+123
-4.629911878104187e+123
-2.171298284304581e+123
-8.297422853669005e+122
5.99236538666389e+122
-9.751358489903464e+122
5.537803694367683e+122
-1.093670329507355e+123
5.254047156124927e+122
-1.234439342553318e+123
4.837959758313828e+122
-5.059648001109211e+123
-2.408711237099345e+123
-5.62541474697352e+123
-2.719957225068646e+123
-1.042251400809176e+124
-7.133600772160216e+123
-1.153117980440861e+124
-7.901880527466356e+123
-8.472088643835464e+123
-5.770294362606015e+123
-9.596039502532462e+123
-6.555369053566165e+123
-1.370098210038344e+124
-1.056607646596403e+124
-1.550316977450264e+124
-1.195556589461544e+124
-1.682945198806642e+124
-1.297827807475086e+124
-1.862261014035269e+124
-1.435328594366816e+124
-2.411066553536621e+124
-1.978219376814244e+124
-2.673234002395035e+124
-2.190152998007101e+124
-3.212809943819972e+124
-2.73984974235914e+124
-3.572838096711903e+124
-3.040893113362327e+124
-2.598062090207849e+124
-2.222078245167724e+124
-2.95119838689915e+124
-2.519711079321171e+124
-1.958311542034992e+124
-1.609817725881123e+124
-2.218828245051903e+124
-1.821891676994611e+124
-1.51809509073852e+124
-1.249112949935085e+124
-1.770305248352154e+124
-1.455823503875988e+124
-1.10154758139844e+124
-9.055891336554942e+123
-1.339151327986317e+124
-1.101547581398634e+124
-1.455823503875558e+124
-1.249112949934796e+124
-1.770305248351919e+124
-1.51809509073842e+124
-2.007837767755681e+124
-1.721072146510585e+124
-2.345482358340599e+124
-2.007837767755776e+124
-2.519711079320838e+124
-2.222078245167504e+124
-2.951198386899045e+124
-2.598062090207701e+124
-1.821891676993905e+124
-1.609817725880578e+124
-2.218828245051422e+124
-1.958311542034647e+124
-2.19015299800635e+124
-1.978219376813441e+124
-2.673234002394487e+124
-2.411066553536068e+124
-3.04089311336207e+124
-2.739849742358747e+124
-3.572838096712057e+124
-3.212809943819871e+124
-3.974283577381363e+124
-3.56898612789538e+124
-4.546250296416136e+124
-4.073215000853795e+124
-3.275335939356852e+124
-2.880009932508645e+124
-3.732766640378294e+124
-3.27533593935683e+124
-4.073215000853716e+124
-3.568986127895307e+124
-4.546250296415923e+124
-3.97428357738118e+124
-4.974105704980464e+124
-4.449554995167159e+124
-5.574558193253109e+124
-4.974105704980385e+124
