FiniteElementSpace
FiniteElementCollection: L2_2D_P1
VDim: 1
Ordering: 0

7.752384581844629e+141
7.127694789171085e+141
-2.278737840087988e+142
-2.507219703991194e+142
6.718158181383502e+141
6.180004090865015e+141
-2.676170634574586e+142
-2.889881000890496e+142
-5.910621308021513e+142
-6.407355899162242e+142
-1.178803372347784e+143
-1.261213637203752e+143
-5.008988362188545e+142
-5.531661633318645e+142
-1.023738945657298e+143
-1.1139873830302e+143
-1.4348717197003e+143
-1.559836838029836e+143
-2.091685492116772e+143
-2.271856820558648e+143
-2.603021352156222e+143
-2.827534471527259e+143
-3.378575654044476e+143
-3.672881131590791e+143
-2.988722413747474e+143
-3.199078175666437e+143
-3.884337797400094e+143
-4.160510068128893e+143
-1.649978542226643e+143
-1.767194261678148e+143
-2.401047678279289e+143
-2.568181863801729e+143
-1.850096214798268e+143
-1.956699089887549e+143
-2.685822289786467e+143
-2.835141792177069e+143
-3.347719906165172e+143
-3.538819039402789e+143
-4.355665092030009e+143
-4.605248530829693e+143
-3.670897748508977e+143
-3.837622344489733e+143
-4.777541477336744e+143
-4.992652622038946e+143
-2.03010784460075e+143
-2.122935084300829e+143
-2.937591735093248e+143
-3.065072650748563e+143
-7.513244334591411e+142
-7.903353339768493e+142
-1.441656566340796e+143
-1.503523702917871e+143
-6.755365020907814e+142
-7.206898017032204e+142
-1.319103161410331e+143
-1.39197017866611e+143
5.817529267676895e+141
5.36647194336046e+141
-3.039785453284444e+142
-3.23299604136407e+142
5.056166446857441e+141
4.690640057703559e+141
-3.361617410574298e+142
-3.528512096505028e+142
4.436769581528931e+141
4.15476763927106e+141
-3.633826011105891e+142
-3.76921830119379e+142
-8.159127462611445e+142
-8.474996431273903e+142
-1.544101099639527e+143
-1.593691173888381e+143
-8.673076985592058e+142
-8.905170293436914e+142
-1.624545612440503e+143
-1.660786842711939e+143
3.960935985609873e+141
3.760730795841535e+141
-3.849583999661782e+142
-3.949299241773492e+142
3.6298169300821e+141
3.510174432293259e+141
-4.003515787534497e+142
-4.064546150019577e+142
3.444196982730492e+141
3.404394951529722e+141
-4.091841685785228e+142
-4.112384874232717e+142
-9.250404522204128e+142
-9.298080732537539e+142
-1.714033106184936e+143
-1.72145045587289e+143
-9.040206354214388e+142
-9.181990259444648e+142
-1.681532066587659e+143
-1.703613389649643e+143
-2.398126572620017e+143
-2.432774564307011e+143
-3.434639279631352e+143
-3.480269907190022e+143
-2.449563877951665e+143
-2.461256818617829e+143
-3.502049994998522e+143
-3.517375322939456e+143
-4.430489032716365e+143
-4.451908150977062e+143
-5.738075783951578e+143
-5.764268287264415e+143
-4.336450465627593e+143
-4.399722548450453e+143
-5.62271314438652e+143
-5.70065046919894e+143
-4.173844479291485e+143
-4.276145361590563e+143
-5.420522760792392e+143
-5.548216726670967e+143
-2.308781631245758e+143
-2.365106607933159e+143
-3.316364011685901e+143
-3.391260590550472e+143
-2.184684190431525e+143
-2.260619102820893e+143
-3.149489459388877e+143
-3.251909774866087e+143
-3.949249551279108e+143
-4.086311762011855e+143
-5.136200275889496e+143
-5.31016011368681e+143
-6.091736087808092e+143
-6.309974935047027e+143
-7.503171712609759e+143
-7.771864443809674e+143
-8.618442572453765e+143
-8.942695512912553e+143
-1.026004393925449e+144
-1.065229461694232e+144
-9.15225346895925e+143
-9.397374664184772e+143
-1.090462811382068e+144
-1.119626988035703e+144
-6.450211383417433e+143
-6.614129043615204e+143
-7.94353779852605e+143
-8.141873985750276e+143
-6.711262025742749e+143
-6.813223837592197e+143
-8.258290919966732e+143
-8.379690818603606e+143
-6.862966536521718e+143
-6.89760015041005e+143
-8.438253272551762e+143
-8.479095426582278e+143
-9.771862105592114e+143
-9.824159042482294e+143
-1.163449470864648e+144
-1.169487385452712e+144
-9.543382403238317e+143
-9.696775176003511e+143
-1.136847033767774e+144
-1.1547679977429e+144
-1.286118629452902e+144
-1.308216244789717e+144
-1.498102057739826e+144
-1.523631147187184e+144
-1.319071359844504e+144
-1.326635558491292e+144
-1.536054069136719e+144
-1.544671269244507e+144
-1.714670485744972e+144
-1.725262324082871e+144
-1.963092523851852e+144
-1.97503122894014e+144
-1.668659738018286e+144
-1.69947978816971e+144
-1.910514768877052e+144
-1.945817564572401e+144
-1.590729271652916e+144
-1.639383481197917e+144
-1.819639875430939e+144
-1.876514676978491e+144
-1.230015620880392e+144
-1.265106921951464e+144
-1.432201539734931e+144
-1.473542498837219e+144
-1.153941670587899e+144
-1.200051638199677e+144
-1.341384661347006e+144
-1.396505436442726e+144
-1.485724762752089e+144
-1.549242708648524e+144
-1.695536303518402e+144
-1.770684802989353e+144
-1.359099202749863e+144
-1.434325706053585e+144
-1.545610195985757e+144
-1.634660339673292e+144
-1.216766430865554e+144
-1.300326405586032e+144
-1.378061759154851e+144
-1.476349686603402e+144
-9.563526449338808e+143
-1.018185047352035e+144
-1.104467415191373e+144
-1.178440055687088e+144
-1.061455562131901e+144
-1.116508195962643e+144
-1.230313684823213e+144
-1.296421025426689e+144
-7.964686629646012e+143
-8.354607174469922e+143
-9.46232962548028e+143
-9.938259870352871e+143
-5.649925280235654e+143
-5.913966084703869e+143
-6.952477688626959e+143
-7.2818728535799e+143
-5.139583435071343e+143
-5.440878454207499e+143
-6.312129869013926e+143
-6.690130286952679e+143
-7.214879589551142e+143
-7.65682612363965e+143
-8.546320417962846e+143
-9.085891710943766e+143
-6.394211055463858e+143
-6.87387794986402e+143
-7.548765915342608e+143
-8.131266219357768e+143
-4.575951289865001e+143
-4.905887012822464e+143
-5.605639274663052e+143
-6.018935914974422e+143
-3.975104557293487e+143
-4.324552207119684e+143
-4.856679013870244e+143
-5.291940828349024e+143
-5.528973392811098e+143
-6.031382065271546e+143
-6.504849536760083e+143
-7.110452125176581e+143
-7.243113937167635e+143
-7.928783572826303e+143
-8.298511847184798e+143
-9.105801095482662e+143
-8.426378091980088e+143
-9.089701636047575e+143
-9.693016575260212e+143
-1.048066989570678e+144
-1.064824891949527e+144
-1.153254754195478e+144
-1.200708518119057e+144
-1.303830897532897e+144
-9.090241273294395e+143
-9.990987309506955e+143
-1.020508947583585e+144
-1.124586522766877e+144
