FiniteElementSpace
FiniteElementCollection: L2_2D_P1
VDim: 1
Ordering: 0

1.56529132307319e+126
1.256764692779225e+125
1.256764692779251e+125
4.202406663425618e+123
6.954258434463571e+124
6.178897279320804e+124
1.064179699949654e+125
3.788757724324462e+124
7.149537579258556e+124
1.307681142137363e+124
1.307681142137313e+124
-1.929931923917623e+123
6.954258434463624e+124
1.064179699949656e+125
6.178897279320614e+124
3.788757724324349e+124
2.948360953874637e+123
-7.933846743445136e+122
-3.987814810138215e+123
-4.267890514262517e+123
-6.419888655996194e+123
-6.831703752393634e+123
-8.625601802677122e+123
-8.809699515329546e+123
-7.459581402038348e+123
-8.388250173860086e+123
-9.025446510024125e+123
-9.176936099862679e+123
-1.464168911443503e+123
-2.807636381276645e+123
-5.0181288897289e+123
-6.830492809417855e+123
-5.229339223528777e+123
-8.19303967659487e+123
-8.193039676595159e+123
-8.966126234437413e+123
-8.819434205082848e+123
-9.036469807797842e+123
-9.200277478053457e+123
-9.117394123901094e+123
-9.09144901538682e+123
-8.989815781035627e+123
-8.989815781035759e+123
-8.66618108293319e+123
-8.819434205082546e+123
-9.200277478053104e+123
-9.036469807797734e+123
-9.117394123900887e+123
-7.459581402037799e+123
-9.025446510023938e+123
-8.388250173859631e+123
-9.17693609986235e+123
-1.464168911443007e+123
-5.018128889728229e+123
-2.807636381276597e+123
-6.830492809417407e+123
2.948360953875442e+123
-3.987814810136809e+123
-7.93384674343896e+122
-4.2678905142615e+123
-6.419888655995542e+123
-8.625601802676548e+123
-6.831703752393e+123
-8.809699515329243e+123
-9.319081942540921e+123
-8.996668279806891e+123
-9.274049613410845e+123
-8.977964499280472e+123
-9.233341954461182e+123
-8.933112953840409e+123
-9.122615657951223e+123
-8.841248995820083e+123
-8.648219517046158e+123
-7.984052085763057e+123
-8.489732330624116e+123
-7.825248569930903e+123
-8.776032015527872e+123
-8.114114262466073e+123
-8.727514739350391e+123
-8.060623145935954e+123
-7.59270014212018e+123
-6.844763948987995e+123
-7.540974775716337e+123
-6.798020851914945e+123
-6.294478076263711e+123
-5.580609701104032e+123
-6.253489434289136e+123
-5.543850250403168e+123
-6.193818880069944e+123
-5.491121220886329e+123
-6.072630180071889e+123
-5.384512750545599e+123
-7.465552936273273e+123
-6.730606497847891e+123
-7.313266292563548e+123
-6.594242340743033e+123
-7.166958171579086e+123
-6.463823195088937e+123
-6.922358795903146e+123
-6.247272249431023e+123
-5.955871647525415e+123
-5.283189839201154e+123
-5.761429299408736e+123
-5.115539417206369e+123
-5.595037416580077e+123
-4.972635209480092e+123
-5.340320949087698e+123
-4.754660872928816e+123
-6.713196763392626e+123
-6.06217732144945e+123
-6.39094811430042e+123
-5.779366315625013e+123
-7.810770766680185e+123
-7.186887554860533e+123
-7.43045097960141e+123
-6.838797037334674e+123
-8.327920856241921e+123
-7.670963853103515e+123
-8.04874064959184e+123
-7.411804022344991e+123
-9.067597698676433e+123
-8.72227396197241e+123
-8.884598237260026e+123
-8.475201922212055e+123
-8.703681340226036e+123
-8.241289799994303e+123
-8.341008623730518e+123
-7.850553181417043e+123
-8.021704169073788e+123
-7.529107458014768e+123
-7.529107458014804e+123
-7.047494682453917e+123
-7.125813587158902e+123
-6.671937204746696e+123
-6.557963735056365e+123
-6.146911214498891e+123
-6.323300244344634e+123
-5.831621148960046e+123
-5.831621148960082e+123
-5.387837167697435e+123
-7.125813587158935e+123
-6.557963735056627e+123
-6.67193720474681e+123
-6.146911214498952e+123
-6.132883280938699e+123
-5.552020827512896e+123
-5.755481653797223e+123
-5.221238595695461e+123
-5.135698566602209e+123
-4.578908757942104e+123
-4.837157057121377e+123
-4.322675675751408e+123
-4.606970749034491e+123
-4.123901256751952e+123
-4.281635954906075e+123
-3.842708331167932e+123
-5.46631546709304e+123
-4.966418437289711e+123
-5.058423006757315e+123
-4.607503943963738e+123
-4.755748403556638e+123
-4.33960011253695e+123
-4.339600112537001e+123
-3.970679193970662e+123
-4.03822072014892e+123
-3.630905428473723e+123
-3.70184013915017e+123
-3.337691546770702e+123
-3.456044217249988e+123
-3.12191230075581e+123
-3.121912300755761e+123
-2.827896389803129e+123
-4.038220720149097e+123
-3.701840139150291e+123
-3.630905428473986e+123
-3.337691546770741e+123
-4.606970749034558e+123
-4.28163595490625e+123
-4.123901256752277e+123
-3.842708331168306e+123
-5.466315467093094e+123
-5.058423006757307e+123
-4.966418437289693e+123
-4.607503943963781e+123
-6.132883280938594e+123
-5.755481653797338e+123
-5.552020827513032e+123
-5.221238595695515e+123
-5.13569856660223e+123
-4.837157057121339e+123
-4.57890875794211e+123
-4.322675675751618e+123
-5.595037416580162e+123
-5.340320949087802e+123
-4.972635209480138e+123
-4.754660872928812e+123
-5.955871647525426e+123
-5.761429299408837e+123
-5.283189839201329e+123
-5.115539417206468e+123
-7.166958171579353e+123
-6.922358795903191e+123
-6.463823195088864e+123
-6.247272249430922e+123
-6.713196763392463e+123
-6.390948114300175e+123
-6.062177321449333e+123
-5.779366315625041e+123
-7.810770766680146e+123
-7.430450979601475e+123
-7.186887554860619e+123
-6.838797037334526e+123
-8.703681340226078e+123
-8.341008623730526e+123
-8.241289799994237e+123
-7.850553181417093e+123
-9.067597698676843e+123
-8.884598237260238e+123
-8.722273961972763e+123
-8.475201922212001e+123
-8.32792085624174e+123
-8.048740649591622e+123
-7.670963853103533e+123
-7.411804022345091e+123
-8.648219517046456e+123
-8.489732330623964e+123
-7.984052085762567e+123
-7.825248569930781e+123
-9.233341954461346e+123
-9.122615657951724e+123
-8.933112953841744e+123
-8.841248995820754e+123
-9.319081942540364e+123
-9.274049613410615e+123
-8.996668279809018e+123
-8.977964499282057e+123
-8.776032015528634e+123
-8.72751473935093e+123
-8.114114262465122e+123
-8.060623145935327e+123
-7.592700142120489e+123
-7.540974775716687e+123
-6.844763948987866e+123
-6.798020851914797e+123
-7.465552936273596e+123
-7.313266292563934e+123
-6.730606497847769e+123
-6.594242340742989e+123
-6.193818880069848e+123
-6.072630180071855e+123
-5.491121220886583e+123
-5.384512750545796e+123
-6.294478076263572e+123
-6.253489434288993e+123
-5.580609701104339e+123
-5.543850250403448e+123
