FiniteElementSpace
FiniteElementCollection: L2_2D_P3
VDim: 1
Ordering: 0

0.32629149
0.23746953
0.11799935
0.024891911
0.3096974
0.22539239
0.11199838
0.023625963
0.28321325
0.20611756
0.10242091
0.021605546
0.25947542
0.18884145
0.093836536
0.01979463
0.62780234
0.55678453
0.45550182
0.37228915
0.59587419
0.52846763
0.43233678
0.35335592
0.54491676
0.48327449
0.39536557
0.3231385
0.4992441
0.44276834
0.36222807
0.29605475
0.68729314
0.60954712
0.49866467
0.40756685
0.6817745
0.60465255
0.49466068
0.40429433
0.66388091
0.58878253
0.48167818
0.39368352
0.64214987
0.5695092
0.46591141
0.38079718
0.35721104
0.25997253
0.12918083
0.02725071
0.35434281
0.25788505
0.12814359
0.027031897
0.34504287
0.25111662
0.12478044
0.026322421
0.33374845
0.24289657
0.12069601
0.02546078
