FiniteElementSpace
FiniteElementCollection: L2_2D_P4
VDim: 1
Ordering: 0

-1.962062409876937e+100
-7.052846587058127e+99
4.563637028719199e+100
-3.465743438470757e+99
-3.848779984816073e+100
-7.052846587070017e+99
2.692575382178669e+100
-7.715146686449065e+100
-2.033314192163184e+101
-2.446267771074288e+101
4.563637028717233e+100
-7.715146686448959e+100
-2.977228173547124e+101
-2.169177345883547e+101
-7.569043208924678e+100
-3.465743438466852e+99
-2.033314192163099e+101
-2.16917734588363e+101
8.531753422207427e+101
1.333979746132186e+102
-3.84877998481446e+100
-2.446267771074221e+101
-7.569043208926778e+100
1.333979746132205e+102
-3.728288952798757e+102
