FiniteElementSpace
FiniteElementCollection: L2_2D_P3
VDim: 1
Ordering: 0

-2.6045613
-1.6936004
-0.76537903
-0.15674883
-2.6045613
-1.6936004
-0.76537903
-0.15674883
-2.6045613
-1.6936004
-0.76537903
-0.15674883
-2.6045613
-1.6936004
-0.76537903
-0.15674883
-2.6045639
-1.6935997
-0.76537939
-0.15674864
-2.6045639
-1.6935997
-0.76537939
-0.15674864
-2.6045639
-1.6935997
-0.76537939
-0.15674864
-2.6045639
-1.6935997
-0.76537939
-0.15674864
-2.604564
-1.6935996
-0.76537942
-0.15674863
-2.604564
-1.6935996
-0.76537942
-0.15674863
-2.604564
-1.6935996
-0.76537942
-0.15674863
-2.604564
-1.6935996
-0.76537942
-0.15674863
-9.9960974
-7.163063
-4.5847715
-3.196666
-9.9960974
-7.163063
-4.5847715
-3.196666
-9.9960974
-7.163063
-4.5847715
-3.196666
-9.9960974
-7.163063
-4.5847715
-3.196666
-9.9960971
-7.1630634
-4.5847707
-3.1966688
-9.9960971
-7.1630634
-4.5847707
-3.1966688
-9.9960971
-7.1630634
-4.5847707
-3.1966688
-9.9960971
-7.1630634
-4.5847707
-3.1966688
-2.6045613
-1.6936004
-0.76537903
-0.15674883
-2.6045613
-1.6936004
-0.76537903
-0.15674883
-2.6045613
-1.6936004
-0.76537903
-0.15674883
-2.6045613
-1.6936004
-0.76537903
-0.15674883
0.15674863
0.76537942
1.6935996
2.604564
0.15674863
0.76537942
1.6935996
2.604564
0.15674863
0.76537942
1.6935996
2.604564
0.15674863
0.76537942
1.6935996
2.604564
3.196666
4.5847715
7.163063
9.9960974
3.196666
4.5847715
7.163063
9.9960974
3.196666
4.5847715
7.163063
9.9960974
3.196666
4.5847715
7.163063
9.9960974
3.1966688
4.5847707
7.1630634
9.9960971
3.1966688
4.5847707
7.1630634
9.9960971
3.1966688
4.5847707
7.1630634
9.9960971
3.1966688
4.5847707
7.1630634
9.9960971
0.15674882
0.76537905
1.6936004
2.6045614
0.15674882
0.76537905
1.6936004
2.6045614
0.15674882
0.76537905
1.6936004
2.6045614
0.15674882
0.76537905
1.6936004
2.6045614
