FiniteElementSpace
FiniteElementCollection: L2_2D_P3
VDim: 1
Ordering: 0

27.59259075687958
-58.31405133768757
-162.0462185115956
-231.0664163652209
-58.31405133767873
-458.5554430494353
-942.102064460948
-1263.555317146994
-162.0462185115945
-942.1020644610047
-1848.963397837672
-2370.733901877127
-231.0664163652349
-1263.555317147105
-2370.733901877176
-2790.01108232026
-262.9913715081559
-311.9902656726273
-352.8066007491642
-365.4410790787597
-1411.98783948134
-1638.936105527645
-1826.978525229163
-1885.127450112419
-2563.981530724946
-2759.533876010276
-2796.191188473307
-2772.449353909513
-2798.59629488582
-2420.855276809233
-1615.573642402688
-1230.266055919215
-2598.503070908306
-1636.559679280617
-6.806290442624189
731.2036879688055
-1636.559679280602
934.3958856455131
4815.071742259684
6504.496831424475
-6.806290442655841
4815.071742259649
11823.86242421162
14843.71222833296
731.2036879687297
6504.496831424402
14843.71222833296
18575.334443321
-262.9913715081792
-1411.987839481471
-2563.981530724989
-2798.596294885801
-311.9902656726692
-1638.936105527804
-2759.533876010274
-2420.855276809175
-352.8066007492287
-1826.978525229349
-2796.191188473232
-1615.573642402623
-365.4410790788354
-1885.127450112622
-2772.449353909394
-1230.266055919169
-365.4410790788354
-1885.127450112626
-2772.449353909396
-1230.266055919166
-352.8066007492305
-1826.978525229382
-2796.191188473266
-1615.573642402622
-311.9902656726721
-1638.936105527884
-2759.533876010381
-2420.855276809225
-262.9913715081768
-1411.987839481573
-2563.981530725153
-2798.596294885939
-231.0664163652261
-1263.555317147203
-2370.733901877361
-2790.011082320453
-162.0462185115699
-942.1020644610689
-1848.963397837859
-2370.733901877376
-58.3140513376111
-458.5554430494099
-942.1020644610223
-1263.555317147148
27.59259075701137
-58.3140513375436
-162.046218511458
-231.0664163651014
-2798.596294885985
-2420.855276809346
-1615.573642402761
-1230.266055919272
-2563.981530725194
-2759.533876010513
-2796.191188473546
-2772.449353909757
-1411.987839481519
-1638.936105527848
-1826.978525229383
-1885.127450112643
-262.9913715080489
-311.9902656725377
-352.8066007490858
-365.4410790786837
731.2036879687323
6504.496831424392
14843.71222833293
18575.33444332099
-6.806290442638948
4815.071742259646
11823.86242421158
14843.71222833293
-1636.559679280607
934.3958856455417
4815.071742259693
6504.496831424444
-2598.503070908401
-1636.559679280648
-6.806290442622895
731.2036879687892
18575.33444332093
14843.71222833288
6504.496831424547
731.203687968901
14843.71222833291
11823.8624242116
4815.071742259791
-6.806290442555873
6504.496831424447
4815.071742259746
934.3958856456006
-1636.559679280732
731.2036879688034
-6.806290442605106
-1636.559679280729
-2598.503070908611
-1230.266055919268
-1615.573642402798
-2420.855276809489
-2798.596294886157
-2772.449353909763
-2796.191188473591
-2759.533876010581
-2563.981530725203
-1885.127450112637
-1826.97852522935
-1638.936105527763
-1411.987839481385
-365.4410790786807
-352.8066007490723
-311.9902656725154
-262.9913715080265
-2790.011082320583
-2370.733901877289
-1263.555317146909
-231.0664163650516
-2370.733901877317
-1848.963397837669
-942.1020644608037
-162.0462185114281
-1263.555317146993
-942.1020644608469
-458.5554430492477
-58.31405133752769
-231.0664163650815
-162.0462185114407
-58.31405133752636
27.59259075702925
-1230.266055919266
-2772.449353909803
-1885.127450112471
-365.4410790786191
-1615.573642402817
-2796.19118847361
-1826.978525229198
-352.8066007490156
-2420.855276809518
-2759.533876010568
-1638.936105527635
-311.9902656724668
-2798.596294886173
-2563.981530725177
-1411.987839481284
-262.991371507988
-2798.596294886128
-2563.981530725134
-1411.987839481272
-262.9913715080225
-2420.855276809491
-2759.533876010546
-1638.936105527626
-311.9902656724885
-1615.57364240281
-2796.191188473606
-1826.978525229197
-352.8066007490234
-1230.266055919266
-2772.449353909803
-1885.127450112472
-365.4410790786201
731.2036879688332
-6.806290442562195
-1636.559679280673
-2598.503070908562
6504.496831424494
4815.071742259798
934.3958856456446
-1636.559679280698
14843.71222833292
11823.86242421163
4815.071742259847
-6.806290442531765
18575.33444332093
14843.71222833289
6504.496831424571
731.2036879689091
-365.4410790787576
-352.8066007491567
-311.9902656726173
-262.9913715081465
-1885.127450112413
-1826.978525229148
-1638.936105527622
-1411.987839481296
-2772.449353909526
-2796.191188473383
-2759.53387601042
-2563.981530725082
-1230.26605591921
-1615.573642402723
-2420.855276809401
-2798.59629488609
-231.0664163652129
-162.046218511598
-58.31405133770292
27.59259075687206
-1263.555317146931
-942.102064460846
-458.5554430493223
-58.31405133763023
-2370.733901877217
-1848.96339783761
-942.1020644608052
-162.046218511488
-2790.011082320525
-2370.733901877238
-1263.555317146897
-231.0664163650932
