FiniteElementSpace
FiniteElementCollection: L2_2D_P3
VDim: 1
Ordering: 0

8.8387212e+16
9.2660355e+16
9.3330345e+16
9.1767026e+16
8.8386505e+16
9.2660157e+16
9.3330455e+16
9.1767192e+16
8.8385757e+16
9.2659978e+16
9.3330556e+16
9.1767341e+16
8.8385585e+16
9.2659666e+16
9.3330473e+16
9.1767683e+16
9.1194432e+16
9.4194692e+16
9.8817761e+16
1.253113e+17
9.1194705e+16
9.4195569e+16
9.8819484e+16
1.2531605e+17
9.1194922e+16
9.4196508e+16
9.8821114e+16
1.2532164e+17
9.119548e+16
9.4196417e+16
9.8823823e+16
1.2531734e+17
9.1191394e+16
9.418869e+16
9.8806002e+16
1.252825e+17
9.1192285e+16
9.4190974e+16
9.8810509e+16
1.2529289e+17
9.1193034e+16
9.4193007e+16
9.8814317e+16
1.2530222e+17
9.1193465e+16
9.4194231e+16
9.8816652e+16
1.2530832e+17
9.1191664e+16
9.4184253e+16
9.8805861e+16
1.2526703e+17
9.1193991e+16
9.41899e+16
9.8819865e+16
1.2529661e+17
9.1193144e+16
9.4188256e+16
9.8811667e+16
1.2528303e+17
9.1189948e+16
9.4181234e+16
9.8788837e+16
1.2524e+17
8.8393084e+16
9.2663371e+16
9.3329944e+16
9.1765324e+16
8.8388736e+16
9.2662765e+16
9.3331083e+16
9.1766988e+16
8.8390513e+16
9.2662214e+16
9.3330121e+16
9.1766295e+16
8.8397219e+16
9.2662027e+16
9.3327636e+16
9.1763696e+16
8.8499136e+16
9.2648092e+16
9.3287115e+16
9.1745898e+16
8.844087e+16
9.2661936e+16
9.3313426e+16
9.17512e+16
8.8401397e+16
9.2667763e+16
9.3329555e+16
9.1758166e+16
8.8400887e+16
9.2662209e+16
9.3327116e+16
9.1763667e+16
9.1172912e+16
9.4102848e+16
9.849714e+16
1.2446288e+17
9.117423e+16
9.4136671e+16
9.8655006e+16
1.2493106e+17
9.1180716e+16
9.4167066e+16
9.8768628e+16
1.2523019e+17
9.1189952e+16
9.4179137e+16
9.878309e+16
1.2521378e+17
1.0265865e+17
8.033452e+16
8.3423839e+16
8.2426882e+16
1.028246e+17
8.0203105e+16
8.3286241e+16
8.2312245e+16
1.0294022e+17
8.0120964e+16
8.3192577e+16
8.2234119e+16
1.0293403e+17
8.0136717e+16
8.3194733e+16
8.2234347e+16
8.5785069e+16
8.8978278e+16
8.6464033e+16
8.3508192e+16
8.5715098e+16
8.8981006e+16
8.645694e+16
8.3422609e+16
8.5665056e+16
8.8978393e+16
8.6451426e+16
8.3364861e+16
8.566173e+16
8.8970836e+16
8.6450143e+16
8.3364395e+16
8.5637361e+16
8.8983606e+16
8.6440585e+16
8.3360875e+16
8.5631647e+16
8.8981927e+16
8.6438809e+16
8.3354512e+16
8.5635563e+16
8.8982025e+16
8.6437249e+16
8.3357112e+16
8.5646742e+16
8.8984054e+16
8.6436463e+16
8.3367007e+16
1.0296576e+17
8.0112177e+16
8.3189701e+16
8.2203313e+16
1.029775e+17
8.010654e+16
8.3181509e+16
8.2195308e+16
1.0297264e+17
8.0110862e+16
8.3189283e+16
8.2200755e+16
1.0295472e+17
8.0122243e+16
8.3208923e+16
8.2216321e+16
1.0296212e+17
8.0121842e+16
8.3181458e+16
8.2219863e+16
1.0296635e+17
8.0120337e+16
8.3179148e+16
8.2217707e+16
1.0296994e+17
8.0119397e+16
8.3178323e+16
8.2216087e+16
1.029725e+17
8.0118721e+16
8.3177532e+16
8.2214917e+16
1.0297362e+17
8.0118478e+16
8.3177265e+16
8.2214441e+16
1.0297567e+17
8.0117976e+16
8.3176762e+16
8.2213621e+16
1.0297806e+17
8.0117246e+16
8.3176212e+16
8.2212685e+16
1.0298436e+17
8.0118253e+16
8.3172162e+16
8.2214036e+16
8.5648917e+16
8.8965734e+16
8.6439878e+16
8.3343382e+16
8.5648384e+16
8.8965384e+16
8.6439177e+16
8.3342065e+16
8.5647948e+16
8.8965209e+16
8.6438224e+16
8.334081e+16
8.5648142e+16
8.8967081e+16
8.6443047e+16
8.3325706e+16
8.5652678e+16
8.8968381e+16
8.6443674e+16
8.334997e+16
8.565124e+16
8.8967401e+16
8.6442591e+16
8.3347244e+16
8.5650084e+16
8.8966617e+16
8.6441208e+16
8.3345344e+16
8.5649261e+16
8.8965985e+16
8.6440314e+16
8.3343986e+16
8.8649157e+16
8.5848044e+16
8.6936309e+16
8.6690201e+16
8.8647736e+16
8.5846555e+16
8.6935112e+16
8.6689156e+16
8.8646567e+16
8.5844967e+16
8.6933799e+16
8.6687955e+16
8.8645855e+16
8.5843911e+16
8.6932908e+16
8.6687135e+16
8.8645462e+16
8.5843427e+16
8.6932491e+16
8.6686758e+16
8.8644772e+16
8.5842599e+16
8.6931825e+16
8.6686163e+16
8.8644091e+16
8.5841437e+16
8.6931278e+16
8.6685603e+16
8.8633641e+16
8.5847316e+16
8.6930784e+16
8.668752e+16
8.7088337e+16
8.7461336e+16
8.7264817e+16
8.7713068e+16
8.7087817e+16
8.7460937e+16
8.7264558e+16
8.7712951e+16
8.7087386e+16
8.7460622e+16
8.726412e+16
8.7712786e+16
8.708759e+16
8.7459057e+16
8.7265928e+16
8.770882e+16
8.709136e+16
8.7463649e+16
8.7266286e+16
8.7713567e+16
8.7090432e+16
8.7462882e+16
8.7265777e+16
8.7713361e+16
8.7089383e+16
8.7462101e+16
8.7265275e+16
8.7713179e+16
8.7088672e+16
8.7461581e+16
8.7264966e+16
8.7713104e+16
8.7092854e+16
8.7467543e+16
8.726754e+16
8.7707951e+16
8.7090902e+16
8.7466023e+16
8.7266505e+16
8.7707545e+16
8.7090561e+16
8.7465862e+16
8.7266373e+16
8.7707413e+16
8.7091711e+16
8.7466888e+16
8.7267083e+16
8.7707948e+16
8.8646982e+16
8.5852666e+16
8.6940867e+16
8.6691931e+16
8.8643326e+16
8.5849742e+16
8.6938318e+16
8.6689767e+16
8.8644782e+16
8.584918e+16
8.6938085e+16
8.6689292e+16
8.8650103e+16
8.5850812e+16
8.6939909e+16
8.6690429e+16
8.869352e+16
8.5897087e+16
8.6978041e+16
8.6725743e+16
8.8680128e+16
8.5874648e+16
8.6959423e+16
8.6709971e+16
8.8664696e+16
8.5858064e+16
8.6945206e+16
8.6698225e+16
8.8653999e+16
8.585583e+16
8.6942568e+16
8.6696483e+16
8.7121419e+16
8.7481963e+16
8.7277443e+16
8.7703142e+16
8.710904e+16
8.7475906e+16
8.7275198e+16
8.7708044e+16
8.709927e+16
8.7469888e+16
8.7272076e+16
8.7709556e+16
8.7097018e+16
8.7466853e+16
8.7269447e+16
8.7706435e+16
8.8258777e+16
8.759124e+16
8.8311641e+16
8.8884919e+16
8.8265908e+16
8.7590189e+16
8.8318574e+16
8.8901222e+16
8.8268911e+16
8.7589007e+16
8.8323451e+16
8.8912931e+16
8.8265466e+16
8.758829e+16
8.8323698e+16
8.8913669e+16
8.8265401e+16
8.7588352e+16
8.8324671e+16
8.891622e+16
8.8265217e+16
8.7588283e+16
8.8325533e+16
8.8917944e+16
8.826541e+16
8.7588847e+16
8.8325937e+16
8.8917926e+16
8.826557e+16
8.7589847e+16
8.8326045e+16
8.8916181e+16
8.9274081e+16
8.932336e+16
8.8901257e+16
8.569755e+16
8.9276202e+16
8.932567e+16
8.8903094e+16
8.5696427e+16
8.9276074e+16
8.9325819e+16
8.8904388e+16
8.5701248e+16
8.9273533e+16
8.9323672e+16
8.890368e+16
8.5712006e+16
8.9235004e+16
8.9285684e+16
8.8885564e+16
8.5781499e+16
8.9255483e+16
8.9304647e+16
8.8891918e+16
8.5729441e+16
8.9270132e+16
8.9318687e+16
8.889769e+16
8.5696852e+16
8.927107e+16
8.9320323e+16
8.8899924e+16
8.570302e+16
8.5309666e+16
9.4415952e+16
9.2609985e+16
8.4966675e+16
8.5253885e+16
9.4511809e+16
9.2665967e+16
8.4897097e+16
8.5221003e+16
9.4576572e+16
9.270455e+16
8.4856231e+16
8.5231718e+16
9.4572803e+16
9.270306e+16
8.4870069e+16
8.1578428e+16
8.5644374e+16
9.005213e+16
1.5632832e+17
8.146213e+16
8.5532878e+16
9.0164044e+16
1.5716968e+17
8.1390177e+16
8.5469026e+16
9.0238761e+16
1.5770033e+17
8.1409325e+16
8.548378e+16
9.0253671e+16
1.5760369e+17
8.1397668e+16
8.5466893e+16
9.027272e+16
1.5769668e+17
8.139429e+16
8.5463373e+16
9.0281028e+16
1.5773376e+17
8.1400681e+16
8.5469206e+16
9.0271463e+16
1.5769345e+17
8.1414359e+16
8.5482595e+16
9.0248707e+16
1.575925e+17
8.5224079e+16
9.4587568e+16
9.2709099e+16
8.4864986e+16
8.5223373e+16
9.4594311e+16
9.2713716e+16
8.4863995e+16
8.5227507e+16
9.4590553e+16
9.271222e+16
8.4868139e+16
8.5236332e+16
9.4576654e+16
9.2704866e+16
8.4875471e+16
8.5297972e+16
9.452791e+16
9.2717228e+16
8.4865312e+16
8.5301605e+16
9.45278e+16
9.271839e+16
8.4865986e+16
8.530245e+16
9.4529683e+16
9.2719697e+16
8.4867187e+16
8.5303718e+16
9.453049e+16
9.2720586e+16
8.4867912e+16
8.1424997e+16
8.548382e+16
9.0275055e+16
1.5749966e+17
8.1426036e+16
8.5485011e+16
9.0276472e+16
1.5749946e+17
8.1426985e+16
8.5485703e+16
9.0276699e+16
1.5750038e+17
8.1427666e+16
8.5486152e+16
9.0277047e+16
1.5750007e+17
8.1430537e+16
8.5482692e+16
9.028187e+16
1.5748586e+17
8.143107e+16
8.5482862e+16
9.0282014e+16
1.574852e+17
8.1431586e+16
8.5483137e+16
9.0281863e+16
1.5748459e+17
8.1431594e+16
8.5482407e+16
9.0282325e+16
1.5748599e+17
8.5302994e+16
9.4532229e+16
9.2719003e+16
8.4870991e+16
8.5303713e+16
9.453306e+16
9.2719726e+16
8.4871634e+16
8.5304607e+16
9.4533861e+16
9.2720552e+16
8.4872264e+16
8.5302671e+16
9.4535812e+16
9.2721349e+16
8.4872849e+16
8.9267204e+16
8.9335766e+16
8.8862039e+16
8.580669e+16
8.9267773e+16
8.9336429e+16
8.8862784e+16
8.580743e+16
8.9268449e+16
8.9337116e+16
8.8863479e+16
8.5808438e+16
8.9269166e+16
8.9336344e+16
8.8864707e+16
8.5807911e+16
8.9264762e+16
8.9332528e+16
8.8859377e+16
8.5799608e+16
8.9265289e+16
8.933338e+16
8.8859199e+16
8.5803972e+16
8.9266288e+16
8.9334504e+16
8.8860907e+16
8.5804602e+16
8.9266892e+16
8.9335314e+16
8.8861655e+16
8.5805924e+16
8.825708e+16
8.7587741e+16
8.8336464e+16
8.8918337e+16
8.8256364e+16
8.7587993e+16
8.8337563e+16
8.8919108e+16
8.8256534e+16
8.7588206e+16
8.8338009e+16
8.8919898e+16
8.8256587e+16
8.758835e+16
8.8338429e+16
8.8920436e+16
8.8256641e+16
8.758843e+16
8.8338595e+16
8.8920698e+16
8.8256655e+16
8.7588571e+16
8.8338963e+16
8.8921196e+16
8.8256541e+16
8.758869e+16
8.833959e+16
8.8921842e+16
8.8250385e+16
8.7591543e+16
8.8340681e+16
8.8923504e+16
8.8020228e+16
8.7735907e+16
8.8319786e+16
8.8965795e+16
8.8010168e+16
8.7740355e+16
8.8321333e+16
8.896822e+16
8.8012157e+16
8.7739246e+16
8.8321691e+16
8.8968198e+16
8.8010936e+16
8.7739895e+16
8.8321843e+16
8.8968566e+16
8.8011477e+16
8.773969e+16
8.8321784e+16
8.8968483e+16
8.8011733e+16
8.7739676e+16
8.8321674e+16
8.8968436e+16
8.8011771e+16
8.773968e+16
8.8321629e+16
8.8968376e+16
8.8010939e+16
8.7739789e+16
8.8322154e+16
8.8968382e+16
8.9267993e+16
8.9293119e+16
8.8931157e+16
8.5722523e+16
8.9267999e+16
8.9293238e+16
8.8931287e+16
8.5722583e+16
8.9267937e+16
8.9293165e+16
8.8931281e+16
8.5722531e+16
8.9267569e+16
8.9292763e+16
8.8930043e+16
8.5724935e+16
8.9266639e+16
8.9293792e+16
8.892944e+16
8.5722155e+16
8.9267496e+16
8.9292179e+16
8.8930979e+16
8.5720734e+16
8.9267798e+16
8.9292907e+16
8.8930829e+16
8.5721919e+16
8.9267998e+16
8.9292885e+16
8.8931263e+16
8.572183e+16
8.5196637e+16
9.4610361e+16
9.2716216e+16
8.4881234e+16
8.5192874e+16
9.4613211e+16
9.2717357e+16
8.4881872e+16
8.5194365e+16
9.4613015e+16
9.2717761e+16
8.4882223e+16
8.5194019e+16
9.4613593e+16
9.2718016e+16
8.4882485e+16
8.1408026e+16
8.5477977e+16
9.0263404e+16
1.5766957e+17
8.1407663e+16
8.5477001e+16
9.0263813e+16
1.5767534e+17
8.1408192e+16
8.5477366e+16
9.0264062e+16
1.5767344e+17
8.1408305e+16
8.5477325e+16
9.026417e+16
1.5767389e+17
8.1411316e+16
8.5473456e+16
9.0269333e+16
1.576585e+17
8.1411421e+16
8.5473527e+16
9.0269334e+16
1.5765824e+17
8.1411365e+16
8.547352e+16
9.0269321e+16
1.5765839e+17
8.1411566e+16
8.5474236e+16
9.0268689e+16
1.576569e+17
8.5193138e+16
9.4614893e+16
9.271572e+16
8.4885639e+16
8.5193274e+16
9.4614962e+16
9.27157e+16
8.4885736e+16
8.5193235e+16
9.4614923e+16
9.2715612e+16
8.4885659e+16
8.5194829e+16
9.4613343e+16
9.2715318e+16
8.4885403e+16
8.5270426e+16
9.4544839e+16
9.2724264e+16
8.4875895e+16
8.5273205e+16
9.4542123e+16
9.2723523e+16
8.4875546e+16
8.5271906e+16
9.4542079e+16
9.2722953e+16
8.4875071e+16
8.5271713e+16
9.4541144e+16
9.2722338e+16
8.4874589e+16
8.1431008e+16
8.5484249e+16
9.0278418e+16
1.5750089e+17
8.1431567e+16
8.5485331e+16
9.027788e+16
1.5749536e+17
8.1430965e+16
8.5484899e+16
9.0277645e+16
1.5749694e+17
8.1430645e+16
8.5484721e+16
9.0277456e+16
1.5749631e+17
8.1432947e+16
8.5480837e+16
9.0282204e+16
1.5748244e+17
8.143244e+16
8.5480345e+16
9.0282151e+16
1.5748224e+17
8.1431673e+16
8.5479835e+16
9.028181e+16
1.5748215e+17
8.1430737e+16
8.5478815e+16
9.0282173e+16
1.5748374e+17
8.5270136e+16
9.4542095e+16
9.2719978e+16
8.4877038e+16
8.5269325e+16
9.4541387e+16
9.2719281e+16
8.4876483e+16
8.526823e+16
9.4540269e+16
9.2718267e+16
8.4875616e+16
8.5266661e+16
9.4540624e+16
9.2717601e+16
8.48749e+16
8.9252393e+16
8.9298813e+16
8.8872289e+16
8.5834461e+16
8.9251909e+16
8.9298272e+16
8.8871623e+16
8.5833603e+16
8.9251151e+16
8.9297532e+16
8.8870693e+16
8.5832357e+16
8.9250861e+16
8.9298389e+16
8.8871044e+16
8.5828211e+16
8.9254142e+16
8.9300602e+16
8.8875456e+16
8.5832324e+16
8.9253396e+16
8.930011e+16
8.8873621e+16
8.5836031e+16
8.9253086e+16
8.929957e+16
8.8873483e+16
8.5834554e+16
8.925263e+16
8.929904e+16
8.8872684e+16
8.5834527e+16
8.7999587e+16
8.7739284e+16
8.8331954e+16
8.8970058e+16
8.7999013e+16
8.7739373e+16
8.8332313e+16
8.8969763e+16
8.7999068e+16
8.7739283e+16
8.8331998e+16
8.8969431e+16
8.7998881e+16
8.7739213e+16
8.8331875e+16
8.8969102e+16
8.7998617e+16
8.7739227e+16
8.8331658e+16
8.8968912e+16
8.7998701e+16
8.7739076e+16
8.8331289e+16
8.8968462e+16
8.7998942e+16
8.7738909e+16
8.8330572e+16
8.8967728e+16
8.8005857e+16
8.7735919e+16
8.8328799e+16
8.8966037e+16
8.7065091e+16
8.7393333e+16
8.7401951e+16
8.7527575e+16
8.7065572e+16
8.7393728e+16
8.7402192e+16
8.7527742e+16
8.7066168e+16
8.7394184e+16
8.7402714e+16
8.7528023e+16
8.7066178e+16
8.7395923e+16
8.7400981e+16
8.7531795e+16
8.819995e+16
8.6203334e+16
8.6851901e+16
8.6780395e+16
8.8200654e+16
8.6204086e+16
8.6852532e+16
8.6780936e+16
8.8201562e+16
8.6205485e+16
8.6853288e+16
8.6781678e+16
8.8212266e+16
8.6199837e+16
8.6853987e+16
8.6779978e+16
8.8201803e+16
8.6200659e+16
8.6849971e+16
8.6779609e+16
8.8202187e+16
8.6200989e+16
8.6850194e+16
8.6779791e+16
8.8202665e+16
8.6201628e+16
8.6850752e+16
8.6780302e+16
8.8203059e+16
8.620227e+16
8.6851319e+16
8.6780805e+16
8.7064657e+16
8.739153e+16
8.7401825e+16
8.7526711e+16
8.7064819e+16
8.7391654e+16
8.7401984e+16
8.7526917e+16
8.7065267e+16
8.7391978e+16
8.7402171e+16
8.752697e+16
8.7065704e+16
8.7392314e+16
8.7402344e+16
8.7527008e+16
8.7064039e+16
8.7392228e+16
8.7401342e+16
8.7520125e+16
8.7063882e+16
8.739216e+16
8.7401368e+16
8.7520321e+16
8.7063903e+16
8.7392189e+16
8.7401398e+16
8.7520294e+16
8.7064163e+16
8.739229e+16
8.7401405e+16
8.7520311e+16
8.7063869e+16
8.7394459e+16
8.7399392e+16
8.7525879e+16
8.7064477e+16
8.739214e+16
8.7402354e+16
8.7519435e+16
8.7064279e+16
8.7392625e+16
8.7401083e+16
8.7520636e+16
8.7064153e+16
8.7392192e+16
8.7401493e+16
8.7519845e+16
8.8212912e+16
8.6193664e+16
8.6850649e+16
8.6776773e+16
8.8196329e+16
8.6203483e+16
8.6850228e+16
8.6780193e+16
8.8199746e+16
8.6200048e+16
8.6850249e+16
8.6779193e+16
8.8197434e+16
8.6201279e+16
8.6849941e+16
8.6779445e+16
8.8198191e+16
8.620069e+16
8.6849848e+16
8.6779174e+16
8.8198392e+16
8.6200586e+16
8.6849674e+16
8.6778987e+16
8.8198483e+16
8.6200644e+16
8.6849702e+16
8.6779009e+16
8.8198269e+16
8.6200862e+16
8.6850026e+16
8.6779323e+16
8.5583873e+16
8.899349e+16
8.6725707e+16
8.2724838e+16
8.5583709e+16
8.8993245e+16
8.6725581e+16
8.2725189e+16
8.5583729e+16
8.8993235e+16
8.6725625e+16
8.272538e+16
8.558413e+16
8.8993566e+16
8.6725888e+16
8.2724909e+16
8.5583791e+16
8.8990831e+16
8.6719879e+16
8.2746093e+16
8.5584385e+16
8.8994069e+16
8.6727987e+16
8.2722701e+16
8.5584145e+16
8.8993544e+16
8.6725208e+16
8.2727036e+16
8.558399e+16
8.899371e+16
8.6726148e+16
8.2723951e+16
1.032627e+17
8.0281713e+16
8.2997505e+16
8.2352841e+16
1.0327228e+17
8.0283498e+16
8.2991227e+16
8.2355418e+16
1.0327143e+17
8.0282252e+16
8.2992213e+16
8.2354098e+16
1.0327318e+17
8.0282472e+16
8.2991289e+16
8.2354258e+16
1.0327292e+17
8.0282334e+16
8.299154e+16
8.2354011e+16
1.0327295e+17
8.0282373e+16
8.2991597e+16
8.2353899e+16
1.0327277e+17
8.0282437e+16
8.2991674e+16
8.2353959e+16
1.0327255e+17
8.028246e+16
8.2991536e+16
8.2354299e+16
1.0326568e+17
8.0288728e+16
8.2981753e+16
8.23661e+16
1.032648e+17
8.0289082e+16
8.2981896e+16
8.2366606e+16
1.0326332e+17
8.0289462e+16
8.2982363e+16
8.2367264e+16
1.0326186e+17
8.0289812e+16
8.2982842e+16
8.2367886e+16
8.5594988e+16
8.8983546e+16
8.6732087e+16
8.2718933e+16
8.5595339e+16
8.89835e+16
8.6732454e+16
8.271949e+16
8.5595812e+16
8.8983928e+16
8.6732998e+16
8.2720328e+16
8.5596263e+16
8.8984397e+16
8.6733524e+16
8.272112e+16
8.5585754e+16
8.8994563e+16
8.6727764e+16
8.2727876e+16
8.558618e+16
8.8995073e+16
8.672836e+16
8.2729227e+16
8.5586984e+16
8.8995357e+16
8.6729566e+16
8.2730884e+16
8.5585669e+16
8.8994092e+16
8.6724793e+16
8.2746499e+16
1.0326729e+17
8.0283947e+16
8.2993075e+16
8.2356657e+16
1.0326548e+17
8.0284419e+16
8.2993803e+16
8.2357347e+16
1.032625e+17
8.028543e+16
8.2994672e+16
8.2358616e+16
1.0325773e+17
8.028674e+16
8.2997546e+16
8.2359355e+16
1.0317547e+17
8.0285056e+16
8.3051136e+16
8.2378885e+16
1.0317121e+17
8.0286061e+16
8.3054476e+16
8.237829e+16
1.0317223e+17
8.0286067e+16
8.3053797e+16
8.2378182e+16
1.0317168e+17
8.0286142e+16
8.3054229e+16
8.2378119e+16
1.0317197e+17
8.0286055e+16
8.3054035e+16
8.2378149e+16
1.0317211e+17
8.0285919e+16
8.3053904e+16
8.2378193e+16
1.0317237e+17
8.0285716e+16
8.3053769e+16
8.2378227e+16
1.0317506e+17
8.0285201e+16
8.3051614e+16
8.2378259e+16
8.5518452e+16
8.9006699e+16
8.6417035e+16
8.3352799e+16
8.5518616e+16
8.9006981e+16
8.6417145e+16
8.3352158e+16
8.5518747e+16
8.9007306e+16
8.6416993e+16
8.3352009e+16
8.5520402e+16
8.900864e+16
8.6422523e+16
8.3338342e+16
8.5521578e+16
8.9009913e+16
8.6424465e+16
8.3334381e+16
8.5518237e+16
8.900694e+16
8.64153e+16
8.335664e+16
8.551865e+16
8.9006916e+16
8.6417695e+16
8.3351577e+16
8.5518261e+16
8.9006645e+16
8.6416458e+16
8.3354418e+16
8.8630084e+16
8.5850326e+16
8.6931155e+16
8.6689389e+16
8.8645812e+16
8.5839667e+16
8.6930903e+16
8.6685411e+16
8.8642004e+16
8.584255e+16
8.6930388e+16
8.6685973e+16
8.8644241e+16
8.5840995e+16
8.693042e+16
8.6685465e+16
8.7088994e+16
8.7458824e+16
8.7267802e+16
8.7700226e+16
8.708787e+16
8.7460715e+16
8.7264495e+16
8.770616e+16
8.7087697e+16
8.7459968e+16
8.7265617e+16
8.7704964e+16
8.7087618e+16
8.7460346e+16
8.7265113e+16
8.770565e+16
8.70856e+16
8.7462225e+16
8.7264105e+16
8.770643e+16
8.7085695e+16
8.7462259e+16
8.726405e+16
8.7706279e+16
8.7085775e+16
8.7462177e+16
8.7263868e+16
8.7706531e+16
8.7085093e+16
8.7459458e+16
8.7264376e+16
8.7708896e+16
8.8644647e+16
8.5840308e+16
8.6932487e+16
8.6683231e+16
8.8644353e+16
8.5840374e+16
8.6932688e+16
8.6683366e+16
8.8644156e+16
8.5840225e+16
8.6932995e+16
8.6683483e+16
8.8633021e+16
8.5847242e+16
8.6933731e+16
8.6685304e+16
8.8179201e+16
8.6204162e+16
8.6875542e+16
8.6775511e+16
8.8160815e+16
8.6215525e+16
8.68771e+16
8.6778822e+16
8.8164831e+16
8.6212533e+16
8.6877366e+16
8.6778215e+16
8.8162353e+16
8.6214127e+16
8.6877499e+16
8.6778637e+16
8.7035301e+16
8.7384597e+16
8.7314711e+16
8.7747076e+16
8.7034506e+16
8.7380425e+16
8.7315304e+16
8.7751065e+16
8.7034801e+16
8.738118e+16
8.7314866e+16
8.7750525e+16
8.7034669e+16
8.7380647e+16
8.7314976e+16
8.7751012e+16
8.703374e+16
8.7381779e+16
8.7314447e+16
8.7751153e+16
8.7033707e+16
8.7381944e+16
8.7314508e+16
8.7750981e+16
8.7033657e+16
8.738205e+16
8.7314698e+16
8.7750645e+16
8.7034174e+16
8.7384472e+16
8.7314142e+16
8.7748827e+16
8.8163907e+16
8.6212965e+16
8.6878342e+16
8.6777306e+16
8.8164366e+16
8.6212825e+16
8.6878129e+16
8.6777168e+16
8.816459e+16
8.6212956e+16
8.6877792e+16
8.6777068e+16
8.8175471e+16
8.6206e+16
8.6877104e+16
8.6775168e+16
8.558471e+16
8.8994888e+16
8.6728998e+16
8.2738089e+16
8.558456e+16
8.8994631e+16
8.6728894e+16
8.2738745e+16
8.5584421e+16
8.899431e+16
8.6729036e+16
8.2738875e+16
8.5582704e+16
8.8992934e+16
8.672347e+16
8.2752427e+16
8.5581929e+16
8.8992084e+16
8.6721491e+16
8.275791e+16
8.5584949e+16
8.899482e+16
8.6730547e+16
8.2735441e+16
8.558448e+16
8.8994798e+16
8.6728079e+16
8.2740299e+16
8.5584835e+16
8.8995057e+16
8.6729307e+16
8.2737432e+16
1.0326329e+17
8.0284591e+16
8.2996076e+16
8.2355072e+16
1.0326827e+17
8.0283469e+16
8.2992434e+16
8.2355262e+16
1.0326739e+17
8.0283419e+16
8.2993051e+16
8.2355297e+16
1.0326805e+17
8.0283286e+16
8.2992573e+16
8.23553e+16
1.0326775e+17
8.0283352e+16
8.2992767e+16
8.2355289e+16
1.0326761e+17
8.0283444e+16
8.2992898e+16
8.2355245e+16
1.0326738e+17
8.0283598e+16
8.2993011e+16
8.2355185e+16
1.0326484e+17
8.0284078e+16
8.2995103e+16
8.2355081e+16
1.0317814e+17
8.0284089e+16
8.3050822e+16
8.2378024e+16
1.0317321e+17
8.0285208e+16
8.3054496e+16
8.237779e+16
1.0317412e+17
8.0285225e+16
8.3053837e+16
8.2377756e+16
1.0317356e+17
8.0285262e+16
8.3054364e+16
8.2377647e+16
8.5521202e+16
8.9009735e+16
8.6424285e+16
8.3333698e+16
8.5518133e+16
8.9006926e+16
8.641519e+16
8.3356367e+16
8.5518634e+16
8.9007e+16
8.6417697e+16
8.3351326e+16
8.551819e+16
8.9006865e+16
8.6416365e+16
8.3354262e+16
8.5506835e+16
8.9017661e+16
8.6410389e+16
8.335944e+16
8.5506787e+16
8.9018003e+16
8.6410357e+16
8.3359112e+16
8.5506864e+16
8.9018009e+16
8.6410398e+16
8.3359012e+16
8.5506773e+16
8.9017618e+16
8.6410372e+16
8.3359653e+16
1.0318064e+17
8.027865e+16
8.3064825e+16
8.2365201e+16
1.0318087e+17
8.0278486e+16
8.3064872e+16
8.2365066e+16
1.0318084e+17
8.0278519e+16
8.3064822e+16
8.2365139e+16
1.0318052e+17
8.0278738e+16
8.3064945e+16
8.2365196e+16
1.0317382e+17
8.0285229e+16
8.3054197e+16
8.2377705e+16
1.031737e+17
8.028535e+16
8.3054062e+16
8.2377905e+16
1.0317367e+17
8.0285382e+16
8.3054137e+16
8.2377889e+16
1.0317361e+17
8.0285446e+16
8.3054141e+16
8.2377947e+16
1.0317358e+17
8.0285472e+16
8.3054164e+16
8.2377957e+16
1.0317353e+17
8.0285534e+16
8.3054195e+16
8.2377994e+16
1.0317345e+17
8.0285625e+16
8.3054241e+16
8.2378048e+16
1.0317338e+17
8.0285701e+16
8.3054278e+16
8.2378093e+16
8.551858e+16
8.9007041e+16
8.6416961e+16
8.3352983e+16
8.5518594e+16
8.9007039e+16
8.6416973e+16
8.3353016e+16
8.5518615e+16
8.9007035e+16
8.641699e+16
8.3353062e+16
8.5518632e+16
8.9007031e+16
8.6417004e+16
8.3353099e+16
8.5518403e+16
8.9007155e+16
8.6416851e+16
8.3352977e+16
8.5518578e+16
8.9007018e+16
8.641695e+16
8.3352889e+16
8.5518544e+16
8.9007057e+16
8.6416936e+16
8.335295e+16
8.551858e+16
8.9007036e+16
8.6416959e+16
8.3352963e+16
8.864323e+16
8.5841544e+16
8.693056e+16
8.6685768e+16
8.8643228e+16
8.5841559e+16
8.6930564e+16
8.6685798e+16
8.8643222e+16
8.5841572e+16
8.6930574e+16
8.6685807e+16
8.8643218e+16
8.5841583e+16
8.693058e+16
8.6685815e+16
8.8643215e+16
8.584159e+16
8.6930584e+16
8.6685819e+16
8.864321e+16
8.5841602e+16
8.6930591e+16
8.6685828e+16
8.8643201e+16
8.584162e+16
8.6930601e+16
8.668584e+16
8.8643192e+16
8.5841635e+16
8.6930609e+16
8.668585e+16
8.7087786e+16
8.7460233e+16
8.7265244e+16
8.7705307e+16
8.7087793e+16
8.7460238e+16
8.726525e+16
8.7705312e+16
8.7087802e+16
8.7460244e+16
8.7265258e+16
8.7705318e+16
8.708781e+16
8.7460249e+16
8.7265265e+16
8.7705324e+16
8.7087747e+16
8.7460243e+16
8.7265221e+16
8.770529e+16
8.708777e+16
8.7460222e+16
8.726523e+16
8.7705295e+16
8.7087776e+16
8.7460227e+16
8.7265235e+16
8.7705301e+16
8.7087783e+16
8.7460231e+16
8.7265241e+16
8.7705305e+16
8.7085643e+16
8.7462265e+16
8.726408e+16
8.7706265e+16
8.7085646e+16
8.7462149e+16
8.7264003e+16
8.7706474e+16
8.7085646e+16
8.7462134e+16
8.7263987e+16
8.7706515e+16
8.7085655e+16
8.7462291e+16
8.7264117e+16
8.7706213e+16
8.8640464e+16
8.5841484e+16
8.6931877e+16
8.6683562e+16
8.8640045e+16
8.5841608e+16
8.6932084e+16
8.6683654e+16
8.8639955e+16
8.5841637e+16
8.6932133e+16
8.6683672e+16
8.8640539e+16
8.5841506e+16
8.6931832e+16
8.6683563e+16
8.8627626e+16
8.5850832e+16
8.6932291e+16
8.6688621e+16
8.8646095e+16
8.5839474e+16
8.6930625e+16
8.6685328e+16
8.8642073e+16
8.5842442e+16
8.6930394e+16
8.6685936e+16
8.8644264e+16
8.5840956e+16
8.6930367e+16
8.668554e+16
8.7087127e+16
8.7456587e+16
8.7265504e+16
8.7708874e+16
8.7087947e+16
8.7460768e+16
8.7264957e+16
8.7704822e+16
8.7087651e+16
8.7460003e+16
8.7265377e+16
8.7705385e+16
8.7087757e+16
8.746049e+16
8.7265229e+16
8.7704986e+16
8.8263834e+16
8.7590389e+16
8.8329625e+16
8.8922e+16
8.8266473e+16
8.7589958e+16
8.8329122e+16
8.8921707e+16
8.8266486e+16
8.758999e+16
8.8329075e+16
8.8921703e+16
8.8266489e+16
8.7589998e+16
8.8329063e+16
8.8921695e+16
8.9280254e+16
8.9330819e+16
8.8910567e+16
8.5713036e+16
8.9280464e+16
8.9331231e+16
8.8911517e+16
8.5710617e+16
8.9280468e+16
8.9331272e+16
8.8911505e+16
8.5710589e+16
8.9280465e+16
8.9331286e+16
8.8911508e+16
8.571057e+16
8.927982e+16
8.9331937e+16
8.8911014e+16
8.5711431e+16
8.9279807e+16
8.9331934e+16
8.8911003e+16
8.5711464e+16
8.9279805e+16
8.9331922e+16
8.8911001e+16
8.5711487e+16
8.9279811e+16
8.9331928e+16
8.8911007e+16
8.5711474e+16
8.8266106e+16
8.7589869e+16
8.8329555e+16
8.8921013e+16
8.8266119e+16
8.7589856e+16
8.8329576e+16
8.8921002e+16
8.8266108e+16
8.7589855e+16
8.8329585e+16
8.8921005e+16
8.8266073e+16
8.7589877e+16
8.8329562e+16
8.892101e+16
8.8266506e+16
8.758999e+16
8.8329085e+16
8.8921689e+16
8.8266513e+16
8.7589994e+16
8.832908e+16
8.8921697e+16
8.8266513e+16
8.7589999e+16
8.8329084e+16
8.8921694e+16
8.8266515e+16
8.7590004e+16
8.8329086e+16
8.8921695e+16
8.8266516e+16
8.7590007e+16
8.8329087e+16
8.8921695e+16
8.8266517e+16
8.7590014e+16
8.8329091e+16
8.8921695e+16
8.8266519e+16
8.7590023e+16
8.8329096e+16
8.8921696e+16
8.8266521e+16
8.759003e+16
8.83291e+16
8.8921697e+16
8.9280452e+16
8.9331257e+16
8.8911509e+16
8.5710682e+16
8.9280451e+16
8.9331256e+16
8.8911511e+16
8.5710706e+16
8.9280449e+16
8.9331255e+16
8.8911516e+16
8.5710741e+16
8.9280448e+16
8.9331255e+16
8.891152e+16
8.5710771e+16
8.9280452e+16
8.9331269e+16
8.8911499e+16
8.5710626e+16
8.9280458e+16
8.9331258e+16
8.8911506e+16
8.5710629e+16
8.9280454e+16
8.9331259e+16
8.8911505e+16
8.5710653e+16
8.9280453e+16
8.9331257e+16
8.8911508e+16
8.571067e+16
8.5238262e+16
9.4593036e+16
9.2719355e+16
8.4873333e+16
8.5238284e+16
9.4593008e+16
9.2719364e+16
8.4873322e+16
8.5238304e+16
9.459298e+16
9.2719347e+16
8.4873349e+16
8.5238322e+16
9.4592955e+16
9.2719332e+16
8.4873373e+16
8.5238333e+16
9.4592941e+16
9.2719324e+16
8.4873387e+16
8.5238356e+16
9.4592911e+16
9.2719307e+16
8.4873415e+16
8.523839e+16
9.4592869e+16
9.2719282e+16
8.4873458e+16
8.5238419e+16
9.4592834e+16
9.2719262e+16
8.4873494e+16
8.1407238e+16
8.5480523e+16
9.0261792e+16
1.5767618e+17
8.1407287e+16
8.5480542e+16
9.0261798e+16
1.5767576e+17
8.140736e+16
8.548057e+16
9.0261808e+16
1.5767515e+17
8.1407421e+16
8.5480593e+16
9.0261818e+16
1.5767463e+17
8.1407119e+16
8.5480441e+16
9.0261801e+16
1.5767725e+17
8.1407128e+16
8.5480478e+16
9.0261778e+16
1.576771e+17
8.1407173e+16
8.5480498e+16
9.0261781e+16
1.5767673e+17
8.1407214e+16
8.5480513e+16
9.026179e+16
1.5767638e+17
8.1409881e+16
8.5476489e+16
9.0266903e+16
1.5766292e+17
8.140989e+16
8.5476493e+16
9.0266887e+16
1.5766299e+17
8.1409925e+16
8.5476495e+16
9.0266908e+16
1.5766274e+17
8.1409942e+16
8.5476542e+16
9.0266893e+16
1.576624e+17
8.5236865e+16
9.459446e+16
9.2717101e+16
8.4876322e+16
8.5236869e+16
9.4594461e+16
9.2717081e+16
8.4876335e+16
8.5236884e+16
9.4594446e+16
9.2717059e+16
8.4876358e+16
8.5236908e+16
9.4594404e+16
9.2717076e+16
8.4876349e+16
8.5239822e+16
9.4591868e+16
9.2719116e+16
8.4873203e+16
8.5238257e+16
9.4593093e+16
9.2719373e+16
8.4873255e+16
8.5238252e+16
9.4593064e+16
9.2719404e+16
8.4873263e+16
8.5238222e+16
9.4593089e+16
9.2719379e+16
8.4873311e+16
8.1407368e+16
8.5481214e+16
9.0261193e+16
1.5767627e+17
8.1407025e+16
8.5480429e+16
9.0261781e+16
1.5767798e+17
8.1407026e+16
8.548046e+16
9.0261723e+16
1.5767792e+17
8.1407067e+16
8.5480372e+16
9.0261853e+16
1.576776e+17
8.1431557e+16
8.5483108e+16
9.0282087e+16
1.5748597e+17
8.1431463e+16
8.5483001e+16
9.0282102e+16
1.5748665e+17
8.1431653e+16
8.548309e+16
9.028223e+16
1.5748498e+17
8.1430828e+16
8.5482039e+16
9.0282533e+16
1.5749087e+17
8.1431224e+16
8.54823e+16
9.0282657e+16
1.574875e+17
8.1431521e+16
8.5482987e+16
9.0282138e+16
1.5748605e+17
8.1431494e+16
8.5482978e+16
9.0282163e+16
1.5748633e+17
8.1431501e+16
8.5483062e+16
9.0282066e+16
1.5748643e+17
8.5299439e+16
9.4536689e+16
9.2720435e+16
8.4872722e+16
8.5300907e+16
9.4535527e+16
9.272023e+16
8.4872665e+16
8.5300919e+16
9.4535558e+16
9.2720209e+16
8.4872633e+16
8.5300993e+16
9.4535514e+16
9.2720171e+16
8.4872625e+16
8.5300934e+16
9.4535477e+16
9.2720115e+16
8.4872649e+16
8.5300613e+16
9.4535733e+16
9.2720157e+16
8.487265e+16
8.5301169e+16
9.4535256e+16
9.2720127e+16
8.4872683e+16
8.529856e+16
9.453732e+16
9.2720642e+16
8.4872615e+16
8.9266765e+16
8.9329989e+16
8.8862665e+16
8.5814768e+16
8.9266806e+16
8.9330072e+16
8.8862877e+16
8.5814242e+16
8.9266742e+16
8.9330014e+16
8.8862487e+16
8.5815099e+16
8.9267072e+16
8.9330693e+16
8.8864033e+16
8.5811133e+16
8.8140984e+16
8.7627088e+16
8.833126e+16
8.8938031e+16
8.8141608e+16
8.7626963e+16
8.8331176e+16
8.8937959e+16
8.8140432e+16
8.7627265e+16
8.833123e+16
8.8938079e+16
8.8145278e+16
8.7626417e+16
8.8330478e+16
8.8937565e+16
8.8143941e+16
8.7626868e+16
8.8330156e+16
8.8938355e+16
8.814144e+16
8.7627313e+16
8.8330597e+16
8.8938645e+16
8.8141407e+16
8.7627278e+16
8.8330653e+16
8.8938654e+16
8.8141323e+16
8.7627257e+16
8.8330713e+16
8.8938657e+16
8.9267561e+16
8.9329939e+16
8.8864018e+16
8.581181e+16
8.9267375e+16
8.9329572e+16
8.8863096e+16
8.581409e+16
8.9267371e+16
8.9329519e+16
8.8863103e+16
8.5814131e+16
8.9267354e+16
8.9329483e+16
8.8863077e+16
8.581423e+16
8.9279853e+16
8.9331975e+16
8.8911287e+16
8.5710644e+16
8.9279799e+16
8.9331768e+16
8.8910968e+16
8.5711313e+16
8.9279865e+16
8.9331816e+16
8.8911339e+16
8.571046e+16
8.927957e+16
8.9331329e+16
8.8909964e+16
8.5714199e+16
8.8266579e+16
8.7589797e+16
8.8329411e+16
8.8920936e+16
8.8265612e+16
8.758999e+16
8.832966e+16
8.8921071e+16
8.8266737e+16
8.7589699e+16
8.8329637e+16
8.8920962e+16
8.8262381e+16
8.7590459e+16
8.8330144e+16
8.8921404e+16
8.8256864e+16
8.7593787e+16
8.8331226e+16
8.8923223e+16
8.8268022e+16
8.7589179e+16
8.8329004e+16
8.8921447e+16
8.8265864e+16
8.759035e+16
8.8329039e+16
8.8921755e+16
8.8267244e+16
8.7589758e+16
8.8328847e+16
8.8921547e+16
8.9279858e+16
8.9328687e+16
8.8909543e+16
8.5715247e+16
8.928051e+16
8.9331432e+16
8.891163e+16
8.5709949e+16
8.9280389e+16
8.9331175e+16
8.8911447e+16
8.5710957e+16
8.9280477e+16
8.9331484e+16
8.8911663e+16
8.5710264e+16
8.5239215e+16
9.4590777e+16
9.2718684e+16
8.4873294e+16
8.5238109e+16
9.4593163e+16
9.2719279e+16
8.4873289e+16
8.5238419e+16
9.4592819e+16
9.2719313e+16
8.4873393e+16
8.5238196e+16
9.4593148e+16
9.2719404e+16
8.4873363e+16
8.5237937e+16
9.459318e+16
9.2719363e+16
8.4873371e+16
8.5238257e+16
9.4592857e+16
9.2719284e+16
8.4873346e+16
8.5237679e+16
9.4593352e+16
9.2719329e+16
8.4873288e+16
8.5240267e+16
9.459145e+16
9.2718914e+16
8.4873353e+16
8.1407116e+16
8.5480393e+16
9.0261829e+16
1.5767701e+17
8.14072e+16
8.5480508e+16
9.0261789e+16
1.5767628e+17
8.140697e+16
8.5480402e+16
9.0261648e+16
1.5767829e+17
8.1407736e+16
8.5481414e+16
9.0261362e+16
1.5767317e+17
8.1407732e+16
8.5481214e+16
9.02612e+16
1.5767173e+17
8.1407063e+16
8.5480469e+16
9.0261685e+16
1.5767733e+17
8.1407279e+16
8.5480539e+16
9.0261824e+16
1.5767584e+17
8.1407143e+16
8.5480421e+16
9.0261841e+16
1.5767688e+17
1.1751916e+17
7.4148607e+16
8.4210973e+16
8.0130945e+16
1.1751199e+17
7.4150659e+16
8.4216411e+16
8.0130148e+16
1.1751145e+17
7.4151033e+16
8.4216701e+16
8.0129942e+16
1.1751143e+17
7.4151113e+16
8.4216879e+16
8.0129857e+16
1.1751149e+17
7.4151082e+16
8.4216841e+16
8.0129873e+16
1.1751157e+17
7.4150923e+16
8.4216669e+16
8.0129894e+16
1.1751228e+17
7.4150429e+16
8.42163e+16
8.0129985e+16
1.175197e+17
7.4148296e+16
8.4210716e+16
8.0130502e+16
8.8363539e+16
9.339873e+16
8.7160472e+16
8.2822347e+16
8.8363726e+16
9.3399052e+16
8.7160544e+16
8.2821394e+16
8.8364152e+16
9.339989e+16
8.716037e+16
8.2820863e+16
8.83683e+16
9.3405677e+16
8.7171423e+16
8.2787742e+16
8.8368443e+16
9.340625e+16
8.7170832e+16
8.2790267e+16
8.8364063e+16
9.3400268e+16
8.7159781e+16
8.28236e+16
8.836358e+16
9.3399371e+16
8.7159872e+16
8.282397e+16
8.8363409e+16
9.3399084e+16
8.7159835e+16
8.2824666e+16
9.4081978e+16
8.6606163e+16
8.9571464e+16
8.8923715e+16
9.4103702e+16
8.6591957e+16
8.9570748e+16
8.891789e+16
9.410419e+16
8.6592297e+16
8.9570077e+16
8.8917364e+16
9.4104741e+16
8.6592096e+16
8.9569883e+16
8.8917081e+16
8.9966311e+16
9.1006946e+16
9.045807e+16
9.1902879e+16
8.996364e+16
9.1009739e+16
9.0451741e+16
9.1918122e+16
8.9963114e+16
9.1009424e+16
9.0452272e+16
9.1918437e+16
8.9962935e+16
9.1009546e+16
9.0452335e+16
9.1918525e+16
8.9955896e+16
9.1016243e+16
9.0448454e+16
9.1921852e+16
8.9955924e+16
9.1016302e+16
9.0448346e+16
9.1921686e+16
8.9956136e+16
9.101606e+16
9.0447842e+16
9.1922414e+16
8.9955393e+16
9.1009086e+16
9.0449216e+16
9.1926541e+16
9.4109043e+16
8.6587892e+16
8.9576898e+16
8.8908586e+16
9.4108726e+16
8.6587899e+16
8.95772e+16
8.8908645e+16
9.4107811e+16
8.6587742e+16
8.9577981e+16
8.8909036e+16
9.4081452e+16
8.6603746e+16
8.9581458e+16
8.8913721e+16
9.3120435e+16
8.736273e+16
8.9503666e+16
8.9092072e+16
9.3077165e+16
8.7388695e+16
8.9509458e+16
8.9099921e+16
9.3086029e+16
8.738208e+16
8.9509693e+16
8.9098646e+16
9.3080275e+16
8.7385696e+16
8.9510306e+16
8.9099604e+16
8.9870837e+16
9.0802845e+16
9.0601195e+16
9.1940313e+16
8.9869727e+16
9.0791761e+16
9.0603028e+16
9.1948148e+16
8.9870251e+16
9.0793782e+16
9.0601731e+16
9.194748e+16
8.9870026e+16
9.0792382e+16
9.0602068e+16
9.194841e+16
8.986546e+16
9.0797383e+16
9.0599514e+16
9.1949875e+16
8.9865336e+16
9.0797843e+16
9.0599688e+16
9.1949469e+16
8.9865236e+16
9.0798151e+16
9.0600231e+16
9.1948496e+16
8.9866016e+16
9.0804471e+16
9.0598608e+16
9.1945378e+16
9.3085512e+16
8.7381531e+16
8.9514554e+16
8.9093523e+16
9.3086761e+16
8.7381146e+16
8.9514015e+16
8.9093117e+16
9.3087759e+16
8.7381257e+16
8.9513149e+16
8.9092795e+16
9.3112724e+16
8.7365652e+16
8.951031e+16
8.9088445e+16
8.8467139e+16
9.3475355e+16
8.7745297e+16
8.1479767e+16
8.8466741e+16
9.347466e+16
8.7745081e+16
8.1481547e+16
8.8466316e+16
9.3473839e+16
8.7745226e+16
8.1482071e+16
8.8462508e+16
9.3468738e+16
8.7734316e+16
8.1513746e+16
8.8460503e+16
9.3466001e+16
8.7729917e+16
8.1527566e+16
8.8467432e+16
9.3475742e+16
8.7748046e+16
8.147494e+16
8.8466581e+16
9.3474993e+16
8.7743215e+16
8.148567e+16
8.8467371e+16
9.3476021e+16
8.7745669e+16
8.1479084e+16
1.1777154e+17
7.4122543e+16
8.4083452e+16
8.0091274e+16
1.1778498e+17
7.4118799e+16
8.4074361e+16
8.0092116e+16
1.1778247e+17
7.4118903e+16
8.4075839e+16
8.0092113e+16
1.1778427e+17
7.411846e+16
8.4074672e+16
8.0092182e+16
1.1778343e+17
7.4118685e+16
8.4075171e+16
8.0092146e+16
1.1778308e+17
7.4118949e+16
8.4075538e+16
8.0092046e+16
1.1778245e+17
7.411936e+16
8.4075891e+16
8.0091913e+16
1.1777567e+17
7.4121126e+16
8.4081072e+16
8.0091458e+16
1.1752353e+17
7.4146988e+16
8.4208512e+16
8.01306e+16
1.1751006e+17
7.4150791e+16
8.4217729e+16
8.0129657e+16
1.175127e+17
7.4150605e+16
8.4216155e+16
8.0129676e+16
1.175112e+17
7.4150741e+16
8.4217568e+16
8.0129211e+16
8.8369902e+16
9.3408663e+16
8.7174621e+16
8.2778503e+16
8.8362861e+16
9.3398672e+16
8.7156419e+16
8.283171e+16
8.836382e+16
9.3399577e+16
8.7161363e+16
8.2820473e+16
8.8362665e+16
9.3398974e+16
8.7158587e+16
8.2827282e+16
8.8319944e+16
9.3438425e+16
8.7135632e+16
8.2848775e+16
8.8319586e+16
9.343955e+16
8.7135406e+16
8.2847997e+16
8.8319835e+16
9.3439504e+16
8.7135541e+16
8.2847672e+16
8.8319656e+16
9.3438344e+16
8.7135513e+16
8.2849334e+16
1.1753684e+17
7.4127388e+16
8.4254121e+16
8.0087197e+16
1.1753755e+17
7.4126815e+16
8.4254397e+16
8.0086635e+16
1.1753748e+17
7.4126898e+16
8.4254182e+16
8.0086854e+16
1.1753663e+17
7.4127511e+16
8.4254415e+16
8.0087075e+16
1.1751207e+17
7.4150475e+16
8.4217079e+16
8.0129262e+16
1.1751169e+17
7.4150864e+16
8.4216507e+16
8.0129951e+16
1.1751169e+17
7.4150856e+16
8.42167e+16
8.0129813e+16
1.1751155e+17
7.4150987e+16
8.4216633e+16
8.0129958e+16
1.1751151e+17
7.4151019e+16
8.4216673e+16
8.0129955e+16
1.175114e+17
7.4151118e+16
8.4216696e+16
8.0130013e+16
1.1751124e+17
7.4151265e+16
8.4216728e+16
8.0130099e+16
1.175111e+17
7.4151391e+16
8.4216754e+16
8.0130172e+16
8.8363598e+16
9.3399414e+16
8.7159857e+16
8.2823981e+16
8.8363594e+16
9.3399398e+16
8.7159868e+16
8.2824037e+16
8.8363589e+16
9.3399372e+16
8.7159886e+16
8.2824118e+16
8.8363583e+16
9.339935e+16
8.7159902e+16
8.2824184e+16
8.8363063e+16
9.3399909e+16
8.7159523e+16
8.2824165e+16
8.8363736e+16
9.3399337e+16
8.71599e+16
8.2823781e+16
8.8363536e+16
9.3399491e+16
8.7159804e+16
8.2823948e+16
8.8363631e+16
9.3399395e+16
8.7159867e+16
8.2823937e+16
9.4104134e+16
8.6592183e+16
8.9570096e+16
8.8917284e+16
9.4104153e+16
8.6592205e+16
8.957009e+16
8.8917369e+16
9.4104127e+16
8.659222e+16
8.95701e+16
8.8917373e+16
9.4104103e+16
8.6592234e+16
8.9570103e+16
8.8917378e+16
9.4104091e+16
8.6592241e+16
8.9570105e+16
8.8917381e+16
9.4104065e+16
8.6592257e+16
8.9570109e+16
8.8917387e+16
9.4104026e+16
8.6592279e+16
8.9570114e+16
8.8917395e+16
9.410399e+16
8.6592298e+16
8.9570119e+16
8.8917402e+16
8.9963133e+16
9.1009433e+16
9.0452225e+16
9.1918416e+16
8.9963135e+16
9.1009428e+16
9.045222e+16
9.1918404e+16
8.9963137e+16
9.1009419e+16
9.0452213e+16
9.1918385e+16
8.9963139e+16
9.1009411e+16
9.0452206e+16
9.191837e+16
8.9963069e+16
9.1009524e+16
9.0452221e+16
9.1918444e+16
8.9963131e+16
9.1009445e+16
9.0452238e+16
9.191844e+16
8.9963131e+16
9.1009441e+16
9.0452232e+16
9.1918433e+16
8.9963132e+16
9.1009436e+16
9.0452228e+16
9.1918422e+16
8.9956133e+16
9.1016363e+16
9.0448454e+16
9.1921522e+16
8.9956137e+16
9.1016053e+16
9.0448224e+16
9.192205e+16
8.9956124e+16
9.1016009e+16
9.0448165e+16
9.1922149e+16
8.9956143e+16
9.1016402e+16
9.0448536e+16
9.1921351e+16
9.4092965e+16
8.6592453e+16
8.9574575e+16
8.890969e+16
9.4091773e+16
8.6592792e+16
8.9575136e+16
8.8909927e+16
9.4091491e+16
8.6592865e+16
8.9575259e+16
8.8909959e+16
9.4093204e+16
8.6592456e+16
8.9574426e+16
8.8909661e+16
9.4067187e+16
8.6613493e+16
8.9576146e+16
8.8924124e+16
9.4110615e+16
8.6587609e+16
8.9569974e+16
8.8916399e+16
9.4101738e+16
8.6594183e+16
8.956984e+16
8.8917677e+16
9.4106682e+16
8.6590841e+16
8.9569535e+16
8.8916751e+16
8.9962296e+16
9.0999884e+16
9.0453148e+16
9.1925772e+16
8.9963476e+16
9.1010949e+16
9.0451486e+16
9.1917758e+16
8.9962944e+16
9.1008912e+16
9.0452729e+16
9.1918503e+16
8.9963074e+16
9.1010223e+16
9.0452274e+16
9.1917805e+16
9.2784542e+16
9.1073715e+16
9.171346e+16
9.1253882e+16
9.2789927e+16
9.1072601e+16
9.1713221e+16
9.1252901e+16
9.2789865e+16
9.107277e+16
9.1713124e+16
9.1252873e+16
9.2789852e+16
9.107279e+16
9.1713122e+16
9.1252827e+16
9.1293018e+16
9.0749494e+16
8.9091135e+16
8.7437224e+16
9.1292684e+16
9.0749991e+16
8.9090592e+16
8.7438599e+16
9.1292644e+16
9.0749973e+16
8.9090663e+16
8.7438581e+16
9.1292608e+16
9.0749996e+16
8.9090665e+16
8.743856e+16
9.1289197e+16
9.0753402e+16
8.9088572e+16
8.7440804e+16
9.1289156e+16
9.075344e+16
8.9088543e+16
8.7440779e+16
9.1289168e+16
9.0753415e+16
8.9088543e+16
8.7440737e+16
9.1289172e+16
9.0753382e+16
8.9088551e+16
8.744076e+16
9.2789264e+16
9.1071535e+16
9.1716235e+16
9.1248594e+16
9.2789342e+16
9.1071463e+16
9.1716301e+16
9.1248534e+16
9.2789325e+16
9.1071442e+16
9.1716298e+16
9.124855e+16
9.2789155e+16
9.1071521e+16
9.1716232e+16
9.1248572e+16
9.2789915e+16
9.1072707e+16
9.1713139e+16
9.125279e+16
9.278992e+16
9.1072715e+16
9.1713089e+16
9.1252838e+16
9.2789901e+16
9.10727e+16
9.1713086e+16
9.1252805e+16
9.2789889e+16
9.1072692e+16
9.1713065e+16
9.1252799e+16
9.278988e+16
9.1072686e+16
9.1713059e+16
9.1252788e+16
9.2789862e+16
9.1072675e+16
9.1713043e+16
9.1252771e+16
9.2789837e+16
9.1072658e+16
9.1713019e+16
9.1252747e+16
9.2789815e+16
9.1072645e+16
9.1712999e+16
9.1252728e+16
9.1292559e+16
9.0749895e+16
8.9090593e+16
8.7438537e+16
9.1292541e+16
9.0749877e+16
8.909058e+16
8.7438529e+16
9.1292515e+16
9.0749851e+16
8.909056e+16
8.7438517e+16
9.1292494e+16
9.074983e+16
8.9090545e+16
8.7438507e+16
9.1292575e+16
9.0749983e+16
8.9090611e+16
8.7438586e+16
9.1292609e+16
9.0749927e+16
8.909063e+16
8.7438553e+16
9.1292579e+16
9.0749924e+16
8.9090609e+16
8.7438552e+16
9.129257e+16
9.0749902e+16
8.9090601e+16
8.743854e+16
8.6611902e+16
8.2487248e+16
7.3656184e+16
6.9861579e+16
8.6611891e+16
8.2487253e+16
7.3656226e+16
6.9861627e+16
8.6611872e+16
8.2487262e+16
7.3656302e+16
6.9861715e+16
8.6611856e+16
8.2487273e+16
7.3656376e+16
6.9861799e+16
8.6611706e+16
8.2487497e+16
7.3655954e+16
6.9861764e+16
8.6611889e+16
8.2487248e+16
7.3656128e+16
6.9861508e+16
8.6611278e+16
8.2487442e+16
7.3656042e+16
6.9861595e+16
8.6611223e+16
8.248746e+16
7.3656058e+16
6.9861628e+16
8.6580582e+16
8.2519731e+16
7.3633104e+16
6.9899026e+16
8.6580372e+16
8.2519945e+16
7.363294e+16
6.9899205e+16
8.6579829e+16
8.2520204e+16
7.3632766e+16
6.9899344e+16
8.6580165e+16
8.2519785e+16
7.3633044e+16
6.9898907e+16
9.1287755e+16
9.0729523e+16
8.9139064e+16
8.7358608e+16
9.1287678e+16
9.0729659e+16
8.9138913e+16
8.7358912e+16
9.1287732e+16
9.0729437e+16
8.9139303e+16
8.7358343e+16
9.1287152e+16
9.0730292e+16
8.9138437e+16
8.7360545e+16
9.2504384e+16
9.1191182e+16
9.1680273e+16
9.1296007e+16
9.2505711e+16
9.1190834e+16
9.1680296e+16
9.1295767e+16
9.2502982e+16
9.1191819e+16
9.1680095e+16
9.1296131e+16
9.2513439e+16
9.1189571e+16
9.167987e+16
9.1294393e+16
9.2510489e+16
9.1191117e+16
9.1677492e+16
9.1298118e+16
9.2505397e+16
9.1192353e+16
9.1677603e+16
9.1299087e+16
9.2505437e+16
9.1192176e+16
9.1677714e+16
9.1299146e+16
9.2505311e+16
9.1192068e+16
9.1677839e+16
9.1299159e+16
9.1289915e+16
9.0727439e+16
8.9140109e+16
8.7358374e+16
9.1290244e+16
9.0726925e+16
8.9140726e+16
8.7357061e+16
9.1290312e+16
9.0726934e+16
8.9140671e+16
8.735703e+16
9.1290324e+16
9.0726961e+16
8.9140621e+16
8.7357002e+16
9.1289046e+16
9.075348e+16
8.9088543e+16
8.7440825e+16
9.1289121e+16
9.0753294e+16
8.9088644e+16
8.7440532e+16
9.1289071e+16
9.0753491e+16
8.9088219e+16
8.7441135e+16
9.1289725e+16
9.0752682e+16
8.9089197e+16
8.7438902e+16
9.2790124e+16
9.1071331e+16
9.1716005e+16
9.1248318e+16
9.2788462e+16
9.1071773e+16
9.1716148e+16
9.1248603e+16
9.2791046e+16
9.1070837e+16
9.1716473e+16
9.1248273e+16
9.2781028e+16
9.1073005e+16
9.171651e+16
9.1250038e+16
9.2771054e+16
9.1081957e+16
9.1716268e+16
9.1256572e+16
9.2789147e+16
9.1072508e+16
9.1713714e+16
9.1253031e+16
9.2789879e+16
9.1072649e+16
9.1713009e+16
9.1252776e+16
9.279018e+16
9.1072694e+16
9.1712896e+16
9.1252641e+16
9.1292476e+16
9.0745345e+16
8.909035e+16
8.7440136e+16
9.1292629e+16
9.0749547e+16
8.9090112e+16
8.7438744e+16
9.1292558e+16
9.0749901e+16
8.9090579e+16
8.7438499e+16
9.1292484e+16
9.0750017e+16
8.9090678e+16
8.7438467e+16
8.6610537e+16
8.248783e+16
7.3655764e+16
6.9862691e+16
8.6612055e+16
8.248711e+16
7.3656342e+16
6.9861488e+16
8.6611185e+16
8.2487433e+16
7.3656115e+16
6.9861709e+16
8.6610977e+16
8.2487756e+16
7.3655881e+16
6.986195e+16
7.7165351e+16
7.3950524e+16
7.0256451e+16
7.0244065e+16
7.7165226e+16
7.3950831e+16
7.0255968e+16
7.0245189e+16
7.7164525e+16
7.3950309e+16
7.0257613e+16
7.0243978e+16
7.7163686e+16
7.3949424e+16
7.0260224e+16
7.0241286e+16
8.6656809e+16
8.5599252e+16
8.2418057e+16
7.902956e+16
8.6655739e+16
8.5598163e+16
8.2417507e+16
7.9029211e+16
8.6655115e+16
8.5597443e+16
8.2416143e+16
7.9028391e+16
8.6654843e+16
8.5597519e+16
8.2414596e+16
7.9027565e+16
8.6658704e+16
8.5601261e+16
8.24197e+16
7.9030793e+16
8.6658562e+16
8.5601056e+16
8.2419377e+16
7.9030612e+16
8.665794e+16
8.560037e+16
8.2418846e+16
7.9030266e+16
8.6657278e+16
8.5599617e+16
8.2418347e+16
7.9029919e+16
7.7166222e+16
7.3950619e+16
7.0255617e+16
7.0243633e+16
7.7166111e+16
7.3950644e+16
7.0255712e+16
7.0243635e+16
7.7165881e+16
7.3950617e+16
7.0255915e+16
7.0243843e+16
7.7165643e+16
7.3950567e+16
7.0256131e+16
7.02441e+16
7.7166505e+16
7.3951124e+16
7.0255388e+16
7.0242465e+16
7.716654e+16
7.3951138e+16
7.0255354e+16
7.0242436e+16
7.7166521e+16
7.395115e+16
7.025537e+16
7.0242423e+16
7.7166462e+16
7.3951106e+16
7.0255417e+16
7.0242538e+16
7.7165291e+16
7.3949838e+16
7.0258924e+16
7.0239163e+16
7.7166005e+16
7.3950799e+16
7.0256439e+16
7.0241778e+16
7.7166481e+16
7.3951335e+16
7.0255014e+16
7.0243104e+16
7.7166415e+16
7.3951001e+16
7.0255667e+16
7.0242221e+16
8.666578e+16
8.5597594e+16
8.2418988e+16
7.9028751e+16
8.6665671e+16
8.5597386e+16
8.2420044e+16
7.9029362e+16
8.6665819e+16
8.5597499e+16
8.242083e+16
7.9029829e+16
8.6666209e+16
8.5597991e+16
8.242093e+16
7.9029892e+16
8.6666264e+16
8.5598013e+16
8.2421057e+16
7.9029973e+16
8.666634e+16
8.5598132e+16
8.2421115e+16
7.9030021e+16
8.6666408e+16
8.5598058e+16
8.2421069e+16
7.9029981e+16
8.66661e+16
8.5597925e+16
8.242096e+16
7.9029916e+16
9.1236977e+16
9.0650108e+16
8.9193755e+16
8.7407368e+16
9.1237037e+16
9.0650242e+16
8.9193885e+16
8.7407408e+16
9.1237011e+16
9.0650226e+16
8.9193823e+16
8.7407373e+16
9.1237165e+16
9.064934e+16
8.919324e+16
8.7407891e+16
9.1236163e+16
9.0651658e+16
8.9191691e+16
8.7405236e+16
9.1236211e+16
9.0649591e+16
8.9193175e+16
8.7406197e+16
9.1236696e+16
9.064982e+16
8.9193415e+16
8.7406984e+16
9.1236909e+16
9.0650024e+16
8.9193642e+16
8.7407286e+16
9.231785e+16
9.1505546e+16
9.1664426e+16
9.1362505e+16
9.231134e+16
9.1513124e+16
9.1666279e+16
9.1364844e+16
9.2310496e+16
9.1513472e+16
9.1666985e+16
9.1365447e+16
9.2310263e+16
9.1513647e+16
9.166716e+16
9.1365671e+16
9.231018e+16
9.1513691e+16
9.1667172e+16
9.1365733e+16
9.2310434e+16
9.1513585e+16
9.1667154e+16
9.1365739e+16
9.2310541e+16
9.1513407e+16
9.1667157e+16
9.13657e+16
9.2305552e+16
9.1513851e+16
9.1668009e+16
9.1366438e+16
9.2074181e+16
9.1580372e+16
9.1660498e+16
9.1395926e+16
9.2066037e+16
9.158111e+16
9.1660758e+16
9.1396729e+16
9.2068311e+16
9.1580433e+16
9.1660539e+16
9.1396079e+16
9.2066189e+16
9.1580683e+16
9.1660798e+16
9.1396068e+16
9.1238751e+16
9.0630919e+16
8.919106e+16
8.7419557e+16
9.123887e+16
9.0629937e+16
8.919052e+16
8.7419935e+16
9.1238337e+16
9.0629537e+16
8.9189881e+16
8.7419202e+16
9.1237957e+16
9.0628549e+16
8.9188937e+16
8.7418942e+16
9.1237125e+16
9.0628435e+16
8.9188244e+16
8.7418937e+16
9.1236561e+16
9.0628459e+16
8.9187215e+16
8.7417927e+16
9.1235366e+16
9.0626368e+16
8.9187004e+16
8.7416671e+16
9.1234758e+16
9.0632307e+16
8.9185764e+16
8.7413021e+16
9.2065614e+16
9.1580909e+16
9.1661345e+16
9.1395348e+16
9.2069282e+16
9.1578763e+16
9.1660686e+16
9.1394128e+16
9.2063392e+16
9.1582521e+16
9.1659661e+16
9.1394177e+16
9.2093192e+16
9.1566967e+16
9.1654728e+16
9.1387543e+16
8.9966911e+16
9.0823362e+16
9.0890236e+16
9.1182447e+16
8.996717e+16
9.0824754e+16
9.0888953e+16
9.1185533e+16
8.996806e+16
9.0823566e+16
9.0892932e+16
9.1180389e+16
8.9964412e+16
9.0828692e+16
9.0883109e+16
9.1205381e+16
8.9966059e+16
9.0829435e+16
9.088894e+16
9.1177367e+16
8.9964884e+16
9.0822759e+16
9.0889813e+16
9.1183621e+16
8.9965552e+16
9.0822902e+16
9.0889548e+16
9.1184329e+16
8.9966384e+16
9.0823336e+16
9.0889613e+16
9.1183792e+16
9.3236333e+16
8.7326854e+16
8.9429769e+16
8.9100475e+16
9.3211484e+16
8.7342847e+16
8.9433342e+16
8.9104841e+16
9.3211372e+16
8.7343368e+16
8.9434737e+16
8.9105727e+16
9.321102e+16
8.7344346e+16
8.9435782e+16
8.910675e+16
9.3194023e+16
8.7350738e+16
8.9433723e+16
8.9108895e+16
9.3199531e+16
8.7348471e+16
8.9434423e+16
8.9108502e+16
9.3193201e+16
8.735607e+16
8.9434711e+16
8.9110774e+16
9.3230185e+16
8.7334188e+16
8.9434359e+16
8.9101979e+16
8.8470131e+16
9.347295e+16
8.7745293e+16
8.1443088e+16
8.8469495e+16
9.3472937e+16
8.7743343e+16
8.1451196e+16
8.8471343e+16
9.3474878e+16
8.7749427e+16
8.1441064e+16
8.846485e+16
9.346579e+16
8.7732375e+16
8.1495194e+16
1.1778188e+17
7.412098e+16
8.4074876e+16
8.0095907e+16
1.1777985e+17
7.4120937e+16
8.4076599e+16
8.0095837e+16
1.1778173e+17
7.4120422e+16
8.4075414e+16
8.0096494e+16
1.1776799e+17
7.4123825e+16
8.4084599e+16
8.0095842e+16
1.1775035e+17
7.4146568e+16
8.4045023e+16
8.0134632e+16
1.1775666e+17
7.4145077e+16
8.4039341e+16
8.0135894e+16
1.1775684e+17
7.4144538e+16
8.4039033e+16
8.0136509e+16
1.1775716e+17
7.4143718e+16
8.4039416e+16
8.0136334e+16
8.8505062e+16
9.3426544e+16
8.7754533e+16
8.1452434e+16
8.8509725e+16
9.3431233e+16
8.7766017e+16
8.1421009e+16
8.8510811e+16
9.3432533e+16
8.7766633e+16
8.1420992e+16
8.8511063e+16
9.3434397e+16
8.776709e+16
8.1420478e+16
8.8321513e+16
9.3432892e+16
8.7137414e+16
8.2797835e+16
8.8322068e+16
9.3434128e+16
8.7139782e+16
8.2790997e+16
8.8320876e+16
9.3433712e+16
8.713478e+16
8.2802061e+16
8.8329128e+16
9.3442426e+16
8.7153638e+16
8.2749444e+16
1.1753456e+17
7.4131067e+16
8.4252888e+16
8.0089644e+16
1.1753644e+17
7.4130578e+16
8.4251892e+16
8.008947e+16
1.1753404e+17
7.4130521e+16
8.4253701e+16
8.0089167e+16
1.1754664e+17
7.4127471e+16
8.4243622e+16
8.0091413e+16
1.1751729e+17
7.4151227e+16
8.4209199e+16
8.0133695e+16
1.1751084e+17
7.4153199e+16
8.4214342e+16
8.0132972e+16
1.1751034e+17
7.4153937e+16
8.421441e+16
8.0132787e+16
1.1751044e+17
7.4153974e+16
8.4215278e+16
8.0131919e+16
8.8371396e+16
9.3401669e+16
8.7175836e+16
8.273642e+16
8.8367189e+16
9.3396143e+16
8.7164177e+16
8.2766717e+16
8.8366549e+16
9.3394624e+16
8.7163864e+16
8.2766779e+16
8.8365322e+16
9.3394328e+16
8.7163083e+16
8.2768471e+16
9.4180721e+16
8.658565e+16
8.9491873e+16
8.8931444e+16
9.4209208e+16
8.6567666e+16
8.948539e+16
8.8927728e+16
9.4209923e+16
8.6566951e+16
8.9483813e+16
8.8927107e+16
9.4210924e+16
8.6566224e+16
8.948284e+16
8.8926577e+16
9.4196593e+16
8.6569765e+16
8.9480164e+16
8.8927239e+16
9.4190811e+16
8.6573184e+16
8.9480665e+16
8.8928059e+16
9.4199432e+16
8.6566859e+16
8.9480938e+16
8.8926887e+16
9.4157197e+16
8.6592356e+16
8.9487178e+16
8.8934641e+16
9.0073458e+16
9.1017145e+16
9.0792534e+16
9.1065936e+16
9.0073067e+16
9.1015581e+16
9.0792654e+16
9.106753e+16
9.0073682e+16
9.1017389e+16
9.0791752e+16
9.1066457e+16
9.0072486e+16
9.1007066e+16
9.0792369e+16
9.1076053e+16
9.0069852e+16
9.1006116e+16
9.0788102e+16
9.1094013e+16
9.0073665e+16
9.1015616e+16
9.0792202e+16
9.1069129e+16
9.0073485e+16
9.1016338e+16
9.0792346e+16
9.1067406e+16
9.0073296e+16
9.1016669e+16
9.0792509e+16
9.1066599e+16
8.9865429e+16
9.0797785e+16
9.0597789e+16
9.1962974e+16
8.9865677e+16
9.0799253e+16
9.0598499e+16
9.195796e+16
8.986394e+16
9.0796765e+16
9.0597003e+16
9.1964782e+16
8.9870459e+16
9.0813409e+16
9.0604397e+16
9.1922655e+16
8.9870465e+16
9.0808839e+16
9.059914e+16
9.1956893e+16
8.9868399e+16
9.0801925e+16
9.0600099e+16
9.1958354e+16
8.9867162e+16
9.0800473e+16
9.059897e+16
9.1959327e+16
8.9866209e+16
9.0799034e+16
9.0598377e+16
9.1960595e+16
9.3137577e+16
8.7368865e+16
8.9520251e+16
8.9092513e+16
9.3109934e+16
8.7381531e+16
8.952052e+16
8.9095121e+16
9.3106589e+16
8.7379616e+16
8.9519728e+16
8.9094023e+16
9.3103483e+16
8.7379239e+16
8.9519594e+16
8.909346e+16
9.3084772e+16
8.7385033e+16
8.9517198e+16
8.9094702e+16
9.3089788e+16
8.7380698e+16
8.9515453e+16
8.9093357e+16
9.3079508e+16
8.7386517e+16
8.9515256e+16
8.9093842e+16
9.3128913e+16
8.7357229e+16
8.950381e+16
8.908753e+16
8.8469208e+16
9.3477174e+16
8.7748263e+16
8.1478726e+16
8.8467436e+16
9.3475684e+16
8.7744691e+16
8.148504e+16
8.8467737e+16
9.3475771e+16
8.7748821e+16
8.1473966e+16
8.8460564e+16
9.3465599e+16
8.7729931e+16
8.1524849e+16
1.177835e+17
7.4118556e+16
8.4074951e+16
8.0093652e+16
1.1778201e+17
7.4118924e+16
8.4076238e+16
8.0092832e+16
1.1778451e+17
7.4118825e+16
8.4074523e+16
8.0092411e+16
1.1777109e+17
7.4122589e+16
8.4083391e+16
8.0091418e+16
1.1774342e+17
7.4141421e+16
8.4049023e+16
8.0137616e+16
1.1775505e+17
7.4140913e+16
8.4041123e+16
8.0136414e+16
1.1775713e+17
7.4141317e+16
8.4039928e+16
8.0135642e+16
1.1775837e+17
7.4141032e+16
8.4039788e+16
8.0134555e+16
8.8510959e+16
9.3437926e+16
8.7764768e+16
8.1497042e+16
8.8512825e+16
9.344029e+16
8.7773921e+16
8.1461655e+16
8.8511916e+16
9.3439276e+16
8.7772133e+16
8.1459165e+16
8.8510831e+16
9.3439494e+16
8.7770902e+16
8.1456928e+16
8.8324271e+16
9.3448594e+16
8.7145824e+16
8.2859952e+16
8.8308062e+16
9.3441259e+16
8.714057e+16
8.2832369e+16
8.831349e+16
9.3441736e+16
8.7135694e+16
8.2852532e+16
8.8352519e+16
9.3463065e+16
8.7164223e+16
8.2837353e+16
1.1754546e+17
7.4123382e+16
8.4252914e+16
8.0088046e+16
1.1759001e+17
7.4126034e+16
8.4233331e+16
8.0070429e+16
1.1756187e+17
7.4126531e+16
8.4244755e+16
8.0078471e+16
1.174865e+17
7.4119146e+16
8.4271499e+16
8.011458e+16
1.1693675e+17
7.4259259e+16
8.4419185e+16
8.0336974e+16
1.1715104e+17
7.4194189e+16
8.4355343e+16
8.0265901e+16
1.1749132e+17
7.4104049e+16
8.4225597e+16
8.0141708e+16
1.1744611e+17
7.4161163e+16
8.4245337e+16
8.0159148e+16
8.8520594e+16
9.3437722e+16
8.7236478e+16
8.3057916e+16
8.8475968e+16
9.34386e+16
8.7217384e+16
8.2980486e+16
8.8391289e+16
9.3433248e+16
8.7178659e+16
8.2846763e+16
8.8389453e+16
9.3414383e+16
8.7181485e+16
8.2862363e+16
9.4219291e+16
8.6705393e+16
8.9666533e+16
8.8996201e+16
9.4197625e+16
8.66755e+16
8.9642913e+16
8.8976265e+16
9.4157465e+16
8.661635e+16
8.9594951e+16
8.8936317e+16
9.4129033e+16
8.6618407e+16
8.95922e+16
8.8936275e+16
9.4100609e+16
8.6606278e+16
8.9576401e+16
8.8926257e+16
9.4077295e+16
8.6598252e+16
8.9566106e+16
8.8918847e+16
9.4092093e+16
8.6594327e+16
8.9568852e+16
8.8919355e+16
9.4080785e+16
8.6637927e+16
8.9592179e+16
8.893967e+16
8.9970922e+16
9.1015993e+16
9.0456243e+16
9.1918454e+16
8.9963258e+16
9.1009013e+16
9.0453828e+16
9.1918924e+16
8.9965348e+16
9.1012168e+16
9.0452958e+16
9.1917675e+16
8.9975421e+16
9.1009659e+16
9.0458545e+16
9.1926041e+16
9.0029173e+16
9.1052211e+16
9.0474034e+16
9.1914917e+16
9.0013133e+16
9.1043251e+16
9.0469531e+16
9.1918432e+16
8.9981621e+16
9.1026482e+16
9.0461354e+16
9.1923589e+16
8.9979142e+16
9.1020752e+16
9.0458573e+16
9.1919145e+16
9.2763824e+16
9.1038864e+16
9.1654231e+16
9.1178157e+16
9.277353e+16
9.1047751e+16
9.166934e+16
9.1196468e+16
9.2793053e+16
9.1066796e+16
9.1701259e+16
9.1235731e+16
9.2786277e+16
9.1066355e+16
9.1700531e+16
9.1236201e+16
9.1209974e+16
9.0658575e+16
8.900238e+16
8.7370081e+16
9.1230181e+16
9.0680529e+16
8.9022425e+16
8.7384319e+16
9.1273634e+16
9.0728014e+16
8.9066159e+16
8.7415144e+16
9.1273957e+16
9.0728762e+16
8.9068757e+16
8.7419582e+16
9.1282643e+16
9.0745422e+16
8.907917e+16
8.7431039e+16
9.1291684e+16
9.0755548e+16
8.9089219e+16
8.7439171e+16
9.1289268e+16
9.0752955e+16
8.9086997e+16
8.7437907e+16
9.1272761e+16
9.0733934e+16
8.9069196e+16
8.7425197e+16
9.2792564e+16
9.1069485e+16
9.1712766e+16
9.1242678e+16
9.2794168e+16
9.1073071e+16
9.1719103e+16
9.1250868e+16
9.279323e+16
9.1071564e+16
9.1717323e+16
9.1248609e+16
9.2783834e+16
9.1065393e+16
9.1706064e+16
9.1234288e+16
9.2501795e+16
9.1187152e+16
9.1684953e+16
9.1290983e+16
9.2490021e+16
9.1190577e+16
9.1687442e+16
9.1294714e+16
9.2492962e+16
9.1189792e+16
9.1688095e+16
9.1295191e+16
9.2492126e+16
9.1190104e+16
9.1688321e+16
9.129592e+16
9.2493342e+16
9.1189477e+16
9.1688284e+16
9.1295894e+16
9.2492523e+16
9.119112e+16
9.1688608e+16
9.129659e+16
9.2493389e+16
9.1188743e+16
9.1689328e+16
9.1296826e+16
9.2482067e+16
9.1201145e+16
9.1692354e+16
9.1300558e+16
9.1282366e+16
9.0725874e+16
8.9092913e+16
8.7451728e+16
9.1282724e+16
9.0726071e+16
8.9094012e+16
8.7452375e+16
9.128363e+16
9.0727277e+16
8.9093768e+16
8.7453512e+16
9.1283487e+16
9.072343e+16
8.9095782e+16
8.7454664e+16
9.1277991e+16
9.0722162e+16
8.9088254e+16
8.7445964e+16
9.1280304e+16
9.0722694e+16
8.9089966e+16
8.7449255e+16
9.1281286e+16
9.0724225e+16
8.909135e+16
8.7450402e+16
9.1282068e+16
9.0725209e+16
8.9092531e+16
8.7451407e+16
8.6595164e+16
8.2486956e+16
7.365373e+16
6.9867407e+16
8.6597831e+16
8.2489425e+16
7.3652809e+16
6.9865935e+16
8.6600597e+16
8.2491149e+16
7.3653255e+16
6.9864999e+16
8.6600235e+16
8.2493196e+16
7.365301e+16
6.9866205e+16
8.6555117e+16
8.2457427e+16
7.3729668e+16
6.9946583e+16
8.6579196e+16
8.2467947e+16
7.3690828e+16
6.9903541e+16
8.6610705e+16
8.2481979e+16
7.3636261e+16
6.9844122e+16
8.6598992e+16
8.2479581e+16
7.3665667e+16
6.9874413e+16
9.1499901e+16
9.1954582e+16
8.7552561e+16
7.8308507e+16
9.1499773e+16
9.194563e+16
8.7559179e+16
7.830177e+16
9.1499814e+16
9.1963363e+16
8.7545613e+16
7.8315543e+16
9.1499629e+16
9.1907538e+16
8.7586871e+16
7.8272693e+16
8.9204547e+16
8.9741876e+16
9.0421643e+16
9.0840023e+16
8.9204358e+16
8.9753901e+16
9.0391619e+16
9.0931038e+16
8.9196044e+16
8.9718888e+16
9.0478686e+16
9.0846153e+16
8.9165492e+16
8.9757818e+16
9.0355805e+16
9.1722975e+16
8.92039e+16
8.9745162e+16
9.0411129e+16
9.0871618e+16
8.9196028e+16
8.9734361e+16
9.0432792e+16
9.0949055e+16
8.9197261e+16
8.9736001e+16
9.0429844e+16
9.0938151e+16
8.9201918e+16
8.9742383e+16
9.0417678e+16
9.0893966e+16
8.7515109e+16
8.7835806e+16
8.8410962e+16
8.8918743e+16
8.750364e+16
8.7846783e+16
8.8420139e+16
8.8916159e+16
8.7505126e+16
8.7845207e+16
8.8418907e+16
8.8916631e+16
8.7511474e+16
8.7838866e+16
8.8413694e+16
8.8918291e+16
8.7513974e+16
8.7835674e+16
8.8410206e+16
8.8920981e+16
8.7516156e+16
8.7834971e+16
8.8412435e+16
8.8915625e+16
8.7497235e+16
8.7848653e+16
8.8418714e+16
8.8923911e+16
8.7472391e+16
8.7883909e+16
8.8466241e+16
8.8877778e+16
8.7407316e+16
8.7435387e+16
8.7394753e+16
8.7109524e+16
8.7406781e+16
8.7432546e+16
8.7394096e+16
8.7110952e+16
8.7392318e+16
8.7433639e+16
8.7395313e+16
8.7095367e+16
8.7357806e+16
8.7409368e+16
8.7395634e+16
8.7076576e+16
9.2471586e+16
8.9473645e+16
8.8048955e+16
8.7453228e+16
9.2478885e+16
8.9448743e+16
8.8051533e+16
8.7444923e+16
9.2469765e+16
8.9472313e+16
8.8017549e+16
8.7439447e+16
9.252447e+16
8.9250641e+16
8.7970081e+16
8.7338171e+16
9.2476048e+16
8.9469037e+16
8.805328e+16
8.7453358e+16
9.247618e+16
8.9450484e+16
8.8032426e+16
8.7438252e+16
9.2474973e+16
8.9451795e+16
8.8034201e+16
8.7439487e+16
9.2473997e+16
8.9460919e+16
8.8044723e+16
8.7447016e+16
8.7409558e+16
8.7435762e+16
8.7395369e+16
8.7111047e+16
8.7399128e+16
8.7433228e+16
8.7396137e+16
8.7102179e+16
8.7399869e+16
8.7433144e+16
8.7395797e+16
8.7103146e+16
8.7404928e+16
8.743407e+16
8.7395079e+16
8.7107782e+16
8.7403026e+16
8.7435092e+16
8.739111e+16
8.7114603e+16
8.7403021e+16
8.74351e+16
8.7391141e+16
8.7114655e+16
8.7402897e+16
8.7435067e+16
8.739116e+16
8.7114706e+16
8.7402839e+16
8.7435028e+16
8.7391184e+16
8.711471e+16
9.247573e+16
8.9460121e+16
8.8043857e+16
8.7446129e+16
9.2475532e+16
8.9460013e+16
8.8043814e+16
8.7446114e+16
9.2475198e+16
8.9459658e+16
8.8043557e+16
8.744594e+16
9.2474928e+16
8.9459437e+16
8.8043435e+16
8.7445855e+16
9.2475977e+16
8.946034e+16
8.8043913e+16
8.7446335e+16
9.2475976e+16
8.9460297e+16
8.8043848e+16
8.7446253e+16
9.2475899e+16
8.9460259e+16
8.8043818e+16
8.7446223e+16
9.2475773e+16
8.9460214e+16
8.8043807e+16
8.7446223e+16
8.7403229e+16
8.7435153e+16
8.7391284e+16
8.711463e+16
8.740314e+16
8.7435062e+16
8.7391179e+16
8.711456e+16
8.7403107e+16
8.7435019e+16
8.7391138e+16
8.7114511e+16
8.7403107e+16
8.7435018e+16
8.7391144e+16
8.7114533e+16
8.75155e+16
8.7836814e+16
8.8416403e+16
8.8915694e+16
8.7515302e+16
8.7836919e+16
8.8416554e+16
8.8915701e+16
8.751517e+16
8.7837028e+16
8.8416676e+16
8.8915726e+16
8.7515174e+16
8.7837072e+16
8.841672e+16
8.8915751e+16
8.7515173e+16
8.7837094e+16
8.8416728e+16
8.8915768e+16
8.7515262e+16
8.7837087e+16
8.8416718e+16
8.8915807e+16
8.7515387e+16
8.7837076e+16
8.8416718e+16
8.8915853e+16
8.7515512e+16
8.7836972e+16
8.841662e+16
8.8915942e+16
8.9199966e+16
8.9740086e+16
9.0423421e+16
9.0916951e+16
8.9200029e+16
8.9740097e+16
9.0423294e+16
9.0916247e+16
8.9200106e+16
8.9740065e+16
9.042313e+16
9.0915184e+16
8.9200262e+16
8.9740157e+16
9.0422728e+16
9.0913443e+16
8.9200026e+16
8.9739801e+16
9.0422474e+16
9.0912504e+16
8.9199963e+16
8.9739947e+16
9.0422985e+16
9.0915043e+16
8.9199935e+16
8.9740049e+16
9.0423344e+16
9.0916747e+16
8.919995e+16
8.9740083e+16
9.0423423e+16
9.091704e+16
8.9199229e+16
8.9738996e+16
9.0423515e+16
9.0916816e+16
8.9199191e+16
8.9738954e+16
9.0423475e+16
9.0916765e+16
8.9199142e+16
8.9738903e+16
9.0423426e+16
9.0916748e+16
8.9199113e+16
8.9738886e+16
9.0423371e+16
9.091668e+16
8.919945e+16
8.9739247e+16
9.0423692e+16
9.0917091e+16
8.9199378e+16
8.9739164e+16
9.0423638e+16
9.0917009e+16
8.9199301e+16
8.9739078e+16
9.0423576e+16
9.0916905e+16
8.9199252e+16
8.9739023e+16
9.0423535e+16
9.0916841e+16
8.7509647e+16
8.7841515e+16
8.8416393e+16
8.8917194e+16
8.7509589e+16
8.7841492e+16
8.8416332e+16
8.8917131e+16
8.7509583e+16
8.7841453e+16
8.8416266e+16
8.8917055e+16
8.7509595e+16
8.784144e+16
8.8416229e+16
8.8917008e+16
8.7509575e+16
8.7841448e+16
8.841621e+16
8.8916989e+16
8.7509611e+16
8.7841442e+16
8.8416184e+16
8.8916952e+16
8.7509631e+16
8.7841455e+16
8.8416157e+16
8.8916913e+16
8.7509719e+16
8.7841414e+16
8.8416125e+16
8.8916871e+16
