FiniteElementSpace
FiniteElementCollection: L2_2D_P1
VDim: 1
Ordering: 0

9482.727034908805
-114547.6045801144
9593.592824162924
-113975.3882885694
-258991.5824447536
-479498.1072416966
-257663.5944832463
-477432.0556237045
-255757.9623825496
-474529.7154416073
-251808.6694799128
-468379.1151424863
9777.36842956193
-113215.0900620817
10110.62428540995
-111515.1315715602
10475.27576960933
-110004.9672754155
11032.93340278326
-107227.4682591521
11572.83801604584
-104988.9374455235
12358.33481986535
-101217.6789887188
-236065.1369421016
-443911.6402098607
-227266.8247016105
-430098.6669726034
-248047.333153231
-462600.6760988702
-241582.5341343843
-452505.9312855289
-658784.0952058564
-944612.2209012483
-643095.1607850253
-923750.2944756255
-629679.8201737896
-905797.0105780737
-608528.6732663388
-877268.5368384386
-1138213.941917835
-1479108.480157032
-1100036.2061915
-1430653.164030692
-1191090.785002715
-1545417.512115862
-1162595.578047864
-1509849.236304934
-1225512.36024482
-1587876.882520346
-1207888.356838045
-1566167.976798248
-677632.538524718
-969405.1532575737
-667981.5789928079
-956695.0560805284
-685566.0743554069
-979740.6113553868
-682309.0862353973
-975471.8467582493
-1240048.300827425
-1605597.188118303
-1234082.152776937
-1598301.44648799
-1921278.985743412
-2361793.620859879
-1911632.03071084
-2350417.319647024
-1897776.543941872
-2334105.150744109
-1869375.782294689
-2300290.043617321
-2700969.945575526
-3216526.756479243
-2658243.442990988
-3166609.142971006
-2736451.84607799
-3257526.59931585
-2721884.893731884
-3240708.403192513
-3695252.037227429
-4302575.527892117
-3674182.48162726
-4278572.909063138
-4805599.504880988
-5501313.630842923
-4776096.666803821
-5468059.187947935
-4733784.022275958
-5419940.975600386
-4647936.889843459
-5321607.463325298
-3643946.304518343
-4243969.713552398
-3582394.915356493
-4172860.188961752
-3523868.247918786
-4104451.225122848
-3426123.840097064
-3989298.824071013
-4566389.887750082
-5226902.543019192
-4430866.9296598
-5068481.690404602
-4315308.958678011
-4932120.699210988
-4138384.084412452
-4722799.716564
-3342661.225412508
-3889869.781066654
-3214225.079327949
-3736334.649523261
-2490926.238548764
-2967123.318130681
-2400607.810911467
-2857864.587823235
-2617573.990844855
-3118643.889092225
-2549297.166742423
-3037409.079413527
-1842320.058014254
-2267862.907006946
-1796661.920872255
-2212617.725668611
-1757600.022521096
-2164799.293048547
-1696811.092396159
-2089956.780181891
-1647294.480593026
-2028315.504593515
-1573747.730473542
-1936564.746325248
-1515519.174913914
-1863489.681565586
-1431595.519810317
-1758200.264558843
-2132756.159971395
-2530812.555204085
-2009654.991525355
-2380518.680666611
-2327118.274509609
-2768233.847130846
-2218508.587350309
-2635666.748740857
-3109956.708308853
-3611091.531310677
-2956611.380343256
-3426954.076756421
-3995215.543493095
-4553233.901500793
-3785677.287398942
-4305190.844295816
-3621969.69937837
-4112270.454020501
-3389219.131784447
-3838496.185400372
-2836084.335384589
-3282463.647537099
-2663854.428406958
-3076417.941083618
-2531873.783614168
-2919318.431758425
-2347109.570257178
-2699923.013026388
-3212311.720987872
-3631731.220972611
-2965996.417059918
-3344490.919383057
-2782920.712966861
-3132458.332587057
-2532024.09591877
-2842557.399872757
-2208508.037786641
-2536358.17746991
-2017519.475001263
-2311493.306866336
-1679999.894493805
-1980567.439474788
-1540057.414222766
-1811881.002754814
-1914671.329505958
-2264908.186973076
-1781063.414512635
-2102656.732039724
-1366500.988997301
-1676533.104993576
-1274599.663222702
-1561412.168370535
-1204574.178414503
-1474033.623849736
-1107237.940124561
-1352794.439583491
-787590.1916144629
-1023055.684869839
-725053.608192492
-941078.9197476087
-434481.7485285637
-632810.0089086143
-399673.5763497938
-582624.5265195923
-492239.7297444865
-715349.3088053132
-459590.0989242624
-668795.2325057564
-891081.1324851713
-1158881.369451715
-832487.9831531674
-1081955.483895923
-985713.6115917497
-1282760.208201827
-932484.2633437336
-1213240.458550092
-1068943.215878533
-1390668.95256945
-1022503.227011299
-1330751.223096373
-591328.8850623124
-853754.8160137623
-565472.4968412461
-818245.8846970804
-545024.9939274997
-789709.1585221052
-515331.4975412924
-748117.2393501628
-200743.1305403287
-387723.6480869343
-188165.9905613434
-367427.0429991414
-220142.4129869179
-418796.1129537576
-209276.1957979058
-401563.4487057965
13065.47340295147
-98284.23291742115
14083.62175503633
-93635.49708855379
14947.9561659891
-90052.83804019507
16204.34500597137
-84671.09105921519
17213.9934499827
-80495.60650353064
18712.98429763002
-74542.85250648233
-178472.4367199196
-351302.3153018294
-164636.2376643303
-328347.5045077255
-154080.5776469204
-310293.4577873658
-139521.8748035147
-285155.3782381454
19853.72006908794
-69836.84153186975
21593.75012403802
-63472.63783806282
