FiniteElementSpace
FiniteElementCollection: L2_2D_P3
VDim: 1
Ordering: 0

9.1139584e-19
1.0101737e-18
1.6642411e-18
1.9125175e-18
1.2512554e-18
3.2903317e-18
3.4702154e-18
4.6929355e-18
4.7744299e-18
8.9558041e-18
1.083812e-17
1.0519751e-17
9.6998732e-18
1.7404313e-17
1.7358522e-17
1.5044158e-17
-7.537478e-18
-5.1063e-18
-1.50265e-18
2.3035968e-18
-9.9686254e-18
-7.0432742e-18
-9.4936961e-20
1.0563612e-18
-2.3621136e-17
-1.0948136e-17
-4.9989537e-18
7.0218051e-19
-4.1117901e-17
-2.5414497e-17
-1.4421375e-17
8.2132917e-19
-2.6804066e-17
-2.3956226e-17
-1.5868325e-17
-9.9628492e-18
-1.9418228e-17
-9.8992402e-18
-1.8173421e-17
-5.134331e-18
-2.0752953e-17
-2.1125902e-17
-6.7976937e-18
-6.442786e-19
-1.3559157e-17
-9.0218128e-18
9.3386521e-19
2.3518087e-18
-1.917621e-18
-2.4733283e-18
-2.6982411e-18
-1.8109949e-20
-6.0870286e-18
-2.3456923e-18
1.6860225e-18
-4.8732027e-19
-9.9741934e-19
1.5221427e-18
5.3836914e-19
-1.1373779e-18
7.6792903e-19
1.7304385e-18
9.6527382e-19
1.554361e-18
-1.2916937e-17
-1.5878074e-17
-6.0932394e-19
9.8515548e-20
-2.5078003e-17
-1.7426374e-17
1.6995056e-18
7.9028886e-20
-1.2529175e-17
-8.3956109e-18
-4.6846145e-18
-4.3421267e-18
-2.3993103e-19
-2.3601295e-18
-4.9075677e-18
-1.5445552e-18
-2.590153e-17
-1.8685596e-17
1.8438868e-18
-4.2188095e-18
-3.8798252e-17
-2.9060345e-17
4.6025453e-18
-2.3618051e-18
-2.8046016e-17
-1.4638271e-17
-6.3265632e-18
-3.8908474e-18
-9.866949e-18
-8.6566235e-18
-4.8572294e-18
-1.8507814e-18
-1.6585602e-16
-1.8652632e-16
-1.5718252e-18
-1.2080834e-17
-3.421023e-16
-2.1370703e-16
3.862643e-17
-1.4553234e-18
-1.9099188e-16
-1.1169039e-16
-4.4098584e-17
-2.9718759e-17
-4.6236696e-17
-4.720051e-17
-9.3050695e-17
-1.8801383e-17
-5.0122822e-17
-5.6613219e-17
-3.9493442e-17
-4.0032643e-18
-7.162336e-17
-4.0149155e-17
3.6827917e-17
-5.4518222e-18
-3.8072771e-17
-6.5533263e-18
-8.3786424e-18
-1.1319548e-17
-7.7766579e-18
-2.0542855e-17
-2.215751e-17
-3.6731548e-18
-5.0618963e-16
-4.2260138e-16
-2.3937241e-16
-1.2999064e-16
-4.0722301e-16
-1.8783106e-16
-2.5349859e-16
-1.2490407e-16
-3.2456892e-16
-2.7933302e-16
-9.7170322e-17
-9.9377989e-18
-2.094435e-16
-1.0880304e-16
-1.8663541e-17
-5.0133288e-18
-9.6560962e-16
-7.146882e-16
-4.627073e-16
-5.8619123e-17
-1.1614344e-15
-7.4576068e-16
2.7278079e-16
-1.4872869e-16
-8.3668919e-16
-2.9743115e-16
-9.1757461e-17
-1.6582427e-16
-4.0057335e-16
-4.1986526e-16
-3.0747811e-16
-8.0035452e-17
-8.2308661e-15
-3.9666035e-15
-3.604437e-15
-2.0879876e-15
-5.4464086e-15
-2.3615011e-15
-3.2024909e-15
-1.9440893e-15
-3.1606088e-15
-2.7529874e-15
-1.1269036e-15
-5.2224807e-16
-2.0699023e-15
-1.3898555e-15
-6.0622051e-16
-4.2247692e-16
-1.142496e-15
-1.4852432e-15
-6.6585728e-16
-5.3451635e-16
-9.2868011e-16
-6.1534587e-16
4.1856637e-17
-2.7534798e-16
-4.6923552e-16
3.1331644e-16
-1.290536e-16
-4.336287e-16
1.1625172e-17
-1.8906964e-16
-3.6175881e-16
-1.7061757e-16
-2.0956665e-16
-4.5541318e-16
-2.2808287e-16
-3.1888611e-17
-2.3883032e-16
-2.0028366e-16
-5.9885456e-17
-8.3478246e-17
-3.7366971e-17
2.7686836e-17
-6.646723e-17
-1.0312001e-16
-1.0399349e-17
-3.6910805e-17
-7.8933324e-17
-5.3924629e-17
-9.3399552e-17
-1.3692948e-16
-2.9629841e-17
-2.8439593e-17
-1.065515e-16
-5.3299253e-17
-1.1474403e-17
-1.0315606e-17
-5.2758515e-17
1.3682511e-17
-1.5178919e-17
-2.8619872e-17
-2.9650796e-17
-2.5568399e-17
-3.0373018e-17
-1.3414894e-17
-4.9298157e-17
-5.1849195e-17
-2.6808964e-17
-4.4793094e-18
-7.4121758e-17
-5.7781981e-17
-2.8249845e-17
-1.4190733e-17
-1.3775491e-16
-8.9771251e-17
-4.9016732e-17
-3.0419442e-17
-2.1762556e-16
-1.3503457e-16
-8.3260472e-17
-5.5683339e-17
-4.8014992e-17
-9.1218878e-17
-6.6861511e-17
-4.7257045e-17
-5.795281e-17
-9.4187628e-17
-8.0091813e-17
-7.3987776e-17
-9.2909558e-17
-1.7732835e-16
-1.9399038e-16
-1.641746e-16
-1.9955247e-16
-3.2649281e-16
-3.5386164e-16
-2.7768327e-16
5.5697505e-16
1.9344496e-16
7.3190248e-17
-4.8338896e-18
8.5985783e-16
4.1697807e-16
1.3123344e-16
-3.9448033e-18
1.3498868e-15
7.4352598e-16
2.5460837e-16
-2.3067274e-18
1.5841199e-15
1.0942479e-15
3.6733349e-16
-6.8050081e-17
3.2980388e-16
-1.7998774e-16
-2.3307964e-16
-4.5938655e-17
4.6454809e-16
1.9138553e-16
5.9932416e-17
-1.6101293e-16
8.2847002e-16
6.0179285e-16
5.5820716e-17
-9.5129391e-17
5.3561953e-16
2.1787181e-16
5.3645228e-17
-9.8590403e-19
-1.4711445e-14
-1.2447218e-15
1.8735531e-15
6.5669681e-16
-3.1061019e-15
2.4205727e-15
1.906885e-15
7.2579793e-16
2.6461815e-15
3.0274685e-15
1.7703449e-15
9.1520981e-16
3.5359758e-15
2.7610844e-15
1.7112012e-15
8.7126776e-16
4.7225648e-15
3.3502873e-15
1.8018611e-15
8.9981952e-16
7.2673376e-15
4.8881435e-15
2.4587071e-15
1.2793334e-15
1.2730011e-14
8.5452939e-15
3.9989918e-15
1.8783046e-15
1.9305896e-14
1.3062535e-14
5.2132136e-15
2.0641823e-15
-3.2488868e-14
-6.7977894e-15
5.2001017e-15
5.5667858e-15
5.005932e-15
1.0782748e-14
1.1186007e-14
8.6523481e-15
1.9746689e-14
2.3961373e-14
2.0547805e-14
1.5187933e-14
2.4441615e-14
3.8812496e-14
3.0773861e-14
2.2167524e-14
-9.2245712e-13
-5.1118242e-13
-1.6078628e-13
-5.4854507e-14
-5.9286553e-13
-2.42729e-13
-3.3880211e-14
-3.3970917e-16
-1.7509411e-13
-4.3074348e-14
1.4194508e-14
1.6453459e-14
3.5906068e-14
3.4860955e-14
-2.4818658e-16
7.1890908e-15
-7.3883166e-12
-5.7688318e-12
-2.7034467e-12
-1.2023595e-12
-5.947483e-12
-3.9082571e-12
-1.5765441e-12
-6.717397e-13
-2.6703657e-12
-1.7230669e-12
-6.5919925e-13
-2.6805634e-13
-1.1696017e-12
-7.514631e-13
-2.8055147e-13
-1.070921e-13
-8.2821249e-13
-3.742702e-13
-9.3227627e-14
-2.9308611e-14
-4.5891931e-13
-1.9984173e-13
-4.3957822e-14
-9.5954915e-15
-1.8308042e-13
-7.6496803e-14
-1.0805649e-14
1.0709589e-15
-6.9397284e-14
-2.4465159e-14
1.0555893e-15
3.8779159e-15
-4.6659289e-12
-2.4228925e-12
-8.678386e-13
-3.5416885e-13
-3.1398699e-12
-1.5608543e-12
-5.1353676e-13
-1.9226548e-13
-1.786298e-12
-8.6089063e-13
-2.4285458e-13
-7.9600411e-14
-1.1021621e-12
-5.0952807e-13
-1.3359672e-13
-4.3109336e-14
6.3693281e-11
6.9283955e-12
-1.1556341e-11
-6.6419455e-12
1.6447801e-11
-5.2768353e-12
-8.7145783e-12
-4.4955066e-12
-4.1004449e-12
-8.0634439e-12
-5.4061252e-12
-2.5621711e-12
-6.985925e-12
-6.6236712e-12
-3.4874927e-12
-1.5880232e-12
1.1013577e-09
3.5819505e-10
-6.0869944e-12
-1.9701172e-11
5.9854881e-10
1.8129357e-10
-1.4176015e-11
-1.6023176e-11
2.4214771e-10
6.1559905e-11
-1.5290049e-11
-1.1228889e-11
1.0767034e-10
1.9720099e-11
-1.3018459e-11
-8.0506448e-12
-1.4056002e-11
-9.5037955e-12
-5.1381499e-12
-2.320444e-12
-1.136726e-11
-7.013306e-12
-3.3785503e-12
-1.4745112e-12
-7.9915666e-12
-4.5227633e-12
-1.8548194e-12
-7.5724769e-13
-5.6897974e-12
-3.0378332e-12
-1.1401324e-12
-4.675718e-13
-1.3951105e-12
-5.1890482e-13
-1.623096e-13
-8.3720634e-14
-8.6678047e-13
-2.9984729e-13
-9.617736e-14
-5.392584e-14
-4.5136909e-13
-1.5481444e-13
-4.376772e-14
-2.1479815e-14
-2.7910197e-13
-9.6096194e-14
-2.2092221e-14
-9.6567603e-15
-2.0778572e-13
-6.8158071e-14
-1.5245693e-14
-8.3591673e-15
-1.0794425e-13
-2.8392598e-14
-4.221824e-15
-3.9150776e-15
-4.3659494e-14
-8.8317634e-15
1.087252e-15
8.9638905e-16
-2.3388603e-14
-4.0247895e-15
1.6244526e-15
1.0356331e-15
-5.8692355e-15
-4.667019e-15
-2.5680291e-15
-1.0300766e-15
-3.2958495e-15
-1.5550577e-15
-1.0856988e-15
-1.0823847e-15
1.7142013e-15
1.8940978e-15
-3.7799832e-16
-8.7907991e-16
9.0670774e-16
2.6717956e-16
-3.2316875e-16
-1.2101505e-16
-4.6338684e-14
-1.3662916e-14
-1.2671062e-14
-1.0949107e-14
-2.9596802e-14
-6.7002533e-15
-5.2807127e-15
-7.430957e-15
-8.5561934e-15
5.5315254e-15
-8.6288334e-16
-4.0051547e-15
-4.796667e-15
-2.273912e-15
-2.7407753e-15
-1.5434934e-15
-2.335255e-13
-5.0833622e-14
-3.1737526e-14
-2.9499676e-14
-1.5002331e-13
-2.2645724e-14
-2.1169116e-14
-2.0304133e-14
-8.0542024e-14
-1.8497884e-14
-7.7301164e-15
-8.916295e-15
-5.2278894e-14
-1.8632993e-14
-1.0586426e-14
-1.2724451e-14
-5.2114503e-13
-1.3583425e-13
-8.722019e-14
-4.1563605e-14
-4.0691202e-13
-9.1608652e-14
-3.1507658e-14
-4.4223815e-14
-3.280527e-13
-6.5265799e-14
-2.264884e-14
-3.5802216e-14
-2.7740304e-13
-6.8779788e-14
-3.7851119e-14
-2.6792993e-14
-1.5660191e-11
-6.0886327e-12
-2.4663928e-12
-1.1024235e-12
-1.2351356e-11
-4.7388676e-12
-1.8787665e-12
-8.625708e-13
-8.7746558e-12
-3.3153706e-12
-1.2318808e-12
-6.2620413e-13
-6.672207e-12
-2.5015308e-12
-9.4280669e-13
-5.3061001e-13
-5.6607107e-12
-2.0954423e-12
-8.3012231e-13
-4.6110948e-13
-3.9947515e-12
-1.4710595e-12
-5.5769608e-13
-3.0382827e-13
-2.5048014e-12
-9.3940527e-13
-3.3005685e-13
-1.5965607e-13
-1.7391232e-12
-6.6554504e-13
-2.1404676e-13
-1.0197837e-13
-7.802032e-12
-1.9843243e-11
-1.9762839e-11
-9.6705963e-12
-1.4394995e-11
-1.7755393e-11
-1.4514028e-11
-6.8627916e-12
-1.7128193e-11
-1.442826e-11
-9.2376507e-12
-4.2086704e-12
-1.5467929e-11
-1.1139583e-11
-6.3460511e-12
-2.8860242e-12
7.0588082e-09
2.5900043e-09
1.9999788e-10
-8.747221e-12
4.6254204e-09
1.664205e-09
1.0430021e-10
-1.8998686e-11
2.501555e-09
8.6856895e-10
3.0812902e-11
-2.3196093e-11
1.4844871e-09
4.9583231e-10
2.4309421e-12
-2.1381978e-11
2.5207815e-08
9.6664641e-09
1.0527736e-09
1.3396974e-10
1.9049971e-08
7.2461719e-09
7.4705033e-10
7.7359778e-11
1.2526121e-08
4.6986522e-09
4.3828755e-10
2.450804e-11
8.7000684e-09
3.2192665e-09
2.686789e-10
-2.9705912e-13
8.9063815e-11
-1.2190324e-11
-5.0935994e-11
-2.6980764e-11
5.0100101e-11
-1.8527237e-11
-4.1614307e-11
-2.1187502e-11
1.3617221e-11
-2.2266148e-11
-3.0238287e-11
-1.4998604e-11
-2.3234594e-12
-2.0957927e-11
-2.3112428e-11
-1.1386175e-11
3.0457545e-10
2.9273077e-11
-9.0043125e-11
-4.9144699e-11
2.4448487e-10
1.6273459e-11
-8.0627416e-11
-4.3641463e-11
1.6653644e-10
7.4563112e-13
-6.6344679e-11
-3.5633966e-11
1.1375751e-10
-7.812997e-12
-5.628903e-11
-2.9896013e-11
5.39857e-08
2.1103545e-08
2.5813272e-09
4.5001533e-10
4.6431035e-08
1.8085363e-08
2.1666456e-09
3.6192722e-10
3.6277591e-08
1.4043518e-08
1.6232651e-09
2.4801822e-10
2.8866629e-08
1.1110493e-08
1.2383074e-09
1.7015344e-10
7.1068982e-08
2.7977139e-08
3.5648824e-09
6.8156262e-10
6.9271718e-08
2.7242493e-08
3.4519142e-09
6.5156709e-10
6.3816833e-08
2.5043332e-08
3.1341101e-09
5.7392258e-10
5.7730274e-08
2.2602802e-08
2.7891357e-09
4.9517446e-10
4.6231988e-10
6.512356e-11
-1.0932364e-10
-5.9149577e-11
4.4206851e-10
6.1269218e-11
-1.0662651e-10
-5.8905465e-11
3.8841903e-10
4.8884422e-11
-1.0036263e-10
-5.5253762e-11
3.3502786e-10
3.6200245e-11
-9.4179617e-11
-5.140344e-11
-3.4358144e-11
-1.5238783e-11
-6.769459e-12
-3.2823172e-12
-3.4438259e-11
-1.4007342e-11
-6.0474323e-12
-3.138329e-12
-3.1845241e-11
-1.261395e-11
-5.7245482e-12
-2.8931067e-12
-2.9806974e-11
-1.2013594e-11
-5.3541665e-12
-2.6096172e-12
-2.8768387e-11
-1.1573036e-11
-4.9788372e-12
-2.3991883e-12
-2.5851805e-11
-1.0145022e-11
-4.1342956e-12
-2.0975369e-12
-2.0784333e-11
-8.0331894e-12
-3.3688556e-12
-1.606046e-12
-1.7328141e-11
-6.8321405e-12
-2.8035936e-12
-1.2484736e-12
-1.2640672e-12
-3.6321729e-13
-2.0578198e-13
-1.2580985e-13
-1.1074159e-12
-2.6594535e-13
-1.1535169e-13
-8.5192257e-14
-8.1857993e-13
-1.9470264e-13
-1.005249e-13
-5.7564223e-14
-5.9910363e-13
-1.902643e-13
-1.0448933e-13
-4.6048798e-14
-2.1679288e-12
-1.0523832e-12
-5.3611949e-13
-3.5272876e-13
-1.893271e-12
-7.9685991e-13
-4.1809333e-13
-2.7544232e-13
-1.5513851e-12
-5.4365812e-13
-3.4053095e-13
-2.0677015e-13
-1.3091067e-12
-4.2876728e-13
-2.6761667e-13
-1.5255937e-13
-2.6162085e-13
-1.5049031e-13
-1.0931846e-13
-8.3541074e-14
-2.0328509e-13
-1.1789933e-13
-7.5498438e-14
-5.3299308e-14
-1.2142922e-13
-6.404608e-14
-4.5936916e-14
-2.9302289e-14
-7.7928088e-14
-3.395769e-14
-2.8649662e-14
-1.9332885e-14
-6.2103798e-14
-3.4257823e-14
-1.8432689e-14
-1.2004844e-14
-4.1884166e-14
-2.5154738e-14
-1.2927281e-14
-7.8113399e-15
-2.040517e-14
-1.2769076e-14
-7.5167135e-15
-4.3011113e-15
-1.2212975e-14
-6.9284863e-15
-4.4147906e-15
-2.6521701e-15
-1.0071289e-14
-5.6551247e-15
-2.8013187e-15
-1.8183529e-15
-6.7713853e-15
-3.8459164e-15
-1.2865608e-15
-7.7347987e-16
-3.0967156e-15
-1.2927868e-15
-1.421775e-15
-5.8755255e-16
-2.1189522e-15
-5.9721551e-16
-1.0781077e-15
-5.116865e-16
-6.7953248e-14
-2.3984358e-14
-1.8306812e-14
-1.4149739e-14
-5.1283319e-14
-1.2961708e-14
-6.5766069e-15
-7.7327712e-15
-2.4165492e-14
-5.3940187e-15
-8.8408992e-15
-5.4393092e-15
-1.3960497e-14
-5.5800351e-15
-8.5294008e-15
-5.2419585e-15
-2.6252641e-14
-6.8200717e-15
-3.9308831e-15
-4.2883167e-15
-3.6408702e-14
-5.1378031e-15
1.421115e-15
-3.0201855e-15
-1.8094459e-14
-3.6669345e-15
-6.0605471e-15
-4.4017408e-15
-5.9600413e-15
-5.4804104e-15
-8.3744275e-15
-4.0329948e-15
-1.2359932e-14
-6.2332289e-15
-4.902281e-15
-2.9703423e-15
-1.4562252e-14
-1.7637779e-15
1.4786138e-15
-2.9999514e-15
-8.6047004e-15
-1.8725287e-15
-2.4200974e-15
-3.2411064e-15
-9.739889e-15
-3.8430937e-15
-4.4521223e-15
-1.727616e-15
-2.902599e-15
-1.284575e-15
-3.7747434e-16
-2.2614591e-16
-4.0402677e-15
-1.4396268e-15
7.7789996e-17
-1.5923351e-16
-2.2633222e-15
-1.0942445e-15
-5.9984169e-16
-3.3934288e-16
-2.7999306e-16
-1.0457152e-15
-7.31928e-16
-1.4645157e-16
-2.9377139e-15
-1.0259994e-15
-3.5208207e-16
-2.9161937e-16
-4.2222595e-15
-1.169244e-15
2.0945854e-16
-8.1245871e-17
-2.1717412e-15
-9.8968362e-16
-7.8316028e-16
-3.7333969e-16
-1.8219368e-15
-9.5707406e-16
-8.9718836e-16
-3.1085597e-16
-2.1969636e-16
-6.7420698e-17
-2.9069264e-17
-1.6874896e-17
-2.8960204e-16
-1.2498505e-16
1.6756982e-17
3.5165101e-18
-1.574975e-16
-7.2638377e-17
-6.4519686e-17
-3.3875736e-17
-5.5423992e-17
-7.2932215e-17
-7.914286e-17
-3.6088555e-17
-2.0653042e-16
-1.1117218e-16
-1.3258476e-17
-1.2444259e-17
-3.8202433e-16
-1.3757271e-16
3.7068204e-17
2.6885188e-18
-2.0293404e-16
-1.1176445e-16
-7.0064425e-17
-3.6786122e-17
-9.8540754e-17
-1.0136111e-16
-6.1266237e-17
-2.1903611e-17
-1.9441034e-17
-7.5913142e-18
-3.155897e-19
-9.0972592e-19
-3.0852361e-17
-1.6064952e-17
1.2341226e-18
-2.5145115e-19
-1.5850039e-17
-8.5665464e-18
-7.885323e-18
-5.6573571e-18
-5.4371686e-18
-4.0286905e-18
-5.7916531e-18
-4.5297144e-18
-1.1806843e-17
-4.4947847e-18
-1.0635715e-18
-1.4831796e-18
-2.1506804e-17
-1.0920455e-17
7.7946725e-19
-1.2682469e-19
-1.2640192e-17
-7.5263855e-18
-6.6111711e-18
-3.4548597e-18
-8.1038664e-18
-8.0251337e-19
-4.847283e-18
-2.5468012e-18
-1.2119277e-16
-5.4015696e-17
-2.4770886e-17
-2.0833827e-17
-6.5840349e-17
-3.0893012e-17
-1.3736902e-17
-6.7326905e-18
-2.6949141e-17
-1.3361975e-17
-1.1064722e-17
-2.9842313e-18
-9.9290034e-18
-2.3496291e-18
-5.7750403e-18
-3.1299364e-18
-1.3766502e-15
-7.3406902e-16
-3.2493463e-16
-1.7964944e-16
-9.3021445e-16
-5.1958344e-16
-1.65931e-16
-8.3183496e-17
-3.9158582e-16
-2.2350566e-16
-1.348103e-16
-5.2722103e-17
-1.3482263e-16
-4.3596556e-17
-9.0331203e-17
-3.5181927e-17
-8.8021207e-15
-4.4654107e-15
-1.9276659e-15
-1.1892199e-15
-5.9029695e-15
-3.2652349e-15
-1.3952511e-15
-7.4383834e-16
-3.0125e-15
-1.7061866e-15
-7.9525928e-16
-3.8985865e-16
-1.7249779e-15
-9.0651685e-16
-4.679862e-16
-2.4733549e-16
-9.2530375e-16
-5.2681587e-16
-2.3137247e-16
-1.4583259e-16
-5.4867971e-16
-3.1422609e-16
-1.5684227e-16
-1.1090155e-16
-2.5983382e-16
-1.3751332e-16
-7.8638632e-17
-6.3369382e-17
-1.5881394e-16
-7.0553172e-17
-3.954276e-17
-3.1681564e-17
