FiniteElementSpace
FiniteElementCollection: L2_2D_P1
VDim: 1
Ordering: 0

0.0036867621
0.0037380644
0.013757223
0.013948667
0.0037751541
0.0038251498
0.01408706
0.014273628
0.021634326
0.021920845
0.031940034
0.032363045
0.021127777
0.021421784
0.031192184
0.031626249
0.038555926
0.039092457
0.048607814
0.04928423
0.055960173
0.056738892
0.065993333
0.066911677
0.057301834
0.05806072
0.067575545
0.068470499
0.039480321
0.040003187
0.04977321
0.050432399
0.040380931
0.040889818
0.05090862
0.051550185
0.058608973
0.05934757
0.069117044
0.069988072
0.059880804
0.060598668
0.070616908
0.071463485
0.041257214
0.041751817
0.052013362
0.052636919
0.022608027
0.022879058
0.03337757
0.033777715
0.022127841
0.022406701
0.032668643
0.033080344
0.0038612718
0.0039099309
0.014408411
0.014589991
0.0039450632
0.0039923564
0.014721081
0.014897565
0.0040264784
0.004072377
0.015024884
0.015196165
0.023074593
0.023337635
0.034066393
0.034454741
0.023527261
0.023782154
0.034734695
0.035111013
0.0041054673
0.0041499447
0.015319636
0.015485612
0.0041819843
0.0042250131
0.015605162
0.015765731
0.0042559828
0.0042975368
0.015881288
0.016036356
0.02438982
0.024627962
0.036008146
0.036359733
0.023965758
0.02421235
0.035382076
0.035746138
0.043734917
0.044184919
0.055137035
0.055704362
0.044508781
0.044943363
0.056112657
0.056660544
0.064600099
0.065230847
0.076182345
0.076926187
0.06347692
0.064130049
0.074857786
0.075628021
0.062315509
0.062990626
0.07348814
0.074284306
0.042934711
0.043399863
0.054128205
0.054714631
0.042108645
0.042588666
0.053086772
0.053691945
0.061116564
0.061813264
0.072074231
0.072895849
0.08008663
0.080999572
0.091017123
0.092054672
0.099007237
0.10013585
0.1099039
0.11115673
0.10094945
0.1020431
0.11205987
0.11327389
0.081657702
0.082542361
0.092802623
0.093808029
0.083179588
0.084035434
0.094532225
0.095504885
0.084651375
0.085477892
0.09620489
0.097144219
0.10465033
0.1056721
0.11616807
0.1173023
0.10283086
0.10388889
0.11414835
0.11532282
0.12241877
0.12367831
0.13369424
0.1350698
0.12458479
0.12580117
0.13605977
0.13738819
0.14444266
0.1458529
0.15586794
0.15738972
0.14193144
0.14339172
0.15315809
0.15473388
0.13933473
0.14084418
0.15035599
0.15198483
0.12017901
0.12148097
0.1312482
0.13267007
0.11786687
0.11921045
0.1287231
0.13019043
0.1366541
0.13821181
0.14746333
0.14914425
0.13389114
0.13549618
0.14448184
0.14621383
0.13104753
0.13269892
0.14141331
0.14319533
0.11303101
0.11445539
0.12344184
0.12499742
0.11548372
0.11686812
0.12612046
0.12763236
0.097005384
0.098168282
0.10768173
0.10897262
0.078467317
0.079407992
0.089176799
0.090245866
0.076800735
0.077768579
0.087282755
0.088382699
0.094945093
0.09614158
0.10539468
0.10672286
0.092827604
0.09405696
0.10304415
0.10440881
0.075087886
0.076082317
0.08533613
0.08646629
0.073329799
0.07435022
0.083338093
0.08449779
0.090654188
0.091915674
0.10063153
0.10203186
0.10792281
0.10942457
0.11786316
0.11950325
0.1105102
0.11197371
0.12068885
0.12228717
0.12812496
0.12982173
0.13825958
0.14009056
0.1251252
0.12686632
0.13502256
0.13690139
0.14225098
0.14423036
0.15209937
0.15421579
0.15928981
0.16150625
0.16908333
0.17143603
0.1631085
0.16526847
0.17313677
0.17542953
0.14566125
0.14759022
0.15574573
0.15780823
0.14898376
0.15086115
0.15929824
0.1613056
0.15221652
0.15404119
0.16275479
0.16470579
0.1704488
0.172492
0.18092832
0.18309712
0.1668289
0.16893112
0.17708589
0.17931734
0.18457222
0.18689797
0.19476554
0.19721973
0.18857703
0.19083748
0.19899149
0.20137678
0.20659031
0.20906664
0.21693348
0.21953377
0.20220304
0.20475091
0.21232659
0.215002
0.19769395
0.20031182
0.20759178
0.2103407
0.1804562
0.18284586
0.19042224
0.19294386
0.17623146
0.17868358
0.18596421
0.18855175
0.19306573
0.19575204
0.20273188
0.20555267
0.20978253
0.21270139
0.21937628
0.2224286
0.21481139
0.21765587
0.22463507
0.22760962
0.23179825
0.23486762
0.2415419
0.24474027
0.22637183
0.22952144
0.23588743
0.23916941
0.24282369
0.24620214
0.25225543
0.25576509
0.25912825
0.26273348
0.2684705
0.27220569
0.26533965
0.26885302
0.27490579
0.27854581
0.24864437
0.25193674
0.25830215
0.26172239
0.25431522
0.25751954
0.26419323
0.26752199
0.27139116
0.27481057
0.28117543
0.2847181
0.27727916
0.28060255
0.28727566
0.29071886
0.25983285
0.26294719
0.26992513
0.27316042
0.2422289
0.24513229
0.25241092
0.25543634
0.237085
0.24007227
0.24705083
0.25016366
0.2197108
0.22247922
0.2297585
0.23265351
0.22447784
0.22716852
0.23474351
0.23755722
0.22910964
0.23172097
0.23958709
0.24231784
0.23360342
0.23613384
0.24428635
0.24693248
0.25207589
0.25480635
0.26267177
0.26551699
0.24722686
0.25004463
0.25761894
0.26055514
0.26519393
0.26821643
0.27549441
0.27863429
0.2830001
0.28622548
0.29320283
0.29654448
0.28855057
0.291676
0.29895338
0.30219148
0.27039526
0.2733241
0.28089774
0.28394033
0.27543372
0.27826714
0.28613187
0.28907534
0.29392723
0.29695084
0.30452385
0.30765646
0.29912685
0.30204682
0.30991091
0.31293615
0.28030627
0.28304257
0.29119366
0.29403624
0.26131561
0.26386658
0.27229983
0.27495802
0.25677308
0.25941459
0.26756638
0.27031891
0.23795649
0.24040447
0.24883846
0.25139839
0.24216622
0.2445303
0.2532407
0.25571288
0.22286956
0.22504531
0.23402766
0.23631234
0.20343718
0.20542326
0.21467223
0.216768
0.19990054
0.20195711
0.21094029
0.21311043
0.21899519
0.22124815
0.22995933
0.23232509
0.2149889
0.21731774
0.2257525
0.22819792
0.21085312
0.21325642
0.22140968
0.22393329
0.19246823
0.19466203
0.20309757
0.20541251
0.19624349
0.19836931
0.2070813
0.20932451
0.17737842
0.17929993
0.18828395
0.19032358
0.17396601
0.17594896
0.18466175
0.18676661
0.15535757
0.15712844
0.16611329
0.16800676
0.15840503
0.16012104
0.16937172
0.17120653
0.16135708
0.16301719
0.17252813
0.17430318
0.18068399
0.1825429
0.19179273
0.19376593
0.18388072
0.18567593
0.19518599
0.19709156
0.16421194
0.16581516
0.17558063
0.17729484
0.1669679
0.16851326
0.17852738
0.18017973
0.18696671
0.18869712
0.19846169
0.2002985
0.18994009
0.19160468
0.20161788
0.20338481
0.16962329
0.17110987
0.18136661
0.1829561
0.17217653
0.17360343
0.18409662
0.1856223
0.17462609
0.17599245
0.18671576
0.18817673
0.19554196
0.19707194
0.20756417
0.20918822
0.19279908
0.19439684
0.20465264
0.20634864
0.2133038
0.21507145
0.22508372
0.226949
0.21633832
0.21803098
0.22828584
0.23007198
0.23700268
0.23885698
0.24886835
0.25081549
0.23367838
0.23561483
0.24537762
0.24741102
0.23021336
0.23223081
0.24173912
0.24385757
0.21014082
0.2119824
0.22174607
0.22368935
0.20685129
0.2087657
0.21827488
0.22029501
0.2266097
0.22870693
0.23795504
0.24015727
0.24623011
0.24850886
0.25749041
0.25987337
0.25014569
0.25233776
0.26158505
0.26387737
0.26992588
0.27229123
0.281272
0.28373678
0.26570075
0.26815965
0.27686929
0.27943154
0.28501
0.28764755
0.29608008
0.29882007
0.30414631
0.3069609
0.31511133
0.31802738
0.3089826
0.31169011
0.32012198
0.3229271
0.28954209
0.29207929
0.30078819
0.30342395
0.29389981
0.29633515
0.30531518
0.30784511
0.31363283
0.31623164
0.32493986
0.32763237
0.3180942
0.32058274
0.32956208
0.33214036
0.29808055
0.30041256
0.30965831
0.31208092
0.27788602
0.28006009
0.28956675
0.29183221
0.27398845
0.27625884
0.28550534
0.28787117
0.25391064
0.2560147
0.26552217
0.26772246
0.25752268
0.25953747
0.2692994
0.27140633
0.26097964
0.26290396
0.27291447
0.27492679
0.26427947
0.26611215
0.27636521
0.27828172
0.28517694
0.2871545
0.29716418
0.29922488
0.28161627
0.2836927
0.29345381
0.29561754
0.3020818
0.30430909
0.313815
0.31612881
0.32236402
0.32474082
0.33398587
0.33644837
0.32643975
0.32870336
0.33820858
0.34055382
0.30590116
0.30802239
0.31778274
0.31998638
0.30953634
0.31155023
0.32155915
0.32365129
0.33031894
0.33246801
0.34222766
0.34445424
0.33399924
0.33603249
0.34604071
0.3481473
0.31298515
0.3148905
0.32514197
0.32712136
0.29178113
0.29355743
0.30404606
0.30589705
0.2885659
0.2904434
0.30069564
0.30265207
0.26742016
0.26916011
0.27964956
0.2814691
0.27039984
0.27204601
0.28276555
0.28448703
0.24885405
0.25036908
0.26131315
0.26290406
0.22715663
0.22853961
0.23970167
0.24116105
0.22465335
0.22611511
0.23706012
0.23860262
0.24611173
0.24771307
0.2584335
0.26011503
0.24322122
0.24490791
0.25539825
0.2571694
0.24018427
0.24195529
0.25220923
0.25406893
0.21924257
0.22085921
0.23135048
0.23305642
0.2220148
0.22355446
0.23427583
0.23590054
0.2006729
0.20206459
0.21301058
0.21448785
0.19816709
0.19962837
0.2103507
0.21190183
0.17697048
0.17827549
0.18922248
0.19061784
0.17920832
0.18045118
0.19161525
0.19294417
0.18133824
0.18251822
0.19389264
0.19515433
0.20305787
0.20437915
0.2155422
0.21694473
0.20532057
0.20657064
0.21794404
0.21927098
0.18335897
0.18447536
0.19605329
0.19724698
0.16128501
0.16226703
0.17404256
0.17510226
0.15950751
0.16054546
0.17212443
0.1732445
0.13757883
0.13847411
0.15025067
0.15122842
0.139112
0.13995904
0.15192508
0.15285013
0.11685334
0.11756486
0.12971419
0.13050402
0.094522527
0.095098087
0.10742334
0.10807746
0.093480736
0.094089079
0.10623936
0.10693073
0.11556545
0.1163175
0.12828454
0.12911937
0.11420797
0.1150001
0.12677766
0.12765697
0.092382656
0.093023417
0.1049914
0.10571962
0.091228947
0.091901741
0.10368022
0.10444484
0.11278173
0.11361345
0.12519443
0.1261177
0.13426492
0.13525505
0.14663151
0.14771285
0.13596281
0.1369058
0.14848579
0.14951565
0.15763395
0.15872722
0.17010267
0.17128243
0.15566548
0.15681341
0.16797848
0.16921722
0.15360327
0.15480517
0.16575315
0.16705012
0.13248618
0.13352286
0.14468893
0.1458211
0.13062765
0.13171026
0.14265922
0.14384155
0.15144856
0.15270371
0.163428
0.16478243
0.14920265
0.15051029
0.16100443
0.16241551
0.14686688
0.14822623
0.15848391
0.15995078
0.12667577
0.12784826
0.13834334
0.13962383
0.12869046
0.12981835
0.1405436
0.14177538
0.10809913
0.10904657
0.11999645
0.12104817
0.10640677
0.10739167
0.11811783
0.11921113
0.086072177
0.086868871
0.097819613
0.098725048
0.087441143
0.088207534
0.099375425
0.10024642
0.088757448
0.089493076
0.10087139
0.10170742
0.10972639
0.11063579
0.12180281
0.12281231
0.11128757
0.11215839
0.12353581
0.12450249
0.090020302
0.090724725
0.10230661
0.10310718
0.068697345
0.069234919
0.081014213
0.081648174
0.047331766
0.047702152
0.059671635
0.060138588
0.046667755
0.047054548
0.058834507
0.059322145
0.067733609
0.068294996
0.079877682
0.080539726
0.066729083
0.067313946
0.078693047
0.079382777
0.06568437
0.066292359
0.077461022
0.078178023
0.045255839
0.04567474
0.057054483
0.0575826
0.045975641
0.046378609
0.057961948
0.058469979
0.02519363
0.025414449
0.037194863
0.037520874
0.024799193
0.025028742
0.036612529
0.03695143
0.0043274176
0.0043674722
0.01614785
0.016297322
0.0043962457
0.0044347772
0.016404686
0.016548474
0.0044624269
0.0044994118
0.016651644
0.016789659
0.025572896
0.025784851
0.037754797
0.038067722
0.02593676
0.026139725
0.038291994
0.038591645
0.0045259211
0.0045613368
0.016888573
0.017020734
0.0045866894
0.004620515
0.017115332
0.01724156
0.0046446953
0.0046769108
0.017331785
0.017452003
0.026617424
0.026802046
0.039296903
0.039569474
0.026285006
0.026478858
0.038806133
0.03909233
0.047967273
0.048321029
0.060472829
0.060918817
0.069619713
0.07013315
0.082101958
0.082707455
0.070500157
0.070989148
0.083140264
0.083716932
0.048573896
0.048910809
0.061237609
0.061662362
0.049151269
0.049471138
0.061965513
0.062368778
0.071338148
0.071802401
0.084128506
0.084676
0.072133184
0.072572418
0.08506609
0.08558408
0.049699047
0.050001678
0.062656105
0.063037638
0.027233986
0.027399822
0.040207173
0.040452009
0.026933814
0.027109096
0.03976401
0.040022791
0.0046999048
0.0047304905
0.017537801
0.017651937
0.0047522846
0.0047812218
0.017733258
0.017841243
0.0048018026
0.0048290741
0.017918035
0.018019805
0.027517759
0.02767405
0.040626126
0.04085687
0.027784963
0.027931614
0.041020617
0.041237129
0.0048484288
0.0048740187
0.018092025
0.018187518
0.0048921362
0.0049160287
0.01825512
0.01834428
0.0049328983
0.0049550788
0.018407225
0.018489996
0.028269031
0.028396146
0.041735279
0.041922948
0.028035437
0.028172362
0.041390409
0.04159256
0.051161599
0.051411469
0.064499969
0.064814986
0.051587879
0.051819848
0.065037389
0.065329837
0.074874606
0.075211281
0.088299049
0.088696091
0.074255909
0.074618566
0.087569419
0.087997102
0.073592502
0.073980924
0.086787064
0.087245131
0.050704513
0.050972135
0.063923714
0.06426111
0.050216898
0.05050211
0.063308969
0.063668542
0.072884786
0.073298738
0.085952454
0.086440629
0.095507403
0.096049834
0.10854265
0.10915911
0.096434773
0.096943749
0.10959659
0.11017504
0.11921731
0.11984651
0.13233835
0.13303682
0.11807087
0.11874143
0.13106573
0.1318101
0.14056142
0.1413597
0.15350801
0.15437982
0.16296541
0.1638909
0.17585589
0.1768546
0.16454768
0.16541609
0.17756334
0.17850045
0.1419262
0.14267525
0.15499851
0.15581655
0.14320553
0.14390489
0.15639569
0.15715947
0.16603089
0.16684169
0.17916389
0.18003884
0.16741413
0.16816684
0.18065657
0.18146883
0.14439864
0.14504789
0.15769871
0.15840777
0.12129419
0.12183957
0.13464385
0.13524926
0.12029196
0.12087943
0.1335313
0.13418343
0.097304079
0.097779294
0.11058456
0.11112463
0.0981148
0.098555968
0.11150593
0.11200732
0.098866447
0.099273304
0.11236018
0.11282257
0.099558569
0.099930871
0.11314677
0.11356989
0.12307901
0.12353926
0.13662513
0.13713603
0.1222234
0.12272636
0.13567533
0.13623366
0.14550482
0.14610357
0.15890679
0.1595607
0.16869658
0.16939075
0.18204049
0.18278958
0.16987747
0.17051268
0.18331481
0.18400027
0.14652339
0.14707129
0.1600192
0.16061757
0.14745375
0.14795046
0.16103526
0.16157774
0.17095608
0.17153195
0.18447877
0.1851002
0.17193178
0.17244796
0.18553167
0.18608869
0.14829533
0.14874057
0.16195438
0.16244063
0.12456748
0.12494148
0.13827744
0.13869261
0.12386053
0.12427778
0.13749267
0.13795585
0.10019075
0.10052827
0.11386524
0.11424884
0.10076261
0.10106515
0.11451516
0.114859
0.076895273
0.077126156
0.090682025
0.090954305
0.052980116
0.053139194
0.066792607
0.06699316
0.052679427
0.052856899
0.066413523
0.066637265
0.076458859
0.076716438
0.090167361
0.090471124
0.075976412
0.076260532
0.08959841
0.089933474
0.075448221
0.075758713
0.088975515
0.089341678
0.0519831
0.052197028
0.06553565
0.065805354
0.052347022
0.052542781
0.065994454
0.066241251
0.028685028
0.0287923
0.042349442
0.042507816
0.028485605
0.028602833
0.042055021
0.042228094
0.00497069
0.0049911454
0.018548246
0.01862458
0.0050054885
0.0050242069
0.0186781
0.018747951
0.0050372738
0.0050542436
0.018796708
0.018860033
0.02886718
0.028964431
0.042618365
0.042761945
0.029031952
0.029119124
0.042861629
0.042990327
0.0050660264
0.0050812372
0.018903999
0.018960761
0.0050917287
0.0051051717
0.018999908
0.019050073
0.0051143657
0.0051260326
0.019084378
0.019127916
0.02930897
0.029375832
0.04327061
0.043369323
0.029179245
0.029256284
0.043079088
0.043192828
0.053248907
0.053389496
0.067131478
0.067308721
0.077285392
0.077489439
0.091142093
0.091382727
0.077628981
0.077806071
0.091547289
0.091756131
0.05348564
0.053607655
0.067429931
0.067583758
0.053690172
0.053793539
0.067687788
0.067818106
0.077925834
0.07807586
0.091897369
0.092074295
0.078175773
0.078298644
0.092192122
0.092337025
0.053862379
0.053947038
0.067904893
0.068011624
0.029515416
0.029561807
0.0435754
0.043643891
0.029421049
0.029477693
0.043436081
0.043519708
0.0051339232
0.0051438074
0.019157359
0.019194243
0.0051503905
0.0051584853
0.019218805
0.019249013
0.0051637564
0.0051700576
0.019268681
0.019292195
0.029592013
0.029628124
0.043688486
0.043741799
0.029650794
0.029676603
0.043775268
0.043813372
0.0051740137
0.0051785172
0.019306956
0.019323762
0.0051811557
0.0051838593
0.019333608
0.019343695
0.0051851794
0.0051860804
0.019348619
0.019351983
0.029714779
0.029719944
0.043869733
0.043877359
0.029691724
0.029707216
0.043835696
0.043858568
0.05418412
0.054212391
0.068310518
0.068346159
0.054226192
0.054235617
0.068363558
0.068375441
0.078703803
0.078717483
0.09281483
0.092830963
0.078642741
0.078683772
0.09274282
0.092791208
0.078534334
0.078602692
0.092614975
0.092695589
0.054109428
0.054156526
0.068216352
0.06827573
0.054002159
0.054068058
0.068081116
0.068164196
0.078378647
0.07847429
0.092431372
0.092544165
0.10270637
0.1028317
0.11672424
0.11686668
0.12697039
0.12712532
0.14094486
0.14111684
0.12722259
0.12733332
0.14122482
0.14134774
0.10291038
0.10299995
0.1169561
0.1170579
0.10305243
0.1031062
0.11711754
0.11717864
0.10313245
0.10315037
0.11720847
0.11722885
0.12749711
0.12751927
0.14152956
0.14155416
0.12739819
0.12746466
0.14141976
0.14149354
0.15166516
0.15174428
0.16563468
0.16572109
0.15178291
0.15180929
0.16576328
0.16579209
0.17597511
0.17600569
0.18989496
0.18992796
0.17583859
0.17593032
0.18974764
0.18984663
0.17559623
0.17574905
0.1894861
0.18965101
0.15145611
0.15158793
0.16540636
0.16555033
0.15115588
0.15134032
0.16507847
0.1652799
0.17524816
0.17546199
0.18911048
0.18934123
0.1747946
0.1750693
0.18862102
0.18891746
0.17423581
0.17457122
0.18801802
0.18837997
0.15028267
0.15057198
0.16412482
0.16444078
0.15076466
0.1510016
0.16465121
0.16490998
0.12664175
0.12684079
0.14058005
0.14080099
0.10244053
0.10260154
0.11642212
0.1166051
0.10211302
0.10230961
0.1160499
0.11627332
0.12623688
0.12647991
0.1401306
0.14040038
0.12575601
0.12604288
0.1395968
0.13991524
0.10172404
0.10195609
0.11560782
0.11587155
0.10127381
0.10154119
0.11509614
0.11540001
0.12519943
0.12552996
0.13897895
0.13934587
0.14904764
0.14944113
0.162776
0.16320574
0.14971022
0.15005172
0.16349962
0.16387258
0.17357213
0.17396805
0.18730182
0.18772907
0.17280397
0.17326016
0.18647288
0.18696516
0.19645406
0.19697266
0.21005529
0.21060981
0.19732733
0.19777742
0.21098905
0.21147031
0.22096151
0.22146548
0.23454706
0.23508204
0.21998368
0.22056437
0.23350906
0.23412548
0.2433787
0.24402113
0.25682014
0.25749808
0.26662511
0.26732888
0.27997458
0.28071363
0.26781019
0.26842097
0.28121907
0.28186048
0.24446048
0.24501803
0.25796174
0.25855011
0.24539511
0.24586746
0.25894805
0.2594465
0.26883406
0.2693515
0.28229429
0.28283767
0.26969611
0.27011989
0.28319958
0.28364462
0.24618204
0.24656888
0.25977849
0.26018672
0.22251763
0.2228673
0.23619894
0.23657013
0.22180632
0.22223328
0.23544386
0.23589709
0.19808181
0.19846311
0.2117958
0.21220351
0.19871705
0.19902934
0.21247505
0.21280896
0.19923267
0.19947576
0.21302639
0.21328631
0.22309498
0.22336717
0.23681183
0.23710077
0.22353805
0.22373259
0.23728217
0.23748868
0.19962837
0.1998021
0.2134495
0.21363527
0.19990389
0.20000817
0.21374411
0.21385562
0.20005908
0.20009385
0.21391006
0.21394723
0.22402034
0.22405927
0.23779414
0.23783547
0.22384657
0.22396334
0.23760967
0.23773363
0.24765226
0.24778144
0.26133002
0.26146635
0.24784451
0.24788757
0.2615329
0.26157835
0.27151731
0.27156449
0.28511214
0.28516169
0.27130671
0.27144822
0.28489097
0.28503958
0.27093281
0.27116857
0.28449832
0.2847459
0.24731095
0.24752616
0.26096983
0.26119695
0.24682077
0.24712189
0.26045255
0.26077032
0.27039584
0.27072571
0.28393441
0.28428082
0.29380609
0.2941645
0.30724338
0.30761823
0.31703756
0.3174243
0.33036558
0.33076862
0.31766712
0.31794353
0.33102169
0.33130975
0.29438953
0.2946457
0.30785358
0.30812148
0.29479579
0.29494955
0.30827846
0.30843927
0.29502462
0.29507588
0.30851778
0.3085714
0.3183524
0.31840771
0.33173588
0.33179352
0.31810549
0.3182714
0.33147855
0.33165145
0.34122191
0.34139987
0.3544774
0.35466231
0.34148676
0.34154609
0.35475259
0.35481423
0.36441392
0.36447724
0.37755422
0.37761983
0.3641313
0.3643212
0.37726135
0.37745814
0.36362953
0.36394592
0.37674139
0.37706924
0.3407517
0.34104819
0.35398885
0.3542969
0.34007641
0.34049125
0.35328722
0.35371823
0.36290893
0.3633516
0.37599467
0.37645337
0.3619699
0.3625386
0.37502163
0.37561092
0.36081303
0.36150741
0.37382285
0.37454238
0.33811234
0.33876305
0.35124656
0.35192264
0.33919645
0.33972938
0.35237294
0.35292665
0.31621719
0.31671404
0.32951061
0.3300284
0.29304581
0.29350626
0.30644825
0.3069298
0.29210915
0.29267136
0.30546865
0.30605663
0.3152065
0.31581315
0.32845731
0.32908952
0.31400608
0.31472217
0.3272063
0.32795256
0.29099666
0.29166031
0.30430518
0.30499923
0.28970902
0.2904737
0.30295855
0.30375825
0.31261666
0.31344177
0.32575834
0.3266182
0.33533436
0.33621941
0.34836036
0.34927987
0.33682472
0.33759283
0.34990877
0.3507068
0.35943899
0.36025865
0.37239908
0.3732484
0.3578486
0.35879305
0.37075116
0.37172976
0.35604283
0.3571115
0.36888008
0.36998739
0.33364217
0.33464363
0.34660227
0.34764271
0.33174915
0.33286641
0.34463556
0.3457963
0.35402275
0.355215
0.36678698
0.36802232
0.35178956
0.35310469
0.36447311
0.36583574
0.34934462
0.35078183
0.36193986
0.36342897
0.32736528
0.32871209
0.34008112
0.34148031
0.32965643
0.33088884
0.34246141
0.34374176
0.30732328
0.30847222
0.32024204
0.32143935
0.3051873
0.30644289
0.31801616
0.31932459
0.2828239
0.28398752
0.29575813
0.29697501
0.28480341
0.28586818
0.29782826
0.29894178
0.28661147
0.28757677
0.29971911
0.30072861
0.30927426
0.31031586
0.32227516
0.32336061
0.31103907
0.31197271
0.32411429
0.32508725
0.288247
0.28911225
0.30142955
0.30233442
0.26527954
0.26607587
0.27856155
0.2793978
0.26377429
0.2646627
0.27698085
0.27791378
0.24077635
0.24158733
0.25407394
0.25492974
0.24215041
0.24287733
0.25552395
0.25629105
0.21887343
0.21953049
0.2323305
0.23302799
0.19546253
0.19604934
0.20899507
0.20962253
0.19435333
0.195008
0.20780905
0.20850905
0.21763142
0.21836446
0.23101207
0.23179022
0.21625839
0.21706698
0.22955458
0.23041291
0.19312713
0.19384926
0.20649792
0.20727005
0.19178467
0.19257382
0.20506247
0.20590627
0.21475518
0.21563882
0.2279589
0.22889689
0.23759433
0.23857191
0.25071605
0.25174766
0.23925736
0.24015191
0.25247099
0.25341497
0.26211025
0.26309021
0.27523341
0.27626248
0.26028843
0.26135935
0.27332029
0.27444488
0.25830991
0.25947116
0.27124265
0.27246207
0.25617588
0.25742676
0.26900171
0.27031525
0.23384025
0.2349821
0.24675454
0.24795947
0.23578827
0.2368483
0.24881018
0.24992879
0.21312268
0.21408085
0.22622599
0.22724309
0.19032674
0.19118245
0.20350357
0.20441854
0.18875423
0.18967598
0.20182216
0.20280774
0.21136188
0.21239399
0.22435688
0.22545247
0.20947382
0.21057927
0.22235271
0.22352613
0.18706808
0.18805531
0.20001924
0.20107484
0.1852693
0.18632143
0.1980959
0.19922088
0.20745965
0.20863776
0.22021467
0.22146523
0.22952314
0.23082651
0.24219891
0.24357428
0.23175146
0.23297443
0.24455034
0.24584088
0.25388764
0.25522739
0.26659884
0.2680057
0.25144653
0.25287436
0.26403547
0.26553481
0.27321672
0.27476813
0.2857113
0.28733368
0.29482068
0.29649473
0.30721343
0.30895788
0.29768274
0.29925352
0.31019586
0.31183272
0.27586911
0.27732482
0.28848504
0.29000736
0.27835541
0.27971455
0.29108512
0.29250645
0.28067414
0.2819359
0.29350996
0.29482947
0.3028676
0.3042291
0.31559885
0.31701763
0.30036558
0.30183216
0.31299156
0.31451984
0.32219327
0.32376639
0.33470799
0.33634227
0.32487706
0.32633746
0.33749613
0.33901332
0.34668938
0.34824781
0.35918876
0.36080344
0.34382544
0.34550416
0.35622144
0.35796074
0.34075453
0.34255252
0.3530397
0.35490258
0.31931551
0.32100041
0.33171836
0.33346875
0.31624553
0.31804119
0.32852905
0.3303945
0.33747847
0.33939467
0.34964545
0.35163077
0.35850686
0.36054243
0.37055004
0.37265403
0.37931816
0.38147188
0.39123036
0.39345177
0.3830003
0.38502116
0.39502824
0.39711263
0.361987
0.36389701
0.37414719
0.37612141
0.36524923
0.36703252
0.37751912
0.37936239
0.36829158
0.36994709
0.38066381
0.38237502
0.38967079
0.39142239
0.4019085
0.4037152
0.38645186
0.38833866
0.39858833
0.40053446
0.40742072
0.40940988
0.41941654
0.42146435
0.41081429
0.41266092
0.42291019
0.4248113
0.43170949
0.43365004
0.44365638
0.44565075
0.42814331
0.43023365
0.43999134
0.44213961
0.42431941
0.42655827
0.43606146
0.43836236
0.40378189
0.40591239
0.41567042
0.41786373
0.39989999
0.40217054
0.41167411
0.41401158
0.42024007
0.42262611
0.4318691
0.43432124
0.4403263
0.44282639
0.45180331
0.45436865
0.44460062
0.4469465
0.45618919
0.4585963
0.46461346
0.46706495
0.47604165
0.47855353
0.46014671
0.46275935
0.47146487
0.47414186
0.47968951
0.48241313
0.49084207
0.49362911
0.49894303
0.50177601
0.50992335
0.51281877
0.50378649
0.50644473
0.51487357
0.51759043
0.484346
0.48690163
0.49560699
0.49822214
0.48871094
0.49109703
0.50007361
0.5025153
0.50832668
0.51080858
0.51951389
0.52205054
0.51256089
0.51486495
0.52384152
0.52619644
0.49278169
0.49499681
0.50423923
0.50650599
0.47270539
0.47483024
0.48433301
0.48651025
0.46880053
0.47108938
0.48033188
0.48267715
0.44860731
0.45079756
0.46030048
0.46254793
0.45234395
0.45437726
0.46413472
0.46622115
0.4558083
0.45768345
0.46768959
0.46961375
0.45899828
0.46071414
0.47096297
0.47272371
0.4796593
0.48145242
0.49145848
0.49329587
0.47632571
0.47828528
0.48804262
0.49005053
0.49655581
0.49859863
0.50810135
0.51019182
0.51648655
0.5186114
0.52785385
0.53002563
0.52010131
0.52204566
0.53154847
0.5335358
0.50003103
0.50190032
0.51165766
0.51357059
0.50320525
0.50489988
0.51490602
0.51664026
0.523403
0.52516568
0.53492317
0.53672487
0.52638962
0.52796958
0.53797592
0.5395909
0.50607657
0.50759553
0.51784447
0.51939898
0.48545847
0.48691554
0.49740096
0.49889408
0.48270417
0.48432974
0.49457856
0.49624431
0.46191196
0.46346751
0.47395289
0.47554916
0.46454761
0.4659419
0.47665756
0.47808839
0.44335641
0.4446871
0.45562662
0.45699431
0.42189749
0.42316378
0.43432065
0.43562438
0.41950384
0.42091657
0.43185624
0.43331071
0.44084101
0.44232559
0.45304131
0.45456713
0.43806024
0.43969783
0.45018332
0.45186637
0.4350158
0.4368054
0.44705439
0.44889365
0.41396057
0.41566356
0.4261493
0.42790255
0.41685767
0.41841599
0.42913191
0.43073625
0.39540316
0.39688129
0.40782126
0.40934593
0.39265516
0.39427051
0.40498676
0.40665295
0.37111223
0.37263897
0.38357937
0.38515749
0.37370949
0.37510654
0.38626405
0.38770814
0.37608179
0.37734831
0.38871625
0.39002543
0.39791315
0.39925318
0.4104103
0.41179254
0.40018362
0.40138475
0.41275232
0.41399131
0.37822771
0.37936296
0.39093447
0.39210797
0.38014598
0.38114926
0.39291741
0.39395451
0.38183543
0.38270615
0.39466385
0.39556394
0.40400073
0.40492197
0.41668983
0.41764015
0.40221322
0.40327472
0.41484592
0.4159409
0.42403721
0.42515629
0.43652365
0.43767585
0.44560495
0.44678095
0.45793771
0.45914644
0.44758528
0.44860589
0.45997318
0.46102222
0.42592169
0.42689291
0.43846392
0.43946391
0.42754981
0.42837258
0.44014029
0.44098746
0.4492962
0.45016082
0.46173181
0.46262053
0.45073672
0.45144482
0.46321252
0.4639404
0.42892061
0.42959445
0.44155175
0.44224559
0.40684533
0.4074845
0.41962429
0.42028367
0.40554507
0.40632551
0.41828294
0.41908803
0.38329506
0.3840327
0.39617275
0.39693528
0.384524
0.38512812
0.39744319
0.39806771
0.38552151
0.38599175
0.39847441
0.39896054
0.40790073
0.40839825
0.42071307
0.42122633
0.40871064
0.40906622
0.42154862
0.42191546
0.38628701
0.38662309
0.39926578
0.39961323
0.38682002
0.38702175
0.39981683
0.40002538
0.38712025
0.38718751
0.40012721
0.40019674
0.40959223
0.40966339
0.42245813
0.42253154
0.40927459
0.40948802
0.42213042
0.42235062
0.43148164
0.43170665
0.44418887
0.44442057
0.43181652
0.43189154
0.44453371
0.44461096
0.45377989
0.45385872
0.46634082
0.46642186
0.45342799
0.45366444
0.46597906
0.46622213
0.45280322
0.45319715
0.4653368
0.46574175
0.43088711
0.43126198
0.44357666
0.44396267
0.43003326
0.43055777
0.44269744
0.44323752
0.45190595
0.45245713
0.46441443
0.46498101
0.4735058
0.47408331
0.48585113
0.48644388
0.49481995
0.49542346
0.5069948
0.50761335
0.49580242
0.49623375
0.50800178
0.50844388
0.47444595
0.4748587
0.4868161
0.48723975
0.47510057
0.47534832
0.48748802
0.48774231
0.47546929
0.47555189
0.48786649
0.48795127
0.49687183
0.49695814
0.50909792
0.50918639
0.49648651
0.49674541
0.50870297
0.50896833
0.51757308
0.51784297
0.52961128
0.52988756
0.51797476
0.51806474
0.53002248
0.53011459
0.53876554
0.53885913
0.5506277
0.5507234
0.53834774
0.53862846
0.5502005
0.55048753
0.53760597
0.53807365
0.54944206
0.54992025
0.51685994
0.51730958
0.52888125
0.52934152
0.51583574
0.51646488
0.52783284
0.52847683
0.53654065
0.53719504
0.54835286
0.54902191
0.53515242
0.53599313
0.54693357
0.54779307
0.53344209
0.53446863
0.54518507
0.5462345
0.51285678
0.51384371
0.52478368
0.52579382
0.51450109
0.51530936
0.52646671
0.52729402
0.49353969
0.49431503
0.50568263
0.50647727
0.47228068
0.47302262
0.48459372
0.48535521
0.47077132
0.47167725
0.48304463
0.48397439
0.49196238
0.49290909
0.50406609
0.50503633
0.49008897
0.4912065
0.50214616
0.50329142
0.46897861
0.470048
0.4812048
0.48230228
0.46690363
0.46813584
0.47907535
0.48033988
0.48792057
0.48920825
0.49992401
0.50124359
0.50864326
0.50998564
0.52047126
0.5218451
0.51090378
0.51206878
0.5227848
0.52397715
0.53141067
0.53262244
0.54310842
0.54434715
0.52905938
0.53045566
0.54070489
0.54213217
0.54915676
0.55060611
0.56061283
0.56209269
0.55159742
0.55285524
0.56310492
0.56438929
0.571452
0.57275512
0.58276238
0.58409163
0.56892343
0.57042497
0.58018322
0.58171479
0.58834759
0.58990045
0.59940438
0.60098674
0.60741768
0.60902091
0.61826485
0.61989706
0.6101175
0.61150887
0.6210135
0.62243009
0.59096257
0.59231022
0.60206909
0.60344241
0.5932218
0.59436344
0.6043714
0.60553487
0.61245003
0.6136287
0.62338835
0.62458847
0.61441386
0.61537914
0.62538796
0.62637089
0.59512392
0.59605888
0.60630993
0.60726284
0.57547585
0.57637993
0.58686709
0.5877894
0.57363657
0.5747405
0.58499079
0.58611691
0.55370605
0.5547716
0.56525809
0.56634619
0.55548138
0.55635403
0.56707103
0.5679622
0.55692236
0.55760161
0.56854263
0.56923633
0.57696873
0.57767243
0.58839012
0.58910806
0.57811434
0.57861727
0.58955894
0.59007208
0.55802816
0.55851361
0.56967198
0.57016778
0.55879811
0.55908949
0.57045837
0.57075598
0.55923179
0.55932893
0.57090132
0.57100055
0.57936131
0.57946195
0.59083126
0.59093395
0.57891202
0.57921389
0.59037283
0.59068084
0.59867748
0.59898965
0.60993198
0.61025021
0.59914211
0.59924619
0.61040563
0.61051173
0.61856239
0.61866984
0.62961274
0.62972218
0.61808269
0.61840499
0.62912417
0.62945242
0.61723101
0.61776798
0.62825677
0.62880363
0.59785255
0.59837265
0.60909109
0.60962125
0.5966678
0.59739554
0.60788349
0.60862524
0.61600783
0.61675917
0.62701111
0.62777624
0.63497727
0.63575176
0.64576155
0.64654959
0.65356478
0.65436196
0.6641236
0.66493409
0.65486261
0.65543233
0.66544313
0.66602242
0.63623815
0.63679166
0.64704453
0.64760777
0.63711607
0.6374483
0.64793791
0.648276
0.63761056
0.63772132
0.64844113
0.64855385
0.65627523
0.65638923
0.66687953
0.66699546
0.65576626
0.65610822
0.66636198
0.6667097
0.67402209
0.67437357
0.68438533
0.68474247
0.67454524
0.67466242
0.68491692
0.68503599
0.69240966
0.69252995
0.70254248
0.70266463
0.69187264
0.69223344
0.70199718
0.70236353
0.69091917
0.69152029
0.70102908
0.70163941
0.67309325
0.67367885
0.68344158
0.68403656
0.67175925
0.67257865
0.68208627
0.68291873
0.68954978
0.69039091
0.69963882
0.70049274
0.68776526
0.68884592
0.69782729
0.69892427
0.68556663
0.68688621
0.69559564
0.69693501
0.66787903
0.66916451
0.67814474
0.67945044
0.67002083
0.67107358
0.68032029
0.6813897
0.65187351
0.65289771
0.66240421
0.66344541
0.63333416
0.6343292
0.64408978
0.64510215
0.63130979
0.63252479
0.64203029
0.64326634
0.64978981
0.65104042
0.66028605
0.66155732
0.64731489
0.64879119
0.65777043
0.65927098
0.62890535
0.63033961
0.63958432
0.64104332
0.62612228
0.62777495
0.63675336
0.63843444
0.64445024
0.64615135
0.65485886
0.6565878
0.66239059
0.66413913
0.6725705
0.67434628
0.66533511
0.66685257
0.67556095
0.67710216
0.68295522
0.68451294
0.69294523
0.69452618
0.67993258
0.68172751
0.68987769
0.69169925
0.67650056
0.6785316
0.68639486
0.68845595
0.65904726
0.66102582
0.6691752
0.67118449
0.65530713
0.65751452
0.66537709
0.66761868
0.67266121
0.67492716
0.68249885
0.68479822
0.66841688
0.67091635
0.67819199
0.68072826
0.66377014
0.66650161
0.67347689
0.67624854
0.64664581
0.6493067
0.65658184
0.65928384
0.65117248
0.65360736
0.66117846
0.663651
0.63353642
0.63590526
0.64376727
0.6461746
0.62913252
0.63172124
0.63929187
0.64192261
0.61124075
0.61375576
0.62161734
0.62417525
0.61551926
0.61782064
0.62596885
0.62830953
0.61942722
0.62151357
0.62994358
0.63206563
0.63755893
0.63970644
0.64785517
0.65003764
0.6411976
0.64312249
0.65155311
0.6535094
0.62296227
0.62483235
0.63353914
0.63544127
0.60435218
0.60616632
0.61514407
0.61699091
0.60092285
0.60294681
0.61165304
0.6137134
0.58205688
0.58401723
0.59299448
0.59499192
0.58537843
0.58713557
0.59637891
0.59816934
0.56605237
0.56775145
0.57725485
0.57898782
0.54638553
0.54802553
0.55778332
0.55945779
0.54328539
0.54511507
0.5546181
0.55648617
0.56284057
0.56473615
0.57397905
0.57591238
0.55928995
0.56138089
0.57035778
0.57249031
0.53985821
0.54187646
0.55111907
0.55317962
0.53610606
0.53831167
0.54728834
0.54954012
0.55540265
0.5576877
0.56639323
0.56872368
0.57436481
0.57672793
0.58515713
0.58756485
0.57838493
0.58054732
0.58925314
0.59145638
0.59713176
0.59936431
0.60779385
0.61006649
0.59298121
0.59542101
0.60356883
0.60605239
0.5884737
0.59111927
0.59898052
0.6016735
0.58361194
0.58646169
0.59403168
0.59693246
0.56528994
0.56805014
0.57591117
0.57872338
0.56999893
0.57256137
0.58070891
0.58331967
0.55118102
0.5536588
0.56208777
0.56461473
0.5320312
0.53442283
0.5431282
0.54556987
0.52763607
0.5302123
0.53864116
0.54127125
0.5466276
0.54929661
0.55744399
0.56016595
0.54174514
0.54460377
0.55246468
0.55538001
0.52292334
0.5256826
0.5338299
0.53664684
0.51789582
0.52083646
0.52869734
0.53169942
0.53653656
0.53958311
0.54715284
0.55025978
0.55485414
0.55800477
0.56527884
0.56848879
0.56024066
0.56319696
0.57076678
0.57377877
0.57839887
0.58145107
0.58872528
0.59183212
0.57283762
0.57609045
0.58306452
0.58637555
0.59047627
0.59382935
0.60049925
0.60390939
0.60775953
0.61121088
0.61757261
0.62107982
0.61366016
0.61689865
0.62356876
0.62685969
0.59620892
0.5993552
0.60632945
0.60952929
0.60158267
0.60452026
0.61179469
0.61478231
0.60659429
0.60932141
0.61689167
0.61966527
0.62434988
0.62715693
0.63443166
0.63728423
0.61919139
0.62221507
0.62918957
0.63226225
0.63642756
0.63953553
0.64620593
0.64936183
0.64172984
0.64461515
0.65159
0.65451983
0.65872378
0.66168562
0.66835639
0.67136174
0.65328088
0.65647128
0.66283358
0.66607081
0.6474447
0.65086174
0.65691177
0.66037894
0.63074216
0.63407092
0.6404329
0.64381296
0.62467708
0.62822462
0.63427437
0.63787656
0.64121879
0.6448604
0.65059455
0.65428956
0.63460688
0.63847088
0.64388571
0.64780635
0.62761298
0.63169702
0.63678932
0.6409332
0.61142271
0.61540126
0.6208159
0.6248557
0.61823597
0.62200015
0.62773406
0.63155621
0.60149306
0.60515518
0.61120472
0.6149261
0.58438818
0.58794605
0.5943076
0.59792598
0.57794832
0.58170882
0.58775823
0.59158267
0.59486452
0.5987352
0.60446895
0.60840224
0.5878779
0.59195482
0.59736932
0.60151218
0.57116056
0.57512143
0.58085507
0.58488327
0.56402899
0.56818785
0.57360227
0.57783182
0.58053741
0.58481811
0.58991014
0.59426005
0.5966964
0.60109637
0.60586294
0.61033062
0.60424141
0.60843194
0.61352407
0.61777909
0.62024129
0.62454292
0.62930963
0.63367427
0.61249626
0.61701288
0.62145115
0.62603392
0.60438256
0.60911145
0.61321862
0.61801676
0.58879221
0.59339898
0.59783714
0.60251479
0.5805336
0.5853444
0.58945149
0.5943363
0.59590505
0.60084337
0.60461699
0.60962761
0.58706886
0.59221363
0.59565143
0.60087152
0.57787928
0.58322742
0.58632734
0.59175376
0.5629732
0.56818326
0.57162103
0.57691121
0.57192554
0.57693748
0.58071103
0.58580006
0.55643793
0.56131403
0.56542109
0.570376
0.5477282
0.55279706
0.5565706
0.56172138
0.53215338
0.53707802
0.54118508
0.54619337
0.5406153
0.54535265
0.54979074
0.55460857
0.54875176
0.55329898
0.55806544
0.56268992
0.5648127
0.56949311
0.57393121
0.57868728
0.57284747
0.57732937
0.58209586
0.58665022
0.55655789
0.56091224
0.56600421
0.57043255
0.53993321
0.5441574
0.5495718
0.55387148
0.52298337
0.52707487
0.53280847
0.53697692
0.51564841
0.51992115
0.52533559
0.52968867
0.5323604
0.5367717
0.54186367
0.54635379
0.52446711
0.52906287
0.53382935
0.53850722
0.51625808
0.52103554
0.52547367
0.53033647
0.5000518
0.50467922
0.50944576
0.51416017
0.50800302
0.51245444
0.51754646
0.52208157
0.49123287
0.49553728
0.5009518
0.50534143
0.48354422
0.48801882
0.49311094
0.49767413
0.46674519
0.4710643
0.47647897
0.4808882
0.47416667
0.47832149
0.4840553
0.48829682
0.48130266
0.4852907
0.4913402
0.49541147
0.49862577
0.5027574
0.50849108
0.51270452
0.50571849
0.50967486
0.51572424
0.51975895
0.48814889
0.49196775
0.4983293
0.50222787
0.49470123
0.49834863
0.50501841
0.50874195
0.50095577
0.5044295
0.51140352
0.51494977
0.5189865
0.52258532
0.52925502
0.53292513
0.51250676
0.51628549
0.52264694
0.52650051
0.53000349
0.53391129
0.53996062
0.54394192
0.54718099
0.55121553
0.55694911
0.56105577
0.55409938
0.55794184
0.56399118
0.56790233
0.53670456
0.54042631
0.54678773
0.5505795
0.54308255
0.54661602
0.55328571
0.55688566
0.56068422
0.5643323
0.57069375
0.57440706
0.56693156
0.57038305
0.57705281
0.58056603
0.54913362
0.55247668
0.55945065
0.56285662
0.53100501
0.53423763
0.54151166
0.54480834
0.52515382
0.52857057
0.53554452
0.53902897
0.50690873
0.51020672
0.51748077
0.52084762
0.51255655
0.5156768
0.52324653
0.52643196
0.49379923
0.49680525
0.50466618
0.50773844
0.47474425
0.47763424
0.48578169
0.48873895
0.46951321
0.47256782
0.4804289
0.4835546
0.48835817
0.49153542
0.49910524
0.50235249
0.48262313
0.4859697
0.49324387
0.49666415
0.47659755
0.48011143
0.48708557
0.49067684
0.4582065
0.46158476
0.46885911
0.47231596
0.46399952
0.46721692
0.47478691
0.47807917
0.44509605
0.44818235
0.45604365
0.45920592
0.43953906
0.44277967
0.4503499
0.45367026
0.42060636
0.42370737
0.43156898
0.43475086
0.42592397
0.42887733
0.43702527
0.44005565
0.43098517
0.43378909
0.44221848
0.44509554
0.45038508
0.45331522
0.46146287
0.46446515
0.45540297
0.45817519
0.46660431
0.4694448
0.43578691
0.43843971
0.44714548
0.44986749
0.41590775
0.41843954
0.42741678
0.43001869
0.41132505
0.41400107
0.42270717
0.42545729
0.39141644
0.39396294
0.40294059
0.40556211
0.39577735
0.3981866
0.40742998
0.40991022
0.37540768
0.37769295
0.38719698
0.38955406
0.35481089
0.3569708
0.36672982
0.36896233
0.35090131
0.35318426
0.36268884
0.36504852
0.37127119
0.37368665
0.38293051
0.38542186
0.36691118
0.36945537
0.37843351
0.38105763
0.34678047
0.3491851
0.35842952
0.36091495
0.34245084
0.3449757
0.35395441
0.3565641
0.36233027
0.36500166
0.37370869
0.37646401
0.38199045
0.38480678
0.39323695
0.39613623
0.38681989
0.38950211
0.39820864
0.40096986
0.40649473
0.40931336
0.4177431
0.42063978
0.40141967
0.40437924
0.41252754
0.41556904
0.39610294
0.39920165
0.40706363
0.41024812
0.39054771
0.39378372
0.40135464
0.40468021
0.37164464
0.37472404
0.38258646
0.38575654
0.37693102
0.37987977
0.38802852
0.3910641
0.35753119
0.3603282
0.36875887
0.37164373
0.33791502
0.34055859
0.34926619
0.35199858
0.33317573
0.33593643
0.34436767
0.34722113
0.35251685
0.35543778
0.36358703
0.3665997
0.34729023
0.35033334
0.35819626
0.36133494
0.32823582
0.33111199
0.33926181
0.34223461
0.32309824
0.32608817
0.33395165
0.33704201
0.34185449
0.34501794
0.35258981
0.35585261
0.36040385
0.36373892
0.37101468
0.37444795
0.36613448
0.36934268
0.37691405
0.38021671
0.38475733
0.38812868
0.395404
0.39886866
0.37873527
0.38223995
0.38921527
0.39281694
0.39683779
0.40050997
0.40718072
0.41094862
0.41470063
0.4185381
0.42490031
0.42883218
0.42129451
0.424986
0.43165641
0.43543872
0.40314766
0.40668014
0.41365508
0.41727965
0.40921478
0.41260545
0.41988037
0.42335944
0.41503551
0.41828233
0.42585287
0.42918434
0.43371745
0.43711042
0.44438503
0.44786149
0.42763472
0.43117801
0.43815262
0.44178309
0.44579654
0.44949033
0.45616047
0.45994017
0.45213763
0.45567471
0.46264905
0.46626841
0.47028505
0.47396412
0.48063405
0.48439415
0.46368941
0.46753148
0.47389319
0.47781985
0.45681461
0.46081736
0.46686703
0.4709579
0.43918705
0.44303532
0.44939726
0.45333503
0.43231312
0.43631357
0.44236347
0.44645695
0.44966476
0.45382579
0.45955978
0.46381241
0.44224417
0.44656098
0.45197583
0.45638767
0.42517889
0.42932911
0.43506333
0.43931006
0.41778862
0.42208612
0.42750122
0.43189865
0.43455727
0.43902727
0.44411974
0.44868813
0.42660868
0.4312292
0.4359962
0.44071841
0.41840318
0.42317143
0.42761011
0.4324833
0.40225786
0.40684212
0.41160937
0.41630021
0.41014675
0.41458896
0.41968167
0.42422717
0.39343728
0.39769852
0.4031139
0.40747996
0.38586976
0.39026727
0.39536025
0.39986592
0.36924865
0.37345677
0.37887247
0.38319026
0.37649025
0.38056797
0.3863028
0.3904868
0.38350509
0.38744996
0.39350048
0.39754818
0.40076783
0.40489027
0.41062477
0.41484861
0.40785704
0.41183818
0.41788836
0.42196744
0.39028896
0.39409863
0.40046117
0.40437015
0.37248513
0.37612104
0.38279217
0.38652869
0.36601068
0.36977562
0.37613855
0.38000768
0.34829505
0.35187779
0.35854937
0.36223759
0.35445618
0.35791613
0.36489189
0.36845371
0.33621287
0.33949478
0.34677103
0.350156
0.31776609
0.32086797
0.32844039
0.33164646
0.31224256
0.31545453
0.32273132
0.32605118
0.33036877
0.33376716
0.34074341
0.34424851
0.3243257
0.32783852
0.33451057
0.33813371
0.30653096
0.3098511
0.31682788
0.32025954
0.30063473
0.30406104
0.3107336
0.314275
0.31808726
0.32171243
0.32807625
0.33181525
0.33534728
0.33916911
0.34522042
0.34915476
0.34192414
0.34562754
0.3519909
0.35580332
0.35931579
0.36320752
0.36925841
0.37325783
0.35240448
0.35642066
0.36215586
0.36628317
0.34528089
0.34941911
0.35483517
0.35908789
0.3379493
0.34220708
0.34730073
0.35167632
0.32159161
0.32564335
0.33105981
0.33523082
0.32856842
0.33250638
0.338242
0.34229589
0.31165722
0.31539254
0.32144431
0.32529692
0.29455739
0.29808782
0.30445215
0.30810115
0.2883026
0.29193502
0.29798728
0.30174171
0.30503942
0.30888266
0.31461872
0.31858264
0.29823783
0.30218669
0.30760357
0.31167642
0.2818741
0.28560635
0.29134287
0.29520047
0.27527575
0.27910558
0.28452292
0.28848138
0.29125653
0.29530864
0.30040308
0.30458242
0.30706104
0.31133297
0.3161015
0.32049918
0.31442105
0.31858414
0.32367817
0.3279638
0.3304141
0.33478888
0.33955705
0.34405288
0.32267981
0.32716898
0.33160878
0.33622215
0.33810352
0.34280721
0.34691566
0.35174193
0.35332293
0.35823831
0.36201297
0.36704924
0.36179152
0.36658167
0.37068983
0.37559779
0.3462074
0.35079125
0.35523073
0.35993404
0.35410269
0.35856394
0.36333177
0.36790929
0.36178464
0.36612062
0.37121393
0.37566291
0.37806982
0.38260095
0.38736847
0.39201105
0.37004214
0.37470417
0.37914335
0.38392005
0.38575812
0.39061813
0.39472603
0.39969903
0.39412669
0.39885025
0.40328916
0.40812253
0.40994567
0.4148588
0.41896648
0.42398773
0.40124124
0.4062963
0.41007049
0.4152368
0.3922951
0.39748906
0.40092749
0.40623575
0.37715715
0.38215071
0.38592512
0.39103476
0.36832895
0.37345306
0.3768917
0.38213493
0.38311261
0.38844236
0.39154295
0.39698998
0.39766507
0.40319726
0.40595795
0.41160551
0.40719632
0.41258756
0.41568797
0.42119165
0.4218519
0.42743719
0.43019774
0.43589354
0.41197763
0.41770892
0.4201281
0.42597279
0.42604173
0.43196869
0.43404492
0.44008323
0.43984897
0.44596802
0.44770008
0.45392838
0.45039128
0.45635446
0.4584306
0.46450025
0.43625309
0.44202906
0.44444813
0.45033262
0.44620166
0.45182318
0.45458361
0.46031076
0.46066229
0.46646602
0.46888499
0.47479235
0.47065584
0.47629666
0.47905699
0.48479852
0.45588147
0.46134517
0.4644453
0.47001167
0.44083229
0.4461156
0.44955369
0.45494155
0.43147205
0.43690798
0.44000823
0.44555172
0.41648225
0.42172933
0.42516757
0.43052408
0.42551731
0.43061706
0.43439106
0.43959718
0.43429606
0.43924544
0.44335292
0.44840553
0.44992702
0.45505455
0.45882839
0.4640574
0.45875079
0.46371946
0.46782678
0.47289379
0.44281326
0.44760929
0.45204777
0.45694385
0.45106378
0.4557036
0.4604704
0.46520701
0.45904269
0.4635235
0.46861577
0.47319006
0.47556443
0.48020654
0.4849732
0.4897072
0.4672983
0.47210514
0.47654346
0.48144544
0.48325112
0.4882221
0.49232929
0.4973937
0.49179952
0.49660016
0.50103836
0.50592923
0.50773825
0.51269454
0.51680164
0.52184646
0.49891272
0.50404486
0.50781848
0.51304229
0.4897868
0.49509171
0.49852957
0.50392923
0.47441175
0.47955009
0.4833238
0.4885587
0.46528671
0.47058932
0.47402728
0.47942953
0.48036596
0.48584046
0.48894049
0.49451276
0.49515574
0.50079886
0.50355911
0.50929805
0.50964721
0.51545556
0.5178744
0.52377657
0.51964252
0.52527096
0.52803117
0.53375052
0.50486673
0.51033504
0.513435
0.51899617
0.51427373
0.51956396
0.52300175
0.52838182
0.5233711
0.52848007
0.53225363
0.53744937
0.53868873
0.54394732
0.54738508
0.55272863
0.52932497
0.53477011
0.53787003
0.54340314
0.54405743
0.54965422
0.55241441
0.55809725
0.55368197
0.55908702
0.56218693
0.56767509
0.56834185
0.57389013
0.57665033
0.58227981
0.55846229
0.56420739
0.5666262
0.57245536
0.54824654
0.554185
0.55626098
0.56228632
0.53410535
0.53989053
0.54230934
0.54818345
0.52383171
0.5298018
0.53187779
0.53793964
0.53770074
0.54382899
0.54556089
0.5517788
0.52683121
0.53314558
0.53453235
0.54093909
0.51564447
0.52214117
0.52318199
0.52977372
0.5023446
0.50867366
0.51006045
0.51648677
0.51324268
0.51939409
0.52112601
0.52737197
0.49934503
0.5053298
0.50740582
0.51348726
0.48514659
0.49096112
0.49338002
0.49929328
0.47484528
0.48082775
0.48290382
0.48898786
0.48874216
0.49489977
0.49663172
0.50288877
0.47784495
0.4841717
0.48555853
0.49198745
0.46425799
0.47040481
0.47213681
0.47838796
0.45339107
0.45969854
0.46108542
0.46749996
0.46665994
0.47315205
0.47419292
0.48078985
0.47964765
0.48632048
0.48701473
0.4937901
0.49114402
0.49764692
0.49868775
0.50529058
0.50414724
0.51082237
0.51151661
0.51828937
0.4923464
0.49919597
0.49954319
0.50649293
