FiniteElementSpace
FiniteElementCollection: L2_2D_P1
VDim: 1
Ordering: 0

-1.434859824535141e+60
-1.581195367812347e+60
-1.278109518713313e+60
-1.404756551306931e+60
-1.166790480490324e+60
-1.280297266678355e+60
-1.018399027032366e+60
-1.114805806751953e+60
-1.362861158182781e+60
-1.473607086264912e+60
-1.184768778280587e+60
-1.278033644434379e+60
-1.688224701706183e+60
-1.833217217037611e+60
-1.497169095127004e+60
-1.621503582271577e+60
-1.937587571978322e+60
-2.075782732993784e+60
-1.710802508515139e+60
-1.82828981810414e+60
-2.173164654604746e+60
-2.298371272190214e+60
-1.91092576717999e+60
-2.016696017978493e+60
-1.729850269421387e+60
-1.822798760820124e+60
-1.492431737358248e+60
-1.569837048408988e+60
-1.552907424591772e+60
-1.656914714495367e+60
-1.344654538848606e+60
-1.431592365600595e+60
-1.201632954260621e+60
-1.277497959913346e+60
-1.014429210681411e+60
-1.076567943307025e+60
-1.330426025000619e+60
-1.397342948097076e+60
-1.119853861835875e+60
-1.17467761677248e+60
-9.775348800229929e+59
-1.023848622759809e+60
-7.94392916927855e+59
-8.315176813182451e+59
-8.8750045531024e+59
-9.406482120885602e+59
-7.226376410779353e+59
-7.65000436555453e+59
-7.881661993338068e+59
-8.462766888310185e+59
-6.433896224405136e+59
-6.897793689168778e+59
-1.061374421301467e+60
-1.143275347892376e+60
-8.990412651254992e+59
-9.664835700234575e+59
-9.145972984395503e+59
-9.997464611016515e+59
-7.773867942102476e+59
-8.480266471311469e+59
-6.828606073606773e+59
-7.440594525283156e+59
-5.589091444091309e+59
-6.080423141575629e+59
-4.750357634388599e+59
-5.164158127633018e+59
-3.659909861096509e+59
-3.975580640688146e+59
-5.461471223336898e+59
-5.84977599700634e+59
-4.202214716790606e+59
-4.497979915469557e+59
-3.375930077339247e+59
-3.61092471278898e+59
-2.319909028910659e+59
-2.484717115150057e+59
-2.940959494082313e+59
-3.19428466219864e+59
-2.01746372615177e+59
-2.193167651315888e+59
-1.439401278573915e+59
-1.566292725550528e+59
-7.04275663597487e+58
-7.777647672327121e+58
-3.20395953932359e+58
-3.525210468019772e+58
1.09000368942165e+58
1.002170820493114e+58
-3.762759490189322e+58
-4.063241342349357e+58
9.445890004999327e+57
8.68923256877874e+57
-1.657425546363235e+59
-1.773296336569126e+59
-8.310473977899172e+58
-9.008894613960376e+58
-1.854690382883572e+59
-1.957143140244651e+59
-9.498203706781606e+58
-1.013306982639476e+59
-4.274010563697028e+58
-4.545669240643299e+58
8.179584356044279e+57
7.545387042262017e+57
-4.726513941412603e+58
-4.961171834750588e+58
7.109090142233236e+57
6.595151355242763e+57
-2.027003381713399e+59
-2.113990045516407e+59
-1.056380002674619e+59
-1.111230255583605e+59
-4.130323767893014e+59
-4.309564963867749e+59
-2.854379858772508e+59
-2.98489716308645e+59
-3.776329946506285e+59
-3.986276714250007e+59
-2.601279230736897e+59
-2.751165405674892e+59
-6.124168596909536e+59
-6.475088841216843e+59
-4.706973719831799e+59
-4.975663641105144e+59
-6.717336817170133e+59
-7.019788197019058e+59
-5.161369443901934e+59
-5.395788186726268e+59
-7.221619608595836e+59
-7.466211273305315e+59
-5.552738691399572e+59
-5.74545141587648e+59
-7.621383777022546e+59
-7.800924526675486e+59
-5.868524495886661e+59
-6.012361966761261e+59
-4.662886587272836e+59
-4.768192956473675e+59
-3.246201823246058e+59
-3.325396078580753e+59
-4.428257002305785e+59
-4.572262399065316e+59
-3.071717873279197e+59
-3.178484164083812e+59
-2.171042829303131e+59
-2.240767651807037e+59
-1.147192704897255e+59
-1.191604632300246e+59
-5.109245700623889e+58
-5.299610477003285e+58
6.23820343451963e+57
5.841702004158376e+57
-5.412606558298158e+58
-5.552808557642667e+58
5.569170094232934e+57
5.287676841112264e+57
-2.284149725419368e+59
-2.335105756162936e+59
-1.219455228816783e+59
-1.252088099283076e+59
-2.364274033775911e+59
-2.395320898586561e+59
-1.271074490233118e+59
-1.291009644143988e+59
-5.629038309005605e+58
-5.714848448557927e+58
5.103608835712402e+57
4.935388641450169e+57
-5.753226620304481e+58
-5.782110831305546e+58
4.842622779922461e+57
4.786660178452901e+57
-2.40997126757614e+59
-2.420400237451242e+59
-1.300628852019481e+59
-1.30733224045654e+59
-4.923965491149879e+59
-4.945513266318093e+59
-3.444145006677969e+59
-3.460585559043892e+59
-4.829184423868462e+59
-4.893342170262058e+59
-3.371822933385654e+59
-3.420538832829849e+59
-7.905668259795999e+59
-8.015249990040564e+59
-6.097152375705936e+59
-6.186114427309933e+59
-8.067870871696435e+59
-8.104698153609894e+59
-6.229372835107352e+59
-6.25948862423591e+59
-1.186438456880775e+60
-1.192180960766149e+60
-9.649493993854551e+59
-9.698189677772488e+59
-1.635837596104626e+60
-1.644327047458133e+60
-1.373947027060318e+60
-1.381300100628861e+60
-1.598433937552655e+60
-1.623631238649762e+60
-1.341822238110315e+60
-1.363389626376209e+60
-1.161135322570745e+60
-1.17820443672884e+60
-9.436193847653577e+59
-9.579554577421984e+59
-1.116880285937092e+60
-1.144766825048165e+60
-9.069150442760633e+59
-9.299622567192921e+59
-1.054963768079285e+60
-1.092742604419488e+60
-8.565125660831418e+59
-8.871974664752905e+59
-1.442586552646864e+60
-1.497737929799403e+60
-1.211773500522779e+60
-1.25736423427896e+60
-1.533216618928939e+60
-1.57422214415693e+60
-1.286828580745893e+60
-1.321293203128899e+60
-2.013709389670906e+60
-2.07183576030453e+60
-1.729431184436765e+60
-1.778770387405733e+60
-1.886018701123835e+60
-1.963519820410896e+60
-1.622469403038443e+60
-1.68730111293412e+60
-2.383964323584328e+60
-2.489624899140271e+60
-2.088964312782179e+60
-2.178272053706088e+60
-2.558456894016747e+60
-2.638424216164821e+60
-2.236603146884969e+60
-2.305012121381359e+60
-2.686229153112914e+60
-2.735865722547613e+60
-2.346175233985626e+60
-2.389508956689086e+60
-2.106367083582271e+60
-2.142261589839012e+60
-1.808313347327268e+60
-1.839383119463157e+60
-2.159728513231053e+60
-2.171844501301194e+60
-1.854645669114824e+60
-1.865281112114625e+60
-2.760154725694995e+60
-2.776940828676455e+60
-2.410867438364643e+60
-2.425759814697534e+60
