FiniteElementSpace
FiniteElementCollection: L2_2D_P3
VDim: 1
Ordering: 0

1.5236319e+17
1.9376818e+17
2.1581981e+17
1.9744992e+17
1.5235435e+17
1.9375626e+17
2.1580484e+17
1.9743811e+17
1.5234975e+17
1.9375076e+17
2.1579787e+17
1.9743182e+17
1.5234939e+17
1.9375054e+17
2.1579839e+17
1.9743252e+17
1.7964367e+17
1.7081218e+17
1.4379747e+17
1.1750434e+17
1.7964486e+17
1.7081651e+17
1.4380359e+17
1.1751013e+17
1.7964399e+17
1.7081893e+17
1.4380769e+17
1.1751386e+17
1.7964215e+17
1.7081842e+17
1.4380813e+17
1.1751458e+17
1.0430057e+17
8.649044e+16
8.2173075e+16
1.0697465e+17
1.0430591e+17
8.6495451e+16
8.2177507e+16
1.0698189e+17
1.0430918e+17
8.6498084e+16
8.2179991e+16
1.0698664e+17
1.0430996e+17
8.6498812e+16
8.2180671e+16
1.0698729e+17
1.0431023e+17
8.6499272e+16
8.2181323e+16
1.0698765e+17
1.0431059e+17
8.6500853e+16
8.2183257e+16
1.0698762e+17
1.0431207e+17
8.6505554e+16
8.2188935e+16
1.069877e+17
1.043145e+17
8.6514156e+16
8.2196775e+16
1.0698787e+17
1.7964042e+17
1.7081734e+17
1.4380767e+17
1.1751465e+17
1.7963681e+17
1.7081382e+17
1.438054e+17
1.175141e+17
1.7963132e+17
1.7080658e+17
1.4380017e+17
1.175132e+17
1.7963355e+17
1.7079757e+17
1.4379354e+17
1.1751199e+17
1.8867035e+17
1.6847548e+17
1.4244047e+17
1.162234e+17
1.8867783e+17
1.6846656e+17
1.4243186e+17
1.1622039e+17
1.8866682e+17
1.6846066e+17
1.4242713e+17
1.1622034e+17
1.8866046e+17
1.6845721e+17
1.4242543e+17
1.1622061e+17
1.0383014e+17
8.8486993e+16
8.1870938e+16
1.0604439e+17
1.0383115e+17
8.8495131e+16
8.1877335e+16
1.0604196e+17
1.0383316e+17
8.8499413e+16
8.1883976e+16
1.0604384e+17
1.0383425e+17
8.8501533e+16
8.1886892e+16
1.0604581e+17
1.0383516e+17
8.8501528e+16
8.1888038e+16
1.0604602e+17
1.0383542e+17
8.8501519e+16
8.188783e+16
1.0604668e+17
1.0383521e+17
8.8499891e+16
8.1884196e+16
1.0604082e+17
1.0383469e+17
8.8497533e+16
8.1878636e+16
1.0602943e+17
1.8872453e+17
1.6843736e+17
1.4243414e+17
1.1621659e+17
1.8872304e+17
1.6843692e+17
1.4243469e+17
1.1621698e+17
1.8872761e+17
1.6843968e+17
1.424366e+17
1.1621748e+17
1.8873919e+17
1.6844466e+17
1.4243854e+17
1.1621759e+17
1.5135978e+17
1.9461634e+17
2.1113953e+17
2.0155049e+17
1.5135982e+17
1.9461724e+17
2.111383e+17
2.0154887e+17
1.513598e+17
1.9461984e+17
2.1114527e+17
2.0155665e+17
1.5135917e+17
1.9462322e+17
2.1115707e+17
2.0157289e+17
1.5158041e+17
1.9455998e+17
2.1121919e+17
2.0158052e+17
1.5157827e+17
1.9455348e+17
2.1120381e+17
2.0157949e+17
1.5157811e+17
1.9454721e+17
2.1119491e+17
2.0156732e+17
1.5157842e+17
1.9454505e+17
2.111911e+17
2.0155856e+17
3.1275888e+16
4.0893227e+16
8.2046742e+16
1.2661923e+17
3.1272519e+16
4.0902414e+16
8.2053916e+16
1.2662005e+17
3.1275885e+16
4.0910195e+16
8.2059923e+16
1.2662246e+17
3.1279108e+16
4.0913765e+16
8.2062375e+16
1.2662393e+17
3.129502e+16
4.088921e+16
8.2100465e+16
1.2672725e+17
3.1295678e+16
4.0889466e+16
8.2100408e+16
1.2672719e+17
3.129426e+16
4.0884973e+16
8.2097144e+16
1.2672607e+17
3.1290616e+16
4.0877387e+16
8.2092102e+16
1.2672414e+17
3.1741429e+16
8.1176384e+16
1.9286573e+17
2.0852043e+17
3.1747211e+16
8.1177181e+16
1.9286623e+17
2.0851411e+17
3.1744635e+16
8.1176105e+16
1.9286702e+17
2.0851876e+17
3.1742121e+16
8.1171195e+16
1.9287257e+17
2.0852549e+17
3.2162456e+16
8.0523778e+16
1.9404407e+17
2.060765e+17
3.2159814e+16
8.0518674e+16
1.9405006e+17
2.0608135e+17
3.215804e+16
8.051704e+16
1.9405148e+17
2.0608678e+17
3.2160726e+16
8.052004e+16
1.9404865e+17
2.0607913e+17
1.7913346e+17
1.4393846e+17
8.6606613e+16
9.4923558e+16
1.7913829e+17
1.4394316e+17
8.6601435e+16
9.4922792e+16
1.7914113e+17
1.439442e+17
8.6599621e+16
9.4922051e+16
1.7913646e+17
1.4394243e+17
8.6602472e+16
9.4923476e+16
