FiniteElementSpace
FiniteElementCollection: L2_2D_P1
VDim: 1
Ordering: 0

6.0118504e+21
6.2725565e+21
6.2725565e+21
5.3798456e+21
6.3316872e+21
4.6000554e+21
6.2436216e+21
3.4103874e+21
3.2558988e+21
1.4625993e+21
1.4625993e+21
-1.2125489e+21
6.3316872e+21
6.2436216e+21
4.6000554e+21
3.4103874e+21
6.1379115e+21
5.9189536e+21
2.4725351e+21
1.2730872e+21
5.7567623e+21
5.4645635e+21
2.8993308e+20
-8.6291986e+20
-2.8639686e+21
-4.6189177e+21
-8.5362173e+21
-1.1982418e+22
1.8740482e+20
-1.5307302e+21
-3.2125475e+21
-6.2126049e+21
-5.823021e+21
-9.8996284e+21
-9.8996284e+21
-1.5861334e+22
-1.3154179e+22
-1.7942271e+22
-2.0532308e+22
-2.7437792e+22
-2.6315351e+22
-3.4807337e+22
-3.4807337e+22
-4.5647125e+22
-1.3154179e+22
-2.0532308e+22
-1.7942271e+22
-2.7437792e+22
-2.8639686e+21
-8.5362173e+21
-4.6189177e+21
-1.1982418e+22
1.8740482e+20
-3.2125475e+21
-1.5307302e+21
-6.2126049e+21
6.1379115e+21
2.4725351e+21
5.9189536e+21
1.2730872e+21
5.7567623e+21
2.8993308e+20
5.4645635e+21
-8.6291986e+20
5.2731127e+21
-1.8387029e+21
4.9459463e+21
-2.9375196e+21
-6.0592287e+21
-1.4625458e+22
-7.9230264e+21
-1.8445923e+22
-9.4718187e+21
-2.1332026e+22
-1.1474078e+22
-2.5371212e+22
4.7412914e+21
-3.876323e+21
4.4081253e+21
-4.9302523e+21
4.2020682e+21
-5.8184597e+21
3.8833127e+21
-6.8380131e+21
3.6843321e+21
-7.6692207e+21
3.3925563e+21
-8.6563451e+21
-1.6890774e+22
-3.5480123e+22
-1.9073346e+22
-3.9447488e+22
-1.310407e+22
-2.8385192e+22
-1.5225946e+22
-3.2466654e+22
-4.0463438e+22
-5.9409418e+22
-4.5968672e+22
-6.7290977e+22
-5.0023446e+22
-7.3086522e+22
-5.5410908e+22
-8.0860896e+22
-9.1008484e+22
-1.1801434e+23
-1.0065055e+23
-1.3058863e+23
-7.4093235e+22
-9.6076352e+22
-8.3836848e+22
-1.0871396e+23
-5.7370159e+22
-7.4510368e+22
-6.6956556e+22
-8.6878484e+22
-3.0899948e+22
-4.5834761e+22
-3.6386744e+22
-5.3621709e+22
-2.1657299e+22
-3.2722372e+22
-2.6923054e+22
-4.0204328e+22
-4.128245e+22
-5.389435e+22
-5.0463265e+22
-6.5664884e+22
-6.3503258e+22
-7.7244589e+22
-7.7244589e+22
-9.3906242e+22
-8.7592418e+22
-1.0208773e+23
-1.0645444e+23
-1.2414035e+23
-1.2068794e+23
-1.4079701e+23
-1.4079701e+23
-1.644739e+23
-8.7592418e+22
-1.0645444e+23
-1.0208773e+23
-1.2414035e+23
-1.1288637e+23
-1.3732405e+23
-1.2775778e+23
-1.5559244e+23
-1.3872006e+23
-1.690729e+23
-1.5358163e+23
-1.8745705e+23
-1.9212839e+23
-2.2529411e+23
-2.1323867e+23
-2.5054062e+23
-1.5582034e+23
-1.8218572e+23
-1.7669146e+23
-2.0694894e+23
-2.0195694e+23
-2.2967867e+23
-2.2967867e+23
-2.617554e+23
-2.502705e+23
-2.856289e+23
-2.7869146e+23
-3.1879988e+23
-3.1201925e+23
-3.4880268e+23
-3.4880268e+23
-3.9090863e+23
-2.502705e+23
-2.7869146e+23
-2.856289e+23
-3.1879988e+23
-1.9212839e+23
-2.1323867e+23
-2.2529411e+23
-2.5054062e+23
-1.5582034e+23
-1.7669146e+23
-1.8218572e+23
-2.0694894e+23
-1.1288637e+23
-1.2775778e+23
-1.3732405e+23
-1.5559244e+23
-1.3872006e+23
-1.5358163e+23
-1.690729e+23
-1.8745705e+23
-9.1008484e+22
-1.0065055e+23
-1.1801434e+23
-1.3058863e+23
-5.0023446e+22
-5.5410908e+22
-7.3086522e+22
-8.0860896e+22
-4.0463438e+22
-4.5968672e+22
-5.9409418e+22
-6.7290977e+22
-7.4093235e+22
-8.3836848e+22
-9.6076352e+22
-1.0871396e+23
-5.7370159e+22
-6.6956556e+22
-7.4510368e+22
-8.6878484e+22
-4.128245e+22
-5.0463265e+22
-5.389435e+22
-6.5664884e+22
-2.1657299e+22
-2.6923054e+22
-3.2722372e+22
-4.0204328e+22
-3.0899948e+22
-3.6386744e+22
-4.5834761e+22
-5.3621709e+22
-9.4718187e+21
-1.1474078e+22
-2.1332026e+22
-2.5371212e+22
-6.0592287e+21
-7.9230264e+21
-1.4625458e+22
-1.8445923e+22
5.2731127e+21
4.9459463e+21
-1.8387029e+21
-2.9375196e+21
4.7412914e+21
4.4081253e+21
-3.876323e+21
-4.9302523e+21
4.2020682e+21
3.8833127e+21
-5.8184597e+21
-6.8380131e+21
-1.310407e+22
-1.5225946e+22
-2.8385192e+22
-3.2466654e+22
-1.6890774e+22
-1.9073346e+22
-3.5480123e+22
-3.9447488e+22
3.6843321e+21
3.3925563e+21
-7.6692207e+21
-8.6563451e+21
3.2064338e+21
2.9480582e+21
-9.4249994e+21
-1.0370014e+22
2.7786714e+21
2.5560876e+21
-1.1068806e+22
-1.1952725e+22
-2.4446692e+22
-2.6501217e+22
-4.875603e+22
-5.2164569e+22
-2.0717483e+22
-2.2879292e+22
-4.234247e+22
-4.6075201e+22
-5.9347174e+22
-6.4515808e+22
-8.6513394e+22
-9.396539e+22
-1.0766256e+23
-1.1694856e+23
-1.3973996e+23
-1.5191261e+23
-1.2361539e+23
-1.3231583e+23
-1.6065859e+23
-1.7208125e+23
-6.8244124e+22
-7.3092238e+22
-9.9308803e+22
-1.0622158e+23
-7.6521113e+22
-8.0930274e+22
-1.1108726e+23
-1.172632e+23
-1.3846375e+23
-1.4636772e+23
-1.8015298e+23
-1.904759e+23
-1.5183058e+23
-1.5872641e+23
-1.9760204e+23
-2.0649917e+23
-8.3966505e+22
-8.7805896e+22
-1.2150059e+23
-1.2677328e+23
-3.1075239e+22
-3.2688754e+22
-5.9627799e+22
-6.2186662e+22
-2.7940604e+22
-2.9808172e+22
-5.4558915e+22
-5.757274e+22
2.4061658e+21
2.2196057e+21
-1.2572739e+22
-1.337187e+22
2.0912614e+21
1.9400775e+21
-1.3903856e+22
-1.4594142e+22
1.8350751e+21
1.7184374e+21
-1.5029727e+22
-1.5589718e+22
-3.3746651e+22
-3.5053105e+22
-6.3864968e+22
-6.5916044e+22
-3.5872378e+22
-3.683233e+22
-6.7192202e+22
-6.8691162e+22
1.6382674e+21
1.5554613e+21
-1.5922115e+22
-1.6334544e+22
1.5013145e+21
1.4518297e+21
-1.6558787e+22
-1.6811212e+22
1.424541e+21
1.4080786e+21
-1.6924108e+22
-1.7009076e+22
-3.826024e+22
-3.8457432e+22
-7.089346e+22
-7.1200246e+22
-3.7390848e+22
-3.7977274e+22
-6.9549197e+22
-7.0462494e+22
-9.9187985e+22
-1.0062105e+23
-1.4205879e+23
-1.439461e+23
-1.0131546e+23
-1.0179909e+23
-1.4484693e+23
-1.454808e+23
-1.8324774e+23
-1.8413365e+23
-2.3733033e+23
-2.3841367e+23
-1.7935825e+23
-1.8197522e+23
-2.3255886e+23
-2.357824e+23
-1.7263277e+23
-1.7686399e+23
-2.2419614e+23
-2.2947764e+23
-9.5492623e+22
-9.7822259e+22
-1.3716685e+23
-1.4026462e+23
-9.0359877e+22
-9.3500592e+22
-1.3026481e+23
-1.3450098e+23
-1.6334338e+23
-1.6901236e+23
-2.1243639e+23
-2.1963148e+23
-2.5195794e+23
-2.6098443e+23
-3.1033578e+23
-3.2144908e+23
-3.5646407e+23
-3.6987537e+23
-4.2436171e+23
-4.4058543e+23
-3.7854281e+23
-3.8868118e+23
-4.510221e+23
-4.6308458e+23
-2.667847e+23
-2.7356443e+23
-3.2854959e+23
-3.367529e+23
-2.7758191e+23
-2.8179911e+23
-3.4156797e+23
-3.4658915e+23
-2.838565e+23
-2.8528897e+23
-3.4901133e+23
-3.5070058e+23
-4.0417021e+23
-4.0633324e+23
-4.8120983e+23
-4.8370715e+23
-3.9472015e+23
-4.0106456e+23
-4.702069e+23
-4.7761912e+23
-5.3194655e+23
-5.4108626e+23
-6.1962419e+23
-6.3018318e+23
-5.45576e+23
-5.487046e+23
-6.3532138e+23
-6.388855e+23
-7.0919822e+23
-7.1357907e+23
-8.119471e+23
-8.1688502e+23
-6.9016789e+23
-7.0291526e+23
-7.9020062e+23
-8.0480207e+23
-6.5793538e+23
-6.7805906e+23
-7.526142e+23
-7.7613797e+23
-5.08742e+23
-5.2325598e+23
-5.9236733e+23
-6.0946621e+23
-4.7727735e+23
-4.9634871e+23
-5.5480492e+23
-5.7760321e+23
-6.1450487e+23
-6.4077628e+23
-7.0128421e+23
-7.3236609e+23
-5.6213176e+23
-5.932459e+23
-6.3927385e+23
-6.7610553e+23
-5.0326205e+23
-5.3782297e+23
-5.6997479e+23
-6.1062728e+23
-3.9555332e+23
-4.2112758e+23
-4.5681449e+23
-4.8741003e+23
-4.3902453e+23
-4.6179463e+23
-5.0886528e+23
-5.3620768e+23
-3.2942432e+23
-3.4555167e+23
-3.9136775e+23
-4.1105252e+23
-2.3368437e+23
-2.4460526e+23
-2.8755874e+23
-3.0118272e+23
-2.1257632e+23
-2.2503807e+23
-2.6107356e+23
-2.7670789e+23
-2.9841184e+23
-3.1669102e+23
-3.5348105e+23
-3.7579805e+23
-2.6446849e+23
-2.843078e+23
-3.1222158e+23
-3.3631415e+23
-1.8926415e+23
-2.0291049e+23
-2.3185268e+23
-2.4894688e+23
-1.6441276e+23
-1.7886613e+23
-2.0087522e+23
-2.1887792e+23
-2.2868173e+23
-2.4946166e+23
-2.6904456e+23
-2.9409266e+23
-2.9957963e+23
-3.2793935e+23
-3.4323154e+23
-3.7662151e+23
-3.4852016e+23
-3.7595563e+23
-4.0090911e+23
-4.3348693e+23
-4.404181e+23
-4.7699323e+23
-4.966204e+23
-5.3927245e+23
-3.7597795e+23
-4.1323336e+23
-4.2208876e+23
-4.6513588e+23
-4.5634382e+23
-5.0378981e+23
-5.0378981e+23
-5.5770941e+23
-5.3861058e+23
-5.8592715e+23
-5.9737404e+23
-6.5165651e+23
-6.4075718e+23
-7.0029076e+23
-7.0029076e+23
-7.6744552e+23
-5.3861058e+23
-5.9737404e+23
-5.8592715e+23
-6.5165651e+23
-6.2010625e+23
-6.9093696e+23
-6.6548296e+23
-7.4343694e+23
-6.9755963e+23
-7.8058261e+23
-7.3890852e+23
-8.2875891e+23
-8.4256269e+23
-9.2877466e+23
-8.9594174e+23
-9.8967678e+23
-7.4352299e+23
-8.1628878e+23
-8.014418e+23
-8.8211128e+23
-8.6944706e+23
-9.4106146e+23
-9.4106146e+23
-1.0204048e+24
-9.919405e+23
-1.0766651e+24
-1.0582729e+24
-1.1499081e+24
-1.1372696e+24
-1.2149885e+24
-1.2149885e+24
-1.2944799e+24
-9.919405e+23
-1.0582729e+24
-1.0766651e+24
-1.1499081e+24
-8.4256269e+23
-8.9594174e+23
-9.2877466e+23
-9.8967678e+23
-7.4352299e+23
-8.014418e+23
-8.1628878e+23
-8.8211128e+23
-6.2010625e+23
-6.6548296e+23
-6.9093696e+23
-7.4343694e+23
-6.9755963e+23
-7.3890852e+23
-7.8058261e+23
-8.2875891e+23
-7.6727002e+23
-8.0244502e+23
-8.6177927e+23
-9.0288342e+23
-9.3262898e+23
-9.7826681e+23
-1.0313213e+24
-1.0833232e+24
-1.008136e+24
-1.0430813e+24
-1.1170762e+24
-1.1565477e+24
-8.2550578e+23
-8.525599e+23
-9.2973444e+23
-9.6111203e+23
-8.689106e+23
-8.8611424e+23
-9.7995361e+23
-9.995101e+23
-8.9462324e+23
-9.0055519e+23
-1.0091393e+24
-1.0157537e+24
-1.0970115e+24
-1.1045545e+24
-1.2169036e+24
-1.2252506e+24
-1.0641273e+24
-1.0861327e+24
-1.1801578e+24
-1.2047326e+24
-1.2627775e+24
-1.2884039e+24
-1.3700067e+24
-1.3955821e+24
-1.3007604e+24
-1.3093924e+24
-1.4083781e+24
-1.4162075e+24
-1.4487938e+24
-1.451812e+24
-1.4965737e+24
-1.5038406e+24
-1.4267317e+24
-1.441556e+24
-1.4721364e+24
-1.4900046e+24
-1.3676619e+24
-1.4075324e+24
-1.433727e+24
-1.4632581e+24
-1.196059e+24
-1.2378802e+24
-1.2988429e+24
-1.3438948e+24
-1.1035916e+24
-1.1597638e+24
-1.1990681e+24
-1.2604412e+24
-1.2668609e+24
-1.329915e+24
-1.3460068e+24
-1.4045321e+24
-1.3984806e+24
-1.4507062e+24
-1.4507062e+24
-1.467107e+24
-1.4712938e+24
-1.4582349e+24
-1.4846689e+24
-1.4232114e+24
-1.4468834e+24
-1.3221287e+24
-1.3221287e+24
-8.438699e+23
-1.4712938e+24
-1.4846689e+24
-1.4582349e+24
-1.4232114e+24
-1.4809022e+24
-1.456456e+24
-1.3536303e+24
-1.203769e+24
-1.4216405e+24
-1.3919322e+24
-1.102447e+24
-1.0359915e+24
-6.8871882e+23
-6.435224e+23
-1.2803022e+23
4.7578345e+23
-1.1022516e+24
-8.0978643e+23
-4.5307442e+23
-2.3627614e+23
-3.1143733e+23
2.1102337e+24
2.1102337e+24
1.1537365e+25
6.1140012e+24
9.9710216e+24
1.71729e+25
1.1222239e+25
6.7815155e+23
2.0280687e+25
2.0280687e+25
2.5259448e+26
6.1140012e+24
1.71729e+25
9.9710216e+24
1.1222239e+25
-6.8871882e+23
-1.2803022e+23
-6.435224e+23
4.7578345e+23
-1.1022516e+24
-4.5307442e+23
-8.0978643e+23
-2.3627614e+23
-1.4809022e+24
-1.3536303e+24
-1.456456e+24
-1.203769e+24
-1.4216405e+24
-1.102447e+24
-1.3919322e+24
-1.0359915e+24
-1.4487938e+24
-1.4965737e+24
-1.451812e+24
-1.5038406e+24
-1.3007604e+24
-1.4083781e+24
-1.3093924e+24
-1.4162075e+24
-1.2627775e+24
-1.3700067e+24
-1.2884039e+24
-1.3955821e+24
-1.4267317e+24
-1.4721364e+24
-1.441556e+24
-1.4900046e+24
-1.3676619e+24
-1.433727e+24
-1.4075324e+24
-1.4632581e+24
-1.2668609e+24
-1.3460068e+24
-1.329915e+24
-1.4045321e+24
-1.1035916e+24
-1.1990681e+24
-1.1597638e+24
-1.2604412e+24
-1.196059e+24
-1.2988429e+24
-1.2378802e+24
-1.3438948e+24
-1.008136e+24
-1.1170762e+24
-1.0430813e+24
-1.1565477e+24
-9.3262898e+23
-1.0313213e+24
-9.7826681e+23
-1.0833232e+24
-7.6727002e+23
-8.6177927e+23
-8.0244502e+23
-9.0288342e+23
-8.2550578e+23
-9.2973444e+23
-8.525599e+23
-9.6111203e+23
-8.689106e+23
-9.7995361e+23
-8.8611424e+23
-9.995101e+23
-1.0641273e+24
-1.1801578e+24
-1.0861327e+24
-1.2047326e+24
-1.0970115e+24
-1.2169036e+24
-1.1045545e+24
-1.2252506e+24
-8.9462324e+23
-1.0091393e+24
-9.0055519e+23
-1.0157537e+24
-7.0919822e+23
-8.119471e+23
-7.1357907e+23
-8.1688502e+23
-6.9016789e+23
-7.9020062e+23
-7.0291526e+23
-8.0480207e+23
-5.3194655e+23
-6.1962419e+23
-5.4108626e+23
-6.3018318e+23
-5.45576e+23
-6.3532138e+23
-5.487046e+23
-6.388855e+23
-4.0417021e+23
-4.8120983e+23
-4.0633324e+23
-4.8370715e+23
-2.838565e+23
-3.4901133e+23
-2.8528897e+23
-3.5070058e+23
-2.7758191e+23
-3.4156797e+23
-2.8179911e+23
-3.4658915e+23
-3.9472015e+23
-4.702069e+23
-4.0106456e+23
-4.7761912e+23
-3.7854281e+23
-4.510221e+23
-3.8868118e+23
-4.6308458e+23
-2.667847e+23
-3.2854959e+23
-2.7356443e+23
-3.367529e+23
-2.5195794e+23
-3.1033578e+23
-2.6098443e+23
-3.2144908e+23
-3.5646407e+23
-4.2436171e+23
-3.6987537e+23
-4.4058543e+23
-4.7727735e+23
-5.5480492e+23
-4.9634871e+23
-5.7760321e+23
-5.08742e+23
-5.9236733e+23
-5.2325598e+23
-6.0946621e+23
-6.5793538e+23
-7.526142e+23
-6.7805906e+23
-7.7613797e+23
-6.1450487e+23
-7.0128421e+23
-6.4077628e+23
-7.3236609e+23
-5.6213176e+23
-6.3927385e+23
-5.932459e+23
-6.7610553e+23
-4.3902453e+23
-5.0886528e+23
-4.6179463e+23
-5.3620768e+23
-3.9555332e+23
-4.5681449e+23
-4.2112758e+23
-4.8741003e+23
-5.0326205e+23
-5.6997479e+23
-5.3782297e+23
-6.1062728e+23
-4.404181e+23
-4.966204e+23
-4.7699323e+23
-5.3927245e+23
-3.7597795e+23
-4.2208876e+23
-4.1323336e+23
-4.6513588e+23
-2.9957963e+23
-3.4323154e+23
-3.2793935e+23
-3.7662151e+23
-3.4852016e+23
-4.0090911e+23
-3.7595563e+23
-4.3348693e+23
-2.6446849e+23
-3.1222158e+23
-2.843078e+23
-3.3631415e+23
-2.2868173e+23
-2.6904456e+23
-2.4946166e+23
-2.9409266e+23
-1.6441276e+23
-2.0087522e+23
-1.7886613e+23
-2.1887792e+23
-1.8926415e+23
-2.3185268e+23
-2.0291049e+23
-2.4894688e+23
-2.1257632e+23
-2.6107356e+23
-2.2503807e+23
-2.7670789e+23
-2.9841184e+23
-3.5348105e+23
-3.1669102e+23
-3.7579805e+23
-3.2942432e+23
-3.9136775e+23
-3.4555167e+23
-4.1105252e+23
-2.3368437e+23
-2.8755874e+23
-2.4460526e+23
-3.0118272e+23
-1.5183058e+23
-1.9760204e+23
-1.5872641e+23
-2.0649917e+23
-8.3966505e+22
-1.2150059e+23
-8.7805896e+22
-1.2677328e+23
-7.6521113e+22
-1.1108726e+23
-8.0930274e+22
-1.172632e+23
-1.3846375e+23
-1.8015298e+23
-1.4636772e+23
-1.904759e+23
-1.2361539e+23
-1.6065859e+23
-1.3231583e+23
-1.7208125e+23
-1.0766256e+23
-1.3973996e+23
-1.1694856e+23
-1.5191261e+23
-5.9347174e+22
-8.6513394e+22
-6.4515808e+22
-9.396539e+22
-6.8244124e+22
-9.9308803e+22
-7.3092238e+22
-1.0622158e+23
-2.4446692e+22
-4.875603e+22
-2.6501217e+22
-5.2164569e+22
-2.0717483e+22
-4.234247e+22
-2.2879292e+22
-4.6075201e+22
3.2064338e+21
-9.4249994e+21
2.9480582e+21
-1.0370014e+22
2.7786714e+21
-1.1068806e+22
2.5560876e+21
-1.1952725e+22
2.4061658e+21
-1.2572739e+22
2.2196057e+21
-1.337187e+22
-2.7940604e+22
-5.4558915e+22
-2.9808172e+22
-5.757274e+22
-3.1075239e+22
-5.9627799e+22
-3.2688754e+22
-6.2186662e+22
2.0912614e+21
-1.3903856e+22
1.9400775e+21
-1.4594142e+22
1.8350751e+21
-1.5029727e+22
1.7184374e+21
-1.5589718e+22
1.6382674e+21
-1.5922115e+22
1.5554613e+21
-1.6334544e+22
-3.5872378e+22
-6.7192202e+22
-3.683233e+22
-6.8691162e+22
-3.3746651e+22
-6.3864968e+22
-3.5053105e+22
-6.5916044e+22
-9.0359877e+22
-1.3026481e+23
-9.3500592e+22
-1.3450098e+23
-1.6334338e+23
-2.1243639e+23
-1.6901236e+23
-2.1963148e+23
-1.7263277e+23
-2.2419614e+23
-1.7686399e+23
-2.2947764e+23
-9.5492623e+22
-1.3716685e+23
-9.7822259e+22
-1.4026462e+23
-9.9187985e+22
-1.4205879e+23
-1.0062105e+23
-1.439461e+23
-1.7935825e+23
-2.3255886e+23
-1.8197522e+23
-2.357824e+23
-1.8324774e+23
-2.3733033e+23
-1.8413365e+23
-2.3841367e+23
-1.0131546e+23
-1.4484693e+23
-1.0179909e+23
-1.454808e+23
-3.826024e+22
-7.089346e+22
-3.8457432e+22
-7.1200246e+22
-3.7390848e+22
-6.9549197e+22
-3.7977274e+22
-7.0462494e+22
1.5013145e+21
-1.6558787e+22
1.4518297e+21
-1.6811212e+22
1.424541e+21
-1.6924108e+22
1.4080786e+21
-1.7009076e+22
1.4080786e+21
-1.7009076e+22
1.424541e+21
-1.6924108e+22
-3.8457432e+22
-7.1200246e+22
-3.826024e+22
-7.089346e+22
-3.7977274e+22
-7.0462494e+22
-3.7390848e+22
-6.9549197e+22
1.4518297e+21
-1.6811212e+22
1.5013145e+21
-1.6558787e+22
1.5554613e+21
-1.6334544e+22
1.6382674e+21
-1.5922115e+22
1.7184374e+21
-1.5589718e+22
1.8350751e+21
-1.5029727e+22
-3.5053105e+22
-6.5916044e+22
-3.3746651e+22
-6.3864968e+22
-3.683233e+22
-6.8691162e+22
-3.5872378e+22
-6.7192202e+22
-9.7822259e+22
-1.4026462e+23
-9.5492623e+22
-1.3716685e+23
-9.3500592e+22
-1.3450098e+23
-9.0359877e+22
-1.3026481e+23
-1.6901236e+23
-2.1963148e+23
-1.6334338e+23
-2.1243639e+23
-1.7686399e+23
-2.2947764e+23
-1.7263277e+23
-2.2419614e+23
-1.8197522e+23
-2.357824e+23
-1.7935825e+23
-2.3255886e+23
-1.0062105e+23
-1.439461e+23
-9.9187985e+22
-1.4205879e+23
-1.0179909e+23
-1.454808e+23
-1.0131546e+23
-1.4484693e+23
-1.8413365e+23
-2.3841367e+23
-1.8324774e+23
-2.3733033e+23
-2.8528897e+23
-3.5070058e+23
-2.838565e+23
-3.4901133e+23
-2.8179911e+23
-3.4658915e+23
-2.7758191e+23
-3.4156797e+23
-4.0106456e+23
-4.7761912e+23
-3.9472015e+23
-4.702069e+23
-4.0633324e+23
-4.8370715e+23
-4.0417021e+23
-4.8120983e+23
-5.487046e+23
-6.388855e+23
-5.45576e+23
-6.3532138e+23
-7.1357907e+23
-8.1688502e+23
-7.0919822e+23
-8.119471e+23
-7.0291526e+23
-8.0480207e+23
-6.9016789e+23
-7.9020062e+23
-5.4108626e+23
-6.3018318e+23
-5.3194655e+23
-6.1962419e+23
-5.2325598e+23
-6.0946621e+23
-5.08742e+23
-5.9236733e+23
-6.7805906e+23
-7.7613797e+23
-6.5793538e+23
-7.526142e+23
-6.4077628e+23
-7.3236609e+23
-6.1450487e+23
-7.0128421e+23
-4.9634871e+23
-5.7760321e+23
-4.7727735e+23
-5.5480492e+23
-3.6987537e+23
-4.4058543e+23
-3.5646407e+23
-4.2436171e+23
-3.8868118e+23
-4.6308458e+23
-3.7854281e+23
-4.510221e+23
-2.7356443e+23
-3.367529e+23
-2.667847e+23
-3.2854959e+23
-2.6098443e+23
-3.2144908e+23
-2.5195794e+23
-3.1033578e+23
-2.4460526e+23
-3.0118272e+23
-2.3368437e+23
-2.8755874e+23
-2.2503807e+23
-2.7670789e+23
-2.1257632e+23
-2.6107356e+23
-3.1669102e+23
-3.7579805e+23
-2.9841184e+23
-3.5348105e+23
-3.4555167e+23
-4.1105252e+23
-3.2942432e+23
-3.9136775e+23
-4.6179463e+23
-5.3620768e+23
-4.3902453e+23
-5.0886528e+23
-5.932459e+23
-6.7610553e+23
-5.6213176e+23
-6.3927385e+23
-5.3782297e+23
-6.1062728e+23
-5.0326205e+23
-5.6997479e+23
-4.2112758e+23
-4.8741003e+23
-3.9555332e+23
-4.5681449e+23
-3.7595563e+23
-4.3348693e+23
-3.4852016e+23
-4.0090911e+23
-4.7699323e+23
-5.3927245e+23
-4.404181e+23
-4.966204e+23
-4.1323336e+23
-4.6513588e+23
-3.7597795e+23
-4.2208876e+23
-3.2793935e+23
-3.7662151e+23
-2.9957963e+23
-3.4323154e+23
-2.4946166e+23
-2.9409266e+23
-2.2868173e+23
-2.6904456e+23
-2.843078e+23
-3.3631415e+23
-2.6446849e+23
-3.1222158e+23
-2.0291049e+23
-2.4894688e+23
-1.8926415e+23
-2.3185268e+23
-1.7886613e+23
-2.1887792e+23
-1.6441276e+23
-2.0087522e+23
-1.1694856e+23
-1.5191261e+23
-1.0766256e+23
-1.3973996e+23
-6.4515808e+22
-9.396539e+22
-5.9347174e+22
-8.6513394e+22
-7.3092238e+22
-1.0622158e+23
-6.8244124e+22
-9.9308803e+22
-1.3231583e+23
-1.7208125e+23
-1.2361539e+23
-1.6065859e+23
-1.4636772e+23
-1.904759e+23
-1.3846375e+23
-1.8015298e+23
-1.5872641e+23
-2.0649917e+23
-1.5183058e+23
-1.9760204e+23
-8.7805896e+22
-1.2677328e+23
-8.3966505e+22
-1.2150059e+23
-8.0930274e+22
-1.172632e+23
-7.6521113e+22
-1.1108726e+23
-2.9808172e+22
-5.757274e+22
-2.7940604e+22
-5.4558915e+22
-3.2688754e+22
-6.2186662e+22
-3.1075239e+22
-5.9627799e+22
1.9400775e+21
-1.4594142e+22
2.0912614e+21
-1.3903856e+22
2.2196057e+21
-1.337187e+22
2.4061658e+21
-1.2572739e+22
2.5560876e+21
-1.1952725e+22
2.7786714e+21
-1.1068806e+22
-2.6501217e+22
-5.2164569e+22
-2.4446692e+22
-4.875603e+22
-2.2879292e+22
-4.6075201e+22
-2.0717483e+22
-4.234247e+22
2.9480582e+21
-1.0370014e+22
3.2064338e+21
-9.4249994e+21
3.3925563e+21
-8.6563451e+21
3.6843321e+21
-7.6692207e+21
3.8833127e+21
-6.8380131e+21
4.2020682e+21
-5.8184597e+21
-1.5225946e+22
-3.2466654e+22
-1.310407e+22
-2.8385192e+22
-1.9073346e+22
-3.9447488e+22
-1.6890774e+22
-3.5480123e+22
-5.5410908e+22
-8.0860896e+22
-5.0023446e+22
-7.3086522e+22
-1.0065055e+23
-1.3058863e+23
-9.1008484e+22
-1.1801434e+23
-8.3836848e+22
-1.0871396e+23
-7.4093235e+22
-9.6076352e+22
-4.5968672e+22
-6.7290977e+22
-4.0463438e+22
-5.9409418e+22
-3.6386744e+22
-5.3621709e+22
-3.0899948e+22
-4.5834761e+22
-6.6956556e+22
-8.6878484e+22
-5.7370159e+22
-7.4510368e+22
-5.0463265e+22
-6.5664884e+22
-4.128245e+22
-5.389435e+22
-2.6923054e+22
-4.0204328e+22
-2.1657299e+22
-3.2722372e+22
-7.9230264e+21
-1.8445923e+22
-6.0592287e+21
-1.4625458e+22
-1.1474078e+22
-2.5371212e+22
-9.4718187e+21
-2.1332026e+22
4.4081253e+21
-4.9302523e+21
4.7412914e+21
-3.876323e+21
4.9459463e+21
-2.9375196e+21
5.2731127e+21
-1.8387029e+21
5.4645635e+21
-8.6291986e+20
5.7567623e+21
2.8993308e+20
-4.6189177e+21
-1.1982418e+22
-2.8639686e+21
-8.5362173e+21
-1.5307302e+21
-6.2126049e+21
1.8740482e+20
-3.2125475e+21
5.9189536e+21
1.2730872e+21
6.1379115e+21
2.4725351e+21
6.2436216e+21
3.4103874e+21
6.3316872e+21
4.6000554e+21
6.2725565e+21
5.3798456e+21
6.0118504e+21
6.2725565e+21
4.6000554e+21
3.4103874e+21
6.3316872e+21
6.2436216e+21
1.4625993e+21
-1.2125489e+21
3.2558988e+21
1.4625993e+21
-3.2125475e+21
-6.2126049e+21
1.8740482e+20
-1.5307302e+21
2.4725351e+21
1.2730872e+21
6.1379115e+21
5.9189536e+21
2.8993308e+20
-8.6291986e+20
5.7567623e+21
5.4645635e+21
-8.5362173e+21
-1.1982418e+22
-2.8639686e+21
-4.6189177e+21
-2.0532308e+22
-2.7437792e+22
-1.3154179e+22
-1.7942271e+22
-9.8996284e+21
-1.5861334e+22
-5.823021e+21
-9.8996284e+21
-1.7942271e+22
-2.7437792e+22
-1.3154179e+22
-2.0532308e+22
-3.4807337e+22
-4.5647125e+22
-2.6315351e+22
-3.4807337e+22
-5.389435e+22
-6.5664884e+22
-4.128245e+22
-5.0463265e+22
-7.4510368e+22
-8.6878484e+22
-5.7370159e+22
-6.6956556e+22
-4.5834761e+22
-5.3621709e+22
-3.0899948e+22
-3.6386744e+22
-3.2722372e+22
-4.0204328e+22
-2.1657299e+22
-2.6923054e+22
-1.4625458e+22
-1.8445923e+22
-6.0592287e+21
-7.9230264e+21
-1.8387029e+21
-2.9375196e+21
5.2731127e+21
4.9459463e+21
-3.876323e+21
-4.9302523e+21
4.7412914e+21
4.4081253e+21
-2.1332026e+22
-2.5371212e+22
-9.4718187e+21
-1.1474078e+22
-2.8385192e+22
-3.2466654e+22
-1.310407e+22
-1.5225946e+22
-5.8184597e+21
-6.8380131e+21
4.2020682e+21
3.8833127e+21
-7.6692207e+21
-8.6563451e+21
3.6843321e+21
3.3925563e+21
-3.5480123e+22
-3.9447488e+22
-1.6890774e+22
-1.9073346e+22
-7.3086522e+22
-8.0860896e+22
-5.0023446e+22
-5.5410908e+22
-5.9409418e+22
-6.7290977e+22
-4.0463438e+22
-4.5968672e+22
-9.6076352e+22
-1.0871396e+23
-7.4093235e+22
-8.3836848e+22
-1.1801434e+23
-1.3058863e+23
-9.1008484e+22
-1.0065055e+23
-1.690729e+23
-1.8745705e+23
-1.3872006e+23
-1.5358163e+23
-2.2529411e+23
-2.5054062e+23
-1.9212839e+23
-2.1323867e+23
-1.8218572e+23
-2.0694894e+23
-1.5582034e+23
-1.7669146e+23
-1.3732405e+23
-1.5559244e+23
-1.1288637e+23
-1.2775778e+23
-1.0645444e+23
-1.2414035e+23
-8.7592418e+22
-1.0208773e+23
-7.7244589e+22
-9.3906242e+22
-6.3503258e+22
-7.7244589e+22
-1.0208773e+23
-1.2414035e+23
-8.7592418e+22
-1.0645444e+23
-1.4079701e+23
-1.644739e+23
-1.2068794e+23
-1.4079701e+23
-1.7669146e+23
-2.0694894e+23
-1.5582034e+23
-1.8218572e+23
-1.2775778e+23
-1.5559244e+23
-1.1288637e+23
-1.3732405e+23
-1.5358163e+23
-1.8745705e+23
-1.3872006e+23
-1.690729e+23
-2.1323867e+23
-2.5054062e+23
-1.9212839e+23
-2.2529411e+23
-2.7869146e+23
-3.1879988e+23
-2.502705e+23
-2.856289e+23
-2.2967867e+23
-2.617554e+23
-2.0195694e+23
-2.2967867e+23
-2.856289e+23
-3.1879988e+23
-2.502705e+23
-2.7869146e+23
-3.4880268e+23
-3.9090863e+23
-3.1201925e+23
-3.4880268e+23
-4.2208876e+23
-4.6513588e+23
-3.7597795e+23
-4.1323336e+23
-3.4323154e+23
-3.7662151e+23
-2.9957963e+23
-3.2793935e+23
-4.0090911e+23
-4.3348693e+23
-3.4852016e+23
-3.7595563e+23
-4.966204e+23
-5.3927245e+23
-4.404181e+23
-4.7699323e+23
-5.6997479e+23
-6.1062728e+23
-5.0326205e+23
-5.3782297e+23
-6.3927385e+23
-6.7610553e+23
-5.6213176e+23
-5.932459e+23
-5.0886528e+23
-5.3620768e+23
-4.3902453e+23
-4.6179463e+23
-4.5681449e+23
-4.8741003e+23
-3.9555332e+23
-4.2112758e+23
-3.5348105e+23
-3.7579805e+23
-2.9841184e+23
-3.1669102e+23
-3.9136775e+23
-4.1105252e+23
-3.2942432e+23
-3.4555167e+23
-2.8755874e+23
-3.0118272e+23
-2.3368437e+23
-2.4460526e+23
-2.6107356e+23
-2.7670789e+23
-2.1257632e+23
-2.2503807e+23
-2.3185268e+23
-2.4894688e+23
-1.8926415e+23
-2.0291049e+23
-3.1222158e+23
-3.3631415e+23
-2.6446849e+23
-2.843078e+23
-2.6904456e+23
-2.9409266e+23
-2.2868173e+23
-2.4946166e+23
-2.0087522e+23
-2.1887792e+23
-1.6441276e+23
-1.7886613e+23
-1.3973996e+23
-1.5191261e+23
-1.0766256e+23
-1.1694856e+23
-1.6065859e+23
-1.7208125e+23
-1.2361539e+23
-1.3231583e+23
-9.9308803e+22
-1.0622158e+23
-6.8244124e+22
-7.3092238e+22
-8.6513394e+22
-9.396539e+22
-5.9347174e+22
-6.4515808e+22
-4.234247e+22
-4.6075201e+22
-2.0717483e+22
-2.2879292e+22
-9.4249994e+21
-1.0370014e+22
3.2064338e+21
2.9480582e+21
-1.1068806e+22
-1.1952725e+22
2.7786714e+21
2.5560876e+21
-4.875603e+22
-5.2164569e+22
-2.4446692e+22
-2.6501217e+22
-5.4558915e+22
-5.757274e+22
-2.7940604e+22
-2.9808172e+22
-1.2572739e+22
-1.337187e+22
2.4061658e+21
2.2196057e+21
-1.3903856e+22
-1.4594142e+22
2.0912614e+21
1.9400775e+21
-5.9627799e+22
-6.2186662e+22
-3.1075239e+22
-3.2688754e+22
-1.2150059e+23
-1.2677328e+23
-8.3966505e+22
-8.7805896e+22
-1.1108726e+23
-1.172632e+23
-7.6521113e+22
-8.0930274e+22
-1.8015298e+23
-1.904759e+23
-1.3846375e+23
-1.4636772e+23
-1.9760204e+23
-2.0649917e+23
-1.5183058e+23
-1.5872641e+23
-2.1243639e+23
-2.1963148e+23
-1.6334338e+23
-1.6901236e+23
-2.2419614e+23
-2.2947764e+23
-1.7263277e+23
-1.7686399e+23
-1.3716685e+23
-1.4026462e+23
-9.5492623e+22
-9.7822259e+22
-1.3026481e+23
-1.3450098e+23
-9.0359877e+22
-9.3500592e+22
-6.3864968e+22
-6.5916044e+22
-3.3746651e+22
-3.5053105e+22
-1.5029727e+22
-1.5589718e+22
1.8350751e+21
1.7184374e+21
-1.5922115e+22
-1.6334544e+22
1.6382674e+21
1.5554613e+21
-6.7192202e+22
-6.8691162e+22
-3.5872378e+22
-3.683233e+22
-6.9549197e+22
-7.0462494e+22
-3.7390848e+22
-3.7977274e+22
-1.6558787e+22
-1.6811212e+22
1.5013145e+21
1.4518297e+21
-1.6924108e+22
-1.7009076e+22
1.424541e+21
1.4080786e+21
-7.089346e+22
-7.1200246e+22
-3.826024e+22
-3.8457432e+22
-1.4484693e+23
-1.454808e+23
-1.0131546e+23
-1.0179909e+23
-1.4205879e+23
-1.439461e+23
-9.9187985e+22
-1.0062105e+23
-2.3255886e+23
-2.357824e+23
-1.7935825e+23
-1.8197522e+23
-2.3733033e+23
-2.3841367e+23
-1.8324774e+23
-1.8413365e+23
-3.4901133e+23
-3.5070058e+23
-2.838565e+23
-2.8528897e+23
-4.8120983e+23
-4.8370715e+23
-4.0417021e+23
-4.0633324e+23
-4.702069e+23
-4.7761912e+23
-3.9472015e+23
-4.0106456e+23
-3.4156797e+23
-3.4658915e+23
-2.7758191e+23
-2.8179911e+23
-3.2854959e+23
-3.367529e+23
-2.667847e+23
-2.7356443e+23
-3.1033578e+23
-3.2144908e+23
-2.5195794e+23
-2.6098443e+23
-4.2436171e+23
-4.4058543e+23
-3.5646407e+23
-3.6987537e+23
-4.510221e+23
-4.6308458e+23
-3.7854281e+23
-3.8868118e+23
-5.9236733e+23
-6.0946621e+23
-5.08742e+23
-5.2325598e+23
-5.5480492e+23
-5.7760321e+23
-4.7727735e+23
-4.9634871e+23
-7.0128421e+23
-7.3236609e+23
-6.1450487e+23
-6.4077628e+23
-7.526142e+23
-7.7613797e+23
-6.5793538e+23
-6.7805906e+23
-7.9020062e+23
-8.0480207e+23
-6.9016789e+23
-7.0291526e+23
-6.1962419e+23
-6.3018318e+23
-5.3194655e+23
-5.4108626e+23
-6.3532138e+23
-6.388855e+23
-5.45576e+23
-5.487046e+23
-8.119471e+23
-8.1688502e+23
-7.0919822e+23
-7.1357907e+23
-1.0091393e+24
-1.0157537e+24
-8.9462324e+23
-9.0055519e+23
-9.7995361e+23
-9.995101e+23
-8.689106e+23
-8.8611424e+23
-1.1801578e+24
-1.2047326e+24
-1.0641273e+24
-1.0861327e+24
-1.2169036e+24
-1.2252506e+24
-1.0970115e+24
-1.1045545e+24
-1.4083781e+24
-1.4162075e+24
-1.3007604e+24
-1.3093924e+24
-1.4965737e+24
-1.5038406e+24
-1.4487938e+24
-1.451812e+24
-1.4721364e+24
-1.4900046e+24
-1.4267317e+24
-1.441556e+24
-1.3700067e+24
-1.3955821e+24
-1.2627775e+24
-1.2884039e+24
-1.2988429e+24
-1.3438948e+24
-1.196059e+24
-1.2378802e+24
-1.433727e+24
-1.4632581e+24
-1.3676619e+24
-1.4075324e+24
-1.3460068e+24
-1.4045321e+24
-1.2668609e+24
-1.329915e+24
-1.1990681e+24
-1.2604412e+24
-1.1035916e+24
-1.1597638e+24
-1.0313213e+24
-1.0833232e+24
-9.3262898e+23
-9.7826681e+23
-1.1170762e+24
-1.1565477e+24
-1.008136e+24
-1.0430813e+24
-9.2973444e+23
-9.6111203e+23
-8.2550578e+23
-8.525599e+23
-8.6177927e+23
-9.0288342e+23
-7.6727002e+23
-8.0244502e+23
-7.8058261e+23
-8.2875891e+23
-6.9755963e+23
-7.3890852e+23
-9.2877466e+23
-9.8967678e+23
-8.4256269e+23
-8.9594174e+23
-8.1628878e+23
-8.8211128e+23
-7.4352299e+23
-8.014418e+23
-6.9093696e+23
-7.4343694e+23
-6.2010625e+23
-6.6548296e+23
-5.9737404e+23
-6.5165651e+23
-5.3861058e+23
-5.8592715e+23
-5.0378981e+23
-5.5770941e+23
-4.5634382e+23
-5.0378981e+23
-5.8592715e+23
-6.5165651e+23
-5.3861058e+23
-5.9737404e+23
-7.0029076e+23
-7.6744552e+23
-6.4075718e+23
-7.0029076e+23
-8.014418e+23
-8.8211128e+23
-7.4352299e+23
-8.1628878e+23
-6.6548296e+23
-7.4343694e+23
-6.2010625e+23
-6.9093696e+23
-7.3890852e+23
-8.2875891e+23
-6.9755963e+23
-7.8058261e+23
-8.9594174e+23
-9.8967678e+23
-8.4256269e+23
-9.2877466e+23
-1.0582729e+24
-1.1499081e+24
-9.919405e+23
-1.0766651e+24
-9.4106146e+23
-1.0204048e+24
-8.6944706e+23
-9.4106146e+23
-1.0766651e+24
-1.1499081e+24
-9.919405e+23
-1.0582729e+24
-1.2149885e+24
-1.2944799e+24
-1.1372696e+24
-1.2149885e+24
-1.329915e+24
-1.4045321e+24
-1.2668609e+24
-1.3460068e+24
-1.4075324e+24
-1.4632581e+24
-1.3676619e+24
-1.433727e+24
-1.2378802e+24
-1.3438948e+24
-1.196059e+24
-1.2988429e+24
-1.1597638e+24
-1.2604412e+24
-1.1035916e+24
-1.1990681e+24
-9.7826681e+23
-1.0833232e+24
-9.3262898e+23
-1.0313213e+24
-8.0244502e+23
-9.0288342e+23
-7.6727002e+23
-8.6177927e+23
-8.525599e+23
-9.6111203e+23
-8.2550578e+23
-9.2973444e+23
-1.0430813e+24
-1.1565477e+24
-1.008136e+24
-1.1170762e+24
-1.0861327e+24
-1.2047326e+24
-1.0641273e+24
-1.1801578e+24
-8.8611424e+23
-9.995101e+23
-8.689106e+23
-9.7995361e+23
-9.0055519e+23
-1.0157537e+24
-8.9462324e+23
-1.0091393e+24
-1.1045545e+24
-1.2252506e+24
-1.0970115e+24
-1.2169036e+24
-1.3093924e+24
-1.4162075e+24
-1.3007604e+24
-1.4083781e+24
-1.2884039e+24
-1.3955821e+24
-1.2627775e+24
-1.3700067e+24
-1.441556e+24
-1.4900046e+24
-1.4267317e+24
-1.4721364e+24
-1.451812e+24
-1.5038406e+24
-1.4487938e+24
-1.4965737e+24
-1.3919322e+24
-1.0359915e+24
-1.4216405e+24
-1.102447e+24
-6.435224e+23
4.7578345e+23
-6.8871882e+23
-1.2803022e+23
-8.0978643e+23
-2.3627614e+23
-1.1022516e+24
-4.5307442e+23
-1.456456e+24
-1.203769e+24
-1.4809022e+24
-1.3536303e+24
-1.4846689e+24
-1.4232114e+24
-1.4712938e+24
-1.4582349e+24
-1.4507062e+24
-1.467107e+24
-1.3984806e+24
-1.4507062e+24
-1.4582349e+24
-1.4232114e+24
-1.4712938e+24
-1.4846689e+24
-1.3221287e+24
-8.438699e+23
-1.4468834e+24
-1.3221287e+24
-4.5307442e+23
-2.3627614e+23
-1.1022516e+24
-8.0978643e+23
-1.3536303e+24
-1.203769e+24
-1.4809022e+24
-1.456456e+24
-1.102447e+24
-1.0359915e+24
-1.4216405e+24
-1.3919322e+24
-1.2803022e+23
4.7578345e+23
-6.8871882e+23
-6.435224e+23
1.71729e+25
1.1222239e+25
6.1140012e+24
9.9710216e+24
2.1102337e+24
1.1537365e+25
-3.1143733e+23
2.1102337e+24
9.9710216e+24
1.1222239e+25
6.1140012e+24
1.71729e+25
2.0280687e+25
2.5259448e+26
6.7815155e+23
2.0280687e+25
2.5259448e+26
2.0280687e+25
2.0280687e+25
6.7815155e+23
1.1222239e+25
9.9710216e+24
1.71729e+25
6.1140012e+24
1.1537365e+25
2.1102337e+24
2.1102337e+24
-3.1143733e+23
1.1222239e+25
1.71729e+25
9.9710216e+24
6.1140012e+24
4.7578345e+23
-1.2803022e+23
-6.435224e+23
-6.8871882e+23
-1.0359915e+24
-1.102447e+24
-1.3919322e+24
-1.4216405e+24
-1.203769e+24
-1.3536303e+24
-1.456456e+24
-1.4809022e+24
-2.3627614e+23
-4.5307442e+23
-8.0978643e+23
-1.1022516e+24
-8.438699e+23
-1.3221287e+24
-1.3221287e+24
-1.4468834e+24
-1.4232114e+24
-1.4582349e+24
-1.4846689e+24
-1.4712938e+24
-1.467107e+24
-1.4507062e+24
-1.4507062e+24
-1.3984806e+24
-1.4232114e+24
-1.4846689e+24
-1.4582349e+24
-1.4712938e+24
-1.203769e+24
-1.456456e+24
-1.3536303e+24
-1.4809022e+24
-2.3627614e+23
-8.0978643e+23
-4.5307442e+23
-1.1022516e+24
4.7578345e+23
-6.435224e+23
-1.2803022e+23
-6.8871882e+23
-1.0359915e+24
-1.3919322e+24
-1.102447e+24
-1.4216405e+24
-1.5038406e+24
-1.451812e+24
-1.4965737e+24
-1.4487938e+24
-1.4900046e+24
-1.441556e+24
-1.4721364e+24
-1.4267317e+24
-1.3955821e+24
-1.2884039e+24
-1.3700067e+24
-1.2627775e+24
-1.4162075e+24
-1.3093924e+24
-1.4083781e+24
-1.3007604e+24
-1.2252506e+24
-1.1045545e+24
-1.2169036e+24
-1.0970115e+24
-1.0157537e+24
-9.0055519e+23
-1.0091393e+24
-8.9462324e+23
-9.995101e+23
-8.8611424e+23
-9.7995361e+23
-8.689106e+23
-1.2047326e+24
-1.0861327e+24
-1.1801578e+24
-1.0641273e+24
-1.1565477e+24
-1.0430813e+24
-1.1170762e+24
-1.008136e+24
-9.6111203e+23
-8.525599e+23
-9.2973444e+23
-8.2550578e+23
-9.0288342e+23
-8.0244502e+23
-8.6177927e+23
-7.6727002e+23
-1.0833232e+24
-9.7826681e+23
-1.0313213e+24
-9.3262898e+23
-1.2604412e+24
-1.1597638e+24
-1.1990681e+24
-1.1035916e+24
-1.3438948e+24
-1.2378802e+24
-1.2988429e+24
-1.196059e+24
-1.4632581e+24
-1.4075324e+24
-1.433727e+24
-1.3676619e+24
-1.4045321e+24
-1.329915e+24
-1.3460068e+24
-1.2668609e+24
-1.2944799e+24
-1.2149885e+24
-1.2149885e+24
-1.1372696e+24
-1.1499081e+24
-1.0766651e+24
-1.0582729e+24
-9.919405e+23
-1.0204048e+24
-9.4106146e+23
-9.4106146e+23
-8.6944706e+23
-1.1499081e+24
-1.0582729e+24
-1.0766651e+24
-9.919405e+23
-9.8967678e+23
-8.9594174e+23
-9.2877466e+23
-8.4256269e+23
-8.2875891e+23
-7.3890852e+23
-7.8058261e+23
-6.9755963e+23
-7.4343694e+23
-6.6548296e+23
-6.9093696e+23
-6.2010625e+23
-8.8211128e+23
-8.014418e+23
-8.1628878e+23
-7.4352299e+23
-7.6744552e+23
-7.0029076e+23
-7.0029076e+23
-6.4075718e+23
-6.5165651e+23
-5.8592715e+23
-5.9737404e+23
-5.3861058e+23
-5.5770941e+23
-5.0378981e+23
-5.0378981e+23
-4.5634382e+23
-6.5165651e+23
-5.9737404e+23
-5.8592715e+23
-5.3861058e+23
-7.4343694e+23
-6.9093696e+23
-6.6548296e+23
-6.2010625e+23
-8.8211128e+23
-8.1628878e+23
-8.014418e+23
-7.4352299e+23
-9.8967678e+23
-9.2877466e+23
-8.9594174e+23
-8.4256269e+23
-8.2875891e+23
-7.8058261e+23
-7.3890852e+23
-6.9755963e+23
-9.0288342e+23
-8.6177927e+23
-8.0244502e+23
-7.6727002e+23
-9.6111203e+23
-9.2973444e+23
-8.525599e+23
-8.2550578e+23
-1.1565477e+24
-1.1170762e+24
-1.0430813e+24
-1.008136e+24
-1.0833232e+24
-1.0313213e+24
-9.7826681e+23
-9.3262898e+23
-1.2604412e+24
-1.1990681e+24
-1.1597638e+24
-1.1035916e+24
-1.4045321e+24
-1.3460068e+24
-1.329915e+24
-1.2668609e+24
-1.4632581e+24
-1.433727e+24
-1.4075324e+24
-1.3676619e+24
-1.3438948e+24
-1.2988429e+24
-1.2378802e+24
-1.196059e+24
-1.3955821e+24
-1.3700067e+24
-1.2884039e+24
-1.2627775e+24
-1.4900046e+24
-1.4721364e+24
-1.441556e+24
-1.4267317e+24
-1.5038406e+24
-1.4965737e+24
-1.451812e+24
-1.4487938e+24
-1.4162075e+24
-1.4083781e+24
-1.3093924e+24
-1.3007604e+24
-1.2252506e+24
-1.2169036e+24
-1.1045545e+24
-1.0970115e+24
-1.2047326e+24
-1.1801578e+24
-1.0861327e+24
-1.0641273e+24
-9.995101e+23
-9.7995361e+23
-8.8611424e+23
-8.689106e+23
-1.0157537e+24
-1.0091393e+24
-9.0055519e+23
-8.9462324e+23
-8.1688502e+23
-8.119471e+23
-7.1357907e+23
-7.0919822e+23
-6.388855e+23
-6.3532138e+23
-5.487046e+23
-5.45576e+23
-6.3018318e+23
-6.1962419e+23
-5.4108626e+23
-5.3194655e+23
-8.0480207e+23
-7.9020062e+23
-7.0291526e+23
-6.9016789e+23
-7.7613797e+23
-7.526142e+23
-6.7805906e+23
-6.5793538e+23
-7.3236609e+23
-7.0128421e+23
-6.4077628e+23
-6.1450487e+23
-5.7760321e+23
-5.5480492e+23
-4.9634871e+23
-4.7727735e+23
-6.0946621e+23
-5.9236733e+23
-5.2325598e+23
-5.08742e+23
-4.6308458e+23
-4.510221e+23
-3.8868118e+23
-3.7854281e+23
-4.4058543e+23
-4.2436171e+23
-3.6987537e+23
-3.5646407e+23
-3.2144908e+23
-3.1033578e+23
-2.6098443e+23
-2.5195794e+23
-3.367529e+23
-3.2854959e+23
-2.7356443e+23
-2.667847e+23
-3.4658915e+23
-3.4156797e+23
-2.8179911e+23
-2.7758191e+23
-4.7761912e+23
-4.702069e+23
-4.0106456e+23
-3.9472015e+23
-4.8370715e+23
-4.8120983e+23
-4.0633324e+23
-4.0417021e+23
-3.5070058e+23
-3.4901133e+23
-2.8528897e+23
-2.838565e+23
-2.3841367e+23
-2.3733033e+23
-1.8413365e+23
-1.8324774e+23
-2.357824e+23
-2.3255886e+23
-1.8197522e+23
-1.7935825e+23
-1.439461e+23
-1.4205879e+23
-1.0062105e+23
-9.9187985e+22
-1.454808e+23
-1.4484693e+23
-1.0179909e+23
-1.0131546e+23
-7.1200246e+22
-7.089346e+22
-3.8457432e+22
-3.826024e+22
-1.7009076e+22
-1.6924108e+22
1.4080786e+21
1.424541e+21
-1.6811212e+22
-1.6558787e+22
1.4518297e+21
1.5013145e+21
-7.0462494e+22
-6.9549197e+22
-3.7977274e+22
-3.7390848e+22
-6.8691162e+22
-6.7192202e+22
-3.683233e+22
-3.5872378e+22
-1.6334544e+22
-1.5922115e+22
1.5554613e+21
1.6382674e+21
-1.5589718e+22
-1.5029727e+22
1.7184374e+21
1.8350751e+21
-6.5916044e+22
-6.3864968e+22
-3.5053105e+22
-3.3746651e+22
-1.3450098e+23
-1.3026481e+23
-9.3500592e+22
-9.0359877e+22
-1.4026462e+23
-1.3716685e+23
-9.7822259e+22
-9.5492623e+22
-2.2947764e+23
-2.2419614e+23
-1.7686399e+23
-1.7263277e+23
-2.1963148e+23
-2.1243639e+23
-1.6901236e+23
-1.6334338e+23
-2.0649917e+23
-1.9760204e+23
-1.5872641e+23
-1.5183058e+23
-1.904759e+23
-1.8015298e+23
-1.4636772e+23
-1.3846375e+23
-1.172632e+23
-1.1108726e+23
-8.0930274e+22
-7.6521113e+22
-1.2677328e+23
-1.2150059e+23
-8.7805896e+22
-8.3966505e+22
-6.2186662e+22
-5.9627799e+22
-3.2688754e+22
-3.1075239e+22
-1.4594142e+22
-1.3903856e+22
1.9400775e+21
2.0912614e+21
-1.337187e+22
-1.2572739e+22
2.2196057e+21
2.4061658e+21
-5.757274e+22
-5.4558915e+22
-2.9808172e+22
-2.7940604e+22
-5.2164569e+22
-4.875603e+22
-2.6501217e+22
-2.4446692e+22
-1.1952725e+22
-1.1068806e+22
2.5560876e+21
2.7786714e+21
-1.0370014e+22
-9.4249994e+21
2.9480582e+21
3.2064338e+21
-4.6075201e+22
-4.234247e+22
-2.2879292e+22
-2.0717483e+22
-9.396539e+22
-8.6513394e+22
-6.4515808e+22
-5.9347174e+22
-1.0622158e+23
-9.9308803e+22
-7.3092238e+22
-6.8244124e+22
-1.7208125e+23
-1.6065859e+23
-1.3231583e+23
-1.2361539e+23
-1.5191261e+23
-1.3973996e+23
-1.1694856e+23
-1.0766256e+23
-2.1887792e+23
-2.0087522e+23
-1.7886613e+23
-1.6441276e+23
-2.9409266e+23
-2.6904456e+23
-2.4946166e+23
-2.2868173e+23
-3.3631415e+23
-3.1222158e+23
-2.843078e+23
-2.6446849e+23
-2.4894688e+23
-2.3185268e+23
-2.0291049e+23
-1.8926415e+23
-2.7670789e+23
-2.6107356e+23
-2.2503807e+23
-2.1257632e+23
-3.0118272e+23
-2.8755874e+23
-2.4460526e+23
-2.3368437e+23
-4.1105252e+23
-3.9136775e+23
-3.4555167e+23
-3.2942432e+23
-3.7579805e+23
-3.5348105e+23
-3.1669102e+23
-2.9841184e+23
-4.8741003e+23
-4.5681449e+23
-4.2112758e+23
-3.9555332e+23
-5.3620768e+23
-5.0886528e+23
-4.6179463e+23
-4.3902453e+23
-6.7610553e+23
-6.3927385e+23
-5.932459e+23
-5.6213176e+23
-6.1062728e+23
-5.6997479e+23
-5.3782297e+23
-5.0326205e+23
-5.3927245e+23
-4.966204e+23
-4.7699323e+23
-4.404181e+23
-4.3348693e+23
-4.0090911e+23
-3.7595563e+23
-3.4852016e+23
-3.7662151e+23
-3.4323154e+23
-3.2793935e+23
-2.9957963e+23
-4.6513588e+23
-4.2208876e+23
-4.1323336e+23
-3.7597795e+23
-3.9090863e+23
-3.4880268e+23
-3.4880268e+23
-3.1201925e+23
-3.1879988e+23
-2.856289e+23
-2.7869146e+23
-2.502705e+23
-2.617554e+23
-2.2967867e+23
-2.2967867e+23
-2.0195694e+23
-3.1879988e+23
-2.7869146e+23
-2.856289e+23
-2.502705e+23
-2.5054062e+23
-2.1323867e+23
-2.2529411e+23
-1.9212839e+23
-1.8745705e+23
-1.5358163e+23
-1.690729e+23
-1.3872006e+23
-1.5559244e+23
-1.2775778e+23
-1.3732405e+23
-1.1288637e+23
-2.0694894e+23
-1.7669146e+23
-1.8218572e+23
-1.5582034e+23
-1.644739e+23
-1.4079701e+23
-1.4079701e+23
-1.2068794e+23
-1.2414035e+23
-1.0208773e+23
-1.0645444e+23
-8.7592418e+22
-9.3906242e+22
-7.7244589e+22
-7.7244589e+22
-6.3503258e+22
-1.2414035e+23
-1.0645444e+23
-1.0208773e+23
-8.7592418e+22
-1.5559244e+23
-1.3732405e+23
-1.2775778e+23
-1.1288637e+23
-2.0694894e+23
-1.8218572e+23
-1.7669146e+23
-1.5582034e+23
-2.5054062e+23
-2.2529411e+23
-2.1323867e+23
-1.9212839e+23
-1.8745705e+23
-1.690729e+23
-1.5358163e+23
-1.3872006e+23
-1.3058863e+23
-1.1801434e+23
-1.0065055e+23
-9.1008484e+22
-1.0871396e+23
-9.6076352e+22
-8.3836848e+22
-7.4093235e+22
-6.7290977e+22
-5.9409418e+22
-4.5968672e+22
-4.0463438e+22
-8.0860896e+22
-7.3086522e+22
-5.5410908e+22
-5.0023446e+22
-3.9447488e+22
-3.5480123e+22
-1.9073346e+22
-1.6890774e+22
-8.6563451e+21
-7.6692207e+21
3.3925563e+21
3.6843321e+21
-6.8380131e+21
-5.8184597e+21
3.8833127e+21
4.2020682e+21
-3.2466654e+22
-2.8385192e+22
-1.5225946e+22
-1.310407e+22
-2.5371212e+22
-2.1332026e+22
-1.1474078e+22
-9.4718187e+21
-4.9302523e+21
-3.876323e+21
4.4081253e+21
4.7412914e+21
-2.9375196e+21
-1.8387029e+21
4.9459463e+21
5.2731127e+21
-1.8445923e+22
-1.4625458e+22
-7.9230264e+21
-6.0592287e+21
-4.0204328e+22
-3.2722372e+22
-2.6923054e+22
-2.1657299e+22
-5.3621709e+22
-4.5834761e+22
-3.6386744e+22
-3.0899948e+22
-8.6878484e+22
-7.4510368e+22
-6.6956556e+22
-5.7370159e+22
-6.5664884e+22
-5.389435e+22
-5.0463265e+22
-4.128245e+22
-4.5647125e+22
-3.4807337e+22
-3.4807337e+22
-2.6315351e+22
-2.7437792e+22
-1.7942271e+22
-2.0532308e+22
-1.3154179e+22
-1.5861334e+22
-9.8996284e+21
-9.8996284e+21
-5.823021e+21
-2.7437792e+22
-2.0532308e+22
-1.7942271e+22
-1.3154179e+22
-1.1982418e+22
-8.5362173e+21
-4.6189177e+21
-2.8639686e+21
-8.6291986e+20
2.8993308e+20
5.4645635e+21
5.7567623e+21
1.2730872e+21
2.4725351e+21
5.9189536e+21
6.1379115e+21
-6.2126049e+21
-3.2125475e+21
-1.5307302e+21
1.8740482e+20
-1.2125489e+21
1.4625993e+21
1.4625993e+21
3.2558988e+21
3.4103874e+21
4.6000554e+21
6.2436216e+21
6.3316872e+21
5.3798456e+21
6.2725565e+21
6.2725565e+21
6.0118504e+21
3.4103874e+21
6.2436216e+21
4.6000554e+21
6.3316872e+21
1.2730872e+21
5.9189536e+21
2.4725351e+21
6.1379115e+21
-6.2126049e+21
-1.5307302e+21
-3.2125475e+21
1.8740482e+20
-1.1982418e+22
-4.6189177e+21
-8.5362173e+21
-2.8639686e+21
-8.6291986e+20
5.4645635e+21
2.8993308e+20
5.7567623e+21
-2.9375196e+21
4.9459463e+21
-1.8387029e+21
5.2731127e+21
-4.9302523e+21
4.4081253e+21
-3.876323e+21
4.7412914e+21
-2.5371212e+22
-1.1474078e+22
-2.1332026e+22
-9.4718187e+21
-1.8445923e+22
-7.9230264e+21
-1.4625458e+22
-6.0592287e+21
-4.0204328e+22
-2.6923054e+22
-3.2722372e+22
-2.1657299e+22
-6.5664884e+22
-5.0463265e+22
-5.389435e+22
-4.128245e+22
-8.6878484e+22
-6.6956556e+22
-7.4510368e+22
-5.7370159e+22
-5.3621709e+22
-3.6386744e+22
-4.5834761e+22
-3.0899948e+22
-6.7290977e+22
-4.5968672e+22
-5.9409418e+22
-4.0463438e+22
-1.0871396e+23
-8.3836848e+22
-9.6076352e+22
-7.4093235e+22
-1.3058863e+23
-1.0065055e+23
-1.1801434e+23
-9.1008484e+22
-8.0860896e+22
-5.5410908e+22
-7.3086522e+22
-5.0023446e+22
-3.9447488e+22
-1.9073346e+22
-3.5480123e+22
-1.6890774e+22
-3.2466654e+22
-1.5225946e+22
-2.8385192e+22
-1.310407e+22
-6.8380131e+21
3.8833127e+21
-5.8184597e+21
4.2020682e+21
-8.6563451e+21
3.3925563e+21
-7.6692207e+21
3.6843321e+21
-1.0370014e+22
2.9480582e+21
-9.4249994e+21
3.2064338e+21
-4.6075201e+22
-2.2879292e+22
-4.234247e+22
-2.0717483e+22
-5.2164569e+22
-2.6501217e+22
-4.875603e+22
-2.4446692e+22
-1.1952725e+22
2.5560876e+21
-1.1068806e+22
2.7786714e+21
-1.337187e+22
2.2196057e+21
-1.2572739e+22
2.4061658e+21
-1.4594142e+22
1.9400775e+21
-1.3903856e+22
2.0912614e+21
-6.2186662e+22
-3.2688754e+22
-5.9627799e+22
-3.1075239e+22
-5.757274e+22
-2.9808172e+22
-5.4558915e+22
-2.7940604e+22
-1.172632e+23
-8.0930274e+22
-1.1108726e+23
-7.6521113e+22
-1.2677328e+23
-8.7805896e+22
-1.2150059e+23
-8.3966505e+22
-2.0649917e+23
-1.5872641e+23
-1.9760204e+23
-1.5183058e+23
-1.904759e+23
-1.4636772e+23
-1.8015298e+23
-1.3846375e+23
-1.7208125e+23
-1.3231583e+23
-1.6065859e+23
-1.2361539e+23
-1.0622158e+23
-7.3092238e+22
-9.9308803e+22
-6.8244124e+22
-9.396539e+22
-6.4515808e+22
-8.6513394e+22
-5.9347174e+22
-1.5191261e+23
-1.1694856e+23
-1.3973996e+23
-1.0766256e+23
-2.1887792e+23
-1.7886613e+23
-2.0087522e+23
-1.6441276e+23
-2.4894688e+23
-2.0291049e+23
-2.3185268e+23
-1.8926415e+23
-3.3631415e+23
-2.843078e+23
-3.1222158e+23
-2.6446849e+23
-2.9409266e+23
-2.4946166e+23
-2.6904456e+23
-2.2868173e+23
-3.7662151e+23
-3.2793935e+23
-3.4323154e+23
-2.9957963e+23
-4.6513588e+23
-4.1323336e+23
-4.2208876e+23
-3.7597795e+23
-5.3927245e+23
-4.7699323e+23
-4.966204e+23
-4.404181e+23
-4.3348693e+23
-3.7595563e+23
-4.0090911e+23
-3.4852016e+23
-4.8741003e+23
-4.2112758e+23
-4.5681449e+23
-3.9555332e+23
-6.1062728e+23
-5.3782297e+23
-5.6997479e+23
-5.0326205e+23
-6.7610553e+23
-5.932459e+23
-6.3927385e+23
-5.6213176e+23
-5.3620768e+23
-4.6179463e+23
-5.0886528e+23
-4.3902453e+23
-4.1105252e+23
-3.4555167e+23
-3.9136775e+23
-3.2942432e+23
-3.7579805e+23
-3.1669102e+23
-3.5348105e+23
-2.9841184e+23
-2.7670789e+23
-2.2503807e+23
-2.6107356e+23
-2.1257632e+23
-3.0118272e+23
-2.4460526e+23
-2.8755874e+23
-2.3368437e+23
-3.2144908e+23
-2.6098443e+23
-3.1033578e+23
-2.5195794e+23
-3.367529e+23
-2.7356443e+23
-3.2854959e+23
-2.667847e+23
-4.6308458e+23
-3.8868118e+23
-4.510221e+23
-3.7854281e+23
-4.4058543e+23
-3.6987537e+23
-4.2436171e+23
-3.5646407e+23
-5.7760321e+23
-4.9634871e+23
-5.5480492e+23
-4.7727735e+23
-7.3236609e+23
-6.4077628e+23
-7.0128421e+23
-6.1450487e+23
-7.7613797e+23
-6.7805906e+23
-7.526142e+23
-6.5793538e+23
-6.0946621e+23
-5.2325598e+23
-5.9236733e+23
-5.08742e+23
-6.3018318e+23
-5.4108626e+23
-6.1962419e+23
-5.3194655e+23
-8.0480207e+23
-7.0291526e+23
-7.9020062e+23
-6.9016789e+23
-8.1688502e+23
-7.1357907e+23
-8.119471e+23
-7.0919822e+23
-6.388855e+23
-5.487046e+23
-6.3532138e+23
-5.45576e+23
-4.8370715e+23
-4.0633324e+23
-4.8120983e+23
-4.0417021e+23
-4.7761912e+23
-4.0106456e+23
-4.702069e+23
-3.9472015e+23
-3.4658915e+23
-2.8179911e+23
-3.4156797e+23
-2.7758191e+23
-3.5070058e+23
-2.8528897e+23
-3.4901133e+23
-2.838565e+23
-2.3841367e+23
-1.8413365e+23
-2.3733033e+23
-1.8324774e+23
-1.454808e+23
-1.0179909e+23
-1.4484693e+23
-1.0131546e+23
-1.439461e+23
-1.0062105e+23
-1.4205879e+23
-9.9187985e+22
-2.357824e+23
-1.8197522e+23
-2.3255886e+23
-1.7935825e+23
-2.2947764e+23
-1.7686399e+23
-2.2419614e+23
-1.7263277e+23
-2.1963148e+23
-1.6901236e+23
-2.1243639e+23
-1.6334338e+23
-1.3450098e+23
-9.3500592e+22
-1.3026481e+23
-9.0359877e+22
-1.4026462e+23
-9.7822259e+22
-1.3716685e+23
-9.5492623e+22
-6.8691162e+22
-3.683233e+22
-6.7192202e+22
-3.5872378e+22
-6.5916044e+22
-3.5053105e+22
-6.3864968e+22
-3.3746651e+22
-1.5589718e+22
1.7184374e+21
-1.5029727e+22
1.8350751e+21
-1.6334544e+22
1.5554613e+21
-1.5922115e+22
1.6382674e+21
-1.6811212e+22
1.4518297e+21
-1.6558787e+22
1.5013145e+21
-7.0462494e+22
-3.7977274e+22
-6.9549197e+22
-3.7390848e+22
-7.1200246e+22
-3.8457432e+22
-7.089346e+22
-3.826024e+22
-1.7009076e+22
1.4080786e+21
-1.6924108e+22
1.424541e+21
-1.6924108e+22
1.424541e+21
-1.7009076e+22
1.4080786e+21
-1.6558787e+22
1.5013145e+21
-1.6811212e+22
1.4518297e+21
-6.9549197e+22
-3.7390848e+22
-7.0462494e+22
-3.7977274e+22
-7.089346e+22
-3.826024e+22
-7.1200246e+22
-3.8457432e+22
-1.4484693e+23
-1.0131546e+23
-1.454808e+23
-1.0179909e+23
-2.3733033e+23
-1.8324774e+23
-2.3841367e+23
-1.8413365e+23
-2.3255886e+23
-1.7935825e+23
-2.357824e+23
-1.8197522e+23
-1.4205879e+23
-9.9187985e+22
-1.439461e+23
-1.0062105e+23
-1.3716685e+23
-9.5492623e+22
-1.4026462e+23
-9.7822259e+22
-2.2419614e+23
-1.7263277e+23
-2.2947764e+23
-1.7686399e+23
-2.1243639e+23
-1.6334338e+23
-2.1963148e+23
-1.6901236e+23
-1.3026481e+23
-9.0359877e+22
-1.3450098e+23
-9.3500592e+22
-6.3864968e+22
-3.3746651e+22
-6.5916044e+22
-3.5053105e+22
-6.7192202e+22
-3.5872378e+22
-6.8691162e+22
-3.683233e+22
-1.5922115e+22
1.6382674e+21
-1.6334544e+22
1.5554613e+21
-1.5029727e+22
1.8350751e+21
-1.5589718e+22
1.7184374e+21
-1.3903856e+22
2.0912614e+21
-1.4594142e+22
1.9400775e+21
-5.9627799e+22
-3.1075239e+22
-6.2186662e+22
-3.2688754e+22
-5.4558915e+22
-2.7940604e+22
-5.757274e+22
-2.9808172e+22
-1.2572739e+22
2.4061658e+21
-1.337187e+22
2.2196057e+21
-1.1068806e+22
2.7786714e+21
-1.1952725e+22
2.5560876e+21
-9.4249994e+21
3.2064338e+21
-1.0370014e+22
2.9480582e+21
-4.234247e+22
-2.0717483e+22
-4.6075201e+22
-2.2879292e+22
-4.875603e+22
-2.4446692e+22
-5.2164569e+22
-2.6501217e+22
-9.9308803e+22
-6.8244124e+22
-1.0622158e+23
-7.3092238e+22
-8.6513394e+22
-5.9347174e+22
-9.396539e+22
-6.4515808e+22
-1.3973996e+23
-1.0766256e+23
-1.5191261e+23
-1.1694856e+23
-1.6065859e+23
-1.2361539e+23
-1.7208125e+23
-1.3231583e+23
-1.8015298e+23
-1.3846375e+23
-1.904759e+23
-1.4636772e+23
-1.1108726e+23
-7.6521113e+22
-1.172632e+23
-8.0930274e+22
-1.2150059e+23
-8.3966505e+22
-1.2677328e+23
-8.7805896e+22
-1.9760204e+23
-1.5183058e+23
-2.0649917e+23
-1.5872641e+23
-2.8755874e+23
-2.3368437e+23
-3.0118272e+23
-2.4460526e+23
-3.9136775e+23
-3.2942432e+23
-4.1105252e+23
-3.4555167e+23
-3.5348105e+23
-2.9841184e+23
-3.7579805e+23
-3.1669102e+23
-2.6107356e+23
-2.1257632e+23
-2.7670789e+23
-2.2503807e+23
-2.3185268e+23
-1.8926415e+23
-2.4894688e+23
-2.0291049e+23
-2.0087522e+23
-1.6441276e+23
-2.1887792e+23
-1.7886613e+23
-2.6904456e+23
-2.2868173e+23
-2.9409266e+23
-2.4946166e+23
-3.1222158e+23
-2.6446849e+23
-3.3631415e+23
-2.843078e+23
-4.0090911e+23
-3.4852016e+23
-4.3348693e+23
-3.7595563e+23
-3.4323154e+23
-2.9957963e+23
-3.7662151e+23
-3.2793935e+23
-4.2208876e+23
-3.7597795e+23
-4.6513588e+23
-4.1323336e+23
-4.966204e+23
-4.404181e+23
-5.3927245e+23
-4.7699323e+23
-5.6997479e+23
-5.0326205e+23
-6.1062728e+23
-5.3782297e+23
-4.5681449e+23
-3.9555332e+23
-4.8741003e+23
-4.2112758e+23
-5.0886528e+23
-4.3902453e+23
-5.3620768e+23
-4.6179463e+23
-6.3927385e+23
-5.6213176e+23
-6.7610553e+23
-5.932459e+23
-7.0128421e+23
-6.1450487e+23
-7.3236609e+23
-6.4077628e+23
-7.526142e+23
-6.5793538e+23
-7.7613797e+23
-6.7805906e+23
-5.9236733e+23
-5.08742e+23
-6.0946621e+23
-5.2325598e+23
-5.5480492e+23
-4.7727735e+23
-5.7760321e+23
-4.9634871e+23
-4.2436171e+23
-3.5646407e+23
-4.4058543e+23
-3.6987537e+23
-3.1033578e+23
-2.5195794e+23
-3.2144908e+23
-2.6098443e+23
-3.2854959e+23
-2.667847e+23
-3.367529e+23
-2.7356443e+23
-4.510221e+23
-3.7854281e+23
-4.6308458e+23
-3.8868118e+23
-4.702069e+23
-3.9472015e+23
-4.7761912e+23
-4.0106456e+23
-3.4156797e+23
-2.7758191e+23
-3.4658915e+23
-2.8179911e+23
-3.4901133e+23
-2.838565e+23
-3.5070058e+23
-2.8528897e+23
-4.8120983e+23
-4.0417021e+23
-4.8370715e+23
-4.0633324e+23
-6.3532138e+23
-5.45576e+23
-6.388855e+23
-5.487046e+23
-6.1962419e+23
-5.3194655e+23
-6.3018318e+23
-5.4108626e+23
-7.9020062e+23
-6.9016789e+23
-8.0480207e+23
-7.0291526e+23
-8.119471e+23
-7.0919822e+23
-8.1688502e+23
-7.1357907e+23
-1.0091393e+24
-8.9462324e+23
-1.0157537e+24
-9.0055519e+23
-1.2169036e+24
-1.0970115e+24
-1.2252506e+24
-1.1045545e+24
-1.1801578e+24
-1.0641273e+24
-1.2047326e+24
-1.0861327e+24
-9.7995361e+23
-8.689106e+23
-9.995101e+23
-8.8611424e+23
-9.2973444e+23
-8.2550578e+23
-9.6111203e+23
-8.525599e+23
-8.6177927e+23
-7.6727002e+23
-9.0288342e+23
-8.0244502e+23
-1.0313213e+24
-9.3262898e+23
-1.0833232e+24
-9.7826681e+23
-1.1170762e+24
-1.008136e+24
-1.1565477e+24
-1.0430813e+24
-1.2988429e+24
-1.196059e+24
-1.3438948e+24
-1.2378802e+24
-1.1990681e+24
-1.1035916e+24
-1.2604412e+24
-1.1597638e+24
-1.3460068e+24
-1.2668609e+24
-1.4045321e+24
-1.329915e+24
-1.433727e+24
-1.3676619e+24
-1.4632581e+24
-1.4075324e+24
-1.4721364e+24
-1.4267317e+24
-1.4900046e+24
-1.441556e+24
-1.3700067e+24
-1.2627775e+24
-1.3955821e+24
-1.2884039e+24
-1.4083781e+24
-1.3007604e+24
-1.4162075e+24
-1.3093924e+24
-1.4965737e+24
-1.4487938e+24
-1.5038406e+24
-1.451812e+24
-1.102447e+24
-1.4216405e+24
-1.0359915e+24
-1.3919322e+24
-1.3536303e+24
-1.4809022e+24
-1.203769e+24
-1.456456e+24
-4.5307442e+23
-1.1022516e+24
-2.3627614e+23
-8.0978643e+23
-1.2803022e+23
-6.8871882e+23
4.7578345e+23
-6.435224e+23
1.71729e+25
6.1140012e+24
1.1222239e+25
9.9710216e+24
2.0280687e+25
6.7815155e+23
2.5259448e+26
2.0280687e+25
9.9710216e+24
6.1140012e+24
1.1222239e+25
1.71729e+25
2.1102337e+24
-3.1143733e+23
1.1537365e+25
2.1102337e+24
-8.0978643e+23
-1.1022516e+24
-2.3627614e+23
-4.5307442e+23
-6.435224e+23
-6.8871882e+23
4.7578345e+23
-1.2803022e+23
-1.3919322e+24
-1.4216405e+24
-1.0359915e+24
-1.102447e+24
-1.456456e+24
-1.4809022e+24
-1.203769e+24
-1.3536303e+24
-1.4846689e+24
-1.4712938e+24
-1.4232114e+24
-1.4582349e+24
-1.3221287e+24
-1.4468834e+24
-8.438699e+23
-1.3221287e+24
-1.4582349e+24
-1.4712938e+24
-1.4232114e+24
-1.4846689e+24
-1.4507062e+24
-1.3984806e+24
-1.467107e+24
-1.4507062e+24
-1.329915e+24
-1.2668609e+24
-1.4045321e+24
-1.3460068e+24
-1.1597638e+24
-1.1035916e+24
-1.2604412e+24
-1.1990681e+24
-1.2378802e+24
-1.196059e+24
-1.3438948e+24
-1.2988429e+24
-1.4075324e+24
-1.3676619e+24
-1.4632581e+24
-1.433727e+24
-1.441556e+24
-1.4267317e+24
-1.4900046e+24
-1.4721364e+24
-1.451812e+24
-1.4487938e+24
-1.5038406e+24
-1.4965737e+24
-1.3093924e+24
-1.3007604e+24
-1.4162075e+24
-1.4083781e+24
-1.2884039e+24
-1.2627775e+24
-1.3955821e+24
-1.3700067e+24
-1.0861327e+24
-1.0641273e+24
-1.2047326e+24
-1.1801578e+24
-1.1045545e+24
-1.0970115e+24
-1.2252506e+24
-1.2169036e+24
-9.0055519e+23
-8.9462324e+23
-1.0157537e+24
-1.0091393e+24
-8.8611424e+23
-8.689106e+23
-9.995101e+23
-9.7995361e+23
-8.525599e+23
-8.2550578e+23
-9.6111203e+23
-9.2973444e+23
-1.0430813e+24
-1.008136e+24
-1.1565477e+24
-1.1170762e+24
-9.7826681e+23
-9.3262898e+23
-1.0833232e+24
-1.0313213e+24
-8.0244502e+23
-7.6727002e+23
-9.0288342e+23
-8.6177927e+23
-7.3890852e+23
-6.9755963e+23
-8.2875891e+23
-7.8058261e+23
-6.6548296e+23
-6.2010625e+23
-7.4343694e+23
-6.9093696e+23
-8.014418e+23
-7.4352299e+23
-8.8211128e+23
-8.1628878e+23
-8.9594174e+23
-8.4256269e+23
-9.8967678e+23
-9.2877466e+23
-1.0582729e+24
-9.919405e+23
-1.1499081e+24
-1.0766651e+24
-1.2149885e+24
-1.1372696e+24
-1.2944799e+24
-1.2149885e+24
-1.0766651e+24
-9.919405e+23
-1.1499081e+24
-1.0582729e+24
-9.4106146e+23
-8.6944706e+23
-1.0204048e+24
-9.4106146e+23
-8.1628878e+23
-7.4352299e+23
-8.8211128e+23
-8.014418e+23
-9.2877466e+23
-8.4256269e+23
-9.8967678e+23
-8.9594174e+23
-7.8058261e+23
-6.9755963e+23
-8.2875891e+23
-7.3890852e+23
-6.9093696e+23
-6.2010625e+23
-7.4343694e+23
-6.6548296e+23
-5.9737404e+23
-5.3861058e+23
-6.5165651e+23
-5.8592715e+23
-7.0029076e+23
-6.4075718e+23
-7.6744552e+23
-7.0029076e+23
-5.8592715e+23
-5.3861058e+23
-6.5165651e+23
-5.9737404e+23
-5.0378981e+23
-4.5634382e+23
-5.5770941e+23
-5.0378981e+23
-4.1323336e+23
-3.7597795e+23
-4.6513588e+23
-4.2208876e+23
-4.7699323e+23
-4.404181e+23
-5.3927245e+23
-4.966204e+23
-3.7595563e+23
-3.4852016e+23
-4.3348693e+23
-4.0090911e+23
-3.2793935e+23
-2.9957963e+23
-3.7662151e+23
-3.4323154e+23
-2.4946166e+23
-2.2868173e+23
-2.9409266e+23
-2.6904456e+23
-1.7886613e+23
-1.6441276e+23
-2.1887792e+23
-2.0087522e+23
-2.0291049e+23
-1.8926415e+23
-2.4894688e+23
-2.3185268e+23
-2.843078e+23
-2.6446849e+23
-3.3631415e+23
-3.1222158e+23
-3.1669102e+23
-2.9841184e+23
-3.7579805e+23
-3.5348105e+23
-2.2503807e+23
-2.1257632e+23
-2.7670789e+23
-2.6107356e+23
-2.4460526e+23
-2.3368437e+23
-3.0118272e+23
-2.8755874e+23
-3.4555167e+23
-3.2942432e+23
-4.1105252e+23
-3.9136775e+23
-4.6179463e+23
-4.3902453e+23
-5.3620768e+23
-5.0886528e+23
-4.2112758e+23
-3.9555332e+23
-4.8741003e+23
-4.5681449e+23
-5.3782297e+23
-5.0326205e+23
-6.1062728e+23
-5.6997479e+23
-5.932459e+23
-5.6213176e+23
-6.7610553e+23
-6.3927385e+23
-6.4077628e+23
-6.1450487e+23
-7.3236609e+23
-7.0128421e+23
-4.9634871e+23
-4.7727735e+23
-5.7760321e+23
-5.5480492e+23
-5.2325598e+23
-5.08742e+23
-6.0946621e+23
-5.9236733e+23
-6.7805906e+23
-6.5793538e+23
-7.7613797e+23
-7.526142e+23
-7.0291526e+23
-6.9016789e+23
-8.0480207e+23
-7.9020062e+23
-7.1357907e+23
-7.0919822e+23
-8.1688502e+23
-8.119471e+23
-5.487046e+23
-5.45576e+23
-6.388855e+23
-6.3532138e+23
-5.4108626e+23
-5.3194655e+23
-6.3018318e+23
-6.1962419e+23
-4.0106456e+23
-3.9472015e+23
-4.7761912e+23
-4.702069e+23
-4.0633324e+23
-4.0417021e+23
-4.8370715e+23
-4.8120983e+23
-2.8528897e+23
-2.838565e+23
-3.5070058e+23
-3.4901133e+23
-2.8179911e+23
-2.7758191e+23
-3.4658915e+23
-3.4156797e+23
-2.7356443e+23
-2.667847e+23
-3.367529e+23
-3.2854959e+23
-3.8868118e+23
-3.7854281e+23
-4.6308458e+23
-4.510221e+23
-3.6987537e+23
-3.5646407e+23
-4.4058543e+23
-4.2436171e+23
-2.6098443e+23
-2.5195794e+23
-3.2144908e+23
-3.1033578e+23
-1.6901236e+23
-1.6334338e+23
-2.1963148e+23
-2.1243639e+23
-9.3500592e+22
-9.0359877e+22
-1.3450098e+23
-1.3026481e+23
-9.7822259e+22
-9.5492623e+22
-1.4026462e+23
-1.3716685e+23
-1.7686399e+23
-1.7263277e+23
-2.2947764e+23
-2.2419614e+23
-1.8197522e+23
-1.7935825e+23
-2.357824e+23
-2.3255886e+23
-1.8413365e+23
-1.8324774e+23
-2.3841367e+23
-2.3733033e+23
-1.0179909e+23
-1.0131546e+23
-1.454808e+23
-1.4484693e+23
-1.0062105e+23
-9.9187985e+22
-1.439461e+23
-1.4205879e+23
-3.7977274e+22
-3.7390848e+22
-7.0462494e+22
-6.9549197e+22
-3.8457432e+22
-3.826024e+22
-7.1200246e+22
-7.089346e+22
1.4080786e+21
1.424541e+21
-1.7009076e+22
-1.6924108e+22
1.4518297e+21
1.5013145e+21
-1.6811212e+22
-1.6558787e+22
1.5554613e+21
1.6382674e+21
-1.6334544e+22
-1.5922115e+22
-3.683233e+22
-3.5872378e+22
-6.8691162e+22
-6.7192202e+22
-3.5053105e+22
-3.3746651e+22
-6.5916044e+22
-6.3864968e+22
1.7184374e+21
1.8350751e+21
-1.5589718e+22
-1.5029727e+22
1.9400775e+21
2.0912614e+21
-1.4594142e+22
-1.3903856e+22
2.2196057e+21
2.4061658e+21
-1.337187e+22
-1.2572739e+22
-2.9808172e+22
-2.7940604e+22
-5.757274e+22
-5.4558915e+22
-3.2688754e+22
-3.1075239e+22
-6.2186662e+22
-5.9627799e+22
-8.7805896e+22
-8.3966505e+22
-1.2677328e+23
-1.2150059e+23
-1.5872641e+23
-1.5183058e+23
-2.0649917e+23
-1.9760204e+23
-1.4636772e+23
-1.3846375e+23
-1.904759e+23
-1.8015298e+23
-8.0930274e+22
-7.6521113e+22
-1.172632e+23
-1.1108726e+23
-7.3092238e+22
-6.8244124e+22
-1.0622158e+23
-9.9308803e+22
-1.3231583e+23
-1.2361539e+23
-1.7208125e+23
-1.6065859e+23
-1.1694856e+23
-1.0766256e+23
-1.5191261e+23
-1.3973996e+23
-6.4515808e+22
-5.9347174e+22
-9.396539e+22
-8.6513394e+22
-2.2879292e+22
-2.0717483e+22
-4.6075201e+22
-4.234247e+22
-2.6501217e+22
-2.4446692e+22
-5.2164569e+22
-4.875603e+22
2.5560876e+21
2.7786714e+21
-1.1952725e+22
-1.1068806e+22
2.9480582e+21
3.2064338e+21
-1.0370014e+22
-9.4249994e+21
3.3925563e+21
3.6843321e+21
-8.6563451e+21
-7.6692207e+21
3.8833127e+21
4.2020682e+21
-6.8380131e+21
-5.8184597e+21
-1.5225946e+22
-1.310407e+22
-3.2466654e+22
-2.8385192e+22
-1.9073346e+22
-1.6890774e+22
-3.9447488e+22
-3.5480123e+22
-5.5410908e+22
-5.0023446e+22
-8.0860896e+22
-7.3086522e+22
-1.0065055e+23
-9.1008484e+22
-1.3058863e+23
-1.1801434e+23
-8.3836848e+22
-7.4093235e+22
-1.0871396e+23
-9.6076352e+22
-4.5968672e+22
-4.0463438e+22
-6.7290977e+22
-5.9409418e+22
-3.6386744e+22
-3.0899948e+22
-5.3621709e+22
-4.5834761e+22
-6.6956556e+22
-5.7370159e+22
-8.6878484e+22
-7.4510368e+22
-5.0463265e+22
-4.128245e+22
-6.5664884e+22
-5.389435e+22
-2.6923054e+22
-2.1657299e+22
-4.0204328e+22
-3.2722372e+22
-7.9230264e+21
-6.0592287e+21
-1.8445923e+22
-1.4625458e+22
-1.1474078e+22
-9.4718187e+21
-2.5371212e+22
-2.1332026e+22
4.4081253e+21
4.7412914e+21
-4.9302523e+21
-3.876323e+21
4.9459463e+21
5.2731127e+21
-2.9375196e+21
-1.8387029e+21
5.4645635e+21
5.7567623e+21
-8.6291986e+20
2.8993308e+20
-4.6189177e+21
-2.8639686e+21
-1.1982418e+22
-8.5362173e+21
-1.5307302e+21
1.8740482e+20
-6.2126049e+21
-3.2125475e+21
5.9189536e+21
6.1379115e+21
1.2730872e+21
2.4725351e+21
6.2436216e+21
6.3316872e+21
3.4103874e+21
4.6000554e+21
6.2725565e+21
6.0118504e+21
5.3798456e+21
6.2725565e+21
4.6000554e+21
6.3316872e+21
3.4103874e+21
6.2436216e+21
1.4625993e+21
3.2558988e+21
-1.2125489e+21
1.4625993e+21
-3.2125475e+21
1.8740482e+20
-6.2126049e+21
-1.5307302e+21
2.4725351e+21
6.1379115e+21
1.2730872e+21
5.9189536e+21
2.8993308e+20
5.7567623e+21
-8.6291986e+20
5.4645635e+21
-8.5362173e+21
-2.8639686e+21
-1.1982418e+22
-4.6189177e+21
-2.0532308e+22
-1.3154179e+22
-2.7437792e+22
-1.7942271e+22
-9.8996284e+21
-5.823021e+21
-1.5861334e+22
-9.8996284e+21
-1.7942271e+22
-1.3154179e+22
-2.7437792e+22
-2.0532308e+22
-3.4807337e+22
-2.6315351e+22
-4.5647125e+22
-3.4807337e+22
-5.389435e+22
-4.128245e+22
-6.5664884e+22
-5.0463265e+22
-7.4510368e+22
-5.7370159e+22
-8.6878484e+22
-6.6956556e+22
-4.5834761e+22
-3.0899948e+22
-5.3621709e+22
-3.6386744e+22
-3.2722372e+22
-2.1657299e+22
-4.0204328e+22
-2.6923054e+22
-1.4625458e+22
-6.0592287e+21
-1.8445923e+22
-7.9230264e+21
-1.8387029e+21
5.2731127e+21
-2.9375196e+21
4.9459463e+21
-3.876323e+21
4.7412914e+21
-4.9302523e+21
4.4081253e+21
-2.1332026e+22
-9.4718187e+21
-2.5371212e+22
-1.1474078e+22
-2.8385192e+22
-1.310407e+22
-3.2466654e+22
-1.5225946e+22
-5.8184597e+21
4.2020682e+21
-6.8380131e+21
3.8833127e+21
-7.6692207e+21
3.6843321e+21
-8.6563451e+21
3.3925563e+21
-3.5480123e+22
-1.6890774e+22
-3.9447488e+22
-1.9073346e+22
-7.3086522e+22
-5.0023446e+22
-8.0860896e+22
-5.5410908e+22
-5.9409418e+22
-4.0463438e+22
-6.7290977e+22
-4.5968672e+22
-9.6076352e+22
-7.4093235e+22
-1.0871396e+23
-8.3836848e+22
-1.1801434e+23
-9.1008484e+22
-1.3058863e+23
-1.0065055e+23
-1.690729e+23
-1.3872006e+23
-1.8745705e+23
-1.5358163e+23
-2.2529411e+23
-1.9212839e+23
-2.5054062e+23
-2.1323867e+23
-1.8218572e+23
-1.5582034e+23
-2.0694894e+23
-1.7669146e+23
-1.3732405e+23
-1.1288637e+23
-1.5559244e+23
-1.2775778e+23
-1.0645444e+23
-8.7592418e+22
-1.2414035e+23
-1.0208773e+23
-7.7244589e+22
-6.3503258e+22
-9.3906242e+22
-7.7244589e+22
-1.0208773e+23
-8.7592418e+22
-1.2414035e+23
-1.0645444e+23
-1.4079701e+23
-1.2068794e+23
-1.644739e+23
-1.4079701e+23
-1.7669146e+23
-1.5582034e+23
-2.0694894e+23
-1.8218572e+23
-1.2775778e+23
-1.1288637e+23
-1.5559244e+23
-1.3732405e+23
-1.5358163e+23
-1.3872006e+23
-1.8745705e+23
-1.690729e+23
-2.1323867e+23
-1.9212839e+23
-2.5054062e+23
-2.2529411e+23
-2.7869146e+23
-2.502705e+23
-3.1879988e+23
-2.856289e+23
-2.2967867e+23
-2.0195694e+23
-2.617554e+23
-2.2967867e+23
-2.856289e+23
-2.502705e+23
-3.1879988e+23
-2.7869146e+23
-3.4880268e+23
-3.1201925e+23
-3.9090863e+23
-3.4880268e+23
