FiniteElementSpace
FiniteElementCollection: L2_2D_P4
VDim: 1
Ordering: 0

-7.84064171802784e+136
2.805377314083315e+136
-1.591779947884571e+135
-5.144533962417424e+135
-8.094035975873041e+134
2.805377314083323e+136
1.794239198114131e+136
-4.561809078454135e+135
-4.276087042284536e+135
-7.288504976615363e+133
-1.591779947884333e+135
-4.561809078454042e+135
-6.261150816680568e+135
-1.622505705334589e+135
9.597389935846738e+134
-5.144533962417281e+135
-4.276087042284456e+135
-1.622505705334633e+135
5.662522175166907e+134
-1.483223105260569e+134
-8.09403597587665e+134
-7.288504976646273e+133
9.597389935843671e+134
-1.483223105262716e+134
-4.126243587579873e+134
