FiniteElementSpace
FiniteElementCollection: L2_2D_P3
VDim: 1
Ordering: 0

-0.0032063249
-0.015238959
-0.030933694
-0.042956719
-0.0030935576
-0.014703194
-0.029847425
-0.041450437
-0.0029257678
-0.013905988
-0.028230915
-0.039208607
-0.0028037651
-0.013326304
-0.027055326
-0.037578002
-0.0027414641
-0.013030278
-0.026454936
-0.036745133
-0.0026240054
-0.012472156
-0.025322884
-0.035174589
-0.00247183
-0.011749047
-0.023856016
-0.033139253
-0.0023574097
-0.011205323
-0.022752908
-0.031608424
-0.042229303
-0.05252142
-0.065952484
-0.076249385
-0.040425767
-0.050282267
-0.063148767
-0.073016452
-0.038088264
-0.047379557
-0.059512915
-0.068822635
-0.036329996
-0.045195657
-0.056776433
-0.065665151
-0.049360864
-0.061371227
-0.077024806
-0.089007298
-0.047631696
-0.059226012
-0.074342028
-0.085917378
-0.045057917
-0.056032347
-0.070346788
-0.081314429
-0.04318567
-0.053708618
-0.067438674
-0.077962729
-0.095386766
-0.10734528
-0.12292107
-0.13483696
-0.092081857
-0.10364108
-0.11870493
-0.13023614
-0.08715776
-0.09811999
-0.1124172
-0.12337126
-0.083571418
-0.094096986
-0.10783237
-0.1183625
-0.14117873
-0.15306293
-0.1685365
-0.18037174
-0.13637588
-0.14788692
-0.16288605
-0.17436782
-0.12920743
-0.14015686
-0.15443993
-0.16538642
-0.12397533
-0.13451075
-0.14826417
-0.15881322
-0.12129621
-0.13161813
-0.14509782
-0.15544092
-0.11623425
-0.1261506
-0.13910943
-0.14905992
-0.10965459
-0.11903954
-0.13131423
-0.14074769
-0.10469067
-0.11367145
-0.1254246
-0.13446293
-0.081737834
-0.092039463
-0.10548632
-0.11579841
-0.078277582
-0.088155582
-0.10105606
-0.11095472
-0.073788016
-0.083114356
-0.095302198
-0.10466066
-0.070407196
-0.079316553
-0.09096488
-0.099913637
-0.068626942
-0.077316193
-0.088679443
-0.097411463
-0.065314462
-0.073593238
-0.084424353
-0.092751382
-0.061049447
-0.068797976
-0.078940757
-0.08674313
-0.057824534
-0.065170862
-0.074790864
-0.082194202
-0.10207366
-0.11084026
-0.12231665
-0.13114496
-0.097198841
-0.10556461
-0.11652234
-0.12495656
-0.090912096
-0.09875743
-0.10904054
-0.11696116
-0.086151142
-0.093599824
-0.10336788
-0.11089571
-0.083633552
-0.090871639
-0.10036595
-0.10768478
-0.078943482
-0.085787743
-0.094769618
-0.1016968
-0.072888492
-0.079221523
-0.087537245
-0.093954524
-0.068294301
-0.074237429
-0.082044404
-0.088071714
-0.056120874
-0.063254303
-0.072597354
-0.079789109
-0.052950062
-0.05968649
-0.068512706
-0.07530928
-0.048861982
-0.055085158
-0.063242464
-0.069526957
-0.045764133
-0.051597369
-0.059245947
-0.065140543
-0.028917693
-0.035984669
-0.045225928
-0.052328177
-0.027276168
-0.033943909
-0.042664997
-0.049369216
-0.02516157
-0.031314571
-0.039364552
-0.04555484
-0.023560468
-0.029323402
-0.036864506
-0.042664805
-0.035404811
-0.044046342
-0.055335972
-0.064002716
-0.033684513
-0.041909004
-0.052656606
-0.06090983
-0.031471736
-0.03915925
-0.049208397
-0.056928258
-0.029800194
-0.037081673
-0.046602286
-0.053918175
-0.0022972186
-0.010919288
-0.022172556
-0.030802967
-0.0021853264
-0.010387553
-0.021093608
-0.029305384
-0.0020414543
-0.0097038199
-0.019706089
-0.027379249
-0.0019328109
-0.00918749
-0.018658175
-0.025924363
-0.0018754649
-0.0089149462
-0.018104999
-0.025156289
-0.0017688196
-0.008408092
-0.017076181
-0.023727683
-0.0016314828
-0.0077553513
-0.015751118
-0.021887504
-0.0015275269
-0.0072612512
-0.014748006
-0.020494283
-0.0014725653
-0.0070000159
-0.014217621
-0.019757582
-0.0013702075
-0.0065134952
-0.013229788
-0.018385397
-0.0012380926
-0.0058855211
-0.011954649
-0.016613955
-0.0011378507
-0.0054090362
-0.010987049
-0.015269633
-0.022713806
-0.028270366
-0.035542128
-0.041135913
-0.021136738
-0.026308693
-0.033078316
-0.03828692
-0.019100672
-0.023775734
-0.02989626
-0.034606635
-0.017555441
-0.021853143
-0.027480475
-0.031812058
-0.016737026
-0.02083478
-0.026200707
-0.030331446
-0.015210113
-0.018934682
-0.023812571
-0.027568207
-0.013233855
-0.016475152
-0.02072078
-0.023990223
-0.011730103
-0.014603493
-0.018367611
-0.02126662
-0.0010847666
-0.0051567054
-0.010474617
-0.014557653
-0.00098574172
-0.0046859933
-0.0095186571
-0.013229362
-0.00085760052
-0.0040768666
-0.0082815208
-0.011510257
-0.00076011401
-0.0036134511
-0.0073402743
-0.010202232
-0.00070839456
-0.0033675933
-0.0068408947
-0.0095082296
-0.00061173408
-0.0029080959
-0.0059075494
-0.0082110875
-0.00048628829
-0.0023117542
-0.0046961953
-0.0065274963
-0.00039056559
-0.0018567051
-0.0037718205
-0.005242711
-0.00033967793
-0.0016147927
-0.0032803976
-0.0045596693
-0.00024437364
-0.0011617282
-0.0023600254
-0.0032803976
-0.00012029282
-0.00057186099
-0.0011617283
-0.0016147927
-2.5303973e-05
-0.00012029281
-0.00024437365
-0.00033967795
-0.005242711
-0.0065274963
-0.0082110874
-0.0095082295
-0.0037718205
-0.0046961953
-0.0059075494
-0.0068408946
-0.0018567051
-0.0023117542
-0.0029080959
-0.0033675933
-0.00039056561
-0.0004862883
-0.00061173407
-0.00070839454
-0.010932233
-0.013610359
-0.017118861
-0.019821169
-0.0094409185
-0.011753974
-0.014784476
-0.017118862
-0.0075052466
-0.0093442868
-0.011753974
-0.013610359
-0.0060280547
-0.0075052466
-0.0094409184
-0.010932233
-0.02126662
-0.023990223
-0.027568207
-0.030331446
-0.018367611
-0.02072078
-0.023812571
-0.026200707
-0.014603493
-0.016475152
-0.018934682
-0.02083478
-0.011730103
-0.013233855
-0.015210113
-0.016737026
-0.010202231
-0.011510257
-0.013229361
-0.014557653
-0.0073402743
-0.0082815207
-0.009518657
-0.010474617
-0.0036134511
-0.0040768665
-0.0046859933
-0.0051567055
-0.000760114
-0.00085760051
-0.00098574172
-0.0010847666
-0.015269633
-0.016613955
-0.018385397
-0.019757582
-0.010987049
-0.011954649
-0.013229788
-0.014217621
-0.0054090362
-0.005885521
-0.0065134951
-0.0070000159
-0.0011378507
-0.0012380926
-0.0013702074
-0.0014725653
-0.031812058
-0.034606634
-0.038286919
-0.041135913
-0.027480475
-0.02989626
-0.033078315
-0.035542127
-0.021853143
-0.023775733
-0.026308693
-0.028270365
-0.017555441
-0.019100672
-0.021136737
-0.022713806
-0.048630964
-0.052887512
-0.058487619
-0.062818249
-0.04421402
-0.048088153
-0.053186624
-0.057130557
-0.038489338
-0.04186615
-0.046311657
-0.049751749
-0.034127918
-0.037124673
-0.041070766
-0.044125156
-0.032540075
-0.03669986
-0.042160555
-0.046374391
-0.029576514
-0.033359507
-0.038326654
-0.042160555
-0.025738785
-0.029033012
-0.033359507
-0.03669986
-0.022817215
-0.025738785
-0.029576514
-0.032540074
-0.044125157
-0.049751749
-0.057130558
-0.062818249
-0.041070766
-0.046311657
-0.053186624
-0.058487619
-0.037124673
-0.04186615
-0.048088153
-0.052887512
-0.034127918
-0.038489338
-0.04421402
-0.048630964
-0.06586169
-0.071597693
-0.079134175
-0.084953958
-0.061324781
-0.066673285
-0.073703303
-0.079134175
-0.055456894
-0.060301993
-0.066673285
-0.071597693
-0.050996075
-0.055456894
-0.061324781
-0.06586169
-0.088071714
-0.093954524
-0.1016968
-0.10768477
-0.082044404
-0.087537245
-0.094769618
-0.10036595
-0.074237429
-0.079221523
-0.085787742
-0.090871639
-0.068294301
-0.072888492
-0.078943481
-0.083633552
-0.11089571
-0.11696116
-0.12495656
-0.13114496
-0.10336788
-0.10904054
-0.11652234
-0.12231665
-0.093599824
-0.09875743
-0.10556461
-0.11084026
-0.086151141
-0.090912095
-0.09719884
-0.10207366
-0.082194202
-0.086743129
-0.092751382
-0.097411463
-0.074790864
-0.078940757
-0.084424353
-0.088679442
-0.065170862
-0.068797975
-0.073593237
-0.077316192
-0.057824534
-0.061049446
-0.065314461
-0.068626942
-0.065140543
-0.069526957
-0.075309279
-0.079789109
-0.059245947
-0.063242463
-0.068512706
-0.072597353
-0.051597368
-0.055085158
-0.059686489
-0.063254302
-0.045764133
-0.048861982
-0.052950062
-0.056120874
-0.042664805
-0.04555484
-0.049369216
-0.052328177
-0.036864506
-0.039364552
-0.042664997
-0.045225928
-0.029323402
-0.03131457
-0.033943908
-0.035984668
-0.023560468
-0.02516157
-0.027276168
-0.028917693
-0.020494282
-0.021887503
-0.023727682
-0.025156288
-0.014748005
-0.015751117
-0.017076181
-0.018104999
-0.0072612511
-0.0077553511
-0.0084080917
-0.008914946
-0.0015275268
-0.0016314828
-0.0017688196
-0.0018754649
-0.025924363
-0.027379249
-0.029305384
-0.030802967
-0.018658175
-0.019706089
-0.021093607
-0.022172556
-0.0091874898
-0.0097038197
-0.010387553
-0.010919288
-0.0019328109
-0.0020414543
-0.0021853263
-0.0022972185
-0.053918174
-0.056928257
-0.06090983
-0.064002715
-0.046602285
-0.049208396
-0.052656605
-0.055335971
-0.037081673
-0.039159249
-0.041909003
-0.044046341
-0.029800193
-0.031471735
-0.033684513
-0.03540481
-0.065665151
-0.068822633
-0.07301645
-0.076249383
-0.056776432
-0.059512914
-0.063148766
-0.065952482
-0.045195656
-0.047379556
-0.050282267
-0.052521419
-0.036329995
-0.038088264
-0.040425767
-0.042229302
-0.031608423
-0.033139253
-0.035174589
-0.036745133
-0.022752908
-0.023856015
-0.025322884
-0.026454936
-0.011205322
-0.011749047
-0.012472156
-0.013030278
-0.0023574096
-0.00247183
-0.0026240054
-0.002741464
-0.037578002
-0.039208606
-0.041450436
-0.042956718
-0.027055326
-0.028230914
-0.029847425
-0.030933694
-0.013326303
-0.013905988
-0.014703194
-0.015238959
-0.0028037649
-0.0029257677
-0.0030935577
-0.0032063252
-0.077962727
-0.081314427
-0.085917374
-0.089007294
-0.067438672
-0.070346785
-0.074342025
-0.077024802
-0.053708617
-0.056032346
-0.059226009
-0.061371224
-0.04318567
-0.045057916
-0.047631695
-0.049360863
-0.1183625
-0.12337125
-0.13023614
-0.13483696
-0.10783236
-0.1124172
-0.11870493
-0.12292107
-0.094096984
-0.098119988
-0.10364108
-0.10734527
-0.083571416
-0.087157757
-0.092081854
-0.095386763
-0.099913636
-0.10466066
-0.11095472
-0.1157984
-0.090964879
-0.095302197
-0.10105606
-0.10548632
-0.079316553
-0.083114355
-0.08815558
-0.092039461
-0.070407196
-0.073788015
-0.07827758
-0.081737832
-0.13446292
-0.14074768
-0.14905992
-0.15544091
-0.1254246
-0.13131422
-0.13910943
-0.14509782
-0.11367145
-0.11903953
-0.1261506
-0.13161813
-0.10469067
-0.10965459
-0.11623425
-0.12129621
-0.15881321
-0.16538641
-0.17436782
-0.18037173
-0.14826417
-0.15443992
-0.16288605
-0.16853649
-0.13451074
-0.14015686
-0.14788692
-0.15306293
-0.12397533
-0.12920743
-0.13637588
-0.14117873
-0.19939933
-0.2074264
-0.21834553
-0.22561685
-0.18880315
-0.19646219
-0.20689439
-0.21384942
-0.17500162
-0.18216915
-0.19194701
-0.1984745
-0.16443828
-0.17122017
-0.18048182
-0.18667032
-0.24028071
-0.24966311
-0.26234945
-0.27075075
-0.22959138
-0.23862713
-0.25086534
-0.25898305
-0.21568224
-0.22425987
-0.23590191
-0.24363916
-0.20505354
-0.21327378
-0.22444735
-0.23188319
-0.2049547
-0.21414394
-0.22622222
-0.23543436
-0.19564421
-0.20446645
-0.21607096
-0.22492875
-0.18355189
-0.19189065
-0.20287093
-0.21126178
-0.17433198
-0.18229651
-0.19279297
-0.20082134
-0.16943525
-0.17719894
-0.18743539
-0.19526861
-0.16027442
-0.16765834
-0.17740233
-0.18486527
-0.1483743
-0.15525687
-0.164349
-0.17132034
-0.13929104
-0.14578472
-0.15436982
-0.16095763
-0.14016185
-0.14771835
-0.15765595
-0.1653286
-0.13247408
-0.1396446
-0.14908053
-0.15637068
-0.12251056
-0.12917475
-0.13795143
-0.14473804
-0.11492285
-0.12119692
-0.12946475
-0.13586192
-0.11160083
-0.11898066
-0.12867404
-0.13615566
-0.10540455
-0.11239423
-0.12158014
-0.12867404
-0.097390789
-0.10387149
-0.11239423
-0.11898065
-0.091300142
-0.097390789
-0.10540455
-0.11160083
-0.13586192
-0.14473804
-0.15637068
-0.1653286
-0.12946475
-0.13795144
-0.14908053
-0.15765595
-0.12119692
-0.12917475
-0.1396446
-0.14771835
-0.11492285
-0.12251056
-0.13247408
-0.14016185
-0.17011793
-0.17913755
-0.19097095
-0.20008487
-0.16224265
-0.17088418
-0.18222844
-0.19097095
-0.15203899
-0.16018358
-0.17088418
-0.17913755
-0.14427756
-0.15203899
-0.16224265
-0.17011793
-0.20082134
-0.21126178
-0.22492875
-0.23543436
-0.19279297
-0.20287093
-0.21607095
-0.22622222
-0.18229651
-0.19189065
-0.20446645
-0.21414394
-0.17433198
-0.18355189
-0.19564421
-0.2049547
-0.16095763
-0.17132034
-0.18486527
-0.19526861
-0.15436982
-0.164349
-0.17740233
-0.18743539
-0.14578472
-0.15525687
-0.16765834
-0.17719894
-0.13929105
-0.1483743
-0.16027442
-0.16943525
-0.18667032
-0.19847451
-0.21384943
-0.22561685
-0.18048183
-0.19194701
-0.20689439
-0.21834554
-0.17122017
-0.18216915
-0.19646219
-0.2074264
-0.16443828
-0.17500162
-0.18880315
-0.19939933
-0.23188319
-0.24363916
-0.25898305
-0.27075075
-0.22444735
-0.23590191
-0.25086534
-0.26234945
-0.21327378
-0.22425987
-0.23862713
-0.24966311
-0.20505354
-0.21568224
-0.22959138
-0.24028071
-0.27702501
-0.28885039
-0.30440005
-0.31629393
-0.2684747
-0.28002083
-0.29519633
-0.3067903
-0.25555162
-0.266652
-0.28123048
-0.29235007
-0.24598539
-0.2567392
-0.2708566
-0.28161497
-0.24104153
-0.25161174
-0.26548673
-0.27605763
-0.23164143
-0.24185854
-0.25527037
-0.26548673
-0.21931211
-0.22905891
-0.24185854
-0.25161174
-0.20992857
-0.21931211
-0.23164143
-0.24104153
-0.28161497
-0.29235007
-0.3067903
-0.31629393
-0.2708566
-0.28123048
-0.29519633
-0.30440006
-0.2567392
-0.266652
-0.28002083
-0.2888504
-0.24598539
-0.25555162
-0.2684747
-0.27702501
-0.32257309
-0.3348193
-0.35158114
-0.36281904
-0.31290356
-0.32478392
-0.3409032
-0.35158114
-0.29820302
-0.30952906
-0.32478392
-0.3348193
-0.28727244
-0.29820302
-0.31290356
-0.32257309
