MFEM mesh v1.0

#
# MFEM Geometry Types (see mesh/geom.hpp):
#
# POINT       = 0
# SEGMENT     = 1
# TRIANGLE    = 2
# SQUARE      = 3
# TETRAHEDRON = 4
# CUBE        = 5
# PRISM       = 6
#

dimension
2

elements
49
1 3 5 18 16 6
1 3 18 19 17 16
1 3 19 20 21 17
1 3 17 21 14 15
1 3 21 12 13 14
1 3 20 11 12 21
1 3 22 23 11 20
1 3 24 25 23 22
1 3 26 24 22 27
1 3 27 22 20 19
1 3 28 27 19 18
1 3 4 28 18 5
1 3 3 29 28 4
1 3 29 26 27 28
1 3 30 31 26 29
1 3 2 30 29 3
1 3 0 32 30 2
1 3 32 33 31 30
1 3 33 34 35 31
1 3 31 35 24 26
1 3 35 36 25 24
1 3 34 37 36 35
1 3 37 38 39 36
1 3 38 40 41 39
1 3 39 41 42 43
1 3 36 39 43 25
1 3 25 43 44 23
1 3 23 44 10 11
1 3 44 45 9 10
1 3 43 42 45 44
1 3 42 46 47 45
1 3 45 47 7 9
1 3 47 48 8 7
1 3 46 49 48 47
1 3 50 51 49 46
1 3 41 50 46 42
1 3 40 52 50 41
1 3 52 1 51 50
1 3 53 54 1 52
1 3 55 56 54 53
1 3 57 55 53 58
1 3 58 53 52 40
1 3 59 58 40 38
1 3 60 59 38 37
1 3 61 62 59 60
1 3 62 57 58 59
1 3 63 64 57 62
1 3 65 63 62 61
1 3 66 67 63 65

boundary
36
2 1 48 8
2 1 49 48
2 1 51 49
2 1 1 51
2 1 54 1
2 1 56 54
15 1 16 6
15 1 6 5
15 1 17 16
15 1 14 15
15 1 15 17
15 1 12 13
15 1 13 14
15 1 11 12
15 1 5 4
15 1 4 3
15 1 3 2
15 1 0 32
15 1 2 0
15 1 32 33
15 1 33 34
15 1 34 37
15 1 10 11
15 1 9 10
15 1 7 9
15 1 8 7
15 1 55 56
15 1 57 55
15 1 37 60
15 1 60 61
15 1 63 64
15 1 64 57
15 1 61 65
15 1 66 67
15 1 67 63
15 1 65 66

vertices
68
2
0.9375 0.25
1 0.25
0.9375 0.265625
0.9375 0.28125
0.9375 0.296875
0.9375 0.3125
0.9375 0.328125
0.9921875 0.3125
1 0.3125
0.984375 0.3125
0.9765625 0.3125
0.96875 0.3125
0.96875 0.328125
0.96875 0.34375
0.9609375 0.34375
0.953125 0.34375
0.9453125 0.328125
0.953125 0.328125
0.9453125 0.3125
0.953125 0.3125
0.9609375 0.3125
0.9609375 0.328125
0.9609375 0.296875
0.96875 0.296875
0.9609375 0.28125
0.96875 0.28125
0.953125 0.28125
0.953125 0.296875
0.9453125 0.296875
0.9453125 0.28125
0.9453125 0.265625
0.953125 0.265625
0.9453125 0.25
0.953125 0.25
0.9609375 0.25
0.9609375 0.265625
0.96875 0.265625
0.96875 0.25
0.9765625 0.25
0.9765625 0.265625
0.984375 0.25
0.984375 0.265625
0.984375 0.28125
0.9765625 0.28125
0.9765625 0.296875
0.984375 0.296875
0.9921875 0.28125
0.9921875 0.296875
1 0.296875
1 0.28125
0.9921875 0.265625
1 0.265625
0.9921875 0.25
0.9921875 0.234375
1 0.234375
0.9921875 0.21875
1 0.21875
0.984375 0.21875
0.984375 0.234375
0.9765625 0.234375
0.96875 0.234375
0.96875 0.21875
0.9765625 0.21875
0.9765625 0.203125
0.984375 0.203125
0.96875 0.203125
0.96875 0.1875
0.9765625 0.1875
