FiniteElementSpace
FiniteElementCollection: L2_2D_P4
VDim: 1
Ordering: 0

1.76958926527006e+142
-2.271829936420781e+142
-1.032135669493103e+142
4.614991166297821e+142
6.073268081116397e+142
7.770646472263648e+142
4.705997622071738e+142
2.336292006217273e+141
-2.239209737985201e+142
-2.426323820122862e+142
4.499601379153578e+142
6.853653898954453e+142
8.371406237766979e+142
8.678609618534303e+142
8.553521820071038e+142
-7.712666929836055e+142
-6.985861985530804e+142
-5.813029050766825e+142
-4.995698841771632e+142
-4.709282301195527e+142
4.045487924972408e+141
-3.108300328781637e+141
-1.074210470457444e+142
-1.500674038531321e+142
-1.644615866235294e+142
