MFEM mesh v1.0

#
# MFEM Geometry Types (see mesh/geom.hpp):
#
# POINT       = 0
# SEGMENT     = 1
# TRIANGLE    = 2
# SQUARE      = 3
# TETRAHEDRON = 4
# CUBE        = 5
# PRISM       = 6
#

dimension
2

elements
19
1 3 14 1 15 17
1 3 0 14 17 13
1 3 13 17 18 2
1 3 2 18 19 12
1 3 18 3 20 19
1 3 19 20 6 21
1 3 12 19 21 5
1 3 5 21 22 11
1 3 11 22 23 8
1 3 22 24 9 23
1 3 21 6 24 22
1 3 6 25 26 24
1 3 24 26 27 9
1 3 26 28 10 27
1 3 25 7 28 26
1 3 29 30 7 25
1 3 20 29 25 6
1 3 3 16 29 20
1 3 16 4 30 29

boundary
22
3 1 23 8
3 1 9 23
3 1 27 9
3 1 10 27
9 1 14 1
9 1 1 15
9 1 15 17
9 1 0 14
9 1 13 0
9 1 17 18
9 1 2 13
9 1 12 2
9 1 18 3
9 1 5 12
9 1 11 5
9 1 8 11
9 1 28 10
9 1 7 28
9 1 30 7
9 1 3 16
9 1 16 4
9 1 4 30

vertices
31
2
0.75 0.125
0.8125 0.125
0.75 0.25
0.8125 0.25
0.875 0.25
0.75 0.375
0.8125 0.375
0.875 0.375
0.75 0.5
0.8125 0.5
0.875 0.5
0.75 0.4375
0.75 0.3125
0.75 0.1875
0.78125 0.125
0.8125 0.1875
0.84375 0.25
0.78125 0.1875
0.78125 0.25
0.78125 0.3125
0.8125 0.3125
0.78125 0.375
0.78125 0.4375
0.78125 0.5
0.8125 0.4375
0.84375 0.375
0.84375 0.4375
0.84375 0.5
0.875 0.4375
0.84375 0.3125
0.875 0.3125
