MFEM mesh v1.0

#
# MFEM Geometry Types (see mesh/geom.hpp):
#
# POINT       = 0
# SEGMENT     = 1
# TRIANGLE    = 2
# SQUARE      = 3
# TETRAHEDRON = 4
# CUBE        = 5
# PRISM       = 6
#

dimension
2

elements
18
1 3 7 8 13 12
1 3 8 9 14 13
1 3 3 4 9 8
1 3 4 5 10 9
1 3 9 10 15 14
1 3 10 17 18 19
1 3 19 18 20 15
1 3 18 21 16 20
1 3 17 11 21 18
1 3 22 23 11 17
1 3 24 22 17 10
1 3 5 25 22 24
1 3 25 6 23 22
1 3 26 27 6 25
1 3 28 2 27 26
1 3 1 28 26 29
1 3 29 26 25 5
1 3 0 1 5 4

boundary
19
3 1 13 12
3 1 14 13
3 1 15 14
3 1 20 15
3 1 16 20
7 1 7 8
7 1 12 7
7 1 3 4
7 1 8 3
7 1 21 16
7 1 11 21
7 1 23 11
7 1 6 23
7 1 27 6
7 1 28 2
7 1 2 27
7 1 1 28
7 1 0 1
7 1 4 0

vertices
30
2
0.625 0.125
0.6875 0.125
0.75 0.125
0.5625 0.25
0.625 0.25
0.6875 0.25
0.75 0.25
0.5 0.375
0.5625 0.375
0.625 0.375
0.6875 0.375
0.75 0.375
0.5 0.5
0.5625 0.5
0.625 0.5
0.6875 0.5
0.75 0.5
0.71875 0.375
0.71875 0.4375
0.6875 0.4375
0.71875 0.5
0.75 0.4375
0.71875 0.3125
0.75 0.3125
0.6875 0.3125
0.71875 0.25
0.71875 0.1875
0.75 0.1875
0.71875 0.125
0.6875 0.1875
