FiniteElementSpace
FiniteElementCollection: L2_2D_P3
VDim: 1
Ordering: 0

14605.37719806684
14605.55192920115
14605.82764857946
14606.08270302897
14605.37719806685
14605.55192920114
14605.82764857947
14606.08270302897
14605.37719806684
14605.55192920114
14605.82764857946
14606.08270302897
14605.37719806684
14605.55192920114
14605.82764857947
14606.08270302894
14605.37719806684
14605.55192920115
14605.82764857946
14606.08270302897
14605.37719806685
14605.55192920114
14605.82764857947
14606.08270302897
14605.37719806684
14605.55192920114
14605.82764857946
14606.08270302897
14605.37719806684
14605.55192920114
14605.82764857946
14606.08270302895
14605.37719806684
14605.55192920115
14605.82764857946
14606.08270302897
14605.37719806685
14605.55192920114
14605.82764857947
14606.08270302897
14605.37719806684
14605.55192920114
14605.82764857946
14606.08270302897
14605.37719806684
14605.55192920114
14605.82764857947
14606.08270302894
14606.23665982983
14606.5643716932
14607.08089373895
14607.55833188915
14606.23665982984
14606.5643716932
14607.08089373895
14607.55833188916
14606.23665982983
14606.5643716932
14607.08089373894
14607.55833188915
14606.23665982983
14606.5643716932
14607.08089373895
14607.55833188913
14606.23665982983
14606.5643716932
14607.08089373895
14607.55833188915
14606.23665982984
14606.5643716932
14607.08089373895
14607.55833188916
14606.23665982983
14606.5643716932
14607.08089373894
14607.55833188915
14606.23665982983
14606.5643716932
14607.08089373895
14607.55833188913
14607.84641884967
14608.45947026811
14609.42545298511
14610.31818890525
14607.84641884968
14608.45947026811
14609.42545298511
14610.31818890525
14607.84641884966
14608.45947026811
14609.4254529851
14610.31818890525
14607.84641884967
14608.45947026811
14609.42545298511
14610.31818890522
14607.84641884967
14608.45947026811
14609.42545298511
14610.31818890525
14607.84641884968
14608.45947026811
14609.42545298511
14610.31818890525
14607.84641884966
14608.45947026811
14609.4254529851
14610.31818890525
14607.84641884967
14608.45947026811
14609.42545298511
14610.31818890522
14610.85683144585
14612.00302857628
14613.80908279799
14615.47826510079
14610.85683144586
14612.00302857627
14613.809082798
14615.47826510079
14610.85683144585
14612.00302857627
14613.80908279799
14615.47826510079
14610.85683144585
14612.00302857627
14613.809082798
14615.47826510076
14610.85683144585
14612.00302857628
14613.80908279799
14615.47826510079
14610.85683144586
14612.00302857627
14613.809082798
14615.47826510079
14610.85683144585
14612.00302857627
14613.80908279799
14615.47826510079
14610.85683144585
14612.00302857627
14613.809082798
14615.47826510076
14610.85683144585
14612.00302857628
14613.80908279799
14615.47826510079
14610.85683144586
14612.00302857627
14613.809082798
14615.47826510079
14610.85683144585
14612.00302857627
14613.80908279799
14615.47826510079
14610.85683144585
14612.00302857627
14613.809082798
14615.47826510076
14607.84641884967
14608.45947026811
14609.42545298511
14610.31818890525
14607.84641884968
14608.45947026811
14609.42545298511
14610.31818890525
14607.84641884966
14608.45947026811
14609.4254529851
14610.31818890525
14607.84641884967
14608.45947026811
14609.42545298511
14610.31818890522
14607.84641884967
14608.45947026811
14609.42545298511
14610.31818890525
14607.84641884968
14608.45947026811
14609.42545298511
14610.31818890525
14607.84641884966
14608.45947026811
14609.4254529851
14610.31818890525
14607.84641884967
14608.45947026811
14609.42545298511
14610.31818890522
14610.85683144585
14612.00302857628
14613.80908279799
14615.47826510079
14610.85683144586
14612.00302857627
14613.809082798
14615.47826510079
14610.85683144585
14612.00302857627
14613.80908279799
14615.47826510079
14610.85683144585
14612.00302857627
14613.809082798
14615.47826510076
14616.48543901976
14618.62880209588
14622.00658356355
14625.1289664115
14616.48543901977
14618.62880209588
14622.00658356355
14625.1289664115
14616.48543901976
14618.62880209588
14622.00658356355
14625.1289664115
14616.48543901976
14618.62880209588
14622.00658356355
14625.12896641148
14627.0132749786
14631.02398685016
14637.34659973074
14643.19338242725
14627.01327497861
14631.02398685015
14637.34659973075
14643.19338242725
14627.0132749786
14631.02398685015
14637.34659973074
14643.19338242725
14627.0132749786
14631.02398685015
14637.34659973075
14643.19338242723
14627.0132749786
14631.02398685016
14637.34659973074
14643.19338242725
14627.01327497861
14631.02398685015
14637.34659973075
14643.19338242725
14627.0132749786
14631.02398685015
14637.34659973074
14643.19338242725
14627.0132749786
14631.02398685015
14637.34659973075
14643.19338242723
14616.48543901976
14618.62880209588
14622.00658356355
14625.1289664115
14616.48543901977
14618.62880209588
14622.00658356355
14625.1289664115
14616.48543901976
14618.62880209588
14622.00658356355
14625.1289664115
14616.48543901976
14618.62880209588
14622.00658356355
14625.12896641148
14616.48543901976
14618.62880209588
14622.00658356355
14625.1289664115
14616.48543901977
14618.62880209588
14622.00658356355
14625.1289664115
14616.48543901976
14618.62880209588
14622.00658356355
14625.1289664115
14616.48543901976
14618.62880209588
14622.00658356355
14625.12896641148
