FiniteElementSpace
FiniteElementCollection: L2_2D_P1
VDim: 1
Ordering: 0

8.037157500650561e+93
7.389520609425225e+93
-2.362444060794581e+94
-2.599318883764706e+94
6.964940251919984e+93
6.407017829832648e+93
-2.774475988533211e+94
-2.996036703786027e+94
-6.127739646496401e+94
-6.642721082411406e+94
-1.222105051954695e+95
-1.307542541687492e+95
-5.192986485775589e+94
-5.73485942250555e+94
-1.061344552198259e+95
-1.154908138663061e+95
-1.487579708978394e+95
-1.617135244724511e+95
-2.168520609204352e+95
-2.355310277353564e+95
-2.698639671077033e+95
-2.931399963326338e+95
-3.502682866722771e+95
-3.807799241021729e+95
-3.09850891733088e+95
-3.316591801565581e+95
-4.027023469300333e+95
-4.313340538997989e+95
-1.710588177322608e+95
-1.832109650950739e+95
-2.48924677907298e+95
-2.662520403241769e+95
-1.918056890425418e+95
-2.028575671819381e+95
-2.784482184402631e+95
-2.939286728174457e+95
-3.470693676451951e+95
-3.668812566903163e+95
-4.515664307538434e+95
-4.774415842056278e+95
-3.805743001160154e+95
-3.978591990096561e+95
-4.953037727024908e+95
-5.176050676327071e+95
-2.104680993630032e+95
-2.200918111093563e+95
-3.045500025290287e+95
-3.177663772635875e+95
-7.789232770143538e+94
-8.193671879549736e+94
-1.494613787393189e+95
-1.558753525996825e+95
-7.003513828528249e+94
-7.471633252575974e+94
-1.367558555938912e+95
-1.443102240327417e+95
6.031228005201255e+93
5.563601726172096e+93
-3.151447684848389e+94
-3.351755591423295e+94
5.241897594852687e+93
4.862944109266387e+93
-3.485101685254864e+94
-3.658127012127376e+94
4.59974805915703e+93
4.307387173232591e+93
-3.76730948487227e+94
-3.907675219814849e+94
-8.458841504138751e+94
-8.786313473972318e+94
-1.600821476171028e+95
-1.652233171873253e+95
-8.991670238148329e+94
-9.232289166392211e+94
-1.684221004719371e+95
-1.721793505483189e+95
4.106435387111848e+93
3.898875942026302e+93
-3.990993038888255e+94
-4.094371179807264e+94
3.763153140017507e+93
3.639115743789016e+93
-4.15057929392336e+94
-4.213851520713928e+94
3.570714705651326e+93
3.529450602952883e+93
-4.24214971949543e+94
-4.263447533002516e+94
-9.590205087750949e+94
-9.639632616442685e+94
-1.776995695365368e+95
-1.784685510935352e+95
-9.372285586453521e+94
-9.519277723518274e+94
-1.743300775906249e+95
-1.766193225235428e+95
-2.486218370717173e+95
-2.522139107525534e+95
-3.5608059105471e+95
-3.608112714870579e+95
-2.539545152934171e+95
-2.551667617288827e+95
-3.630692863494988e+95
-3.646581145749237e+95
-4.593236800189197e+95
-4.615442719559081e+95
-5.948855907070409e+95
-5.976010555062404e+95
-4.495743858929839e+95
-4.561340152503515e+95
-5.829255583597626e+95
-5.91005582614848e+95
-4.327164770955543e+95
-4.43322353192451e+95
-5.619638021343671e+95
-5.752022645014665e+95
-2.393591468897194e+95
-2.45198546418543e+95
-3.438185967400107e+95
-3.515833766486266e+95
-2.264935483571657e+95
-2.343659757899607e+95
-3.265181513715038e+95
-3.371364095070303e+95
-4.094319664935642e+95
-4.236416662725517e+95
-5.324871350843749e+95
-5.505221358004582e+95
-6.315507423537937e+95
-6.541762967121421e+95
-7.778790145939449e+95
-8.057352925772429e+95
-8.935028908320424e+95
-9.271192823357983e+95
-1.063693218670724e+96
-1.104359163997334e+96
-9.488448595447707e+95
-9.742573972163655e+95
-1.130519425207349e+96
-1.160754906769338e+96
-6.687150803694484e+95
-6.857089748022258e+95
-8.235332459120524e+95
-8.440954246534492e+95
-6.957790773294501e+95
-7.063498008540367e+95
-8.561647592685134e+95
-8.687506945428009e+95
-7.115067935379812e+95
-7.15097376624245e+95
-8.748220608550646e+95
-8.79056304152314e+95
-1.013081768171056e+96
-1.01850356728397e+96
-1.206187146716059e+96
-1.212446855583173e+96
-9.89394509964312e+95
-1.00529725396347e+96
-1.178607506601402e+96
-1.197186771919896e+96
-1.333362383882474e+96
-1.356271723961194e+96
-1.553132724512149e+96
-1.579599589064437e+96
-1.367525586361883e+96
-1.375367645180502e+96
-1.592478849535557e+96
-1.601412590339106e+96
-1.777656488357336e+96
-1.788637402941883e+96
-2.035203959756988e+96
-2.047581216342931e+96
-1.729955600688576e+96
-1.761907781925718e+96
-1.980694835088459e+96
-2.017294429206314e+96
-1.649162468523647e+96
-1.69960392185364e+96
-1.886481780566165e+96
-1.945445797754509e+96
-1.275198510394829e+96
-1.311578840932316e+96
-1.484811443897765e+96
-1.527671004842109e+96
-1.196330090801781e+96
-1.244133843059254e+96
-1.39065853553351e+96
-1.447804094582439e+96
-1.540300767044727e+96
-1.606151955123424e+96
-1.75781943892637e+96
-1.835728412565508e+96
-1.409023795637373e+96
-1.487013638470928e+96
-1.602386007229703e+96
-1.694707282384757e+96
-1.261462630066123e+96
-1.348092062639007e+96
-1.428682914814721e+96
-1.530581310692418e+96
-9.91482910887635e+95
-1.05558663942619e+96
-1.145038468391409e+96
-1.221728389535197e+96
-1.100446635555775e+96
-1.15752155026689e+96
-1.27550752329631e+96
-1.344043223846066e+96
-8.257258162731135e+95
-8.661501888992922e+95
-9.809914962377909e+95
-1.03033278337441e+96
-5.857467318887452e+95
-6.131207290019098e+95
-7.207867153444484e+95
-7.549362185346873e+95
-5.328378785607103e+95
-5.640741452454358e+95
-6.543997059545588e+95
-6.935882789870431e+95
-7.479908018221146e+95
-7.938088835110414e+95
-8.860257448172258e+95
-9.41964913181964e+95
-6.629093382647492e+95
-7.126380164100375e+95
-7.82605918741872e+95
-8.429956818795534e+95
-4.744042408252076e+95
-5.08609785479202e+95
-5.811554529339773e+95
-6.240033038998327e+95
-4.12112441813835e+95
-4.483408534668357e+95
-5.035082269379341e+95
-5.486332812905992e+95
-5.732072434413793e+95
-6.252936381076678e+95
-6.743796012554849e+95
-7.371644558178358e+95
-7.50917951478369e+95
-8.220036257737613e+95
-8.60334597894849e+95
-9.440289859527704e+95
-8.735909209959655e+95
-9.423599009150814e+95
-1.004907587199525e+96
-1.086566252659269e+96
-1.103939732953748e+96
-1.19561794150442e+96
-1.244814852536452e+96
-1.351725287156253e+96
-9.424158469211513e+95
-1.03579921410335e+96
-1.057995904856346e+96
-1.165896623016193e+96
