FiniteElementSpace
FiniteElementCollection: L2_2D_P1
VDim: 1
Ordering: 0

-2.44588194687189e+66
2.058754925367918e+65
-2.458161555326288e+66
2.034963420950374e+65
-2.393085495646918e+66
2.169708503985057e+65
-2.429566149905719e+66
2.098192681069816e+65
-1.005129044735418e+67
-5.403747069445371e+66
-1.018328066982373e+67
-5.488497829812809e+66
-1.024556410726648e+67
-5.529392180828154e+66
-1.028990101736601e+67
-5.557890444228697e+66
-2.093336330604867e+67
-1.464216977823553e+67
-2.102496983880176e+67
-1.471206386182565e+67
-3.429911772656915e+67
-2.648307039523511e+67
-3.445568236400473e+67
-2.661110231507822e+67
-3.360954217813092e+67
-2.592095863428013e+67
-3.407540940953171e+67
-2.629916497021095e+67
-2.053041846016974e+67
-1.433470534981976e+67
-2.080317370522012e+67
-1.454181232968722e+67
-1.982343279247507e+67
-1.380064954821456e+67
-2.027112408699876e+67
-1.413732983601183e+67
-3.24009572742052e+67
-2.494898787642296e+67
-3.316424283081687e+67
-2.556048729497528e+67
-3.070143103071383e+67
-2.360648070734651e+67
-3.174126898004438e+67
-2.442576457161976e+67
-1.882594685288302e+67
-1.305886207584384e+67
-1.943816017846722e+67
-1.351275996734217e+67
-9.229802357591895e+66
-4.877085697794153e+66
-9.526225036340181e+66
-5.065895106217793e+66
-9.710656204582929e+66
-5.1842969626558e+66
-9.927286704151958e+66
-5.32302980602081e+66
-2.30107338717975e+66
2.367633590616331e+65
-2.360677772991283e+66
2.247961741874232e+65
-2.172104915365165e+66
2.652061213019418e+65
-2.253035113431207e+66
2.48349568373141e+65
-2.009393316780811e+66
3.022303203586642e+65
-2.109153945541455e+66
2.8038112713532e+65
-8.61744427094733e+66
-4.491011649974099e+66
-8.987252597077787e+66
-4.724197742296976e+66
-7.884886211101578e+66
-4.037992331616753e+66
-8.320445882559512e+66
-4.307894368032744e+66
-1.817019555835632e+66
3.477404774334044e+65
-1.932510409498413e+66
3.207787068845714e+65
-1.599670257154632e+66
4.015752093227692e+65
-1.727414770990601e+66
3.694072645262461e+65
-1.362106399167111e+66
4.633956773704106e+65
-1.498680516406632e+66
4.260550957041479e+65
-6.119358464530622e+66
-2.994102692139711e+66
-6.658814877220796e+66
-3.306528542451039e+66
-7.046249852273546e+66
-3.533050167225652e+66
-7.538853903288938e+66
-3.829971275666649e+66
-1.435216614166591e+67
-9.862680521727486e+66
-1.535120402844218e+67
-1.056333278081705e+67
-1.250296608875313e+67
-8.576888122428023e+66
-1.357993297414055e+67
-9.323862102326235e+66
-2.019530038807354e+67
-1.555945567195259e+67
-2.195449956946765e+67
-1.690147383316051e+67
-2.321847330347179e+67
-1.786496828922312e+67
-2.486928196880838e+67
-1.912236141440517e+67
-2.603581329249893e+67
-2.00108613933887e+67
-2.752768828200374e+67
-2.115314879340548e+67
-1.605439495379235e+67
-1.105887587869249e+67
-1.69469462870621e+67
-1.169609028650598e+67
-1.755933670947286e+67
-1.21348881718719e+67
-1.832134876692656e+67
-1.268975927197128e+67
-2.855756245553908e+67
-2.194264397669727e+67
-2.984338069046812e+67
-2.293923355842374e+67
-4.155815637712253e+67
-3.377220162812105e+67
-4.352710275681432e+67
-3.535049494072613e+67
-5.656069560790409e+67
-4.760859470154766e+67
-5.940554954728715e+67
-4.993932911050175e+67
-5.108528732992494e+67
-4.312665320955647e+67
-5.431055308042428e+67
-4.576837088150893e+67
-3.773050298290054e+67
-3.072165372895036e+67
-3.998998531176244e+67
-3.252263261470248e+67
-3.350748380702521e+67
-2.735256519984786e+67
-3.59779478886642e+67
-2.932474274332341e+67
-2.903060390432901e+67
-2.376102796821301e+67
-3.163236393307545e+67
-2.584983727152216e+67
-3.888247706288897e+67
-3.304921657489328e+67
-4.250244223198164e+67
-3.605234425258567e+67
-4.51224453229257e+67
-3.822113998093255e+67
-4.860431751411779e+67
-4.108832959291175e+67
-5.793961759262737e+67
-5.036833688971262e+67
-6.264778370664141e+67
-5.433332675483848e+67
-4.960402154278838e+67
-4.329542288935847e+67
-5.442956062753383e+67
-4.73939856202103e+67
-6.100051280606131e+67
-5.433655241482858e+67
-6.722170809575082e+67
-5.972072569886414e+67
-7.177186981975894e+67
-6.364948059630503e+67
-7.793596866564864e+67
-6.89353401246749e+67
-8.237308862985089e+67
-7.273172511004669e+67
-8.824821004960737e+67
-7.772648906589098e+67
-6.601909651432074e+67
-5.71655955614381e+67
-7.044078141433038e+67
-6.086160260230182e+67
-7.354150677877331e+67
-6.344808025857489e+67
-7.749304653411233e+67
-6.673882935288724e+67
-9.238822920331951e+67
-8.123960943051631e+67
-9.771116580593741e+67
-8.573624347669299e+67
-1.013500021149247e+68
-8.880860146412703e+67
-1.058419735133003e+68
-9.260536118999227e+67
-1.087682433225578e+68
-9.50852038447975e+67
-1.121679117608929e+68
-9.799348969515229e+67
-8.560927228743232e+67
-7.352369012620179e+67
-8.808041152742206e+67
-7.562125856539602e+67
-8.018072982709931e+67
-6.897640027635566e+67
-8.347555203818022e+67
-7.173260508617124e+67
-6.132900090577409e+67
-5.151639461408791e+67
-6.367366359041918e+67
-5.34546035532271e+67
-4.484990780581653e+67
-3.641310800027209e+67
-4.645600782377169e+67
-3.771762195159615e+67
-4.748217841223934e+67
-3.855587969396316e+67
-4.866772501202698e+67
-3.953569092968841e+67
-6.518197694172828e+67
-5.470722782581822e+67
-6.692525389745762e+67
-5.617242993342834e+67
-6.795457522059407e+67
-5.704518533424969e+67
-6.902579365042678e+67
-5.796208447771754e+67
-4.936360256442722e+67
-4.011629943235533e+67
-5.008926558668129e+67
-4.072577207090118e+67
-5.043932030501096e+67
-4.102310705755012e+67
-5.068345264170771e+67
-4.123012809470132e+67
-6.954472522235665e+67
-5.841091358605406e+67
-6.990563914380944e+67
-5.872351642761079e+67
-9.181701555584879e+67
-7.884696118423007e+67
-9.233210523416506e+67
-7.929910812278681e+67
-8.954844930494308e+67
-7.687722494918174e+67
-9.107444038169918e+67
-7.819810103804716e+67
-1.142002536097051e+68
-9.974346619786848e+67
-1.163104640551898e+68
-1.015857223274148e+68
-1.173430678135828e+68
-1.024937401788655e+68
-1.180566991191667e+68
-1.03126863064949e+68
