FiniteElementSpace
FiniteElementCollection: L2_2D_P3
VDim: 1
Ordering: 0

7.7692979e+16
8.0905494e+16
8.5298519e+16
8.882714e+16
7.7692979e+16
8.0905494e+16
8.5298519e+16
8.882714e+16
7.7692979e+16
8.0905494e+16
8.5298519e+16
8.882714e+16
7.7692979e+16
8.0905494e+16
8.5298519e+16
8.882714e+16
7.7692979e+16
8.0905494e+16
8.5298519e+16
8.882714e+16
7.7692979e+16
8.0905494e+16
8.5298519e+16
8.882714e+16
7.7692979e+16
8.0905494e+16
8.5298519e+16
8.882714e+16
7.7692979e+16
8.0905494e+16
8.5298519e+16
8.882714e+16
9.0767088e+16
9.4522994e+16
9.965909e+16
1.0378457e+17
9.0767088e+16
9.4522994e+16
9.965909e+16
1.0378457e+17
9.0767088e+16
9.4522994e+16
9.965909e+16
1.0378457e+17
9.0767088e+16
9.4522994e+16
9.965909e+16
1.0378457e+17
9.0767088e+16
9.4522994e+16
9.965909e+16
1.0378457e+17
9.0767088e+16
9.4522994e+16
9.965909e+16
1.0378457e+17
9.0767088e+16
9.4522994e+16
9.965909e+16
1.0378457e+17
9.0767088e+16
9.4522994e+16
9.965909e+16
1.0378457e+17
1.0605265e+17
1.1044386e+17
1.1644872e+17
1.2127201e+17
1.0605265e+17
1.1044386e+17
1.1644872e+17
1.2127201e+17
1.0605265e+17
1.1044386e+17
1.1644872e+17
1.2127201e+17
1.0605265e+17
1.1044386e+17
1.1644872e+17
1.2127201e+17
1.2392374e+17
1.2905771e+17
1.3607827e+17
1.4171742e+17
1.2392374e+17
1.2905771e+17
1.3607827e+17
1.4171742e+17
1.2392374e+17
1.2905771e+17
1.3607827e+17
1.4171742e+17
1.2392374e+17
1.2905771e+17
1.3607827e+17
1.4171742e+17
1.2392374e+17
1.2905771e+17
1.3607827e+17
1.4171742e+17
1.2392374e+17
1.2905771e+17
1.3607827e+17
1.4171742e+17
1.2392374e+17
1.2905771e+17
1.3607827e+17
1.4171742e+17
1.2392374e+17
1.2905771e+17
1.3607827e+17
1.4171742e+17
1.0605265e+17
1.1044386e+17
1.1644872e+17
1.2127201e+17
1.0605265e+17
1.1044386e+17
1.1644872e+17
1.2127201e+17
1.0605265e+17
1.1044386e+17
1.1644872e+17
1.2127201e+17
1.0605265e+17
1.1044386e+17
1.1644872e+17
1.2127201e+17
1.0605265e+17
1.1044386e+17
1.1644872e+17
1.2127201e+17
1.0605265e+17
1.1044386e+17
1.1644872e+17
1.2127201e+17
1.0605265e+17
1.1044386e+17
1.1644872e+17
1.2127201e+17
1.0605265e+17
1.1044386e+17
1.1644872e+17
1.2127201e+17
1.2392374e+17
1.2905771e+17
1.3607827e+17
1.4171742e+17
1.2392374e+17
1.2905771e+17
1.3607827e+17
1.4171742e+17
1.2392374e+17
1.2905771e+17
1.3607827e+17
1.4171742e+17
1.2392374e+17
1.2905771e+17
1.3607827e+17
1.4171742e+17
1.2392374e+17
1.2905771e+17
1.3607827e+17
1.4171742e+17
1.2392374e+17
1.2905771e+17
1.3607827e+17
1.4171742e+17
1.2392374e+17
1.2905771e+17
1.3607827e+17
1.4171742e+17
1.2392374e+17
1.2905771e+17
1.3607827e+17
1.4171742e+17
1.0605265e+17
1.1044386e+17
1.1644872e+17
1.2127201e+17
1.0605265e+17
1.1044386e+17
1.1644872e+17
1.2127201e+17
1.0605265e+17
1.1044386e+17
1.1644872e+17
1.2127201e+17
1.0605265e+17
1.1044386e+17
1.1644872e+17
1.2127201e+17
9.0767088e+16
9.4522994e+16
9.965909e+16
1.0378457e+17
9.0767088e+16
9.4522994e+16
9.965909e+16
1.0378457e+17
9.0767088e+16
9.4522994e+16
9.965909e+16
1.0378457e+17
9.0767088e+16
9.4522994e+16
9.965909e+16
1.0378457e+17
9.0767088e+16
9.4522994e+16
9.965909e+16
1.0378457e+17
9.0767088e+16
9.4522994e+16
9.965909e+16
1.0378457e+17
9.0767088e+16
9.4522994e+16
9.965909e+16
1.0378457e+17
9.0767088e+16
9.4522994e+16
9.965909e+16
1.0378457e+17
7.7692979e+16
8.0905494e+16
8.5298519e+16
8.882714e+16
7.7692979e+16
8.0905494e+16
8.5298519e+16
8.882714e+16
7.7692979e+16
8.0905494e+16
8.5298519e+16
8.882714e+16
7.7692979e+16
8.0905494e+16
8.5298519e+16
8.882714e+16
7.7692979e+16
8.0905494e+16
8.5298519e+16
8.882714e+16
7.7692979e+16
8.0905494e+16
8.5298519e+16
8.882714e+16
7.7692979e+16
8.0905494e+16
8.5298519e+16
8.882714e+16
7.7692979e+16
8.0905494e+16
8.5298519e+16
8.882714e+16
7.7692979e+16
8.0905494e+16
8.5298519e+16
8.882714e+16
7.7692979e+16
8.0905494e+16
8.5298519e+16
8.882714e+16
7.7692979e+16
8.0905494e+16
8.5298519e+16
8.882714e+16
7.7692979e+16
8.0905494e+16
8.5298519e+16
8.882714e+16
9.0767088e+16
9.4522994e+16
9.965909e+16
1.0378457e+17
9.0767088e+16
9.4522994e+16
9.965909e+16
1.0378457e+17
9.0767088e+16
9.4522994e+16
9.965909e+16
1.0378457e+17
9.0767088e+16
9.4522994e+16
9.965909e+16
1.0378457e+17
9.0767088e+16
9.4522994e+16
9.965909e+16
1.0378457e+17
9.0767088e+16
9.4522994e+16
9.965909e+16
1.0378457e+17
9.0767088e+16
9.4522994e+16
9.965909e+16
1.0378457e+17
9.0767088e+16
9.4522994e+16
9.965909e+16
1.0378457e+17
7.7692979e+16
8.0905494e+16
8.5298519e+16
8.882714e+16
7.7692979e+16
8.0905494e+16
8.5298519e+16
8.882714e+16
7.7692979e+16
8.0905494e+16
8.5298519e+16
8.882714e+16
7.7692979e+16
8.0905494e+16
8.5298519e+16
8.882714e+16
7.7692979e+16
8.0905494e+16
8.5298519e+16
8.882714e+16
7.7692979e+16
8.0905494e+16
8.5298519e+16
8.882714e+16
7.7692979e+16
8.0905494e+16
8.5298519e+16
8.882714e+16
7.7692979e+16
8.0905494e+16
8.5298519e+16
8.882714e+16
7.7692979e+16
8.0905494e+16
8.5298519e+16
8.882714e+16
7.7692979e+16
8.0905494e+16
8.5298519e+16
8.882714e+16
7.7692979e+16
8.0905494e+16
8.5298519e+16
8.882714e+16
7.7692979e+16
8.0905494e+16
8.5298519e+16
8.882714e+16
9.0767088e+16
9.4522994e+16
9.965909e+16
1.0378457e+17
9.0767088e+16
9.4522994e+16
9.965909e+16
1.0378457e+17
9.0767088e+16
9.4522994e+16
9.965909e+16
1.0378457e+17
9.0767088e+16
9.4522994e+16
9.965909e+16
1.0378457e+17
9.0767088e+16
9.4522994e+16
9.965909e+16
1.0378457e+17
9.0767088e+16
9.4522994e+16
9.965909e+16
1.0378457e+17
9.0767088e+16
9.4522994e+16
9.965909e+16
1.0378457e+17
9.0767088e+16
9.4522994e+16
9.965909e+16
1.0378457e+17
1.0605265e+17
1.1044386e+17
1.1644872e+17
1.2127201e+17
1.0605265e+17
1.1044386e+17
1.1644872e+17
1.2127201e+17
1.0605265e+17
1.1044386e+17
1.1644872e+17
1.2127201e+17
1.0605265e+17
1.1044386e+17
1.1644872e+17
1.2127201e+17
1.0605265e+17
1.1044386e+17
1.1644872e+17
1.2127201e+17
1.0605265e+17
1.1044386e+17
1.1644872e+17
1.2127201e+17
1.0605265e+17
1.1044386e+17
1.1644872e+17
1.2127201e+17
1.0605265e+17
1.1044386e+17
1.1644872e+17
1.2127201e+17
1.2392374e+17
1.2905771e+17
1.3607827e+17
1.4171742e+17
1.2392374e+17
1.2905771e+17
1.3607827e+17
1.4171742e+17
1.2392374e+17
1.2905771e+17
1.3607827e+17
1.4171742e+17
1.2392374e+17
1.2905771e+17
1.3607827e+17
1.4171742e+17
1.2392374e+17
1.2905771e+17
1.3607827e+17
1.4171742e+17
1.2392374e+17
1.2905771e+17
1.3607827e+17
1.4171742e+17
1.2392374e+17
1.2905771e+17
1.3607827e+17
1.4171742e+17
1.2392374e+17
1.2905771e+17
1.3607827e+17
1.4171742e+17
1.2392374e+17
1.2905771e+17
1.3607827e+17
1.4171742e+17
1.2392374e+17
1.2905771e+17
1.3607827e+17
1.4171742e+17
1.2392374e+17
1.2905771e+17
1.3607827e+17
1.4171742e+17
1.2392374e+17
1.2905771e+17
1.3607827e+17
1.4171742e+17
1.0605265e+17
1.1044386e+17
1.1644872e+17
1.2127201e+17
1.0605265e+17
1.1044386e+17
1.1644872e+17
1.2127201e+17
1.0605265e+17
1.1044386e+17
1.1644872e+17
1.2127201e+17
1.0605265e+17
1.1044386e+17
1.1644872e+17
1.2127201e+17
1.0605265e+17
1.1044386e+17
1.1644872e+17
1.2127201e+17
1.0605265e+17
1.1044386e+17
1.1644872e+17
1.2127201e+17
1.0605265e+17
1.1044386e+17
1.1644872e+17
1.2127201e+17
1.0605265e+17
1.1044386e+17
1.1644872e+17
1.2127201e+17
1.2392374e+17
1.2905771e+17
1.3607827e+17
1.4171742e+17
1.2392374e+17
1.2905771e+17
1.3607827e+17
1.4171742e+17
1.2392374e+17
1.2905771e+17
1.3607827e+17
1.4171742e+17
1.2392374e+17
1.2905771e+17
1.3607827e+17
1.4171742e+17
1.4481769e+17
1.5082007e+17
1.5902817e+17
1.6562119e+17
1.4481769e+17
1.5082007e+17
1.5902817e+17
1.6562119e+17
1.4481769e+17
1.5082007e+17
1.5902817e+17
1.6562119e+17
1.4481769e+17
1.5082007e+17
1.5902817e+17
1.6562119e+17
1.6924587e+17
1.7626358e+17
1.8586011e+17
1.9356838e+17
1.6924587e+17
1.7626358e+17
1.8586011e+17
1.9356838e+17
1.6924587e+17
1.7626358e+17
1.8586011e+17
1.9356838e+17
1.6924587e+17
1.7626358e+17
1.8586011e+17
1.9356838e+17
1.6924587e+17
1.7626358e+17
1.8586011e+17
1.9356838e+17
1.6924587e+17
1.7626358e+17
1.8586011e+17
1.9356838e+17
1.6924587e+17
1.7626358e+17
1.8586011e+17
1.9356838e+17
1.6924587e+17
1.7626358e+17
1.8586011e+17
1.9356838e+17
1.4481769e+17
1.5082007e+17
1.5902817e+17
1.6562119e+17
1.4481769e+17
1.5082007e+17
1.5902817e+17
1.6562119e+17
1.4481769e+17
1.5082007e+17
1.5902817e+17
1.6562119e+17
1.4481769e+17
1.5082007e+17
1.5902817e+17
1.6562119e+17
1.4481769e+17
1.5082007e+17
1.5902817e+17
1.6562119e+17
1.4481769e+17
1.5082007e+17
1.5902817e+17
1.6562119e+17
1.4481769e+17
1.5082007e+17
1.5902817e+17
1.6562119e+17
1.4481769e+17
1.5082007e+17
1.5902817e+17
1.6562119e+17
1.4481769e+17
1.5082007e+17
1.5902817e+17
1.6562119e+17
1.4481769e+17
1.5082007e+17
1.5902817e+17
1.6562119e+17
1.4481769e+17
1.5082007e+17
1.5902817e+17
1.6562119e+17
1.4481769e+17
1.5082007e+17
1.5902817e+17
1.6562119e+17
1.6924587e+17
1.7626358e+17
1.8586011e+17
1.9356838e+17
1.6924587e+17
1.7626358e+17
1.8586011e+17
1.9356838e+17
1.6924587e+17
1.7626358e+17
1.8586011e+17
1.9356838e+17
1.6924587e+17
1.7626358e+17
1.8586011e+17
1.9356838e+17
1.6924587e+17
1.7626358e+17
1.8586011e+17
1.9356838e+17
1.6924587e+17
1.7626358e+17
1.8586011e+17
1.9356838e+17
1.6924587e+17
1.7626358e+17
1.8586011e+17
1.9356838e+17
1.6924587e+17
1.7626358e+17
1.8586011e+17
1.9356838e+17
1.978062e+17
2.06011e+17
2.1723087e+17
2.2624307e+17
1.978062e+17
2.06011e+17
2.1723087e+17
2.2624307e+17
1.978062e+17
2.06011e+17
2.1723087e+17
2.2624307e+17
1.978062e+17
2.06011e+17
2.1723087e+17
2.2624307e+17
1.978062e+17
2.06011e+17
2.1723087e+17
2.2624307e+17
1.978062e+17
2.06011e+17
2.1723087e+17
2.2624307e+17
1.978062e+17
2.06011e+17
2.1723087e+17
2.2624307e+17
1.978062e+17
2.06011e+17
2.1723087e+17
2.2624307e+17
2.3119776e+17
2.407905e+17
2.5390838e+17
2.6444514e+17
2.3119776e+17
2.407905e+17
2.5390838e+17
2.6444514e+17
2.3119776e+17
2.407905e+17
2.5390838e+17
2.6444514e+17
2.3119776e+17
2.407905e+17
2.5390838e+17
2.6444514e+17
2.3119776e+17
2.407905e+17
2.5390838e+17
2.6444514e+17
2.3119776e+17
2.407905e+17
2.5390838e+17
2.6444514e+17
2.3119776e+17
2.407905e+17
2.5390838e+17
2.6444514e+17
2.3119776e+17
2.407905e+17
2.5390838e+17
2.6444514e+17
2.3119776e+17
2.407905e+17
2.5390838e+17
2.6444514e+17
2.3119776e+17
2.407905e+17
2.5390838e+17
2.6444514e+17
2.3119776e+17
2.407905e+17
2.5390838e+17
2.6444514e+17
2.3119776e+17
2.407905e+17
2.5390838e+17
2.6444514e+17
1.978062e+17
2.06011e+17
2.1723087e+17
2.2624307e+17
1.978062e+17
2.06011e+17
2.1723087e+17
2.2624307e+17
1.978062e+17
2.06011e+17
2.1723087e+17
2.2624307e+17
1.978062e+17
2.06011e+17
2.1723087e+17
2.2624307e+17
1.978062e+17
2.06011e+17
2.1723087e+17
2.2624307e+17
1.978062e+17
2.06011e+17
2.1723087e+17
2.2624307e+17
1.978062e+17
2.06011e+17
2.1723087e+17
2.2624307e+17
1.978062e+17
2.06011e+17
2.1723087e+17
2.2624307e+17
2.3119776e+17
2.407905e+17
2.5390838e+17
2.6444514e+17
2.3119776e+17
2.407905e+17
2.5390838e+17
2.6444514e+17
2.3119776e+17
2.407905e+17
2.5390838e+17
2.6444514e+17
2.3119776e+17
2.407905e+17
2.5390838e+17
2.6444514e+17
2.3119776e+17
2.407905e+17
2.5390838e+17
2.6444514e+17
2.3119776e+17
2.407905e+17
2.5390838e+17
2.6444514e+17
2.3119776e+17
2.407905e+17
2.5390838e+17
2.6444514e+17
2.3119776e+17
2.407905e+17
2.5390838e+17
2.6444514e+17
2.3119776e+17
2.407905e+17
2.5390838e+17
2.6444514e+17
2.3119776e+17
2.407905e+17
2.5390838e+17
2.6444514e+17
2.3119776e+17
2.407905e+17
2.5390838e+17
2.6444514e+17
2.3119776e+17
2.407905e+17
2.5390838e+17
2.6444514e+17
1.978062e+17
2.06011e+17
2.1723087e+17
2.2624307e+17
1.978062e+17
2.06011e+17
2.1723087e+17
2.2624307e+17
1.978062e+17
2.06011e+17
2.1723087e+17
2.2624307e+17
1.978062e+17
2.06011e+17
2.1723087e+17
2.2624307e+17
1.978062e+17
2.06011e+17
2.1723087e+17
2.2624307e+17
1.978062e+17
2.06011e+17
2.1723087e+17
2.2624307e+17
1.978062e+17
2.06011e+17
2.1723087e+17
2.2624307e+17
1.978062e+17
2.06011e+17
2.1723087e+17
2.2624307e+17
1.6924587e+17
1.7626358e+17
1.8586011e+17
1.9356838e+17
1.6924587e+17
1.7626358e+17
1.8586011e+17
1.9356838e+17
1.6924587e+17
1.7626358e+17
1.8586011e+17
1.9356838e+17
1.6924587e+17
1.7626358e+17
1.8586011e+17
1.9356838e+17
1.4481769e+17
1.5082007e+17
1.5902817e+17
1.6562119e+17
1.4481769e+17
1.5082007e+17
1.5902817e+17
1.6562119e+17
1.4481769e+17
1.5082007e+17
1.5902817e+17
1.6562119e+17
1.4481769e+17
1.5082007e+17
1.5902817e+17
1.6562119e+17
1.4481769e+17
1.5082007e+17
1.5902817e+17
1.6562119e+17
1.4481769e+17
1.5082007e+17
1.5902817e+17
1.6562119e+17
1.4481769e+17
1.5082007e+17
1.5902817e+17
1.6562119e+17
1.4481769e+17
1.5082007e+17
1.5902817e+17
1.6562119e+17
1.6924587e+17
1.7626358e+17
1.8586011e+17
1.9356838e+17
1.6924587e+17
1.7626358e+17
1.8586011e+17
1.9356838e+17
1.6924587e+17
1.7626358e+17
1.8586011e+17
1.9356838e+17
1.6924587e+17
1.7626358e+17
1.8586011e+17
1.9356838e+17
1.6924587e+17
1.7626358e+17
1.8586011e+17
1.9356838e+17
1.6924587e+17
1.7626358e+17
1.8586011e+17
1.9356838e+17
1.6924587e+17
1.7626358e+17
1.8586011e+17
1.9356838e+17
1.6924587e+17
1.7626358e+17
1.8586011e+17
1.9356838e+17
1.4481769e+17
1.5082007e+17
1.5902817e+17
1.6562119e+17
1.4481769e+17
1.5082007e+17
1.5902817e+17
1.6562119e+17
1.4481769e+17
1.5082007e+17
1.5902817e+17
1.6562119e+17
1.4481769e+17
1.5082007e+17
1.5902817e+17
1.6562119e+17
1.4481769e+17
1.5082007e+17
1.5902817e+17
1.6562119e+17
1.4481769e+17
1.5082007e+17
1.5902817e+17
1.6562119e+17
1.4481769e+17
1.5082007e+17
1.5902817e+17
1.6562119e+17
1.4481769e+17
1.5082007e+17
1.5902817e+17
1.6562119e+17
1.6924587e+17
1.7626358e+17
1.8586011e+17
1.9356838e+17
1.6924587e+17
1.7626358e+17
1.8586011e+17
1.9356838e+17
1.6924587e+17
1.7626358e+17
1.8586011e+17
1.9356838e+17
1.6924587e+17
1.7626358e+17
1.8586011e+17
1.9356838e+17
1.978062e+17
2.06011e+17
2.1723087e+17
2.2624307e+17
1.978062e+17
2.06011e+17
2.1723087e+17
2.2624307e+17
1.978062e+17
2.06011e+17
2.1723087e+17
2.2624307e+17
1.978062e+17
2.06011e+17
2.1723087e+17
2.2624307e+17
1.978062e+17
2.06011e+17
2.1723087e+17
2.2624307e+17
1.978062e+17
2.06011e+17
2.1723087e+17
2.2624307e+17
1.978062e+17
2.06011e+17
2.1723087e+17
2.2624307e+17
1.978062e+17
2.06011e+17
2.1723087e+17
2.2624307e+17
2.3119776e+17
2.407905e+17
2.5390838e+17
2.6444514e+17
2.3119776e+17
2.407905e+17
2.5390838e+17
2.6444514e+17
2.3119776e+17
2.407905e+17
2.5390838e+17
2.6444514e+17
2.3119776e+17
2.407905e+17
2.5390838e+17
2.6444514e+17
2.3119776e+17
2.407905e+17
2.5390838e+17
2.6444514e+17
2.3119776e+17
2.407905e+17
2.5390838e+17
2.6444514e+17
2.3119776e+17
2.407905e+17
2.5390838e+17
2.6444514e+17
2.3119776e+17
2.407905e+17
2.5390838e+17
2.6444514e+17
