FiniteElementSpace
FiniteElementCollection: L2_2D_P4
VDim: 1
Ordering: 0

1.238715794696615e+61
-4.948778151902489e+60
1.744593262924733e+61
-9.605145516281872e+60
-3.354391115978873e+60
9.412827449334295e+60
-4.56713656153229e+60
1.770106418217266e+61
-1.018932636903179e+61
-3.060804511362169e+60
-2.10516436764731e+60
4.765147476418439e+59
1.707448607824618e+61
-1.18563692622495e+61
-2.19098096569574e+60
-4.633669364762202e+60
9.598446019451685e+60
1.397884832723597e+61
-1.424850256078437e+61
-6.339750955148336e+59
3.609289337193271e+60
1.584916455372602e+61
9.177476152136344e+60
-1.573090833000187e+61
8.251257350570421e+59
