FiniteElementSpace
FiniteElementCollection: L2_2D_P1
VDim: 1
Ordering: 0

-1.568544530697949e+52
-1.559062963877591e+52
-1.370181262358235e+52
-1.361769359877372e+52
-1.226758157344255e+52
-1.219914487279316e+52
-1.053596985721115e+52
-1.04758959594293e+52
-1.210048361623436e+52
-1.189773485439667e+52
-1.038968602462129e+52
-1.021418959109813e+52
-1.545343412258232e+52
-1.517306383631132e+52
-1.349705102234507e+52
-1.32522821275983e+52
-1.490303945690816e+52
-1.445134706038843e+52
-1.301977384195124e+52
-1.263336833525516e+52
-1.406255213906508e+52
-1.346573237183348e+52
-1.23038873602536e+52
-1.179943596133024e+52
-1.109086748776466e+52
-1.0653105344886e+52
-9.530656559191536e+51
-9.164457096377615e+51
-1.170268598008972e+52
-1.137436137264684e+52
-1.004731729865662e+52
-9.768626675627032e+51
-8.891934278251376e+51
-8.660316118942363e+51
-7.463274715151639e+51
-7.26860259832744e+51
-8.45991608443022e+51
-8.148395615215415e+51
-7.102174351012884e+51
-6.844656814645627e+51
-6.172315297176983e+51
-5.958922968086333e+51
-5.011301354764409e+51
-4.837978854737763e+51
-6.466172140969032e+51
-6.308656078864996e+51
-5.252856656019948e+51
-5.122675347680518e+51
-6.655043226660949e+51
-6.558628980523292e+51
-5.410975193901782e+51
-5.3299984275716e+51
-9.171019680911516e+51
-9.028693678081188e+51
-7.701054770688175e+51
-7.579232193280285e+51
-9.287919174697148e+51
-9.239966829614794e+51
-7.802221407517769e+51
-7.760687849399937e+51
-6.733989094396066e+51
-6.70155277825679e+51
-5.477985781914205e+51
-5.45048020891453e+51
-4.577908117626059e+51
-4.557106366637787e+51
-3.535648489545635e+51
-3.518637699888868e+51
-4.527383660532336e+51
-4.465486834404063e+51
-3.494203351753992e+51
-3.443953473167092e+51
-2.76398582882348e+51
-2.727746568278302e+51
-1.932078430627663e+51
-1.904561438964593e+51
-2.793454475233294e+51
-2.781283295876164e+51
-1.954698672559823e+51
-1.945412288698405e+51
-1.367153925387005e+51
-1.361263161172849e+51
-7.384416745003506e+50
-7.346552908794371e+50
-3.266003447457827e+50
-3.249688310051391e+50
2.703726909775896e+49
2.735337173674381e+49
-3.228010544803956e+50
-3.179541011826932e+50
2.787735619911042e+49
2.882754160783912e+49
-1.352987955625071e+51
-1.335451251388819e+51
-7.292219176700055e+50
-7.17961621335061e+50
-1.318975660030414e+51
-1.290193338670277e+51
-7.072372301723709e+50
-6.888046766363603e+50
-3.136482924906648e+50
-3.057290355519227e+50
2.986724277875841e+49
3.145724677884532e+49
-2.993464946108048e+50
-2.885938121719852e+50
3.299663297068833e+49
3.523625631283359e+49
-1.265689138367429e+51
-1.226305335924373e+51
-6.730733724646948e+50
-6.479874631409714e+50
-2.582625133690139e+51
-2.501284229646717e+51
-1.795354765913109e+51
-1.735048230111164e+51
-2.693295768457777e+51
-2.633813863854917e+51
-1.878337405513861e+51
-1.833604829729291e+51
-4.406322732664685e+51
-4.304909818857458e+51
-3.396059931168262e+51
-3.31481387942615e+51
-4.21726121665919e+51
-4.079104539364385e+51
-3.245296515378044e+51
-3.136443461378823e+51
-3.965100829424628e+51
-3.794262310733226e+51
-3.047790562060548e+51
-2.91538002123929e+51
-3.657429457172915e+51
-3.459213483595742e+51
-2.810484800466127e+51
-2.65871631403777e+51
-2.25163333455085e+51
-2.133045696355269e+51
-1.553985380420556e+51
-1.469322741051747e+51
-2.434241480371205e+51
-2.332997768326918e+51
-1.686007880126832e+51
-1.612285674119028e+51
-1.19407928665253e+51
-1.144945198398504e+51
-6.276742095783847e+50
-5.966922515478443e+50
-2.802299158278333e+50
-2.669753534197855e+50
3.725246315087292e+49
4.015542696296497e+49
-2.567604088534207e+50
-2.414158711689452e+50
4.261983351134958e+49
4.620207306645169e+49
-1.10548490506506e+51
-1.047614852324082e+51
-5.723626189901073e+50
-5.36502446193075e+50
-1.001639732919521e+51
-9.361905550442963e+50
-5.088640070361779e+50
-4.694139814002337e+50
-2.295106513686862e+50
-2.125380475269585e+50
4.908080173207391e+49
5.335475265989423e+49
-1.991201807996071e+50
-1.809744435200515e+50
5.660723999698806e+49
6.156844639859354e+49
-8.847145256755672e+50
-8.130403714800928e+50
-4.39317488929953e+50
-3.978074465187201e+50
-1.804279617549964e+51
-1.661189853866913e+51
-1.238802458009523e+51
-1.139556760012056e+51
-2.03961717529472e+51
-1.906881343702399e+51
-1.403483070648054e+51
-1.310391846082652e+51
-3.304223860698444e+51
-3.084891377017915e+51
-2.540666953605373e+51
-2.373605099075283e+51
-2.916955198703358e+51
-2.683221554190604e+51
-2.245591697828185e+51
-2.067286251160054e+51
-4.202791693365812e+51
-3.857112329651782e+51
-3.434504028501432e+51
-3.156977176328567e+51
-5.647030096745073e+51
-5.166068269945153e+51
-4.790046462290547e+51
-4.391039923136992e+51
-6.457747588628922e+51
-5.995133300499168e+51
-5.459145913772073e+51
-5.078200603763502e+51
-4.780161888978412e+51
-4.451926985534349e+51
-3.896192692784657e+51
-3.634161963268159e+51
-5.313215871010735e+51
-5.013012775745778e+51
-4.321076050108548e+51
-4.081791401097777e+51
-5.783170245849953e+51
-5.521568820583363e+51
-4.696796192908536e+51
-4.487098364504588e+51
-7.892838825049876e+51
-7.514861114289242e+51
-6.635122117445147e+51
-6.325452209932483e+51
-7.215898939237087e+51
-6.787378322379314e+51
-6.080953335258038e+51
-5.729965052762965e+51
-9.359020136167269e+51
-8.771538890450599e+51
-8.086295365247304e+51
-7.595230336945051e+51
-1.029600990168978e+52
-9.770993861323424e+51
-8.867165230669368e+51
-8.429944256992471e+51
-1.298226325631021e+52
-1.227503840948223e+52
-1.139123122975379e+52
-1.0793791966059e+52
-1.172498030613829e+52
-1.094439016269037e+52
-1.032702593120613e+52
-9.663403303818722e+51
-1.035485815783467e+52
-9.535873415462209e+51
-9.159001694283651e+51
-8.456703043285583e+51
-8.323613926833037e+51
-7.698069738074185e+51
-7.218924733005967e+51
-6.692121661793769e+51
-7.231710717690103e+51
-6.590571926275809e+51
-6.296938461598674e+51
-5.752388410368599e+51
-8.93132226849469e+51
-8.104751483534894e+51
-7.934714282559423e+51
-7.219353306003115e+51
