FiniteElementSpace
FiniteElementCollection: L2_2D_P3
VDim: 1
Ordering: 0

-3.136864931911361e+38
-7.034102024126805e+38
-1.075325226700168e+39
-1.15837489763742e+39
6.928919188211374e+37
-1.937137439344768e+38
-5.627298983138484e+38
-8.061664235472401e+38
3.147905191924548e+38
2.579148089112279e+38
1.202163337871059e+38
-7.331347649412976e+36
2.823287678488753e+38
3.170084136068034e+38
3.290909811497346e+38
3.148564581842398e+38
2.089625311948605e+38
2.527921076899698e+38
2.946241851587356e+38
3.105401724676036e+38
6.854500461946144e+37
1.005976090509229e+38
1.382511942531347e+38
1.63271915715478e+38
-2.91198154573076e+37
-2.666835379594929e+37
-2.194920283430389e+37
-1.840045219283102e+37
3.956457361305054e+35
-1.158561503460938e+36
-3.071380821636022e+36
-4.107302574304184e+36
3.154130542651499e+38
3.157400615284009e+38
3.1408223153898e+38
3.130552730883294e+38
1.743481870139017e+38
1.917244844729619e+38
2.050644877054739e+38
2.089839920071072e+38
-1.650757240729471e+37
-1.370985210030801e+37
-1.078206872697024e+37
-9.76150981962546e+36
-4.611609361510612e+36
-5.21082848228588e+36
-5.907551335638675e+36
-6.155107661756834e+36
-1.130017607391859e+39
-9.785978016918388e+38
-7.612078790128456e+38
-6.740261970204737e+38
-9.042870298327758e+38
-1.032135616888886e+39
-1.103675661875618e+39
-1.116155370696166e+39
-7.644888178587496e+37
-1.903879692948981e+38
-2.959715113783535e+38
-3.311286559423572e+38
3.047108772510631e+38
2.805536700216382e+38
2.565395517461947e+38
2.475231320917895e+38
