FiniteElementSpace
FiniteElementCollection: L2_2D_P4
VDim: 1
Ordering: 0

-4.516860180697251e+53
1.32803940142442e+54
3.811885621268987e+54
6.053316325085644e+54
7.396733561875727e+54
1.328039401434958e+54
9.779969959129584e+54
2.082034928834556e+55
2.983770221847867e+55
3.472472040602019e+55
3.811885621287916e+54
2.082034928835211e+55
3.98144794377857e+55
5.046472555661313e+55
5.312530812642949e+55
6.053316325109111e+54
2.983770221848709e+55
5.04647255566125e+55
5.120531085906588e+55
4.137106596185081e+55
7.396733561901318e+54
3.47247204060276e+55
5.312530812642667e+55
4.137106596184912e+55
1.831493440649685e+55
8.01418105482688e+54
9.076105254953281e+54
1.024940268307428e+55
1.093714580201435e+55
1.111541380295438e+55
3.682751952881982e+55
4.021062635155646e+55
4.358987500589852e+55
4.538221960126263e+55
4.582665552496562e+55
5.329759230584605e+55
5.181298345467218e+55
4.74403599690379e+55
4.34417881677857e+55
4.218770542503038e+55
3.398336219322541e+55
1.66462216636308e+55
-9.285561120299423e+54
-2.781697599636034e+55
-3.30747649069247e+55
3.402058648098185e+54
-2.871319150217536e+55
-7.292174365663668e+55
-1.025523988926291e+56
-1.107079257200713e+56
-1.553353633707183e+55
-5.503664113138571e+55
-1.057619872743843e+56
-1.35502268720261e+56
-1.422950321072847e+56
-5.503664113138486e+55
-1.078735306623844e+56
-1.666297588546006e+56
-1.883479591557085e+56
-1.890294847255244e+56
-1.057619872743798e+56
-1.66629758854601e+56
-1.654759545730656e+56
-3.815471102813981e+55
3.624746355008e+55
-1.355022687202563e+56
-1.883479591557148e+56
-3.815471102814572e+55
4.057386023098414e+56
6.341978772264133e+56
-1.422950321072807e+56
-1.890294847255351e+56
3.624746355006938e+55
6.341978772264032e+56
9.208940614353866e+56
8.014181054853151e+54
3.682751952882552e+55
5.329759230584189e+55
3.398336219322315e+55
3.402058648097597e+54
9.076105254980186e+54
4.021062635155869e+55
5.181298345466628e+55
1.664622166362801e+55
-2.87131915021755e+55
1.024940268310156e+55
4.358987500589677e+55
4.744035996903076e+55
-9.285561120300168e+54
-7.292174365663217e+55
1.093714580204192e+55
4.538221960125751e+55
4.344178816777751e+55
-2.78169759963575e+55
-1.0255239889262e+56
1.111541380298214e+55
4.582665552495736e+55
4.21877054250211e+55
-3.307476490692003e+55
-1.107079257200606e+56
1.111541380298226e+55
4.582665552495619e+55
4.218770542502046e+55
-3.307476490691988e+55
-1.107079257200609e+56
1.093714580204235e+55
4.53822196012544e+55
4.344178816777464e+55
-2.781697599635718e+55
-1.025523988926204e+56
1.024940268310232e+55
4.358987500589445e+55
4.744035996902491e+55
-9.285561120302147e+54
-7.292174365663274e+55
9.076105254981338e+54
4.021062635155799e+55
5.181298345465875e+55
1.664622166362064e+55
-2.871319150217965e+55
8.014181054854471e+54
3.68275195288265e+55
5.329759230583566e+55
3.398336219321191e+55
3.402058648088126e+54
7.396733561902706e+54
3.472472040602984e+55
5.312530812642233e+55
4.137106596183706e+55
1.831493440648421e+55
6.053316325111007e+54
2.983770221849224e+55
5.04647255566109e+55
5.120531085905379e+55
4.137106596183368e+55
3.811885621289146e+54
2.082034928836125e+55
3.981447943779083e+55
5.046472555660986e+55
5.312530812641953e+55
1.328039401432321e+54
9.779969959136803e+54
2.082034928835651e+55
2.983770221848823e+55
3.472472040602717e+55
-4.51686018076333e+53
1.32803940142193e+54
3.81188562127078e+54
6.05331632508868e+54
7.396733561878643e+54
3.402058648086808e+54
-2.871319150218397e+55
-7.292174365663662e+55
-1.025523988926178e+56
-1.107079257200549e+56
3.398336219320674e+55
1.664622166361143e+55
-9.285561120315588e+54
-2.781697599637264e+55
-3.307476490693616e+55
5.329759230583163e+55
5.181298345465165e+55
4.744035996901326e+55
4.344178816775918e+55
4.218770542500309e+55
3.682751952882453e+55
4.021062635155629e+55
4.358987500589121e+55
4.538221960124835e+55
4.58266555249472e+55
8.014181054829756e+54
9.076105254955671e+54
1.024940268307524e+55
1.09371458020132e+55
1.111541380295146e+55
-1.422950321072794e+56
-1.890294847255329e+56
3.624746355006569e+55
6.341978772263945e+56
9.208940614353753e+56
-1.355022687202529e+56
-1.883479591557064e+56
-3.815471102815329e+55
4.057386023098123e+56
6.341978772263746e+56
-1.057619872743781e+56
-1.666297588545898e+56
-1.654759545730595e+56
-3.815471102815703e+55
3.624746355005225e+55
-5.503664113138783e+55
-1.078735306623789e+56
-1.666297588545817e+56
-1.883479591556884e+56
-1.890294847255085e+56
-1.553353633707986e+55
-5.50366411313894e+55
-1.057619872743744e+56
-1.355022687202365e+56
-1.422950321072534e+56
9.20894061435373e+56
6.341978772263806e+56
3.624746355006055e+55
-1.890294847255e+56
-1.422950321072466e+56
6.341978772263724e+56
4.057386023098026e+56
-3.815471102815192e+55
-1.883479591556737e+56
-1.355022687202216e+56
3.624746355005151e+55
-3.815471102815742e+55
-1.654759545730453e+56
-1.666297588545587e+56
-1.057619872743581e+56
-1.89029484725507e+56
-1.883479591556795e+56
-1.666297588545619e+56
-1.078735306623614e+56
-5.50366411313893e+55
-1.422950321072518e+56
-1.355022687202273e+56
-1.057619872743612e+56
-5.503664113138953e+55
-1.553353633709694e+55
-1.107079257200547e+56
-1.025523988926145e+56
-7.292174365663443e+55
-2.871319150219556e+55
3.402058648065038e+54
-3.307476490693695e+55
-2.781697599637602e+55
-9.285561120323653e+54
1.66462216635991e+55
3.398336219319632e+55
4.21877054250029e+55
4.344178816775804e+55
4.744035996901272e+55
5.181298345465562e+55
5.329759230583962e+55
4.582665552494659e+55
4.538221960124698e+55
4.358987500589026e+55
4.021062635155412e+55
3.682751952881953e+55
1.111541380295049e+55
1.093714580200861e+55
1.024940268306532e+55
9.076105254940086e+54
8.014181054810299e+54
1.831493440646152e+55
4.137106596182702e+55
5.312530812643112e+55
3.472472040602053e+55
7.396733561849353e+54
4.137106596182726e+55
5.120531085905834e+55
5.046472555661892e+55
2.983770221847241e+55
6.053316325056184e+54
5.312530812642888e+55
5.046472555661807e+55
3.981447943778367e+55
2.082034928832528e+55
3.811885621234849e+54
3.472472040601982e+55
2.98377022184735e+55
2.082034928832777e+55
9.779969959095033e+54
1.328039401384568e+54
7.39673356185739e+54
6.053316325063715e+54
3.811885621241925e+54
1.328039401390021e+54
-4.516860181141869e+53
-1.107079257200505e+56
-3.307476490694404e+55
4.218770542500197e+55
4.582665552496096e+55
1.111541380294129e+55
-1.025523988926105e+56
-2.781697599638199e+55
4.344178816775682e+55
4.538221960125971e+55
1.093714580199987e+55
-7.292174365663391e+55
-9.285561120328854e+54
4.744035996901372e+55
4.358987500589973e+55
1.024940268305661e+55
-2.871319150219744e+55
1.664622166359569e+55
5.181298345465873e+55
4.021062635155932e+55
9.076105254931418e+54
3.402058648063868e+54
3.398336219319511e+55
5.329759230584259e+55
3.682751952882151e+55
8.014181054802053e+54
3.402058648081821e+54
3.398336219320627e+55
5.329759230584428e+55
3.682751952883591e+55
8.014181054810275e+54
-2.871319150218957e+55
1.664622166360759e+55
5.181298345466118e+55
4.02106263515692e+55
9.076105254939011e+54
-7.292174365663934e+55
-9.285561120322057e+54
4.7440359969018e+55
4.358987500590541e+55
1.024940268306195e+55
-1.025523988926173e+56
-2.781697599638004e+55
4.344178816776071e+55
4.538221960126336e+55
1.093714580200224e+55
-1.107079257200521e+56
-3.307476490694374e+55
4.218770542500308e+55
4.582665552496212e+55
1.111541380294173e+55
-1.422950321072839e+56
-1.355022687202585e+56
-1.057619872743842e+56
-5.503664113139297e+55
-1.553353633708477e+55
-1.890294847255219e+56
-1.883479591556981e+56
-1.666297588545877e+56
-1.078735306623816e+56
-5.503664113139393e+55
3.624746355007861e+55
-3.815471102813887e+55
-1.654759545730491e+56
-1.666297588545777e+56
-1.057619872743743e+56
6.341978772264095e+56
4.057386023098269e+56
-3.815471102814573e+55
-1.88347959155681e+56
-1.355022687202323e+56
9.208940614353838e+56
6.341978772263865e+56
3.624746355006213e+55
-1.890294847255011e+56
-1.422950321072486e+56
1.11154138029544e+55
1.09371458020142e+55
1.024940268307313e+55
9.076105254949879e+54
8.014181054820771e+54
4.582665552496634e+55
4.538221960126643e+55
4.358987500590703e+55
4.021062635156975e+55
3.682751952883668e+55
4.21877054250302e+55
4.344178816778496e+55
4.744035996903689e+55
5.181298345467336e+55
5.329759230585216e+55
-3.307476490692496e+55
-2.781697599636224e+55
-9.285561120305656e+54
1.664622166361997e+55
3.398336219321413e+55
-1.107079257200718e+56
-1.025523988926307e+56
-7.292174365664043e+55
-2.871319150218458e+55
3.402058648084395e+54
7.396733561867641e+54
6.053316325073292e+54
3.811885621248327e+54
1.328039401389311e+54
-4.516860181206018e+53
3.472472040603833e+55
2.983770221849379e+55
2.0820349288349e+55
9.779969959110383e+54
1.32803940138526e+54
5.312530812643961e+55
5.046472555663024e+55
3.981447943780476e+55
2.082034928834783e+55
3.81188562123977e+54
4.137106596184089e+55
5.120531085906427e+55
5.046472555662799e+55
2.983770221849276e+55
6.053316325063527e+54
1.831493440648101e+55
4.137106596183562e+55
5.31253081264336e+55
3.472472040603728e+55
7.396733561857623e+54
