FiniteElementSpace
FiniteElementCollection: L2_2D_P3
VDim: 1
Ordering: 0

0.0001831822332693107
0.0008879888275225067
0.001803757440055984
0.002500387057877221
0.0008879888275004846
0.004235510022065647
0.008584198785614528
0.01189174863739186
0.001803757440016526
0.008584198785597999
0.01739089098013474
0.02408795373497418
0.002500387057828932
0.0118917486373681
0.02408795373496821
0.03336136803868393
0.00286905570083527
0.003554856848345847
0.004435322084263813
0.005096947648385222
0.01364200265126501
0.016897541515073
0.02107660411423229
0.0242165536339061
0.02763143253926739
0.03422169912641602
0.04268008984172891
0.04903430973055864
0.0382676042043297
0.04739161048670688
0.0591005516509609
0.0678956515945794
0.04389457817016396
0.05435847430435458
0.06778606792194314
0.07787150273423102
0.05435847430436084
0.06731299926417658
0.08393468682183025
0.09641774853678109
0.06778606792197743
0.08393468682186062
0.104651497887807
0.1202077414968141
0.07787150273429566
0.0964177485368425
0.1202077414968427
0.1380697298085974
0.002869055700782848
0.01364200265123857
0.02763143253925951
0.03826760420432773
0.003554856848286863
0.01689754151504321
0.03422169912640894
0.04739161048670942
0.004435322084197718
0.02107660411420068
0.04268008984173317
0.05910055165098679
0.005096947648314221
0.02421655363387575
0.04903430973057987
0.06789565159463289
0.005444181046423904
0.02586431909967599
0.0523684963135947
0.07251026211360288
0.006084605975898585
0.02890315069747391
0.05851682635874059
0.08101908845158348
0.006895945046622897
0.03275251562652385
0.06630391939799087
0.09179465378859017
0.007497159750157607
0.03560462658824621
0.07207278469672139
0.09977660047252886
0.007809624157063389
0.03708682123330601
0.07507048982243368
0.1039240148921292
0.008380084005699956
0.03979264088665772
0.0805424590946658
0.11149414667489
0.009091148766726226
0.04316503428956634
0.08736155442294552
0.1209270460109707
0.009608873536363837
0.0456202253316825
0.0923254198503194
0.1277929734743965
0.1191799888672319
0.1475337508827677
0.1838890058933595
0.2111753382140578
0.1278584083335935
0.1582701645758684
0.1972613276187987
0.2265242583411422
0.1386717702527173
0.1716467472489279
0.2139206703058176
0.2456450659636868
0.1465421318267631
0.1813820283322142
0.2260442201660855
0.2595592286951322
0.08316291291902748
0.1029665945627878
0.1283680551748628
0.1474389342584045
0.09291929178185185
0.1150405487063339
0.1434116913095439
0.1647101477909719
0.1052740283344506
0.1303284474721551
0.162457418899509
0.1865743126154376
0.1144252145139678
0.1416510969918752
0.1765616653075654
0.2027646109556084
0.1574419091164451
0.1758808995773461
0.1992225247786564
0.2165063190770703
0.1758808995773671
0.1964715647409655
0.2225353300004813
0.2418336941845522
0.199222524778702
0.2225353300004996
0.252042614925534
0.2738891336843715
0.2165063190771245
0.2418336941845777
0.2738891336843871
0.2976210526012233
0.2254849401136372
0.2518584986737092
0.2852371048809428
0.3099479813108232
0.2418699232849131
0.2701520008236085
0.3059442625315051
0.3324408915722611
0.262280854080672
0.2929392449796794
0.3317366262074328
0.3604566911689708
0.277133447356167
0.3095202608035477
0.3505034539014836
0.3808408979562937
0.3227831985371142
0.3462033316239793
0.3753737154814617
0.3965978806582779
0.3462033316240266
0.371315040604678
0.4025919342604182
0.4253485968277966
0.3753737154815646
0.4025919342604536
0.4364921388821287
0.4611572096855842
0.3965978806583902
0.4253485968278397
0.4611572096856009
0.4872105527418311
0.2254849401135862
0.2418699232848721
0.262280854080626
0.2771334473560886
0.2518584986736824
0.2701520008235671
0.2929392449795795
0.3095202608033659
0.2852371048809156
0.3059442625314334
0.3317366262072669
0.3505034539012399
0.3099479813108055
0.3324408915721896
0.3604566911688199
0.380840897956112
0.1191799888670239
0.1278584083333551
0.1386717702524372
0.1465421318264571
0.1475337508825995
0.1582701645756766
0.1716467472487162
0.1813820283320057
0.1838890058932448
0.1972613276186798
0.2139206703057141
0.2260442201660026
0.2111753382139825
0.2265242583410787
0.2456450659636413
0.2595592286950875
0.08316291291894531
0.09291929178173511
0.1052740283342889
0.1144252145137745
0.1029665945627094
0.1150405487062268
0.1303284474720176
0.1416510969917182
0.1283680551748217
0.1434116913094824
0.162457418899422
0.1765616653074597
0.1474389342583938
0.1647101477909406
0.1865743126153783
0.2027646109555341
0.005444181046497533
0.00608460597597688
0.006895945046706466
0.00749715975024462
0.02586431909970442
0.02890315069749687
0.03275251562653672
0.03560462658824906
0.05236849631356223
0.05851682635868487
0.06630391939789811
0.07207278469659516
0.07251026211353317
0.08101908845148019
0.09179465378843686
0.09977660047233582
0.007809624157151977
0.008380084005791093
0.009091148766820252
0.009608873536459842
0.03708682123330276
0.03979264088664201
0.04316503428953297
0.04562022533163502
0.07507048982228783
0.08054245909448464
0.08736155442272084
0.09232541985006083
0.1039240148919164
0.1114941466746417
0.1209270460106757
0.1277929734740655
0.009874575149729902
0.01035317473210617
0.01093667584374223
0.0113510430261825
0.04688017525314194
0.04914954669922254
0.05191609376950808
0.05388057108079181
0.09487256481824961
0.09946003831846482
0.1050519450464316
0.109022266966485
0.1313159363136154
0.1376605441982343
0.1453937294501167
0.1508840025146667
0.150580362642191
0.1578527439205018
0.1667164395462026
0.1730091328566401
0.1863769261631588
0.195371811514171
0.20633435360243
0.214116740713252
0.2322642001260402
0.2434647764451666
0.2571147345507056
0.2668044276314083
0.2666976645696454
0.2795517683080862
0.2952162096544792
0.3063355003923166
0.1761786125818629
0.1817710004009852
0.188351369979423
0.1928296599724204
0.2180364351829665
0.2249523663810212
0.2330898264050001
0.2386276312056675
0.2716846015574138
0.2802949514541773
0.2904256893741859
0.2973197276140702
0.3119355540782511
0.3218158206253441
0.3334403857400298
0.3413507901492919
0.01155978615366367
0.01192816127622552
0.01236171076199907
0.01265682258724705
0.05487015384539856
0.05661641903898291
0.05867150764848542
0.06007029896179552
0.1110221470992618
0.1145510316280037
0.1187036651008473
0.1215299440740062
0.1536493745178005
0.1585288162655028
0.1642704164547194
0.1681779564586949
0.01280059878331541
0.01304461714144502
0.01331158292042312
0.01347611848585964
0.06075175509678558
0.06190829321862998
0.06317353898117448
0.06395330343297781
0.1229067779107286
0.1252433948797156
0.1277995139695793
0.1293747717659662
0.1700814769018603
0.1733118508111839
0.1768455694091504
0.1790232297150049
0.01354941242652971
0.01365971359392071
0.01374985511038438
0.01377750282113769
0.06430065004932456
0.0648233691174355
0.06525054297735229
0.06538156145483993
0.1300764560864228
0.1311323985367658
0.1319953147519692
0.1322599763369616
0.1799932335053229
0.1814529426496748
0.1826457976558528
0.1830116487997747
0.2063703277713642
0.2080431692227065
0.2094101942001014
0.20982946459733
0.2553710694438233
0.2574394979824813
0.2591297709851289
0.2596481770296319
0.3181624805816243
0.3207372046807991
0.3228411949912056
0.3234864852028965
0.365265462912452
0.3682195758712973
0.3706335686236782
0.3713739287051302
0.1950111911639498
0.1987133281461869
0.2027630607618667
0.205258692784156
0.2413252410797889
0.2459031115740128
0.2509106972019595
0.2539965466321519
0.3006779199964619
0.3063766966332905
0.3126102479130595
0.3164514994741511
0.3452040164322573
0.3517427785836272
0.3588950322621698
0.3633023536392433
0.368547833513603
0.3755267746218804
0.3831604907157781
0.3878644926903376
0.4115631750368782
0.419353248103369
0.4278741914856683
0.4331249124937608
0.465991150065479
0.4748073425320398
0.4844506190912569
0.4903929038828799
0.5062782764135426
0.5158537156771876
0.5263274191333775
0.5327814000604855
0.3899597494809454
0.3931127294835121
0.3956892478679588
0.3964794622017188
0.4354636892096861
0.4389831138851935
0.4418590639665383
0.4427411061583053
0.4930397074073792
0.4970226502079135
0.5002773706180462
0.5012755830660485
0.5356561204800717
0.5399820255132597
0.5435169830900052
0.5446011316740044
0.5577897374991077
0.5622938765491015
0.5659745300219309
0.5671033873463323
0.5981774245797209
0.6030070915335204
0.6069537639917069
0.608164199331451
0.6484840779079749
0.6537193230411814
0.6579974349055082
0.6593095323580552
0.6850886895572321
0.6906189948106277
0.6951382059712495
0.6965242269583458
0.5272020199807148
0.537171741711358
0.5480767752565372
0.5547965934824578
0.5653800495679917
0.5760697860439703
0.5877625966704826
0.5949679713936937
0.6129327834869225
0.6245200115777179
0.6371946620165722
0.6450051108878032
0.6475336336589242
0.6597739704968365
0.6731629964841063
0.6814136467619374
0.4764747470043322
0.4915405936378976
0.5092655741075386
0.5213269147782247
0.5109911908847002
0.5271443159517556
0.5461486395630472
0.5590807218049555
0.5539803371001267
0.5714882929792696
0.5920871471099833
0.6061046380783548
0.5852589209666061
0.6037532866731383
0.6255130235320084
0.6403206146237911
0.3330393323230361
0.3435849678143144
0.3559922396335913
0.3644352051531092
0.371927409340405
0.3836988740331241
0.3975482750270067
0.4069725493170535
0.4211339218968439
0.4344561968745261
0.4501300781975772
0.4607958189769099
0.4575571742192582
0.4720271262480106
0.4890511296803883
0.5006355046062813
0.284753199365447
0.2984737807267085
0.3151937687725059
0.3270621017004569
0.3180264955430509
0.3333429772362166
0.3520072073101259
0.3652553383297655
0.360130807153592
0.3774657307435335
0.3985892256836038
0.4135828212113639
0.3912978829797796
0.410126548973987
0.4330701157903877
0.4493555217349936
0.407485752592164
0.4270902293757385
0.4509790523874123
0.4679352953010363
0.4370225884710709
0.4580423632823859
0.4836554941490068
0.5018354809783083
0.473810085273681
0.4965921902597906
0.524352626745844
0.5440568741187454
0.5005754968396982
0.5246397286453504
0.5539627543054925
0.5747765059613914
0.5143056806934129
0.5390276818046795
0.5691525803338541
0.5905358023539782
0.5390276818046685
0.5649344579510902
0.5965037412848915
0.6189125812857018
0.5691525803338345
0.596503741284889
0.6298337531484601
0.6534926617828645
0.5905358023539646
0.6189125812857079
0.6534926617828593
0.678039141618735
0.6013051203817568
0.6301984947667874
0.6654081666352354
0.6904017771602589
0.6203056988714446
0.6501105047847733
0.6864313130068282
0.7122144588081354
0.6426610008553758
0.6735383055976464
0.7111673733909718
0.7378806191948688
0.6578738190489165
0.6894812048837691
0.7280014218245245
0.7553483145079215
0.7029897766339599
0.7252005824972226
0.7513357687135384
0.7691227898826638
0.7252005824971519
0.7481143786406849
0.7750771367569199
0.7934273771171886
0.7513357687133974
0.7750771367568637
0.8030138447157736
0.8220274632068475
0.7691227898825003
0.7934273771171244
0.8220274632068598
0.8414937690488724
0.6013051203817551
0.6203056988713949
0.6426610008553089
0.6578738190489326
0.630198494766769
0.6501105047847727
0.6735383055977746
0.6894812048840622
0.6654081666352526
0.6864313130069247
0.7111673733912267
0.7280014218248806
0.6904017771602856
0.7122144588082439
0.7378806191950756
0.7553483145081615
0.6652842033185036
0.6778594985528107
0.6916150225561829
0.7000916273260607
0.6972473593002375
0.7104267253622286
0.7248435670821525
0.7337280320645986
0.7362020212277659
0.7501190554834738
0.7653433346289904
0.7747255504867286
0.7638577498365552
0.778298889355456
0.7940964102028095
0.8038317775834745
0.7038673601116257
0.7095492487821534
0.7141924286977789
0.715616525085161
0.7376855339364601
0.7436410337293035
0.748507863982812
0.750000541751263
0.7789047657735868
0.7851939096437148
0.7903333889954839
0.7919097040780153
0.8081682566535989
0.8146940611439561
0.8200269105960893
0.8216624903421568
0.8229075116857781
0.8295528275036479
0.8349835623528906
0.836649285416968
0.8489193813484442
0.8557769085498694
0.8613813053085233
0.863100290069902
0.8795370972347335
0.8866449230551325
0.8924538585473576
0.8942356037929744
0.9003803156816396
0.9076582634793605
0.9136063197339431
0.9154306995059061
0.7777877126336917
0.7924925712279449
0.8085785048661618
0.8184917191596722
0.8023665977788119
0.8175373759416283
0.8341339874037625
0.8443627355200392
0.8312902645227684
0.8470115282974738
0.8642122297996767
0.8748141212532192
0.8509778264169
0.8670754004839819
0.8846883900780974
0.8955443316509268
0.8605701577666324
0.8768513533735102
0.8946647714696401
0.905644078332204
0.8768513533735566
0.8934434796130701
0.9115978603983275
0.9227898025337148
0.8946647714696803
0.9115978603983188
0.9301327560419346
0.9415693699996063
0.9056440783321907
0.922789802533672
0.9415693699995905
0.9531709382913569
0.9105350878129524
0.9178966495389744
0.9239141317345316
0.9257602756413594
0.9277771536712626
0.9352867370226489
0.9414287072320382
0.9433138461520973
0.946670673490377
0.9543597833882477
0.9606587048100207
0.9625949362531935
0.9583520144800405
0.9661742014588168
0.9725994684612306
0.9745792671884578
0.9635726405529703
0.971465659025893
0.9779654162247776
0.9799739665546331
0.9714656590259034
0.9794989874845204
0.9861572823026298
0.9882264324428744
0.9779654162247546
0.9861572823026292
0.9930010898814915
0.9951442629417377
0.9799739665545893
0.9882264324428981
0.995144262941754
0.9973382451822891
0.9105350878129083
0.9277771536712051
0.9466706734903682
0.9583520144800552
0.917896649538911
0.9352867370226007
0.9543597833882836
0.9661742014588569
0.9239141317344548
0.941428707232026
0.9606587048101314
0.9725994684612644
0.9257602756412491
0.9433138461520905
0.9625949362533488
0.9745792671884652
0.8229075116858756
0.8489193813487717
0.8795370972349842
0.9003803156816776
0.829552827503829
0.8557769085502277
0.8866449230553283
0.9076582634793515
0.834983562353142
0.8613813053089219
0.892453858547515
0.9136063197338999
0.8366492854172557
0.8631002900703333
0.8942356037931395
0.9154306995058603
0.7777877126335287
0.8023665977787612
0.8312902645228148
0.8509778264169391
0.7924925712278084
0.8175373759416579
0.8470115282976105
0.8670754004840823
0.8085785048661092
0.8341339874039504
0.8642122297999163
0.8846883900782153
0.8184917191597132
0.8443627355203364
0.8748141212534897
0.8955443316510012
0.6652842033184034
0.6972473592998593
0.7362020212273874
0.7638577498363185
0.6778594985525713
0.7104267253617552
0.7501190554830724
0.7782988893552246
0.6916150225557862
0.7248435670816021
0.7653433346285653
0.7940964102026
0.7000916273255512
0.7337280320639993
0.7747255504862995
0.8038317775833127
0.7038673601110538
0.7376855339358283
0.7789047657731607
0.8081682566534785
0.7095492487814704
0.7436410337285972
0.7851939096432862
0.8146940611439032
0.7141924286969773
0.7485078639819915
0.7903333889950379
0.8200269105960919
0.7156165250842896
0.7500005417503424
0.7919097040775442
0.8216624903421792
0.5577897374990803
0.5981774245798163
0.6484840779081478
0.685088689556958
0.5622938765490958
0.6030070915336537
0.6537193230413402
0.6906189948102566
0.5659745300219619
0.6069537639918987
0.6579974349056338
0.6951382059707618
0.5671033873463855
0.608164199331666
0.6593095323581434
0.6965242269577981
0.3899597494817924
0.4354636892101557
0.4930397074075872
0.5356561204801172
0.3931127294843778
0.4389831138856373
0.4970226502081282
0.5399820255133214
0.39568924786884
0.4418590639669691
0.5002773706182847
0.5435169830900899
0.3964794622026089
0.442741106158737
0.501275583066307
0.5446011316741188
0.3685478335143013
0.4115631750373577
0.4659911500657256
0.5062782764135736
0.3755267746226219
0.4193532481038666
0.4748073425322689
0.5158537156771904
0.3831604907165732
0.4278741914861713
0.4844506190914697
0.5263274191333794
0.3878644926911692
0.433124912494248
0.4903929038830885
0.5327814000605141
0.5272020199806028
0.5653800495678851
0.6129327834870678
0.647533633659041
0.5371717417112475
0.5760697860439326
0.6245200115778958
0.6597739704968582
0.548076775256469
0.5877625966705352
0.6371946620167509
0.6731629964839834
0.5547965934824219
0.5949679713937823
0.6450051108879773
0.6814136467617115
0.4764747470044071
0.5109911908847029
0.5539803371000851
0.5852589209665782
0.491540593637953
0.5271443159517072
0.5714882929792313
0.6037532866731665
0.5092655741075186
0.5461486395629355
0.5920871471100025
0.6255130235321297
0.5213269147781368
0.5590807218048295
0.6061046380784562
0.640320614623936
0.4074857525922644
0.437022588471117
0.4738100852737071
0.5005754968397057
0.4270902293758249
0.4580423632824399
0.4965921902598112
0.5246397286453436
0.4509790523874925
0.4836554941490529
0.5243526267458347
0.553962754305463
0.4679352953011106
0.5018354809783306
0.5440568741187131
0.574776505961356
0.2847531993655585
0.3180264955432934
0.3601308071538702
0.3912978829799546
0.2984737807269201
0.3333429772365717
0.3774657307438289
0.4101265489741305
0.3151937687728804
0.3520072073105812
0.3985892256838625
0.4330701157904891
0.327062101700942
0.365255338330241
0.4135828212115865
0.44935552173508
0.3330393323235643
0.3719274093408746
0.4211339218970587
0.4575571742193535
0.3435849678149021
0.3836988740335883
0.4344561968747529
0.4720271262481229
0.3559922396342331
0.3975482750274666
0.4501300781978314
0.4890511296804867
0.3644352051537861
0.4069725493175217
0.4607958189771665
0.5006355046063391
0.1761786125821156
0.2180364351830389
0.2716846015575364
0.3119355540786433
0.1817710004011985
0.2249523663810749
0.2802949514543742
0.3218158206258419
0.1883513699795816
0.2330898264050494
0.2904256893744894
0.3334403857406458
0.1928296599725405
0.2386276312057266
0.2973197276144589
0.3413507901499844
0.1505803626425047
0.1863769261633556
0.2322642001261094
0.2666976645696971
0.1578527439208165
0.1953718115143372
0.243464776445217
0.2795517683081827
0.1667164395464995
0.206334353602551
0.2571147345507619
0.2952162096546919
0.1730091328569109
0.2141167407133398
0.2668044276314985
0.3063355003926455
0.009874575149632976
0.04688017525319594
0.09487256481852613
0.131315936313964
0.01035317473200757
0.04914954669928653
0.09946003831877627
0.1376605441986081
0.01093667584364118
0.05191609376958566
0.1050519450467916
0.1453937294505116
0.01135104302607932
0.0538805710808813
0.1090222669668813
0.1508840025150693
0.01155978615355943
0.05487015384549426
0.1110221470996747
0.1536493745182039
0.01192816127611975
0.05661641903908739
0.1145510316284403
0.1585288162658984
0.01236171076189166
0.05867150764859898
0.1187036651013084
0.1642704164550929
0.01265682258713852
0.06007029896191481
0.1215299440744843
0.1681779564590476
0.01280059878320632
0.0607517550969074
0.1229067779112157
0.1700814769022031
0.01304461714133522
0.06190829321875596
0.1252433948802192
0.1733118508115107
0.01331158292031272
0.06317353898130491
0.1277995139701019
0.1768455694094548
0.01347611848574879
0.06395330343311026
0.1293747717664988
0.1790232297152875
0.1950111911640525
0.2413252410798576
0.3006779199968952
0.3452040164329848
0.1987133281462631
0.2459031115741095
0.3063766966338
0.3517427785844159
0.2027630607619161
0.2509106972021039
0.312610247913657
0.3588950322630376
0.2052586927841883
0.2539965466323331
0.3164514994748113
0.3633023536401739
0.2063703277713899
0.2553710694440225
0.3181624805823188
0.3652654629134167
0.2080431692227327
0.2574394979827081
0.3207372046815573
0.3682195758723232
0.2094101942001405
0.259129770985379
0.3228411949920332
0.3706335686247722
0.2098294645973807
0.259648177029895
0.3234864852037624
0.3713739287062595
0.01354941242641864
0.0643006500494578
0.1300764560869574
0.179993233505593
0.01365971359380941
0.06482336911757001
0.1311323985372994
0.1814529426499265
0.01374985511027288
0.06525054297748588
0.1319953147525006
0.1826457976560907
0.01377750282102617
0.06538156145497002
0.1322599763374951
0.1830116488000133
0.01377750282102682
0.0653815614549684
0.1322599763374927
0.1830116488000189
0.01374985511027577
0.06525054297747954
0.1319953147524868
0.1826457976561157
0.01365971359381497
0.06482336911755937
0.1311323985372667
0.181452942649968
0.01354941242642621
0.06430065004944398
0.1300764560869086
0.179993233505635
0.01347611848575754
0.06395330343309498
0.1293747717664417
0.1790232297153253
0.01331158292032437
0.06317353898128809
0.1277995139700291
0.1768455694094839
0.01304461714135119
0.06190829321873716
0.125243394880124
0.1733118508115221
0.01280059878322521
0.06075175509688666
0.122906777911103
0.1700814769021931
0.2052586927843124
0.253996546632494
0.3164514994750178
0.3633023536404443
0.2027630607620595
0.2509106972023345
0.3126102479139348
0.358895032263383
0.1987133281464209
0.2459031115744313
0.3063766966341843
0.3517427785848545
0.195011191164209
0.2413252410802357
0.3006779199973665
0.3452040164334975
0.2098294645973892
0.2596481770299072
0.3234864852037798
0.371373928706274
0.2094101942001812
0.2591297709854303
0.3228411949921037
0.3706335686248435
0.2080431692228139
0.2574394979828039
0.3207372046816833
0.3682195758724768
0.2063703277715006
0.2553710694441555
0.318162480582493
0.3652654629136441
0.3964794622026134
0.4427411061587384
0.501275583066317
0.5446011316741233
0.3956892478688666
0.4418590639669684
0.5002773706183259
0.5435169830901049
0.3931127294844495
0.4389831138856229
0.4970226502081967
0.5399820255133502
0.3899597494819159
0.4354636892101291
0.4930397074076671
0.5356561204801714
0.5671033873463807
0.6081641993316578
0.6593095323581275
0.6965242269577905
0.5659745300219399
0.606953763991857
0.6579974349055725
0.6951382059707265
0.5622938765490606
0.6030070915335645
0.6537193230412377
0.6906189948101924
0.5577897374990476
0.5981774245796901
0.6484840779080141
0.6850886895568824
0.554796593482397
0.5949679713936353
0.6450051108878164
0.681413646761632
0.5480767752564757
0.5877625966703695
0.6371946620165339
0.6731629964838864
0.537171741711311
0.576069786043789
0.6245200115776249
0.6597739704967134
0.5272020199807057
0.5653800495677846
0.6129327834867723
0.6475336336588341
0.3878644926913307
0.4331249124942252
0.4903929038831679
0.5327814000605882
0.3831604907168181
0.4278741914861929
0.4844506190915409
0.5263274191334778
0.3755267746229835
0.4193532481039857
0.4748073425323385
0.5158537156773032
0.3685478335147559
0.4115631750375743
0.4659911500658097
0.5062782764136899
0.3644352051542881
0.406972549317796
0.4607958189772641
0.500635504606455
0.3559922396348259
0.397548275027854
0.4501300781979783
0.4890511296806078
0.3435849678156274
0.3836988740341323
0.4344561968750095
0.4720271262482778
0.3330393323244003
0.3719274093415468
0.4211339218974198
0.4575571742195608
0.5213269147782553
0.5590807218047551
0.6061046380781574
0.6403206146236957
0.5092655741076623
0.5461486395629189
0.5920871471097191
0.6255130235318308
0.4915405936381289
0.5271443159517814
0.5714882929790164
0.60375328667281
0.476474747004614
0.510991190884843
0.5539803370999739
0.5852589209662398
0.4679352953013375
0.5018354809785029
0.5440568741186765
0.57477650596107
0.4509790523877706
0.4836554941492829
0.524352626745942
0.5539627543053477
0.4270902293762228
0.4580423632827495
0.4965921902600802
0.5246397286454976
0.4074857525928139
0.4370225884715108
0.4738100852740519
0.500575496840033
0.3270621017018359
0.3652553383309808
0.413582821212009
0.4493555217353249
0.315193768773878
0.3520072073114567
0.3985892256844206
0.433070115790824
0.2984737807280296
0.3333429772376396
0.3774657307446046
0.4101265489746383
0.284753199366709
0.3180264955444996
0.3601308071548498
0.3912978829806512
0.173009132856871
0.2141167407136955
0.2668044276322848
0.3063355003935589
0.1667164395464076
0.2063343536028417
0.2571147345515497
0.2952162096556808
0.1578527439206622
0.1953718115145204
0.2434647764459537
0.2795517683092218
0.1505803626423095
0.1863769261634456
0.2322642001267611
0.2666976645707186
0.1928296599726893
0.2386276312061258
0.2973197276149782
0.3413507901505375
0.1883513699796967
0.2330898264054714
0.2904256893750994
0.3334403857412834
0.1817710004012462
0.2249523663814919
0.2802949514550873
0.3218158206266057
0.1761786125821051
0.2180364351834223
0.2716846015583063
0.3119355540795073
0.01265682258715843
0.06007029896189414
0.121529944074363
0.168177956459022
0.01236171076191326
0.05867150764858266
0.1187036651011756
0.1642704164550305
0.01192816127614379
0.0566164190390791
0.1145510316282997
0.1585288162657837
0.0115597861535853
0.05487015384549244
0.1110221470995333
0.1536493745180546
0.01135104302610598
0.05388057108088352
0.1090222669667418
0.1508840025149059
0.01093667584366959
0.05191609376959622
0.1050519450466583
0.1453937294503268
0.01035317473203882
0.0491495466993074
0.09946003831865322
0.1376605441984038
0.009874575149666344
0.04688017525322538
0.0948725648184129
0.1313159363137501
0.009608873536398209
0.04562022533171788
0.09232541985021199
0.1277929734741802
0.009091148766762076
0.04316503428961398
0.08736155442285069
0.1209270460107556
0.008380084005737037
0.03979264088672076
0.08054245909459343
0.1114941466746839
0.007809624157101151
0.03708682123338129
0.07507048982238475
0.1039240148919363
0.1465421318265508
0.1813820283322538
0.2260442201666749
0.2595592286961196
0.1386717702524831
0.1716467472488817
0.2139206703062769
0.2456450659645694
0.1278584083333431
0.1582701645757252
0.1972613276190705
0.2265242583418244
0.119179988866977
0.1475337508825594
0.1838890058934776
0.2111753382145518
0.1144252145137127
0.1416510969916337
0.1765616653076011
0.2027646109559944
0.1052740283342079
0.1303284474718604
0.1624574188993913
0.1865743126156079
0.09291929178165713
0.1150405487060122
0.1434116913092512
0.1647101477908586
0.08316291291889531
0.1029665945624957
0.1283680551744849
0.1474389342580984
0.007497159750195712
0.03560462658832814
0.07207278469668717
0.09977660047234585
0.006895945046661718
0.03275251562661704
0.06630391939798634
0.09179465378843676
0.006084605975938113
0.02890315069758001
0.05851682635877831
0.08101908845148689
0.005444181046463409
0.02586431909979083
0.05236849631366611
0.07251026211356063
0.005096947648353467
0.02421655363399425
0.04903430973066882
0.0678956515946218
0.00443532208423615
0.02107660411432288
0.04268008984185157
0.05910055165103301
0.003554856848323425
0.01689754151516562
0.03422169912655739
0.0473916104868233
0.002869055700817374
0.01364200265135739
0.02763143253942221
0.03826760420448258
0.002500387057862145
0.01189174863748332
0.02408795373513496
0.03336136803885522
0.001803757440046949
0.008584198785700563
0.01739089098029813
0.02408795373516168
0.000887988827528458
0.004235510022140917
0.008584198785741563
0.011891748637551
0.0001831822332980262
0.0008879888275694427
0.001803757440122883
0.002500387057957863
0.03826760420449236
0.04739161048683624
0.05910055165101789
0.06789565159455875
0.02763143253946045
0.03422169912660885
0.04268008984190238
0.04903430973070256
0.01364200265143868
0.01689754151526997
0.0210766041144526
0.02421655363413971
0.00286905570092297
0.003554856848445966
0.004435322084378825
0.005096947648510778
0.07787150273420418
0.09641774853658773
0.1202077414964492
0.1380697298082107
0.06778606792196289
0.08393468682170083
0.1046514978874619
0.120207741496381
0.05435847430444072
0.06731299926416145
0.08393468682164933
0.09641774853646316
0.0438945781703023
0.05435847430444027
0.06778606792192179
0.07787150273410122
0.1474389342580634
0.1647101477907965
0.1865743126155952
0.2027646109560749
0.1283680551743773
0.1434116913090924
0.1624574188992294
0.1765616653074991
0.1029665945623237
0.1150405487057527
0.1303284474715109
0.1416510969912546
0.08316291291874885
0.09291929178141525
0.1052740283338313
0.1144252145132398
0.07251026211346223
0.08101908845130502
0.09179465378812271
0.09977660047192209
0.05236849631368469
0.05851682635875631
0.06630391939788788
0.07207278469651499
0.02586431909994361
0.02890315069774324
0.0327525156267864
0.0356046265884969
0.00544418104662848
0.006084605976117373
0.00689594504685863
0.007497159750405667
0.1039240148914531
0.1114941466740995
0.1209270460100693
0.1277929734734421
0.07507048982216893
0.08054245909428877
0.08736155442242388
0.09232541984969431
0.03708682123354781
0.03979264088687904
0.0431650342897538
0.04562022533183731
0.007809624157317847
0.008380084005966119
0.009091148767007142
0.009608873536655361
0.2111753382146956
0.2265242583420919
0.2456450659650051
0.2595592286966817
0.1838890058934302
0.1972613276191457
0.2139206703065366
0.226044220167079
0.1475337508821862
0.1582701645754032
0.1716467472486828
0.1813820283321784
0.1191799888664602
0.1278584083327735
0.1386717702519004
0.146542131825995
0.3099479813124498
0.3324408915738095
0.3604566911701914
0.3808408979571975
0.285237104882516
0.3059442625331715
0.3317366262089979
0.3505034539028273
0.2518584986749909
0.2701520008251416
0.2929392449814068
0.3095202608052912
0.2254849401145336
0.2418699232861121
0.2622808540822045
0.2771334473578791
0.2165063190777197
0.2418336941855496
0.2738891336857734
0.2976210526028116
0.1992225247790628
0.2225353300012287
0.2520426149267218
0.2738891336858503
0.1758808995774014
0.1964715647413204
0.2225353300012931
0.2418336941856996
0.1574419091162328
0.1758808995773796
0.1992225247791013
0.2165063190778502
0.2771334473573132
0.3095202608048126
0.3505034539025843
0.3808408979571173
0.2622808540817519
0.2929392449809878
0.3317366262087392
0.3604566911700771
0.2418699232858142
0.2701520008248469
0.3059442625329723
0.3324408915737078
0.2254849401143472
0.2518584986747942
0.2852371048823969
0.3099479813124084
0.3965978806590483
0.4253485968282931
0.4611572096859653
0.4872105527422086
0.375373715482505
0.4025919342611166
0.4364921388825723
0.4611572096859911
0.3462033316253796
0.3713150406057629
0.4025919342611289
0.4253485968283143
0.3227831985387018
0.3462033316254319
0.3753737154825624
0.3965978806590867
0.5005754968400693
0.5246397286455569
0.5539627543053539
0.5747765059610088
0.473810085274111
0.4965921902601867
0.5243526267460448
0.5440568741187105
0.4370225884715499
0.4580423632828511
0.4836554941494699
0.5018354809787116
0.4074857525928435
0.4270902293762762
0.4509790523879129
0.4679352953015624
0.585258920966153
0.6037532866727148
0.6255130235317612
0.6403206146236581
0.5539803370999503
0.5714882929789167
0.5920871471095724
0.6061046380780017
0.5109911908850292
0.5271443159518833
0.5461486395628838
0.5590807218046212
0.4764747470048746
0.491540593638398
0.5092655741078626
0.5213269147783746
0.4575571742197502
0.4720271262485359
0.4890511296808934
0.500635504606727
0.4211339218975076
0.4344561968751425
0.4501300781981789
0.4607958189775072
0.3719274093418171
0.3836988740343452
0.3975482750280337
0.406972549317964
0.3330393323250888
0.3435849678162691
0.3559922396353797
0.3644352051547595
0.3912978829807038
0.4101265489746701
0.4330701157908904
0.4493555217354625
0.3601308071550613
0.3774657307447561
0.3985892256845099
0.4135828212120841
0.3180264955449877
0.33334297723811
0.3520072073118539
0.3652553383312969
0.2847531993673285
0.2984737807287192
0.3151937687746008
0.327062101702543
0.2666976645713465
0.2795517683099602
0.2952162096565281
0.3063355003944607
0.2322642001272407
0.2434647764465813
0.2571147345523646
0.2668044276332268
0.1863769261634412
0.1953718115146597
0.2063343536031813
0.2141167407141861
0.1505803626417783
0.1578527439201938
0.16671643954605
0.1730091328566143
0.1313159363129941
0.1376605441976295
0.1453937294495562
0.1508840025141556
0.09487256481785025
0.09946003831801123
0.1050519450459202
0.1090222669659351
0.0468801752533315
0.04914954669938676
0.05191609376963967
0.05388057108089951
0.009874575149929687
0.01035317473231304
0.01093667584395681
0.01135104302640195
0.1536493745173197
0.1585288162650816
0.1642704164543818
0.1681779564584244
0.1110221470986914
0.1145510316273932
0.1187036651001899
0.1215299440733222
0.05487015384549395
0.05661641903905541
0.05867150764852968
0.06007029896181995
0.01155978615388535
0.01192816127645132
0.01236171076223035
0.01265682258748234
0.3119355540804319
0.3218158206275591
0.3334403857422294
0.341350790151444
0.2716846015593105
0.280294951456216
0.2904256893763824
0.2973197276163574
0.2180364351839879
0.2249523663821956
0.233089826406354
0.2386276312071414
0.176178612581904
0.1817710004011491
0.188351369979742
0.1928296599728506
0.3452040164343721
0.3517427785856563
0.3588950322640786
0.3633023536410647
0.3006779199987842
0.3063766966356627
0.3126102479154778
0.3164514994765983
0.2413252410813177
0.2459031115756277
0.2509106972036621
0.2539965466339032
0.1950111911644355
0.1987133281467719
0.2027630607625625
0.2052586927849124
0.1700814769016255
0.173311850811013
0.176845569409054
0.1790232297149535
0.1229067779100337
0.125243394878997
0.1277995139688282
0.1293747717651909
0.0607517550968007
0.06190829321863044
0.06317353898115824
0.06395330343294917
0.0128005987835526
0.01304461714168527
0.01331158292066671
0.0134761184861054
0.1799932335052906
0.1814529426496684
0.1826457976558586
0.1830116487997756
0.1300764560856366
0.1311323985359646
0.1319953147511536
0.1322599763361383
0.06430065004928989
0.06482336911739192
0.06525054297730026
0.06538156145478487
0.01354941242677652
0.01365971359416921
0.01374985511063426
0.01377750282138794
0.3652654629142304
0.3682195758730019
0.3706335686253089
0.3713739287067253
0.3181624805840836
0.3207372046832692
0.3228411949936737
0.3234864852053483
0.2553710694455961
0.2574394979842877
0.2591297709869558
0.2596481770314538
0.2063703277721407
0.2080431692235048
0.2094101942009064
0.2098294645981263
0.5356561204803194
0.5399820255135116
0.5435169830902886
0.5446011316743246
0.4930397074079596
0.4970226502084993
0.500277370618651
0.501275583066666
0.4354636892103536
0.4389831138858571
0.4418590639672107
0.4427411061589808
0.3899597494820449
0.3931127294845508
0.3956892478689582
0.3964794622027036
0.5062782764139493
0.5158537156775271
0.526327419133647
0.5327814000607342
0.4659911500660724
0.4748073425326311
0.4844506190918451
0.4903929038834633
0.4115631750377357
0.4193532481041482
0.4278741914863799
0.4331249124944394
0.3685478335151778
0.3755267746233096
0.3831604907170332
0.3878644926914837
0.6475336336588103
0.6597739704967288
0.6731629964839879
0.6814136467618148
0.6129327834866199
0.6245200115774948
0.6371946620164376
0.645005110887731
0.5653800495676072
0.5760697860435541
0.5877625966700843
0.5949679713933069
0.52720201998078
0.5371717417113079
0.5480767752563994
0.5547965934822934
0.6850886895571111
0.6906189948104947
0.6951382059710918
0.6965242269581789
0.6484840779079316
0.6537193230411816
0.6579974349055602
0.6593095323581445
0.5981774245793313
0.6030070915331334
0.6069537639913263
0.6081641993310734
0.5577897374989395
0.5622938765489289
0.5659745300217649
0.5671033873461849
0.8081682566529595
0.8146940611434118
0.8200269105955872
0.8216624903416414
0.7789047657727521
0.7851939096428738
0.790333388994626
0.7919097040771594
0.7376855339359564
0.7436410337287884
0.7485078639822955
0.7500005417507493
0.7038673601113383
0.7095492487818389
0.7141924286974417
0.7156165250848294
0.9003803156816553
0.9076582634791973
0.913606319733653
0.9154306995055959
0.8795370972351906
0.8866449230554739
0.892453858547583
0.8942356037931665
0.8489193813487871
0.8557769085502808
0.8613813053089252
0.8631002900702668
0.8229075116855364
0.8295528275035575
0.8349835623528642
0.836649285416909
0.8509778264171869
0.8670754004844684
0.8846883900784802
0.8955443316510742
0.831290264522633
0.8470115282977013
0.8642122298001691
0.8748141212537317
0.8023665977780795
0.8175373759411848
0.8341339874037506
0.8443627355202963
0.7777877126327616
0.7924925712270906
0.8085785048655521
0.8184917191593062
0.7638577498356867
0.7782988893545626
0.7940964102019797
0.8038317775827594
0.7362020212270877
0.7501190554827191
0.7653433346281687
0.7747255504858904
0.6972473592998514
0.7104267253617751
0.7248435670816598
0.7337280320640998
0.6652842033183513
0.6778594985526045
0.6916150225559313
0.7000916273257857
0.6904017771601146
0.712214458807823
0.7378806191943782
0.7553483145073306
0.6654081666351732
0.6864313130067314
0.7111673733907788
0.7280014218242575
0.6301984947665314
0.6501105047846537
0.6735383055976076
0.6894812048837499
0.6013051203813231
0.6203056988711114
0.6426610008551902
0.6578738190488235
0.590535802353568
0.6189125812853733
0.6534926617827679
0.6780391416186766
0.5691525803335478
0.5965037412844857
0.6298337531482018
0.6534926617827638
0.5390276818046782
0.5649344579508323
0.5965037412844698
0.6189125812853512
0.514305680693681
0.5390276818047008
0.5691525803335293
0.5905358023535159
0.6578738190488149
0.6894812048836438
0.7280014218240296
0.7553483145071853
0.6426610008552056
0.6735383055975591
0.7111673733906435
0.7378806191942439
0.6203056988711513
0.6501105047846537
0.6864313130066994
0.7122144588077675
0.601305120381376
0.6301984947665481
0.6654081666351759
0.6904017771601096
0.7691227898817342
0.7934273771164629
0.8220274632065609
0.8414937690489469
0.7513357687126475
0.7750771367560577
0.8030138447151443
0.8220274632065023
0.7252005824966017
0.7481143786399138
0.7750771367560422
0.7934273771163639
0.702989776633648
0.7252005824966465
0.7513357687127199
0.769122789881748
0.8184917191595995
0.8443627355204043
0.8748141212537069
0.8955443316510869
0.8085785048658285
0.8341339874039051
0.8642122298001601
0.8846883900784599
0.7924925712272728
0.8175373759413735
0.8470115282977453
0.8670754004844402
0.7777877126328209
0.8023665977782348
0.8312902645227059
0.8509778264171827
0.7000916273253811
0.7337280320635566
0.7747255504858511
0.803831777583079
0.6916150225556612
0.7248435670812018
0.7653433346280193
0.7940964102021941
0.6778594985524966
0.7104267253614807
0.7501190554824592
0.778298889354589
0.6652842033183243
0.6972473592996928
0.7362020212268209
0.7638577498355802
0.7156165250842693
0.7500005417503105
0.7919097040775156
0.8216624903421804
0.7141924286968916
0.7485078639818287
0.7903333889949075
0.820026910596077
0.7095492487813242
0.7436410337282667
0.7851939096430202
0.8146940611438197
0.7038673601108799
0.7376855339354037
0.7789047657727749
0.8081682566533088
0.8366492854172652
0.8631002900703346
0.8942356037931453
0.9154306995058445
0.8349835623531767
0.8613813053089763
0.8924538585475592
0.9136063197338369
0.8295528275038491
0.8557769085503655
0.8866449230554477
0.9076582634792866
0.8229075116858259
0.8489193813488878
0.8795370972351675
0.9003803156816896
0.925760275641222
0.9433138461520818
0.9625949362533672
0.9745792671884801
0.9239141317343371
0.9414287072319625
0.9606587048101968
0.9725994684613604
0.9178966495387335
0.9352867370224343
0.9543597833883165
0.9661742014590314
0.9105350878127625
0.9277771536709587
0.9466706734902643
0.9583520144801826
0.9056440783320947
0.9227898025333847
0.9415693699993624
0.953170938291369
0.8946647714697716
0.9115978603981139
0.9301327560415642
0.9415693699993342
0.8768513533739162
0.8934434796132078
0.9115978603980741
0.922789802533284
0.8605701577670294
0.8768513533739288
0.8946647714697489
0.9056440783320171
0.9583520144801999
0.9661742014591068
0.972599468461549
0.9745792671887727
0.9466706734902373
0.9543597833883158
0.9606587048102639
0.9625949362535084
0.9277771536708251
0.9352867370222701
0.9414287072317897
0.9433138461519085
0.9105350878126496
0.917896649538547
0.9239141317340617
0.9257602756409101
0.9799739665545879
0.9882264324428877
0.9951442629417623
0.9973382451823113
0.9779654162248099
0.9861572823026256
0.9930010898814768
0.9951442629417392
0.9714656590260853
0.9794989874846227
0.9861572823026112
0.9882264324428178
0.9635726405531944
0.9714656590261342
0.9779654162249308
0.9799739665547311
0.9973382451823269
0.9951442629416865
0.9882264324426713
0.9799739665545872
0.995144262941726
0.993001089881365
0.9861572823024838
0.9779654162249359
0.9882264324427872
0.9861572823025549
0.9794989874847223
0.9714656590264229
0.979973966554729
0.9779654162250114
0.9714656590264169
0.9635726405535815
0.9745792671887948
0.9725994684616907
0.9661742014593969
0.9583520144805026
0.9625949362535375
0.9606587048103863
0.9543597833884926
0.9466706734903779
0.9433138461519229
0.9414287072318419
0.9352867370223408
0.9277771536708967
0.9257602756409163
0.9239141317341006
0.9178966495386253
0.9105350878127306
0.9531709382916166
0.9415693699994869
0.9227898025333808
0.9056440783320505
0.9415693699994333
0.9301327560416203
0.9115978603981033
0.8946647714696379
0.9227898025333565
0.9115978603981052
0.8934434796130839
0.876851353373608
0.9056440783320737
0.8946647714696865
0.8768513533736436
0.8605701577665757
0.9745792671887934
0.9625949362537987
0.943313846152126
0.9257602756410921
0.9725994684617261
0.9606587048105906
0.9414287072320027
0.9239141317342356
0.9661742014594685
0.9543597833886365
0.9352867370224381
0.9178966495386808
0.9583520144805516
0.9466706734904711
0.9277771536709443
0.910535087812731
0.9154306995057673
0.8942356037929861
0.8631002900698365
0.8366492854166475
0.9136063197337873
0.8924538585473787
0.8613813053084459
0.8349835623525577
0.9076582634792555
0.8866449230551835
0.85577690854977
0.8295528275032481
0.9003803156816138
0.8795370972348002
0.8489193813482803
0.8229075116852619
0.8216624903416299
0.7919097040775848
0.7500005417516803
0.7156165250860189
0.8200269105955339
0.7903333889950436
0.7485078639832548
0.7141924286986479
0.8146940611433473
0.7851939096433176
0.743641033729824
0.7095492487830499
0.8081682566529307
0.7789047657732774
0.7376855339370586
0.7038673601125114
0.8038317775827698
0.7747255504864854
0.7337280320652353
0.7000916273269157
0.7940964102021372
0.7653433346289301
0.7248435670828309
0.6916150225569365
0.778298889355027
0.7501190554837103
0.7104267253628956
0.677859498553387
0.763857749836435
0.7362020212281998
0.6972473593008311
0.6652842033189429
0.8955443316509549
0.8748141212532947
0.8443627355198051
0.8184917191590598
0.8846883900782058
0.8642122297996704
0.8341339874032947
0.8085785048654042
0.8670754004840143
0.8470115282971385
0.8175373759408295
0.7924925712271876
0.8509778264166266
0.831290264522057
0.8023665977779018
0.7777877126331456
0.841493769048323
0.8220274632059394
0.7934273771163314
0.769122789882324
0.8220274632059386
0.803013844714809
0.7750771367564079
0.7513357687136208
0.79342737711623
0.7750771367563254
0.748114378640804
0.7252005824977168
0.7691227898821101
0.7513357687134522
0.7252005824976453
0.7029897766345224
0.7553483145082367
0.7280014218253889
0.6894812048846071
0.6578738190493141
0.7378806191954523
0.7111673733917909
0.6735383055982004
0.6426610008555431
0.7122144588087969
0.6864313130073865
0.6501105047849594
0.6203056988713928
0.69040177716076
0.6654081666355066
0.6301984947667476
0.6013051203816211
0.6780391416190841
0.6534926617829705
0.6189125812855863
0.5905358023538233
0.6534926617829185
0.6298337531483416
0.5965037412847176
0.5691525803337611
0.6189125812854693
0.5965037412846671
0.5649344579510265
0.5390276818047843
0.5905358023537185
0.5691525803337381
0.5390276818048032
0.5143056806937055
0.7553483145079604
0.7378806191952493
0.7122144588087074
0.6904017771607401
0.7280014218250584
0.7111673733915586
0.6864313130072596
0.6654081666354347
0.6894812048842747
0.673538305597928
0.6501105047847481
0.630198494766593
0.6578738190489432
0.6426610008551958
0.6203056988711275
0.6013051203814558
0.8038317775825428
0.7940964102018738
0.7782988893547236
0.7638577498361353
0.7747255504860269
0.7653433346284597
0.7501190554832635
0.7362020212278164
0.7337280320644802
0.7248435670821634
0.7104267253623889
0.697247359300449
0.7000916273261439
0.6916150225563312
0.6778594985529514
0.6652842033185689
0.8955443316510415
0.8846883900783089
0.867075400484083
0.8509778264166523
0.8748141212535071
0.8642122297998285
0.8470115282972086
0.8312902645220767
0.8443627355199677
0.8341339874033453
0.8175373759407778
0.8023665977778103
0.8184917191589745
0.8085785048652536
0.7924925712269805
0.7777877126329257
0.9154306995056029
0.9136063197336919
0.9076582634792545
0.9003803156816738
0.8942356037931615
0.8924538585475545
0.8866449230553874
0.8795370972350209
0.8631002900702364
0.8613813053088006
0.8557769085500631
0.848919381348502
0.836649285416876
0.8349835623527172
0.8295528275032936
0.8229075116852183
0.821662490341621
0.8200269105954804
0.8146940611432059
0.8081682566527247
0.7919097040771634
0.7903333889946337
0.7851939096428967
0.7789047657728324
0.7500005417507709
0.7485078639823988
0.7436410337290066
0.7376855339362759
0.7156165250848521
0.714192428697553
0.7095492487820676
0.7038673601116529
0.696524226958198
0.6951382059711874
0.6906189948106811
0.6850886895573399
0.6593095323581618
0.6579974349056287
0.6537193230412737
0.648484077907999
0.6081641993310746
0.6069537639913269
0.6030070915331296
0.5981774245793293
0.567103387346185
0.565974530021772
0.5622938765489655
0.5577897374990199
0.681413646762054
0.6731629964842029
0.6597739704968419
0.6475336336588267
0.645005110887772
0.6371946620164347
0.6245200115774634
0.612932783486613
0.5949679713933114
0.5877625966701299
0.5760697860436845
0.5653800495677971
0.5547965934824062
0.5480767752565607
0.5371717417114954
0.5272020199809559
0.5327814000608827
0.5263274191338038
0.5158537156776569
0.5062782764140468
0.490392903883539
0.4844506190919072
0.4748073425326736
0.4659911500660984
0.4331249124944114
0.4278741914863472
0.4193532481040974
0.4115631750376628
0.387864492691452
0.3831604907169845
0.3755267746232311
0.368547833515075
0.5446011316743292
0.5435169830903217
0.5399820255135979
0.5356561204804487
0.5012755830666739
0.5002773706186828
0.4970226502085555
0.4930397074080335
0.4427411061589787
0.4418590639671997
0.4389831138858351
0.435463689210326
0.3964794622026981
0.3956892478689392
0.3931127294845259
0.3899597494820176
0.3713739287067207
0.3706335686252866
0.3682195758729579
0.3652654629141734
0.3234864852053376
0.3228411949936232
0.3207372046831698
0.3181624805839526
0.2596481770314471
0.2591297709869195
0.2574394979842103
0.2553710694454938
0.2098294645981204
0.2094101942008769
0.2080431692234426
0.2063703277720542
0.1830116487997686
0.1826457976558221
0.1814529426495907
0.1799932335051835
0.1322599763361313
0.1319953147511214
0.1311323985358996
0.1300764560855437
0.06538156145478559
0.06525054297730427
0.06482336911740093
0.06430065004930273
0.01377750282138847
0.01374985511063681
0.01365971359417398
0.01354941242678231
0.1790232297148326
0.1768455694089096
0.1733118508108373
0.1700814769014217
0.1293747717650834
0.1277995139686943
0.1252433948788278
0.1229067779098414
0.0639533034329637
0.06317353898117609
0.06190829321865472
0.06075175509683211
0.01347611848611144
0.01331158292067276
0.0130446171416903
0.01280059878355613
0.3633023536410008
0.3588950322639921
0.3517427785855345
0.3452040164342273
0.316451499476457
0.3126102479153173
0.3063766966354705
0.3006779199985725
0.2539965466337902
0.2509106972035309
0.2459031115754809
0.241325241081164
0.2052586927848157
0.2027630607624556
0.1987133281466549
0.1950111911643052
0.3413507901512887
0.3334403857420582
0.3218158206273805
0.3119355540802562
0.2973197276161406
0.2904256893761749
0.2802949514560406
0.2716846015591568
0.2386276312069863
0.2330898264062024
0.224952366382048
0.2180364351838316
0.1928296599727095
0.1883513699795767
0.1817710004009432
0.1761786125816575
0.168177956458205
0.1642704164541335
0.1585288162647927
0.1536493745170008
0.1215299440731232
0.1187036650999847
0.1145510316271848
0.1110221470984867
0.06007029896185595
0.05867150764857573
0.05661641903911588
0.05487015384556447
0.01265682258748484
0.01236171076223037
0.01192816127644705
0.0115597861538771
0.1508840025138233
0.1453937294492088
0.1376605441972779
0.1313159363126497
0.1090222669657358
0.1050519450457386
0.09946003831786143
0.09487256481772825
0.05388057108097441
0.05191609376972243
0.04914954669947875
0.04688017525342855
0.01135104302639159
0.01093667584394284
0.01035317473229419
0.009874575149906747
0.3063355003942861
0.2952162096563608
0.279551768309812
0.2666976645712063
0.2668044276330798
0.2571147345522227
0.2434647764464203
0.2322642001270384
0.2141167407140158
0.2063343536029711
0.1953718115143836
0.1863769261631079
0.1730091328563426
0.1667164395457345
0.1578527439198318
0.1505803626413914
0.4493555217353515
0.4330701157907588
0.4101265489745113
0.3912978829805061
0.4135828212119471
0.398589225684353
0.3774657307445614
0.3601308071548289
0.365255338331137
0.3520072073116631
0.3333429772378877
0.3180264955447616
0.3270621017023655
0.3151937687744074
0.2984737807285318
0.2847531993671631
0.5006355046068052
0.4890511296809167
0.4720271262484811
0.457557174219653
0.4607958189775153
0.450130078198136
0.4344561968750416
0.4211339218973786
0.406972549317876
0.3975482750279252
0.3836988740342198
0.3719274093416725
0.3644352051546453
0.3559922396352476
0.3435849678161162
0.3330393323249222
0.640320614623634
0.6255130235317504
0.6037532866728237
0.5852589209663598
0.6061046380780297
0.5920871471096829
0.5714882929791111
0.5539803371001408
0.5590807218048284
0.5461486395630815
0.5271443159520095
0.5109911908850715
0.5213269147785334
0.5092655741079645
0.4915405936383995
0.476474747004809
0.574776505961232
0.5539627543055219
0.5246397286456108
0.500575496840071
0.5440568741188616
0.5243526267461186
0.496592190260182
0.4738100852740674
0.501835480978712
0.4836554941494235
0.4580423632827632
0.4370225884714248
0.4679352953014735
0.4509790523877976
0.4270902293761351
0.4074857525926673
0.48721055274221
0.4611572096859226
0.4253485968281165
0.3965978806587478
0.4611572096859304
0.4364921388824359
0.4025919342608516
0.3753737154821767
0.4253485968281594
0.4025919342608997
0.3713150406054639
0.3462033316251016
0.3965978806588787
0.3753737154823006
0.3462033316251605
0.3227831985384997
0.3808408979567648
0.3505034539022808
0.3095202608047155
0.2771334473573306
0.3604566911697528
0.3317366262085232
0.292939244980948
0.2622808540817349
0.3324408915734801
0.3059442625328589
0.2701520008248111
0.241869923285688
0.3099479813122663
0.2852371048823266
0.2518584986746977
0.2254849401140907
0.2976210526027103
0.2738891336857084
0.2418336941853982
0.2165063190773821
0.2738891336857687
0.2520426149266017
0.2225353300009373
0.1992225247785713
0.241833694185525
0.2225353300010014
0.1964715647408244
0.175880899576748
0.2165063190775277
0.1992225247786506
0.1758808995767668
0.1574419091155342
0.3808408979569659
0.3604566911699222
0.3324408915735703
0.3099479813122947
0.3505034539025738
0.3317366262087547
0.3059442625330073
0.2852371048824162
0.309520260805078
0.2929392449812434
0.2701520008250288
0.2518584986748572
0.2771334473577298
0.2622808540820691
0.2418699232859404
0.2254849401142756
0.2595592286965382
0.2456450659648337
0.2265242583418405
0.2111753382143456
0.2260442201668456
0.2139206703062397
0.1972613276187532
0.1838890058929577
0.1813820283318144
0.1716467472482662
0.1582701645749316
0.1475337508816906
0.1465421318255986
0.1386717702514958
0.1278584083323823
0.1191799888660999
0.127792973473105
0.1209270460097537
0.1114941466738283
0.1039240148912293
0.09232541984958849
0.08736155442235023
0.08054245909425814
0.075070489822174
0.04562022533193579
0.04316503428985575
0.03979264088698731
0.0370868212336606
0.009608873536630121
0.009091148766977714
0.008380084005930937
0.007809624157277564
0.09977660047172957
0.09179465378799816
0.08101908845127753
0.07251026211351128
0.07207278469654103
0.0663039193979542
0.05851682635887188
0.05236849631383321
0.03560462658861168
0.03275251562690267
0.0289031506978562
0.02586431910005028
0.007497159750362318
0.006895945046808813
0.006084605976057636
0.005444181046560035
0.2027646109556637
0.1865743126150709
0.1647101477901511
0.1474389342573806
0.1765616653069842
0.1624574188986497
0.1434116913084829
0.1283680551738137
0.1416510969907542
0.1303284474710286
0.1150405487053541
0.1029665945620352
0.1144252145129045
0.1052740283335617
0.09291929178125989
0.08316291291869515
0.1380697298075386
0.1202077414958965
0.09641774853633693
0.07787150273423517
0.1202077414958704
0.1046514978871148
0.08393468682164029
0.06778606792211098
0.09641774853624753
0.08393468682158654
0.06731299926429193
0.05435847430467579
0.0778715027341048
0.06778606792202704
0.05435847430464683
0.04389457817054805
0.06789565159464822
0.05910055165117541
0.04739161048705409
0.03826760420472495
0.04903430973086616
0.04268008984208704
0.03422169912679995
0.02763143253963413
0.02421655363424162
0.02107660411454158
0.01689754151533204
0.01364200265147026
0.005096947648437189
0.004435322084294287
0.003554856848344484
0.002869055700806083
0.03336136803908195
0.02408795373531677
0.01189174863750629
0.002500387057656725
0.02408795373531614
0.01739089098039412
0.008584198785657381
0.001803757439830631
0.01189174863756208
0.008584198785704438
0.004235510022014372
0.0008879888273058594
0.002500387057831689
0.001803757439976728
0.0008879888273892727
0.0001831822330826026
0.0678956515947854
0.04903430973098632
0.02421655363423727
0.005096947648202889
0.05910055165126425
0.04268008984216447
0.0210766041145145
0.004435322084069581
0.04739161048709002
0.03422169912683215
0.01689754151528391
0.003554856848137844
0.03826760420473297
0.02763143253964201
0.01364200265141447
0.002869055700618468
0.09977660047198335
0.07207278469683609
0.03560462658872848
0.007497159750111352
0.09179465378823864
0.06630391939820839
0.03275251562698437
0.006895945046560032
0.08101908845148288
0.058516826359066
0.02890315069789509
0.006084605975813746
0.07251026211367514
0.05236849631397872
0.02586431910005989
0.005444181046321844
0.2027646109555231
0.1765616653068821
0.1416510969907749
0.1144252145130775
0.186574312614996
0.1624574188986088
0.1303284474710948
0.1052740283337475
0.1647101477901329
0.1434116913084942
0.1150405487054542
0.0929192917814393
0.1474389342573802
0.1283680551738411
0.1029665945621356
0.08316291291884816
0.2595592286961275
0.2260442201664327
0.1813820283315157
0.1465421318255803
0.2456450659644881
0.213920670305904
0.1716467472480618
0.1386717702515525
0.2265242583415802
0.1972613276185216
0.1582701645748479
0.1278584083325128
0.2111753382141614
0.1838890058928122
0.1475337508816816
0.119179988866263
0.1277929734732963
0.09232541984998584
0.0456202253321812
0.009608873536379084
0.1209270460099824
0.08736155442272744
0.04316503429006967
0.009091148766725704
0.1114941466740808
0.08054245909460184
0.03979264088715831
0.008380084005678518
0.1039240148914854
0.07507048982248751
0.03708682123379663
0.007809624157025831
0.1508840025137831
0.109022266966153
0.05388057108134455
0.01135104302615072
0.1453937294492378
0.1050519450461567
0.05191609377006159
0.01093667584369831
0.1376605441973882
0.0994600383182743
0.04914954669977493
0.01035317473204597
0.1313159363128145
0.0948725648181328
0.04688017525369112
0.009874575149656464
0.16817795645787
0.121529944073507
0.06007029896233348
0.01265682258725833
0.1642704164538747
0.118703665100382
0.05867150764902669
0.01236171076200082
0.1585288162646374
0.1145510316275935
0.05661641903953101
0.01192816127621262
0.1536493745169221
0.1110221470989013
0.05487015384595052
0.01155978615363849
0.3413507901502485
0.2973197276151712
0.2386276312061016
0.1928296599720169
0.3334403857410858
0.290425689375289
0.2330898264053778
0.1883513699789609
0.3218158206265309
0.280294951455258
0.2249523663813071
0.1817710004004415
0.3119355540795135
0.271684601558453
0.2180364351831556
0.1761786125812458
0.3063355003935995
0.266804427632414
0.2141167407133754
0.1730091328559788
0.2952162096557626
0.2571147345516142
0.2063343536024088
0.1667164395454644
0.2795517683093053
0.2434647764458884
0.1953718115139388
0.1578527439196831
0.2666976645707609
0.232264200126581
0.1863769261627596
0.1505803626413294
0.4493555217353828
0.4135828212118222
0.3652553383305815
0.3270621017016319
0.4330701157907475
0.3985892256841279
0.3520072073111035
0.315193768773766
0.4101265489743892
0.3774657307442468
0.3333429772373966
0.2984737807280152
0.3912978829803139
0.3601308071545091
0.3180264955443551
0.284753199366728
0.5747765059612665
0.5440568741187425
0.5018354809785385
0.4679352953014225
0.5539627543054787
0.5243526267459944
0.4836554941493344
0.4509790523877897
0.5246397286455539
0.4965921902601146
0.4580423632827429
0.4270902293760929
0.5005754968400519
0.4738100852740508
0.4370225884714028
0.4074857525925626
0.6403206146241005
0.6061046380784632
0.5590807218047968
0.5213269147781096
0.6255130235321642
0.5920871471099585
0.5461486395628992
0.509265574107582
0.6037532866730805
0.5714882929791599
0.5271443159517449
0.4915405936381589
0.5852589209664667
0.5539803371000575
0.5109911908848463
0.4764747470046998
0.5006355046064264
0.4607958189774339
0.4069725493176713
0.3644352051538226
0.4890511296806828
0.4501300781981208
0.3975482750276155
0.3559922396343955
0.4720271262484255
0.4344561968750307
0.38369887403377
0.3435849678152838
0.457557174219676
0.421133921897307
0.3719274093411429
0.3330393323241459
0.5327814000603687
0.4903929038831331
0.4331249124942707
0.3878644926908366
0.5263274191332866
0.4844506190915653
0.4278741914862191
0.3831604907163266
0.5158537156771643
0.474807342532448
0.4193532481039747
0.3755267746225009
0.5062782764136113
0.4659911500659668
0.4115631750375024
0.3685478335142835
0.681413646762657
0.6450051108882925
0.5949679713938313
0.5547965934823049
0.6731629964847096
0.6371946620169611
0.5877625966705489
0.5480767752563622
0.6597739704972976
0.6245200115779947
0.5760697860439229
0.5371717417111654
0.6475336336592871
0.6129327834871026
0.5653800495678658
0.5272020199805494
0.6965242269592291
0.6593095323588266
0.6081641993316754
0.5671033873462166
0.6951382059721257
0.6579974349062414
0.6069537639919365
0.5659745300218083
0.6906189948114725
0.6537193230418274
0.6030070915337182
0.5622938765489658
0.6850886895580103
0.6484840779085258
0.598177424579882
0.5577897374989613
0.5446011316738908
0.5012755830662324
0.4427411061587297
0.3964794622021138
0.5435169830898813
0.5002773706182383
0.441859063966984
0.3956892478683716
0.5399820255131348
0.4970226502081224
0.4389831138856661
0.3931127294839505
0.5356561204799497
0.4930397074076134
0.4354636892101815
0.389959749481419
0.3713739287056164
0.3234864852038284
0.2596481770302697
0.209829464597302
0.3706335686242053
0.3228411949921607
0.2591297709857617
0.2094101942000505
0.3682195758718795
0.3207372046817731
0.257439497983092
0.2080431692226135
0.3652654629130854
0.318162480582617
0.2553710694444112
0.2063703277712331
0.36330235363991
0.3164514994751567
0.2539965466327315
0.2052586927840023
0.3588950322629019
0.3126102479140935
0.2509106972025213
0.2027630607616601
0.3517427785844515
0.3063766966343646
0.2459031115745291
0.1987133281458947
0.3452040164331653
0.3006779199975571
0.2413252410802536
0.1950111911635829
0.1790232297142989
0.1293747717653673
0.06395330343350816
0.01347611848589198
0.1768455694084144
0.127799513969003
0.06317353898170713
0.0133115829204515
0.1733118508104071
0.1252433948791713
0.0619082932191652
0.01304461714146679
0.1700814769010506
0.1229067779102132
0.06075175509732276
0.01280059878333082
0.1830116487991566
0.1322599763363883
0.065381561455342
0.01377750282117592
0.1826457976552202
0.1319953147513785
0.0652505429778618
0.013749855110423
0.181452942649017
0.1311323985361598
0.06482336911795544
0.01365971359395772
0.179993233504635
0.1300764560858159
0.06430065004985226
0.01354941242656392
0.1799932335047488
0.1300764560859015
0.06430065004982639
0.01354941242656446
0.1814529426490975
0.131132398536222
0.06482336911793492
0.01365971359395791
0.182645797655261
0.1319953147514085
0.06525054297785049
0.01374985511042301
0.1830116487991657
0.1322599763363943
0.06538156145533942
0.01377750282117592
0.3652654629128543
0.3181624805823679
0.255371069444418
0.2063703277713555
0.3682195758717193
0.3207372046815924
0.257439497983098
0.2080431692227011
0.3706335686241301
0.3228411949920695
0.2591297709857635
0.2094101942000959
0.3713739287056012
0.3234864852038086
0.2596481770302695
0.2098294645973124
0.3452040164326456
0.3006779199970995
0.2413252410803003
0.1950111911638338
0.3517427785840145
0.3063766966339392
0.2459031115745502
0.1987133281461143
0.3588950322625598
0.3126102479137383
0.2509106972025242
0.2027630607618364
0.3633023536396393
0.3164514994748696
0.2539965466327349
0.2052586927841444
0.1700814769012527
0.1229067779103063
0.0607517550973084
0.01280059878333252
0.1733118508105942
0.1252433948792656
0.06190829321914492
0.01304461714146856
0.1768455694085764
0.1277995139690988
0.06317353898168204
0.01331158292045264
0.1790232297144322
0.1293747717654604
0.06395330343348134
0.01347611848589268
0.1536493745171235
0.1110221470989855
0.05487015384595431
0.01155978615364091
0.1585288162648419
0.1145510316276813
0.05661641903953125
0.01192816127621489
0.1642704164540828
0.1187036651004743
0.05867150764902247
0.0123617107620025
0.1681779564580772
0.1215299440736005
0.06007029896232333
0.01265682258725982
0.131315936312998
0.09487256481820258
0.04688017525370667
0.009874575149652698
0.1376605441975766
0.09946003831834747
0.04914954669978657
0.01035317473204523
0.1453937294494337
0.1050519450462356
0.05191609377006853
0.01093667584369983
0.1508840025139834
0.1090222669662356
0.05388057108134967
0.01135104302615299
0.2666976645702115
0.2322642001265226
0.1863769261630711
0.1505803626416188
0.279551768308634
0.243464776445712
0.1953718115142174
0.1578527439199792
0.2952162096549905
0.2571147345512929
0.2063343536026362
0.1667164395457658
0.3063355003927984
0.2668044276320102
0.2141167407135583
0.1730091328562761
0.3119355540787164
0.2716846015580218
0.2180364351833136
0.176178612581538
0.321815820625777
0.2802949514547939
0.2249523663814273
0.1817710004007279
0.3334403857404311
0.2904256893748107
0.233089826405463
0.1883513699792385
0.3413507901496816
0.2973197276147032
0.2386276312061633
0.1928296599722811
0.4575571742191563
0.4211339218967003
0.3719274093404417
0.3330393323233432
0.4720271262479805
0.4344561968744689
0.3836988740331497
0.3435849678145714
0.4890511296803887
0.4501300781976116
0.3975482750270572
0.3559922396338132
0.500635504606274
0.4607958189769928
0.4069725493171399
0.3644352051533264
0.3912978829794809
0.3601308071535289
0.3180264955433362
0.2847531993659221
0.4101265489736766
0.3774657307433896
0.3333429772364311
0.2984737807271464
0.4330701157901419
0.3985892256834064
0.3520072073102514
0.3151937687728922
0.4493555217348364
0.4135828212111815
0.3652553383298272
0.3270621017007953
0.5005754968395905
0.4738100852735416
0.4370225884707969
0.4074857525918207
0.5246397286452038
0.4965921902596845
0.4580423632822159
0.4270902293754545
0.5539627543052474
0.5243526267456819
0.4836554941489083
0.4509790523872477
0.574776505961103
0.5440568741185077
0.5018354809782021
0.4679352953009514
0.5852589209663295
0.5539803370998589
0.5109911908845712
0.4764747470042737
0.6037532866729596
0.5714882929789908
0.5271443159515716
0.491540593637847
0.6255130235320536
0.5920871471097633
0.5461486395627841
0.5092655741074388
0.6403206146240432
0.606104638078243
0.5590807218046556
0.5213269147780693
0.6475336336592844
0.6129327834868865
0.5653800495676861
0.5272020199805323
0.6597739704973886
0.624520011577842
0.5760697860436905
0.5371717417111362
0.6731629964848821
0.6371946620169295
0.5877625966702956
0.5480767752562866
0.6814136467628454
0.6450051108883316
0.5949679713935946
0.5547965934822046
0.5062782764135304
0.4659911500655847
0.4115631750369853
0.368547833513824
0.5158537156771665
0.4748073425321924
0.4193532481035148
0.3755267746221038
0.5263274191333353
0.484450619091458
0.4278741914858682
0.3831604907160044
0.5327814000604277
0.490392903883105
0.4331249124940053
0.3878644926905749
0.5356561204800062
0.4930397074076056
0.4354636892099562
0.3899597494811943
0.5399820255131729
0.497022650208126
0.4389831138855131
0.3931127294837976
0.5435169830898952
0.5002773706182386
0.441859063966916
0.3956892478683033
0.5446011316738925
0.5012755830662312
0.4427411061587169
0.3964794622021008
0.685088689558183
0.6484840779085809
0.5981774245796685
0.5577897374988597
0.6906189948116024
0.6537193230418912
0.6030070915335591
0.5622938765488766
0.6951382059721961
0.6579974349062858
0.6069537639918524
0.5659745300217576
0.6965242269592453
0.6593095323588376
0.6081641993316563
0.5671033873462054
0.8081682566531795
0.7789047657735318
0.737685533937254
0.7038673601126632
0.8146940611434916
0.7851939096435036
0.7436410337299724
0.7095492487831538
0.820026910595585
0.7903333889951286
0.7485078639833337
0.7141924286987077
0.8216624903416377
0.7919097040776003
0.7500005417516979
0.7156165250860349
0.7638577498370254
0.7362020212286039
0.6972473593010649
0.6652842033190713
0.7782988893555943
0.7501190554841293
0.7104267253631558
0.6778594985535707
0.794096410202579
0.7653433346292993
0.7248435670830812
0.6916150225571334
0.8038317775830851
0.7747255504867789
0.7337280320654537
0.7000916273270927
0.8509778264166105
0.8312902645224046
0.8023665977785894
0.7777877126338466
0.8670754004838079
0.8470115282971891
0.8175373759412645
0.7924925712277894
0.8846883900779584
0.8642122297995302
0.8341339874034346
0.8085785048657932
0.8955443316507641
0.8748141212531311
0.844362735519805
0.8184917191592914
0.9003803156814786
0.8795370972346472
0.8489193813482484
0.8229075116854271
0.9076582634792283
0.8866449230550669
0.8557769085497177
0.8295528275033226
0.9136063197338241
0.8924538585473363
0.8613813053084147
0.8349835623525736
0.9154306995057837
0.8942356037929827
0.8631002900698312
0.8366492854166488
0.9583520144803278
0.946670673490533
0.9277771536711995
0.9105350878127597
0.9661742014591989
0.9543597833885433
0.9352867370226354
0.9178966495388083
0.9725994684615979
0.9606587048105175
0.94142870723207
0.9239141317343343
0.974579267188779
0.9625949362537888
0.9433138461521293
0.9257602756411134
0.9799739665546359
0.9779654162248481
0.9714656590261092
0.9635726405532614
0.9882264324428491
0.9861572823025856
0.9794989874846061
0.9714656590261793
0.9951442629417264
0.9930010898813904
0.986157282302496
0.977965416224857
0.9973382451823046
0.9951442629416798
0.9882264324426852
0.9799739665545852
0.9257602756413592
0.9239141317345216
0.9178966495389251
0.9105350878128464
0.9433138461521076
0.9414287072320755
0.9352867370226822
0.9277771536712516
0.9625949362532048
0.9606587048100926
0.9543597833883831
0.9466706734904935
0.9745792671884737
0.9725994684613317
0.9661742014590279
0.9583520144802687
0.9056440783320593
0.8946647714694628
0.8768513533733185
0.8605701577663875
0.9227898025336546
0.9115978603981769
0.8934434796128535
0.8768513533733246
0.9415693699996878
0.9301327560419224
0.9115978603981513
0.8946647714694371
0.9531709382915599
0.9415693699997053
0.9227898025336102
0.9056440783319883
0.8184917191595728
0.8085785048660358
0.792492571227938
0.7777877126338971
0.8443627355200269
0.8341339874036449
0.8175373759414406
0.8023665977787016
0.8748141212531709
0.8642122297995819
0.8470115282972573
0.8312902645224656
0.8955443316507904
0.8846883900779593
0.8670754004837999
0.8509778264166129
0.8366492854169675
0.8349835623528906
0.8295528275036348
0.8229075116857217
0.8631002900698888
0.8613813053085007
0.8557769085498794
0.848919381348464
0.8942356037929631
0.8924538585473109
0.8866449230550649
0.8795370972346768
0.9154306995058992
0.9136063197339049
0.9076582634792733
0.9003803156815137
0.7156165250851767
0.7141924286978611
0.7095492487823115
0.7038673601118044
0.7500005417512813
0.7485078639829035
0.7436410337294966
0.7376855339367328
0.7919097040780076
0.7903333889954597
0.7851939096437056
0.7789047657736267
0.8216624903421532
0.820026910596061
0.8146940611438807
0.8081682566534879
0.7000916273262271
0.6916150225563006
0.6778594985528534
0.6652842033185089
0.7337280320649053
0.7248435670824761
0.7104267253625123
0.6972473593004568
0.7747255504868178
0.76534333462921
0.7501190554838575
0.7362020212282203
0.8038317775833583
0.7940964102027729
0.7782988893556384
0.7638577498369461
0.6578738190489372
0.6426610008552893
0.6203056988712891
0.6013051203815687
0.6894812048842566
0.673538305597939
0.6501105047848525
0.6301984947667365
0.7280014218253544
0.7111673733917221
0.6864313130073503
0.6654081666355322
0.755348314508663
0.7378806191957282
0.7122144588089374
0.6904017771608649
0.7691227898830194
0.751335768714149
0.7252005824980204
0.7029897766347157
0.7934273771171902
0.7750771367572356
0.7481143786414318
0.7252005824980888
0.8220274632065302
0.8030138447156322
0.775077136757228
0.7513357687142289
0.8414937690484974
0.8220274632064873
0.7934273771171241
0.7691227898830298
0.6904017771609083
0.6654081666356106
0.6301984947667869
0.601305120381554
0.7122144588090669
0.686431313007548
0.6501105047850281
0.620305698871354
0.7378806191959119
0.7111673733920755
0.6735383055983379
0.6426610008555499
0.7553483145088026
0.7280014218257618
0.6894812048848099
0.6578738190493921
0.5905358023537545
0.5691525803336108
0.5390276818044839
0.5143056806932782
0.6189125812855995
0.5965037412847002
0.5649344579508639
0.5390276818044873
0.6534926617830403
0.6298337531484499
0.5965037412846904
0.5691525803335907
0.6780391416192004
0.653492661783075
0.6189125812856144
0.5905358023537279
0.4679352953008889
0.4509790523872028
0.4270902293754366
0.4074857525918222
0.5018354809781537
0.4836554941488482
0.4580423632821642
0.437022588470769
0.5440568741185227
0.5243526267456617
0.4965921902596414
0.4738100852735017
0.5747765059611446
0.5539627543052612
0.5246397286451863
0.500575496839572
0.3270621017003744
0.3151937687724701
0.2984737807267392
0.2847531993655427
0.3652553383295554
0.3520072073099654
0.3333429772361218
0.3180264955430099
0.4135828212111115
0.3985892256833333
0.3774657307432906
0.3601308071533915
0.4493555217348026
0.4330701157901276
0.4101265489736741
0.391297882979472
0.3644352051529828
0.3559922396334498
0.3435849678141832
0.3330393323229315
0.4069725493169254
0.3975482750268332
0.3836988740329068
0.3719274093401788
0.4607958189769005
0.45013007819753
0.4344561968743861
0.4211339218966239
0.5006355046061605
0.4890511296802976
0.4720271262479173
0.4575571742191117
0.5213269147780076
0.5092655741073613
0.4915405936377705
0.4764747470042052
0.5590807218047572
0.5461486395628354
0.5271443159515603
0.5109911908845315
0.6061046380782389
0.5920871471098247
0.5714882929790582
0.5539803370998957
0.6403206146237533
0.6255130235319399
0.6037532866729787
0.5852589209663788
0.5547965934822735
0.5480767752563351
0.5371717417111423
0.5272020199804927
0.5949679713936353
0.5877625966703904
0.5760697860438199
0.5653800495678072
0.6450051108877495
0.6371946620165005
0.6245200115776389
0.6129327834868258
0.681413646761948
0.6731629964840831
0.6597739704967969
0.6475336336588838
0.5671033873463213
0.5659745300218729
0.5622938765489778
0.5577897374989396
0.6081641993314502
0.6069537639916952
0.6030070915334862
0.5981774245796707
0.65930953235806
0.6579974349055204
0.6537193230411785
0.6484840779079415
0.6965242269583523
0.6951382059712834
0.6906189948106817
0.6850886895572682
0.3964794622017191
0.395689247867956
0.3931127294834995
0.3899597494809247
0.4427411061583017
0.4418590639665186
0.4389831138851515
0.4354636892096324
0.5012755830660495
0.5002773706180444
0.4970226502079038
0.4930397074073707
0.5446011316739922
0.5435169830899472
0.5399820255131469
0.5356561204799265
0.3878644926903114
0.3831604907157346
0.3755267746218051
0.3685478335134949
0.4331249124937068
0.4278741914856143
0.4193532481032977
0.4115631750367746
0.4903929038828728
0.4844506190912464
0.4748073425320289
0.465991150065471
0.5327814000603278
0.5263274191332152
0.5158537156770422
0.5062782764134099
0.2052586927841929
0.2027630607619218
0.1987133281462559
0.1950111911640194
0.2539965466321766
0.2509106972020046
0.245903111574089
0.2413252410798916
0.3164514994741415
0.3126102479130471
0.3063766966332712
0.3006779199964498
0.36330235363924
0.3588950322621499
0.3517427785835729
0.3452040164321842
0.2098294645973322
0.2094101942001101
0.2080431692227234
0.2063703277713915
0.2596481770296346
0.2591297709851368
0.2574394979824924
0.2553710694438404
0.3234864852029018
0.3228411949912163
0.3207372046807976
0.3181624805816139
0.3713739287051339
0.3706335686236894
0.368219575871306
0.3652654629124525
0.01377750282113841
0.01374985511038769
0.01365971359392698
0.0135494124265378
0.06538156145484124
0.06525054297735947
0.06482336911745187
0.06430065004934837
0.1322599763369569
0.1319953147519488
0.1311323985367293
0.1300764560863776
0.183011648799775
0.1826457976558543
0.1814529426496762
0.179993233505322
0.01347611848586847
0.01331158292043295
0.01304461714145559
0.01280059878332614
0.06395330343300566
0.06317353898120923
0.06190829321867307
0.06075175509683615
0.1293747717659172
0.1277995139695162
0.1252433948796262
0.1229067779106205
0.179023229715003
0.1768455694091422
0.1733118508111543
0.1700814769018072
0.01265682258725767
0.01236171076200864
0.01192816127623257
0.01155978615366825
0.06007029896185122
0.05867150764855293
0.05661641903906801
0.05487015384549788
0.1215299440738907
0.1187036651007217
0.1145510316278714
0.1110221470991287
0.1681779564586282
0.1642704164546262
0.1585288162653698
0.153649374517633
0.1928296599724869
0.1883513699794791
0.1817710004010152
0.1761786125818606
0.2386276312057858
0.2330898264051454
0.2249523663811917
0.2180364351831467
0.2973197276140701
0.2904256893742116
0.2802949514542412
0.2716846015575114
0.3413507901492149
0.3334403857399545
0.3218158206252897
0.3119355540782232
0.1730091328566151
0.1667164395461274
0.1578527439203528
0.1505803626419827
0.2141167407134323
0.2063343536025895
0.19537181151427
0.1863769261631948
0.266804427631528
0.2571147345508646
0.2434647764453591
0.2322642001262443
0.3063355003923069
0.2952162096545137
0.2795517683081925
0.2666976645698171
0.01135104302618564
0.01093667584374225
0.0103531747321009
0.009874575149719461
0.05388057108089889
0.05191609376963124
0.04914954669936857
0.04688017525330605
0.1090222669663528
0.1050519450463049
0.09946003831835552
0.09487256481816379
0.1508840025144796
0.1453937294498964
0.1376605441979789
0.1313159363133394
0.009608873536446268
0.009091148766800379
0.008380084005761845
0.007809624157114478
0.04562022533180767
0.04316503428971659
0.03979264088683485
0.03708682123350091
0.09232541984999086
0.08736155442268734
0.08054245909451033
0.07507048982236236
0.1277929734737819
0.1209270460103928
0.1114941466743916
0.103924014891718
0.1465421318262171
0.1386717702521424
0.1278584083330168
0.1191799888666897
0.1813820283320026
0.171646747248619
0.15827016457544
0.1475337508822644
0.2260442201662068
0.2139206703058895
0.1972613276187536
0.1838890058931879
0.2595592286952962
0.2456450659638992
0.2265242583413329
0.2111753382141601
0.1144252145134583
0.1052740283340325
0.09291929178160468
0.08316291291893872
0.1416510969913406
0.130328447471601
0.1150405487058482
0.1029665945624314
0.1765616653073166
0.1624574188991174
0.1434116913090173
0.1283680551743182
0.202764610955641
0.1865743126153051
0.1647101477905983
0.1474389342578834
0.007497159750202239
0.006895945046654293
0.006084605975910693
0.005444181046419326
0.03560462658844931
0.03275251562673726
0.02890315069769078
0.02586431909988646
0.07207278469669567
0.06630391939804918
0.05851682635889931
0.05236849631381706
0.09977660047217318
0.09179465378835155
0.08101908845151302
0.07251026211366253
0.005096947648299951
0.004435322084163677
0.003554856848223118
0.002869055700692497
0.02421655363407913
0.02107660411438361
0.01689754151518361
0.01364200265133218
0.04903430973082959
0.04268008984201871
0.03422169912670377
0.02763143253952673
0.06789565159475749
0.05910055165121565
0.04739161048702849
0.03826760420466677
0.00250038705772253
0.001803757439876128
0.0008879888273020394
0.0001831822330090219
0.01189174863743067
0.008584198785587683
0.004235510021922005
0.0008879888272375002
0.02408795373520643
0.01739089098028627
0.008584198785566308
0.001803757439766324
0.0333613680390116
0.02408795373523105
0.01189174863742211
0.002500387057595061
0.03826760420468611
0.02763143253957072
0.01364200265133579
0.002869055700558446
0.04739161048708332
0.03422169912678807
0.01689754151521749
0.003554856848081539
0.05910055165130203
0.04268008984215353
0.02107660411446583
0.004435322084019086
0.06789565159485055
0.04903430973099601
0.02421655363420146
0.005096947648157004
0.0778715027342944
0.06778606792212626
0.05435847430465846
0.04389457817051737
0.09641774853658132
0.08393468682180144
0.06731299926437317
0.05435847430469121
0.1202077414963333
0.1046514978874624
0.08393468682181225
0.06778606792218052
0.1380697298080338
0.1202077414963124
0.09641774853657427
0.0778715027343433
0.147438934257865
0.1283680551742782
0.1029665945624056
0.08316291291897659
0.1647101477905554
0.1434116913089417
0.1150405487057798
0.09291929178160922
0.186574312615271
0.1624574188990141
0.1303284474714709
0.1052740283339714
0.2027646109556556
0.1765616653072208
0.141651096991164
0.1144252145133357
0.07251026211375249
0.0523684963139968
0.0258643191000305
0.005444181046278368
0.08101908845158416
0.05851682635909752
0.02890315069787647
0.006084605975774956
0.09179465378837277
0.06630391939825488
0.03275251562697672
0.006895945046527702
0.09977660047214125
0.07207278469689259
0.03560462658872807
0.007497159750084367
0.1039240148916538
0.07507048982254901
0.03708682123379976
0.007809624157001977
0.1114941466742589
0.08054245909466932
0.03979264088716723
0.00838008400566057
0.1209270460101621
0.08736155442279707
0.04316503429008433
0.009091148766714846
0.1277929734734775
0.09232541985005517
0.04562022533219769
0.009608873536373084
0.2111753382142151
0.1838890058931095
0.1475337508820652
0.1191799888665319
0.2265242583414795
0.1972613276187386
0.1582701645752184
0.1278584083327911
0.2456450659641767
0.2139206703060024
0.1716467472484132
0.1386717702518373
0.2595592286956573
0.2260442201664317
0.1813820283318436
0.1465421318258677
0.3099479813109255
0.285237104881228
0.2518584986741205
0.2254849401139477
0.3324408915721915
0.3059442625316562
0.2701520008240107
0.2418699232853415
0.3604566911686657
0.3317366262073589
0.2929392449799648
0.262280854081143
0.3808408979558523
0.3505034539012292
0.3095202608036869
0.2771334473565857
0.2165063190772803
0.1992225247787151
0.1758808995771257
0.1574419091160032
0.2418336941848652
0.2225353300007203
0.1964715647409696
0.1758808995771067
0.2738891336846693
0.2520426149258858
0.2225353300007542
0.1992225247787207
0.2976210526014078
0.2738891336847206
0.2418336941849573
0.2165063190773444
0.2771334473562292
0.2622808540808516
0.241869923285157
0.2254849401138431
0.3095202608033648
0.2929392449796906
0.270152000823822
0.2518584986739953
0.3505034539010663
0.3317366262071849
0.3059442625315253
0.285237104881149
0.3808408979558223
0.3604566911685969
0.3324408915721245
0.3099479813108977
0.3965978806579345
0.3753737154811618
0.3462033316238243
0.3227831985371198
0.4253485968274522
0.4025919342600429
0.3713150406043657
0.3462033316238565
0.4611572096853639
0.4364921388818118
0.4025919342600426
0.3753737154811864
0.4872105527417
0.4611572096853856
0.4253485968274622
0.3965978806579349
