FiniteElementSpace
FiniteElementCollection: L2_2D_P4
VDim: 1
Ordering: 0

1.916009520081251e+25
3.485682431120209e+25
1.102974805964708e+25
-3.189904282249203e+25
3.29025268802811e+24
3.485682431120196e+25
2.987035142473189e+25
-5.767938046483633e+24
-3.182304015624157e+25
6.930624236296645e+24
1.102974805964499e+25
-5.767938046484774e+24
-2.830165685629863e+25
-2.442899387906086e+25
1.331280639006045e+25
-3.189904282249301e+25
-3.182304015624124e+25
-2.442899387906024e+25
-3.829199296387495e+24
2.028011567497107e+25
3.290252688030768e+24
6.930624236298033e+24
1.331280639006024e+25
2.028011567497053e+25
2.428129928288565e+25
