FiniteElementSpace
FiniteElementCollection: L2_2D_P3
VDim: 1
Ordering: 0

2.058
2.058
2.058
2.058
2.058
2.058
2.058
2.058
2.058
2.058
2.058
2.058
2.058
2.058
2.058
2.058
2.058
2.058
2.058
2.058
2.058
2.058
2.058
2.058
2.058
2.058
2.058
2.058
2.058
2.058
2.058
2.058
2.058
2.058
2.058
2.058
2.058
2.058
2.058
2.058
2.058
2.058
2.058
2.058
2.058
2.058
2.058
2.058
2.058
2.058
2.058
2.058
2.058
2.058
2.058
2.058
2.058
2.058
2.058
2.058
2.058
2.058
2.058
2.058
2.058
2.058
2.058
2.058
2.058
2.058
2.058
2.058
2.058
2.058
2.058
2.058
2.058
2.058
2.058
2.058
2.058
2.058
2.058
2.058
2.058
2.058
2.058
2.058
2.058
2.058
2.058
2.058
2.058
2.058
2.058
2.058
2.058
2.058
2.058
2.058
2.058
2.058
2.058
2.058
2.058
2.058
2.058
2.058
2.058
2.058
2.058
2.058
2.058
2.058
2.058
2.058
2.058
2.058
2.058
2.058
2.058
2.058
2.058
2.058
2.058
2.058
2.058
2.058
2.058
2.058
2.058
2.058
2.058
2.058
2.058
2.058
2.058
2.058
2.058
2.058
2.058
2.058
2.058
2.058
2.058
2.058
2.058
2.058
2.058
2.058
2.058
2.058
2.058
2.058
2.058
2.058
2.058
2.058
2.058
2.058
2.058
2.058
2.058
2.058
2.058
2.058
2.058
2.058
2.058
2.058
2.058
2.058
2.058
2.058
2.058
2.058
2.058
2.058
2.058
2.058
2.058
2.058
2.058
2.058
2.058
2.058
2.058
2.058
2.058
2.058
2.058
2.058
2.058
2.058
2.058
2.058
2.058
2.058
2.058
2.058
2.058
2.058
2.058
2.058
2.058
2.058
2.058
2.058
2.058
2.058
2.058
2.058
2.058
2.058
2.058
2.058
2.058
2.058
2.058
2.058
2.058
2.058
2.058
2.058
2.058
2.058
2.058
2.058
2.058
2.058
2.058
2.058
2.058
2.058
2.058
2.058
2.058
2.058
2.058
2.058
2.058
2.058
2.058
2.058
2.058
2.058
2.058
2.058
2.058
2.058
2.058
2.058
2.058
2.058
2.058
2.058
