FiniteElementSpace
FiniteElementCollection: L2_2D_P3
VDim: 1
Ordering: 0

63579.55610196225
35144.37245364552
-3327.421460537802
-929.5653895137815
63645.48079026522
38647.00150643871
-2763.468659483734
-1050.352209277037
63311.31091953834
41336.01444635715
-2173.298955875299
-1190.793432330604
63104.30411596948
42126.08912379843
-1967.579276171839
-1240.694379386829
42121.76280090694
13817.0814977507
-5869.75105300593
79.76670967627811
50956.71665708122
20278.0902792844
-5375.59195547742
-233.5209166698455
59389.02713182175
27868.11689169905
-4424.323198552217
-619.0955337661197
62597.30064829716
32911.67172281289
-3708.980230849309
-827.9102861012143
-63230.91414724434
13967.27701992926
63454.08961309354
56910.57131243965
-141789.34459382
-39047.44747643975
51989.40613529254
63901.13250385752
-216757.9897506416
-113431.7578362223
24232.89588254583
66336.69532510593
-233498.6840108529
-162502.3967134068
-1477.480665371153
63467.388620882
-227782.5594697641
-182281.0252454399
-15409.82352758869
61422.301794225
-197260.1322598264
-208052.0596272995
-38377.05641583179
56552.82794103525
-153439.7972356472
-222472.7155386549
-59660.02426500154
51712.1955425333
-135866.1663984393
-224988.3062873482
-66746.81437779225
49894.71529548525
