FiniteElementSpace
FiniteElementCollection: L2_2D_P1
VDim: 1
Ordering: 0

5.5526178
5.5583296
5.835222
5.7776237
5.5690076
5.5828112
5.7777862
5.7886573
4.5591969
4.5828351
5.134847
5.1723842
4.8526646
4.8887628
5.2226515
5.2441474
4.4725835
4.477143
4.6406852
4.6716947
4.4602137
4.4663319
4.6161108
4.6260738
4.8215333
4.8343658
5.191755
5.2060985
5.5127426
5.5261738
6.0044724
6.0126638
5.5384122
5.5459087
6.0158153
5.9749021
6.3935512
6.3872721
6.9224709
6.9510524
6.3962066
6.3936305
6.967297
6.9265394
7.409359
7.2963109
7.8089469
7.755754
7.2915092
7.3808803
7.756331
7.810624
8.0710514
8.1131528
8.4866154
8.5340673
8.0744453
8.0611618
8.4377804
8.4617335
8.7156565
8.7583368
9.1217255
9.1843616
9.4403833
9.5165752
9.8979385
9.9925222
9.5715965
9.6481388
10.058268
10.144426
8.7932554
8.8496242
9.2311642
9.2995524
8.8975671
8.9709699
9.3534419
9.4308536
9.7055461
9.7846248
10.20485
10.283046
9.8413904
9.9151726
10.336402
10.40341
9.0280441
9.1060538
9.488235
9.5643582
8.3038412
8.398681
8.7074501
8.7895996
8.1575944
8.2375607
8.5774789
8.6490625
7.5912233
7.7667562
7.8745717
7.9810579
7.8623135
7.9834998
8.0593712
8.1671053
8.0698691
8.1761608
8.2445168
8.3396458
8.4668177
8.5507196
8.8476568
8.9195565
8.6016312
8.6546402
8.9647543
9.0145544
8.2382378
8.298486
8.3960965
8.4526096
8.3269059
8.3501014
8.4803676
8.5040601
8.3596807
8.3659361
8.5142602
8.5210527
8.7175123
8.7249974
9.0805362
9.0891311
8.6819643
8.7064878
9.0419503
9.0681486
9.34812
9.3755768
9.800715
9.8291662
9.3888679
9.3981829
9.8431906
9.8530979
10.18523
10.19519
10.647912
10.657413
10.142944
10.171179
10.607946
10.634529
10.068279
10.115324
10.539803
10.582434
9.2712386
9.3202736
9.7239464
9.7725216
9.160414
9.2279719
9.616693
9.681808
9.9653916
10.027776
10.448186
10.503606
10.7949
10.844168
11.242912
11.285171
11.543649
11.582924
11.909421
11.946541
11.608581
11.63888
11.970302
11.997438
10.876516
10.915027
11.312975
11.346217
10.938392
10.963038
11.366513
11.388028
10.975511
10.98435
11.398896
11.406536
11.685906
11.692582
12.037151
12.042545
11.657155
11.676325
12.013232
12.029303
12.236492
12.25034
12.478558
12.489516
12.256999
12.261547
12.494759
12.49835
12.615739
12.61882
12.700389
12.703099
12.602105
12.611293
12.688777
12.696546
12.575922
12.59279
12.667153
12.681044
12.198013
12.222575
12.447216
12.467386
12.14091
12.175959
12.398469
12.428651
12.534356
12.560247
12.632463
12.654201
12.477436
12.512343
12.582091
12.613465
12.394966
12.446921
12.502948
12.55344
11.976291
12.033701
12.24826
12.302144
12.069248
12.112318
12.334748
12.37336
11.463281
11.511859
11.833944
11.879335
10.694461
10.755008
11.156171
11.208679
10.569508
10.644948
11.042166
11.112143
11.356737
11.42249
11.735761
11.796354
11.205916
11.299246
11.592212
11.681905
10.417301
10.508474
10.888375
10.982483
10.238226
10.344949
10.691308
10.810201
11.002951
11.126329
11.389617
11.513753
11.638759
11.761337
11.920252
12.040313
11.838083
11.924824
12.115115
12.199055
12.263642
12.34666
12.372356
12.455106
12.070715
12.189562
12.180301
12.29852
11.824032
11.972098
11.93509
12.082313
11.386637
11.537537
11.671403
11.820655
11.102211
11.269168
11.387337
11.55451
11.540737
11.707664
11.652483
11.819124
11.244266
11.41505
11.360137
11.527238
10.975978
11.12524
11.140493
11.25057
10.491094
10.670492
10.792695
10.961304
10.801066
10.977233
11.087293
11.261307
9.4433192
9.7682767
10.174713
10.526109
9.7922473
9.932943
10.191309
10.347562
10.478144
10.641796
10.85328
11.019719
10.75603
10.90314
11.136866
11.287835
10.030044
10.153957
10.456306
10.596139
9.2923504
9.3813103
9.7142993
9.8238906
9.1069374
9.219201
9.4978635
9.6270467
8.5011207
8.5839316
8.8366323
8.9366496
8.6319207
8.6836644
8.9995362
9.0735344
8.1087095
8.0927871
8.3911621
8.4214726
7.8194472
7.7536268
7.9417762
7.9104549
7.687879
7.5522817
7.747015
7.6504522
7.8184907
7.7596082
7.8565486
7.803976
7.9012944
7.8609418
7.9818401
7.9627911
7.843479
7.8513055
7.9306129
7.95588
8.0529312
8.098124
8.2879116
8.3564453
7.8987817
7.9978868
8.113803
8.2221006
7.7121188
7.8017378
7.7890587
7.8828207
7.5091335
7.6311924
7.5827576
7.706466
7.6877509
7.8138526
7.8934625
8.0243615
8.0829718
8.2183779
8.383837
8.526461
8.3118947
8.4276686
8.6263583
8.7530826
8.8805839
9.0159867
9.2479689
9.3959915
8.6271995
8.7755659
8.9798569
9.1358496
8.3688317
8.5169942
8.7097747
8.8645688
8.1356581
8.26523
8.4667476
8.6017172
7.6251977
7.7465354
7.9074872
8.033366
7.8433493
7.9812221
8.1339201
8.2774588
7.4612865
7.5918693
7.6602149
7.7945654
7.2884057
7.4157771
7.3596868
7.4883736
7.0859475
7.1986442
7.1552211
7.2690271
7.2539548
7.369342
7.4472581
7.5657421
7.1000907
7.1804678
7.2893381
7.3718271
6.9356146
7.0141531
7.0034312
7.0827283
6.8669566
6.8953074
6.9341133
6.9627364
7.0298326
7.0588436
7.217241
7.247011
7.3897585
7.4202267
7.6634413
7.6950174
7.4635473
7.5479785
7.7399142
7.827428
7.9632828
8.0532941
8.28737
8.3810197
7.884638
7.9171102
8.205567
8.2393417
8.4486804
8.4834436
8.785314
8.8214464
9.0318675
9.0690003
9.3654634
9.4039456
9.1218003
9.2247511
9.458617
9.5650206
8.5328815
8.6292976
8.8728335
8.9730624
8.7175838
8.8566477
9.0648576
9.2094358
8.9680894
9.1279126
9.3251541
9.490477
9.5860618
9.7553947
9.9364774
10.111012
9.3190001
9.4673765
9.6621609
9.814648
9.9086801
10.062488
10.23748
10.389629
10.184516
10.359179
10.506798
10.670166
10.728958
10.870884
11.019257
11.112032
10.472101
10.620323
10.7846
10.925886
10.25947
10.372248
10.570243
10.684957
9.7013859
9.8100126
10.026559
10.137748
9.6059457
9.6454016
9.9280827
9.9688553
10.158819
10.200548
10.466705
10.509717
10.686614
10.730534
10.979315
11.024445
11.187774
11.233805
11.464294
11.511584
11.298104
11.417822
11.577569
11.700141
10.792178
10.908216
11.087587
11.205558
11.007714
11.145015
11.305353
11.439714
11.230998
11.302897
11.520179
11.582404
11.732128
11.792712
12.019299
12.080133
11.518489
11.65277
11.802834
11.939191
12.004132
12.142505
12.265563
12.406215
12.223745
12.285173
12.489663
12.553299
12.682139
12.754632
12.980791
13.105728
12.44908
12.593475
12.707679
12.869936
12.217109
12.341978
12.453629
12.586541
11.775684
11.900033
12.035699
12.160538
11.660491
11.708622
11.919624
11.968277
12.102396
12.150533
12.341113
12.387654
12.506456
12.551996
12.717208
12.762281
12.619011
12.764251
12.829173
12.978346
12.971224
13.116578
13.148474
13.293132
12.857999
12.904149
13.027445
13.077365
13.131814
13.185064
13.243633
13.299889
13.300256
13.357404
13.339784
13.397225
13.438336
13.591941
13.478246
13.631143
13.261022
13.410891
13.37995
13.533692
13.54516
13.729101
13.666758
13.845759
13.723581
13.901202
13.761819
13.93918
14.006511
14.08686
14.045463
14.127605
13.843957
13.929596
13.951634
14.030839
13.604244
13.747727
13.747631
13.849292
13.259025
13.458247
13.428188
13.618357
12.903065
13.085809
13.125054
13.32288
13.219938
13.45673
13.47104
13.686597
13.770982
14.059603
13.873059
14.141728
14.205343
14.326197
14.346158
14.470245
14.540285
14.6077
14.691836
14.740917
