FiniteElementSpace
FiniteElementCollection: L2_2D_P1
VDim: 2
Ordering: 0

0.2889557105247268
0.2770117519083526
0.2770117519083526
0.2655614957599816
0.3096432536917871
0.2976992950754129
0.2968441773170094
0.2853939211686382
0.3318119042628568
0.3190128278880791
0.3190128278880789
0.3067074539813044
0.3096432536917871
0.2968441773170094
0.2976992950754129
0.2853939211686383
0.3303307968588474
0.3166766027256661
0.3183868382424732
0.305226346577295
0.3510183400259078
0.3365090281343228
0.3390743814095335
0.3250587719859517
0.3761492054049964
0.3616398935134113
0.3633501290302185
0.3493345196066367
0.3539805548339267
0.3403263607007452
0.3411814784591488
0.3280209867939705
0.3776303128090058
0.3639761186758244
0.3639761186758244
0.3508156270106461
0.401280070784085
0.3867707588925001
0.3876258766509036
0.3736102672273217
0.4264109361631735
0.4119016242715886
0.4119016242715886
0.3978860148480067
0.4012800707840851
0.3876258766509036
0.3867707588925001
0.3736102672273217
0.3761492054049964
0.3633501290302185
0.3616398935134112
0.3493345196066365
0.3539805548339266
0.3411814784591488
0.3403263607007451
0.3280209867939705
0.3303307968588474
0.3183868382424732
0.316676602725666
0.3052263465772949
0.3510183400259078
0.3390743814095335
0.3365090281343227
0.3250587719859516
0.3616063336432879
0.3574121731319319
0.3466593679764348
0.3426385727170999
0.3874952375972653
0.3830007996611414
0.3725482719304121
0.3682271992463095
0.3952798324540966
0.3907853945179729
0.3800325893624759
0.3757115166783733
0.3688708327440559
0.3646766722326998
0.3536235896524351
0.3496027943931002
0.3761353318448238
0.3719411713334677
0.3605878113284355
0.3565670160691004
0.3833998309455918
0.3792056704342358
0.367552033004436
0.3635312377451009
0.4108490221677593
0.4063545842316356
0.3950012242266034
0.3906801515425009
0.4030644273109281
0.3985699893748044
0.3875169067945397
0.3831958341104371
0.4299935227770322
0.4251988074161409
0.4144460022606439
0.4098246521517737
0.4382982133899271
0.4335034980290358
0.4224504154487712
0.4178290653399009
0.4657474046120948
0.4606524118264358
0.4498996066709388
0.444977979137301
0.4569226182431365
0.4518276254574775
0.441375097726748
0.4364534701931102
0.4480978318741783
0.4430028390885192
0.4328505887825574
0.4279289612489195
0.4216888321641374
0.4168941168032461
0.4064415890725167
0.4018202389636464
0.4133841415512425
0.4085894261903512
0.3984371758843894
0.3938158257755191
0.4392730455052199
0.4341780527195609
0.4243260798383667
0.4194044523047289
0.4525231229847987
0.4472744466306654
0.4472744466306653
0.4420866480572931
0.4616140971026433
0.4562599773391796
0.4563654207485098
0.4510721787658072
0.4708877045627712
0.4655335847993075
0.4655335847993075
0.4602403428166048
0.4616140971026432
0.4563654207485099
0.4562599773391794
0.4510721787658072
0.4707050712204877
0.4654563948663544
0.4652455080476935
0.4600577094743213
0.4797960453383323
0.4745473689841989
0.4742310387562075
0.4690432401828354
0.4894349194830275
0.4840807997195636
0.4838699129009028
0.4785766709182001
0.4801613120228994
0.4748071922594357
0.4747017488501051
0.4694085068674025
0.4896175528253111
0.4841579896525168
0.4841579896525168
0.4787593042604837
0.4990737936277228
0.4936142304549286
0.4935087870455982
0.4881101016535651
0.5087126677724181
0.5031476611902934
0.5031476611902934
0.4976435323889299
0.4990737936277229
0.4935087870455982
0.4936142304549286
0.4881101016535651
0.4894349194830275
0.4838699129009029
0.4840807997195636
0.4785766709182001
0.4801613120228994
0.4747017488501051
0.4748071922594356
0.4694085068674025
0.4707050712204877
0.4652455080476934
0.4654563948663543
0.4600577094743212
0.4797960453383323
0.4742310387562075
0.4745473689841988
0.4690432401828353
0.4657474046120949
0.4498996066709388
0.4606524118264358
0.444977979137301
0.4382982133899271
0.4224504154487711
0.4335034980290356
0.4178290653399008
0.4299935227770322
0.4144460022606438
0.4251988074161409
0.4098246521517735
0.4569226182431365
0.4413750977267481
0.4518276254574774
0.4364534701931102
0.4480978318741782
0.4328505887825574
0.4430028390885192
0.4279289612489195
0.4392730455052199
0.4243260798383668
0.434178052719561
0.4194044523047289
0.4133841415512426
0.3984371758843895
0.4085894261903512
0.3938158257755192
0.4216888321641374
0.4064415890725168
0.416894116803246
0.4018202389636465
0.3952798324540966
0.3800325893624759
0.3907853945179729
0.3757115166783733
0.3874952375972653
0.3725482719304122
0.3830007996611416
0.3682271992463096
0.361606333643288
0.3466593679764349
0.3574121731319319
0.3426385727170999
0.368870832744056
0.3536235896524352
0.3646766722326997
0.3496027943931002
0.3761353318448238
0.3605878113284355
0.3719411713334677
0.3565670160691005
0.4030644273109281
0.3875169067945397
0.3985699893748043
0.3831958341104371
0.4108490221677595
0.3950012242266036
0.4063545842316357
0.3906801515425009
0.3833998309455918
0.3675520330044359
0.3792056704342357
0.3635312377451009
0.2116871711888299
0.2269870267887318
0.2269870267887319
0.2433926913994644
0.1851870439413326
0.2004868995412345
0.1985715821510084
0.214977246761741
0.1620043437263271
0.1753888819360029
0.1753888819360029
0.1898792291565093
0.1851870439413326
0.1985715821510084
0.2004868995412345
0.214977246761741
0.1586869166938352
0.170156137513285
0.1739867722937372
0.1865618021240175
0.1321867894463379
0.1417406928755615
0.1474866450462398
0.1581463574862941
0.1156389432963161
0.1251928467255397
0.1290234815059919
0.1396831939460461
0.1388216435113216
0.1502908643307713
0.1522061817209974
0.1647812115512777
0.1189563703288079
0.1304255911482576
0.1304255911482577
0.143000620978538
0.09909109714629426
0.1086450005755179
0.110560317965744
0.1212200304057982
0.08254325099627244
0.09209715442549606
0.09209715442549607
0.1027568668655503
0.0990910971462943
0.110560317965744
0.1086450005755179
0.1212200304057983
0.1156389432963162
0.129023481505992
0.1251928467255398
0.1396831939460462
0.1388216435113216
0.1522061817209974
0.1502908643307713
0.1647812115512778
0.1586869166938353
0.1739867722937372
0.170156137513285
0.1865618021240176
0.132186789446338
0.1474866450462399
0.1417406928755616
0.1581463574862941
0.1009273778693363
0.1189747880724871
0.1082219829169901
0.1275737837854311
0.08829275130565162
0.1040808906036011
0.09558735635330537
0.1126798863165451
0.0609468918846283
0.07673503118257777
0.0659822260270808
0.08307475599032053
0.06966834645244231
0.08771575665559304
0.07470368059489482
0.09405548146333578
0.03840931503554829
0.05645672523869903
0.04118537827279958
0.06053717914124054
0.007150283618654277
0.02519769382180501
0.007667075950704316
0.02701887681914527
0.006255173042581605
0.0220433123405311
0.006771965374631645
0.02386449533787136
0.03360103246360494
0.04938917176155444
0.03637709570085623
0.05346962566409595
0.02879274989166159
0.04232161828440983
0.03156881312891287
0.04640207218695135
0.005360062466508945
0.01888893085925718
0.005876854798558982
0.02071011385659745
0.004464951890436279
0.01573454937798328
0.004981744222486314
0.01755573237532354
0.02398446731971825
0.03525406480726525
0.02676053055696953
0.03933451870980676
0.04350398274900023
0.05477358023654722
0.04853931689145274
0.06111330504428997
0.05222543731681425
0.06575430570956249
0.05726077145926677
0.07209403051730526
0.0756581247419669
0.08918699313471513
0.08295272978962068
0.09778598884765918
0.06302349817828219
0.07429309566582917
0.07031810322593596
0.08289209137877318
0.04811975872875805
0.05672433206641918
0.05672433206641919
0.06686753910215287
0.03321620053047649
0.03915578212883833
0.04182077386813761
0.04929898916457202
0.02292854342641264
0.02886812502477447
0.02886812502477448
0.03634634032120888
0.0332162005304765
0.04182077386813762
0.03915578212883834
0.04929898916457204
0.01831264233219494
0.02691721566985605
0.02158723219125751
0.0317304392269912
0.003409084133913379
0.01201365747157449
0.004018682253676676
0.01416188928941036
0.002353229218284894
0.008292810816646731
0.00296282733804819
0.01044104263448259
0.01264088632234876
0.01858046792071059
0.01591547618141133
0.02339369147784574
0.00696913031250258
0.01024372017156515
0.01024372017156515
0.01505694372870028
0.001297374302656403
0.004571964161718969
0.0019069724224197
0.006720195979554833
0.0002415193870279147
0.0008511175067912104
0.0008511175067912119
0.002999349324627071
0.001297374302656401
0.001906972422419696
0.004571964161718969
0.00672019597955483
0.002353229218284888
0.002962827338048184
0.008292810816646727
0.01044104263448259
0.01264088632234876
0.01591547618141133
0.0185804679207106
0.02339369147784574
0.01831264233219494
0.0215872321912575
0.02691721566985606
0.0317304392269912
0.003409084133913372
0.004018682253676666
0.01201365747157449
0.01416188928941035
0.004464951890436176
0.004981744222486236
0.01573454937798321
0.01755573237532349
0.005360062466508883
0.005876854798558942
0.01888893085925715
0.02071011385659743
0.02879274989166157
0.03156881312891285
0.04232161828440983
0.04640207218695135
0.02398446731971821
0.02676053055696949
0.03525406480726524
0.03933451870980675
0.04350398274900026
0.04853931689145276
0.05477358023654729
0.06111330504429002
0.06302349817828228
0.07031810322593603
0.07429309566582931
0.08289209137877329
0.07565812474196695
0.0829527297896207
0.08918699313471523
0.09778598884765924
0.05222543731681427
0.05726077145926677
0.06575430570956253
0.07209403051730529
0.06094689188462829
0.06598222602708079
0.07673503118257778
0.08307475599032053
0.08829275130565163
0.0955873563533054
0.1040808906036012
0.1126798863165451
0.1009273778693363
0.1082219829169901
0.1189747880724871
0.127573783785431
0.0696683464524423
0.07470368059489481
0.08771575665559303
0.09405548146333578
0.03840931503554829
0.04118537827279958
0.05645672523869903
0.06053717914124053
0.03360103246360494
0.03637709570085622
0.04938917176155444
0.05346962566409595
0.006255173042581577
0.00677196537463164
0.02204331234053108
0.02386449533787136
0.007150283618654286
0.007667075950704351
0.02519769382180501
0.02701887681914529
