FiniteElementSpace
FiniteElementCollection: L2_2D_P4
VDim: 2
Ordering: 0

-0.07305364725109018
-0.05944687931177035
-0.03898263861525383
-0.01808303811941966
-0.003680755541267614
-0.08495118991807747
-0.06912841896988084
-0.04533136484110039
-0.02102804806307242
-0.00428020468236899
-0.1015582876855926
-0.08264232517241477
-0.05419318783118487
-0.02513881861708355
-0.005116941374269535
-0.1170311780901264
-0.09523327830198439
-0.06244977894839809
-0.02896883775413101
-0.005896531842903874
-0.1268562313767513
-0.1032283446530758
-0.06769259044460843
-0.03140084244921082
-0.006391560095274176
-0.1386662944824309
-0.1279265482550462
-0.1110131624950882
-0.09285997692007666
-0.07985479666859951
-0.161249535937951
-0.1487607108653478
-0.129092805156089
-0.1079831853981529
-0.09285997692007669
-0.1927721880734936
-0.1778419241089561
-0.1543291419087275
-0.1290928051560891
-0.1110131624950883
-0.2221419520492061
-0.20493699102844
-0.1778419241089562
-0.1487607108653479
-0.1279265482550461
-0.2407913115762676
-0.2221419520492062
-0.1927721880734937
-0.1612495359379509
-0.1386662944824309
-0.00639156009527419
-0.005896531842903749
-0.005116941374269548
-0.004280204682368843
-0.003680755541267574
-0.03140084244921094
-0.02896883775413085
-0.02513881861708339
-0.02102804806307219
-0.01808303811941954
-0.06769259044460826
-0.06244977894839793
-0.05419318783118478
-0.04533136484110035
-0.03898263861525381
-0.1032283446530759
-0.09523327830198425
-0.08264232517241475
-0.06912841896988074
-0.05944687931177031
-0.1268562313767514
-0.1170311780901265
-0.1015582876855926
-0.08495118991807755
-0.07305364725109029
-0.003367269445881564
-0.002740091260214885
-0.001796830861542349
-0.0008335033778525564
-0.0001696574522729882
-0.01654292469726561
-0.0134616858287986
-0.008827579174744605
-0.004094885733482378
-0.0008335033778525791
-0.03566252810252669
-0.02902012539876146
-0.01903011687217834
-0.008827579174744646
-0.001796830861542342
-0.05438385084671919
-0.04425446694923222
-0.02902012539876151
-0.01346168582879865
-0.002740091260214944
-0.06683174460808891
-0.05438385084671914
-0.03566252810252672
-0.01654292469726557
-0.003367269445881563
0.4266070378443638
0.4375834773514562
0.449529964900026
0.456456082297725
0.4582590107143757
0.4120791667451491
0.4226818095631546
0.434221465963155
0.4409117181925712
0.4426532488606743
0.3869543158296873
0.3969105056318405
0.4077465784244587
0.4140289197391382
0.4156642676590418
0.3575079423270182
0.3667064879536591
0.3767179594078235
0.3825222283474047
0.3840331298825896
0.335083534878892
0.3437051088899675
0.3530886185887029
0.3585288192762826
0.3599449506885481
0.3300080106649757
0.3520927546825281
0.3810931027432764
0.405837386498855
0.4201452033314005
0.3187697669996233
0.3401024270478927
0.3681151839976556
0.3920168146018471
0.405837386498855
0.299334077164871
0.3193660650447884
0.3456708580912726
0.3681151839976555
0.3810931027432763
0.2765554113697256
0.29506300897156
0.3193660650447884
0.3401024270478927
0.3520927546825283
0.2592086884237325
0.2765554113697255
0.2993340771648709
0.3187697669996236
0.3300080106649758
0.359944950688548
0.3840331298825895
0.4156642676590417
0.4426532488606743
0.4582590107143758
0.3585288192762822
0.3825222283474045
0.4140289197391382
0.4409117181925711
0.4564560822977251
0.353088618588703
0.3767179594078236
0.4077465784244586
0.4342214659631549
0.4495299649000259
0.3437051088899674
0.366706487953659
0.3969105056318405
0.4226818095631545
0.4375834773514563
0.335083534878892
0.357507942327018
0.3869543158296873
0.4120791667451489
0.4266070378443637
0.465307035701525
0.4772792116773595
0.4903094343768222
0.4978638600410791
0.4998303425477271
0.4634763782403087
0.4754014520844419
0.488380409979
0.4959051142665176
0.4978638600410792
0.4564437371358379
0.4681878637549831
0.4809698831278217
0.4883804099789999
0.4903094343768223
0.4443135125722125
0.4557455330507678
0.4681878637549831
0.475401452084442
0.4772792116773595
0.4331682553919111
0.4443135125722125
0.4564437371358379
0.4634763782403087
0.4653070357015249
