FiniteElementSpace
FiniteElementCollection: L2_2D_P4
VDim: 2
Ordering: 0

0.3660879039074455
0.4112118159979041
0.4616262801602574
0.4914764714515364
0.4993216004601169
0.3603360861771726
0.4047510305173971
0.4543734040213697
0.4837546017794327
0.4914764714515364
0.3384508043247735
0.3801681737824577
0.4267766952966369
0.4543734040213697
0.4616262801602573
0.3014884027487034
0.3386497949627567
0.3801681737824577
0.4047510305173971
0.4112118159979041
0.2684048782665308
0.3014884027487033
0.3384508043247735
0.3603360861771725
0.3660879039074454
-0.0125345133141717
-0.01046230877279503
-0.007048024987149156
-0.003319769672439635
-0.0006783995398830611
-0.06133803859352657
-0.05119763992412336
-0.0344897338918709
-0.01624539822056726
-0.003319769672439622
-0.130223500822633
-0.1086949641307829
-0.07322330470336313
-0.03448973389187087
-0.007048024987149134
-0.1933078383752727
-0.1613502050372433
-0.1086949641307829
-0.05119763992412338
-0.01046230877279499
-0.2315951217334692
-0.1933078383752728
-0.130223500822633
-0.06133803859352659
-0.01253451331417165
