FiniteElementSpace
FiniteElementCollection: L2_2D_P3
VDim: 1
Ordering: 0

3.420262425859495e+44
-7.230754688892057e+44
-2.009182631534068e+45
-2.864918394587976e+45
-7.230754688894914e+44
-5.68539448432006e+45
-1.168052480077095e+46
-1.566596659486113e+46
-2.009182631534593e+45
-1.168052480077102e+46
-2.292397401291021e+46
-2.939304602502666e+46
-2.864918394588619e+45
-1.566596659486113e+46
-2.939304602502647e+46
-3.45917089124254e+46
-3.260734905202146e+45
-3.868240468569963e+45
-4.374296530382559e+45
-4.530943748617478e+45
-1.750625984449949e+46
-2.032000471116781e+46
-2.265138837162251e+46
-2.33723294122208e+46
-3.178904779039375e+46
-3.42137936087739e+46
-3.466864941312222e+46
-3.437445488659952e+46
-3.469855811657951e+46
-3.001639294649302e+46
-2.003395924456276e+46
-1.525752040322332e+46
-3.221848765900505e+46
-2.029411005642962e+46
-9.087369027815158e+43
9.057947589282962e+45
-2.029411005642946e+46
1.157685854529308e+46
5.968436117611114e+46
8.06277058195227e+46
-9.087369027774112e+43
5.968436117611187e+46
1.465705575451549e+47
1.840069513917911e+47
9.05794758928362e+45
8.062770581952395e+46
1.840069513917898e+47
2.302670678433184e+47
-3.260734905202836e+45
-1.750625984449942e+46
-3.178904779039338e+46
-3.469855811657934e+46
-3.868240468570731e+45
-2.03200047111675e+46
-3.421379360877323e+46
-3.001639294649273e+46
-4.374296530383418e+45
-2.265138837162189e+46
-3.46686494131213e+46
-2.003395924456256e+46
-4.530943748618378e+45
-2.337232941222007e+46
-3.437445488659843e+46
-1.525752040322321e+46
-4.530943748618371e+45
-2.33723294122201e+46
-3.437445488659843e+46
-1.525752040322318e+46
-4.374296530383414e+45
-2.265138837162213e+46
-3.466864941312137e+46
-2.003395924456248e+46
-3.868240468570707e+45
-2.032000471116815e+46
-3.421379360877359e+46
-3.001639294649282e+46
-3.260734905202679e+45
-1.750625984450037e+46
-3.178904779039415e+46
-3.469855811657971e+46
-2.864918394588333e+45
-1.566596659486215e+46
-2.939304602502757e+46
-3.4591708912426e+46
-2.009182631534066e+45
-1.168052480077171e+46
-2.29239740129117e+46
-2.939304602502809e+46
-7.230754688886131e+44
-5.685394484319774e+45
-1.168052480077177e+46
-1.566596659486268e+46
3.420262425871759e+44
-7.230754688879544e+44
-2.009182631533106e+45
-2.864918394587388e+45
-3.469855811658003e+46
-3.001639294649365e+46
-2.003395924456337e+46
-1.525752040322387e+46
-3.178904779039498e+46
-3.421379360877519e+46
-3.466864941312397e+46
-3.437445488660146e+46
-1.750625984450119e+46
-2.032000471116957e+46
-2.265138837162439e+46
-2.337232941222285e+46
-3.260734905201775e+45
-3.868240468569884e+45
-4.374296530382675e+45
-4.530943748617661e+45
9.057947589283742e+45
8.06277058195239e+46
1.840069513917888e+47
2.302670678433166e+47
-9.08736902773739e+43
5.968436117611223e+46
1.465705575451535e+47
1.84006951391788e+47
-2.029411005642931e+46
1.157685854529395e+46
5.968436117611232e+46
8.062770581952378e+46
-3.221848765900541e+46
-2.029411005642966e+46
-9.087369027745776e+43
9.057947589283868e+45
2.302670678433169e+47
1.840069513917898e+47
8.062770581952492e+46
9.057947589284167e+45
1.840069513917881e+47
1.465705575451543e+47
5.968436117611295e+46
-9.087369027747277e+43
8.062770581952372e+46
5.96843611761123e+46
1.157685854529371e+46
-2.029411005643072e+46
9.057947589283794e+45
-9.0873690277776e+43
-2.029411005643073e+46
-3.221848765900781e+46
-1.52575204032239e+46
-2.003395924456381e+46
-3.001639294649523e+46
-3.469855811658274e+46
-3.437445488660152e+46
-3.466864941312465e+46
-3.421379360877695e+46
-3.178904779039707e+46
-2.337232941222299e+46
-2.26513883716249e+46
-2.032000471117018e+46
-1.750625984450166e+46
-4.530943748617667e+45
-4.374296530382701e+45
-3.868240468569954e+45
-3.26073490520193e+45
-3.459170891242909e+46
-2.939304602503083e+46
-1.566596659486418e+46
-2.864918394587067e+45
-2.939304602503004e+46
-2.292397401291361e+46
-1.168052480077284e+46
-2.009182631532662e+45
-1.566596659486313e+46
-1.168052480077241e+46
-5.68539448431997e+45
-7.230754688871527e+44
-2.864918394587598e+45
-2.009182631533262e+45
-7.230754688875696e+44
3.420262425884928e+44
-1.525752040322375e+46
-3.437445488660263e+46
-2.337232941222509e+46
-4.530943748617588e+45
-2.003395924456377e+46
-3.466864941312576e+46
-2.265138837162691e+46
-4.374296530382589e+45
-3.001639294649541e+46
-3.421379360877801e+46
-2.032000471117187e+46
-3.868240468569687e+45
-3.469855811658294e+46
-3.178904779039806e+46
-1.750625984450299e+46
-3.260734905201491e+45
-3.469855811658169e+46
-3.178904779039694e+46
-1.750625984450217e+46
-3.260734905201242e+45
-3.001639294649458e+46
-3.421379360877703e+46
-2.032000471117112e+46
-3.868240468569506e+45
-2.003395924456356e+46
-3.466864941312532e+46
-2.265138837162634e+46
-4.374296530382488e+45
-1.525752040322376e+46
-3.437445488660256e+46
-2.337232941222493e+46
-4.530943748617564e+45
9.05794758928307e+45
-9.08736902778723e+43
-2.029411005642993e+46
-3.221848765900658e+46
8.062770581952272e+46
5.968436117611162e+46
1.157685854529373e+46
-2.029411005643011e+46
1.84006951391791e+47
1.465705575451552e+47
5.968436117611293e+46
-9.087369027738002e+43
2.302670678433185e+47
1.840069513917904e+47
8.062770581952497e+46
9.057947589284151e+45
-4.530943748617472e+45
-4.374296530382502e+45
-3.868240468569756e+45
-3.260734905201728e+45
-2.337232941222085e+46
-2.265138837162289e+46
-2.03200047111687e+46
-1.750625984450061e+46
-3.437445488659962e+46
-3.466864941312279e+46
-3.421379360877525e+46
-3.178904779039575e+46
-1.525752040322331e+46
-2.003395924456293e+46
-3.001639294649394e+46
-3.469855811658137e+46
-2.864918394587409e+45
-2.009182631533239e+45
-7.230754688878683e+44
3.420262425880051e+44
-1.566596659486219e+46
-1.16805248007715e+46
-5.685394484319269e+45
-7.230754688871011e+44
-2.939304602502897e+46
-2.29239740129126e+46
-1.168052480077186e+46
-2.009182631532369e+45
-3.459170891242789e+46
-2.939304602502982e+46
-1.566596659486332e+46
-2.864918394586784e+45
