FiniteElementSpace
FiniteElementCollection: L2_2D_P1
VDim: 1
Ordering: 0

-4.621593578354997e+85
-4.204929842558798e+85
-5.20207031689066e+85
-4.72063215846363e+85
-5.334682750644888e+85
-4.925627198047041e+85
-6.031212248221937e+85
-5.554192598694376e+85
-4.204680219177106e+85
-3.897842492669174e+85
-4.848109119381131e+85
-4.483759389473556e+85
-3.667667079259597e+85
-3.350492581199402e+85
-4.212127446967178e+85
-3.838694602923544e+85
-2.789974179531838e+85
-2.557571853074575e+85
-3.28912637589948e+85
-3.008988993382536e+85
-2.000435201315297e+85
-1.838789013168648e+85
-2.447926215077711e+85
-2.24658443129139e+85
-2.269346883580828e+85
-2.116726449659505e+85
-2.784216885832624e+85
-2.593035670239755e+85
-3.179692777842484e+85
-2.957810258105166e+85
-3.761330745316543e+85
-3.491879931196166e+85
-3.541866018583812e+85
-3.33743204217719e+85
-4.202917838258533e+85
-3.953324965658352e+85
-2.516821225541704e+85
-2.377449301378331e+85
-3.09469547050572e+85
-2.91984144957341e+85
-2.735660333965247e+85
-2.613521325222593e+85
-3.368421535931374e+85
-3.216051151311662e+85
-3.864642969819576e+85
-3.684274981132163e+85
-4.597203116566106e+85
-4.377049082205377e+85
-5.164701894604626e+85
-4.910041478070679e+85
-5.996935938701964e+85
-5.691139072637146e+85
-4.709882347603699e+85
-4.423860330864088e+85
-5.451183977236054e+85
-5.109004100816817e+85
-6.015001300318892e+85
-5.628472691473093e+85
-6.829243216544899e+85
-6.374586594278726e+85
-6.63485025754227e+85
-6.286870309395602e+85
-7.561550720243293e+85
-7.149625892929202e+85
-7.1664290342764e+85
-6.872610093494308e+85
-8.190767600100758e+85
-7.843148479169562e+85
-5.55115402810646e+85
-5.337860262825387e+85
-6.459902667529451e+85
-6.204927045677371e+85
-5.852084328897124e+85
-5.689760299587703e+85
-6.816257832266969e+85
-6.625024368354968e+85
-7.583398851828333e+85
-7.358336027278077e+85
-8.680311476868838e+85
-8.417222144995963e+85
-7.861390103121264e+85
-7.718823866721382e+85
-9.000890184799727e+85
-8.837587831560445e+85
-7.980653994384153e+85
-7.931658664364711e+85
-9.136025661864172e+85
-9.080800045956158e+85
-6.136701196788348e+85
-6.101711009323854e+85
-7.145282640693015e+85
-7.105421518415812e+85
-6.051497823704285e+85
-5.949279500355638e+85
-7.047956030243713e+85
-6.929864522171653e+85
-4.485498028960052e+85
-4.414542173286246e+85
-5.341682656103016e+85
-5.258784530563086e+85
-4.544422781946071e+85
-4.52023146028693e+85
-5.409771049781768e+85
-5.381841090086667e+85
-3.19066610473316e+85
-3.174645417029126e+85
-3.922228280330028e+85
-3.903335669325441e+85
-3.151635625221788e+85
-3.104470511276503e+85
-3.876246068196764e+85
-3.820089356696048e+85
-3.05953909934106e+85
-2.983714680564677e+85
-3.766237646258022e+85
-3.674492033854836e+85
-4.34700245891258e+85
-4.233615212320221e+85
-5.179128686442216e+85
-5.044222127796522e+85
-4.136678676025179e+85
-3.986686962398411e+85
-4.927498641654079e+85
-4.746052788813048e+85
-2.918844628270637e+85
-2.817892517763899e+85
-3.595080014887357e+85
-3.470789135258718e+85
-1.890230826401812e+85
-1.826829101093791e+85
-2.456354024012414e+85
-2.375884332244984e+85
-1.045708737803012e+85
-1.010583049759957e+85
-1.504256272928467e+85
-1.456879066087747e+85
-1.094042177501318e+85
-1.067987580242989e+85
-1.568716652564418e+85
-1.534071272963848e+85
-1.97804334358178e+85
-1.930721383695137e+85
-2.566473362548331e+85
-2.507405164940562e+85
-2.0352072169332e+85
-2.005939053277219e+85
-2.636985593598581e+85
-2.600933637099453e+85
-2.059347037958413e+85
-2.049439062265945e+85
-2.666413686171568e+85
-2.654297655857285e+85
-1.138518982695307e+85
-1.13311010589257e+85
-1.627054334245691e+85
-1.619965201309901e+85
-1.125343767919996e+85
-1.109316429387383e+85
-1.609890249672679e+85
-1.588782604475275e+85
-4.247370745763067e+84
-4.181784876655655e+84
-7.880511162503944e+84
-7.778368203349468e+84
-4.301071443034495e+84
-4.279017559800792e+84
-7.963021196960277e+84
-7.928710297921785e+84
1.574792296593582e+83
1.593203771473345e+83
-1.902291629168107e+84
-1.892788837816028e+84
1.623723373572655e+83
1.679067153162681e+83
-1.880162570871461e+84
-1.851931373832703e+84
1.739624800031452e+83
1.832234968652644e+83
-1.826852086674561e+84
-1.780726182563787e+84
-4.119320400221933e+84
-4.011959545092334e+84
-7.682405721887626e+84
-7.514762393047082e+84
-3.920332182401143e+84
-3.774218695116658e+84
-7.372037084064696e+84
-7.142645171531093e+84
1.921896890756161e+83
2.052344295511706e+83
-1.743550918052503e+84
-1.680921658395578e+84
2.169778751799798e+83
2.338862583112529e+83
-1.632205941284184e+84
-1.555004421066481e+84
2.482402540235419e+83
2.691050951952666e+83
-1.495507228689739e+84
-1.406132596784361e+84
-3.333739956170684e+84
-3.124871509968481e+84
-6.438923641643264e+84
-6.101858115887416e+84
-3.655903657068215e+84
-3.475448491089147e+84
-6.95494376594493e+84
-6.668761077223964e+84
-9.820193789709119e+84
-9.390797012784564e+84
-1.417829854169601e+85
-1.358860208537159e+85
-1.775193004871903e+85
-1.698070164228971e+85
-2.309482594892499e+85
-2.209977285338782e+85
-1.636973688482189e+85
-1.548575765470082e+85
-2.130278657915824e+85
-2.01482728336391e+85
-9.051225538142275e+84
-8.558105941759272e+84
-1.311469296746326e+85
-1.242397639261447e+85
-8.174621184638881e+84
-7.632409089353138e+84
-1.187979970571816e+85
-1.110667663528108e+85
-1.479817629174957e+85
-1.382512046819309e+85
-1.924553201603895e+85
-1.796802464526896e+85
-1.30795033078467e+85
-1.204095890917434e+85
-1.698987630163661e+85
-1.562848902031095e+85
-7.215434962214331e+84
-6.637375987151709e+84
-1.050907039284142e+85
-9.675640593818445e+84
-2.558815369284048e+84
-2.317039120484446e+84
-5.153041212375936e+84
-4.73557336289312e+84
-2.963890750761625e+84
-2.734113119631781e+84
-5.834074917846181e+84
-5.452864593922355e+84
2.858723201284553e+83
3.107660509672358e+83
-1.336790355312042e+84
-1.237933012587299e+84
3.297102423475525e+83
3.586069093626854e+83
-1.159780322401189e+84
-1.054090035516797e+84
