FiniteElementSpace
FiniteElementCollection: L2_2D_P2
VDim: 1
Ordering: 0

2.94285505974897e-05
0.0001306157404358519
0.0002310313376599414
0.0001306075095275094
0.0005776617918439588
0.001021963852896347
0.0002307164326589353
0.001021458484570737
0.001807455087074261
0.0002889869431729408
0.0003881056785073753
0.0004867266096268052
0.001278778249694289
0.001718265328976733
0.002157049411219436
0.002262378927280953
0.003042695321658629
0.00382246383722217
0.002833104398594331
0.003811811539917971
0.004793418759047997
0.003813717704555868
0.005137526327877931
0.006469967868555132
0.00479316123060132
0.006468083134306749
0.008150231385358506
0.0002887566286025681
0.001278858702278881
0.002263377342369327
0.0003886759361504921
0.001720653066325958
0.003045814843636612
0.0004880732206635113
0.002160666725057444
0.003824637132815682
0.0005454623522577885
0.002415454680824543
0.004277448404557575
0.0006435045085809088
0.002852231011312621
0.005058570175640012
0.000741362432209184
0.00328894278060129
0.005841941545273455
0.0007982484985921298
0.003543358724045548
0.006299109762049176
0.0008963192430875137
0.003981159785706575
0.007081247564112715
0.0009949756810521803
0.004419192886921487
0.007856820306778383
0.007908541031715014
0.01065399204868253
0.01336609465759163
0.008882364020600476
0.01194882121284676
0.01499692028513942
0.009847454448070532
0.01323991121803969
0.0166299207384677
0.005365266141350672
0.007245989571921628
0.009124843975192705
0.00635182109990718
0.008577221164288809
0.01078009961685442
0.007337069452342989
0.00989539181980958
0.01241840432548108
0.01020807994764639
0.0120460053513993
0.01387309942258937
0.01204662901258231
0.01421322324270337
0.0163835671708792
0.0138746633703043
0.01638407302240157
0.01890094655993993
0.01493786623585478
0.01765132478854163
0.02036845538068054
0.0167711996082478
0.01982939624263463
0.02288369480704211
0.01860586009807401
0.02200194908188236
0.0253895233055037
0.02194889483223332
0.02465548200979408
0.0273540772438321
0.02465774855704291
0.02769865790224287
0.03073371846882925
0.02735740335322513
0.03073488942502249
0.03410751623150814
0.0149354919527489
0.01676630248170009
0.01859705893698109
0.01764958301690981
0.01982429130811862
0.02199429433837038
0.0203673693519172
0.02287991899878218
0.02538438325612013
0.007908596169764942
0.008877965449104904
0.009840613666594436
0.01065015636950477
0.0119434376897171
0.01323415687550604
0.01336261697582459
0.01499202265175066
0.01662219449382165
0.005367887910233702
0.006355757755203716
0.007339678295097121
0.007249119438842585
0.008578953640161062
0.009893630460441024
0.009125827448663247
0.01077983231195425
0.01241592548663348
0.0005439957267007283
0.0006424483664854052
0.000740812882077494
0.002412188807400625
0.00285071584628079
0.003289052233645271
0.004277260077679506
0.005061142655456373
0.005845238126904439
0.0007980867636377854
0.0008967363871288266
0.0009956364221162522
0.003544273894101223
0.003982542522879128
0.004419816922335346
0.006301033154819133
0.007079338245405478
0.007851782051694412
0.001053193785661777
0.001151768107851105
0.00125014977224369
0.004674152819777446
0.005109632629262692
0.005542177408773791
0.008298789458060092
0.009063309840731575
0.009823388008645415
0.01039808360481563
0.0113531270342171
0.01230453152354614
0.01398496178910321
0.01527432602842041
0.01656103409566075
0.01757190303958261
0.01920077641708092
0.0208233894628643
0.01285690441113013
0.01380348706239434
0.01474603571444263
0.0173085448597794
0.01858817779718145
0.01986136844289461
0.02176411101287846
0.02337446553150388
0.02497886385999952
0.001307029608105149
0.00140364475336099
0.001499336087394425
0.005792184080714909
0.006218737823866277
0.006642304188881939
0.01026380647546889
0.01101809832187348
0.01176921729531985
0.001554502271919799
0.001648422283943147
0.001741463233798736
0.006887452068382063
0.007306573339354533
0.007723104318958061
0.01220470671715182
0.01294952140675038
0.01368999921555512
0.001795423761504082
0.001888101743771636
0.001980336570065697
0.007964406291014154
0.008377058978674277
0.008786995521208358
0.01411884405039416
0.01485168559201101
0.01557950408595262
0.01769606337503572
0.01861675751740059
0.01953111134878682
0.02384771329076608
0.0250923610055491
0.0263279348950396
0.03000464825656574
0.03157113277186976
0.03312513901826111
0.01529257370482418
0.01622752815023766
0.01715735100263873
0.02059953735538239
0.02186286718701761
0.02311943857005093
0.02591006642657729
0.0275034581685846
0.02908735417122232
0.02900503855835457
0.03078934101596687
0.03256181931053925
0.03431792597980297
0.036426218122212
0.03852032654523194
0.03961516936625633
0.04204614470389501
0.04446374018040874
0.03358779068563911
0.03534014986081265
0.03707931793889689
0.03973277088390821
0.04180545562439758
0.04386432859326977
0.04586509340383338
0.04826093151503169
0.05063977279815644
0.04943153154253011
0.05201458314865841
0.05457806113846385
0.05554910951094277
0.05844941745797557
0.061327512177846
0.06164455834328054
0.06486045079271735
0.06805348541777047
0.04268981970421307
0.04531125366089634
0.04791963249629408
0.04796399405993889
0.0509153172741284
0.05385008960965353
0.05323040020627057
0.05650745223850587
0.05976175233568552
0.03585038484285104
0.03851364078071041
0.04115840087445319
0.04028539714791849
0.04327111746856149
0.04624087507529716
0.04470087553801683
0.04801394826908977
0.05131445321342573
0.02435605641474142
0.02616142544404144
0.02796102045778931
0.02880681342874611
0.03094974125802011
0.03308288487858253
0.03325983517591472
0.03573470737996867
0.03819302936711051
0.01966229823620179
0.0214868701458496
0.02330281744674912
0.02325384730639897
0.02540998389699705
0.02755789891619068
0.02683759550395391
0.02932872306396935
0.03181427520798602
0.02892129320154997
0.03160979401763305
0.03429241181759905
0.03249843535901234
0.03552421876307559
0.03853856362923267
0.03606806823287354
0.03942520138537176
0.04276556794842216
0.03814056315529807
0.04168750177786997
0.04521687486161358
0.04168718493108534
0.04556044316524916
0.0494188581315892
0.04521717985898747
0.0494192390612377
0.05360949691996521
0.04726434066409966
0.05165978633432516
0.0560430155587102
0.05077099925504442
0.05549754186810732
0.06020636923646493
0.05426348675754721
0.05931634639465563
0.06434478125753977
0.05858701727724883
0.06293640467514242
0.06725839547531871
0.06293600143749187
0.06760247986179016
0.07224339570236708
0.06725839712180674
0.07224365262808907
0.07720601596564573
0.04726355796470055
0.05077052989343706
0.05426440581296015
0.05165947721570092
0.05549815096690319
0.05931761339776367
0.05604316529900707
0.06020714799876689
0.06434534950968275
0.05629101567573282
0.05975377916635345
0.06319139470904746
0.06152971226650019
0.06530869678343239
0.06906318571663134
0.0667410095459228
0.07083778503046766
0.0749123004063125
0.06518089658368331
0.06858139436383989
0.07195861765615107
0.07123825697259553
0.07495696147413233
0.07864892419755498
0.07727376179405815
0.08130796816871205
0.08530993439946864
0.08077646747084399
0.08499135082763108
0.08917145569457233
0.08676744344539745
0.09128870501692773
0.09577342588162817
0.09272031615355819
0.09754658744398215
0.1023349678566407
0.06976184911832652
0.07404605870772578
0.07830760240605625
0.07493462678712502
0.07954047513535897
0.08411815383703891
0.08008448195555137
0.08500627248962483
0.08989325409022984
0.08307010020767856
0.08817238883455057
0.09323720237992685
0.08817134854741242
0.09358061691296296
0.09895066179946388
0.09323576136285983
0.09895034727639948
0.1046240655888846
0.09616722743958914
0.1011705781718214
0.1061350874410741
0.1020578252444161
0.1073645053541138
0.1126303731574534
0.1079074053172074
0.1135158304687016
0.119081760234923
0.1112929491802222
0.1170766861972662
0.1228165531385249
0.1170763574475492
0.1231595261722867
0.1291953827429444
0.1228164954512134
0.1291955564893798
0.1355234883123068
0.09616621815501461
0.1020576175807829
0.1079072966004095
0.1011705180610287
0.1073643365898892
0.1135154083300026
0.1061351866042021
0.1126299793151569
0.1190814297486871
0.08077367053619333
0.08676377756875235
0.09271808497214748
0.08498746521178795
0.09128573284404866
0.09754570526314314
0.08916802892864316
0.09577194185829628
0.1023349785454874
0.06976232032034037
0.07493486148251693
0.08008424023587062
0.07404630011406163
0.07953944665035245
0.08500477706316473
0.07830617217642348
0.08411514158588268
0.08989077451967734
0.05628933522052183
0.06152861956347142
0.06674107063459996
0.05975200574596715
0.06530841827877329
0.0708383842972469
0.06319012243759703
0.06906328556642917
0.07491213212900104
0.06517970001775324
0.07123794676986397
0.07727236538921865
0.06857964365304763
0.07495533238057973
0.08130479555166219
0.07195637530574872
0.07864630269592529
0.08530628114151091
0.04942948194055495
0.05554551140542126
0.06164199286849277
0.05201019616691675
0.0584447189168566
0.06485747068733903
0.05457181692565668
0.0613223189141372
0.06805039720465463
0.03358553488570076
0.03973048923758782
0.04586362234911801
0.03533637376657808
0.04180238463238656
0.04825739483722019
0.03707470301526263
0.04386003406950983
0.05063413732358005
0.02901099258378071
0.03431506001937785
0.03961036412260863
0.03079136881910705
0.03642284016566861
0.04204355033697856
0.03256084237644945
0.0385177324829848
0.04446259160080118
0.04268706460979065
0.04796358732453288
0.05322938989607295
0.04531017597507937
0.05091410595866227
0.05650545414353347
0.04791863539424384
0.053847452036383
0.0597593755202604
0.03584919074745198
0.04028327848359251
0.04470070118134101
0.03850974778081706
0.0432694773147755
0.04801435387721163
0.04115440992939461
0.04624020748922485
0.05131424741512363
0.0289248908456022
0.0324994811516628
0.03606789810618374
0.03161296684740141
0.03552411015620029
0.03942438626532974
0.03429342949560871
0.03853692485572215
0.04276483246695258
0.01967308467929269
0.02326280074948394
0.02684336728404791
0.02149970515206761
0.02542090275201817
0.02933510637933683
0.02331770055747085
0.02757008381631225
0.03181958377049905
0.02437110968047115
0.02881758720562911
0.03326256370756842
0.02617407341080272
0.03095480907220683
0.03573229398542024
0.02796972424812359
0.03308212206760305
0.03818779679370279
0.01286115628809731
0.01731760116850244
0.02177820955374772
0.01381062759212143
0.01859922335803479
0.02338855576941047
0.01475583991016925
0.01987330857070059
0.0249914001747028
0.01040458695610027
0.01399068886120838
0.01758116998658261
0.0113577958230929
0.015280724355973
0.0192118091278015
0.01230807741285886
0.01656878508524651
0.020836537720795
0.00105250655043754
0.004674495293296493
0.00830425475366503
0.001151183537668526
0.005111341694449379
0.009067550032476798
0.00124978814059714
0.005544627225951664
0.009826412041101922
0.001306901377243118
0.005794678814216905
0.01026685570896838
0.001403946137956206
0.006221266847613096
0.01102281576215691
0.001499921422079499
0.006645250658977683
0.01177617059317509
0.00155536477574997
0.006891161804733306
0.0122129744291192
0.001650119937185932
0.007312065345497915
0.01295928875692882
0.00174411851166088
0.007730045542152101
0.01370091755573263
0.01530349032639399
0.02061169336684648
0.02592083586687409
0.01623953427010684
0.0218749375419486
0.02751061739195891
0.01717005558386711
0.02313044910044746
0.02909075495897767
0.01770888319354957
0.02385743493874901
0.03000597283145751
0.01862910737483263
0.02509931818343775
0.03156979861409204
0.01954238958842507
0.02633209277727198
0.03312212457044297
0.001798455098768854
0.007971879875883223
0.01413034075091934
0.001891315342500205
0.008385031044504091
0.01486383838015385
0.001983624959331115
0.008795321738367673
0.01559175191062157
0.002037358732608248
0.009032803407893296
0.01601271052434108
0.002129439273214957
0.009438255739278069
0.01673110947984642
0.00222052740379033
0.009840243602578
0.01744344616078267
0.002272991658472225
0.01007247930672295
0.01785561440154582
0.00236220583095131
0.01046832113489849
0.01855962690641021
0.002450437050582841
0.01086031350385569
0.01925736984156705
0.0223816609216552
0.03016725177173255
0.03795853618751478
0.02326559612293119
0.0313597047513442
0.03945888443666116
0.02414136938389976
0.03254066426861577
0.04094509483196213
0.02007035882286842
0.02704484065772126
0.03402056775869749
0.02097109935505705
0.02826131219735088
0.03555544871675817
0.02186436490887121
0.0294685335553572
0.03707838133001279
0.03808117616901491
0.04505109593614984
0.05200928844197595
0.03980057886797972
0.04708458282750209
0.05435682833125531
0.04150586359503696
0.04910083834235244
0.05668513012506801
0.05605376735130197
0.06298743034969034
0.06989857009088876
0.05858409383888831
0.0658310797285231
0.07305430439937889
0.06109412512454819
0.06865172613537147
0.07618349799820999
0.06254566413602092
0.07028259641612351
0.07799216854758832
0.06502186422233061
0.07306368694741207
0.08107590936965402
0.06747467642682498
0.07581748716141395
0.08412908181484285
0.04249117015872632
0.05026643740761139
0.05803150252625083
0.04417094843603606
0.05225508699802731
0.06032875394858166
0.04583516266889041
0.05422544323478563
0.06260480056197679
0.04679631477668647
0.05536370812083198
0.06391948299035316
0.04843415684255681
0.05730375992304448
0.06615921921756207
0.05005497679969824
0.05922361344391702
0.06837444978344838
0.06889108702455318
0.07740726672355566
0.08589183566434755
0.07130361112589111
0.08011530767250347
0.08889493613385689
0.07368941593860102
0.08279381411204167
0.0918652597288248
0.07506557642412556
0.08433913728296344
0.09357863812031171
0.07740797690479806
0.08696956617245062
0.09649446297444798
0.07972215703512595
0.08956803984272267
0.09937461521819392
0.05099074748986217
0.06033150059582998
0.06965219550388274
0.05258457071297653
0.0622171939486979
0.0718267922896252
0.0541595872686294
0.06408005814737029
0.07397510742926597
0.02685039541123973
0.03620082808466468
0.04554911002549016
0.02768707177257367
0.03733193739367252
0.04697269935875822
0.02851422064249796
0.03844983505778536
0.04837961612025966
0.02464684180667088
0.03322286050974194
0.04180346405062495
0.02550751985392987
0.03438584557041767
0.04326618529001427
0.02635906177533302
0.03553662337333263
0.04471346657593808
0.002501286630818488
0.0110866831100974
0.01965996521710228
0.002587876789681471
0.01147240002916742
0.02034504475929097
0.002673606860579073
0.011853939454354
0.02102268882356791
0.002723109941254483
0.01207406383183153
0.02141362358938604
0.002807441261055281
0.01244895019876701
0.02207942337084543
0.00289082349713998
0.01281956443684637
0.02273775875575398
0.002939016033291127
0.01303349373913385
0.02311787591645539
0.003021162393099862
0.01339783505312642
0.02376509826974423
0.003102208008098496
0.01375751747630083
0.02440371969365713
0.02899140646132493
0.03909403455274682
0.04919076008531183
0.0298033109822035
0.04018914784053384
0.05057029315027214
0.03060441137800572
0.04126985512171039
0.05193149559456155
0.03106554043255111
0.04189212875684076
0.05271486079514692
0.03184882707649998
0.04294912808177772
0.05404470921954051
0.03262087590487494
0.04399057151093996
0.05535467645150573
0.00314885157760301
0.01396450947731835
0.02477122961391196
0.003228040183051733
0.01431567438945533
0.02539504768727301
0.003306034889403886
0.01466144554543456
0.02600952726533781
0.003350876240466367
0.01486001535282576
0.02636315643919571
0.003426916095852991
0.01519671206333991
0.02696373388532599
0.003501657832833055
0.01552815767495104
0.02755470258015053
0.003544495384933756
0.01571883585208804
0.02789421658101135
0.003616925623648495
0.01604238505605484
0.02846949349215675
0.003688013147043566
0.01636023975400337
0.02903439827885543
0.03498664299227933
0.0471797924732214
0.05936790864659371
0.03570827635776145
0.04815296919609924
0.06059311788127937
0.03641701690586696
0.04910897090523841
0.06179663082936754
0.03306508068511432
0.04458952900397775
0.05610810865454994
0.03381894610073186
0.04560579547613091
0.05738686606713429
0.03456067399705793
0.04660555444230382
0.05864504610186307
0.06281065769757235
0.07430918921488909
0.08577612074133874
0.06424239413536001
0.07600228693123851
0.08772802332778973
0.06565106261706001
0.07766759642178436
0.08964788019013602
0.06646025758855333
0.07862398799119837
0.090750450229622
0.06783152316191794
0.08024433578826552
0.09261845578082277
0.06917837901149063
0.08183534902995478
0.09445270204798475
0.09779101834119926
0.1098477310567742
0.1218487932819267
0.09980257468970642
0.1121046566075343
0.1243492738855802
0.1017778433935079
0.114320645694303
0.1268041822083143
0.09243403972500139
0.1038356827964065
0.1151877544754206
0.09453614742494515
0.1061949930466905
0.1178018738245075
0.09660369773748338
0.108515383945509
0.1203726642140285
0.08685060961497724
0.09757015985495172
0.1082446050226244
0.08903899265560099
0.1000259645381388
0.1109660393921564
0.09119469425617477
0.1024448711514244
0.1136465835798156
0.05901249020427926
0.06981592322877445
0.08059208198400485
0.0605007954181141
0.07157645612105365
0.08262372416772037
0.06196712713730014
0.0733112894719723
0.08462530921044234
0.05506766388379563
0.06515361824397929
0.07521327146261127
0.05661206054452275
0.06697886629867696
0.07731872118669306
0.05813577737544195
0.06877946158575507
0.07939603764724694
0.08105597748094082
0.09106556858874483
0.1010345795248889
0.08332416627399189
0.09361189644744841
0.1038573091888972
0.08556211804937885
0.0961240189996863
0.1066418811249101
0.1068170794234367
0.116711988922739
0.1265543627754375
0.109799711036386
0.119967389869676
0.130080527180278
0.1127416555615579
0.1231780389167218
0.1335586549359369
0.132257365075262
0.1420098000171959
0.1517042023838263
0.1359407266717033
0.1459629124027456
0.1559255183807872
0.1395742349661379
0.1498624469308417
0.1600890447375541
0.1416657704381696
0.1521070203025105
0.1624855575040285
0.1452176282226784
0.1559187151001689
0.1665552810766056
0.1487162349544781
0.1596733465334472
0.1705634870457503
0.1144348805256553
0.1250260001103455
0.1355607215842442
0.1173100762407351
0.128164253076269
0.1389606966401547
0.120142046360756
0.1312552496913536
0.1423095426640157
0.1217701749383483
0.1330322768939083
0.144234917182532
0.1245316576547033
0.1360464636803283
0.1475010292995195
0.1272474113335523
0.1390109678649092
0.1507135380754643
0.128806838787673
0.1407133248162125
0.1525583613760437
0.1314485514698571
0.143597306256761
0.1556833723189261
0.1340422402200347
0.1464289989065538
0.158751347135694
0.1594234916555515
0.1711608666171324
0.1828220566735283
0.1626875123707564
0.1746617401049488
0.1865587588074133
0.1658917768329372
0.1780986899250178
0.1902274283737647
0.1507278769106826
0.1618321871520984
0.1728674790804162
0.1541403029350052
0.1654937209672613
0.1767744972948318
0.1574964255305451
0.1690939836738449
0.180616251995538
0.1792566609675974
0.1901714727013127
0.2010073667564357
0.1833061130572529
0.1944649473887262
0.205541126226992
0.1872881313515378
0.1986866768432058
0.2099987306478449
0.1895746152174204
0.2011105747167467
0.2125578528036771
0.1934479498814284
0.2052159794692876
0.2168918030894591
0.1972505484061886
0.2092455982308096
0.2211451530917815
0.2191781622456971
0.2304733850090445
0.2416671245653401
0.2236436686900109
0.235163071545902
0.2465784815885695
0.2280258987540821
0.2397651872386616
0.2513982917800929
0.2072753578852787
0.217970079366905
0.2285714280681684
0.2119475711299267
0.2228784268992617
0.2337129769594912
0.2165411517157808
0.2277037339702236
0.2387666665288596
0.19485712780461
0.2049254216658204
0.2149053165372936
0.1997258874507673
0.2100400985541322
0.2202636274355487
0.2045199827944401
0.2150757039566285
0.2255391618571639
0.1684961699390565
0.1787649286411556
0.1889585461443171
0.1727145021116277
0.183236485088821
0.1936821692299231
0.1768687929005595
0.1876400032619529
0.198333729217425
0.1573198533672861
0.1669157687249973
0.1764415419895086
0.1616959363942378
0.1715553683892989
0.1813427678902785
0.1660119738621014
0.1761313319690103
0.1861765412095923
0.1819537019523611
0.191365246302569
0.200698512171213
0.1870064987556968
0.1966758558523631
0.2062628194508967
0.1919894397395615
0.2019123631155832
0.2117488448772614
0.1685988635640845
0.177326808104679
0.1859834265988994
0.173822711803184
0.1828177629898922
0.1917398541925602
0.1789813609195796
0.1882407066481082
0.1974241076795522
0.1548209349912879
0.1628440245601101
0.1708028704111878
0.160204763127399
0.1685040435452788
0.1767354330218936
0.1655285838291489
0.1740998974109021
0.1826006815419335
0.1338326520787118
0.1420062292075323
0.1501229627739414
0.1384920824930372
0.1469471359544076
0.1553443158124688
0.1430989640901923
0.1518332762928934
0.1605080263842465
0.1457559561957216
0.1546518481809532
0.1634864105411752
0.1502782501054784
0.1594487556544724
0.1685541393162212
0.154745540659915
0.1641862868262495
0.1735583721547235
0.1225210977934708
0.1315652366323053
0.1405516526821876
0.1263297780703544
0.1356504700261049
0.1449130342791723
0.1300907238755517
0.1396849350556208
0.149221278296846
0.09893856775727619
0.1081095633041886
0.117232668560794
0.1020194749239881
0.1114735456273594
0.120878852296209
0.1050629199531493
0.1147968593925373
0.1244798635204838
0.09081529420238622
0.0992415070785348
0.1076227755094511
0.09398917300000603
0.1027064764163997
0.1113771843250173
0.09712814434106204
0.1061331047966368
0.1150903875801359
0.1124804664323897
0.1207896985394543
0.1290493322637871
0.1164031322811528
0.1250001808386415
0.1335444438879989
0.1202828974641825
0.1291640327060887
0.1379887963862606
0.1021628606881495
0.1097151709236588
0.1172230518002279
0.1061903294666793
0.1140379036045477
0.1218395742967263
0.1101780161828443
0.1183181651722265
0.1264103006096391
0.08246647385119159
0.09012566365607316
0.0977464532745782
0.08572552047630058
0.09368430361506401
0.1016018921679007
0.08895226548208267
0.09720746672967565
0.1054189802244914
0.07391084974634123
0.08078179181343487
0.08762076351491437
0.07724717065547378
0.08442595506916881
0.09157034705894557
0.08055489615782301
0.08803827706040714
0.0954848409615178
0.09158583383914799
0.09836623861491023
0.1051043964779165
0.09571166416123392
0.1027929040155267
0.1098304703596216
0.09980053273786035
0.107180081964392
0.1145154766659023
0.1090063329614621
0.1156759550137025
0.1223014053399177
0.1139066630174441
0.1208747662850225
0.1277958264202137
0.1187647234475087
0.1260277825619824
0.1332403955058143
0.1215722219788463
0.1290051944777912
0.1363859375401238
0.1263585388850969
0.1340808005070503
0.1417486640805257
0.1310970271439532
0.1391055508009433
0.1470578661339774
0.1406569563711499
0.1479506894921663
0.155187724845323
0.146186130313293
0.1537646129676917
0.1612840384919692
0.1516603598538862
0.1595207827145956
0.1673191872344559
0.1261367797759276
0.1326859801256451
0.1391823522503461
0.1318013171123626
0.1386403512978729
0.1454249512841206
0.1374141118807173
0.1445410415030432
0.1516121962728994
0.142938932435766
0.149349348158475
0.1557027279565689
0.1493486570289379
0.1560443735909504
0.1626802254735646
0.1557018761556829
0.1626802969742068
0.1695958043266568
0.1593733470806123
0.1665148511259096
0.1735913562144508
0.1656326196059681
0.173051110262795
0.1804012554698028
0.1718283668358467
0.1795201188928387
0.1871411354802266
0.1776795010736452
0.1846476745302781
0.1915442724313381
0.1846473508728154
0.1918851008732965
0.1990485942492894
0.1915440213396958
0.1990488129493563
0.206475554720126
0.1593737125935155
0.1656320561826583
0.1718277290998521
0.1665145085944767
0.1730508212697276
0.1795205149852042
0.1735912692724154
0.1804015528373758
0.187141748103935
0.1754043588805654
0.1814953093945949
0.1875166701290829
0.1832546980555246
0.1896139189534647
0.1959009279281108
0.19103208450582
0.1976575331547225
0.2042074564483864
0.1909890232831082
0.1968974009687859
0.202731521144451
0.1995266269701963
0.205695052208109
0.2117846394676562
0.2079842822600304
0.2144087541980023
0.2207504758128972
0.2128690995279675
0.2194410314896888
0.2259281768984689
0.2211922719169431
0.2280152322786265
0.2347497127506557
0.2294263825133437
0.2364968907810912
0.2434749715230701
0.1955250452640689
0.2023042385118311
0.209005431637476
0.2031831969618147
0.2102231640415928
0.2171809704804605
0.2107613649716541
0.2180580207107793
0.2252691983312839
0.2151342685157349
0.2225788340948737
0.2299359523191186
0.2225788137019201
0.2302751290439987
0.2378801129327641
0.229935945243541
0.2378801693380023
0.2457293399773093
0.2341770024804361
0.2413897806045037
0.2485081784024312
0.2422635505850618
0.2497186576834894
0.2570768691684547
0.2502535353879864
0.2579490025873609
0.2655451395096942
0.2548592716357084
0.2626936655920061
0.2704270224770599
0.2626938642269825
0.2707644826091382
0.2787309441871509
0.2704271725515431
0.2787308181743096
0.2869276473876993
0.2341770617458901
0.2422636623427815
0.2502536464454202
0.2413899916909854
0.2497189124498559
0.257949309950131
0.2485084891916617
0.2570773639133118
0.2655455300541928
0.2128694732550995
0.2211921520614202
0.2294263043146378
0.219440808846489
0.2280151257042465
0.2364970100989577
0.2259280345472626
0.2347499229111863
0.243475223782574
0.1955252613117608
0.2031836945344583
0.2107615534426177
0.202305188782451
0.2102237282147803
0.2180581251439013
0.2090062905318227
0.2171811162014678
0.2252691202967398
0.1754044196801194
0.1832539641510714
0.1910317587779259
0.1814945078707587
0.1896135318869843
0.1976581729741399
0.1875159829977403
0.1959015308518853
0.2042086007519449
0.190989008977701
0.1995277054517309
0.207985188289495
0.196898402818853
0.2056960336926061
0.214408907847506
0.2027326849107555
0.2117850266458574
0.2207502959029187
0.2060931308216083
0.2152921201278306
0.2244029724813598
0.2118036363229699
0.2212522774147205
0.2306100649535584
0.2174337653514604
0.2271284646396665
0.2367287288872695
0.2296645318067788
0.2386282991319132
0.2474935219672325
0.2360133280320344
0.2452175991780527
0.254321382804436
0.2422711249255813
0.2517126169829415
0.2610523996708186
0.2458708787354715
0.2554491606501111
0.2649249853234033
0.2519809908834216
0.2617921898314861
0.2714990755871134
0.2579959890113218
0.268036953537321
0.2779716388744103
0.2206732057376996
0.2305093102584271
0.2402485578821227
0.2261723384220228
0.2362477529148627
0.2462226504715401
0.2315863178594516
0.2418966073419128
0.2521034629311594
0.2346978478546957
0.2451426416180234
0.2554828797221485
0.2399732743181714
0.2506460833846113
0.2612130732807471
0.245158342616576
0.2560557590366795
0.2668463023074676
0.248134249259644
0.2591608677019901
0.2700799369581966
0.2531736923437025
0.2644195032155826
0.2755563411269056
0.2581193947788489
0.269580651325773
0.2809315253935863
0.2763854255238607
0.2871309079011278
0.29776222837849
0.2819879792609241
0.2929481556544854
0.3037911132196571
0.2874870078933291
0.298657613379557
0.3097078633658927
0.2614527705148629
0.2716260719037841
0.2816917980150705
0.2673145189038468
0.2777124156587668
0.2880002672845405
0.2730773197060493
0.283695996317831
0.2942021263392759
0.287499892696741
0.2973884763462157
0.3071614058744665
0.2939364780546277
0.3040429277638041
0.3140308547541851
0.3002641011143239
0.3105844183808518
0.3207835714822611
0.3038962504227301
0.3143391623617209
0.3246595867241291
0.3100469821474993
0.320697693152098
0.3312239946255022
0.3160832750194839
0.3269383773886893
0.3376673281053374
0.3306091355308007
0.3407303989785673
0.3507230910881088
0.3372925313925347
0.3476168228359726
0.3578106248817849
0.3438529816001692
0.3543768401162916
0.3647680367636177
0.3127955181323667
0.3223788455093343
0.331838201928021
0.319788680832215
0.329582694118905
0.3392507107726267
0.3266631042640223
0.3366647777045116
0.346538802074262
0.2942050020482578
0.303227864401959
0.3121344698242423
0.3014943955842489
0.3107372891679283
0.3198606328645509
0.3086710592188733
0.3181302642319589
0.3274669549644045
0.2703925466042106
0.2797015057851776
0.2889010896224115
0.2771000170807797
0.2866361232506658
0.2960607476130692
0.2837040960053849
0.2934640235693129
0.3031099750511249
0.2526077727672583
0.2613152207762361
0.269920306409143
0.2595738322234639
0.2685168803835296
0.2773545012173408
0.2664413824187774
0.2756166732379065
0.2846838366508204
0.274880831318045
0.2833188408914269
0.29164867603442
0.2824492267414134
0.2911161435943426
0.2996721929811635
0.2899112411194676
0.298804160193807
0.3075829134030214
0.2964465966735799
0.3046004295726533
0.3126392891590766
0.3046003525414134
0.3129749239024992
0.3212308736579823
0.3126390356964313
0.3212307236806217
0.3297006089536731
0.3172644399356337
0.3251153141764571
0.3328440910579349
0.3259806271510556
0.3340435884622209
0.3419823334538973
0.3345735723670703
0.3428467916331055
0.3509938237734929
0.3395177664419924
0.3479126759159387
0.3561799619801375
0.3479127098055405
0.3565146602100207
0.3649857382828858
0.3561800222411328
0.3649858067590038
0.3736571858114041
0.3172639963803078
0.3259804439405241
0.3345735540451627
0.3251147976173248
0.3340435686487855
0.3428468731625239
0.332844025170596
0.3419826004300897
0.3509939815535643
0.3372861529347009
0.3465458846006496
0.3556773285979804
0.3448194670585204
0.3542852952985264
0.3636201873527285
0.3522268309473555
0.3618955281831497
0.3714300924448486
0.3564796756698719
0.366264726168935
0.3759138334406384
0.363683131043158
0.3736649787283753
0.3835082533210208
0.3707543147461377
0.3809294559412131
0.390963435004021
0.3814667625654221
0.3908952140120449
0.4001798047319596
0.3891731842205025
0.3987912302443458
0.4082610303193433
0.3967380351503853
0.4065410455583551
0.4161913882054378
0.3609324795942867
0.369855237193204
0.378641789843614
0.3689922221456494
0.3781132257222889
0.3870953993773418
0.3769169610774603
0.3862331500830086
0.3954076317617777
0.3836927834342767
0.3922592083560372
0.4006820212660416
0.3922590589656128
0.4010155704049439
0.4096235748896215
0.400681495369392
0.4096233423183044
0.4184121517916167
0.4055164859250454
0.4145639876563882
0.4234561172303503
0.4137033508636545
0.4229292498156029
0.4319962743810485
0.4217368329426006
0.4311373847299406
0.4403759248713093
0.4285592032932069
0.4371994586550725
0.4456775703925971
0.4371993818384621
0.4460096781037384
0.4546562498949533
0.4456774143149165
0.4546560917578862
0.4634706924352278
0.4055171938465072
0.4137041620867912
0.4217377438211727
0.4145643340570748
0.4229296691003687
0.431137820979185
0.4234561983344121
0.4319964191188853
0.4403760879599228
0.381466743892728
0.3891740737632057
0.396739845289483
0.3908958056504011
0.3987925093346755
0.4065426639580214
0.4001806366230793
0.4082621325909192
0.4161926235942577
0.3609323546452583
0.368991963888042
0.3769166709843123
0.3698550680162198
0.3781130367102254
0.386233305980497
0.3786417287589522
0.3870954661684186
0.3954081610492918
0.3372858485021227
0.3448189485193334
0.3522265068382036
0.3465455506352171
0.3542850657509285
0.3618953476488272
0.355677163100683
0.36361998813686
0.3714297596858644
0.3564794397766657
0.3636827414733152
0.3707537815119183
0.3662644400709428
0.3736646936539875
0.3809297405614963
0.3759135520270216
0.3835086236219166
0.3909648702604988
0.3306093300558969
0.3372920340186069
0.343852092795385
0.3407297099002107
0.3476160798062192
0.3543760260454604
0.3507226118677083
0.3578101420716226
0.3647673074685152
0.3038997550160148
0.3100503875002004
0.3160863354921769
0.3143419168253423
0.3206997778226738
0.3269396011525559
0.324660830679793
0.3312242809558574
0.3376668671824065
0.2875022137967035
0.293939360915013
0.3002674622821619
0.2973908707882091
0.3040457168049532
0.3105873429214859
0.3071635775268846
0.314033145512732
0.3207853848830139
0.3127974060015289
0.3197902973653349
0.3266638981101855
0.3223799744311731
0.3295830280152566
0.3366643265161476
0.3318382972798882
0.3392502132530347
0.3465382104067772
0.2942061648882713
0.301495745213442
0.3086727798245926
0.3032285128959624
0.3107383316624963
0.3181315736542622
0.3121349755802978
0.3198614303707172
0.3274674955069627
0.2748809445223823
0.2824499206668337
0.2899123142162018
0.2833191779091906
0.291116708880083
0.2988047161621598
0.2916488154078504
0.2996724161582785
0.3075832113672657
0.2526073112266939
0.2595732038350044
0.2664410161476006
0.2613146357260994
0.2685165520319955
0.2756170285660348
0.269920081107994
0.2773548951665103
0.2846849055365295
0.2703926882998699
0.2771011999409113
0.2837060592516786
0.2797024224457254
0.2866377981474877
0.2934661712316564
0.2889024221052544
0.296062335213246
0.3031118901898653
0.2458701874663395
0.2519805130370187
0.2579962031454077
0.2554485075469197
0.2617921796616357
0.268037912989586
0.2649246817881251
0.2714997611105787
0.2779732816783301
0.2296644149627512
0.2360129115032865
0.2422705025992359
0.2386278882627246
0.2452170149372613
0.2517118796288082
0.2474931286629345
0.2543207425564493
0.2610517585734653
0.2060922515149068
0.2118031181581456
0.217433284345712
0.2152920222448975
0.2212521555042649
0.2271281719163072
0.2244030602819561
0.2306098443750021
0.2367282818322125
0.2206727053063878
0.2261719784547419
0.2315861535864622
0.2305089167270636
0.2362473828753615
0.2418963982231598
0.2402480042770008
0.2462221427639738
0.2521033792243521
0.2346978214252075
0.2399736362772284
0.2451593130414688
0.2451427008714042
0.2506467695567014
0.2560569910115421
0.2554832316114194
0.2612141644335821
0.2668480132720983
0.2614535105810682
0.2673160367909711
0.2730795765535984
0.2716275956080657
0.2777147265045899
0.2836991265657117
0.2816939094245474
0.2880030361251372
0.2942055232492196
0.2763882246077798
0.2819917758159021
0.2874915554274345
0.2871345068499394
0.2929523000826804
0.2986619582058331
0.2977659112188004
0.3037949956079524
0.3097116961737733
0.2481354544837829
0.253175050793302
0.2581210354571456
0.2591623318214268
0.264421475619198
0.2695834548719328
0.2700820890990445
0.2755594746565379
0.2809356580761779
0.2191754653269153
0.2236413939716975
0.2280244940770334
0.2304724105084056
0.2351628006589183
0.2397654448739071
0.2416678519767489
0.2465795211413731
0.2513994827535845
0.2072740213339676
0.2119456233181121
0.2165385937082116
0.2179687954254376
0.2228769998988492
0.2277024324252474
0.2285710121182542
0.2337127732503629
0.2387670401132285
0.1792573609823491
0.1833068265066607
0.1872892699642871
0.1901723644261528
0.1944656669075518
0.1986868632821103
0.201006882864408
0.2055400283937899
0.2099967360275434
0.189575929461799
0.1934488626238725
0.1972505458485736
0.201110129885773
0.2052142678157795
0.2092428503474552
0.212555307442274
0.2168888805843865
0.2211425205243423
0.1594249761774136
0.1626883118790032
0.1658922607425116
0.1711610684842838
0.1746620360322965
0.1780994164816293
0.1828231270727063
0.186560086308061
0.1902285871859945
0.1288068862064178
0.1314485105914006
0.1340423148600727
0.1407122700419279
0.1435966979109352
0.1464287326657387
0.1525594317788741
0.1556839714809299
0.1587515328380886
0.1217709051976003
0.1245322190973903
0.1272476519894228
0.1330320329526841
0.1360456178575784
0.1390097972497954
0.1442347473023941
0.1475016153696753
0.1507146499531967
0.1507292305388477
0.1541422038274868
0.1574982972214154
0.1618354719952022
0.1654957306754401
0.169094629656764
0.1728690255116694
0.1767753786328793
0.1806170715751022
0.1416660127287143
0.1452178206809437
0.1487170264447445
0.1521083658720644
0.1559212021670522
0.1596767570939944
0.1624881735429737
0.1665580123384185
0.170565646491515
0.11443393630247
0.1173100132597516
0.1201426471340086
0.1250267960440754
0.1281649834266411
0.1312554675103971
0.1355611870632611
0.1389604719994357
0.1423090878617436
0.1068170037530696
0.1097984449836778
0.1127402541418419
0.1167095677030584
0.119966048156214
0.1231782395316777
0.1265532085663716
0.1300808561902503
0.1335594607168998
0.1322580080586798
0.1359419376580279
0.1395749538074877
0.1420118659810464
0.1459643300697985
0.1498634807403876
0.1517058445304163
0.1559270431308412
0.1600911743101543
0.1573211957351762
0.1616977413963406
0.1660143660825189
0.1669175861577296
0.1715574194672357
0.1761329330526652
0.176443620441089
0.1813441622947353
0.1861772142315967
0.1684986699228391
0.1727164721437947
0.1768698833839975
0.178766096733266
0.1832372889832971
0.1876408106832213
0.1889589232542193
0.1936822490582848
0.1983334755297151
0.1948569683766171
0.1997254351965778
0.2045190129824052
0.2049244391391035
0.2100389729138248
0.2150745163613682
0.2149044874153704
0.2202629194456674
0.225538672532721
0.1819551021715831
0.1870069523511226
0.1919893901583988
0.1913648538097414
0.1966750599379647
0.2019114279676446
0.2006973283763976
0.2062619127401486
0.2117480125129558
0.1685995552972527
0.1738242787652557
0.1789831716955203
0.1773279225964033
0.1828188839533909
0.1882409168101134
0.1859842307633244
0.1917395857681204
0.197423001622546
0.1457583878825884
0.1502805235740483
0.1547470863947772
0.1546538347848437
0.1594501120951814
0.1641877419399856
0.1634872779102672
0.1685554831722765
0.1735604044701262
0.1338325383359377
0.138492709938185
0.1431008658412821
0.1420080024399916
0.1469496978621247
0.1518357664071148
0.1501257410325887
0.1553463960645659
0.1605091305895016
0.1548229286497699
0.1602056184635332
0.1655289312631869
0.1628439119710276
0.1685038319403503
0.174100451240418
0.1708022119013348
0.1767357703920669
0.1826017038490167
0.1406578703067415
0.146188248486534
0.1516628535565517
0.1479528130867823
0.1537664683504202
0.1595214007792479
0.1551890790204681
0.1612842086786684
0.1673184092016917
0.1261364645808807
0.1318008543515918
0.1374142160284354
0.1326857109777866
0.1386406749112775
0.1445425902155971
0.1391824706637284
0.1454258566780447
0.1516137695675987
0.1090065159869634
0.1139071753954365
0.1187650930025904
0.1156763842754851
0.1208748755650878
0.1260275068009843
0.122301400977587
0.1277953210040219
0.1332398325307665
0.1215723684547422
0.126358443675699
0.1310968154232059
0.1290047882331705
0.1340807767437286
0.139106526350167
0.1363858616314712
0.1417499655163051
0.1470604445473488
0.1021629601352385
0.1061903770533257
0.1101780138904798
0.109715571783039
0.1140382245089273
0.1183184727901178
0.1172235411783273
0.1218398031687624
0.126410115964673
0.09158830395109327
0.09571269204980555
0.09980075282134965
0.09836689610598015
0.1027930898244443
0.1071803811995403
0.105104365245764
0.1098308244032624
0.1145160052076205
0.07391293493210159
0.07724832209630987
0.08055519919377224
0.08078444018301444
0.08442800102108233
0.08803985940422965
0.08762385906944624
0.09157211330757485
0.09548569231068621
0.08246670779837491
0.08572645918240403
0.08895409809412572
0.09012719129955211
0.09368594862842133
0.0972091545042011
0.09774710836021815
0.1016024455780799
0.1054193369691772
0.09081760746284906
0.09399194016229352
0.09713111329836691
0.09924306052783438
0.1027075174272625
0.1061335408262765
0.1076231070712882
0.1113774864384113
0.1150903190038625
0.1124804788009199
0.1164029947428315
0.1202822156876208
0.1207896974442221
0.1249992176686545
0.1291623338496977
0.1290487619495117
0.1335437565627297
0.1379890192056485
0.1225199315066529
0.1263284969372242
0.1300904806392165
0.1315639083402114
0.1356508729128845
0.1396868480098684
0.14055284023358
0.1449152200365739
0.1492233386177229
0.09894151333505735
0.1020218158195712
0.1050639187015815
0.1081095338168297
0.1114724705860999
0.1147945837504265
0.1172318767389109
0.1208768936115701
0.1244778806614003
0.07506691749810876
0.07741056111906054
0.07972635795084927
0.08434263096635249
0.08697479996952792
0.08957453392723917
0.093582915283068
0.09649908643663078
0.09937877447830447
0.05099804748192276
0.0525919833282325
0.05416685820106812
0.06033528513384995
0.06222037087422088
0.06408256828471709
0.06965328444552055
0.07182808325622243
0.07397707572309731
0.04680263555485294
0.04844110098230694
0.05006217615837033
0.05537049521392243
0.05730928332679303
0.0592279144092105
0.06392170589834929
0.0661604810898038
0.06837549497959353
0.06889075306461244
0.07130340220280736
0.07369007710955101
0.07740709381099045
0.08011639534139983
0.08279628482971257
0.08589344850636983
0.08889777830841097
0.09186906035481024
0.06254978647528413
0.06502388059887811
0.06747490666976015
0.07028299105773265
0.07306299256373509
0.07581677511978109
0.07799148979302931
0.08107559303663485
0.08412983955990574
0.05606066312896778
0.05859089225350732
0.06109955345054124
0.06299234523930518
0.06583457741033992
0.06865329078242519
0.06990118887250121
0.07305545859839935
0.07618324173780253
0.03808529629618105
0.0398029881551673
0.04150728475326258
0.04505604916988168
0.04709058500498269
0.04910823541320849
0.05201603447856468
0.05436460571970089
0.05669293914842615
0.04249311764707796
0.0441749744502569
0.04584083941365607
0.05027445411562217
0.05226316670750174
0.05423291213092244
0.05803869473217128
0.06033419492321537
0.06260812573885627
0.02237755442292206
0.02326210310571298
0.02413856759646463
0.03016805831269976
0.03136151150433292
0.03254386607853688
0.03795858573757707
0.03946119380547616
0.04094954428932324
0.02006029005964869
0.02096365249708135
0.02185940563735678
0.02704226630668556
0.02826073003279249
0.02946899588305327
0.03402347244344636
0.03555687602639126
0.0370782180287562
0.002034286632982968
0.002127082284691295
0.002218855877337384
0.009024360614327055
0.00942975245233283
0.009831790364820016
0.01600089205676867
0.01672063350309955
0.01743450255056588
0.002271505704289683
0.002360690020386468
0.002448908557551937
0.01006408131740869
0.01046000746978965
0.01085211222070179
0.01784735715221767
0.01855183236615473
0.01924980714074154
0.002499589498255554
0.002585638520189986
0.002670893456962873
0.0110786254515351
0.01146478690188243
0.01184689191580936
0.01965281994251134
0.02033916276047426
0.02101808102083853
0.02464450719105165
0.02550598711958707
0.02635821625268597
0.03322664332866609
0.03438978215272093
0.03554047551908016
0.04180887227541758
0.04327269086387522
0.04472076287880074
0.02685001271302012
0.02768751146902001
0.02851528252537323
0.03620437097614101
0.03733468600513599
0.03845183606271469
0.04555653153451283
0.04697998892994708
0.04838678457406773
0.002720308722916627
0.002804757592260629
0.002888230534457995
0.01206735350146536
0.01244267634583541
0.01281361086741512
0.02140984747903565
0.02207702179011341
0.02273646267869577
0.002936331732250331
0.003018101956734097
0.00309880897894433
0.01302755963960944
0.01339172158190965
0.01375123687906452
0.02311697003317778
0.02376458161472881
0.02440357768673024
0.003145385528032198
0.00322469773723422
0.003302879925799467
0.01395827936690827
0.01430988668011041
0.01465626001350031
0.02477113415226127
0.02539475648901515
0.02600901600919045
0.03106827656586759
0.03185071074399366
0.03262170124900519
0.04189413871306729
0.0429506458754059
0.04399177083528773
0.05271846780957393
0.05404819417576249
0.05535865901335606
0.02899281857770231
0.02980540935824566
0.03060717496428731
0.03909596078125749
0.04019136582728116
0.04127208838098025
0.0491975460792059
0.05057580032995754
0.05193565555010558
0.05507435335601891
0.05661720880537002
0.05813963235668435
0.06515577837267079
0.06698094292865314
0.06878208168343006
0.07521597343798544
0.07732282129869182
0.07940133277093489
0.08106117320526882
0.08333042403202968
0.08556866908458115
0.09107222140969209
0.09361773832687206
0.09612840006431211
0.1010377990735696
0.103858564596537
0.1066416407355347
0.08685685166898598
0.08904424024749232
0.09119877243255897
0.09757347189520549
0.1000278615313897
0.1024459425667742
0.1082440441793328
0.1109657859848039
0.1136469615171678
0.05901614641904262
0.06050507638369026
0.0619723690708494
0.06981919503580171
0.07158082957909193
0.07331646377641962
0.08059780815868405
0.08262949653285892
0.08463056738166096
0.06281633676916298
0.06424828572202507
0.06565695860136632
0.07431450883527645
0.07600749367983249
0.07767267274821907
0.08578101743886458
0.08773255810109307
0.08965208855132129
0.09243757644753646
0.09453918281487111
0.09660636837206495
0.1038365003816614
0.1061954841295753
0.1085156900824504
0.1151884453412015
0.1178026765538608
0.1203733862790606
0.09779351032387014
0.09980476023118788
0.1017797441284633
0.1098481194079622
0.112105339317089
0.1143215069100499
0.1218493554798495
0.1243496369136385
0.126804581949225
0.06646608570740199
0.06783712704053838
0.06918357148455105
0.07862890999946145
0.08024900312775782
0.08183998765141422
0.09075436563085723
0.09262181035877458
0.09445571208174719
0.03498600824410108
0.03570764112379661
0.03641647587527409
0.04718270484878403
0.04815711540185394
0.04911429689413413
0.05937346971213312
0.06059903838382624
0.06180277296854391
0.03306537707010852
0.03381871976117806
0.03456011736000128
0.04459075351243664
0.04560745566760974
0.04660786601643096
0.05611249963000017
0.0573917367656454
0.05865035528946699
0.003347975681344609
0.003424631520995508
0.003499944135579801
0.01485533839716798
0.01519293049555471
0.01552503076065097
0.02636239194287095
0.0269623590744675
0.02755272061267299
0.003542928708211671
0.003615275162109884
0.003686180594890253
0.01571585383574025
0.01603926484661881
0.01635676115867293
0.02789189922759535
0.02846669154454215
0.02903120385337551
