FiniteElementSpace
FiniteElementCollection: L2_2D_P2
VDim: 1
Ordering: 0

0.4736373929606388
0.4822893352345846
0.4907729785392168
0.4822891139985769
0.491105136752257
0.4997495646400251
0.490772649689361
0.499749478359097
0.5085518496574476
0.4956320746473427
0.5047010998190924
0.5135942210072656
0.5038427884843965
0.5130680202734034
0.5221146321278802
0.5118773041962689
0.5212557344658414
0.5304523315162717
0.5186887117472931
0.5272968892604808
0.5357199827855087
0.5272970039184701
0.536053197106539
0.5446208110637596
0.5357204144327891
0.5446210989101374
0.553329876893228
0.4956323838949248
0.5038429985160036
0.5118774039882424
0.504701193974597
0.5130680499075362
0.5212555670383406
0.5135942272987407
0.522114541721833
0.5304519427134032
0.5164719984737384
0.5242216422397025
0.5317868844493712
0.5259376578319088
0.5338344969116139
0.5415432261936955
0.5352195619466167
0.543260467968793
0.5511097408015208
0.5361044975036
0.5433718473620481
0.5504472069319517
0.5459427268783323
0.553347744225325
0.5605566688194177
0.5555893508536807
0.5631285883267931
0.5704673838058999
0.5611147696888565
0.5687302110486371
0.5761427932375919
0.5704484351057175
0.5781921327656239
0.5857297637188598
0.5795783694589631
0.587447810278662
0.5951088956168952
0.5405365488475692
0.5486599688066627
0.5565895674446425
0.5495199923574233
0.5577823906187721
0.5658468413056412
0.5583095923898862
0.5667070530493454
0.5749024315043512
0.5633352055131127
0.5718092184105451
0.5800790247128107
0.5718094031430075
0.5804123058341628
0.5888084361900281
0.5800793234774421
0.5888085740414825
0.5973294017935523
0.5847974791103223
0.5927393284374242
0.6004718338104724
0.593599541294925
0.6016651012268146
0.6095193333478487
0.6021924874255882
0.6103802115494275
0.6183541866435106
0.6070971866696173
0.6153551774220318
0.623397822729397
0.6153551773124749
0.6237316825220324
0.631890047473444
0.6233977623385789
0.6318900037575604
0.6401612781074468
0.5847978176604038
0.5935997337185416
0.6021925390618874
0.5927397031445886
0.6016653051279134
0.6103802617404662
0.6004721979767076
0.6095194472425652
0.6183541507037542
0.5611159620090189
0.570449168742892
0.5795788076490503
0.5687313333572162
0.5781928186577107
0.5874482652895089
0.5761437399072269
0.5857304173000841
0.5951093776459159
0.5405372364872844
0.5495204722848049
0.5583097661269751
0.5486609796997476
0.5577830603005542
0.5667073947608197
0.5565907409140995
0.5658475902896831
0.5749028571635739
0.5164719994937323
0.5259380285354603
0.5352202207258725
0.5242219933146709
0.5338353492008853
0.5432615598963473
0.5317877943264686
0.5415446600858639
0.5511111627914643
0.53610587593829
0.5459444899895122
0.5555908879988831
0.5433739329380713
0.5533497933004806
0.5631301184347044
0.5504496817741048
0.5605586911188721
0.5704686935579852
0.5544788238964941
0.564663309585673
0.5746468326990779
0.5612443816617807
0.5715551897013433
0.5816623506447468
0.5678101195375056
0.5782432935545304
0.5884708772901759
0.5803638632177761
0.5900221393691791
0.5994720499341433
0.5874503355870189
0.5972298134316145
0.6067998003944899
0.5943283010573945
0.6042264340722746
0.6139138476078501
0.5982349982373849
0.6082010390301957
0.6179555699709142
0.6047790680985257
0.6148593874767928
0.6247266382803917
0.6111094726830248
0.6213008486380353
0.6312773850986889
0.5715389636189291
0.582041571894946
0.5923378257992313
0.5777834208151988
0.5884027822251389
0.598814831981147
0.5838218841830739
0.5945548327838112
0.6050798381802066
0.5872411114997274
0.598038837875402
0.6086282571330595
0.5929498714176795
0.6038565482932975
0.6145538908449025
0.5984480546253684
0.6094604121344523
0.6202620917594771
0.6015508488567886
0.6126231361340685
0.6234838382446889
0.6067124630835152
0.6178845455503352
0.6288434927966402
0.6116589200788479
0.6229267931291094
0.6339799997013531
0.6297069857019241
0.6402260279286512
0.6505240026197679
0.6351231765129965
0.6457378741879277
0.6561293512384203
0.640313876580627
0.6510202747803209
0.6615015083646362
0.6146951371924396
0.624949606003944
0.6349881111794496
0.6206830267398122
0.6310429214341533
0.6411849079833648
0.6264512839062664
0.6369128614374829
0.6471545975927822
0.6407305288540326
0.6504189191665279
0.6598806196103799
0.6469864658703038
0.6567745860770244
0.6663340239204564
0.6530130864158432
0.6628974024983736
0.6725515888400824
0.6564145870936146
0.6663533496786023
0.6760613634407691
0.6620734404671567
0.6721033444533622
0.6819015121881276
0.667497111141417
0.6776149673337599
0.6875001953218753
0.6816048981399575
0.6909425947371045
0.7000423492126296
0.6874970488384426
0.6969230119750263
0.7061096062058685
0.6931459418143765
0.7026569892959916
0.7119271378007188
0.6652823323830338
0.6743786761876465
0.6832406508406321
0.6717918848275594
0.6809838413567614
0.6899400602078716
0.6780640556223868
0.6873489351296526
0.6963966807153775
0.6473923345639521
0.6562297649941665
0.6648370881856265
0.6545042010152666
0.6634440544579444
0.6721518438979411
0.6613847558291099
0.67042428485334
0.6792302064837848
0.6235352408928573
0.6329495428103741
0.6421434883706716
0.630371019367415
0.6398943254138536
0.6491946965425404
0.6369843609804172
0.6466130700044607
0.6560164400971205
0.6048759408912615
0.6139929742266261
0.6228961867126735
0.6122730733920685
0.6215076591978791
0.630526045822735
0.6194548784666398
0.6288040169495537
0.6379343686082819
0.6279790442292951
0.6365373313856381
0.6448728814670001
0.6356747964538232
0.6443439011491059
0.6527871794827494
0.6431470052940649
0.6519235054652112
0.660471329870262
0.6496210063499571
0.6575965444475369
0.6653402786484177
0.657596464618871
0.665675128141146
0.6735199513632321
0.6653402336781014
0.6735199928471948
0.6814642423836089
0.6697400408712509
0.677112361221066
0.6842470924199454
0.6779777412977019
0.6854482261422817
0.6926788445587905
0.6859791213988911
0.6935459115644831
0.7008704614982887
0.6905268145810904
0.6981487887681376
0.705527083829935
0.6981487981964868
0.705863625546914
0.7133321375901089
0.705527036924905
0.7133321022258237
0.7208880206522579
0.6697400943736851
0.6779778636978494
0.6859791800837628
0.6771125969369914
0.6854484304143035
0.6935459871633705
0.6842474346079933
0.6926790116956246
0.7008704623527969
0.6882901636193915
0.6967764115862918
0.7050214191679327
0.695043840898309
0.7036218581759056
0.7119565257303599
0.7015531365537179
0.7102200421255705
0.7186412491911849
0.7052287086209381
0.713945937625472
0.7224159856675949
0.7113457853531718
0.7201466524295878
0.7286977948266
0.7172111257214729
0.7260921221202555
0.7347209040347804
0.7272310830394579
0.7353011606365658
0.7431132407877121
0.7335588574579885
0.7417060246622174
0.749593007723956
0.7396260179005932
0.7478472897386748
0.7558064412029977
0.7097086067435169
0.71756490788824
0.7251703114038964
0.7166948097401654
0.7246365100406452
0.7323243820501673
0.7234286778619931
0.7314524869249555
0.7392197379533386
0.729480582989925
0.736681325306204
0.7436216808627896
0.7366812629370503
0.7439599690792412
0.7509757626864649
0.7436215989626644
0.7509757962442301
0.7580648113771636
0.7475405867509096
0.754937638903361
0.7620682308677401
0.754063016657048
0.7615316803143564
0.7687315497219076
0.7603175821706417
0.7678551266505668
0.7751214693707624
0.766095160367119
0.7727976090052695
0.7792250409803246
0.7727976645839861
0.7795652466138653
0.7860550893939771
0.7792251386857342
0.7860551687499369
0.7926048400749135
0.7475405951093753
0.7540628224604985
0.7603172514513341
0.7549375279605306
0.7615314562528711
0.7678548762288542
0.762068166931965
0.7687314281610826
0.7751213370638577
0.7272314004259164
0.7335592809147812
0.7396263612535803
0.7353014525462137
0.7417062613993193
0.7478473026406579
0.7431133825482193
0.7495929522822139
0.7558061682172081
0.7097086916000036
0.7166949449986133
0.7234288977959844
0.7175649669813871
0.7246366246188952
0.7314527178656367
0.7251703444279132
0.7323244831513011
0.7392199114919794
0.6882898333096924
0.6950436394950036
0.7015531175461427
0.6967763210323208
0.7036219148066355
0.7102202419920332
0.7050214826492319
0.7119566740173756
0.7186414787546537
0.7052287966484437
0.7113460512997327
0.7172116180930748
0.7139462261052212
0.7201471006734897
0.7260927182111611
0.7224163076314428
0.7286982734270006
0.7347214129698352
0.6816042893172866
0.687496371590912
0.6931453143657805
0.6909420655104378
0.6969225989935074
0.7026567683098049
0.7000421853441799
0.706109631044304
0.7119274059336875
0.6564153220189242
0.6620739053873371
0.667497215342259
0.6663534278379514
0.6721030913323343
0.6776144284533135
0.6760609101688299
0.6819008515867008
0.6874994451325783
0.6407311298423575
0.6469873137537177
0.6530139324010965
0.6504197384507682
0.6567752585115741
0.6628977241779821
0.6598811425103357
0.6663341824732436
0.6725513405068996
0.6652824939057556
0.6717916817409838
0.678063561312404
0.6743784049327903
0.6809833605675624
0.6873483812470672
0.6832402273174457
0.6899396611966649
0.6963964131571374
0.6473927352432479
0.654504698909623
0.6613851189054155
0.6562300677620178
0.6634442305449879
0.6704242011613124
0.6648371677891372
0.6721517062368687
0.679229856120823
0.6279791321335154
0.6356749357052452
0.6431472789688317
0.636537419728912
0.6443440790300486
0.6519237872229169
0.6448729404107945
0.6527873282727579
0.6604714861952639
0.6048756512933295
0.6122729641415473
0.6194548894222289
0.6139929396626739
0.6215077055949528
0.6288040924336284
0.6228962640250865
0.6305261565724208
0.6379345684904904
0.6235352730982694
0.630371147337889
0.6369847397732809
0.6329496809820949
0.6398947188381116
0.6466137878038163
0.6421438205895503
0.6491952592460147
0.6560170720679752
0.5982340390147811
0.6047782880396896
0.6111089071588226
0.6082006345510607
0.6148591301552545
0.621300735247984
0.6179555235435535
0.6247266428223548
0.6312775436553816
0.5803629954699698
0.5874494515156879
0.5943273328890689
0.5900214678508813
0.597229148267214
0.6042259173157527
0.599471593169844
0.6067994962041278
0.613913739982628
0.5544763627496765
0.5612421830211543
0.5678082257305717
0.5646614794428584
0.571553679618272
0.5782419267497683
0.5746456980769549
0.5816613267325219
0.5884697556488292
0.5715371630158316
0.5777815567028632
0.5838198741787565
0.5820401562371392
0.5884012441999383
0.5945532916874483
0.5923366335991435
0.5988137110170872
0.6050789039624459
0.5872390182558787
0.5929477623984821
0.5984460418456413
0.5980373487317909
0.6038552121857236
0.6094593060666329
0.6086274547556798
0.6145533100526233
0.6202617753434319
0.6146946958781332
0.6206828244936466
0.6264513986507785
0.6249496082761133
0.6310432285046549
0.6369135514018349
0.6349884679480127
0.6411856357109074
0.6471555633769723
0.6297073189477442
0.6351238562086949
0.6403148376535002
0.6402269248462072
0.6457389576334315
0.651021397130692
0.6505250092225289
0.6561302490381343
0.6615021411462038
0.6015489302839205
0.6067107727473223
0.6116575749937029
0.6126221953415772
0.6178839378616116
0.6229265816179803
0.6234837155792444
0.6288437399719338
0.6339806072782642
0.6144374009585654
0.6190401487615845
0.623422707626152
0.6257602099992554
0.6304518908666445
0.6349191312170553
0.6368671880654814
0.6416466266734159
0.6461975761909859
0.6258716590450739
0.6299021022675529
0.6337079610478072
0.6374154995296486
0.6415242613075989
0.6454042841628673
0.6487407957537814
0.6529266814858632
0.6568795128822955
0.6552304866648846
0.6594604159755763
0.6634548824263711
0.6662000607828931
0.6705049564102172
0.6745706603751916
0.6769403780953194
0.6813201721841132
0.6854571582285559
0.643231800751486
0.6480615589611375
0.6526604800891337
0.6539897172307476
0.6589045756804566
0.6635846609272344
0.6645208381122516
0.6695194909997394
0.6742798180464323
0.6705449819701724
0.6755921480642734
0.68039911804922
0.6807120503694889
0.685842318086857
0.690729022029219
0.6906464387801265
0.6958587562644889
0.7008239066284865
0.6963207698587084
0.7015803137494649
0.7065905621705345
0.7058803203775397
0.7112196256698536
0.7163059372626289
0.7151980561550091
0.7206152708008257
0.725775668958368
0.7093914310890806
0.7140025693159866
0.7183585103182236
0.7191493490151263
0.7238304329720171
0.7282523217898035
0.7286603649817062
0.7334092833216118
0.7378952582645623
0.683085962538716
0.6875092475063193
0.6916875586002855
0.6934606531899444
0.697957739272426
0.702205879563773
0.7035995158803813
0.7081690747677969
0.7124857548741893
0.6940062780973451
0.6977932093433298
0.701330455204201
0.7045633935696555
0.7084136808632727
0.7120100909904087
0.7148813452715402
0.7187938385649411
0.7224483538081112
0.7207758503431808
0.7247238097300267
0.7284114699828635
0.7307061980052779
0.7347138448671903
0.7384573035340343
0.7403847742798332
0.7444508831294038
0.7482491622227586
0.730437587979224
0.7337099808666904
0.7367178849270434
0.7405141195638727
0.7438361865560476
0.7468898248317019
0.7503362036461032
0.7537071781502174
0.7568058793496042
0.7032739295977731
0.7064127919437695
0.7092978491984495
0.7139860851176429
0.7171775244865443
0.7201109618157706
0.7244562680472161
0.7276992694014899
0.7306801226188125
0.6745262101761947
0.6775247312817387
0.6802806919525328
0.6858424178835407
0.6888960286194746
0.6917027428767439
0.6969285472397612
0.70003632529424
0.7028928190380838
0.6656710447383382
0.6692899629255344
0.6726695946855847
0.6768265917273847
0.6805108108981587
0.683951828280195
0.6877528667494978
0.6915022357804774
0.6950043543142406
0.6358194002443568
0.6392671636226139
0.6424867040674569
0.647556944320809
0.6510719997576259
0.654354373600605
0.6590725311964259
0.6626534893041178
0.6659974895884043
0.6442552135288709
0.6471110643849403
0.6497354449535135
0.6561573673263167
0.6590688510169004
0.6617443469111628
0.6678343948619747
0.6708008523622269
0.673527138259611
0.6511560895341387
0.6534120749127181
0.6554339854306213
0.663192659091099
0.6654926259882867
0.6675540243318462
0.6750030881828373
0.6773471407918992
0.6794482805097507
0.6817728065611124
0.6841425914114473
0.6862668584620374
0.6932223697991001
0.6956358184518673
0.6977991986028066
0.7044393895701042
0.7068956343789348
0.7090974093302073
0.6873899970452526
0.6891239169711396
0.6906100149565086
0.6989429860577137
0.7007087328226981
0.702222083728381
0.7102615594664881
0.7120588647543484
0.7135993333224661
0.6565028512664526
0.6581528572603306
0.6595668583150236
0.6686438114925251
0.6703261905445139
0.6717680178683488
0.6805591828409585
0.6822742292541851
0.6837441412514962
0.6602810561605948
0.6613205493747818
0.6621227226742318
0.6724963307356681
0.673556441137283
0.6743745917884546
0.6844866796766258
0.6855675196593176
0.6864016977489529
0.6624802629676779
0.6629063613676964
0.6630944940927224
0.6747392822994144
0.6751739129581855
0.675365847967598
0.6867735572110174
0.687216781631541
0.687412576841942
0.6936727394070634
0.6941208602517456
0.6943188390122292
0.7053409592161937
0.7057972956996486
0.7059988845935924
0.7167741835456938
0.7172386534250675
0.7174437932110901
0.6913607228077727
0.6924534379028576
0.6932967852357073
0.7029865509957427
0.70409929952113
0.7049581087066361
0.7143775262615184
0.7155102493391778
0.7163844755474802
0.7208978229356177
0.7220418682213512
0.7229248081533928
0.7319053854603709
0.7330684847733636
0.7339661504477673
0.7426650880907596
0.7438472785234731
0.7447597554836282
0.7233183840667566
0.7237874548555473
0.7239946227517281
0.7343663258734361
0.7348433170382891
0.7350540250654043
0.745166568254072
0.7456514978925561
0.7458657669687134
0.7513367304563656
0.7518260769626868
0.7520423072204309
0.7617325272793786
0.7622292538518761
0.7624486967192063
0.7718684022874552
0.7723725554452735
0.7725953026960684
0.7488122442146942
0.750005327856797
0.7509261973559535
0.7591696738483906
0.7603809410867586
0.7613157871454759
0.769267527903347
0.7704967321485864
0.7714454525414798
0.7444777486241028
0.7463704051029276
0.7479926587763739
0.754768396306821
0.7566902416221207
0.7583375118858159
0.7648010614337661
0.7667513898968168
0.7684230533759825
0.7167405010097109
0.7185558830468781
0.7201118297491481
0.7276787594650214
0.7295244708628111
0.7311063255981859
0.7383700783092059
0.7402455545295379
0.7418530038726747
0.710859899454896
0.7133407715735128
0.715564645688349
0.7216992535527346
0.7242218594193399
0.7264831649611326
0.7322940754521546
0.7348574026662237
0.7371552104589406
0.7383464945749953
0.7409331076538553
0.7432518052521693
0.7485432529897196
0.751169379464492
0.7535235922974711
0.7584837441054072
0.761148706354194
0.7635377953645206
0.7641503586829578
0.7668374732019476
0.769246397789592
0.7736752054824458
0.7763993787051476
0.7788414403856746
0.7829313782536335
0.7856916003257575
0.7881659543135473
0.7881940624982033
0.7909746847234524
0.7934673397312313
0.7970151801354779
0.7998299632316783
0.8023532845838141
0.8055553215756641
0.8084034218167478
0.8109566941535649
0.7947853154546416
0.7968201233432742
0.7985642310912113
0.8036875066411751
0.8057473829571925
0.8075129112546654
0.8123067526084151
0.8143910274344579
0.8161774720033933
0.7705201214519363
0.7724865427497345
0.7741719662853218
0.7801326443973433
0.7821260233946032
0.783834518908147
0.7894742335149358
0.7914940408838499
0.7932252717271152
0.7750233875006313
0.7762627137331924
0.7772192373323212
0.7846975868658498
0.7859538521969301
0.7869234112532933
0.7940998562939601
0.7953729116019942
0.7963554834776745
0.7776456411720599
0.7781538459435616
0.7783783039204816
0.7873556129143915
0.7878707322188293
0.7880982387983829
0.7967935197232586
0.7973155970580008
0.7975461606188944
0.8021589401505168
0.8026848555648965
0.8029171283110367
0.8111514439504226
0.8116837581765843
0.8119188613365956
0.8198593977589727
0.820398116722949
0.820636067625616
0.7994453262050496
0.8007278372900014
0.8017176810396708
0.8084047860073856
0.8097029457373235
0.810704827709559
0.8170799261115108
0.8183935356323978
0.8194074097022338
0.8219966677385017
0.8233190521407794
0.824339716210036
0.8302123836820843
0.8315495290044586
0.832581580654859
0.838135179403483
0.8394869713886435
0.8405303967852323
0.8247947232442767
0.8253370111996615
0.8255765250778678
0.8330416692823205
0.8335900466305532
0.8338322937115368
0.840995599184058
0.8415501076470233
0.8417951062340959
0.8454887158754644
0.8460466381750089
0.8462931222231064
0.8529701300046355
0.8535337688237629
0.8537827870899645
0.8601502810297679
0.8607195756041472
0.8609710863563269
0.8426106368972268
0.843970755413246
0.8450206324739951
0.8500625914473285
0.8514366416666356
0.8524972594111435
0.8572136318367135
0.8586014086593136
0.8596726581718532
0.8376695798358555
0.8398269528838948
0.8416762919047033
0.8450713365646487
0.8472505728483812
0.8491187023285203
0.8521728322413907
0.8543735657757723
0.8562602978080456
0.8171919005198653
0.8192899268223788
0.8210882051206845
0.8253542884293809
0.8274755195481825
0.8292937821555961
0.8332241701712857
0.835368437868289
0.8372065324094412
0.8103957638582988
0.8132627560373893
0.8158329336566104
0.818483453130727
0.8213819658845536
0.8239803695043924
0.8262803003520209
0.8292093733192392
0.8318354398273525
0.8306835205117323
0.8336302405235068
0.8362723293875741
0.8380140151323489
0.8409907399384723
0.8436598474864877
0.8450468968558715
0.8480525595674852
0.8507475739737255
0.8216761130198923
0.825402682838803
0.8288284500465818
0.8289170784990886
0.8326803528429171
0.8361402193791948
0.8358621510622953
0.8396614508742432
0.8431548314327332
0.8106752681095643
0.8151701039044372
0.819368961529148
0.8178092845041719
0.8223477008446883
0.8265873899186529
0.8246504836658687
0.8292309906158442
0.8335103965136291
0.7909241314543636
0.7952989277314104
0.7993853825127938
0.7987984909082256
0.8032209815261137
0.8073520964947952
0.8063888957052672
0.8108575988252811
0.8150320152412448
0.8016306816293386
0.805257203690241
0.8085907346282397
0.8096219990012395
0.8132883428576729
0.8166585505565825
0.817325736932962
0.8210305566992832
0.8244362146930377
0.7796922030560889
0.783209830477214
0.7864432910836636
0.7884086717863743
0.7919696667154834
0.7952429093447519
0.7968476716075484
0.8004504783732075
0.8037621672954971
0.7559351401560596
0.7593340957736378
0.7624585420649467
0.7653465449395277
0.7687924468890805
0.7719600311777437
0.7744922292827663
0.7779838638675619
0.7811934748166504
0.7459013063687658
0.7500010106687288
0.7538307732505714
0.7551739318397069
0.7593303433390853
0.763213086155642
0.7641849196861131
0.7683963281449858
0.7723304798560467
0.7693081044607667
0.7735508624259199
0.7775143359432508
0.7778958586257967
0.7821912800856857
0.7862038807269832
0.7862109711612498
0.7905571878560215
0.7946170105255895
0.7570762093307839
0.7620301965804763
0.7667105018276928
0.7655127304642744
0.7705279421771113
0.7752660757755245
0.7736809532538438
0.7787555735406686
0.7835499578856535
0.7340810741998044
0.7388686333686461
0.7433913041894473
0.7431912087950029
0.7480442946943654
0.7526292239202158
0.7520433741540514
0.7569607357679066
0.76160648541453
0.7205091024665331
0.7259705812560964
0.7311729744993611
0.7294350536596431
0.7349706263896143
0.7402435651028865
0.7381071835550079
0.7437148466566391
0.7490568490317376
0.743036849262097
0.7486857551006988
0.754067401353973
0.7512996058058427
0.757018234809392
0.7624666135201564
0.7592993453763894
0.7650858230335368
0.7705987801281822
0.763833709935604
0.7696586829163874
0.7752082269759745
0.7714101332887925
0.7772992543139553
0.782909935264185
0.7787139375596839
0.7846648740733713
0.7903344882013
0.7783108659314626
0.783419246993429
0.7882455154540522
0.7860468038264078
0.7912114569470863
0.7960906512030176
0.7935042541053042
0.7987228598130306
0.8036528673816878
0.7977156441365982
0.8029646033357353
0.8079232858038548
0.8047245058773836
0.8100240520854571
0.8150306593534512
0.8114453406038503
0.8167935265444491
0.8218462286027277
0.7828387339495725
0.7888245938111584
0.7945273985904417
0.7897038740463724
0.7957477473415613
0.8015055847970579
0.7962871783930391
0.8023864565677108
0.8081969712002858
0.7999883786495441
0.8061186845137295
0.8119587983020089
0.8061188141339122
0.812300588088294
0.8181899233631311
0.8119589615924043
0.8181899772445075
0.8241264605824784
0.8152237444813933
0.8205993138033076
0.8256779988268229
0.8214824530187373
0.8269036670660826
0.8320258700771581
0.8274454532257146
0.8329106496790182
0.8380750381029852
0.8307793950139226
0.8362695268349227
0.8414578689705631
0.8362695750391727
0.8418012919412596
0.8470293674268596
0.8414579654520614
0.8470294158356428
0.8522952717514222
0.8152238859536822
0.8214825205584253
0.8274454753598666
0.8205994418916492
0.8269037925394012
0.8329107320842926
0.8256781657805147
0.8320260803937715
0.8380751862319528
0.8284969956162705
0.8348693194987717
0.8409421419351026
0.8331015916840409
0.8395142193983944
0.8456260856721248
0.8374037761133447
0.8438545317514854
0.8500031693338295
0.83976816920472
0.8462401173875147
0.8524090757314996
0.8435880206843756
0.8500943092881376
0.8562960892984758
0.8471004739986457
0.853638371257712
0.8598703284537799
0.8558594633222552
0.8615425346141692
0.8669144704968702
0.8597649732904132
0.865478423931423
0.8708786562902197
0.863356196641249
0.8690972986901706
0.8745229192821202
0.8443383620311993
0.8499320193880483
0.8552189804932854
0.8490443362071312
0.8546743559678029
0.8599959521788071
0.8534421178840885
0.8591063061755647
0.8644604050826339
0.8581544985024473
0.8629508941191214
0.8674334995969487
0.8629509453075775
0.8677788824081319
0.8722901346809354
0.8674334916574151
0.8722901022398313
0.8768268055247469
0.8698973554798942
0.8747692039145917
0.8793191713092758
0.8738768195373042
0.8787722015389287
0.8833425771743508
0.8775345078197455
0.8824503059840918
0.8870383260547536
0.8818183037475616
0.8858521012042895
0.8895570093596835
0.8858521445363131
0.8899025112353628
0.8936226084156721
0.8895570878754763
0.8936226261573346
0.8973570092303772
0.8698974385821495
0.8738769341427971
0.8775345057741086
0.8747692558923864
0.8787721828839358
0.882450138357336
0.8793191746470458
0.8833425138493498
0.8870381797747621
0.8558592396958346
0.8597647902437014
0.8633561425483051
0.8615423902939324
0.8654784357576101
0.8690974784808509
0.8669144937385319
0.8708788006016601
0.874523063199528
0.8443382436402078
0.8490441816622465
0.8534419152522242
0.8499319318841064
0.8546742037230977
0.8591061216326177
0.855218931603605
0.8599958469891903
0.8644603403052656
0.8284967611266144
0.8331012454448421
0.8374033907056576
0.8348690651358687
0.8395139484158609
0.843854293859345
0.840941972049306
0.8456259082389475
0.8500029839158731
0.8397678140836814
0.8435877192597621
0.8471001653671838
0.8462399020349201
0.8500940786549893
0.8536380857266883
0.8524088685615703
0.8562958540527517
0.8598701242563762
0.8490025606097399
0.8520245900797775
0.8547343326232122
0.8555575856794622
0.8586068556922479
0.8613411588491102
0.8618060725811588
0.8648814083796276
0.8676389203749809
0.8653013414590319
0.8683912082703473
0.8711614904921288
0.8710574461766977
0.874170261323182
0.8769605099365989
0.8764962600912465
0.8796294245316582
0.8824371568143196
0.8726263792057766
0.8748878263810094
0.8768260273947289
0.8784356608214207
0.880712608069951
0.882663622051128
0.8839211418647098
0.8862113724191603
0.8881734603053995
0.8561674569671756
0.8583804153128032
0.8602776156906237
0.8627872881485054
0.8650201216747717
0.866934123102694
0.8690971852188722
0.8713485629857006
0.8732783132945861
0.8612362103433533
0.8626315769330969
0.8637086349997789
0.8679010875941979
0.8693085547084576
0.8703948403606243
0.8742531897535423
0.8756721907754256
0.876767360617691
0.8641888170551695
0.8647611343903295
0.8650139432724994
0.8708790847771324
0.8714562389592223
0.8717111784733623
0.8772555562821857
0.8778374090189011
0.8780944009065174
0.8808198582866604
0.8814038706485889
0.881661613541594
0.8866820188885687
0.8872694433831435
0.8875287621009688
0.8922147246239365
0.8928058130117487
0.8930669392102072
0.8778050786076813
0.8792300634192428
0.8803297372211591
0.8836488996203413
0.8850827510521068
0.8861890518173865
0.8891642261455096
0.8906061662413088
0.8917188198580839
0.8922221361942091
0.8936686444877625
0.8947849339582346
0.8972128460427491
0.8986670375420222
0.8997892488682455
0.9018711861534803
0.903332440918663
0.9044599854848695
0.8952825285048879
0.8958756885626858
0.896137795818694
0.900289463438148
0.9008857309685798
0.901149227871143
0.9049624925922276
0.9055613967823055
0.9058259442325098
0.9075283249744559
0.908128900467447
0.9083941784494778
0.9116745394797202
0.9122785913698277
0.9125454966623923
0.915489581690188
0.9160971815876985
0.9163657176584631
0.9044287996480811
0.9058939031772908
0.9070244437613409
0.9085593797027701
0.9100315407006661
0.9111678581996429
0.9123571103143343
0.9138371178540968
0.9149798922982479
0.8991026454100345
0.9014288862655455
0.9034221418387104
0.9032091322140953
0.9055456851958091
0.9075480198925494
0.9069821620050711
0.9093289605127408
0.911340649568903
0.8869631580780095
0.8892603033983622
0.8912283238710489
0.891926817002203
0.8942356050624214
0.8962137876635474
0.8965592510391249
0.898879280262458
0.9008671983895495
0.8795145347250689
0.8826580922719959
0.8854746862805373
0.8844406022520886
0.8876002824991752
0.8904309623809009
0.8890378298528455
0.8922122180159897
0.8950562239021109
0.891561609486483
0.8947441231985279
0.8975955969012916
0.8956355447807981
0.898831628172285
0.901695475989575
0.8993778315941892
0.902586631338068
0.9054621553342479
0.9014029637877323
0.9046187850692941
0.9075009318801714
0.9046187402600152
0.9078462762843391
0.9107397387061581
0.9075008601603648
0.9107397122189446
0.9136441475533896
0.9090246377684223
0.9122699509954492
0.9151805098974268
0.911377695599609
0.9146332365345691
0.9175527876062094
0.9133951033621559
0.9166594439258263
0.9195859654170183
0.9167201398853025
0.9190968122917988
0.9211329755953843
0.9190967192743978
0.9214788069055526
0.923518551050893
0.921132842966069
0.9235185459590078
0.925560795146372
0.9090246867102212
0.9113776973583982
0.9133951328605103
0.9122699798402278
0.9146333153152683
0.9166596600438218
0.9151805422582736
0.9175529156223907
0.9195861878830693
0.9144146900750639
0.9158991399159613
0.9170451943250837
0.917683556065699
0.919173600542969
0.9203231846614877
0.9206129864028979
0.9221065752156734
0.9232583668281893
0.917556187907048
0.9181651822396757
0.918434254293572
0.9208353460731428
0.9214456021684383
0.9217150778903918
0.9237714060241025
0.9243828611551268
0.9246528276306556
0.9253220266329311
0.9259341486215698
0.9262044042161867
0.9277144357576373
0.9283277113241534
0.9285984716689027
0.9297633577128289
0.9303778500345687
0.9306493243819232
0.9221607852573093
0.923655673889736
0.9248084810963317
0.9245477648028559
0.9260449572518785
0.9271998622313009
0.9265912733882744
0.9280908201552314
0.9292477908633506
0.9276226041483305
0.9291235902319214
0.9302815164749354
0.9291235891334819
0.9306262121392737
0.9317843346035156
0.9302815998296782
0.9317844496285925
0.9329411618148471
0.9307972996526773
0.9314118214208141
0.9316832100799285
0.9322994655244955
0.9329127292577479
0.9331832911452684
0.9334549874224847
0.9340668279435288
0.9343368481835665
0.9339683311189055
0.9345799187757606
0.9348499016914792
0.9345800578789755
0.9351922428906663
0.9354624894633062
0.9348500533994405
0.9354627294239966
0.9357335242336778
0.930797479958185
0.9322996737283173
0.9334551036637295
0.9314121835834684
0.9329130571798762
0.9340670412034966
0.9316837318308301
0.9331837333996293
0.9343370346247372
0.9253221843536569
0.9277145684550508
0.9297634970204645
0.9259344958149166
0.9283280469002541
0.9303781862397974
0.9262049908637499
0.9285990353680454
0.9306498681212523
0.9221606997222396
0.9245477935832437
0.9265912841820445
0.9236557132595243
0.9260450253422068
0.9280908300899242
0.9248085857581675
0.9271999417596246
0.9292478495063669
0.914414583654978
0.9176832553915369
0.9206127685386458
0.9158988951598154
0.9191732524105138
0.9221064576035142
0.9170448689377465
0.9203228682608724
0.9232583398609993
0.9175558848674992
0.9208350550369478
0.9237714194875921
0.9181650172699428
0.9214453259887898
0.9243830019142291
0.9184342612501828
0.9217148371412881
0.9246531893052691
0.9075284626937753
0.9116745960206158
0.9154894062528236
0.9081289412617132
0.9122783194003321
0.9160970055925742
0.9083940342077468
0.9125449052924988
0.9163655811574072
0.8952820610900043
0.9002887509767494
0.9049623207750642
0.8958750365215415
0.9008849156080702
0.9055612595773388
0.89613700171365
0.9011483747511891
0.9058257703836298
0.8922222763645032
0.8972128061131917
0.9018710544009709
0.8936685579755047
0.8986667098511641
0.9033322290872574
0.8947846018755575
0.899788652402138
0.9044597747703306
0.9044287655558908
0.908559527090676
0.9123571906494039
0.905893927334019
0.9100317540120691
0.9138371071392265
0.9070245600472886
0.9111680404035909
0.9149797636088132
0.8991026147792626
0.903209013723015
0.906982071538155
0.9014288261386797
0.9055456349047473
0.9093289612129638
0.9034220894597619
0.9075480863458244
0.9113407315806473
0.8915616947580417
0.8956355588766193
0.8993778163275188
0.8947441845092744
0.8988316049990747
0.902586570486395
0.8975956033704237
0.9016953760331723
0.9054620488074179
0.8795146875255629
0.8844408633727027
0.8890380054386462
0.8826584639485622
0.8876006022062133
0.8922123782120054
0.8854751360732752
0.8904312465748291
0.8950563308941205
0.8869635752194291
0.8919270560436883
0.896559317533946
0.8892606257684738
0.8942357725706885
0.8988792787672267
0.8912285536814472
0.896213865361994
0.900867126043179
0.8726262595553714
0.8784359455371474
0.8839216026852583
0.8748879148045741
0.8807129988486894
0.8862117842697287
0.8768262755636328
0.882664016321545
0.8881737902608006
0.8653012717831003
0.8710572257645547
0.8764962268398192
0.8683909925747729
0.8741701588899072
0.8796296534374193
0.8711612753973835
0.8769606497218713
0.8824375833421541
0.8490029248142089
0.8555579185819023
0.8618062016100692
0.8520250789725893
0.8586071964436546
0.8648813627544516
0.8547349179241083
0.8613413856996786
0.867638723022336
0.8561680267847364
0.8627873886934688
0.8690969674531724
0.8583808230020089
0.8650200467597314
0.8713484372421095
0.8602778084418427
0.8669339729040627
0.8732783295815583
0.8612363019164339
0.8679009311825852
0.8742532920440633
0.8626316096559233
0.8693083959616295
0.8756724131256522
0.8637086642611641
0.8703946978032069
0.8767677040285323
0.8778053938680681
0.8836492531381738
0.8891644816949142
0.8792304649123891
0.8850830019322464
0.8906062541261572
0.8803302060198371
0.8861891620779427
0.8917187224373639
0.8808203671696158
0.8866820776940538
0.8922145244436498
0.8814044645601966
0.8872695029842531
0.8928054739455638
0.8816622998795314
0.8875288462355735
0.8930664921832667
0.8641888782020509
0.8708789696490052
0.8772559648360088
0.8647612797319407
0.8714561937500303
0.8778378904778184
0.8650141833514573
0.8717112057443024
0.8780949094554674
0.8454893247427301
0.8529709565690737
0.8601507324415411
0.8460472367504428
0.8535346011924211
0.8607201438878578
0.8462936951112703
0.8537836242560256
0.86097184685726
0.8426111026777808
0.8500634186211542
0.8572141201572624
0.8439713114081357
0.8514374700054429
0.8586018443425274
0.8450212358491017
0.8524980854309008
0.8596730842402117
0.821997126110202
0.8302128190108704
0.8381354623027621
0.8233195319202595
0.83154996065584
0.8394873213797004
0.8243402113937283
0.8325820167888743
0.8405308001797732
0.8247952035759865
0.833042096358358
0.8409960173291932
0.8253374036840954
0.8335904294897544
0.84155051744564
0.8255767904734823
0.8338326281336721
0.8417954875642299
0.8021601070149308
0.8111517682576959
0.8198597475735526
0.8026858463364284
0.8116840015006331
0.8203984057392126
0.8029179926960762
0.8119190656988231
0.8206362769961442
0.7776477044292699
0.7873585009502846
0.7967956195193971
0.7781561378620768
0.7878736368531613
0.7973175875776277
0.7783807152199788
0.7881011332616614
0.7975481256056547
0.7750243068666696
0.7846999030851036
0.7941021221707365
0.7762641356380822
0.7859564650036541
0.7953751631354284
0.7772210983911998
0.7869262414714354
0.7963576628030354
0.7994469820192409
0.8084055880908071
0.8170803619590867
0.80072930831428
0.809703534687515
0.8183939371758269
0.8017189639277682
0.8107052317128668
0.8194077816661066
0.7947871610045011
0.8036887556631443
0.8123073315618066
0.7968219521688492
0.8057484655846445
0.8143915213514488
0.7985659768164476
0.807513828501743
0.8161779242772709
0.7705198195039035
0.7801338870593899
0.7894761804466902
0.7724866794622853
0.7821277238240711
0.791496188204818
0.7741725806768247
0.7838366253800488
0.7932275194981666
0.7641493153328218
0.7736754386256478
0.7829325113632249
0.7668366539731418
0.7763999651861765
0.785693082830633
0.7692458753771626
0.7788424187635756
0.7881677421790486
0.7881955025456228
0.7970166924040857
0.8055563943622306
0.7909763549219768
0.7998314399641363
0.8084042838862666
0.7934691537545364
0.8023546353449612
0.8109573599359488
0.810396464681034
0.8184838496898443
0.8262806966365551
0.8132632944452481
0.8213823768666509
0.8292098121445087
0.8158333691989269
0.8239808194489946
0.8318358708028089
0.8171923135072521
0.825354758460578
0.8332245601491777
0.8192903418673493
0.8274759897581272
0.8353687491372384
0.8210886451600974
0.8292942304922857
0.8372067990590848
0.8376699244787198
0.8450717927885687
0.8521734908214169
0.839827303447136
0.8472512019628898
0.8543742282076155
0.8416766982545615
0.8491194868830036
0.8562608585741825
0.8306839645688608
0.8380144110178145
0.8450472441457531
0.8336306672456915
0.8409910958901975
0.8480529946767525
0.8362727031880911
0.8436602298763877
0.8507481573203197
0.8216762426646441
0.8289174535098824
0.8358625894991467
0.8254029738302967
0.8326808062943243
0.8396618463953892
0.8288288644294716
0.8361406601640531
0.8431551783053506
0.8016319431981007
0.8096226889511332
0.8173259039653762
0.8052582746073655
0.8132888219563876
0.8210307724030403
0.8085915704078146
0.8166589476842772
0.8244365437261963
0.7909250467146659
0.7987994292938189
0.8063895943677132
0.7953000538097875
0.803221957802165
0.8108580895892652
0.7993866601121874
0.8073529415477914
0.8150322594891847
0.8106757098678576
0.8178094393935347
0.8246506376132322
0.8151703245993565
0.8223478403605593
0.8292312728534101
0.8193690548978056
0.8265876601060944
0.8335108088545066
0.797716251248997
0.804725013608149
0.8114456061171543
0.8029652562611903
0.8100244648636465
0.8167937115824485
0.8079238575211288
0.8150309068249684
0.8218463577815851
0.7828388916180405
0.7897040362834583
0.7962872689741837
0.7888249269703048
0.7957480830436481
0.8023866885828732
0.7945279139964601
0.8015060690085567
0.808197262892732
0.7638340366110503
0.771410357159638
0.7787140919576306
0.7696589496092798
0.777299492170218
0.7846651589601777
0.7752085098608492
0.7829103072047289
0.7903349525388418
0.7783112287929742
0.7860472980581283
0.7935048412968018
0.7834198185163048
0.7912121442961767
0.79872358857987
0.7882462949259792
0.7960915048791277
0.8036536282932595
0.7570765720598163
0.7655130361532617
0.7736812569780152
0.7620304182334205
0.7705282517796525
0.7787560376396321
0.7667106672173064
0.7752665458145076
0.7835506506455501
0.743036693130361
0.751299779868505
0.7592996899995869
0.7486859481250585
0.7570185986376131
0.7650861588704709
0.7540677936657721
0.7624669811300726
0.7705990689900258
0.7205084903654271
0.7294344689738951
0.7381068074092949
0.7259699760426697
0.7349702847600469
0.7437148421244524
0.7311726171261539
0.7402435735292211
0.7490571585779767
0.7340809375869407
0.7431913821479337
0.7520437304526059
0.7388687101179756
0.7480444989050187
0.75696095974773
0.7433913782701829
0.752629275226679
0.7616065447341734
0.7459012611189005
0.7551738113336139
0.7641849159255797
0.7500006667624572
0.7593299921484992
0.768396371338768
0.7538300848496686
0.7632126378332639
0.7723306936439606
0.7693083101976604
0.7778964521377485
0.7862118006051189
0.7735512383419596
0.7821920539557051
0.7905582361024202
0.7775149393862474
0.7862048567097084
0.7946182989922757
0.7796929649842187
0.788409799473979
0.7968490540266783
0.7832108642378359
0.7919710276072509
0.8004518445726991
0.7864445774965796
0.795244397719805
0.8037633759640395
0.7559342567416283
0.7653461207998988
0.774492584336073
0.7593330187797601
0.7687921909159714
0.7779844820927903
0.7624574286216049
0.7719600627235743
0.7811944004802193
0.7304376085488582
0.7405138410029471
0.7503354326298513
0.7337099339361778
0.7438355401693918
0.7537060125890386
0.7367175812945984
0.7468887436498863
0.7568044135623146
0.7032738251485622
0.7139858769357169
0.7244562432140905
0.7064126284102928
0.7171775108891113
0.7276993756579536
0.7092977613256428
0.7201111681696063
0.7306802230669411
0.6940069834285207
0.7045633676011083
0.7148809933159291
0.6977935651330787
0.7084134549610184
0.7187935420097273
0.7013304821529817
0.7120098167003762
0.7224482043275624
0.7207755399527188
0.7307060924741905
0.7403847818485439
0.7247236696844376
0.7347138031682516
0.7444507000218099
0.728411451035697
0.7384571725822736
0.7482486486503778
0.7093912428570638
0.7191487855287015
0.7286599640121814
0.7140021908051435
0.7238299951508603
0.7334091463888071
0.7183581148356984
0.7282520932161737
0.7378952714601068
0.6963213091997692
0.7058803728971819
0.7151976157811782
0.7015806299795755
0.7112193671851265
0.7206146615106207
0.7065905697861841
0.7163054183722377
0.7257751129078314
0.6705451445681225
0.6807127373290249
0.6906471916141392
0.6755927405908096
0.6858431450644253
0.6958594056570322
0.680400023774272
0.6907298163792275
0.700824321633789
0.6830869849788173
0.6934613548592532
0.7035997196973064
0.68751030944418
0.6979582119830471
0.7081689515941869
0.6916884571043911
0.702206044007757
0.7124854352452887
0.6552297359558158
0.6662000855009935
0.676941226368309
0.6594599808671666
0.6705054479573465
0.6813212812004336
0.6634548095665984
0.6745715527235645
0.6854583595575237
0.6432307435858703
0.6539886839784355
0.6645204554692778
0.648060508268404
0.6589038659114094
0.6695196015844989
0.6526595770447793
0.6635843884696805
0.6742804193960553
0.6144384660219139
0.6257601759256608
0.6368664035143513
0.6190407211139917
0.6304515250098197
0.6416456728080548
0.6234228594446224
0.6349185481792088
0.6461965882692865
0.6258716158498414
0.6374148365307858
0.6487398494401476
0.6299018129146817
0.6415235053732197
0.6529258683132148
0.6337075104652281
0.6454034988375539
0.6568788867366795
0.6358188897419986
0.6475561469145418
0.6590720185361013
0.6392665480575686
0.6510711671620989
0.6626531676462092
0.6424859835144084
0.6543535308453002
0.6659973849099332
0.6656711744651573
0.6768276555056251
0.6877540153812004
0.6692903771945982
0.6805120447838043
0.6915031606296335
0.672670276993414
0.6839531338366038
0.6950049811770186
0.6745270228738495
0.6858436559417415
0.6969289805541752
0.6775256599394281
0.6888970242031539
0.7000365090556172
0.6802816181109099
0.6917034877629993
0.7028928662215849
0.6442544338482462
0.6561565613948787
0.6678344457062756
0.6471102197572512
0.659068204440755
0.6708011607413301
0.6497345886094198
0.661743913563153
0.6735276413564781
0.6511552736676679
0.6631923805809832
0.6750036984899819
0.6534114011558992
0.6654926080331927
0.6773479150103098
0.6554334852030924
0.6675542323808242
0.6794491409180282
0.6565024363759097
0.6686441051874302
0.6805600455513116
0.6581525207345863
0.6703265411790336
0.6822750621430923
0.6595665729205281
0.6717683727126276
0.6837449410355357
0.6873907490252834
0.6989432500062195
0.7102619569121075
0.6891246025586826
0.7007089820959994
0.7120593615308679
0.69061066668074
0.7022223465447378
0.7135999069115101
0.6817737040655152
0.6932229812396823
0.7044394331296525
0.6841434536123544
0.695636250458289
0.706895775234899
0.6862676581519146
0.6977995010473638
0.7090977135476062
0.710859923050985
0.7216995644130254
0.7322940881104155
0.7133410241550621
0.7242222262666317
0.7348571671619553
0.7155651341992225
0.726483480441634
0.7371546649514861
0.7383459613707163
0.7485419213057432
0.7584821986632274
0.7409321853519805
0.7511677362829207
0.7611471890919972
0.7432505316013456
0.753521749213642
0.7635363964427936
0.7444763428000806
0.7547664975446993
0.7647997717173532
0.7463688713428336
0.7566882898004716
0.7667503418654357
0.7479909956289832
0.7583355204994245
0.7684223092761142
0.7167410845601572
0.7276790048922439
0.7383693879771763
0.7185565301858335
0.7295246044647223
0.7402447306111287
0.7201125004789999
0.7311063613743884
0.7418520719971727
0.7208984935155671
0.7319053662284973
0.7426640404731742
0.7220425470710735
0.733068351121951
0.743845918195029
0.7229255053760661
0.7339658787713064
0.7447580682294068
0.7488104522589676
0.7591676738422429
0.7692670088336083
0.7500032423638783
0.7603789659525331
0.7704966272978706
0.7509238387900156
0.7613138729742105
0.7714457381341248
0.7513342463252403
0.7617306601068179
0.771868898008776
0.7518234488821456
0.7622274161227496
0.7723733433094712
0.7520395713774316
0.7624468150040701
0.7725962954176764
0.7233191158259688
0.7343659439396459
0.7451646885142239
0.723788268447822
0.7348427251580818
0.7456493095022597
0.7239954954379737
0.7350532485338575
0.7458633008520902
0.6936734295626865
0.7053412405687619
0.7167748695511206
0.6941215332930316
0.7057975960560272
0.7172394765688398
0.6943194962311496
0.7059992388596773
0.7174447681554185
0.6913613730882044
0.7029868288342861
0.714378121594481
0.6924541014021057
0.7040995885565104
0.7155108618093839
0.6932974722001656
0.7049583945307129
0.7163851144857876
0.6602808007121956
0.672496650808646
0.6844874492902311
0.6613203527738407
0.6735566666251434
0.6855682429173342
0.6621225655342984
0.6743747117044545
0.6864024087181551
0.6624801149279945
0.6747393712746115
0.6867742693397906
0.6629062181924084
0.6751740109686759
0.687217493726368
0.6630943295079659
0.6753659534537992
0.6874132684825437
