FiniteElementSpace
FiniteElementCollection: L2_2D_P5
VDim: 1
Ordering: 0

0.50331707
0.50992993
0.52005144
0.53121265
0.54085269
0.54691828
0.50992993
0.5166297
0.52688424
0.53819214
0.54795889
0.55410421
0.52005144
0.52688424
0.53734239
0.54887483
0.55883554
0.56510289
0.53121265
0.53819214
0.54887483
0.56065489
0.57082945
0.57723132
0.54085269
0.54795889
0.55883554
0.57082945
0.58118865
0.58770669
0.54691828
0.55410421
0.56510289
0.57723132
0.58770669
0.59429783
0.54990227
0.55582225
0.56484818
0.57474892
0.58325279
0.58857938
0.55712743
0.56312522
0.57226977
0.58230059
0.59091619
0.59631275
0.56818612
0.57430299
0.58362906
0.59385897
0.60264554
0.60814919
0.58038073
0.58662888
0.59615507
0.60660448
0.61557956
0.62120128
0.59091325
0.59727477
0.60697379
0.61761276
0.62675064
0.63247432
0.59754034
0.60397318
0.61378093
0.62453916
0.63377947
0.63956731
0.60080054
0.60726846
0.6171297
0.6279466
0.6372373
0.64305671
0.60726846
0.61380599
0.62377335
0.63470663
0.6440973
0.64997932
0.6171297
0.62377335
0.63390248
0.64501322
0.65455629
0.66053378
0.6279466
0.63470663
0.64501322
0.6563186
0.66602886
0.67211108
0.6372373
0.6440973
0.65455629
0.66602886
0.67588274
0.6820549
0.64305671
0.64997932
0.66053378
0.67211108
0.6820549
0.68828341
0.54990226
0.55712743
0.56818613
0.58038073
0.59091325
0.59754034
0.55582225
0.56312523
0.574303
0.58662888
0.59727477
0.60397318
0.56484819
0.57226977
0.58362906
0.59615507
0.60697379
0.61378093
0.57474892
0.58230059
0.59385896
0.60660448
0.61761275
0.62453916
0.58325279
0.59091619
0.60264554
0.61557956
0.62675064
0.63377947
0.58857938
0.59631275
0.60814918
0.62120128
0.63247432
0.63956731
0.59119264
0.59896034
0.61084931
0.62395932
0.6352824
0.64240686
0.59636256
0.60419816
0.61619105
0.62941566
0.6408377
0.64802443
0.60420562
0.61214424
0.62429479
0.63769323
0.6492654
0.6565466
0.61275012
0.62080095
0.63312324
0.64671106
0.6584468
0.66583093
0.62003558
0.62818209
0.64065082
0.65440011
0.66627532
0.6737472
0.62457169
0.63277777
0.64533767
0.6591875
0.67114955
0.67867607
0.62678898
0.63502417
0.64762864
0.66152761
0.67353211
0.68108534
0.63115889
0.63945147
0.65214377
0.6661396
0.67822776
0.68583363
0.63774341
0.64612246
0.65894711
0.67308889
0.6853031
0.69298828
0.6448493
0.65332167
0.66628915
0.68058843
0.69293868
0.70070945
0.65084618
0.6593973
0.67248532
0.68691752
0.69938258
0.70722558
0.65454813
0.66314786
0.6763103
0.69082456
0.70336048
0.71124807
0.68480115
0.69217296
0.70341228
0.71574079
0.72632986
0.73296256
0.68957533
0.69699851
0.70831616
0.72073059
0.73139348
0.73807243
0.696769
0.70426959
0.71570524
0.72824916
0.7390233
0.74577195
0.70453228
0.71211639
0.72367942
0.73636311
0.74725734
0.75408121
0.71108394
0.71873855
0.73040911
0.74321077
0.75420634
0.76109369
0.71512837
0.72282651
0.73456345
0.74743795
0.75849608
0.76542261
0.64591174
0.65286507
0.66346637
0.67509505
0.68508301
0.69133916
0.65155994
0.65857405
0.66926802
0.68099834
0.6910736
0.69738444
0.66012859
0.6672349
0.67806945
0.68995397
0.70016167
0.70655546
0.66946354
0.67667031
0.68765801
0.69971052
0.7100625
0.71654666
0.67742299
0.6847154
0.69583369
0.70802943
0.71850444
0.72506567
0.68237874
0.68972448
0.70092406
0.71320898
0.7237606
0.73036983
0.69440846
0.70048057
0.70969229
0.71972783
0.72828466
0.73361237
0.70048057
0.70660574
0.71589798
0.72602126
0.73465292
0.74002723
0.70969229
0.71589798
0.72531239
0.7355688
0.744314
0.74975902
0.71972783
0.72602126
0.7355688
0.74597029
0.7548392
0.76036124
0.72828466
0.73465292
0.744314
0.7548392
0.76381359
0.76940128
0.73361237
0.74002723
0.74975902
0.76036124
0.76940128
0.77502985
0.73621661
0.74265425
0.7524206
0.76306047
0.7721326
0.77778115
0.74134917
0.74783172
0.75766617
0.76838022
0.7775156
0.78320353
0.7490829
0.75563309
0.76557015
0.77639598
0.78562665
0.7913739
0.75742905
0.76405224
0.77410003
0.78504646
0.79437995
0.80019122
0.76447267
0.77115745
0.78129867
0.79234688
0.80176714
0.80763242
0.76882081
0.77554361
0.7857425
0.79685354
0.80632735
0.81222598
0.78054221
0.78598383
0.7941832
0.80303181
0.81049942
0.81510928
0.78598383
0.79146339
0.7997199
0.80863016
0.81614982
0.82079181
0.7941832
0.7997199
0.8080625
0.81706569
0.82466378
0.82935419
0.80303181
0.80863016
0.81706569
0.82616918
0.83385191
0.83859457
0.81049942
0.81614982
0.82466378
0.83385191
0.84160607
0.84639282
0.81510928
0.82079181
0.82935419
0.83859457
0.84639282
0.85120679
0.73621661
0.74134917
0.7490829
0.75742905
0.76447267
0.76882081
0.74265425
0.74783171
0.75563309
0.76405224
0.77115745
0.77554361
0.7524206
0.75766617
0.76557016
0.77410003
0.78129867
0.7857425
0.76306047
0.76838022
0.77639598
0.78504646
0.79234688
0.79685353
0.7721326
0.7775156
0.78562665
0.79437995
0.80176714
0.80632735
0.77778115
0.78320353
0.7913739
0.80019122
0.80763242
0.81222598
0.68480115
0.68957533
0.69676901
0.70453228
0.71108394
0.71512837
0.69217296
0.69699851
0.70426959
0.71211639
0.71873856
0.72282651
0.70341228
0.70831615
0.71570525
0.72367943
0.73040911
0.73456345
0.71574079
0.72073059
0.72824916
0.73636311
0.74321077
0.74743795
0.72632986
0.73139348
0.7390233
0.74725733
0.75420634
0.75849608
0.73296256
0.73807243
0.74577195
0.75408121
0.76109369
0.76542261
0.64591174
0.65155994
0.66012858
0.66946354
0.67742299
0.68237874
0.65286507
0.65857405
0.6672349
0.6766703
0.6847154
0.68972448
0.66346637
0.66926802
0.67806945
0.68765801
0.69583369
0.70092406
0.67509505
0.68099834
0.68995397
0.69971052
0.70802943
0.71320898
0.68508301
0.6910736
0.70016167
0.7100625
0.71850444
0.7237606
0.69133916
0.69738444
0.70655546
0.71654666
0.72506567
0.73036984
0.59119264
0.59636256
0.60420562
0.61275012
0.62003558
0.62457169
0.59896034
0.60419816
0.61214424
0.62080095
0.62818209
0.63277777
0.61084931
0.61619106
0.62429479
0.63312325
0.64065082
0.64533767
0.62395932
0.62941566
0.63769323
0.64671106
0.65440011
0.6591875
0.6352824
0.6408377
0.6492654
0.6584468
0.66627532
0.67114955
0.64240686
0.64802443
0.6565466
0.66583092
0.6737472
0.67867607
0.62678898
0.63115889
0.63774342
0.64484931
0.65084618
0.65454813
0.63502417
0.63945148
0.64612247
0.65332167
0.65939729
0.66314786
0.64762864
0.65214377
0.65894711
0.66628914
0.67248531
0.67631029
0.66152761
0.6661396
0.67308889
0.68058843
0.68691753
0.69082456
0.67353211
0.67822776
0.68530311
0.69293868
0.69938258
0.70336048
0.68108534
0.68583363
0.69298829
0.70070945
0.70722558
0.71124807
0.65634809
0.65987596
0.6651386
0.67073755
0.67538818
0.67822038
0.66497147
0.66854566
0.67387742
0.67954991
0.68426161
0.68713101
0.67817009
0.6818152
0.68725274
0.69303777
0.69784295
0.70076928
0.69272425
0.69644756
0.70200174
0.70791086
0.71281912
0.71580822
0.70529462
0.70908546
0.71474039
0.72075671
0.72575401
0.72879735
0.71320389
0.71703723
0.72275556
0.72883933
0.73389269
0.73697016
0.71709486
0.7209491
0.72669863
0.73281559
0.73789652
0.74099079
0.72481417
0.7287099
0.73452133
0.74070416
0.7458398
0.74896739
0.73658338
0.74054239
0.74644821
0.75273147
0.75795054
0.76112892
0.7494933
0.75352172
0.75953109
0.7659245
0.77123505
0.77446914
0.76058185
0.76466988
0.77076816
0.77725616
0.78264527
0.78592721
0.76752743
0.77165279
0.77780675
0.78435399
0.78979231
0.7931042
0.74248248
0.74537977
0.74962992
0.75404179
0.75760312
0.75971744
0.75047514
0.75340363
0.75769955
0.76215893
0.76575859
0.76789568
0.76266116
0.76563722
0.7700029
0.77453469
0.7781928
0.78036458
0.77602824
0.77905645
0.78349864
0.78810984
0.79183206
0.79404189
0.78750936
0.79058237
0.79509026
0.79976967
0.80354693
0.80578945
0.7947008
0.79780186
0.80235091
0.80707303
0.81088478
0.81314777
0.67958573
0.68223763
0.68612779
0.69016596
0.69342561
0.69536083
0.68851429
0.69120102
0.69514227
0.69923346
0.70253592
0.70449655
0.70218
0.70492003
0.70893946
0.71311183
0.71647981
0.71847934
0.71724921
0.72004802
0.7241537
0.72841559
0.73185584
0.73389828
0.73026448
0.73311408
0.73729427
0.74163352
0.74513622
0.74721573
0.73845375
0.74133531
0.74556239
0.74995032
0.75349231
0.75559516
0.69627842
0.69802884
0.7005091
0.70294764
0.70478496
0.70580457
0.70542619
0.7071996
0.70971243
0.71218299
0.71404444
0.71507744
0.71942742
0.72123602
0.72379871
0.7263183
0.7282167
0.7292702
0.73486672
0.73671413
0.73933183
0.7419055
0.74384465
0.74492077
0.74820175
0.7500827
0.75274791
0.75536831
0.75734265
0.7584383
0.75659224
0.75849429
0.7611894
0.76383918
0.76583567
0.76694361
0.70626558
0.70709769
0.70814419
0.70895965
0.70935697
0.70945118
0.71554451
0.71638755
0.7174478
0.71827397
0.71867651
0.71877195
0.72974654
0.73060631
0.7316876
0.73253017
0.7329407
0.73303803
0.74540733
0.74628556
0.74739006
0.74825072
0.74867006
0.74876948
0.7589337
0.75982787
0.76095242
0.7618287
0.76225565
0.76235688
0.76744456
0.76834876
0.76948592
0.77037203
0.77080377
0.77090613
0.77163149
0.77254062
0.77368399
0.77457493
0.77500902
0.77511195
0.77993798
0.78085689
0.78201256
0.78291309
0.78335186
0.78345589
0.79260239
0.79353622
0.79471065
0.7956258
0.79607169
0.79617741
0.80649412
0.80744432
0.80863933
0.80957051
0.81002421
0.81013179
0.81842585
0.8193901
0.82060278
0.82154774
0.82200815
0.82211732
0.82589953
0.82687259
0.82809634
0.82904993
0.82951455
0.82962471
0.76071996
0.76263238
0.7653422
0.76800644
0.77001382
0.77112781
0.76890899
0.770842
0.77358099
0.77627391
0.7783029
0.77942887
0.78139434
0.78335874
0.7861422
0.78887884
0.79094076
0.79208501
0.7950897
0.79708852
0.79992074
0.80270533
0.80480338
0.80596769
0.80685275
0.80888114
0.81175525
0.81458102
0.8167101
0.81789163
0.81422078
0.81626768
0.81916803
0.8220196
0.82416812
0.82536043
0.81783557
0.81989156
0.82280479
0.82566901
0.82782707
0.82902468
0.82498686
0.82706082
0.82999952
0.83288879
0.83506572
0.8362738
0.8358358
0.83793703
0.84091436
0.84384162
0.84604716
0.84727112
0.847655
0.84978593
0.85280535
0.85577398
0.85801071
0.85925197
0.85773264
0.8598889
0.86294422
0.86594815
0.86821148
0.8694675
0.86400724
0.86617928
0.86925696
0.87228289
0.87456279
0.87582801
0.82956617
0.83054354
0.83177273
0.83273055
0.83319723
0.83330788
0.83682002
0.83780594
0.83904587
0.84001206
0.84048282
0.84059444
0.84782453
0.8488234
0.85007964
0.85105853
0.85153548
0.85164856
0.8598132
0.8608262
0.86210019
0.86309293
0.86357662
0.8636913
0.87003541
0.87106046
0.87234961
0.87335416
0.87384361
0.87395965
0.87640008
0.87743264
0.87873123
0.87974314
0.88023617
0.88035307
0.87951121
0.88054744
0.88185065
0.88286615
0.88336093
0.88347824
0.8856428
0.88668626
0.88799856
0.88902114
0.88951938
0.88963751
0.89488187
0.89593621
0.89726221
0.89829546
0.8987989
0.89891826
0.90485256
0.90591866
0.90725944
0.90830421
0.90881326
0.90893395
0.91326722
0.91434324
0.9156965
0.91675099
0.91726478
0.91738659
0.91846175
0.9195439
0.92090486
0.92196536
0.92248207
0.92260458
0.86707433
0.86925409
0.87234271
0.87537939
0.87766739
0.87893711
0.87311912
0.87531409
0.87842426
0.88148214
0.88378611
0.88506469
0.88222744
0.88444533
0.88758798
0.89067778
0.8930058
0.89429773
0.8920571
0.89429972
0.8974774
0.90060163
0.90295559
0.90426191
0.90035272
0.90261619
0.90582343
0.90897673
0.91135259
0.91267107
0.90547374
0.90775009
0.91097558
0.91414683
0.91653623
0.91786221
0.84628755
0.84958986
0.85443412
0.85946269
0.86352182
0.86593168
0.85218739
0.85551271
0.86039074
0.86545437
0.86954182
0.87196849
0.8610772
0.86443721
0.86936615
0.87448265
0.87861277
0.8810648
0.87067099
0.87406846
0.87905237
0.88422594
0.88840213
0.8908815
0.87876758
0.88219669
0.887227
0.89244872
0.89666376
0.89916618
0.88376578
0.88721441
0.89227335
0.89752477
0.90176379
0.90428045
0.79822897
0.80134379
0.80591302
0.8106561
0.81448477
0.8167578
0.80520886
0.8083509
0.81296008
0.81774462
0.82160676
0.82389967
0.81579775
0.8189811
0.82365088
0.82849833
0.83241125
0.83473431
0.82733365
0.83056202
0.83529782
0.8402138
0.84418204
0.84653794
0.83716977
0.84043651
0.8452286
0.85020301
0.85421841
0.8566023
0.84329398
0.84658461
0.85141175
0.85642253
0.8604673
0.86286863
0.77093497
0.77507865
0.78125993
0.78783624
0.79329868
0.79662528
0.77767626
0.78185617
0.78809149
0.79472528
0.80023548
0.80359115
0.78790319
0.79213806
0.79845535
0.80517635
0.81075899
0.81415878
0.79904477
0.80333949
0.80974609
0.8165621
0.82222365
0.82567151
0.80854462
0.81289039
0.81937313
0.82627017
0.83199902
0.83548787
0.81445947
0.81883702
0.82536718
0.83231466
0.83808542
0.84159978
0.8173507
0.82174379
0.82829713
0.83526926
0.84106051
0.84458734
0.82304885
0.82747257
0.83407159
0.84109232
0.84692392
0.85047533
0.83163477
0.83610463
0.84277247
0.84986642
0.85575884
0.85934728
0.84090056
0.8454202
0.85216231
0.85933527
0.86529334
0.86892178
0.84872025
0.8532819
0.86008669
0.86732637
0.87333987
0.87700209
0.85354745
0.85813504
0.86497854
0.87225942
0.87830716
0.88199024
0.85589454
0.86049475
0.86735707
0.87465799
0.88072239
0.8844156
0.86049475
0.86511969
0.87201891
0.87935912
0.88545615
0.88916923
0.86735707
0.87201892
0.87897322
0.88637204
0.89251773
0.89626043
0.87465799
0.87935912
0.88637204
0.89383317
0.9000306
0.90380481
0.88072239
0.88545615
0.89251773
0.9000306
0.90627101
0.9100714
0.8844156
0.88916923
0.89626043
0.90380481
0.9100714
0.91388775
0.88619603
0.89095924
0.89806471
0.90562428
0.9119035
0.91572754
0.88965415
0.89443595
0.90156915
0.90915823
0.91546198
0.91930096
0.894727
0.89953606
0.90670995
0.91434235
0.92068207
0.92454295
0.89999286
0.90483024
0.91204637
0.91972374
0.92610079
0.92998439
0.90424354
0.90910378
0.91635403
0.92406767
0.93047485
0.93437681
0.90676712
0.91164094
0.91891144
0.92664662
0.93307169
0.93698454
0.91757104
0.92115166
0.9264042
0.9318566
0.93625787
0.93887086
0.92115166
0.92474625
0.93001929
0.93549299
0.93991145
0.94253465
0.9264042
0.93001929
0.93532242
0.94082736
0.94527106
0.94790926
0.9318566
0.93549299
0.94082736
0.94636476
0.95083468
0.95348845
0.93625787
0.93991145
0.94527106
0.95083468
0.95532578
0.95799212
0.93887086
0.94253465
0.94790926
0.95348845
0.95799211
0.9606659
0.88619603
0.88965415
0.894727
0.89999287
0.90424354
0.90676712
0.89095924
0.89443595
0.89953607
0.90483024
0.90910378
0.91164094
0.89806471
0.90156915
0.90670995
0.91204637
0.91635403
0.91891144
0.90562428
0.90915823
0.91434235
0.91972374
0.92406767
0.92664662
0.9119035
0.91546198
0.92068207
0.92610079
0.93047485
0.93307169
0.91572754
0.91930096
0.92454295
0.92998439
0.93437681
0.93698455
0.9079637
0.91024632
0.91348069
0.91666067
0.91905664
0.92038627
0.91284395
0.91513885
0.91839062
0.92158771
0.92399656
0.92533335
0.92012405
0.92243727
0.92571499
0.92893758
0.93136565
0.9327131
0.92786945
0.93020214
0.93350746
0.9367572
0.93920573
0.94056453
0.934303
0.93665188
0.93998014
0.94325244
0.94571798
0.94708623
0.93822103
0.94057977
0.94392201
0.94720806
0.94968397
0.95105797
0.92098746
0.92207259
0.92343729
0.92450071
0.92501884
0.92514169
0.92593777
0.92702873
0.92840077
0.9294699
0.92999082
0.93011433
0.93332235
0.93442201
0.935805
0.93688267
0.93740774
0.93753224
0.94117891
0.94228784
0.94368249
0.94476924
0.94529875
0.94542429
0.94770488
0.94882152
0.95022587
0.95132018
0.95185337
0.95197979
0.95167922
0.95280056
0.95421082
0.95530973
0.95584516
0.95597211
0.9535952
0.9547188
0.9561319
0.95723302
0.95776953
0.95789673
0.9573166
0.95844459
0.9598632
0.96096862
0.96150722
0.96163492
0.96277566
0.96391008
0.96533679
0.96644853
0.96699021
0.96711864
0.96844247
0.96958359
0.97101873
0.97213703
0.97268191
0.9728111
0.97301688
0.97416341
0.97560535
0.97672894
0.97727639
0.97740619
0.97573269
0.97688242
0.97832837
0.97945509
0.98000406
0.98013422
0.94010984
0.94247333
0.94582231
0.949115
0.95159591
0.95297269
0.94377847
0.94615121
0.9495133
0.95281888
0.9553095
0.95669166
0.94916018
0.9515465
0.95492782
0.95825228
0.96075711
0.96214715
0.95474677
0.95714716
0.9605484
0.96389244
0.96641202
0.96781026
0.95925638
0.96166811
0.96508542
0.96844527
0.9709768
0.97238167
0.96193368
0.96435215
0.967779
0.97114828
0.9736869
0.9750957
0.96320314
0.9656248
0.9690562
0.97242994
0.97497192
0.97638258
0.9656248
0.96805256
0.97149263
0.97487488
0.97742325
0.97883745
0.96905619
0.97149263
0.97494496
0.97833923
0.98089662
0.9823158
0.97242994
0.97487488
0.97833923
0.98174526
0.98431147
0.98573556
0.97497192
0.97742326
0.98089662
0.98431147
0.98688435
0.98831214
0.97638259
0.97883745
0.9823158
0.98573556
0.98831214
0.989742
0.97702041
0.97817165
0.9796195
0.98074769
0.98129738
0.98142771
0.97947687
0.98063099
0.98208245
0.98321346
0.98376452
0.98389518
0.98295748
0.98411567
0.98557225
0.98670724
0.98726025
0.98739136
0.98637946
0.98754165
0.98900327
0.99014221
0.99069714
0.99082871
0.98895771
0.99012294
0.99158839
0.99273032
0.99328671
0.99341862
0.9903885
0.99155542
0.993023
0.99416658
0.99472377
0.99485588
0.99103543
0.99220312
0.99367166
0.99481598
0.99537353
0.99550572
0.99220312
0.99337219
0.99484245
0.99598811
0.99654631
0.99667866
0.99367166
0.99484245
0.99631488
0.99746223
0.99802126
0.9981538
0.99481598
0.99598811
0.99746223
0.9986109
0.99917057
0.99930326
0.99537353
0.99654632
0.99802126
0.99917057
0.99973055
0.99986333
0.99550573
0.99667866
0.9981538
0.99930326
0.99986333
0.99999612
0.97702041
0.97947687
0.98295748
0.98637946
0.98895771
0.9903885
0.97817166
0.98063099
0.98411567
0.98754165
0.99012294
0.99155542
0.9796195
0.98208245
0.98557225
0.98900328
0.99158839
0.99302301
0.98074769
0.98321346
0.98670724
0.99014221
0.99273032
0.99416659
0.98129739
0.98376452
0.98726025
0.99069714
0.99328671
0.99472377
0.98142772
0.98389518
0.98739136
0.99082872
0.99341863
0.99485588
0.95359519
0.95731659
0.96277566
0.96844247
0.97301688
0.97573269
0.95471879
0.95844458
0.96391008
0.96958359
0.97416341
0.97688243
0.95613189
0.95986319
0.96533679
0.97101873
0.97560535
0.97832838
0.95723302
0.96096861
0.96644852
0.97213703
0.97672895
0.9794551
0.95776952
0.96150721
0.9669902
0.97268191
0.9772764
0.98000407
0.95789673
0.96163491
0.96711863
0.9728111
0.9774062
0.98013423
0.94010983
0.94377847
0.94916018
0.95474677
0.95925638
0.96193368
0.94247333
0.94615121
0.9515465
0.95714716
0.96166811
0.96435215
0.94582231
0.9495133
0.95492781
0.9605484
0.96508542
0.967779
0.949115
0.95281887
0.95825228
0.96389244
0.96844527
0.97114828
0.95159591
0.95530949
0.96075711
0.96641202
0.9709768
0.9736869
0.95297269
0.95669165
0.96214715
0.96781026
0.97238167
0.97509571
0.9079637
0.91284395
0.92012406
0.92786945
0.934303
0.93822102
0.91024632
0.91513886
0.92243727
0.93020214
0.93665188
0.94057977
0.91348069
0.91839062
0.92571499
0.93350746
0.93998014
0.943922
0.91666067
0.92158771
0.92893758
0.93675719
0.94325244
0.94720806
0.91905664
0.92399656
0.93136565
0.93920572
0.94571798
0.94968396
0.92038628
0.92533334
0.9327131
0.94056453
0.94708622
0.95105797
0.92098747
0.92593777
0.93332234
0.94117891
0.94770487
0.95167922
0.92207259
0.92702872
0.93442201
0.94228784
0.94882152
0.95280056
0.92343729
0.92840076
0.935805
0.94368249
0.95022586
0.95421081
0.9245007
0.9294699
0.93688266
0.94476924
0.95132017
0.95530972
0.92501884
0.92999081
0.93740774
0.94529875
0.95185336
0.95584515
0.92514168
0.93011432
0.93753223
0.94542429
0.95197977
0.95597209
0.87951121
0.8856428
0.89488186
0.90485256
0.91326722
0.91846176
0.88054744
0.88668626
0.89593621
0.90591866
0.91434325
0.9195439
0.88185065
0.88799856
0.89726221
0.90725944
0.9156965
0.92090486
0.88286615
0.88902114
0.89829546
0.90830421
0.916751
0.92196536
0.88336093
0.88951938
0.8987989
0.90881326
0.91726478
0.92248207
0.88347825
0.88963751
0.89891826
0.90893395
0.9173866
0.92260458
0.82956616
0.83682001
0.84782452
0.8598132
0.87003541
0.87640008
0.83054354
0.83780593
0.8488234
0.8608262
0.87106046
0.87743264
0.83177273
0.83904586
0.85007963
0.8621002
0.87234961
0.87873123
0.83273054
0.84001205
0.85105852
0.86309293
0.87335416
0.87974314
0.83319722
0.84048281
0.85153547
0.86357662
0.87384361
0.88023617
0.83330787
0.84059443
0.85164855
0.86369131
0.87395965
0.88035307
0.81783557
0.82498686
0.83583579
0.84765499
0.85773264
0.86400724
0.81989156
0.82706082
0.83793702
0.84978592
0.8598889
0.86617929
0.82280478
0.82999952
0.84091436
0.85280534
0.86294422
0.86925696
0.82566901
0.83288879
0.84384161
0.85577398
0.86594815
0.87228289
0.82782707
0.83506571
0.84604716
0.85801071
0.86821148
0.87456279
0.82902467
0.83627379
0.84727111
0.85925197
0.8694675
0.87582801
0.86707434
0.87311912
0.88222744
0.8920571
0.90035272
0.90547373
0.86925409
0.87531409
0.88444533
0.89429972
0.90261619
0.90775009
0.87234271
0.87842426
0.88758798
0.89747739
0.90582343
0.91097558
0.87537939
0.88148214
0.89067778
0.90060163
0.90897673
0.91414684
0.87766739
0.88378611
0.8930058
0.90295559
0.9113526
0.91653623
0.87893711
0.88506469
0.89429773
0.90426191
0.91267108
0.91786222
0.84628755
0.85218739
0.8610772
0.87067099
0.87876758
0.88376578
0.84958985
0.85551271
0.86443721
0.87406846
0.88219669
0.88721441
0.85443411
0.86039074
0.86936615
0.87905237
0.887227
0.89227335
0.85946269
0.86545438
0.87448265
0.88422594
0.89244872
0.89752477
0.86352182
0.86954182
0.87861277
0.88840214
0.89666376
0.90176379
0.86593168
0.87196849
0.8810648
0.8908815
0.89916618
0.90428044
0.8173507
0.82304885
0.83163477
0.84090056
0.84872025
0.85354745
0.82174379
0.82747257
0.83610463
0.8454202
0.8532819
0.85813504
0.82829712
0.83407158
0.84277247
0.85216231
0.86008669
0.86497854
0.83526926
0.84109232
0.84986642
0.85933527
0.86732637
0.87225942
0.8410605
0.84692392
0.85575883
0.86529334
0.87333988
0.87830716
0.84458733
0.85047533
0.85934728
0.86892178
0.87700209
0.88199024
0.77093497
0.77767625
0.78790319
0.79904477
0.80854463
0.81445947
0.77507865
0.78185616
0.79213806
0.8033395
0.81289039
0.81883702
0.78125993
0.78809149
0.79845536
0.80974609
0.81937313
0.82536718
0.78783624
0.79472529
0.80517636
0.8165621
0.82627016
0.83231466
0.79329869
0.80023549
0.81075899
0.82222365
0.83199902
0.83808542
0.79662529
0.80359116
0.81415878
0.82567151
0.83548786
0.84159978
0.79822898
0.80520887
0.81579775
0.82733365
0.83716977
0.84329398
0.8013438
0.80835091
0.8189811
0.83056201
0.8404365
0.84658461
0.80591303
0.81296008
0.82365088
0.83529781
0.84522859
0.85141174
0.81065611
0.81774462
0.82849833
0.8402138
0.850203
0.85642253
0.81448477
0.82160676
0.83241125
0.84418204
0.8542184
0.8604673
0.8167578
0.82389966
0.8347343
0.84653793
0.8566023
0.86286863
0.74248248
0.75047515
0.76266116
0.77602823
0.78750937
0.79470081
0.74537977
0.75340364
0.76563722
0.77905645
0.79058237
0.79780187
0.74962993
0.75769955
0.7700029
0.78349864
0.79509027
0.80235092
0.7540418
0.76215893
0.77453468
0.78810985
0.79976968
0.80707304
0.75760312
0.76575859
0.7781928
0.79183206
0.80354694
0.81088478
0.75971744
0.76789567
0.78036458
0.7940419
0.80578946
0.81314777
0.71709486
0.72481417
0.73658338
0.7494933
0.76058185
0.76752742
0.7209491
0.7287099
0.74054239
0.75352173
0.76466988
0.77165279
0.72669862
0.73452132
0.74644821
0.75953109
0.77076816
0.77780675
0.73281559
0.74070416
0.75273148
0.7659245
0.77725616
0.78435399
0.73789652
0.7458398
0.75795054
0.77123504
0.78264527
0.78979231
0.74099079
0.74896739
0.76112892
0.77446914
0.78592721
0.79310421
0.6563481
0.66497147
0.67817009
0.69272425
0.70529462
0.71320389
0.65987596
0.66854567
0.6818152
0.69644755
0.70908546
0.71703723
0.66513861
0.67387743
0.68725274
0.70200174
0.71474039
0.72275556
0.67073755
0.67954991
0.69303776
0.70791086
0.7207567
0.72883933
0.67538818
0.68426161
0.69784295
0.71281912
0.72575401
0.73389268
0.67822038
0.68713101
0.70076927
0.71580822
0.72879735
0.73697016
0.67958573
0.68851429
0.70218
0.7172492
0.73026448
0.73845375
0.68223763
0.69120102
0.70492002
0.72004802
0.73311408
0.74133532
0.68612779
0.69514226
0.70893946
0.72415369
0.73729427
0.7455624
0.69016596
0.69923346
0.71311182
0.72841558
0.74163352
0.74995032
0.69342561
0.70253592
0.7164798
0.73185584
0.74513622
0.75349232
0.69536082
0.70449654
0.71847933
0.73389828
0.74721574
0.75559516
0.69627842
0.70542619
0.71942742
0.73486672
0.74820175
0.75659224
0.69802884
0.7071996
0.72123602
0.73671414
0.7500827
0.75849429
0.7005091
0.70971242
0.72379871
0.73933183
0.75274792
0.7611894
0.70294763
0.71218298
0.7263183
0.74190551
0.75536831
0.76383918
0.70478495
0.71404443
0.72821669
0.74384465
0.75734265
0.76583567
0.70580456
0.71507744
0.7292702
0.74492077
0.75843831
0.76694361
0.76071996
0.76890898
0.78139434
0.79508971
0.80685276
0.81422078
0.76263238
0.770842
0.78335874
0.79708853
0.80888115
0.81626768
0.7653422
0.77358099
0.7861422
0.79992076
0.81175526
0.81916803
0.76800644
0.77627391
0.78887884
0.80270535
0.81458102
0.82201959
0.77001382
0.77830289
0.79094077
0.8048034
0.8167101
0.82416811
0.7711278
0.77942887
0.79208502
0.8059677
0.81789163
0.82536043
0.77163149
0.77993797
0.79260239
0.80649414
0.81842585
0.82589953
0.77254062
0.78085689
0.79353623
0.80744433
0.8193901
0.82687258
0.77368398
0.78201256
0.79471066
0.80863934
0.82060278
0.82809633
0.77457492
0.78291309
0.79562581
0.80957052
0.82154773
0.82904992
0.77500902
0.78335186
0.7960717
0.81002422
0.82200815
0.82951454
0.77511194
0.78345589
0.79617742
0.81013179
0.82211731
0.8296247
0.70626558
0.7155445
0.72974654
0.74540733
0.7589337
0.76744456
0.70709769
0.71638754
0.73060631
0.74628556
0.75982787
0.76834876
0.70814419
0.71744779
0.7316876
0.74739006
0.76095242
0.76948592
0.70895965
0.71827396
0.73253017
0.74825072
0.7618287
0.77037202
0.70935697
0.7186765
0.7329407
0.74867006
0.76225565
0.77080377
0.70945117
0.71877194
0.73303803
0.74876949
0.76235688
0.77090613
