FiniteElementSpace
FiniteElementCollection: L2_2D_P2
VDim: 1
Ordering: 0

0.7577439021513221
0.7597101375670835
0.7605791608159594
0.7330529326474799
0.7349520388998798
0.7357912544086016
0.7073392139129572
0.7091705450442662
0.7099794810681705
0.7476198269097999
0.7523998592704666
0.7560944427968213
0.7232713657941339
0.7278902015439159
0.73145965401804
0.6979063492289973
0.7023601824787737
0.7058025562768271
0.8054935748672605
0.8106514400748811
0.8146379817014756
0.7839619798479173
0.7889780403021824
0.7928542554033272
0.7613141506706292
0.7661838446888758
0.7699475803954141
0.8164178503485636
0.8185397407214279
0.8194777116633692
0.7945843849742323
0.7966466426024172
0.7975579671255694
0.7716277376717684
0.7736302492845868
0.774514941732898
0.8673202155814702
0.8695785679156778
0.8705765805642096
0.8485595735478311
0.8507658612849576
0.8517408382085966
0.8285956086622452
0.8307496431823691
0.8317014725649837
0.909961280498082
0.9123365291481408
0.913386517812298
0.8944559741050285
0.8967868676671238
0.8978166962102745
0.8776757819555665
0.8799620471991885
0.8809720643333977
0.8977342811573539
0.903506612499629
0.907968804116409
0.882450577477744
0.8881189588873302
0.8925001906663752
0.8659035836019944
0.8714612866232733
0.8757575442111495
0.8556934565015351
0.8611825540758198
0.8654256549393934
0.8371967980414012
0.8425621030073344
0.8467086117675173
0.8175043986926458
0.822741051492232
0.8267885580873857
0.8358236065710342
0.8444846972223374
0.85192592820005
0.8177696878306049
0.8262384319892159
0.8335137272523694
0.7985440691540328
0.8068093356174102
0.8139098190169217
0.8768444877958527
0.8859486166233396
0.8937723534724465
0.8619345066884379
0.8708763077723009
0.8785598523574347
0.8457878843099468
0.854555682185723
0.8620890956681608
0.8475219678889826
0.859859385225624
0.8709578965813208
0.8331288069171005
0.845249745376088
0.8561524199955165
0.8175381372236911
0.82942583820907
0.8401179333088097
0.8079154569378035
0.8196597428927983
0.8302224503559406
0.7904786348867798
0.8019636746073642
0.8122926741884402
0.7719079385094995
0.7831175322719389
0.7931986189235689
0.7605807247568765
0.7716223345895967
0.7815523575328164
0.7402764117057343
0.7510163050513563
0.7606750988445712
0.7189175810095699
0.7293397491199797
0.7387130697055703
0.7868177181571039
0.794959090815393
0.8019530180854872
0.7657967222526381
0.7737157508056715
0.7805184170006227
0.7436834164108912
0.7513688626676513
0.7579714657257081
0.7303143773830781
0.7378579882037616
0.7443387726016382
0.7065462452989162
0.713837279571354
0.7201006527225543
0.6817811190944809
0.6888102941881108
0.6948491118540361
0.7060059065273774
0.7162355125261516
0.725435764162775
0.6830506690423293
0.6929383184077725
0.7018308500559766
0.6591295153843028
0.6686624072001947
0.6772353283915761
0.6749460756275304
0.6877558439668815
0.6995801545691541
0.653025495060593
0.6654094663193485
0.6768396106889678
0.6301767995189786
0.6421192359073051
0.6531409316671908
0.7270522904136746
0.7408802033970384
0.7536444272750694
0.7076657276211192
0.7211147643793071
0.7335297164379569
0.6872733814798383
0.7003237986668364
0.7123707357184728
0.6865855068789543
0.7030534388964431
0.7185173871449526
0.6683068081551385
0.6843247925153075
0.699365010216015
0.6490758680963432
0.6646224740563755
0.6792185392450977
0.6374481320882055
0.6527108297183387
0.6670393994766759
0.6167674809086899
0.6315263627617881
0.6453809742075687
0.5952079980237838
0.609442350236014
0.6228043353552857
0.5938765736409104
0.6114439416129391
0.6281376987254278
0.5746329338955279
0.59162071729246
0.607763985902971
0.5545721129384816
0.5709553364440988
0.5865244775779808
0.5446660361436477
0.5643608545330677
0.5832535603378711
0.5270464877210466
0.5460917361529397
0.5643606966173155
0.5086765803079902
0.5270462948898972
0.5446656625877148
0.5865249357318586
0.6077640841360734
0.6281377264371372
0.5709559351999831
0.5916209227955848
0.6114439537110257
0.5545726136822303
0.5746331478567537
0.5938765985383323
0.6395928229688542
0.6585371597315779
0.6765420668099202
0.6225895481448829
0.6410210806489519
0.6585370274077332
0.6046966227634146
0.622589535975253
0.6395927212595978
0.6792190357608323
0.69936532103228
0.7185174662039395
0.6646228559001262
0.6843251602338769
0.7030536401367846
0.6490760726242278
0.6683070649926882
0.6865856326602853
0.6228040787840562
0.6453810043116595
0.6670398131615899
0.609442334355532
0.6315263007126847
0.6527110455014423
0.5952082736948794
0.6167674831599643
0.6374482032421569
0.6531403253778415
0.676839460970981
0.6995800066332941
0.6421187617822292
0.6654094277248087
0.6877559906795354
0.6301764524554474
0.6530255549665275
0.6749464865358794
0.7123703490793881
0.7335290643063285
0.7536439167227864
0.7003238020761114
0.7211144278677331
0.7408797884868353
0.6872737834712692
0.7076658348271052
0.7270521728470524
0.7648657780934945
0.7832636856401146
0.8005380274365337
0.7519070899068352
0.7699865348619417
0.786962021776712
0.7378682731233578
0.7556022408098269
0.7722538392095607
0.7292029118231741
0.7467232956998969
0.7631747866535795
0.7135022867700951
0.7306351363582908
0.7467233632095951
0.696782397199172
0.7135022119535067
0.7292029394309385
0.7722538838557392
0.7869620970737445
0.8005381608513104
0.7556023705086575
0.7699867032837338
0.7832638620835423
0.7378684402516289
0.7519074184739727
0.7648661115247805
0.8100708128211448
0.8255153479022705
0.8397731687454294
0.7963298368994135
0.8115062694056883
0.8255155354358291
0.7814431340078886
0.7963299021512941
0.8100709916659971
0.8401172653121212
0.8561515267328231
0.8709573187016677
0.829425349853225
0.8452491644059911
0.8598589403908259
0.8175378523274117
0.8331284783830042
0.8475217790248706
0.8620886801127273
0.8785597351784173
0.8937726201187609
0.8545551457067827
0.8708757368198451
0.8859486192804813
0.8457872093969789
0.861933591917444
0.8768440534667875
0.8139097968915217
0.8335141856295782
0.8519258137271882
0.8068088681595257
0.8262384103843665
0.8444844698366183
0.7985434318681096
0.8177692466910107
0.8358231772703471
0.7931980606220754
0.8122921254203529
0.8302219385039701
0.7831171662429255
0.8019632124834832
0.8196592984454556
0.771907637380092
0.7904783805330203
0.8079152162150051
0.7387125750278201
0.7606748527654127
0.7815519456217509
0.7293391781617473
0.7510158496589987
0.7716219861536866
0.7189170496104995
0.7402757518986265
0.7605802812709774
0.6772353299753078
0.7018308261759645
0.7254353152485563
0.6686620724812614
0.6929382942791097
0.7162351329901732
0.6591289284992206
0.6830505357423331
0.7060056305967568
0.6948492879431957
0.7201005143476897
0.7443388442972595
0.6888104984688365
0.7138371561425838
0.7378578217105592
0.6817812661054997
0.7065461777004666
0.7303139778012199
0.7579714918108538
0.7805179903236956
0.8019525779948316
0.7513687286992027
0.7737154546984787
0.7949584842872337
0.7436830476801086
0.7657965177514485
0.7868171916187791
0.7699476049093967
0.7928543169087412
0.8146390497640127
0.7661838500762335
0.7889778007069351
0.8106519854486364
0.7613141893608117
0.783961543669302
0.8054934503156658
0.7058020442815878
0.7314592948569135
0.7560945014937533
0.7023599867986069
0.7278899134312176
0.752399967898349
0.6979064293727129
0.7232711895600396
0.747619963684232
0.7099792511447992
0.7357906943987337
0.7605788125003176
0.7091700909434826
0.7349515748864418
0.7597099316761134
0.7073386249673488
0.7330525435399464
0.7577438821696563
0.77451487687446
0.7975583645187404
0.8194777221315832
0.7736302341354911
0.7966470072822156
0.8185404317245826
0.7716277667383502
0.7945846131166632
0.8164189674635948
0.8317016952642594
0.8517414997049348
0.8705772665465916
0.8307503881032529
0.8507664383394722
0.8695789500996878
0.8285968089303229
0.8485601103624758
0.8673203762039653
0.8267898472069283
0.8467092092888696
0.8654257247443433
0.8227420424988789
0.8425628140042632
0.8611825165828431
0.8175047896176847
0.83719745440863
0.8556933628367482
0.8757573629924553
0.8924998736193162
0.9079688652874882
0.8714610102498973
0.8881188679174258
0.9035067181036562
0.865903222523133
0.882450600333435
0.8977345308935114
0.8809723488720556
0.8978169823974862
0.9133870653636434
0.8799621373890084
0.8967868090435442
0.9123369143202144
0.8776756847647329
0.8944556394663641
0.9099614293861769
0.9218487365343789
0.9353158263990743
0.9474390955883519
0.9207890023826254
0.934240679190949
0.9463485757270254
0.9183907103994224
0.9318076464444901
0.9438815376480135
0.9538658668994385
0.9637967538382343
0.9723314226274549
0.9527682330144387
0.9626883596724014
0.9712126438324487
0.9502842180545877
0.9601799422201818
0.9686812755279683
0.9482003253420952
0.9580751633411241
0.9665576920718041
0.9435329036968692
0.9533592378493505
0.9618001505936161
0.9374944740980973
0.9472568802935333
0.9556437115915356
0.9163787422281513
0.9297662877301497
0.9418120806395489
0.9118729992022384
0.9251931998683917
0.9371770862896898
0.9060444252563193
0.9192762804278103
0.9311806144686794
0.9020438337828113
0.9152146304544919
0.9270644335258914
0.8941434795407487
0.9071933283942857
0.9189348687431372
0.8849500629979845
0.8978587889719682
0.9094737831562604
0.8790059187048622
0.8918231578158116
0.9033558637353509
0.867800099102634
0.8804455480914825
0.8918231072958238
0.8553445367246337
0.8678003364871466
0.879006157527522
0.9094737472745186
0.9189349176268998
0.9270644627680673
0.8978586230120454
0.9071931089930829
0.9152145258973378
0.8849500998569853
0.8941431826109641
0.9020435150964516
0.9333495003081349
0.9430676368649481
0.9514169337925639
0.9251628905525706
0.9347932535351284
0.9430675047472311
0.9156351197428335
0.9251629831453273
0.9333494785410709
0.9556435006997618
0.9617996445837037
0.9665571252207092
0.9472565669155092
0.9533585138357447
0.9580739440179284
0.9374942734112984
0.9435323216647885
0.9481993258998154
0.9311805143635593
0.9371766554891473
0.9418113717856669
0.9192761861045281
0.9251929028818769
0.9297657728638157
0.9060442004979482
0.9118728072483417
0.9163784223893882
0.9438806906129523
0.9463475377811675
0.9474379141857806
0.9318070444271276
0.9342399543124847
0.9353149247485911
0.9183902565082009
0.9207883995489636
0.9218481064554563
0.968680801923226
0.9712124268388368
0.9723315434644377
0.9601784862628235
0.9626866684496225
0.9637948700957658
0.9502829955411206
0.9527667175224894
0.9538641066101317
0.9840944287412726
0.9866653610336171
0.9878014992257627
0.979251199367081
0.9818090137619889
0.9829387920867106
0.9729842995658247
0.9755271789642651
0.9766507685224356
0.9708511683243095
0.9771047860439829
0.981937447803793
0.9660725992002905
0.9722956723210959
0.9771048194581078
0.9598889842906023
0.9660723500500543
0.9708510431886124
0.976650333094083
0.9829399258721608
0.9878038148494284
0.9755268064707348
0.9818093178451226
0.9866664332412916
0.9729842011022294
0.9792511259955772
0.9840945923757028
0.989970840469816
0.9925505899639405
0.9936986561890706
0.9888330070333655
0.9914125921878929
0.9925532805644143
0.9862563908979403
0.9888324593659151
0.9899703186989973
