FiniteElementSpace
FiniteElementCollection: L2_2D_P3
VDim: 1
Ordering: 0

4.437271636587616e+125
-1.299357389210601e+126
-3.444634879239905e+126
-4.606448541617532e+126
-3.265864373010484e+127
-2.990926459857831e+127
-2.461661190062159e+127
-2.063659413664611e+127
7.68750367528425e+127
1.128228809205351e+128
1.550523732578438e+128
1.831137745722108e+128
2.343570090737627e+128
2.835130391022226e+128
3.30428821109795e+128
3.482790221114655e+128
-5.172041950469531e+126
-5.844082053403749e+126
-6.625475172895561e+126
-6.903116144433629e+126
-1.851367936100189e+127
-1.537596199342579e+127
-1.209237545459646e+127
-1.094779163026455e+127
1.955361059763072e+128
2.150240834551833e+128
2.299852501351716e+128
2.343810779425217e+128
3.537440880148577e+128
3.541108353195166e+128
3.522515351145076e+128
3.510997740341232e+128
3.417413132712529e+128
3.146483660284925e+128
2.877158968335369e+128
2.776037435655453e+128
-8.57394441607827e+127
-2.135251462879578e+128
-3.319398830851012e+128
-3.713695511748755e+128
-1.014181836586285e+129
-1.157567410587375e+129
-1.237801464407899e+129
-1.251797788137025e+129
-1.267344653477177e+129
-1.097523333949199e+129
-8.537147822773774e+128
-7.55938218593762e+128
3.166391851855218e+128
3.55533325736093e+128
3.690842450216826e+128
3.531198507953971e+128
3.530458984662602e+128
2.892582841370653e+128
1.348257999975737e+128
-8.222300378376619e+126
7.770966252614989e+127
-2.172550905655959e+128
-6.311164740043091e+128
-9.041369797958046e+128
-3.518077040286099e+128
-7.888931582671253e+128
-1.206005701039147e+129
-1.299148104980221e+129
