FiniteElementSpace
FiniteElementCollection: L2_2D_P3
VDim: 1
Ordering: 0

3.316160018163874e+136
-7.380418472692601e+137
1.268473126349546e+138
4.428620480815953e+138
7.78232087461152e+136
-7.430978510296805e+137
5.232295228213222e+137
3.026967364439622e+138
1.439399857611365e+137
-6.820604829147483e+137
-2.464564345837136e+137
1.202223389481688e+138
1.998382772907033e+137
-5.754982770685045e+137
-6.049563001215927e+137
1.165635715734304e+137
2.313352541590643e+137
-4.961252932594339e+137
-6.98799781247557e+137
-2.915582896573696e+137
2.932040331153825e+137
-3.005189932765686e+137
-6.876124829601975e+137
-6.987997812467808e+137
3.628984194199457e+137
4.311892776917784e+136
-3.005189932752296e+137
-4.961252932572868e+137
3.896937581348242e+137
3.628984194209005e+137
2.932040331164997e+137
2.313352541605515e+137
1.165635715732977e+137
1.202223389479822e+138
3.026967364435206e+138
4.428620480809654e+138
-6.049563001209013e+137
-2.464564345838816e+137
5.232295228186666e+137
1.268473126344727e+138
-5.754982770660866e+137
-6.820604829118382e+137
-7.430978510267636e+137
-7.380418472667377e+137
1.998382772926046e+137
1.439399857633677e+137
7.782320874893547e+136
3.316160018493292e+136
6.236727795741778e+138
7.926781620162277e+138
4.405055284671292e+138
-2.639654032525833e+138
4.672440961923553e+138
7.180332573975908e+138
7.355070076596951e+138
4.405055284673861e+138
2.341019943510423e+138
4.72202992154397e+138
7.1803325739751e+138
7.926781620163911e+138
7.451264120543041e+137
2.341019943508894e+138
4.672440961919816e+138
6.236727795737397e+138
