FiniteElementSpace
FiniteElementCollection: L2_2D_P3
VDim: 1
Ordering: 0

2542.412709380986
1336.762937596205
-150.5518132352792
-33.60678885203264
2412.107574581391
1131.92637039261
-179.6072211128079
-25.12723931348094
2069.637569827531
823.6678742003214
-218.2463776781383
-9.469617746947526
1710.817218004189
561.2623163866537
-238.3207635170236
3.252424102260562
-9482.429870978141
-6599.177571514541
-59.70559904159353
2577.77874487868
-8802.578247565682
-4606.34103519949
984.4281603522098
2694.294555900646
-5757.987590386664
-1585.477604021659
2111.650408726697
2595.361820462164
-2567.605256269184
567.5280288167804
2577.232073673457
2311.443697238613
-5517.342688659097
-9136.818635140351
-2710.393250851846
2026.588871449475
-6231.045962050612
-9034.658750846065
-2422.587399360299
2100.398175867357
-8010.687533235306
-8449.017954438763
-1558.252749994172
2296.978832493806
-9250.277453802863
-7402.418215422741
-625.5186088305632
2494.729310776181
2563.023319248052
1710.993243712909
-79.82278655843882
-50.36921946944164
2571.42839827622
1678.90539415164
-88.17814527465582
-48.34278704717961
2584.993616936458
1569.694870692233
-112.1482958952548
-42.63965697310996
2582.308905815742
1427.440849126388
-135.0541983412863
-37.73483033339294
