FiniteElementSpace
FiniteElementCollection: L2_2D_P1
VDim: 2
Ordering: 0

-0.28194621
-0.30435654
-0.28432743
-0.30692702
-0.28549195
-0.30818411
-0.28628825
-0.3090437
-0.32417238
-0.34510568
-0.32507657
-0.34606825
-0.32014624
-0.34081955
-0.32285008
-0.34369799
-0.31303692
-0.33325115
-0.31751438
-0.33801773
-0.27568518
-0.29759785
-0.27962838
-0.30185448
-0.26676915
-0.28797313
-0.27223636
-0.29387491
-0.30291288
-0.32247335
-0.30912083
-0.32908218
-0.28987163
-0.30858996
-0.29775029
-0.31697739
-0.27403875
-0.29173469
-0.28351224
-0.30181993
-0.24134029
-0.26052308
-0.2496834
-0.26952934
-0.25528398
-0.27557508
-0.26222256
-0.28306516
-0.21823781
-0.23990625
-0.22416948
-0.24642686
-0.17908989
-0.20192699
-0.18395752
-0.20741533
-0.16930795
-0.19089768
-0.17516091
-0.19749699
-0.20631759
-0.2268025
-0.21344998
-0.23464304
-0.19241043
-0.21151451
-0.20067483
-0.22059947
-0.15789547
-0.17802992
-0.16467739
-0.18567665
-0.14496238
-0.16344763
-0.15260795
-0.17206814
-0.17665024
-0.19418952
-0.18596708
-0.20443142
-0.20663686
-0.22306127
-0.21753525
-0.23482591
-0.22507236
-0.24296211
-0.23473966
-0.25339781
-0.25556673
-0.27206984
-0.26654382
-0.28375578
-0.23463346
-0.24978482
-0.24700844
-0.2629589
-0.26037041
-0.2741028
-0.2741028
-0.28855946
-0.28359985
-0.2985574
-0.29578102
-0.31138102
-0.30890174
-0.32216968
-0.32216968
-0.3360075
-0.28359985
-0.29578102
-0.2985574
-0.31138102
-0.30409806
-0.31461071
-0.32013673
-0.33120382
-0.32166765
-0.33041052
-0.33863296
-0.34783695
-0.35036584
-0.35988872
-0.36541474
-0.37534665
-0.33122875
-0.3426793
-0.34545567
-0.35739805
-0.35516952
-0.3674477
-0.3674477
-0.38015033
-0.37568981
-0.385901
-0.38867737
-0.39924156
-0.39739569
-0.40819683
-0.40819683
-0.41929155
-0.37568981
-0.38867737
-0.385901
-0.39924156
-0.35036584
-0.36541474
-0.35988872
-0.37534665
-0.33122875
-0.34545567
-0.3426793
-0.35739805
-0.30409806
-0.32013673
-0.31461071
-0.33120382
-0.32166765
-0.33863296
-0.33041052
-0.34783695
-0.3361394
-0.35386798
-0.3430283
-0.36112021
-0.36612872
-0.38185466
-0.37363222
-0.38968046
-0.37836557
-0.39461712
-0.38377744
-0.40026143
-0.34737395
-0.36569505
-0.35234253
-0.37092569
-0.35526309
-0.37400029
-0.35826351
-0.37715895
-0.35973086
-0.37870369
-0.36073422
-0.37975997
-0.39182493
-0.40865458
-0.39291781
-0.4097944
-0.38695856
-0.40357919
-0.39022667
-0.40698767
-0.41492741
-0.42927141
-0.41843173
-0.43289688
-0.42014551
-0.4346699
-0.42131738
-0.43588228
-0.44441986
-0.45649911
-0.44565943
-0.45777238
-0.43890028
-0.45082951
-0.44260707
-0.45463705
-0.42915384
-0.44081817
-0.43529215
-0.44712331
-0.40571333
-0.4197388
-0.41151636
-0.42574244
-0.39259201
-0.40616388
-0.40063786
-0.41448787
-0.41527443
-0.42656151
-0.42378513
-0.43530354
-0.43395752
-0.44285113
-0.44285113
-0.45192699
-0.44846137
-0.45487584
-0.45765222
-0.46419815
-0.46344998
-0.47007883
-0.47007883
-0.4768025
-0.44846137
-0.45765222
-0.45487584
-0.46419815
-0.4586463
-0.46804587
-0.46251985
-0.47199882
-0.4644142
-0.47393199
-0.46570955
-0.47525388
-0.47993598
-0.48680064
-0.48127462
-0.48815843
-0.4739753
-0.4807547
-0.47797832
-0.48481498
-0.48473966
-0.4888336
-0.4888336
-0.49296211
-0.49083572
-0.49498114
-0.49220476
-0.49636174
-0.49700844
-0.49839469
-0.49839469
-0.49978482
-0.49083572
-0.49220476
-0.49498114
-0.49636174
-0.47993598
-0.48127462
-0.48680064
-0.48815843
-0.4739753
-0.47797832
-0.4807547
-0.48481498
-0.4586463
-0.46251985
-0.46804587
-0.47199882
-0.4644142
-0.46570955
-0.47393199
-0.47525388
-0.44441986
-0.44565943
-0.45649911
-0.45777238
-0.42014551
-0.42131738
-0.4346699
-0.43588228
-0.41492741
-0.41843173
-0.42927141
-0.43289688
-0.43890028
-0.44260707
-0.45082951
-0.45463705
-0.42915384
-0.43529215
-0.44081817
-0.44712331
-0.41527443
-0.42378513
-0.42656151
-0.43530354
-0.39259201
-0.40063786
-0.40616388
-0.41448787
-0.40571333
-0.41151636
-0.4197388
-0.42574244
-0.37836557
-0.38377744
-0.39461712
-0.40026143
-0.36612872
-0.37363222
-0.38185466
-0.38968046
-0.35336763
-0.35669181
-0.36211383
-0.36552028
-0.34694016
-0.35075408
-0.35552727
-0.35943559
-0.33141169
-0.3350549
-0.34047691
-0.34421978
-0.33755147
-0.34072687
-0.34678464
-0.35004689
-0.34287806
-0.34557799
-0.35225694
-0.35503072
-0.35894381
-0.36177024
-0.36782802
-0.37072441
-0.36365525
-0.36597713
-0.37265608
-0.37503543
-0.34737863
-0.34959659
-0.35688061
-0.35915924
-0.35104234
-0.35277298
-0.36064453
-0.36242251
-0.35386035
-0.35509951
-0.36353962
-0.36481268
-0.37044067
-0.3717379
-0.37960944
-0.38093877
-0.36749062
-0.36930235
-0.37658637
-0.37844295
-0.38695856
-0.39022667
-0.40357919
-0.40698767
-0.39182493
-0.39291781
-0.40865458
-0.4097944
-0.37365855
-0.37391862
-0.38290696
-0.38317347
-0.3724983
-0.37327789
-0.381718
-0.38251688
-0.35582588
-0.35657058
-0.36555892
-0.36632398
-0.3569342
-0.35718263
-0.36669755
-0.36695278
-0.33934996
-0.33958616
-0.34960474
-0.34984806
-0.32094821
-0.32117159
-0.33166969
-0.33190054
-0.31995163
-0.32062124
-0.33063982
-0.33133181
-0.33829625
-0.33900426
-0.34851918
-0.34924858
-0.33642755
-0.33760566
-0.34659401
-0.34780772
-0.33374836
-0.33539375
-0.34383386
-0.34552897
-0.31565036
-0.31720652
-0.32619487
-0.32780301
-0.31818426
-0.31929849
-0.32881342
-0.32996487
-0.29917444
-0.3002221
-0.31024068
-0.3113271
-0.29679193
-0.29825512
-0.30777004
-0.30928735
-0.2772185
-0.27858519
-0.28860377
-0.29002659
-0.27944389
-0.28042245
-0.29092055
-0.29193931
-0.28099607
-0.28158415
-0.29253648
-0.29314872
-0.30083622
-0.30146583
-0.31196393
-0.31261682
-0.30177326
-0.30198329
-0.31293562
-0.31315343
-0.28187131
-0.28206749
-0.29344767
-0.29365191
-0.071607176
-0.068658173
-0.04862906
-0.046626366
-0.03170469
-0.030398993
-0.0085031302
-0.0081529452
-0.029381007
-0.027909036
-0.0078799234
-0.0074851439
-0.066358982
-0.063034436
-0.045064966
-0.042807237
-0.10269788
-0.09755278
-0.081816008
-0.077717074
-0.11082005
-0.10625614
-0.088286666
-0.08465075
-0.14896566
-0.1428308
-0.12709402
-0.1218599
-0.13804775
-0.13113164
-0.11777912
-0.11187845
-0.17206814
-0.16344763
-0.15260795
-0.14496238
-0.20443142
-0.19418952
-0.18596708
-0.17665024
-0.22059947
-0.21151451
-0.20067483
-0.19241043
-0.18567665
-0.17802992
-0.16467739
-0.15789547
-0.19749699
-0.19089768
-0.17516091
-0.16930795
-0.20741533
-0.20192699
-0.18395752
-0.17908989
-0.24642686
-0.23990625
-0.22416948
-0.21823781
-0.23464304
-0.2268025
-0.21344998
-0.20631759
-0.26952934
-0.26052308
-0.2496834
-0.24134029
-0.28306516
-0.27557508
-0.26222256
-0.25528398
-0.31697739
-0.30858996
-0.29775029
-0.28987163
-0.30181993
-0.29173469
-0.28351224
-0.27403875
-0.28375578
-0.27206984
-0.26654382
-0.25556673
-0.25339781
-0.24296211
-0.23473966
-0.22507236
-0.23482591
-0.22306127
-0.21753525
-0.20663686
-0.2629589
-0.24978482
-0.24700844
-0.23463346
-0.23962959
-0.22509423
-0.22509423
-0.21144054
-0.21399252
-0.20101224
-0.19823586
-0.18621134
-0.19109826
-0.17702734
-0.17702734
-0.1639925
-0.21399252
-0.19823586
-0.20101224
-0.18621134
-0.18629458
-0.16946837
-0.17499439
-0.15918882
-0.15680252
-0.13906881
-0.14729125
-0.13063322
-0.1400268
-0.12419035
-0.12971637
-0.11504599
-0.16636361
-0.15133758
-0.15411396
-0.14019432
-0.14483048
-0.13174933
-0.13174933
-0.11984967
-0.12190255
-0.10811588
-0.11089226
-0.098350806
-0.10260431
-0.091000191
-0.091000191
-0.080708449
-0.12190255
-0.11089226
-0.10811588
-0.098350806
-0.1400268
-0.12971637
-0.12419035
-0.11504599
-0.16636361
-0.15411396
-0.15133758
-0.14019432
-0.18629458
-0.17499439
-0.16946837
-0.15918882
-0.15680252
-0.14729125
-0.13906881
-0.13063322
-0.12580036
-0.11816961
-0.10732993
-0.10081955
-0.11234145
-0.10406955
-0.095847105
-0.088789708
-0.083574195
-0.077420475
-0.066580797
-0.061678332
-0.093586685
-0.087909938
-0.074557417
-0.07003494
-0.060471715
-0.056803643
-0.041066871
-0.038575852
-0.026774369
-0.025150299
-0.0071808287
-0.0067452566
-0.023909879
-0.022149351
-0.0064125786
-0.0059404088
-0.054002072
-0.050025801
-0.03667328
-0.033972959
-0.047012359
-0.042766182
-0.031926505
-0.029042889
-0.020815124
-0.018935093
-0.0055825719
-0.0050783516
-0.017519908
-0.015538479
-0.004698802
-0.0041673871
-0.039569892
-0.035094702
-0.02687226
-0.023833119
-0.061238796
-0.054312943
-0.048786924
-0.043269326
-0.072756839
-0.06618541
-0.057962968
-0.052727727
-0.097800632
-0.088967236
-0.083441216
-0.075904769
-0.082317937
-0.073008121
-0.070231742
-0.062288825
-0.066042476
-0.056345899
-0.056345899
-0.048073006
-0.04913099
-0.039141035
-0.041917414
-0.033394217
-0.036550025
-0.029118196
-0.029118196
-0.023197504
-0.04913099
-0.041917414
-0.039141035
-0.033394217
-0.031746345
-0.027085241
-0.021559221
-0.018393824
-0.014055966
-0.011992222
-0.0037697801
-0.0032162884
-0.010456657
-0.0083304727
-0.0028044531
-0.002234215
-0.023617064
-0.018814934
-0.016038555
-0.012777386
-0.015260337
-0.010363428
-0.010363428
-0.0070378949
-0.0067566446
-0.0045884965
-0.0018121177
-0.001230625
-0.0029915622
-0.00080233061
-0.00080233061
-0.00021518336
-0.0067566446
-0.0018121177
-0.0045884965
-0.001230625
-0.010456657
-0.0028044531
-0.0083304727
-0.002234215
-0.023617064
-0.016038555
-0.018814934
-0.012777386
-0.031746345
-0.021559221
-0.027085241
-0.018393824
-0.014055966
-0.0037697801
-0.011992222
-0.0032162884
-0.017519908
-0.004698802
-0.015538479
-0.0041673871
-0.020815124
-0.0055825719
-0.018935093
-0.0050783516
-0.047012359
-0.031926505
-0.042766182
-0.029042889
-0.039569892
-0.02687226
-0.035094702
-0.023833119
-0.061238796
-0.048786924
-0.054312943
-0.043269326
-0.082317937
-0.070231742
-0.073008121
-0.062288825
-0.097800632
-0.083441216
-0.088967236
-0.075904769
-0.072756839
-0.057962968
-0.06618541
-0.052727727
-0.083574195
-0.066580797
-0.077420475
-0.061678332
-0.11234145
-0.095847105
-0.10406955
-0.088789708
-0.10857213
-0.099640439
-0.10506245
-0.096419483
-0.12383187
-0.11505571
-0.11982891
-0.11133645
-0.13052808
-0.12127735
-0.12669937
-0.11771999
-0.11444317
-0.1050285
-0.11108627
-0.10194775
-0.098082567
-0.088526621
-0.095205563
-0.085929916
-0.093050841
-0.083985124
-0.0900429
-0.081270238
-0.077305381
-0.068127481
-0.074806423
-0.065925206
-0.081485671
-0.071811476
-0.079095494
-0.069705068
-0.064692468
-0.05492333
-0.062794878
-0.053312293
-0.047743415
-0.03790287
-0.046342982
-0.036791085
-0.045294133
-0.035958418
-0.043829965
-0.034796034
-0.061373684
-0.052105713
-0.059389732
-0.050421355
-0.054002072
-0.03667328
-0.050025801
-0.033972959
-0.023909879
-0.0064125786
-0.022149351
-0.0059404088
-0.012846679
-0.0034430556
-0.0124314
-0.0033317561
-0.029105465
-0.019724496
-0.028164608
-0.019086886
-0.030679344
-0.020791098
-0.029779443
-0.020181244
-0.013541364
-0.0036292389
-0.013144162
-0.0035227843
-0.014203426
-0.003806679
-0.013825258
-0.0037053259
-0.014831271
-0.0039749485
-0.014473048
-0.0038789409
-0.03360176
-0.022771592
-0.032790171
-0.022221586
-0.032179313
-0.021807613
-0.031322536
-0.021226984
-0.050077678
-0.039756011
-0.048744355
-0.038697504
-0.067855401
-0.057608633
-0.066048745
-0.056074798
-0.070854865
-0.060155151
-0.069143495
-0.058702214
-0.052291299
-0.041513376
-0.051028299
-0.040510696
-0.054378947
-0.043170732
-0.053189311
-0.042226295
-0.073683633
-0.06255675
-0.072071673
-0.06118821
-0.076334891
-0.064807644
-0.074826224
-0.063526799
-0.05633559
-0.044724085
-0.055222185
-0.043840168
-0.036200572
-0.024532782
-0.035485112
-0.024047921
-0.034943257
-0.023680711
-0.034178811
-0.023162654
-0.015423386
-0.0041336421
-0.015085972
-0.0040432113
-0.015978344
-0.0042823773
-0.015662551
-0.0041977412
