FiniteElementSpace
FiniteElementCollection: L2_2D_P1
VDim: 1
Ordering: 0

1.5222663
0.40826858
1.5265122
0.40940732
1.5033601
0.40319799
1.516057
0.40660325
3.3954401
2.3058731
3.4241167
2.3253477
3.4381409
2.3348716
3.4477306
2.341384
5.3209044
4.2389886
5.3357455
4.250812
7.1524247
6.1022818
7.1723742
6.1193022
7.0635933
6.026493
7.1232499
6.0773905
5.2548201
4.1863414
5.2992004
4.2216977
5.138129
4.0933775
5.2116211
4.1519262
6.9067358
5.8926657
7.0055247
5.9769502
6.6833626
5.7020889
6.8203326
5.8189485
4.971955
3.9609921
5.0738511
4.0421694
3.2126647
2.1817488
3.2785057
2.2264619
3.3200393
2.2546678
3.3675268
2.2869169
1.4699758
0.39424438
1.4910013
0.39988337
1.4224348
0.38149398
1.4515864
0.38931239
1.361195
0.36506959
1.398192
0.37499211
3.0743504
2.0878183
3.1579108
2.1445648
2.9064285
1.973781
3.0069034
2.0420145
1.2868461
0.34512937
1.3313322
0.35706046
1.2001041
0.32186537
1.251651
0.33569013
1.1018046
0.29550164
1.1599157
0.31108691
2.4884998
1.689962
2.6197476
1.7790935
2.710516
1.8407352
2.826938
1.9197983
4.1948241
3.3418777
4.3750001
3.4854179
3.8512294
3.0681471
4.0543499
3.2299665
5.1768696
4.4167843
5.4499067
4.6497332
5.6387338
4.810836
5.8809285
5.0174709
6.0462939
5.1585568
6.2553137
5.3368877
4.4980204
3.5834241
4.6535165
3.7073027
4.7578983
3.7904602
4.8872171
3.8934842
6.3956249
5.4565979
6.5694569
5.6049073
7.9717582
7.0701856
8.1884292
7.262352
9.4711191
8.6156835
9.7285425
8.8498562
8.9538037
8.1450922
9.2633358
8.4266673
7.5363383
6.6840098
7.7968688
6.9150754
7.0283394
6.2334634
7.3302203
6.501203
6.4526536
5.7228854
6.7929778
6.0247203
7.6662951
6.973872
8.0706289
7.3416862
8.3502582
7.5960592
8.7089182
7.9223249
9.5917594
8.8855007
10.003744
9.2671505
8.806106
8.1576964
9.2705554
8.5879475
9.8611093
9.2629577
10.381201
9.7515023
10.740887
10.08937
11.202229
10.522728
11.517224
10.818616
11.915373
11.192615
10.285039
9.5277328
10.640592
9.8571057
10.879268
10.078208
11.174965
10.352132
12.182644
11.443673
12.513766
11.75471
12.814944
12.43905
12.955818
12.575792
12.157525
11.764524
12.291173
11.893851
12.382757
11.982475
12.499244
12.095196
13.052355
12.669497
13.175141
12.788681
13.258323
12.869423
13.362723
12.970761
13.43235
13.038346
13.518113
13.121593
12.743258
12.331322
12.824621
12.410055
12.578159
12.17156
12.677203
12.267402
11.748692
10.883615
11.916737
11.039286
11.368724
10.531624
11.601716
10.747461
9.8972225
9.003301
10.100058
9.1878163
8.3304057
7.3882715
8.5011305
7.5396881
8.6088269
7.6352044
8.7319613
7.7444128
10.22801
9.3042119
10.374304
9.4372926
10.460297
9.5155181
10.54864
9.5958826
8.8043403
7.8086061
8.8786985
7.8745547
8.9150631
7.9068066
8.939929
7.9288603
10.591845
9.6351846
10.621387
9.6620591
12.166621
11.270771
12.200556
11.302207
12.015515
11.13079
12.116993
11.224797
12.981033
12.561411
13.026491
12.605399
12.877657
12.461377
12.941144
12.522812
13.574017
13.175857
13.640937
13.240814
13.682983
13.281627
13.730899
13.328137
13.758986
13.355401
13.787781
13.383352
13.053137
12.631184
13.080455
12.657619
13.093795
12.670527
13.102908
12.679346
13.801842
13.397
13.811448
13.406324
14.476639
14.091197
14.486715
14.101005
14.431688
14.047443
14.461891
14.076842
15.069623
14.705643
15.101161
14.73642
15.116561
14.751448
15.127082
14.761715
15.720066
15.376161
15.731007
15.386863
16.285699
15.963832
16.297035
15.974943
16.235131
15.914263
16.269109
15.947569
15.671253
15.328417
15.704051
15.360497
15.584688
15.243745
15.639263
15.297126
16.14545
15.826355
16.201989
15.881776
16.016874
15.70032
16.095837
15.777722
15.460577
15.122349
15.536798
15.196903
14.867034
14.507948
14.940329
14.579473
14.98638
14.624412
15.03886
14.675624
14.351969
13.969847
14.402227
14.018767
14.237675
13.858596
14.307867
13.926919
14.089082
13.713959
14.179038
13.80152
14.711872
14.356534
14.805805
14.448198
14.521268
14.170533
14.635613
14.282117
13.906546
13.536283
14.016051
13.642872
13.690509
13.325998
13.819297
13.451358
13.44149
13.083609
13.589252
13.227437
14.035654
13.696649
14.189948
13.847216
14.295681
13.950395
14.430162
14.081628
14.866413
14.541184
15.006264
14.677975
14.596005
14.276692
14.756459
14.433636
15.121194
14.822341
15.287421
14.985284
15.401331
15.096942
15.546214
15.238962
15.644366
15.335174
15.767554
15.455927
15.101007
14.770645
15.219917
14.886954
15.29922
14.964523
15.396903
15.060069
15.849711
15.536461
15.950909
15.635659
16.362019
16.07097
16.466488
16.173581
16.834909
16.566763
16.942397
16.67254
16.616799
16.352128
16.747645
16.480889
16.150036
15.862758
16.277206
15.987666
15.899146
15.616331
16.048711
15.763236
15.609954
15.332283
15.781554
15.50083
16.061108
15.805287
16.237668
15.979035
16.358658
16.098098
16.512547
16.249535
