MFEM mesh v1.0

#
# MFEM Geometry Types (see mesh/geom.hpp):
#
# POINT       = 0
# SEGMENT     = 1
# TRIANGLE    = 2
# SQUARE      = 3
# TETRAHEDRON = 4
# CUBE        = 5
# PRISM       = 6
#

dimension
2

elements
115
1 3 40 39 25 24
1 3 41 40 24 23
1 3 42 38 40 41
1 3 43 42 41 44
1 3 44 41 23 22
1 3 45 44 22 21
1 3 13 45 21 3
1 3 12 46 45 13
1 3 46 43 44 45
1 3 11 47 43 12
1 3 47 37 38 43
1 3 48 49 37 47
1 3 10 48 47 11
1 3 9 50 48 10
1 3 50 51 49 48
1 3 51 52 53 49
1 3 49 53 36 37
1 3 53 34 35 36
1 3 52 33 34 53
1 3 54 55 33 52
1 3 56 57 55 54
1 3 58 56 54 59
1 3 59 54 52 51
1 3 60 59 51 50
1 3 8 60 50 9
1 3 7 61 60 8
1 3 61 58 59 60
1 3 62 63 58 61
1 3 6 62 61 7
1 3 0 64 62 6
1 3 64 65 63 62
1 3 65 66 67 63
1 3 63 67 56 58
1 3 67 68 57 56
1 3 66 69 68 67
1 3 69 70 71 68
1 3 70 72 73 71
1 3 71 73 74 75
1 3 68 71 75 57
1 3 57 75 76 55
1 3 55 76 32 33
1 3 76 77 31 32
1 3 75 74 77 76
1 3 74 78 79 77
1 3 77 79 29 31
1 3 79 80 30 29
1 3 78 81 80 79
1 3 82 83 81 78
1 3 73 82 78 74
1 3 72 84 82 73
1 3 84 1 83 82
1 3 1 85 86 83
1 3 85 87 88 86
1 3 86 88 89 90
1 3 83 86 90 81
1 3 81 90 91 80
1 3 80 91 92 30
1 3 91 93 94 92
1 3 90 89 93 91
1 3 89 95 96 93
1 3 93 96 97 94
1 3 96 98 99 97
1 3 95 100 98 96
1 3 101 102 100 95
1 3 88 101 95 89
1 3 87 103 101 88
1 3 103 104 102 101
1 3 104 105 106 102
1 3 102 106 107 100
1 3 106 108 109 107
1 3 105 110 108 106
1 3 110 111 112 108
1 3 111 2 113 112
1 3 112 113 114 115
1 3 108 112 115 109
1 3 109 115 116 117
1 3 115 114 118 116
1 3 116 118 119 120
1 3 117 116 120 121
1 3 122 117 121 123
1 3 107 109 117 122
1 3 100 107 122 98
1 3 98 122 123 99
1 3 99 123 124 125
1 3 125 124 126 127
1 3 124 128 129 126
1 3 123 121 128 124
1 3 121 120 130 128
1 3 120 119 131 130
1 3 130 131 132 133
1 3 128 130 133 129
1 3 129 133 134 135
1 3 133 132 136 134
1 3 134 136 5 14
1 3 135 134 14 15
1 3 137 135 15 16
1 3 126 129 135 137
1 3 127 126 137 138
1 3 138 137 16 17
1 3 139 138 17 18
1 3 140 139 18 19
1 3 141 142 139 140
1 3 142 127 138 139
1 3 143 125 127 142
1 3 97 99 125 143
1 3 94 97 143 144
1 3 144 143 142 141
1 3 145 144 141 146
1 3 92 94 144 145
1 3 30 92 145 28
1 3 28 145 146 27
1 3 27 146 147 26
1 3 146 141 140 147
1 3 147 140 19 20
1 3 26 147 20 4

boundary
62
1 1 0 64
1 1 64 65
1 1 65 66
1 1 66 69
1 1 69 70
1 1 70 72
1 1 72 84
1 1 84 1
1 1 1 85
1 1 85 87
1 1 87 103
1 1 103 104
1 1 104 105
1 1 105 110
1 1 110 111
1 1 111 2
2 1 2 113
2 1 113 114
2 1 114 118
2 1 118 119
2 1 119 131
2 1 131 132
2 1 132 136
2 1 136 5
20 1 40 39
20 1 39 25
20 1 25 24
20 1 24 23
20 1 38 40
20 1 23 22
20 1 22 21
20 1 21 3
20 1 3 13
20 1 13 12
20 1 12 11
20 1 37 38
20 1 11 10
20 1 10 9
20 1 36 37
20 1 34 35
20 1 35 36
20 1 33 34
20 1 9 8
20 1 8 7
20 1 7 6
20 1 6 0
20 1 32 33
20 1 31 32
20 1 29 31
20 1 30 29
20 1 5 14
20 1 14 15
20 1 15 16
20 1 16 17
20 1 17 18
20 1 18 19
20 1 28 30
20 1 27 28
20 1 26 27
20 1 19 20
20 1 20 4
20 1 4 26

vertices
148
2
0.5 0
0.75 0
1 0
0.5 0.25
0.75 0.25
1 0.25
0.5 0.03125
0.5 0.0625
0.5 0.09375
0.5 0.125
0.5 0.15625
0.5 0.1875
0.5 0.21875
0.5 0.234375
0.96875 0.25
0.9375 0.25
0.90625 0.25
0.875 0.25
0.84375 0.25
0.8125 0.25
0.78125 0.25
0.515625 0.25
0.53125 0.25
0.546875 0.25
0.5625 0.25
0.578125 0.25
0.75 0.21875
0.75 0.1875
0.75 0.15625
0.71875 0.125
0.75 0.125
0.6875 0.125
0.65625 0.125
0.625 0.125
0.625 0.15625
0.625 0.1875
0.59375 0.1875
0.5625 0.1875
0.5625 0.21875
0.578125 0.234375
0.5625 0.234375
0.546875 0.234375
0.546875 0.21875
0.53125 0.21875
0.53125 0.234375
0.515625 0.234375
0.515625 0.21875
0.53125 0.1875
0.53125 0.15625
0.5625 0.15625
0.53125 0.125
0.5625 0.125
0.59375 0.125
0.59375 0.15625
0.59375 0.09375
0.625 0.09375
0.59375 0.0625
0.625 0.0625
0.5625 0.0625
0.5625 0.09375
0.53125 0.09375
0.53125 0.0625
0.53125 0.03125
0.5625 0.03125
0.53125 0
0.5625 0
0.59375 0
0.59375 0.03125
0.625 0.03125
0.625 0
0.65625 0
0.65625 0.03125
0.6875 0
0.6875 0.03125
0.6875 0.0625
0.65625 0.0625
0.65625 0.09375
0.6875 0.09375
0.71875 0.0625
0.71875 0.09375
0.75 0.09375
0.75 0.0625
0.71875 0.03125
0.75 0.03125
0.71875 0
0.78125 0
0.78125 0.03125
0.8125 0
0.8125 0.03125
0.8125 0.0625
0.78125 0.0625
0.78125 0.09375
0.78125 0.125
0.8125 0.09375
0.8125 0.125
0.84375 0.0625
0.84375 0.09375
0.84375 0.125
0.875 0.09375
0.875 0.125
0.875 0.0625
0.84375 0.03125
0.875 0.03125
0.84375 0
0.875 0
0.90625 0
0.90625 0.03125
0.90625 0.0625
0.9375 0.03125
0.9375 0.0625
0.9375 0
0.96875 0
0.96875 0.03125
1 0.03125
1 0.0625
0.96875 0.0625
0.96875 0.09375
0.9375 0.09375
1 0.09375
1 0.125
0.96875 0.125
0.9375 0.125
0.90625 0.09375
0.90625 0.125
0.90625 0.15625
0.875 0.15625
0.90625 0.1875
0.875 0.1875
0.9375 0.15625
0.9375 0.1875
0.96875 0.15625
1 0.15625
1 0.1875
0.96875 0.1875
0.96875 0.21875
0.9375 0.21875
1 0.21875
0.90625 0.21875
0.875 0.21875
0.84375 0.21875
0.8125 0.21875
0.8125 0.1875
0.84375 0.1875
0.84375 0.15625
0.8125 0.15625
0.78125 0.15625
0.78125 0.1875
0.78125 0.21875
