MFEM mesh v1.0

#
# MFEM Geometry Types (see mesh/geom.hpp):
#
# POINT       = 0
# SEGMENT     = 1
# TRIANGLE    = 2
# SQUARE      = 3
# TETRAHEDRON = 4
# CUBE        = 5
# PRISM       = 6
#

dimension
2

elements
116
1 3 24 25 20 22
1 3 25 14 18 20
1 3 11 13 14 24
1 3 12 11 24 26
1 3 26 27 28 29
1 3 27 24 22 28
1 3 28 22 23 30
1 3 29 28 30 31
1 3 32 26 31 33
1 3 34 32 33 35
1 3 36 37 32 34
1 3 37 12 26 32
1 3 38 10 12 37
1 3 8 9 10 38
1 3 7 8 38 39
1 3 39 38 37 36
1 3 40 39 36 41
1 3 6 7 39 40
1 3 5 6 40 4
1 3 4 40 41 3
1 3 3 41 42 2
1 3 41 36 34 42
1 3 42 34 35 43
1 3 2 42 43 0
1 3 0 43 44 45
1 3 43 35 46 44
1 3 44 47 48 49
1 3 47 46 50 48
1 3 48 50 51 52
1 3 49 48 52 53
1 3 45 44 53 54
1 3 54 55 56 57
1 3 55 53 58 56
1 3 56 58 59 60
1 3 57 56 60 61
1 3 61 60 62 63
1 3 63 62 64 65
1 3 62 66 67 64
1 3 60 59 66 62
1 3 59 68 69 66
1 3 66 69 70 67
1 3 69 71 72 70
1 3 68 73 71 69
1 3 74 75 73 68
1 3 58 74 68 59
1 3 53 52 74 58
1 3 52 51 75 74
1 3 51 76 77 75
1 3 76 78 79 77
1 3 77 79 80 81
1 3 75 77 81 73
1 3 73 81 82 71
1 3 71 82 83 72
1 3 82 84 85 83
1 3 81 80 84 82
1 3 80 86 87 84
1 3 84 87 88 85
1 3 87 89 90 88
1 3 86 91 89 87
1 3 92 93 91 86
1 3 79 92 86 80
1 3 78 94 92 79
1 3 94 95 93 92
1 3 96 97 95 94
1 3 98 99 97 96
1 3 100 98 96 101
1 3 101 96 94 78
1 3 102 101 78 76
1 3 50 102 76 51
1 3 46 103 102 50
1 3 103 100 101 102
1 3 104 105 100 103
1 3 106 104 103 46
1 3 35 107 104 106
1 3 107 33 105 104
1 3 33 108 109 105
1 3 105 109 98 100
1 3 109 110 99 98
1 3 108 31 110 109
1 3 31 30 111 110
1 3 30 23 112 111
1 3 111 112 113 114
1 3 110 111 114 99
1 3 99 114 115 97
1 3 97 115 116 95
1 3 115 117 118 116
1 3 114 113 117 115
1 3 113 119 120 117
1 3 117 120 121 118
1 3 120 122 123 121
1 3 119 124 122 120
1 3 125 126 124 119
1 3 112 125 119 113
1 3 23 21 125 112
1 3 21 19 126 125
1 3 19 17 127 126
1 3 126 127 128 124
1 3 127 129 130 128
1 3 17 16 129 127
1 3 16 15 131 129
1 3 15 1 132 131
1 3 131 132 133 134
1 3 129 131 134 130
1 3 130 134 135 136
1 3 134 133 137 135
1 3 135 137 138 139
1 3 136 135 139 140
1 3 141 136 140 142
1 3 128 130 136 141
1 3 124 128 141 122
1 3 122 141 142 123
1 3 123 142 143 144
1 3 144 143 145 146
1 3 143 147 148 145
1 3 142 140 147 143
1 3 140 139 149 147

boundary
57
6 1 20 22
6 1 14 18
6 1 18 20
6 1 11 13
6 1 13 14
6 1 12 11
6 1 22 23
6 1 10 12
6 1 8 9
6 1 9 10
6 1 7 8
6 1 6 7
6 1 5 6
6 1 4 5
6 1 3 4
6 1 2 3
6 1 0 2
6 1 45 0
6 1 54 45
6 1 64 65
6 1 67 64
6 1 70 67
6 1 72 70
6 1 83 72
6 1 85 83
6 1 88 85
6 1 89 90
6 1 90 88
6 1 91 89
6 1 93 91
6 1 95 93
6 1 116 95
6 1 118 116
6 1 121 118
6 1 123 121
6 1 23 21
6 1 21 19
6 1 19 17
6 1 17 16
6 1 16 15
6 1 15 1
6 1 1 132
6 1 132 133
6 1 133 137
6 1 137 138
6 1 138 139
6 1 144 123
6 1 145 146
6 1 146 144
6 1 147 148
6 1 148 145
6 1 139 149
6 1 149 147
6 1 63 61
6 1 65 63
6 1 57 54
6 1 61 57

vertices
150
2
0.25 0.25
0.5 0.25
0.25 0.21875
0.25 0.1875
0.25 0.15625
0.25 0.125
0.28125 0.125
0.3125 0.125
0.34375 0.125
0.375 0.125
0.375 0.15625
0.40625 0.1875
0.375 0.1875
0.4375 0.1875
0.4375 0.21875
0.484375 0.25
0.46875 0.25
0.453125 0.25
0.4375 0.234375
0.4375 0.25
0.421875 0.234375
0.421875 0.25
0.40625 0.234375
0.40625 0.25
0.40625 0.21875
0.421875 0.21875
0.375 0.21875
0.390625 0.21875
0.390625 0.234375
0.375 0.234375
0.390625 0.25
0.375 0.25
0.34375 0.21875
0.34375 0.25
0.3125 0.21875
0.3125 0.25
0.3125 0.1875
0.34375 0.1875
0.34375 0.15625
0.3125 0.15625
0.28125 0.15625
0.28125 0.1875
0.28125 0.21875
0.28125 0.25
0.28125 0.28125
0.25 0.28125
0.3125 0.28125
0.296875 0.28125
0.296875 0.296875
0.28125 0.296875
0.3125 0.296875
0.3125 0.3125
0.296875 0.3125
0.28125 0.3125
0.25 0.3125
0.265625 0.3125
0.265625 0.328125
0.25 0.328125
0.28125 0.328125
0.28125 0.34375
0.265625 0.34375
0.25 0.34375
0.265625 0.359375
0.25 0.359375
0.265625 0.375
0.25 0.375
0.28125 0.359375
0.28125 0.375
0.296875 0.34375
0.296875 0.359375
0.296875 0.375
0.3125 0.359375
0.3125 0.375
0.3125 0.34375
0.296875 0.328125
0.3125 0.328125
0.328125 0.3125
0.328125 0.328125
0.34375 0.3125
0.34375 0.328125
0.34375 0.34375
0.328125 0.34375
0.328125 0.359375
0.328125 0.375
0.34375 0.359375
0.34375 0.375
0.359375 0.34375
0.359375 0.359375
0.359375 0.375
0.375 0.359375
0.375 0.375
0.375 0.34375
0.359375 0.328125
0.375 0.328125
0.359375 0.3125
0.375 0.3125
0.359375 0.296875
0.375 0.296875
0.359375 0.28125
0.375 0.28125
0.34375 0.28125
0.34375 0.296875
0.328125 0.296875
0.328125 0.28125
0.328125 0.265625
0.34375 0.265625
0.3125 0.265625
0.328125 0.25
0.359375 0.25
0.359375 0.265625
0.375 0.265625
0.390625 0.265625
0.40625 0.265625
0.40625 0.28125
0.390625 0.28125
0.390625 0.296875
0.390625 0.3125
0.40625 0.296875
0.40625 0.3125
0.421875 0.28125
0.421875 0.296875
0.421875 0.3125
0.4375 0.296875
0.4375 0.3125
0.4375 0.28125
0.421875 0.265625
0.4375 0.265625
0.453125 0.265625
0.453125 0.28125
0.46875 0.265625
0.46875 0.28125
0.484375 0.265625
0.5 0.265625
0.5 0.28125
0.484375 0.28125
0.484375 0.296875
0.46875 0.296875
0.5 0.296875
0.5 0.3125
0.484375 0.3125
0.46875 0.3125
0.453125 0.296875
0.453125 0.3125
0.453125 0.328125
0.4375 0.328125
0.453125 0.34375
0.4375 0.34375
0.46875 0.328125
0.46875 0.34375
0.484375 0.328125
