FiniteElementSpace
FiniteElementCollection: L2_2D_P4
VDim: 1
Ordering: 0

0.5542410960895078
0.546259073058759
0.5163405233215729
0.4664675607199653
0.4217495540018642
0.6173617213820305
0.6081243115331664
0.5736271990673085
0.5166815766391309
0.4664772432556888
0.6938560027821666
0.6820679523662744
0.6400498059600331
0.5736365159933812
0.5163621995268364
0.7471801212231739
0.7321813182902913
0.6820660819373824
0.6081361379379604
0.5462879644947861
0.7628782728448077
0.7471784212073939
0.693850233866973
0.6173748792600974
0.5542748389920072
