FiniteElementSpace
FiniteElementCollection: L2_2D_P3
VDim: 1
Ordering: 0

7.0149136e+16
7.4204428e+16
8.2736995e+16
8.6616224e+16
7.0147843e+16
7.4203272e+16
8.2737411e+16
8.6617012e+16
7.0147795e+16
7.4203146e+16
8.273697e+16
8.6616581e+16
7.0147183e+16
7.4202054e+16
8.2736213e+16
8.6615385e+16
7.0158851e+16
7.4193708e+16
8.2753549e+16
8.6570918e+16
7.0160582e+16
7.4194612e+16
8.2752392e+16
8.656831e+16
7.0163151e+16
7.4196258e+16
8.2749792e+16
8.6565191e+16
7.0165828e+16
7.4197966e+16
8.2747426e+16
8.6561843e+16
8.7989914e+16
9.0490662e+16
9.1339078e+16
9.1688638e+16
8.7988316e+16
9.0488336e+16
9.1338961e+16
9.1688574e+16
8.7984961e+16
9.0485069e+16
9.1337139e+16
9.1688399e+16
8.7981641e+16
9.0481856e+16
9.1335062e+16
9.1688409e+16
8.7974803e+16
9.0483677e+16
9.1306792e+16
9.1755566e+16
8.7985527e+16
9.0498592e+16
9.1317412e+16
9.1762507e+16
8.7957272e+16
9.0463801e+16
9.1292718e+16
9.1749411e+16
8.7937462e+16
9.0439315e+16
9.1274673e+16
9.1739791e+16
7.0171623e+16
7.4210668e+16
8.2740622e+16
8.6561025e+16
7.0139588e+16
7.4181681e+16
8.2740451e+16
8.6569681e+16
7.019803e+16
7.4231769e+16
8.273261e+16
8.6545053e+16
7.0237476e+16
7.4265118e+16
8.272689e+16
8.6527869e+16
7.9178517e+16
8.7502149e+16
9.1371991e+16
9.1269019e+16
7.9223384e+16
8.7469089e+16
9.1399759e+16
9.1263074e+16
7.9210358e+16
8.7476703e+16
9.1391119e+16
9.126459e+16
7.9217112e+16
8.7471833e+16
9.1394456e+16
9.1263981e+16
7.921551e+16
8.747253e+16
9.1394258e+16
9.126447e+16
7.921295e+16
8.747624e+16
9.139237e+16
9.1263871e+16
7.9218408e+16
8.7471743e+16
9.1398103e+16
9.1264595e+16
7.9203705e+16
8.749295e+16
9.138246e+16
9.1260412e+16
9.0748502e+16
8.9921973e+16
8.8814275e+16
8.8135454e+16
9.0748894e+16
8.9921779e+16
8.8814042e+16
8.8135057e+16
9.0748579e+16
8.9921331e+16
8.8813454e+16
8.8134538e+16
9.0747955e+16
8.9920883e+16
8.8812876e+16
8.8134145e+16
9.0743934e+16
8.9920833e+16
8.8812035e+16
8.8134457e+16
9.0754845e+16
8.9919804e+16
8.8813072e+16
8.81324e+16
9.0732007e+16
8.9920252e+16
8.8809283e+16
8.8135135e+16
9.0808954e+16
8.9916467e+16
8.8819771e+16
8.8123666e+16
8.7908111e+16
8.7760105e+16
8.8546818e+16
8.9812782e+16
8.7905387e+16
8.775851e+16
8.8544942e+16
8.9821267e+16
8.7909528e+16
8.7763057e+16
8.855156e+16
8.9817708e+16
8.7892745e+16
8.7752415e+16
8.8532314e+16
8.9867445e+16
8.7908494e+16
8.776007e+16
8.8543857e+16
8.9811883e+16
8.7908036e+16
8.7759901e+16
8.8543648e+16
8.9813356e+16
8.7907654e+16
8.7759605e+16
8.8544332e+16
8.98137e+16
8.7907429e+16
8.7759474e+16
8.8545285e+16
8.9814073e+16
8.7908233e+16
8.7759998e+16
8.8545804e+16
8.9811701e+16
8.7908075e+16
8.7760499e+16
8.8543949e+16
8.9814764e+16
8.7908117e+16
8.7760566e+16
8.8543169e+16
8.9814829e+16
8.7908998e+16
8.775986e+16
8.8545306e+16
8.9807387e+16
9.0747928e+16
8.9921274e+16
8.8813713e+16
8.8134843e+16
9.0749181e+16
8.992175e+16
8.8814316e+16
8.8135098e+16
9.0749588e+16
8.9922004e+16
8.8814624e+16
8.813528e+16
9.0748008e+16
8.9921851e+16
8.8814463e+16
8.8135598e+16
9.0881655e+16
8.9894286e+16
8.8821151e+16
8.8112739e+16
9.073507e+16
8.9921711e+16
8.8809158e+16
8.8132772e+16
9.0751974e+16
8.9919315e+16
8.8812612e+16
8.8133113e+16
9.0744999e+16
8.9921473e+16
8.8812916e+16
8.8134946e+16
8.7880245e+16
8.774927e+16
8.8491335e+16
8.9860534e+16
8.7906318e+16
8.7759446e+16
8.8549923e+16
8.9822489e+16
8.790675e+16
8.775849e+16
8.8545746e+16
8.9811683e+16
8.7908636e+16
8.7759659e+16
8.8547586e+16
8.9810184e+16
9.1158548e+16
9.1512319e+16
9.1323665e+16
9.1237948e+16
9.0861341e+16
9.1496748e+16
9.1415597e+16
9.131431e+16
9.0829232e+16
9.1493944e+16
9.1434765e+16
9.1327847e+16
9.082486e+16
9.1494596e+16
9.1434807e+16
9.1328115e+16
9.083887e+16
9.1495819e+16
9.1429362e+16
9.1323812e+16
9.086221e+16
9.149802e+16
9.1419202e+16
9.1316009e+16
9.0867759e+16
9.1498594e+16
9.1416682e+16
9.1314075e+16
9.0827094e+16
9.149518e+16
9.1434248e+16
9.1327498e+16
9.1236553e+16
9.1098543e+16
9.1186179e+16
9.1572889e+16
9.1231599e+16
9.1099891e+16
9.119138e+16
9.1571611e+16
9.1230361e+16
9.1100175e+16
9.1192632e+16
9.1571318e+16
9.1238746e+16
9.1097602e+16
9.1183426e+16
9.1573487e+16
9.1185198e+16
9.1120859e+16
9.1245896e+16
9.1552964e+16
9.1230817e+16
9.1101021e+16
9.1194029e+16
9.1572844e+16
9.1239301e+16
9.1098364e+16
9.1183875e+16
9.1573469e+16
9.1239209e+16
9.1097796e+16
9.1183446e+16
9.1573714e+16
9.163699e+16
9.1858042e+16
9.2212272e+16
9.248616e+16
9.1664709e+16
9.1854696e+16
9.2200728e+16
9.247853e+16
9.1670249e+16
9.1853395e+16
9.2197625e+16
9.2476945e+16
9.1670102e+16
9.185333e+16
9.219771e+16
9.2477083e+16
9.2632719e+16
9.292453e+16
9.3270467e+16
9.3581402e+16
9.2630201e+16
9.2930605e+16
9.328208e+16
9.3586457e+16
9.2629842e+16
9.2933068e+16
9.3286215e+16
9.358779e+16
9.2630069e+16
9.2933129e+16
9.3286075e+16
9.358752e+16
9.2630318e+16
9.2932775e+16
9.328536e+16
9.3587115e+16
9.2630728e+16
9.2931996e+16
9.3283768e+16
9.3586335e+16
9.2630844e+16
9.2931814e+16
9.3283376e+16
9.3586139e+16
9.2630265e+16
9.2933314e+16
9.3286221e+16
9.3587391e+16
9.1668356e+16
9.1853532e+16
9.2198469e+16
9.247764e+16
9.166516e+16
9.1853957e+16
9.2199982e+16
9.2478628e+16
9.1664353e+16
9.1854063e+16
9.2200371e+16
9.2478889e+16
9.1669823e+16
9.1853225e+16
9.2197781e+16
9.247727e+16
9.1675584e+16
9.1849165e+16
9.2199637e+16
9.2477014e+16
9.1674717e+16
9.1849477e+16
9.2200243e+16
9.2477304e+16
9.1675419e+16
9.1849347e+16
9.2199873e+16
9.247704e+16
9.1676349e+16
9.1849121e+16
9.2199382e+16
9.2476702e+16
9.2630697e+16
9.2933418e+16
9.3284806e+16
9.358593e+16
9.2630722e+16
9.2932943e+16
9.3284039e+16
9.3585584e+16
9.2630585e+16
9.2933071e+16
9.328435e+16
9.3585741e+16
9.2630432e+16
9.2933288e+16
9.3284811e+16
9.3586018e+16
9.2630386e+16
9.293327e+16
9.3284916e+16
9.3586125e+16
9.2630304e+16
9.2932848e+16
9.3284389e+16
9.3586165e+16
9.2630275e+16
9.2931012e+16
9.3281652e+16
9.3585612e+16
9.2631249e+16
9.2926633e+16
9.3274176e+16
9.3583254e+16
9.1677052e+16
9.1849021e+16
9.2199001e+16
9.2476473e+16
9.167513e+16
9.1849523e+16
9.2200064e+16
9.247702e+16
9.1674221e+16
9.1850406e+16
9.2200992e+16
9.2477234e+16
9.1657354e+16
9.1854458e+16
9.2210072e+16
9.2482539e+16
9.1236045e+16
9.1099763e+16
9.1181728e+16
9.1578894e+16
9.1232419e+16
9.1101204e+16
9.11856e+16
9.1577539e+16
9.123174e+16
9.1100806e+16
9.1186847e+16
9.1579051e+16
9.1201918e+16
9.1110596e+16
9.1217038e+16
9.1568166e+16
9.123393e+16
9.1099816e+16
9.1183114e+16
9.1577723e+16
9.1232328e+16
9.1100251e+16
9.1184865e+16
9.157765e+16
9.1233392e+16
9.1100196e+16
9.1184059e+16
9.157798e+16
9.1234741e+16
9.1100083e+16
9.1182901e+16
9.1578339e+16
9.0845785e+16
9.1496351e+16
9.142685e+16
9.1322416e+16
9.0851453e+16
9.1495976e+16
9.1423342e+16
9.1319835e+16
9.0847765e+16
9.1495889e+16
9.1425391e+16
9.1321428e+16
9.084312e+16
9.1495903e+16
9.1428132e+16
9.1323523e+16
9.0836851e+16
9.1496014e+16
9.1430517e+16
9.1325505e+16
9.0856383e+16
9.1494934e+16
9.1423117e+16
9.1319527e+16
9.0846841e+16
9.1494341e+16
9.1420445e+16
9.1318633e+16
9.0998008e+16
9.1488398e+16
9.1359229e+16
9.126964e+16
9.8170518e+16
9.2414246e+16
9.165579e+16
9.0365428e+16
9.8354517e+16
9.2477592e+16
9.1655427e+16
9.0328675e+16
9.8476351e+16
9.2518927e+16
9.1654534e+16
9.0303182e+16
9.847988e+16
9.2520011e+16
9.1653545e+16
9.0300529e+16
9.0051314e+16
8.9936183e+16
8.9936763e+16
9.0186754e+16
9.0003038e+16
8.988108e+16
8.9885402e+16
9.0146302e+16
8.9969899e+16
8.9843208e+16
8.9850183e+16
9.0118808e+16
8.9966946e+16
8.9839512e+16
8.9846812e+16
9.0116518e+16
8.9961456e+16
8.9833687e+16
8.9841254e+16
9.0112361e+16
8.9958505e+16
8.9830535e+16
8.9838427e+16
9.011023e+16
8.995867e+16
8.9831e+16
8.9839025e+16
9.0110753e+16
8.9960072e+16
8.9832674e+16
8.9840712e+16
9.0112106e+16
9.8498924e+16
9.2525706e+16
9.1653223e+16
9.0296248e+16
9.8506594e+16
9.2527383e+16
9.1652423e+16
9.0293771e+16
9.8502526e+16
9.2525394e+16
9.1651558e+16
9.0293686e+16
9.8495299e+16
9.2523551e+16
9.1651105e+16
9.0294682e+16
9.8481802e+16
9.2521534e+16
9.1650261e+16
9.0296678e+16
9.8469402e+16
9.251793e+16
9.1650447e+16
9.0299503e+16
9.8456345e+16
9.2514229e+16
9.1651108e+16
9.0302989e+16
9.8452926e+16
9.2514004e+16
9.1652066e+16
9.0304725e+16
9.8461526e+16
9.2515454e+16
9.1653631e+16
9.030481e+16
9.8480312e+16
9.252189e+16
9.1656126e+16
9.030373e+16
9.8505217e+16
9.254086e+16
9.1657787e+16
9.0299153e+16
9.8953085e+16
9.2659222e+16
9.1709664e+16
9.0279288e+16
8.997237e+16
8.9845975e+16
8.9853115e+16
9.0121554e+16
8.9970189e+16
8.9842828e+16
8.9849818e+16
9.0119013e+16
8.9963491e+16
8.9833045e+16
8.9840413e+16
9.0111782e+16
8.9917836e+16
8.978203e+16
8.9785888e+16
9.0067518e+16
8.9962572e+16
8.9835251e+16
8.9843381e+16
9.0113982e+16
8.996616e+16
8.9839358e+16
8.9847247e+16
9.011699e+16
8.9970463e+16
8.9844184e+16
8.9851711e+16
9.0120459e+16
8.9972337e+16
8.9846052e+16
8.9853329e+16
9.0121722e+16
9.0333946e+16
9.0795928e+16
9.1396621e+16
9.1760877e+16
9.0336354e+16
9.0797084e+16
9.1396165e+16
9.1759456e+16
9.033913e+16
9.0798404e+16
9.139562e+16
9.1757805e+16
9.034019e+16
9.0798933e+16
9.1395489e+16
9.1757294e+16
9.0339923e+16
9.0798879e+16
9.139575e+16
9.1757699e+16
9.0338062e+16
9.0798156e+16
9.1396526e+16
9.1759374e+16
9.0332219e+16
9.0795584e+16
9.1398296e+16
9.1763697e+16
9.0299496e+16
9.0786255e+16
9.1417529e+16
9.1798484e+16
9.1884691e+16
9.1983073e+16
9.1619355e+16
9.1043875e+16
9.1886829e+16
9.1985284e+16
9.1620178e+16
9.1042407e+16
9.1891976e+16
9.199075e+16
9.1622905e+16
9.1039577e+16
9.1931037e+16
9.2028919e+16
9.1629391e+16
9.1005163e+16
9.1888836e+16
9.1987662e+16
9.1621867e+16
9.1041876e+16
9.1887065e+16
9.1985728e+16
9.1620843e+16
9.1042781e+16
9.1885013e+16
9.1983494e+16
9.161969e+16
9.1043851e+16
9.1884426e+16
9.1982831e+16
9.1619283e+16
9.104409e+16
9.1889742e+16
9.1988296e+16
9.1622057e+16
9.1041019e+16
9.189126e+16
9.1989903e+16
9.1623046e+16
9.1040406e+16
9.1891099e+16
9.1989703e+16
9.1623063e+16
9.1040656e+16
9.1890316e+16
9.1988828e+16
9.1622526e+16
9.1041037e+16
9.0332347e+16
9.0795153e+16
9.1396432e+16
9.1761538e+16
9.0330687e+16
9.079446e+16
9.1396957e+16
9.176279e+16
9.033111e+16
9.0794721e+16
9.1396985e+16
9.1762676e+16
9.033226e+16
9.0795326e+16
9.1396845e+16
9.1762071e+16
9.0390631e+16
9.0819721e+16
9.1379152e+16
9.1719572e+16
9.035912e+16
9.0806499e+16
9.1388789e+16
9.1742329e+16
9.0337722e+16
9.0797427e+16
9.1395191e+16
9.1757663e+16
9.033568e+16
9.079639e+16
9.1395619e+16
9.175905e+16
9.1839516e+16
9.1936003e+16
9.1599445e+16
9.1072174e+16
9.1866584e+16
9.1964262e+16
9.1610428e+16
9.1054069e+16
9.1884915e+16
9.1983494e+16
9.1618653e+16
9.1042669e+16
9.1886729e+16
9.198556e+16
9.1620648e+16
9.1042788e+16
9.1174178e+16
9.1555437e+16
9.1924071e+16
9.2149461e+16
9.1156533e+16
9.1550649e+16
9.1925973e+16
9.2154795e+16
9.1144512e+16
9.1547536e+16
9.192738e+16
9.2158502e+16
9.1143395e+16
9.1547496e+16
9.1927631e+16
9.2158919e+16
9.1141461e+16
9.1546987e+16
9.1927972e+16
9.2159639e+16
9.1140333e+16
9.1546788e+16
9.1928333e+16
9.2160221e+16
9.1140382e+16
9.1546928e+16
9.1928644e+16
9.2160538e+16
9.114098e+16
9.1547186e+16
9.1928786e+16
9.216058e+16
9.22567e+16
9.2407609e+16
9.2551843e+16
9.2634603e+16
9.2257339e+16
9.2408197e+16
9.2552236e+16
9.263473e+16
9.2257644e+16
9.2408442e+16
9.255234e+16
9.2634693e+16
9.2257635e+16
9.2408402e+16
9.2552237e+16
9.263462e+16
9.2244809e+16
9.2395675e+16
9.2542625e+16
9.262915e+16
9.2251074e+16
9.2402061e+16
9.2547685e+16
9.2632317e+16
9.2255398e+16
9.24064e+16
9.2551042e+16
9.2634307e+16
9.2255901e+16
9.2406825e+16
9.2551253e+16
9.2634299e+16
9.2682524e+16
9.2834726e+16
9.3066709e+16
9.3504052e+16
9.2683799e+16
9.2829175e+16
9.3057217e+16
9.3501393e+16
9.2683436e+16
9.2827592e+16
9.3055333e+16
9.3501367e+16
9.2683346e+16
9.2826917e+16
9.3054309e+16
9.3501209e+16
9.2683168e+16
9.282706e+16
9.3054659e+16
9.3501426e+16
9.2682996e+16
9.2827343e+16
9.3055195e+16
9.3501801e+16
9.2683037e+16
9.2827443e+16
9.3055342e+16
9.3502295e+16
9.2683763e+16
9.2826455e+16
9.305367e+16
9.3502823e+16
9.2256565e+16
9.2407489e+16
9.2551368e+16
9.2634071e+16
9.225667e+16
9.2407654e+16
9.2551549e+16
9.2634215e+16
9.225722e+16
9.2408308e+16
9.2552146e+16
9.2634651e+16
9.2259588e+16
9.2411164e+16
9.2555068e+16
9.2636789e+16
9.2257435e+16
9.240834e+16
9.2552071e+16
9.2634539e+16
9.225718e+16
9.2408071e+16
9.2551822e+16
9.2634363e+16
9.225681e+16
9.2407697e+16
9.2551509e+16
9.2634151e+16
9.2256608e+16
9.2407514e+16
9.2551374e+16
9.2634067e+16
9.1141664e+16
9.1547328e+16
9.192889e+16
9.2160445e+16
9.1142745e+16
9.1547608e+16
9.1928896e+16
9.2160257e+16
9.1143958e+16
9.1547861e+16
9.1928816e+16
9.2159957e+16
9.1144289e+16
9.1547841e+16
9.1928693e+16
9.215977e+16
9.1143968e+16
9.1547665e+16
9.1928588e+16
9.2159715e+16
9.11426e+16
9.1547111e+16
9.1928371e+16
9.2159732e+16
9.1139044e+16
9.1545832e+16
9.1928093e+16
9.2160075e+16
9.1116526e+16
9.153892e+16
9.192549e+16
9.2161264e+16
9.0812539e+16
9.143604e+16
9.1886486e+16
9.2171314e+16
9.0783538e+16
9.1426644e+16
9.1882134e+16
9.2171785e+16
9.0788578e+16
9.1427608e+16
9.188249e+16
9.2171337e+16
9.0783027e+16
9.1425726e+16
9.1881746e+16
9.2171547e+16
9.0783306e+16
9.1425797e+16
9.1881831e+16
9.2171606e+16
9.0781872e+16
9.1425359e+16
9.18818e+16
9.217185e+16
9.0780304e+16
9.1424954e+16
9.1881848e+16
9.2172201e+16
9.0779432e+16
9.1424734e+16
9.1881891e+16
9.2172413e+16
9.2289221e+16
9.2448826e+16
9.2595462e+16
9.2669174e+16
9.2289529e+16
9.2449164e+16
9.2595756e+16
9.2669359e+16
9.2289954e+16
9.2449609e+16
9.2596121e+16
9.2669588e+16
9.2290207e+16
9.2449874e+16
9.2596332e+16
9.2669739e+16
9.2287365e+16
9.2446e+16
9.2592132e+16
9.266645e+16
9.2289335e+16
9.2448737e+16
9.2595311e+16
9.266896e+16
9.2288673e+16
9.2448111e+16
9.259472e+16
9.2668624e+16
9.2289149e+16
9.244874e+16
9.2595396e+16
9.2669135e+16
9.2702517e+16
9.2809391e+16
9.3026125e+16
9.3523339e+16
9.2703329e+16
9.2809285e+16
9.3025733e+16
9.3524297e+16
9.2703512e+16
9.2809038e+16
9.3025229e+16
9.3524387e+16
9.2703699e+16
9.2808628e+16
9.3024555e+16
9.3524449e+16
9.2703695e+16
9.2808594e+16
9.3024495e+16
9.3524406e+16
9.2703614e+16
9.2809015e+16
9.3025108e+16
9.3524421e+16
9.2703348e+16
9.2811028e+16
9.3028072e+16
9.3524703e+16
9.2702145e+16
9.2816313e+16
9.3036449e+16
9.3525354e+16
9.2287934e+16
9.2447519e+16
9.2594441e+16
9.2668659e+16
9.2287526e+16
9.2447185e+16
9.2594284e+16
9.2668611e+16
9.2282609e+16
9.2442165e+16
9.2590308e+16
9.2666245e+16
9.2275402e+16
9.2434732e+16
9.2584319e+16
9.266262e+16
9.2290269e+16
9.2449935e+16
9.2596361e+16
9.2669764e+16
9.2290171e+16
9.2449814e+16
9.2596262e+16
9.266969e+16
9.2289701e+16
9.2449323e+16
9.2595871e+16
9.2669471e+16
9.2288918e+16
9.2448528e+16
9.259525e+16
9.2669128e+16
9.0779261e+16
9.1424817e+16
9.1881935e+16
9.2172481e+16
9.0779845e+16
9.1425043e+16
9.1881978e+16
9.2172415e+16
9.0781634e+16
9.1425548e+16
9.1881933e+16
9.2172026e+16
9.0784249e+16
9.1426179e+16
9.188177e+16
9.2171356e+16
9.0787596e+16
9.1426973e+16
9.1881611e+16
9.2170548e+16
9.0788119e+16
9.1426719e+16
9.1881278e+16
9.2170097e+16
9.0804212e+16
9.1430701e+16
9.1880246e+16
9.2165946e+16
9.0828577e+16
9.1437112e+16
9.187893e+16
9.2159912e+16
9.2556723e+16
9.2631147e+16
9.1666055e+16
9.0402451e+16
9.2558086e+16
9.2632401e+16
9.16647e+16
9.0400328e+16
9.2535537e+16
9.260986e+16
9.1657404e+16
9.0418003e+16
9.249987e+16
9.2574243e+16
9.1647489e+16
9.0447031e+16
8.9822683e+16
9.0676958e+16
9.1754294e+16
9.2373341e+16
8.9821658e+16
9.0677031e+16
9.1755367e+16
9.2374849e+16
8.9844723e+16
9.0685649e+16
9.1746068e+16
9.2355568e+16
8.988069e+16
9.0698684e+16
9.1730937e+16
9.2324784e+16
8.9813568e+16
9.0672894e+16
9.1758769e+16
9.2381055e+16
8.981402e+16
9.0673014e+16
9.1758481e+16
9.2380529e+16
8.9815742e+16
9.0673681e+16
9.1757782e+16
9.2379037e+16
8.9818673e+16
9.0674885e+16
9.1756697e+16
9.2376665e+16
9.2565786e+16
9.2641436e+16
9.1669857e+16
9.0395541e+16
9.2565179e+16
9.2640866e+16
9.1669634e+16
9.0396021e+16
9.2563372e+16
9.2639084e+16
9.1668695e+16
9.0397258e+16
9.2560494e+16
9.2636183e+16
9.166725e+16
9.0399237e+16
9.2561996e+16
9.2636304e+16
9.166821e+16
9.0398693e+16
9.2563388e+16
9.2637711e+16
9.1668885e+16
9.0397645e+16
9.2565219e+16
9.263955e+16
9.1669682e+16
9.0396272e+16
9.2566247e+16
9.2640615e+16
9.1670083e+16
9.0395446e+16
9.251598e+16
9.25923e+16
9.1663187e+16
9.0442724e+16
9.2565791e+16
9.2639889e+16
9.1667475e+16
9.0394945e+16
9.2554588e+16
9.2629153e+16
9.1666815e+16
9.0405452e+16
9.2562612e+16
9.2636824e+16
9.1667978e+16
9.0397972e+16
8.9853512e+16
9.0684022e+16
9.1732579e+16
9.2336296e+16
8.9815252e+16
9.0675212e+16
9.1759101e+16
9.2381606e+16
8.9824268e+16
9.0677251e+16
9.1752919e+16
9.2371133e+16
8.9817384e+16
9.0675403e+16
9.1757335e+16
9.2378841e+16
8.9818144e+16
9.0675453e+16
9.1756513e+16
9.2377676e+16
8.981651e+16
9.0674767e+16
9.1757114e+16
9.2378976e+16
8.981452e+16
9.0673919e+16
9.175777e+16
9.2380502e+16
8.9813378e+16
9.0673429e+16
9.1758145e+16
9.2381347e+16
8.9045337e+16
8.9079846e+16
8.8942374e+16
8.9400493e+16
8.9043601e+16
8.9077521e+16
8.8939969e+16
8.9398606e+16
8.9041102e+16
8.9074389e+16
8.8936774e+16
8.9396106e+16
8.9039608e+16
8.9072513e+16
8.8934903e+16
8.9394623e+16
8.9092044e+16
8.9132865e+16
8.9001704e+16
8.9449132e+16
8.9038627e+16
8.9075544e+16
8.8937731e+16
8.9396363e+16
8.905297e+16
8.908911e+16
8.8952538e+16
8.9408708e+16
8.9044457e+16
8.9079464e+16
8.8941859e+16
8.9399965e+16
1.1133831e+17
9.2938755e+16
9.3249089e+16
8.9810011e+16
1.1195398e+17
9.3097907e+16
9.332749e+16
8.9793191e+16
1.118092e+17
9.3065859e+16
9.3311645e+16
8.979887e+16
1.1190962e+17
9.3094466e+16
9.3324705e+16
8.9795896e+16
1.1189154e+17
9.3090947e+16
9.3322641e+16
8.9796253e+16
1.1190661e+17
9.3095827e+16
9.3324443e+16
8.9795171e+16
1.1192375e+17
9.3101112e+16
9.3326189e+16
8.979363e+16
1.1193327e+17
9.3104099e+16
9.3327053e+16
8.9792689e+16
1.1195067e+17
9.310099e+16
9.3328214e+16
8.9792622e+16
1.1194821e+17
9.3098973e+16
9.3327927e+16
8.9792913e+16
1.1193497e+17
9.3094159e+16
9.3326837e+16
8.9794449e+16
1.1191286e+17
9.3086828e+16
9.3325246e+16
8.9797195e+16
8.9039999e+16
8.9071115e+16
8.8934979e+16
8.9393544e+16
8.9040505e+16
8.9071877e+16
8.8935721e+16
8.9394089e+16
8.904287e+16
8.9074874e+16
8.8938665e+16
8.9396349e+16
8.9046963e+16
8.9079888e+16
8.8943574e+16
8.9400148e+16
8.9052104e+16
8.9088181e+16
8.895012e+16
8.9406555e+16
8.9049986e+16
8.9087139e+16
8.894889e+16
8.9405136e+16
8.9083704e+16
8.9125619e+16
8.8986604e+16
8.9435107e+16
8.9137063e+16
8.9185545e+16
8.9045516e+16
8.9482382e+16
1.1187486e+17
9.3075227e+16
9.3323397e+16
8.9800412e+16
1.1190103e+17
9.3079489e+16
9.3325764e+16
8.9799791e+16
1.1170426e+17
9.3020068e+16
9.3312146e+16
8.9821608e+16
1.1138069e+17
9.2924358e+16
9.3289631e+16
8.9855452e+16
8.4382131e+16
8.8310823e+16
8.1365901e+16
9.4942367e+16
8.4376667e+16
8.830682e+16
8.1346525e+16
9.4944394e+16
8.4406021e+16
8.831352e+16
8.1391626e+16
9.4881918e+16
8.4454252e+16
8.8326351e+16
8.1474199e+16
9.4788624e+16
8.4365653e+16
8.8305961e+16
8.1350768e+16
9.4969809e+16
8.4367783e+16
8.8306253e+16
8.1351667e+16
9.4968794e+16
8.4371119e+16
8.8307801e+16
8.135346e+16
9.4963837e+16
8.4375385e+16
8.8308966e+16
8.1356166e+16
9.4955359e+16
8.7288554e+16
8.7209467e+16
8.6490159e+16
8.7061439e+16
8.7289489e+16
8.7210232e+16
8.6490904e+16
8.7063219e+16
8.7290899e+16
8.7212448e+16
8.6493871e+16
8.7066155e+16
8.7292626e+16
8.7214983e+16
8.6497299e+16
8.706946e+16
8.7293411e+16
8.7218381e+16
8.6500914e+16
8.7073943e+16
8.7291036e+16
8.7217292e+16
8.6500222e+16
8.7070564e+16
8.7302279e+16
8.7230044e+16
8.6516619e+16
8.7089915e+16
8.7321014e+16
8.7249822e+16
8.654156e+16
8.7121635e+16
8.7521691e+16
8.9366243e+16
8.8136983e+16
8.7742803e+16
8.7513288e+16
8.9365248e+16
8.8134599e+16
8.7739941e+16
8.7517756e+16
8.9358792e+16
8.8136688e+16
8.774803e+16
8.7530149e+16
8.9350616e+16
8.8141438e+16
8.7762301e+16
1.1879698e+17
8.2892214e+16
9.2621383e+16
8.8667459e+16
1.188762e+17
8.2879142e+16
9.2626464e+16
8.8664193e+16
1.1873986e+17
8.29028e+16
9.2607944e+16
8.86592e+16
1.1849139e+17
8.2941238e+16
9.2580558e+16
8.8653898e+16
1.1878371e+17
8.2907989e+16
9.2618477e+16
8.8683494e+16
1.1878515e+17
8.2906207e+16
9.2617428e+16
8.8682548e+16
1.1878579e+17
8.2904047e+16
9.2615185e+16
8.8680321e+16
1.1878498e+17
8.2902672e+16
9.2612895e+16
8.8677814e+16
8.7539546e+16
8.9361869e+16
8.8142445e+16
8.7734039e+16
8.7538401e+16
8.9361576e+16
8.8141868e+16
8.7734984e+16
8.7536392e+16
8.9360225e+16
8.8141794e+16
8.7735755e+16
8.7534101e+16
8.9358797e+16
8.8141554e+16
8.7736766e+16
8.7544826e+16
8.9347007e+16
8.8180127e+16
8.7684098e+16
8.7545329e+16
8.9347732e+16
8.8179771e+16
8.7683581e+16
8.7545498e+16
8.9348084e+16
8.8179959e+16
8.7682916e+16
8.754492e+16
8.9348397e+16
8.8179091e+16
8.7683858e+16
1.1881334e+17
8.2896896e+16
9.2634296e+16
8.8662075e+16
1.1881669e+17
8.2896513e+16
9.2635762e+16
8.8662973e+16
1.1882088e+17
8.2894624e+16
9.2636659e+16
8.8663243e+16
1.1882315e+17
8.2893058e+16
9.2636327e+16
8.8663164e+16
1.1829977e+17
8.2981858e+16
9.2581045e+16
8.867806e+16
1.1876708e+17
8.2901173e+16
9.2612222e+16
8.8666139e+16
1.1876081e+17
8.2910355e+16
9.2616407e+16
8.8669661e+16
1.1876858e+17
8.2912031e+16
9.2619292e+16
8.867132e+16
8.7597564e+16
8.9334786e+16
8.8199415e+16
8.7704769e+16
8.7554517e+16
8.9335221e+16
8.8188297e+16
8.7684588e+16
8.7558053e+16
8.9335775e+16
8.8186894e+16
8.7681627e+16
8.7559041e+16
8.9336588e+16
8.8186137e+16
8.7680076e+16
8.7308561e+16
8.7235399e+16
8.6580589e+16
8.7067848e+16
8.7285601e+16
8.7215742e+16
8.6554496e+16
8.702299e+16
8.7281811e+16
8.7210836e+16
8.6548274e+16
8.7017391e+16
8.7279457e+16
8.7207822e+16
8.6544409e+16
8.7013249e+16
8.7276717e+16
8.7207078e+16
8.6542698e+16
8.7011725e+16
8.7275624e+16
8.7205509e+16
8.6540483e+16
8.7009872e+16
8.727474e+16
8.7204643e+16
8.6539342e+16
8.7008558e+16
8.7275281e+16
8.720443e+16
8.6538595e+16
8.7009393e+16
8.4273373e+16
8.8377352e+16
8.1316817e+16
9.499206e+16
8.4270605e+16
8.8376429e+16
8.1313876e+16
9.4996254e+16
8.4267815e+16
8.8376857e+16
8.1310938e+16
9.50017e+16
8.4268676e+16
8.837634e+16
8.131019e+16
9.500409e+16
8.4366947e+16
8.8423671e+16
8.1527148e+16
9.4933897e+16
8.4286625e+16
8.8387963e+16
8.1325832e+16
9.4997738e+16
8.4281456e+16
8.8380263e+16
8.1327438e+16
9.498107e+16
8.4275728e+16
8.8378936e+16
8.1319355e+16
9.4992473e+16
8.6957357e+16
8.8572725e+16
8.7819269e+16
9.3430481e+16
8.6937093e+16
8.8560291e+16
8.7773289e+16
9.3434286e+16
8.695497e+16
8.8568754e+16
8.7837419e+16
9.3436189e+16
8.682889e+16
8.8504379e+16
8.7530852e+16
9.3499954e+16
8.7502117e+16
8.7319865e+16
8.7098111e+16
8.7376612e+16
8.7495815e+16
8.7314074e+16
8.7089741e+16
8.7364433e+16
8.749842e+16
8.7313066e+16
8.7088985e+16
8.7370188e+16
8.7461952e+16
8.7282192e+16
8.7046523e+16
8.7299661e+16
8.7513059e+16
8.7306391e+16
8.7117188e+16
8.7355001e+16
8.7513465e+16
8.7306974e+16
8.7118294e+16
8.7355716e+16
8.7514019e+16
8.7307543e+16
8.7119173e+16
8.7356296e+16
8.7513692e+16
8.7307348e+16
8.7118278e+16
8.7355831e+16
8.6923e+16
8.8595165e+16
8.7794974e+16
9.3456924e+16
8.6924185e+16
8.8594985e+16
8.7795921e+16
9.3451567e+16
8.6925243e+16
8.8594477e+16
8.7796583e+16
9.3445574e+16
8.6925005e+16
8.8592937e+16
8.7795708e+16
9.3442779e+16
8.6947222e+16
8.8568751e+16
8.7796789e+16
9.3440975e+16
8.6946654e+16
8.8569661e+16
8.7798781e+16
9.3447469e+16
8.6948521e+16
8.8571083e+16
8.7802583e+16
9.3449154e+16
8.6950328e+16
8.8572652e+16
8.7805271e+16
9.3447626e+16
8.6993556e+16
8.8574083e+16
8.7822854e+16
9.3290099e+16
8.6967237e+16
8.8570071e+16
8.7804974e+16
9.3372182e+16
8.6949923e+16
8.8567997e+16
8.7794978e+16
9.3428159e+16
8.6949595e+16
8.8568647e+16
8.7797308e+16
9.3431046e+16
8.7519797e+16
8.7345058e+16
8.7130448e+16
8.7408973e+16
8.7506279e+16
8.7328539e+16
8.7109822e+16
8.7387317e+16
8.7497969e+16
8.7317746e+16
8.7095946e+16
8.7373148e+16
8.7499075e+16
8.7318027e+16
8.7095517e+16
8.7373292e+16
8.7497838e+16
8.7316389e+16
8.7093384e+16
8.7371209e+16
8.7497822e+16
8.7315943e+16
8.709273e+16
8.7370671e+16
8.7498693e+16
8.7316876e+16
8.7093675e+16
8.7371981e+16
8.7499952e+16
8.7317939e+16
8.7095596e+16
8.7373346e+16
8.8957859e+16
8.9152789e+16
8.8258893e+16
8.7750531e+16
8.8959362e+16
8.9154071e+16
8.8259655e+16
8.7750786e+16
8.8960239e+16
8.9154799e+16
8.8260528e+16
8.7751665e+16
8.8960355e+16
8.9154843e+16
8.8261094e+16
8.7752474e+16
8.894263e+16
8.9134075e+16
8.8258217e+16
8.7764632e+16
8.8948198e+16
8.914321e+16
8.8257064e+16
8.775511e+16
8.8953522e+16
8.9150139e+16
8.825717e+16
8.7749742e+16
8.895681e+16
8.9151412e+16
8.8258644e+16
8.7751217e+16
1.0140764e+17
8.8070101e+16
9.1297384e+16
8.943396e+16
1.0150033e+17
8.8062844e+16
9.131871e+16
8.9445999e+16
1.0155133e+17
8.8057526e+16
9.1332789e+16
8.9454822e+16
1.0151995e+17
8.806014e+16
9.1330764e+16
8.9456393e+16
1.0152876e+17
8.8059125e+16
9.1333277e+16
8.9458073e+16
1.0152579e+17
8.805925e+16
9.1334157e+16
8.9459514e+16
1.0152038e+17
8.8059687e+16
9.1333922e+16
8.9460149e+16
1.0151615e+17
8.8060176e+16
9.1333151e+16
8.9460033e+16
1.0149678e+17
8.8065061e+16
9.1330101e+16
8.9461056e+16
1.0149537e+17
8.8067091e+16
9.1329533e+16
8.9460677e+16
1.0149313e+17
8.8068653e+16
9.1329115e+16
8.9460495e+16
1.0148996e+17
8.8069769e+16
9.1329396e+16
8.9460964e+16
8.896269e+16
8.9152636e+16
8.8264727e+16
8.774465e+16
8.8962393e+16
8.9152101e+16
8.8264668e+16
8.7744644e+16
8.8962278e+16
8.9151776e+16
8.8264668e+16
8.7744986e+16
8.8962864e+16
8.9151879e+16
8.8264668e+16
8.7745057e+16
8.8963304e+16
8.9154221e+16
8.8261551e+16
8.7753804e+16
8.8955702e+16
8.9154673e+16
8.8259174e+16
8.7749136e+16
8.8976679e+16
8.915605e+16
8.8261054e+16
8.7752091e+16
8.8912286e+16
8.9156601e+16
8.8244768e+16
8.7720667e+16
1.0148482e+17
8.8070675e+16
9.1331444e+16
8.9461225e+16
1.0156999e+17
8.8056548e+16
9.1337542e+16
8.9459521e+16
1.0140631e+17
8.8093468e+16
9.1334452e+16
8.9469697e+16
1.0209541e+17
8.7971519e+16
9.1376886e+16
8.9448523e+16
8.8487221e+16
9.0905837e+16
8.6419445e+16
9.5501987e+16
8.8485291e+16
9.0905965e+16
8.6417847e+16
9.5516981e+16
8.8486036e+16
9.0901668e+16
8.6432138e+16
9.5499505e+16
8.8369344e+16
9.0880793e+16
8.6291082e+16
9.5857457e+16
9.0779934e+16
9.0837574e+16
9.0108617e+16
9.0414131e+16
9.0778409e+16
9.0836095e+16
9.0105518e+16
9.0412242e+16
9.0776122e+16
9.0833293e+16
9.0102113e+16
9.0410613e+16
9.076606e+16
9.0798229e+16
9.0044768e+16
9.0318993e+16
9.0827165e+16
9.0794152e+16
9.0189478e+16
9.034681e+16
9.082668e+16
9.0793564e+16
9.0189303e+16
9.0345326e+16
9.0826578e+16
9.0792742e+16
9.018886e+16
9.0344071e+16
9.0825435e+16
9.0792555e+16
9.0186645e+16
9.034403e+16
8.8377967e+16
9.0991321e+16
8.6367379e+16
9.5542978e+16
8.8376858e+16
9.0990814e+16
8.6368037e+16
9.5542665e+16
8.8376171e+16
9.0990236e+16
8.6369319e+16
9.5542284e+16
8.8377274e+16
9.0988332e+16
8.6371394e+16
9.5542766e+16
8.8489799e+16
9.0913887e+16
8.6414256e+16
9.5511469e+16
8.8488258e+16
9.0912237e+16
8.6413307e+16
9.5509991e+16
8.8488346e+16
9.0910289e+16
8.64135e+16
9.5506636e+16
8.8486875e+16
9.0910649e+16
8.6413336e+16
9.5504571e+16
8.8536246e+16
9.0941978e+16
8.6463598e+16
9.5454205e+16
8.8512304e+16
9.0929144e+16
8.6436742e+16
9.5489579e+16
8.8483549e+16
9.0911836e+16
8.6405396e+16
9.5525495e+16
8.8494801e+16
9.0917213e+16
8.6419969e+16
9.5505973e+16
9.0828458e+16
9.0836164e+16
9.0144998e+16
9.0456471e+16
9.0830878e+16
9.0831749e+16
9.0132279e+16
9.0438323e+16
9.083451e+16
9.0826677e+16
9.0116691e+16
9.0415697e+16
9.0832501e+16
9.0827989e+16
9.0122079e+16
9.0424336e+16
9.0833326e+16
9.0827107e+16
9.0119018e+16
9.041997e+16
9.0833532e+16
9.0826759e+16
9.0118314e+16
9.0418447e+16
9.0833942e+16
9.0826808e+16
9.0117614e+16
9.0417877e+16
9.083367e+16
9.0826362e+16
9.0118611e+16
9.0416427e+16
8.7428497e+16
8.9337706e+16
9.0451351e+16
9.1011172e+16
8.7430323e+16
8.9339335e+16
9.0452474e+16
9.1011717e+16
8.7431691e+16
8.9340451e+16
9.0453241e+16
9.1012129e+16
8.7432405e+16
8.9340669e+16
9.0453846e+16
9.1012221e+16
8.7394331e+16
8.9300621e+16
9.042525e+16
9.0997271e+16
8.7410493e+16
8.9318636e+16
9.0438099e+16
9.1004234e+16
8.7431643e+16
8.9342142e+16
9.0454936e+16
9.1013561e+16
8.7424543e+16
8.9333415e+16
9.0448258e+16
9.1009408e+16
7.4010965e+16
7.7761667e+16
8.3412414e+16
8.6267329e+16
7.3991613e+16
7.774735e+16
8.3420987e+16
8.6282195e+16
7.3964931e+16
7.7727588e+16
8.3432354e+16
8.6301976e+16
7.39789e+16
7.7739336e+16
8.3429835e+16
8.6295395e+16
7.3974049e+16
7.7735962e+16
8.3432371e+16
8.6299443e+16
7.3974192e+16
7.7736804e+16
8.3433964e+16
8.6301206e+16
7.397514e+16
7.7738376e+16
8.3435445e+16
8.6302605e+16
7.3976024e+16
7.7739487e+16
8.3436317e+16
8.6303134e+16
