FiniteElementSpace
FiniteElementCollection: L2_2D_P3
VDim: 1
Ordering: 0

1.1617441e-05
5.5220071e-05
0.00011208085
0.00015563202
5.5221224e-05
0.00026241497
0.00053265845
0.00073970131
0.0001120884
0.00053266216
0.0010812597
0.001501541
0.00015563991
0.00073970638
0.0015015403
0.0020851791
0.0001788385
0.00022234664
0.00027907025
0.00032249858
0.00084997909
0.0010568193
0.0013264243
0.0015328183
0.0017254202
0.0021453024
0.0026925541
0.0031115063
0.0023960658
0.0029791514
0.0037391233
0.0043209188
0.0027533232
0.003423316
0.0042966168
0.0049651624
0.0034233233
0.0042563746
0.0053422052
0.0061734334
0.0042966452
0.0053422358
0.0067050422
0.0077482895
0.0049652291
0.0061734851
0.0077483152
0.0089538724
0.0001788394
0.00084998956
0.0017254168
0.0023960673
0.00022234389
0.0010568244
0.0021453002
0.0029791514
0.00027906326
0.0013264155
0.0026925552
0.003739137
0.0003224917
0.0015327992
0.0031115079
0.0043209612
0.00034561999
0.0016426813
0.0033345713
0.0046307357
0.00038895922
0.0018486674
0.0037527389
0.0052114413
0.00044540851
0.0021169737
0.0042973919
0.0059677849
0.00048858901
0.0023222211
0.0047140354
0.0065463784
0.00051157077
0.0024314431
0.0049357529
0.0068542723
0.00055463101
0.0026360983
0.0053511755
0.007431151
0.00061067599
0.0029024608
0.0058918492
0.0081819331
0.000653512
0.0031060646
0.0063051345
0.0087558382
0.0078761939
0.009792695
0.012290807
0.014203269
0.0085390408
0.010616867
0.013325297
0.015398736
0.0094017516
0.011689578
0.014671717
0.016954627
0.010061243
0.012509601
0.015700922
0.018143949
0.0053211786
0.0066160498
0.0083037674
0.0095957476
0.0059884534
0.0074456782
0.0093450152
0.010799028
0.0068575635
0.0085262491
0.010701228
0.012366294
0.0075224125
0.0093528297
0.011738696
0.013565229
0.010283639
0.011573186
0.013252839
0.014537732
0.011573191
0.013024469
0.014914751
0.016360755
0.013252841
0.014914752
0.017079349
0.018735192
0.01453774
0.016360761
0.018735189
0.02055158
0.015221515
0.01713026
0.019616361
0.021518201
0.016502655
0.018572032
0.021267408
0.023329335
0.018170073
0.020448555
0.023416309
0.025686574
0.019444664
0.021883001
0.02505895
0.027488458
0.022530296
0.024426621
0.026894704
0.028781317
0.024426613
0.026482527
0.029158337
0.03120375
0.026894708
0.02915834
0.032104523
0.034356615
0.028781332
0.031203756
0.034356614
0.036766688
0.015221503
0.016502647
0.018170085
0.019444704
0.017130256
0.01857205
0.020448607
0.02188307
0.019616375
0.02126744
0.023416351
0.025058979
0.021518207
0.023329357
0.025686581
0.027488443
0.0078760236
0.0085389172
0.0094016979
0.010061222
0.0097926325
0.010616853
0.011689587
0.012509597
0.012290809
0.013325288
0.014671696
0.015700895
0.014203261
0.015398712
0.016954608
0.018143954
0.0053211145
0.0059883443
0.0068574099
0.0075222322
0.0066159872
0.0074455779
0.0085261311
0.0093527383
0.0083037252
0.0093449652
0.010701196
0.011738691
0.0095957382
0.010799009
0.012366294
0.013565234
0.00034562603
0.00038895958
0.0004454199
0.00048860817
0.0016426955
0.0018486805
0.0021169745
0.0023222079
0.0033345577
0.0037526937
0.0042973079
0.0047139319
0.00463068
0.0052113506
0.0059676424
0.0065462051
0.00051158474
0.00055463553
0.00061068083
0.00065352136
0.0024314248
0.0026360681
0.002902418
0.0031060157
0.0049356434
0.0053510531
0.005891724
0.0063050245
0.0068540985
0.0074309889
0.0081818245
0.0087557692
0.00067630683
0.00071897983
0.00077447589
0.00081686516
0.0032143078
0.0034171206
0.0036808894
0.0038823617
0.0065248596
0.0069365525
0.0074719808
0.0078809641
0.0090610544
0.0096327723
0.010376309
0.010944239
0.010412022
0.01106897
0.011923363
0.012575975
0.012945756
0.01376257
0.014824878
0.015636306
0.016248321
0.017273518
0.01860685
0.019625296
0.018776571
0.019961307
0.021502102
0.022679007
0.012922921
0.013572334
0.014416287
0.015060432
0.016067688
0.016875152
0.017924488
0.018725383
0.020166731
0.021180175
0.022497196
0.023502397
0.02330468
0.024475799
0.025997735
0.027159349
0.00083940001
0.00088158622
0.00093639676
0.00097823
0.0039894728
0.0041899546
0.0044504913
0.004649348
0.0080983914
0.0085053546
0.0090342303
0.009437885
0.011246169
0.011811319
0.01254577
0.013106333
0.001000463
0.0010420523
0.0010960647
0.0011372548
0.004755012
0.0049526833
0.0052093664
0.0054051255
0.0096523693
0.010053637
0.010574696
0.010972071
0.013404188
0.013961433
0.014685023
0.015236861
0.001159128
0.0012000263
0.001253096
0.0012935347
0.0055090875
0.005703475
0.0059556896
0.0061478818
0.011183106
0.011577709
0.012089696
0.012479834
0.01552993
0.016077911
0.016788907
0.017330692
0.017845397
0.018475078
0.019292071
0.019914636
0.022188036
0.022970952
0.023986766
0.024760829
0.02784841
0.028831054
0.030106012
0.031077541
0.032181612
0.033317146
0.034790483
0.035913187
0.015402703
0.016043034
0.016874522
0.017508637
0.019150943
0.019947086
0.0209809
0.021769323
0.024036516
0.025035759
0.026333315
0.02732288
0.027776583
0.028931321
0.030430782
0.031574315
0.029767899
0.031005409
0.032612345
0.033837849
0.033500745
0.034893425
0.036701874
0.038081071
0.03836272
0.039957543
0.04202847
0.043607829
0.042082046
0.043831488
0.046103178
0.047835654
0.034488684
0.035705634
0.037284602
0.038487786
0.038813525
0.040183078
0.041960041
0.043314107
0.044446581
0.046014899
0.048049769
0.049600364
0.04875573
0.050476112
0.052708273
0.054409197
0.051048906
0.052850203
0.055187344
0.056968268
0.055345555
0.057298462
0.05983232
0.06176314
0.060937784
0.06308802
0.065877893
0.068003792
0.065212538
0.067513601
0.07049915
0.072774155
0.04406133
0.04589304
0.048271577
0.050085552
0.047769829
0.049755716
0.052334467
0.054301119
0.052596562
0.054783119
0.05762244
0.059787812
0.056286174
0.05862612
0.061664622
0.063981897
0.036967573
0.03882531
0.041239568
0.043082231
0.040079025
0.042093143
0.044710592
0.046708325
0.044128691
0.046346303
0.049228203
0.051427793
0.04722427
0.049597439
0.052681511
0.055035415
0.024975365
0.026230446
0.02786151
0.029106416
0.028107233
0.029519719
0.031355325
0.032756323
0.032186479
0.03380395
0.035905929
0.03751025
0.035306982
0.037081249
0.039387031
0.041146919
0.020122674
0.021392344
0.023043589
0.024304845
0.022646054
0.024074909
0.025933196
0.027352619
0.025932678
0.027568897
0.0296969
0.031322346
0.028446852
0.030241721
0.032576055
0.034359081
0.029784811
0.031664106
0.034108219
0.035975091
0.032291712
0.034329172
0.036978981
0.039002992
0.035554499
0.037797822
0.040715389
0.04294393
0.038048598
0.040449297
0.043571542
0.045956412
0.039375211
0.041859618
0.045090721
0.047558731
0.041859614
0.044500775
0.047935741
0.050559473
0.045090703
0.047935732
0.051635847
0.054462113
0.04755871
0.050559469
0.054462114
0.057443079
0.048870785
0.051954331
0.055964645
0.059027849
0.051326716
0.054565222
0.05877707
0.061994212
0.054518333
0.057958222
0.062431976
0.065849166
0.05695431
0.060547905
0.065221551
0.068791418
0.060656339
0.063704537
0.067665846
0.070689265
0.063704541
0.066905923
0.071066276
0.074241594
0.067665845
0.071066272
0.075485262
0.078857975
0.070689258
0.074241589
0.078857975
0.082381353
0.048870795
0.051326714
0.054518329
0.056954307
0.05195433
0.054565217
0.057958213
0.060547893
0.055964643
0.058777065
0.062431965
0.065221543
0.059027848
0.061994207
0.065849162
0.068791421
0.058248673
0.060670207
0.063814658
0.066212727
0.061923933
0.064498262
0.067841105
0.070390455
0.066703802
0.069476824
0.073077644
0.075823728
0.070354798
0.073279563
0.077077421
0.079973779
0.067486271
0.069867543
0.072957168
0.075311485
0.071744333
0.074275823
0.077560357
0.080063192
0.077282088
0.080008946
0.08354697
0.08624298
0.08151195
0.084388042
0.088119711
0.090963298
0.083760657
0.08671609
0.090550722
0.093472776
0.087969756
0.091073728
0.095101108
0.098170046
0.093439749
0.096736791
0.10101468
0.1042745
0.097614745
0.10105915
0.10552822
0.10893372
0.07229576
0.075301192
0.079203804
0.082180056
0.075928797
0.079085227
0.083183922
0.086309726
0.080650069
0.084002736
0.08835628
0.091676471
0.084253508
0.087755967
0.092304062
0.095772651
0.086168205
0.08975027
0.09440176
0.097949209
0.089750268
0.09348129
0.098326224
0.10202119
0.094401759
0.098326226
0.10342234
0.10730884
0.097949213
0.1020212
0.10730884
0.11134141
0.099833178
0.10335588
0.10792653
0.11140943
0.1039835
0.10765267
0.11241335
0.11604103
0.10937286
0.1132322
0.11823962
0.12205531
0.11348299
0.11748736
0.12268293
0.126642
0.11566577
0.11974715
0.12504265
0.12907787
0.11974715
0.12397254
0.12945489
0.1336325
0.12504265
0.12945489
0.13517969
0.13954205
0.12907786
0.1336325
0.13954205
0.14404517
0.099833187
0.10398351
0.10937286
0.11348299
0.10335589
0.10765268
0.11323221
0.11748736
0.10792655
0.11241336
0.11823963
0.12268293
0.11140945
0.11604105
0.12205531
0.126642
0.083760659
0.087969754
0.093439749
0.09761475
0.086716088
0.091073727
0.096736798
0.10105916
0.090550721
0.095101117
0.1010147
0.10552824
0.093472785
0.098170065
0.10427452
0.10893374
0.072295752
0.075928795
0.08065007
0.084253508
0.075301189
0.079085229
0.084002737
0.087755966
0.079203808
0.083183926
0.088356277
0.092304059
0.082180063
0.086309726
0.091676468
0.095772651
0.058248682
0.061923948
0.066703803
0.07035479
0.060670222
0.06449827
0.069476817
0.073279556
0.063814666
0.067841099
0.073077637
0.077077421
0.066212724
0.070390445
0.075823728
0.079973786
0.067486261
0.071744327
0.077282092
0.081511956
0.069867537
0.074275824
0.08000895
0.084388042
0.072957171
0.07756036
0.083546969
0.088119708
0.075311488
0.080063191
0.086242975
0.0909633
0.05104889
0.055345552
0.060937793
0.065212538
0.052850177
0.057298462
0.063088022
0.067513592
0.055187326
0.059832317
0.065877887
0.070499147
0.056968254
0.061763135
0.068003788
0.07277416
0.034488678
0.03881351
0.044446565
0.048755728
0.035705621
0.040183057
0.046014883
0.050476092
0.037284575
0.041960017
0.048049742
0.052708239
0.038487757
0.043314083
0.049600327
0.054409166
0.029767855
0.033500723
0.038362721
0.042082018
0.031005367
0.034893416
0.039957532
0.043831457
0.032612323
0.036701871
0.042028449
0.046103167
0.033837843
0.03808106
0.04360781
0.047835656
0.044061298
0.04776983
0.052596569
0.056286176
0.04589303
0.049755723
0.054783123
0.058626128
0.048271581
0.052334465
0.057622448
0.061664637
0.050085544
0.054301115
0.059787823
0.063981904
0.036967588
0.040079027
0.044128659
0.047224244
0.038825322
0.042093122
0.046346275
0.049597432
0.041239548
0.044710564
0.049228203
0.052681519
0.043082193
0.046708314
0.051427804
0.055035419
0.029784824
0.032291709
0.035554498
0.038048604
0.031664102
0.034329165
0.037797826
0.040449299
0.034108208
0.036978989
0.040715388
0.043571525
0.035975097
0.039003003
0.04294391
0.04595638
0.020122625
0.022645985
0.025932666
0.028446875
0.021392277
0.02407486
0.027568903
0.030241734
0.023043526
0.02593318
0.029696904
0.03257604
0.024304807
0.027352617
0.031322336
0.034359061
0.024975341
0.028107229
0.032186462
0.03530697
0.026230438
0.029519702
0.033803933
0.03708126
0.027861493
0.031355293
0.035905927
0.039387038
0.029106377
0.032756294
0.037510255
0.041146902
0.012922949
0.016067729
0.020166727
0.023304629
0.013572371
0.016875183
0.021180163
0.024475767
0.014416339
0.017924511
0.022497184
0.025997728
0.015060481
0.018725396
0.02350239
0.027159341
0.010412034
0.012945771
0.016248348
0.018776553
0.011068982
0.013762593
0.017273538
0.019961272
0.011923386
0.01482491
0.018606866
0.021502059
0.012576002
0.015636347
0.019625303
0.022678956
0.00067629666
0.0032143604
0.0065249539
0.0090611009
0.00071896263
0.0034171803
0.0069366251
0.0096327947
0.00077446612
0.0036809495
0.0074720262
0.010376319
0.0008168607
0.0038824134
0.007880994
0.010944249
0.00083939517
0.0039895208
0.0080984142
0.011246177
0.00088157889
0.0041899958
0.0085053714
0.011811334
0.0009363931
0.0044505255
0.0090342339
0.012545793
0.00097822979
0.004649375
0.0094378937
0.013106357
0.0010004626
0.0047550348
0.0096523846
0.013404218
0.0010420488
0.0049527035
0.010053652
0.013961458
0.0010960663
0.0052093852
0.01057471
0.014685051
0.0011372606
0.005405142
0.010972089
0.01523689
0.01540275
0.019150949
0.02403651
0.027776568
0.016043073
0.019947092
0.025035749
0.028931284
0.016874543
0.020980904
0.026333292
0.030430731
0.017508652
0.021769331
0.027322845
0.031574273
0.017845415
0.022188042
0.027848371
0.032181577
0.018475099
0.022970946
0.028831012
0.033317121
0.019292096
0.023986748
0.030105969
0.034790459
0.019914652
0.024760806
0.031077501
0.035913156
0.0011591333
0.0055091034
0.011183127
0.015529957
0.0012000309
0.0057034901
0.011577727
0.016077934
0.001253102
0.005955704
0.012089715
0.016788925
0.0012935421
0.0061478966
0.012479853
0.017330712
0.0013150047
0.0062499085
0.012686929
0.017618281
0.0013551154
0.0064405446
0.013073914
0.018155674
0.0014071119
0.0066876829
0.013575591
0.018852344
0.0014466997
0.0068758452
0.013957551
0.019382766
0.0014677017
0.0069756601
0.014160173
0.019664141
0.0015069237
0.0071620887
0.014538602
0.020189669
0.0015577332
0.0074035584
0.015028762
0.020870359
0.0015963822
0.007587236
0.015401617
0.021388141
0.022595988
0.028094657
0.035261854
0.040748595
0.023199867
0.028845492
0.036204235
0.041837608
0.023982038
0.029818009
0.037424851
0.043248152
0.024577023
0.030557784
0.038353349
0.044321127
0.020245092
0.025171663
0.03159317
0.036509061
0.020862612
0.025939459
0.03255684
0.037622676
0.021663157
0.026934819
0.033806126
0.039066355
0.02227266
0.027692647
0.034757286
0.040165518
0.039126382
0.044032795
0.050423348
0.055311985
0.040319836
0.045375909
0.051961398
0.056999151
0.041867013
0.047117106
0.053955301
0.059186359
0.043044974
0.048442785
0.055473378
0.06085161
0.057913532
0.062787971
0.069132172
0.073981685
0.059680046
0.064703166
0.071240864
0.076238271
0.061970126
0.067185994
0.073974526
0.079163656
0.063713705
0.069076316
0.076055815
0.081390921
0.064638631
0.070079082
0.077159884
0.082572431
0.066366112
0.07195194
0.079221946
0.084779143
0.068603617
0.074377739
0.081892824
0.087637387
0.070305638
0.076222993
0.083924515
0.089811606
0.043669855
0.049146025
0.05627868
0.061734987
0.044836943
0.050459464
0.057782739
0.063384868
0.04634861
0.052160688
0.059730866
0.065521869
0.047498506
0.053454778
0.061212771
0.067147444
0.04810813
0.05414085
0.061998415
0.068009253
0.049246034
0.055421448
0.06346487
0.069617871
0.050718537
0.057078609
0.065362533
0.071699495
0.051837596
0.058338
0.066804693
0.073281459
0.071207974
0.077201266
0.085001631
0.090964285
0.072892238
0.079027277
0.087012142
0.093115843
0.075071756
0.081390226
0.08961385
0.095900081
0.07672812
0.083185992
0.091591072
0.098016027
0.077605697
0.084137429
0.092638651
0.099137106
0.079242703
0.085912213
0.094592782
0.10122834
0.081359003
0.088206639
0.09711907
0.10393187
0.082965728
0.089948607
0.099037072
0.10598443
0.052430499
0.059005252
0.067568779
0.074119616
0.053536484
0.060249926
0.068994082
0.075683092
0.054966292
0.061859024
0.070836694
0.077704334
0.056051821
0.063080672
0.072235629
0.079238888
0.027128973
0.033730749
0.042335758
0.048923199
0.027701238
0.034442272
0.043228798
0.049955199
0.028441056
0.035362119
0.04438331
0.051289359
0.029002737
0.036060481
0.045259833
0.052302273
0.024892459
0.030949981
0.038845599
0.044889971
0.025481242
0.031682046
0.039764418
0.045951758
0.026243157
0.032629373
0.040953413
0.047325762
0.026822189
0.033349312
0.041857012
0.04836996
0.0016168705
0.0076846147
0.015599289
0.021662649
0.0016551124
0.0078663789
0.015968258
0.022175032
0.0017046043
0.0081015905
0.016445723
0.022838082
0.001742216
0.0082803435
0.016808582
0.023341983
0.0017621423
0.0083750507
0.017000833
0.02360896
0.0017993129
0.0085517165
0.017359452
0.024106977
0.0018473659
0.0087801081
0.017823071
0.024750806
0.0018838481
0.008953505
0.018175057
0.025239607
0.0019031647
0.0090453134
0.018361423
0.025498411
0.0019391733
0.0092164522
0.018708828
0.025980849
0.0019856756
0.0094374696
0.019157484
0.026603892
0.0020209436
0.0096050936
0.01949775
0.027076417
0.029300127
0.03643024
0.045723924
0.052838577
0.029854494
0.037119512
0.04658904
0.053838305
0.03057043
0.038009673
0.047706294
0.0551294
0.031113405
0.038684782
0.048553632
0.056108579
0.031400686
0.039041975
0.049001947
0.056626651
0.031935821
0.03970734
0.049837051
0.057591692
0.032626156
0.040565672
0.050914346
0.058836611
0.033149122
0.041215902
0.051730453
0.0597797
0.0020396033
0.0096937816
0.01967778
0.027326424
0.0020743639
0.0098589836
0.020013133
0.027792126
0.0021192014
0.010072097
0.020445745
0.028392888
0.0021531689
0.010233543
0.020773467
0.028847996
0.0021711274
0.010318896
0.020946728
0.029088603
0.0022045543
0.010477765
0.02126922
0.029536445
0.0022476226
0.010682463
0.021684742
0.030113477
0.0022802094
0.010837342
0.021999136
0.030550074
0.002297423
0.010919155
0.022165212
0.030780702
0.0023294343
0.011071305
0.022474063
0.031209609
0.0023706275
0.011267091
0.022871492
0.031761525
0.0024017526
0.011415029
0.023171794
0.032178561
0.035370005
0.043977232
0.055196204
0.063784719
0.035862863
0.044590021
0.055965321
0.064673513
0.03649707
0.045378556
0.05695502
0.065817209
0.036976284
0.045974382
0.05770285
0.0666814
0.033425604
0.041559666
0.052161913
0.060278293
0.03394022
0.042199516
0.052964989
0.061206327
0.034603292
0.043023946
0.05399973
0.062402073
0.035104988
0.043647727
0.054782639
0.063306803
0.064599629
0.072700323
0.083251331
0.091322571
0.065594194
0.0738196
0.084533047
0.092728556
0.066875664
0.075261759
0.086184504
0.094540134
0.067845253
0.076352927
0.087434035
0.095910819
0.068357429
0.076929327
0.088094091
0.096634872
0.069309936
0.078001271
0.089321614
0.097981414
0.070535616
0.079380647
0.090901191
0.099714142
0.071461754
0.080422922
0.09209474
0.10102341
0.10117997
0.10969602
0.12077996
0.12925263
0.10258984
0.11122457
0.12246296
0.13105369
0.10440407
0.11319151
0.12462865
0.13337129
0.10577493
0.11467775
0.12626506
0.13512249
0.095617782
0.10366565
0.11414024
0.12214714
0.097089904
0.10526168
0.11589755
0.12402773
0.098986697
0.10731813
0.1181618
0.12645081
0.10042186
0.10887409
0.11987498
0.12828417
0.089825289
0.097385564
0.10722555
0.11474738
0.091356101
0.099045233
0.10905294
0.11670296
0.093330875
0.10118624
0.11141029
0.11922568
0.094826874
0.10280817
0.11319611
0.12113678
0.060686206
0.068296182
0.078208023
0.085790298
0.06172043
0.06946009
0.079540846
0.087252341
0.063054594
0.070961548
0.08126021
0.089138404
0.064065292
0.072098982
0.082562719
0.090567195
0.056626572
0.063727492
0.072976318
0.080051382
0.057697966
0.064933235
0.074357039
0.081565958
0.059081616
0.066490388
0.076140167
0.083521959
0.060130993
0.06767135
0.077492513
0.085005417
0.083816436
0.090870923
0.10005259
0.1070712
0.085402251
0.092590222
0.10194563
0.10909704
0.087450256
0.094810615
0.1043904
0.11171333
0.08900349
0.096494591
0.10624455
0.11369755
0.1108044
0.11779574
0.12688836
0.13383359
0.11290089
0.12002451
0.12928917
0.1363658
0.11560839
0.12290286
0.13238969
0.13963601
0.1176618
0.12508583
0.13474115
0.14211617
0.13752588
0.14443705
0.15341845
0.1602734
0.14012794
0.14716986
0.15632118
0.16330581
0.14348836
0.15069914
0.1600699
0.16722202
0.14603694
0.15337578
0.16291296
0.17019212
0.14738536
0.15479196
0.1644172
0.17176357
0.14989714
0.15742995
0.16721922
0.17469079
0.15313737
0.160833
0.17083387
0.17846695
0.15559201
0.16341098
0.17357216
0.18132759
0.11874824
0.12624081
0.13598528
0.14342839
0.120772
0.12839226
0.13830279
0.14587274
0.12338268
0.13116767
0.14129241
0.14902598
0.12536041
0.13327018
0.1435572
0.15141473
0.126406
0.13438173
0.14475456
0.15267761
0.12835216
0.13645068
0.14698319
0.15502821
0.13085972
0.13911645
0.14985471
0.15805689
0.132757
0.14113343
0.15202737
0.16034846
0.13375922
0.14219889
0.15317506
0.16155896
0.13562308
0.14418033
0.15530944
0.16381017
0.13802148
0.14673005
0.15805595
0.16670701
0.13983374
0.14865665
0.16013125
0.1688959
0.16601609
0.17435891
0.18520085
0.19347587
0.1683294
0.17678847
0.18778148
0.19617181
0.17130616
0.17991482
0.19110223
0.19964094
0.17355544
0.18227713
0.19361144
0.20226225
0.15688973
0.16477391
0.17501984
0.18283996
0.15930517
0.16731074
0.17771441
0.18565493
0.1624174
0.17057937
0.1811863
0.18928194
0.16477219
0.1730525
0.18381321
0.19202623
0.18699522
0.19476896
0.20486341
0.21256179
0.18987416
0.19776759
0.20801744
0.21583435
0.19358361
0.20163123
0.21208133
0.22005094
0.19639025
0.20455456
0.21515616
0.22324132
0.19787284
0.20609878
0.21678042
0.22492661
0.20063005
0.20897061
0.21980108
0.22806079
0.20417801
0.21266606
0.22368807
0.23209384
0.2068589
0.2154584
0.22662512
0.23514126
0.22925283
0.23734207
0.2478377
0.25583549
0.23244729
0.24064925
0.25129114
0.25940037
0.23655791
0.24490492
0.25573501
0.26398766
0.23966395
0.24812057
0.25909286
0.26745386
0.21665018
0.22429473
0.23421337
0.24177148
0.21998568
0.22774792
0.23781927
0.24549376
0.22428338
0.23219727
0.24246539
0.2502898
0.22753513
0.23556376
0.24598074
0.25391861
0.2035256
0.21070705
0.22002482
0.22712506
0.20699411
0.21429795
0.22377451
0.23099575
0.21146854
0.21893026
0.22861167
0.23598901
0.21485816
0.22243947
0.23227607
0.23977166
0.1756671
0.18296991
0.19245285
0.19968488
0.17866085
0.18608812
0.19573266
0.20308793
0.18252283
0.19011065
0.19996367
0.20747793
0.18544848
0.19315792
0.20316887
0.21080358
0.1639158
0.17073007
0.17957865
0.18632689
0.16701713
0.17396034
0.18297633
0.18985224
0.17102234
0.17813206
0.18736426
0.19440507
0.17405994
0.18129594
0.19069212
0.19785798
0.18991069
0.19661174
0.20530622
0.21193148
0.19350385
0.2003317
0.20919066
0.21594128
0.19814424
0.20513582
0.21420722
0.22111972
0.20166357
0.20877932
0.21801184
0.22504712
0.17583826
0.18204276
0.19009298
0.19622733
0.17954742
0.18588281
0.19410283
0.20036658
0.18434258
0.19084717
0.19928672
0.20571775
0.18798314
0.19461618
0.2032224
0.20978043
0.16134223
0.16703523
0.17442178
0.18005041
0.16515844
0.1709861
0.17854737
0.18430914
0.17009682
0.17609873
0.18388609
0.18982014
0.17384983
0.17998417
0.18794336
0.19400833
0.13925767
0.14504694
0.15256445
0.15829754
0.14255157
0.14847775
0.15617305
0.16204174
0.14681402
0.15291738
0.16084275
0.16688693
0.15005334
0.15629134
0.16439158
0.17056911
0.15176959
0.15807894
0.16627183
0.17252002
0.15497105
0.16141349
0.16977919
0.17615918
0.15910986
0.16572434
0.17431347
0.18086385
0.16225209
0.1689972
0.17775596
0.18443571
0.12733501
0.13373409
0.14205004
0.14839708
0.13002108
0.13655515
0.14504649
0.1515274
0.13349361
0.14020217
0.14892026
0.15557424
0.13613
0.14297103
0.15186128
0.15864666
0.10259366
0.10906691
0.11748574
0.12391632
0.10475781
0.11136762
0.11996405
0.12653028
0.10755561
0.11434196
0.12316798
0.12990957
0.10967974
0.11660012
0.12560045
0.13247518
0.094135819
0.10007535
0.1078001
0.11370053
0.09636241
0.10244245
0.11034993
0.11638993
0.099243749
0.10550562
0.11364955
0.11987016
0.10143349
0.10783353
0.11615716
0.12251502
0.11683738
0.12270892
0.13033931
0.13616315
0.11960098
0.1256114
0.13342228
0.13938385
0.12317722
0.12936736
0.13741178
0.14355161
0.12589505
0.13222176
0.14044367
0.14671896
0.10605828
0.11138813
0.11831457
0.12360111
0.10889276
0.11436504
0.12147659
0.12690442
0.11256409
0.11822087
0.12557219
0.13118302
0.1153568
0.12115393
0.12868764
0.13443767
0.085451348
0.090842833
0.097854799
0.10321083
0.087735008
0.093270595
0.10047
0.1059692
0.090692913
0.09641516
0.10385734
0.10954197
0.092942944
0.098807189
0.10643404
0.11225971
0.076561104
0.081391637
0.087673967
0.092472633
0.078896349
0.083874212
0.09034819
0.095293261
0.081923717
0.0870926
0.093815041
0.098949908
0.084228638
0.089542969
0.096454582
0.10173395
0.095023769
0.099799009
0.10600478
0.11074132
0.097922231
0.10284316
0.10923825
0.11411927
0.10167978
0.10678958
0.11343008
0.11849838
0.10454066
0.10979424
0.11662156
0.12183246
0.1132581
0.11796655
0.1240806
0.1287434
0.11671282
0.12156487
0.12786542
0.13267045
0.12119145
0.12622969
0.13277201
0.13776143
0.1246013
0.1297813
0.1365077
0.1416375
0.12641014
0.13166534
0.13848939
0.14369365
0.12978853
0.13518418
0.14219059
0.14753391
0.13416437
0.13974192
0.14698452
0.15250796
0.13749298
0.1432089
0.15063116
0.15629162
0.14645747
0.1516253
0.15833041
0.16343976
0.15037158
0.1556775
0.16256179
0.16780768
0.15544129
0.16092608
0.16804247
0.17346523
0.15929772
0.16491858
0.17221152
0.17776883
0.13121968
0.1358499
0.14185749
0.14643533
0.13522227
0.13999372
0.14618454
0.15090198
0.14041117
0.14536569
0.15179403
0.15669246
0.14436178
0.14945567
0.15606485
0.16110109
0.14886513
0.15340589
0.15929244
0.16377422
0.15340589
0.15808514
0.16415123
0.16876971
0.15929244
0.16415123
0.1704501
0.17524581
0.16377422
0.16876972
0.17524581
0.18017646
0.16615169
0.17121971
0.17778982
0.18279205
0.1705921
0.17579557
0.18254127
0.18767719
0.17634353
0.18172243
0.18869557
0.19400463
0.18071853
0.18623089
0.19337702
0.1988178
0.18544561
0.19040166
0.19682096
0.201704
0.19040166
0.19549016
0.20208101
0.20709454
0.19682096
0.20208101
0.20889406
0.21407661
0.201704
0.20709454
0.21407661
0.21938774
0.16615169
0.1705921
0.17634352
0.18071853
0.17121971
0.17579557
0.18172243
0.18623088
0.17778982
0.18254127
0.18869556
0.19337702
0.18279205
0.18767718
0.19400463
0.1988178
0.18303797
0.18736736
0.19296981
0.1972275
0.18862107
0.19308252
0.19885586
0.20324341
0.19585893
0.20049157
0.20648643
0.21104233
0.20136954
0.20613251
0.21229603
0.21698011
0.19948331
0.20369124
0.20913119
0.21326128
0.20556802
0.20990429
0.21551018
0.21976624
0.21345614
0.2179588
0.2237798
0.22819919
0.21946184
0.22409119
0.23007597
0.23461971
0.22264771
0.22734427
0.23341594
0.23802563
0.22859798
0.23342006
0.23965399
0.24438689
0.23630504
0.2412897
0.24773381
0.25262628
0.24216767
0.247276
0.25387999
0.25889384
0.20429277
0.20912489
0.21537788
0.22012996
0.2097525
0.21471375
0.22113385
0.22601293
0.21682418
0.2219527
0.22858925
0.23363284
0.22220348
0.22745923
0.23426045
0.23942916
0.22505535
0.23037856
0.23726707
0.24250213
0.23037856
0.23582769
0.24287914
0.24823803
0.23726707
0.24287914
0.25014145
0.25566057
0.24250213
0.24823803
0.25566057
0.26130147
0.24527578
0.25044967
0.25713843
0.26221663
0.25107729
0.25637356
0.26322052
0.26841884
0.25858473
0.26403936
0.27109106
0.2764448
0.26429014
0.26986513
0.27707241
0.28254429
0.267313
0.27295175
0.28024147
0.28577593
0.27295175
0.27870945
0.28615294
0.29180414
0.28024147
0.28615294
0.29379522
0.29959735
0.28577593
0.29180414
0.29959735
0.30551408
0.24527578
0.25107729
0.25858473
0.26429014
0.25044968
0.25637356
0.26403936
0.26986513
0.25713843
0.26322052
0.27109106
0.27707242
0.26221663
0.26841884
0.27644481
0.28254429
0.22264772
0.22859798
0.23630504
0.24216767
0.22734428
0.23342006
0.2412897
0.247276
0.23341594
0.23965399
0.24773381
0.25387999
0.23802563
0.24438688
0.25262628
0.25889384
0.20429277
0.2097525
0.21682418
0.22220348
0.20912489
0.21471375
0.2219527
0.22745923
0.21537789
0.22113386
0.22858926
0.23426045
0.22012997
0.22601294
0.23363284
0.23942917
0.18303798
0.18862108
0.19585893
0.20136953
0.18736737
0.19308253
0.20049157
0.20613251
0.19296982
0.19885586
0.20648643
0.21229604
0.1972275
0.20324341
0.21104233
0.21698012
0.19948331
0.20556803
0.21345615
0.21946185
0.20369124
0.2099043
0.21795881
0.2240912
0.2091312
0.21551019
0.22377981
0.23007598
0.21326129
0.21976625
0.22819919
0.23461971
0.21544803
0.2220197
0.23053911
0.23702546
0.21952436
0.22622037
0.23490097
0.24151005
0.22478874
0.23164532
0.2405341
0.24730167
0.2287813
0.23575967
0.24480633
0.25169411
0.24046631
0.24689279
0.25521668
0.2615485
0.24501601
0.25156408
0.26004546
0.26649709
0.25089171
0.25759682
0.26628159
0.27288793
0.25534792
0.26217212
0.27101114
0.27773482
0.25770564
0.26459286
0.27351349
0.28029925
0.26209751
0.2691021
0.27817476
0.28507616
0.26776309
0.27491909
0.28418787
0.29123846
0.27205507
0.27932577
0.28874311
0.29590671
0.23089372
0.23793652
0.24706672
0.2540181
0.23482864
0.24199147
0.25127727
0.25834713
0.23990475
0.24722243
0.25670896
0.26393164
0.24375018
0.25118515
0.26082375
0.2681622
0.24578318
0.25328017
0.26299916
0.27039882
0.24956722
0.25717963
0.26704826
0.27456184
0.25444285
0.26220398
0.27226541
0.27992577
0.25813187
0.26600553
0.27621282
0.28398425
0.26008056
0.26801366
0.27829801
0.28612811
0.2637046
0.27174824
0.28217589
0.29011509
0.26836799
0.27655388
0.28716593
0.29524553
0.27189171
0.28018508
0.29093647
0.29912216
0.29028178
0.2980396
0.30808789
0.31573144
0.29432664
0.30219256
0.31238088
0.32013094
0.29953157
0.3075366
0.31790508
0.3257922
0.30346447
0.31157462
0.32207925
0.33006992
0.27432415
0.28165549
0.29115138
0.29837473
0.27854761
0.28599182
0.29563391
0.30296847
0.28398941
0.29157906
0.30140952
0.30888738
0.2881068
0.29580649
0.30577949
0.31336577
0.30220425
0.3093523
0.31860224
0.32563191
0.30685695
0.31411505
0.32350741
0.3306453
0.31285183
0.32025173
0.32982758
0.33710492
0.3173877
0.32489489
0.33460957
0.34199241
0.31978373
0.3273476
0.33713561
0.34457418
0.3242397
0.33190896
0.34183335
0.34937558
0.32997362
0.33777849
0.34787839
0.355554
0.33430624
0.34221359
0.35244611
0.3602225
0.3485153
0.35586697
0.36537113
0.37258684
0.35337161
0.36082573
0.37046233
0.37777858
0.35962071
0.36720665
0.37701367
0.38445929
0.36434261
0.37202815
0.38196394
0.38950732
0.32935638
0.3363039
0.34528557
0.35210459
0.33442711
0.34148159
0.35060154
0.35752555
0.3409606
0.3481529
0.35745103
0.36451032
0.34590399
0.35320057
0.36263353
0.36979516
0.30940398
0.31593063
0.32436821
0.33077414
0.31467691
0.3213148
0.32989617
0.33641126
0.32147909
0.32826045
0.33702731
0.34368323
0.32663209
0.33352215
0.34242952
0.34919213
0.28389677
0.29061178
0.29930134
0.30590514
0.28873499
0.29556444
0.30440209
0.31111844
0.29497637
0.30195345
0.31098216
0.3178437
0.29970455
0.30679347
0.3159669
0.32293842
0.26490536
0.27117117
0.27927944
0.28544147
0.26991746
0.27630182
0.2845635
0.29084211
0.27639033
0.28292779
0.29138759
0.29781677
0.28129943
0.287953
0.29656306
0.30310643
0.28870624
0.29479627
0.30266939
0.30864679
0.29416866
0.30037391
0.30839601
0.3144865
0.30122309
0.30757716
0.31579164
0.3220282
0.30657326
0.3130402
0.32140059
0.32774791
0.31181162
0.31771122
0.32533025
0.3311086
0.31771122
0.32372244
0.33148562
0.33737329
0.32533025
0.33148562
0.33943495
0.34546381
0.3311086
0.33737329
0.34546382
0.35159977
0.33416586
0.33986078
0.34720732
0.35277271
0.34048839
0.34629106
0.35377661
0.35944731
0.34865362
0.35459545
0.36226052
0.36806722
0.35484623
0.36089361
0.36869483
0.37460466
0.35812268
0.36422589
0.37209915
0.37806354
0.36422589
0.37043313
0.37844055
0.38450658
0.37209915
0.37844055
0.38662105
0.3928182
0.37806354
0.38450658
0.3928182
0.39911468
0.33416586
0.34048839
0.34865362
0.35484623
0.33986078
0.34629106
0.35459545
0.36089361
0.34720732
0.35377661
0.36226052
0.36869483
0.35277271
0.35944731
0.36806722
0.37460466
0.35571503
0.3624453
0.37113711
0.37772907
0.36119159
0.36802548
0.3768511
0.38354454
0.36824798
0.37521538
0.38421341
0.39103761
0.37358701
0.38065542
0.3897839
0.39670704
0.37640731
0.38352908
0.39272646
0.39970187
0.38165228
0.38887328
0.39819883
0.40527143
0.38840149
0.39575019
0.40524065
0.41243832
0.39350128
0.40094646
0.41056153
0.41785371
0.40339248
0.41026717
0.41913564
0.42585396
0.40901346
0.41598395
0.42497599
0.43178793
0.41624653
0.42334028
0.43249134
0.43942375
0.42171192
0.42889882
0.43817004
0.44519348
0.3812168
0.38771357
0.39609451
0.40244351
0.38708596
0.39368276
0.40219273
0.40863948
0.39464822
0.40137389
0.41005012
0.41662281
0.40037
0.40719318
0.4159952
0.42266319
0.40580011
0.41204776
0.42009768
0.42618843
0.41204776
0.41839159
0.42656544
0.43274997
0.42009767
0.42656544
0.43489898
0.44120434
0.42618843
0.43274997
0.44120434
0.44760113
0.42940582
0.43601689
0.4445351
0.45098018
0.43538928
0.44209249
0.4507294
0.45726429
0.44308879
0.44991055
0.45870021
0.46535067
0.44890665
0.45581799
0.46472305
0.47146083
0.45438474
0.46071629
0.46886371
0.47502001
0.46071629
0.46713607
0.47539702
0.48163911
0.46886371
0.47539702
0.48380407
0.49015656
0.47502001
0.48163911
0.49015656
0.49659246
0.42940582
0.43538928
0.44308879
0.44890665
0.43601689
0.44209249
0.44991055
0.45581799
0.4445351
0.4507294
0.45870021
0.46472305
0.45098018
0.45726429
0.46535067
0.47146083
0.40339247
0.40901346
0.41624652
0.42171192
0.41026717
0.41598395
0.42334028
0.42889882
0.41913564
0.424976
0.43249135
0.43817004
0.42585397
0.43178794
0.43942375
0.44519348
0.3812168
0.38708596
0.39464821
0.40036999
0.38771357
0.39368276
0.40137389
0.40719318
0.39609451
0.40219273
0.41005012
0.4159952
0.40244351
0.40863948
0.41662282
0.42266319
0.35571503
0.36119159
0.36824799
0.37358702
0.3624453
0.36802548
0.37521539
0.38065543
0.37113711
0.3768511
0.38421341
0.3897839
0.37772908
0.38354455
0.39103761
0.39670704
0.37640732
0.38165229
0.38840149
0.39350127
0.38352908
0.38887328
0.39575018
0.40094645
0.39272646
0.39819882
0.40524064
0.41056152
0.39970187
0.40527143
0.41243832
0.41785371
0.34851529
0.35337161
0.35962071
0.36434262
0.35586697
0.36082573
0.36720666
0.37202817
0.36537114
0.37046234
0.37701368
0.38196394
0.37258684
0.37777858
0.38445929
0.38950731
0.31978374
0.3242397
0.32997362
0.33430623
0.3273476
0.33190895
0.33777849
0.34221358
0.3371356
0.34183334
0.34787838
0.3524461
0.34457417
0.34937557
0.355554
0.3602225
0.30220424
0.30685695
0.31285183
0.3173877
0.3093523
0.31411506
0.32025174
0.3248949
0.31860225
0.32350742
0.32982758
0.33460956
0.32563192
0.3306453
0.33710491
0.34199239
0.32935638
0.33442711
0.34096059
0.34590398
0.3363039
0.34148158
0.34815289
0.35320057
0.34528556
0.35060154
0.35745103
0.36263353
0.35210458
0.35752555
0.36451033
0.36979517
0.30940398
0.31467692
0.32147909
0.32663209
0.31593063
0.3213148
0.32826046
0.33352214
0.32436821
0.32989617
0.33702731
0.34242952
0.33077414
0.33641126
0.34368323
0.34919212
0.28870624
0.29416865
0.30122309
0.30657326
0.29479627
0.30037391
0.30757716
0.3130402
0.30266939
0.30839601
0.31579164
0.32140059
0.30864679
0.3144865
0.3220282
0.32774791
0.26490536
0.26991746
0.27639032
0.28129942
0.27117117
0.27630182
0.28292778
0.287953
0.27927943
0.28456349
0.29138758
0.29656305
0.28544146
0.29084211
0.29781677
0.30310644
0.28389677
0.28873499
0.29497637
0.29970454
0.29061178
0.29556443
0.30195345
0.30679347
0.29930134
0.30440209
0.31098216
0.31596691
0.30590514
0.31111845
0.3178437
0.32293843
0.25770565
0.26209751
0.26776309
0.27205506
0.26459286
0.26910209
0.27491909
0.27932576
0.27351349
0.27817475
0.28418786
0.2887431
0.28029925
0.28507616
0.29123845
0.2959067
0.24046632
0.24501601
0.25089172
0.25534792
0.2468928
0.25156409
0.25759682
0.26217212
0.25521668
0.26004546
0.26628159
0.27101114
0.2615485
0.26649709
0.27288793
0.27773482
0.21544802
0.21952435
0.22478872
0.22878129
0.22201969
0.22622036
0.23164531
0.23575967
0.23053911
0.23490097
0.2405341
0.24480634
0.23702546
0.24151006
0.24730168
0.25169412
0.23089371
0.23482864
0.23990476
0.24375018
0.23793652
0.24199148
0.24722243
0.25118516
0.24706673
0.25127728
0.25670897
0.26082375
0.25401811
0.25834713
0.26393164
0.26816219
0.24578319
0.24956723
0.25444286
0.25813187
0.25328017
0.25717964
0.26220399
0.26600553
0.26299916
0.26704825
0.2722654
0.27621281
0.27039881
0.27456183
0.27992576
0.28398424
0.27432414
0.27854759
0.2839894
0.28810679
0.28165548
0.28599181
0.29157904
0.29580648
0.29115137
0.2956339
0.30140951
0.30577948
0.29837473
0.30296847
0.30888738
0.31336578
0.29028177
0.29432663
0.29953156
0.30346447
0.29803959
0.30219256
0.30753659
0.31157462
0.30808788
0.31238088
0.31790509
0.32207925
0.31573145
0.32013095
0.32579221
0.33006992
0.26008056
0.2637046
0.26836799
0.2718917
0.26801366
0.27174823
0.27655386
0.28018506
0.278298
0.28217588
0.28716592
0.29093646
0.28612809
0.29011508
0.29524552
0.29912215
0.22925282
0.23244729
0.23655791
0.23966396
0.23734207
0.24064926
0.24490493
0.24812057
0.24783771
0.25129115
0.25573502
0.25909286
0.2558355
0.25940038
0.26398765
0.26745386
0.21665017
0.21998567
0.22428337
0.22753511
0.22429472
0.22774791
0.23219727
0.23556376
0.23421336
0.23781927
0.24246539
0.24598075
0.24177149
0.24549376
0.25028981
0.25391862
0.18699521
0.18987416
0.19358361
0.19639025
0.19476896
0.19776759
0.20163123
0.20455456
0.2048634
0.20801744
0.21208132
0.21515615
0.21256178
0.21583433
0.22005093
0.22324131
0.19787284
0.20063005
0.20417801
0.20685889
0.20609878
0.2089706
0.21266606
0.21545839
0.2167804
0.21980107
0.22368805
0.22662511
0.2249266
0.22806078
0.23209383
0.23514126
0.16601609
0.1683294
0.17130616
0.17355543
0.1743589
0.17678846
0.17991481
0.18227712
0.18520084
0.18778148
0.19110223
0.19361144
0.19347587
0.19617181
0.19964093
0.20226225
0.13375921
0.13562307
0.13802147
0.13983374
0.14219889
0.14418034
0.14673006
0.14865666
0.15317507
0.15530945
0.15805596
0.16013126
0.16155897
0.16381017
0.16670701
0.1688959
0.12640599
0.12835214
0.1308597
0.13275699
0.13438172
0.13645067
0.13911645
0.14113343
0.14475456
0.14698319
0.14985472
0.15202738
0.15267761
0.15502822
0.1580569
0.16034847
0.15688973
0.15930517
0.16241741
0.1647722
0.16477391
0.16731074
0.17057937
0.17305249
0.17501983
0.1777144
0.18118629
0.1838132
0.18283995
0.18565492
0.18928194
0.19202623
0.14738536
0.14989714
0.15313737
0.15559201
0.15479196
0.15742995
0.160833
0.16341098
0.16441719
0.16721921
0.17083386
0.17357215
0.17176356
0.17469078
0.17846694
0.18132758
0.11874823
0.12077199
0.12338267
0.1253604
0.1262408
0.12839225
0.13116765
0.13327017
0.13598527
0.13830279
0.14129241
0.14355721
0.14342839
0.14587274
0.14902599
0.15141473
0.1108044
0.11290088
0.11560839
0.11766179
0.11779573
0.1200245
0.12290285
0.12508582
0.12688835
0.12928916
0.13238968
0.13474114
0.13383358
0.13636579
0.139636
0.14211617
0.13752587
0.14012793
0.14348836
0.14603694
0.14443704
0.14716986
0.15069914
0.15337578
0.15341845
0.15632118
0.16006989
0.16291296
0.1602734
0.16330581
0.16722202
0.17019212
0.1639158
0.16701713
0.17102234
0.17405994
0.17073007
0.17396033
0.17813205
0.18129593
0.17957864
0.18297632
0.18736426
0.19069212
0.18632688
0.18985224
0.19440507
0.19785798
0.1756671
0.17866084
0.18252282
0.18544847
0.18296991
0.18608811
0.19011064
0.19315792
0.19245285
0.19573266
0.19996367
0.20316887
0.19968488
0.20308793
0.20747792
0.21080357
0.2035256
0.2069941
0.21146853
0.21485815
0.21070704
0.21429793
0.21893024
0.22243946
0.22002481
0.2237745
0.22861166
0.23227606
0.22712504
0.23099574
0.235989
0.23977167
0.18991069
0.19350386
0.19814424
0.20166357
0.19661175
0.20033169
0.20513581
0.20877931
0.20530621
0.20919065
0.21420721
0.21801183
0.21193147
0.21594127
0.22111971
0.2250471
0.17583825
0.17954741
0.18434257
0.18798313
0.18204275
0.1858828
0.19084716
0.19461618
0.19009298
0.19410283
0.19928672
0.2032224
0.19622732
0.20036657
0.20571774
0.20978042
0.1517696
0.15497106
0.15910986
0.16225209
0.15807895
0.16141349
0.16572434
0.1689972
0.16627183
0.16977919
0.17431346
0.17775595
0.17252001
0.17615917
0.18086384
0.1844357
0.13925765
0.14255156
0.14681402
0.15005334
0.14504693
0.14847775
0.15291738
0.15629135
0.15256446
0.15617306
0.16084276
0.16439159
0.15829755
0.16204175
0.16688693
0.17056911
0.16134223
0.16515844
0.17009681
0.17384982
0.16703523
0.1709861
0.17609872
0.17998416
0.17442177
0.17854736
0.18388609
0.18794335
0.18005041
0.18430913
0.18982014
0.19400833
0.14645747
0.15037159
0.1554413
0.15929773
0.1516253
0.1556775
0.16092608
0.16491858
0.15833041
0.16256179
0.16804247
0.17221152
0.16343975
0.16780768
0.17346523
0.17776882
0.13121968
0.13522228
0.14041117
0.14436178
0.1358499
0.13999372
0.14536569
0.14945567
0.1418575
0.14618454
0.15179403
0.15606485
0.14643533
0.15090198
0.15669246
0.16110109
0.11325808
0.1167128
0.12119144
0.1246013
0.11796653
0.12156487
0.12622968
0.1297813
0.1240806
0.12786542
0.13277201
0.1365077
0.1287434
0.13267045
0.13776143
0.14163749
0.12641014
0.12978852
0.13416435
0.13749297
0.13166534
0.13518417
0.13974191
0.14320889
0.13848939
0.14219058
0.14698452
0.15063117
0.14369365
0.14753391
0.15250797
0.15629163
0.10605826
0.10889273
0.11256408
0.1153568
0.11138812
0.11436504
0.11822087
0.12115393
0.11831456
0.12147659
0.12557218
0.12868763
0.12360111
0.12690441
0.13118301
0.13443766
0.095023754
0.09792221
0.10167976
0.10454063
0.099798988
0.10284314
0.10678956
0.10979422
0.10600475
0.10923823
0.11343007
0.11662156
0.11074129
0.11411925
0.11849838
0.12183246
0.076561104
0.078896354
0.08192372
0.084228639
0.081391641
0.083874217
0.087092599
0.08954296
0.087673969
0.090348185
0.093815027
0.096454563
0.092472625
0.095293244
0.098949886
0.10173393
0.085451346
0.087734999
0.0906929
0.092942931
0.090842822
0.09327058
0.096415142
0.09880717
0.097854779
0.10046998
0.10385732
0.10643402
0.10321081
0.10596917
0.10954195
0.11225969
0.094135805
0.096362396
0.099243731
0.10143346
0.10007533
0.10244243
0.1055056
0.10783351
0.10780007
0.11034992
0.11364954
0.11615715
0.11370052
0.11638993
0.11987015
0.12251501
0.11683738
0.11960098
0.12317722
0.12589504
0.12270892
0.12561139
0.12936735
0.13222176
0.1303393
0.13342226
0.13741177
0.14044367
0.13616313
0.13938384
0.1435516
0.14671895
0.12733501
0.13002108
0.1334936
0.13612999
0.13373408
0.13655514
0.14020216
0.14297103
0.14205003
0.14504649
0.14892026
0.15186128
0.14839708
0.15152741
0.15557425
0.15864666
0.10259363
0.10475779
0.1075556
0.10967974
0.10906689
0.11136761
0.11434195
0.11660011
0.11748574
0.11996404
0.12316797
0.12560044
0.12391632
0.12653027
0.12990957
0.13247518
0.077605686
0.07924269
0.081358991
0.082965721
0.084137413
0.085912199
0.088206629
0.089948597
0.092638636
0.094592769
0.097119058
0.09903706
0.09913709
0.10122832
0.10393186
0.10598442
0.052430508
0.053536491
0.054966292
0.056051819
0.059005262
0.060249933
0.061859028
0.063080676
0.067568782
0.068994085
0.070836696
0.07223563
0.074119611
0.075683085
0.077704325
0.079238879
0.048108129
0.049246035
0.050718544
0.051837606
0.054140861
0.055421462
0.057078623
0.058338012
0.061998432
0.063464885
0.065362542
0.066804697
0.068009261
0.069617872
0.07169949
0.073281453
0.071207971
0.072892233
0.075071749
0.076728111
0.077201256
0.079027266
0.081390213
0.083185977
0.085001621
0.087012129
0.089613835
0.091591057
0.09096427
0.093115827
0.095900068
0.098016013
0.064638637
0.066366116
0.068603622
0.070305638
0.070079086
0.071951943
0.074377735
0.076222984
0.077159888
0.079221946
0.081892817
0.083924506
0.08257243
0.084779138
0.087637377
0.089811593
0.057913546
0.059680061
0.06197014
0.063713713
0.062787978
0.064703171
0.067185996
0.069076319
0.069132172
0.071240863
0.07397453
0.076055821
0.07398168
0.076238273
0.079163661
0.081390923
0.039126411
0.040319863
0.041867042
0.043045007
0.04403282
0.045375939
0.047117137
0.048442811
0.050423389
0.051961433
0.053955326
0.055473397
0.055312011
0.056999166
0.059186373
0.060851627
0.043669888
0.044836969
0.046348619
0.047498505
0.049146047
0.050459478
0.052160698
0.053454788
0.056278697
0.057782756
0.059730884
0.061212789
0.061735003
0.063384882
0.065521881
0.067147454
0.022596009
0.023199892
0.023982069
0.024577058
0.0280947
0.028845535
0.029818051
0.030557826
0.035261897
0.036204275
0.037424885
0.038353381
0.040748625
0.041837639
0.043248176
0.044321141
0.020245081
0.020862611
0.021663168
0.022272679
0.025171687
0.025939487
0.026934856
0.02769269
0.031593209
0.032556881
0.033806171
0.03475733
0.036509095
0.037622712
0.039066387
0.040165547
0.001314998
0.0013551074
0.0014071083
0.0014466986
0.006249893
0.0064405309
0.0066876718
0.0068758342
0.012686911
0.013073896
0.013575574
0.013957534
0.01761826
0.018155661
0.018852344
0.019382771
0.0014676997
0.0015069235
0.0015577287
0.0015963746
0.0069756497
0.0071620753
0.0074035427
0.0075872222
0.014160155
0.014538589
0.015028756
0.015401613
0.019664149
0.02018968
0.020870369
0.021388157
0.0016168636
0.0016551066
0.0017045966
0.0017422063
0.0076846007
0.0078663671
0.008101582
0.0082803357
0.015599284
0.015968258
0.016445726
0.016808588
0.021662666
0.022175056
0.022838109
0.023342007
0.024892494
0.025481276
0.026243191
0.026822223
0.030950022
0.031682083
0.032629405
0.033349338
0.038845628
0.03976444
0.040953428
0.041857021
0.04488998
0.04595176
0.047325763
0.048369963
0.027129006
0.02770127
0.028441086
0.029002765
0.033730774
0.034442295
0.035362142
0.036060504
0.042335765
0.043228804
0.044383316
0.045259838
0.048923204
0.049955204
0.051289362
0.052302272
0.0017621335
0.0017993025
0.0018473594
0.0018838433
0.008375044
0.0085517086
0.0087800993
0.008953498
0.01700084
0.017359461
0.017823081
0.018175068
0.023608986
0.024106999
0.024750824
0.025239625
0.0019031604
0.0019391679
0.0019856718
0.0020209389
0.0090453062
0.0092164488
0.0094374702
0.0096050931
0.018361433
0.018708838
0.019157492
0.019497758
0.025498429
0.025980867
0.026603908
0.027076428
0.0020395999
0.0020743586
0.0021191993
0.0021531672
0.0096937807
0.0098589848
0.010072101
0.010233547
0.019677789
0.020013141
0.020445749
0.020773472
0.027326435
0.027792132
0.028392898
0.028848008
0.031400707
0.031935844
0.032626182
0.033149148
0.039041994
0.039707355
0.040565683
0.041215911
0.049001942
0.049837046
0.05091434
0.05173045
0.056626649
0.057591693
0.058836617
0.059779711
0.029300155
0.02985452
0.030570453
0.031113426
0.036430262
0.037119533
0.038009693
0.038684802
0.045723927
0.046589041
0.047706291
0.048553626
0.052838575
0.053838299
0.055129393
0.056108575
0.05662657
0.057697967
0.059081622
0.060131001
0.063727497
0.064933242
0.066490396
0.06767136
0.072976319
0.074357041
0.076140172
0.077492519
0.080051374
0.081565953
0.083521956
0.085005414
0.08381643
0.085402247
0.087450249
0.089003482
0.090870913
0.092590213
0.094810607
0.096494585
0.10005258
0.10194562
0.1043904
0.10624455
0.10707119
0.10909704
0.11171332
0.11369754
0.08982528
0.091356092
0.093330869
0.094826869
0.09738556
0.099045231
0.10118624
0.10280816
0.10722555
0.10905293
0.11141028
0.1131961
0.11474737
0.11670295
0.11922567
0.12113676
0.060686216
0.061720443
0.063054613
0.064065312
0.068296193
0.069460102
0.070961563
0.072098997
0.078208029
0.07954085
0.081260213
0.08256272
0.085790295
0.087252337
0.089138397
0.090567187
0.064599649
0.065594211
0.066875678
0.067845265
0.072700337
0.073819612
0.075261767
0.076352935
0.083251331
0.084533045
0.0861845
0.08743403
0.091322563
0.092728548
0.094540125
0.095910809
0.095617777
0.097089899
0.09898669
0.10042185
0.10366564
0.10526168
0.10731813
0.10887409
0.11414023
0.11589754
0.11816179
0.11987497
0.12214713
0.12402771
0.1264508
0.12828416
0.10117996
0.10258984
0.10440407
0.10577492
0.10969601
0.11122456
0.1131915
0.11467774
0.12077994
0.12246295
0.12462863
0.12626505
0.12925261
0.13105368
0.13337128
0.13512248
0.068357441
0.069309948
0.07053563
0.071461769
0.076929335
0.078001279
0.079380655
0.080422928
0.088094085
0.089321608
0.090901183
0.092094731
0.096634863
0.097981405
0.099714133
0.1010234
0.035370032
0.035862886
0.036497087
0.036976298
0.043977233
0.044590025
0.045378563
0.045974393
0.055196219
0.05596534
0.056955041
0.057702871
0.063784741
0.064673532
0.065817226
0.066681415
0.033425631
0.033940249
0.034603322
0.035105017
0.041559674
0.042199522
0.043023947
0.043647727
0.052161912
0.052964992
0.05399974
0.054782652
0.060278308
0.061206346
0.062402096
0.063306825
0.0021711261
0.0022045519
0.0022476221
0.0022802098
0.0103189
0.010477767
0.010682464
0.010837343
0.020946733
0.021269225
0.021684746
0.021999139
0.029088616
0.029536459
0.030113495
0.030550094
0.0022974233
0.0023294365
0.0023706292
0.0024017558
0.010919156
0.011071307
0.011267094
0.011415032
0.022165215
0.022474072
0.022871509
0.023171817
0.030780724
0.031209634
0.031761554
0.03217859
