FiniteElementSpace
FiniteElementCollection: L2_2D_P3
VDim: 1
Ordering: 0

1.4014143
1.4180501
1.4383872
1.4528969
1.3829277
1.3986669
1.4178541
1.431507
1.3574381
1.372021
1.3897306
1.402286
1.3368119
1.3505228
1.3671257
1.3788633
1.4602365
1.4732477
1.4886732
1.4992548
1.4384015
1.4506036
1.4650347
1.4749115
1.4086119
1.4197844
1.4329592
1.441951
1.3847657
1.3951727
1.4074153
1.4157537
1.3716841
1.3816942
1.3934537
1.4014524
1.3463698
1.355657
1.3665425
1.3739301
1.311667
1.320037
1.3298251
1.3364527
1.2836326
1.2912981
1.3002545
1.3063127
1.3254155
1.3386661
1.35469
1.3660015
1.3032305
1.3156131
1.3305605
1.3410889
1.2726318
1.2838554
1.2973861
1.3069009
1.2478372
1.2581332
1.2705429
1.2792653
1.2341241
1.2439065
1.2556981
1.2639861
1.2074131
1.2161871
1.2267681
1.2342076
1.1705351
1.1778883
1.1867657
1.1930132
1.1406059
1.1467758
1.1542315
1.1594835
1.124024
1.1295254
1.1361776
1.140866
1.0916168
1.0957757
1.1008134
1.1043693
1.046594
1.0487885
1.0514546
1.0533416
1.0098091
1.0102972
1.0108918
1.0113139
1.1432167
1.1473479
1.1521817
1.155455
1.1061539
1.1092925
1.1129688
1.1154605
1.0542903
1.0559613
1.0579228
1.0592548
1.0115264
1.0119012
1.012342
1.0126419
1.2681356
1.2754179
1.2839248
1.2896778
1.2379328
1.2444708
1.2521082
1.2572723
1.1961432
1.2016392
1.2080629
1.2124085
1.1621162
1.1667414
1.1721514
1.1758135
1.2924702
1.2971942
1.3023408
1.3055017
1.2597784
1.2640177
1.2686353
1.2714707
1.2145178
1.2180865
1.2219744
1.2243621
1.1775918
1.1806013
1.1838812
1.1858963
1.1570448
1.1597358
1.1626695
1.1644722
1.1166714
1.1187218
1.1209585
1.1223336
1.0599028
1.0610012
1.0622009
1.0629392
1.012788
1.0130358
1.0133069
1.0134739
1.1652739
1.166479
1.1674625
1.1677638
1.1229453
1.1238651
1.1246158
1.1248459
1.0632679
1.0637622
1.0641659
1.0642896
1.0135482
1.0136601
1.0137516
1.0137796
1.3069072
1.3090196
1.3107432
1.3112712
1.2727313
1.2746257
1.2761713
1.2766448
1.2254237
1.2270191
1.2283208
1.2287196
1.1867924
1.1881392
1.1892382
1.1895749
1.4256737
1.4286742
1.4311281
1.4318812
1.3962102
1.39896
1.401207
1.4018962
1.356358
1.3588055
1.3608039
1.3614164
1.3244664
1.3266937
1.3285113
1.3290682
1.4053497
1.4119667
1.4192114
1.423681
1.3775246
1.3836192
1.39028
1.3943829
1.3396726
1.3451248
1.3510727
1.3547303
1.3092536
1.3142299
1.3196529
1.3229846
1.5044375
1.5132766
1.5230136
1.5290519
1.4797419
1.4879699
1.4970182
1.5026216
1.4463409
1.4538067
1.461999
1.4670627
1.4198196
1.4267269
1.4342953
1.4389669
1.5317515
1.5358248
1.5391645
1.5401913
1.5051245
1.5088989
1.5119909
1.512941
1.4693223
1.4727276
1.4755151
1.4763712
1.44105
1.4441867
1.4467522
1.4475395
