FiniteElementSpace
FiniteElementCollection: L2_2D_P3
VDim: 1
Ordering: 0

6.7038688e+39
4.7988028e+39
2.5076459e+39
9.8240416e+38
4.7988028e+39
-4.0141244e+39
-1.4595328e+40
-2.1628301e+40
2.5076459e+39
-1.4595328e+40
-3.4615325e+40
-4.6754872e+40
9.8240416e+38
-2.1628301e+40
-4.6754872e+40
-5.8751757e+40
2.7722188e+38
-8.1255282e+38
-1.7236476e+39
-2.0056022e+39
-2.4883245e+40
-2.9883981e+40
-3.4058247e+40
-3.5360653e+40
-5.1660501e+40
-5.7720798e+40
-6.0851846e+40
-6.128082e+40
-6.1494975e+40
-5.950036e+40
-4.9860137e+40
-4.4676229e+40
-6.1175063e+40
-5.0138883e+40
-2.7435678e+40
-1.6563774e+40
-5.0138883e+40
-1.3397937e+40
4.6766663e+40
7.3727143e+40
-2.7435678e+40
4.6766663e+40
1.6039673e+41
2.1047786e+41
-1.6563774e+40
7.3727143e+40
2.1047786e+41
2.7686117e+41
2.7722188e+38
-2.4883245e+40
-5.1660501e+40
-6.1494975e+40
-8.1255282e+38
-2.9883981e+40
-5.7720798e+40
-5.950036e+40
-1.7236476e+39
-3.4058247e+40
-6.0851846e+40
-4.9860137e+40
-2.0056022e+39
-3.5360653e+40
-6.128082e+40
-4.4676229e+40
-2.0056022e+39
-3.5360653e+40
-6.128082e+40
-4.4676229e+40
-1.7236476e+39
-3.4058247e+40
-6.0851846e+40
-4.9860137e+40
-8.1255282e+38
-2.9883981e+40
-5.7720798e+40
-5.950036e+40
2.7722188e+38
-2.4883245e+40
-5.1660501e+40
-6.1494975e+40
9.8240416e+38
-2.1628301e+40
-4.6754872e+40
-5.8751757e+40
2.5076459e+39
-1.4595328e+40
-3.4615325e+40
-4.6754872e+40
4.7988028e+39
-4.0141244e+39
-1.4595328e+40
-2.1628301e+40
6.7038688e+39
4.7988028e+39
2.5076459e+39
9.8240416e+38
-6.1494975e+40
-5.950036e+40
-4.9860137e+40
-4.4676229e+40
-5.1660501e+40
-5.7720798e+40
-6.0851846e+40
-6.128082e+40
-2.4883245e+40
-2.9883981e+40
-3.4058247e+40
-3.5360653e+40
2.7722188e+38
-8.1255282e+38
-1.7236476e+39
-2.0056022e+39
-1.6563774e+40
7.3727143e+40
2.1047786e+41
2.7686117e+41
-2.7435678e+40
4.6766663e+40
1.6039673e+41
2.1047786e+41
-5.0138883e+40
-1.3397937e+40
4.6766663e+40
7.3727143e+40
-6.1175063e+40
-5.0138883e+40
-2.7435678e+40
-1.6563774e+40
2.7686117e+41
2.1047786e+41
7.3727143e+40
-1.6563774e+40
2.1047786e+41
1.6039673e+41
4.6766663e+40
-2.7435678e+40
7.3727143e+40
4.6766663e+40
-1.3397937e+40
-5.0138883e+40
-1.6563774e+40
-2.7435678e+40
-5.0138883e+40
-6.1175063e+40
-4.4676229e+40
-4.9860137e+40
-5.950036e+40
-6.1494975e+40
-6.128082e+40
-6.0851846e+40
-5.7720798e+40
-5.1660501e+40
-3.5360653e+40
-3.4058247e+40
-2.9883981e+40
-2.4883245e+40
-2.0056022e+39
-1.7236476e+39
-8.1255282e+38
2.7722188e+38
-5.8751757e+40
-4.6754872e+40
-2.1628301e+40
9.8240416e+38
-4.6754872e+40
-3.4615325e+40
-1.4595328e+40
2.5076459e+39
-2.1628301e+40
-1.4595328e+40
-4.0141244e+39
4.7988028e+39
9.8240416e+38
2.5076459e+39
4.7988028e+39
6.7038688e+39
-4.4676229e+40
-6.128082e+40
-3.5360653e+40
-2.0056022e+39
-4.9860137e+40
-6.0851846e+40
-3.4058247e+40
-1.7236476e+39
-5.950036e+40
-5.7720798e+40
-2.9883981e+40
-8.1255282e+38
-6.1494975e+40
-5.1660501e+40
-2.4883245e+40
2.7722188e+38
-6.1494975e+40
-5.1660501e+40
-2.4883245e+40
2.7722188e+38
-5.950036e+40
-5.7720798e+40
-2.9883981e+40
-8.1255282e+38
-4.9860137e+40
-6.0851846e+40
-3.4058247e+40
-1.7236476e+39
-4.4676229e+40
-6.128082e+40
-3.5360653e+40
-2.0056022e+39
-1.6563774e+40
-2.7435678e+40
-5.0138883e+40
-6.1175063e+40
7.3727143e+40
4.6766663e+40
-1.3397937e+40
-5.0138883e+40
2.1047786e+41
1.6039673e+41
4.6766663e+40
-2.7435678e+40
2.7686117e+41
2.1047786e+41
7.3727143e+40
-1.6563774e+40
-2.0056022e+39
-1.7236476e+39
-8.1255282e+38
2.7722188e+38
-3.5360653e+40
-3.4058247e+40
-2.9883981e+40
-2.4883245e+40
-6.128082e+40
-6.0851846e+40
-5.7720798e+40
-5.1660501e+40
-4.4676229e+40
-4.9860137e+40
-5.950036e+40
-6.1494975e+40
9.8240416e+38
2.5076459e+39
4.7988028e+39
6.7038688e+39
-2.1628301e+40
-1.4595328e+40
-4.0141244e+39
4.7988028e+39
-4.6754872e+40
-3.4615325e+40
-1.4595328e+40
2.5076459e+39
-5.8751757e+40
-4.6754872e+40
-2.1628301e+40
9.8240416e+38
