FiniteElementSpace
FiniteElementCollection: L2_2D_P4
VDim: 1
Ordering: 0

6.793051673729579e+67
6.587688593610906e+67
5.899230221309131e+67
4.911723370911209e+67
4.16266162746498e+67
6.587688593614789e+67
2.62204271104363e+67
-9.252184440981454e+67
-2.450471686990404e+68
-3.508095105811552e+68
5.899230221315141e+67
-9.252184440983588e+67
-4.821086785651574e+68
-8.728530408831874e+68
-1.071840626159331e+69
4.911723370917157e+67
-2.450471686991153e+68
-8.728530408832195e+68
-1.250661230178162e+69
-1.239732432776852e+69
4.16266162747043e+67
-3.508095105812634e+68
-1.07184062615936e+69
-1.239732432776839e+69
-8.91484892142126e+68
3.780631192179708e+67
3.072938992398368e+67
2.223828710231079e+67
1.694783734598099e+67
1.549083992891069e+67
-4.020431452978076e+68
-4.9291076520992e+68
-5.961986003791604e+68
-6.574391066978436e+68
-6.733350979566582e+68
-1.146321271357973e+69
-1.236595883875386e+69
-1.271692107809878e+69
-1.254619098106092e+69
-1.244301139482363e+69
-1.153633292688218e+69
-8.594495797893551e+68
-3.124745351418577e+68
1.218627801917888e+68
2.510850995181875e+68
-5.914069515422653e+68
1.466063135079016e+68
1.266622321674962e+69
2.056069188401093e+69
2.273995249493912e+69
-1.673330825204918e+68
8.033320938523676e+68
2.148641092696347e+69
2.985869610080423e+69
3.191648122375184e+69
8.03332093852365e+68
2.200494068078583e+69
3.875315152079828e+69
4.6079908133328e+69
4.683134272451772e+69
2.14864109269634e+69
3.875315152079818e+69
4.274904318714098e+69
1.508331205885243e+69
-1.977280037295247e+68
2.985869610080363e+69
4.607990813332743e+69
1.508331205885236e+69
-8.877045294222039e+69
-1.437491211235017e+70
3.191648122375068e+69
4.683134272451667e+69
-1.977280037295236e+68
-1.43749121123502e+70
-2.266923298712288e+70
3.780631192184869e+67
-4.02043145297931e+68
-1.146321271357999e+69
-1.153633292688204e+69
-5.914069515422746e+68
3.072938992402956e+67
-4.929107652100803e+68
-1.236595883875411e+69
-8.594495797893361e+68
1.466063135078877e+68
2.223828710234887e+67
-5.961986003793791e+68
-1.271692107809895e+69
-3.124745351418381e+68
1.266622321674936e+69
1.694783734601396e+67
-6.574391066981159e+68
-1.254619098106095e+69
1.218627801917998e+68
2.056069188401022e+69
1.549083992894373e+67
-6.73335097956961e+68
-1.244301139482361e+69
2.510850995181968e+68
2.273995249493803e+69
1.549083992894309e+67
-6.733350979569644e+68
-1.244301139482365e+69
2.510850995181964e+68
2.273995249493799e+69
1.69478373460109e+67
-6.57439106698132e+68
-1.254619098106111e+69
1.218627801917949e+68
2.056069188400993e+69
2.223828710234195e+67
-5.961986003794069e+68
-1.271692107809923e+69
-3.12474535141842e+68
1.266622321674899e+69
3.072938992401769e+67
-4.929107652101126e+68
-1.236595883875462e+69
-8.594495797893436e+68
1.466063135078889e+68
3.780631192183259e+67
-4.020431452979662e+68
-1.146321271358072e+69
-1.153633292688254e+69
-5.914069515422835e+68
4.162661627468616e+67
-3.508095105813015e+68
-1.071840626159444e+69
-1.239732432776928e+69
-8.914848921421762e+68
4.911723370915153e+67
-2.45047168699171e+68
-8.728530408833247e+68
-1.250661230178304e+69
-1.239732432776984e+69
5.899230221313864e+67
-9.25218444099166e+67
-4.821086785652929e+68
-8.728530408833824e+68
-1.071840626159561e+69
6.587688593616176e+67
2.622042711038364e+67
-9.252184440993425e+67
-2.45047168699214e+68
-3.50809510581367e+68
6.79305167373412e+67
6.587688593613484e+67
5.899230221309457e+67
4.911723370910394e+67
4.162661627463712e+67
-5.91406951542289e+68
1.466063135078709e+68
1.266622321674879e+69
2.056069188400994e+69
2.273995249493815e+69
-1.153633292688324e+69
-8.594495797894252e+68
-3.124745351419241e+68
1.21862780191708e+68
2.510850995180997e+68
-1.146321271358209e+69
-1.236595883875616e+69
-1.271692107810096e+69
-1.254619098106309e+69
-1.244301139482588e+69
-4.020431452980442e+68
-4.92910765210212e+68
-5.961986003795276e+68
-6.574391066982694e+68
-6.733350979571077e+68
3.780631192178183e+67
3.072938992396192e+67
2.223828710227687e+67
1.69478373459364e+67
1.549083992886248e+67
3.191648122375054e+69
4.683134272451644e+69
-1.977280037295282e+68
-1.43749121123502e+70
-2.266923298712287e+70
2.985869610080306e+69
4.607990813332677e+69
1.508331205885205e+69
-8.877045294222073e+69
-1.437491211235018e+70
2.14864109269627e+69
3.875315152079743e+69
4.27490431871404e+69
1.508331205885188e+69
-1.977280037295867e+68
8.033320938523314e+68
2.200494068078514e+69
3.875315152079766e+69
4.607990813332733e+69
4.683134272451706e+69
-1.673330825205005e+68
8.033320938523234e+68
2.148641092696269e+69
2.985869610080349e+69
3.191648122375146e+69
-2.266923298712278e+70
-1.437491211235012e+70
-1.977280037296863e+68
4.683134272451576e+69
3.191648122375195e+69
-1.437491211235012e+70
-8.877045294222056e+69
1.508331205885037e+69
4.607990813332654e+69
2.985869610080456e+69
-1.977280037295999e+68
1.508331205885097e+69
4.274904318713951e+69
3.875315152079825e+69
2.148641092696375e+69
4.683134272451706e+69
4.607990813332752e+69
3.875315152079843e+69
2.200494068078601e+69
8.033320938522887e+68
3.191648122375161e+69
2.985869610080426e+69
2.148641092696359e+69
8.033320938522894e+68
-1.673330825206654e+68
2.273995249493818e+69
2.056069188401024e+69
1.266622321674883e+69
1.46606313507745e+68
-5.914069515424916e+68
2.51085099518092e+68
1.218627801916706e+68
-3.124745351420148e+68
-8.594495797895574e+68
-1.153633292688437e+69
-1.244301139482596e+69
-1.254619098106336e+69
-1.271692107810118e+69
-1.236595883875585e+69
-1.146321271358116e+69
-6.733350979571013e+68
-6.574391066982422e+68
-5.961986003794738e+68
-4.929107652101387e+68
-4.020431452979675e+68
1.549083992886013e+67
1.694783734592423e+67
2.223828710224758e+67
3.072938992391205e+67
3.780631192171671e+67
-8.914848921423745e+68
-1.239732432777012e+69
-1.071840626159332e+69
-3.508095105812129e+68
4.162661627453681e+67
-1.239732432777054e+69
-1.250661230178265e+69
-8.728530408831801e+68
-2.450471686991065e+68
4.911723370899174e+67
-1.071840626159439e+69
-8.728530408832385e+68
-4.82108678565166e+68
-9.252184440990477e+67
5.89923022129532e+67
-3.508095105812927e+68
-2.45047168699158e+68
-9.252184440992787e+67
2.62204271102975e+67
6.587688593594733e+67
4.162661627456422e+67
4.911723370901548e+67
5.899230221297363e+67
6.587688593595917e+67
6.79305167371124e+67
2.273995249493886e+69
2.510850995180829e+68
-1.244301139482364e+69
-6.733350979568029e+68
1.549083992882726e+67
2.056069188401067e+69
1.218627801916709e+68
-1.254619098106118e+69
-6.574391066979752e+68
1.694783734589147e+67
1.266622321674879e+69
-3.124745351420017e+68
-1.271692107809922e+69
-5.961986003792651e+68
2.223828710221375e+67
1.466063135077299e+68
-8.594495797895228e+68
-1.23659588387542e+69
-4.929107652099931e+68
3.072938992387832e+67
-5.914069515424925e+68
-1.153633292688389e+69
-1.146321271357984e+69
-4.020431452978653e+68
3.780631192168616e+67
-5.914069515423657e+68
-1.153633292688205e+69
-1.146321271357784e+69
-4.020431452977475e+68
3.780631192169769e+67
1.46606313507813e+68
-8.59449579789386e+68
-1.236595883875256e+69
-4.929107652098857e+68
3.072938992389157e+67
1.266622321674892e+69
-3.124745351419275e+68
-1.271692107809813e+69
-5.961986003791913e+68
2.223828710222486e+67
2.056069188401047e+69
1.218627801916946e+68
-1.254619098106061e+69
-6.574391066979463e+68
1.694783734589761e+67
2.273995249493879e+69
2.510850995180857e+68
-1.24430113948235e+69
-6.733350979567991e+68
1.549083992882869e+67
3.191648122375182e+69
2.98586961008045e+69
2.148641092696404e+69
8.033320938523589e+68
-1.673330825205671e+68
4.683134272451752e+69
4.607990813332778e+69
3.875315152079873e+69
2.200494068078634e+69
8.033320938523417e+68
-1.97728003729534e+68
1.508331205885175e+69
4.27490431871402e+69
3.875315152079845e+69
2.148641092696369e+69
-1.437491211235015e+70
-8.877045294222067e+69
1.508331205885085e+69
4.607990813332679e+69
2.985869610080439e+69
-2.266923298712281e+70
-1.437491211235015e+70
-1.977280037296791e+68
4.683134272451587e+69
3.191648122375191e+69
1.549083992890841e+67
1.694783734596944e+67
2.223828710228184e+67
3.072938992393106e+67
3.780631192172587e+67
-6.733350979566497e+68
-6.574391066977972e+68
-5.961986003790499e+68
-4.92910765209755e+68
-4.020431452976284e+68
-1.244301139482365e+69
-1.254619098106088e+69
-1.271692107809829e+69
-1.236595883875246e+69
-1.146321271357752e+69
2.51085099518183e+68
1.218627801917651e+68
-3.124745351419118e+68
-8.594495797894149e+68
-1.153633292688237e+69
2.273995249493916e+69
2.056069188401108e+69
1.266622321674957e+69
1.466063135078298e+68
-5.91406951542376e+68
4.162661627456911e+67
4.911723370900907e+67
5.899230221293944e+67
6.587688593589236e+67
6.793051673703434e+67
-3.508095105809834e+68
-2.450471686989028e+68
-9.252184440976056e+67
2.622042711034553e+67
6.587688593590233e+67
-1.071840626159075e+69
-8.728530408829136e+68
-4.82108678564935e+68
-9.252184440979388e+67
5.89923022129413e+67
-1.239732432776817e+69
-1.250661230177999e+69
-8.728530408829537e+68
-2.450471686989858e+68
4.911723370899591e+67
-8.914848921422239e+68
-1.239732432776801e+69
-1.071840626159117e+69
-3.508095105810935e+68
4.162661627454611e+67
