FiniteElementSpace
FiniteElementCollection: L2_2D_P3
VDim: 1
Ordering: 0

-4.551638668140065e+109
-5.140368774866881e+109
-6.60838349373069e+109
-7.630907908642092e+109
-7.537297463155767e+109
-7.453023104850627e+109
-6.969919574867428e+109
-6.106569492803798e+109
-2.236082219320748e+109
-1.998669164211165e+109
-1.285672940934566e+109
-5.162524661667808e+108
1.671501588907226e+109
1.732388665000916e+109
1.894553859479893e+109
2.057685320876872e+109
2.114034280195916e+109
2.120969238830082e+109
2.132164416582618e+109
2.129956165760739e+109
1.411250220320067e+109
1.384782158072747e+109
1.294698308492412e+109
1.177357724739678e+109
-6.59186033696377e+107
-7.281034645962495e+107
-9.258140591243513e+107
-1.114741611024652e+108
-4.15648919285213e+107
-3.989316618337494e+107
-3.518825902369928e+107
-3.114178585586973e+107
2.097050030491019e+109
1.989570790669687e+109
1.70708251022174e+109
1.411105297372939e+109
1.10256065459152e+109
9.335979587569173e+108
6.793266631357837e+108
4.628782900776242e+108
-1.242566091202417e+108
-1.482210050366897e+108
-1.800890097123344e+108
-1.966435112154865e+108
-2.773624719387205e+107
-2.074076018279244e+107
-7.82366228379456e+106
2.671760299142122e+106
-7.822402155267489e+109
-7.261575149899355e+109
-4.750066230380939e+109
-2.118296853135785e+109
-5.443969807978598e+109
-3.800064709949007e+109
-1.308131599838187e+109
4.679037201330999e+108
-4.950793544683829e+107
8.118101578603624e+108
1.741675653724641e+109
2.125752242051285e+109
2.126197522168868e+109
2.222321983561163e+109
2.140729484812341e+109
1.906540936466831e+109
