FiniteElementSpace
FiniteElementCollection: L2_2D_P3
VDim: 1
Ordering: 0

-4.156489192848115e+107
-6.591860336964647e+107
1.411250220319782e+109
2.11403428019564e+109
-3.989316618333565e+107
-7.281034645963034e+107
1.384782158072469e+109
2.120969238829801e+109
-3.518825902366195e+107
-9.258140591243236e+107
1.29469830849215e+109
2.13216441658233e+109
-3.114178585583464e+107
-1.114741611024537e+108
1.177357724739433e+109
2.129956165760447e+109
1.671501588907103e+109
-2.236082219320658e+109
-7.537297463155565e+109
-4.551638668139766e+109
1.732388665000775e+109
-1.998669164211098e+109
-7.453023104850442e+109
-5.140368774866568e+109
1.894553859479717e+109
-1.285672940934545e+109
-6.969919574867279e+109
-6.608383493730402e+109
2.057685320876668e+109
-5.162524661668055e+108
-6.106569492803688e+109
-7.630907908641868e+109
2.12619752216865e+109
-4.950793544688885e+107
-5.443969807978512e+109
-7.822402155267299e+109
2.222321983560923e+109
8.118101578602604e+108
-3.800064709948973e+109
-7.261575149899225e+109
2.140729484812088e+109
1.741675653724478e+109
-1.308131599838232e+109
-4.750066230380893e+109
1.906540936466587e+109
2.125752242051089e+109
4.679037201329991e+108
-2.118296853135814e+109
-2.773624719383829e+107
-1.24256609120225e+108
1.102560654591288e+109
2.097050030490724e+109
-2.074076018276168e+107
-1.482210050366626e+108
9.335979587567129e+108
1.989570790669397e+109
-7.823662283768564e+106
-1.800890097122935e+108
6.793266631356257e+108
1.707082510221473e+109
2.671760299163566e+106
-1.966435112154357e+108
4.628782900775064e+108
1.411105297372707e+109
