FiniteElementSpace
FiniteElementCollection: L2_2D_P1
VDim: 1
Ordering: 0

4.9931408
4.9931566
4.9925014
4.9925154
4.9930706
4.9931178
4.9924391
4.992481
4.9941206
4.9941766
4.9935216
4.9935725
4.994204
4.9942227
4.9935975
4.9936145
4.9952023
4.9952238
4.9946344
4.9946543
4.9961261
4.9961502
4.9956024
4.995625
4.9960189
4.9960909
4.9955016
4.9955693
4.9951065
4.9951708
4.9945457
4.9946053
4.9949374
4.9950439
4.994389
4.9944877
4.9958295
4.9959488
4.9953237
4.9954358
4.9955599
4.9957252
4.9950704
4.9952257
4.9946965
4.9948442
4.9941658
4.9943027
4.9937636
4.9938922
4.9931968
4.9933138
4.9939733
4.9940661
4.9933876
4.993472
4.9929466
4.9930247
4.9923292
4.9923984
4.9927701
4.9928783
4.9921726
4.9922686
4.9925426
4.99268
4.9919708
4.9920927
4.9922665
4.9924317
4.9917259
4.9918724
4.9931654
4.9933617
4.9926525
4.9928311
4.9934934
4.9936566
4.992951
4.9930995
4.9943862
4.9945737
4.9938784
4.994052
4.9952125
4.9954223
4.994744
4.9949412
4.9947907
4.995043
4.9943478
4.9945849
4.9940095
4.9942349
4.9935293
4.9937382
4.9935699
4.9938311
4.9931221
4.9933641
4.9942985
4.994591
4.9938854
4.9941602
4.9937407
4.9940705
4.9933614
4.9936712
4.9930717
4.9933662
4.9926605
4.9929334
4.9923489
4.9926053
4.9919097
4.992143
4.9927827
4.9930101
4.9923043
4.9925113
4.9919443
4.9921357
4.9914401
4.9916099
4.9915791
4.991795
4.9911162
4.9913076
4.9907698
4.990943
4.9902875
4.9904353
4.9899287
4.9900576
4.9894318
4.9895344
4.9901467
4.990261
4.9896055
4.9896966
4.9910628
4.9912164
4.9905375
4.9906686
4.9913213
4.9914539
4.9907582
4.9908713
4.9915429
4.9916532
4.9909472
4.9910413
4.990504
4.990586
4.9898901
4.9899555
4.9903391
4.9904377
4.9897587
4.9898373
4.9893291
4.9893929
4.9887372
4.9887805
4.9894357
4.9894887
4.9888096
4.9888456
4.9883484
4.9883719
4.9877161
4.9877224
4.9883012
4.9883295
4.9877034
4.987711
4.9882462
4.9882789
4.9876887
4.9876974
4.9892048
4.9892787
4.9886528
4.988703
4.9890639
4.9891472
4.9885571
4.9886137
4.9881838
4.9882206
4.9876719
4.9876818
4.9881146
4.9881553
4.9876534
4.9876643
4.9880394
4.9880835
4.9876332
4.987645
4.988738
4.9888376
4.9883357
4.9884034
4.9889078
4.9889997
4.9884511
4.9885135
4.9896871
4.9898293
4.9892393
4.9893526
4.9904451
4.9906362
4.9900105
4.9901736
4.9900919
4.9902991
4.9897092
4.9898859
4.9894243
4.9895785
4.9890299
4.9891528
4.9891428
4.9893075
4.9888057
4.9889368
4.9897136
4.9899349
4.9893864
4.9895752
4.9893138
4.989547
4.9890452
4.9892442
4.9888454
4.9890189
4.9885687
4.9887069
4.9883638
4.988476
4.9880816
4.9881578
4.9885561
4.9886625
4.9882122
4.9882844
4.9879589
4.988006
4.9876116
4.9876242
4.9878738
4.9879234
4.9875888
4.9876021
4.9879397
4.9881492
4.9876068
4.9876632
4.9875645
4.9877824
4.9875059
4.9875645
4.9876632
4.9881492
4.9876068
4.9879397
4.9884652
4.9887155
4.9883212
4.9885348
4.9882141
4.9884003
4.9880657
4.9882141
4.9885348
4.9887155
4.9883212
4.9884652
4.9888963
4.9891393
4.988689
4.9888963
4.9892442
4.989547
4.9890452
4.9893138
4.9895752
4.9899349
4.9893864
4.9897136
4.9889368
4.9893075
4.9888057
4.9891428
4.9887069
4.9890189
4.9885687
4.9888454
4.9881578
4.988476
4.9880816
4.9883638
4.9876021
4.9879234
4.9875888
4.9878738
4.9876242
4.988006
4.9876116
4.9879589
4.9882844
4.9886625
4.9882122
4.9885561
4.9884034
4.9888376
4.9883357
4.988738
4.987645
4.9880835
4.9876332
4.9880394
4.9876643
4.9881553
4.9876534
4.9881146
4.9885135
4.9889997
4.9884511
4.9889078
4.9893526
4.9898293
4.9892393
4.9896871
4.9891528
4.9895785
4.9890299
4.9894243
4.9898859
4.9902991
4.9897092
4.9900919
4.9901736
4.9906362
4.9900105
4.9904451
4.9909686
4.9914127
4.9907573
4.9911745
4.9917299
4.9921512
4.9914724
4.9918682
4.9912758
4.9916521
4.9909968
4.9913454
4.9905959
4.9909926
4.9903669
4.9907343
4.9901933
4.9905386
4.9899487
4.9902628
4.9897645
4.9900552
4.9895067
4.9897645
4.9902628
4.9905386
4.9899487
4.9901933
4.9907852
4.9911129
4.9904872
4.9907852
4.9913454
4.9916521
4.9909968
4.9912758
4.9907343
4.9909926
4.9903669
4.9905959
4.9911745
4.9914127
4.9907573
4.9909686
4.9918682
4.9921512
4.9914724
4.9917299
4.9925197
4.9928447
4.9921491
4.9924502
4.9919192
4.9922715
4.9915927
4.9919192
4.9924502
4.9928447
4.9921491
4.9925197
4.9931226
4.9934865
4.9927808
4.9931226
4.9936712
4.9940705
4.9933614
4.9937407
4.9929334
4.9933662
4.9926605
4.9930717
4.9933641
4.9938311
4.9931221
4.9935699
4.9941602
4.994591
4.9938854
4.9942985
4.9945849
4.995043
4.9943478
4.9947907
4.9949412
4.9954223
4.994744
4.9952125
4.994052
4.9945737
4.9938784
4.9943862
4.9937382
4.9942349
4.9935293
4.9940095
4.9928311
4.9933617
4.9926525
4.9931654
4.9930995
4.9936566
4.992951
4.9934934
4.9920927
4.99268
4.9919708
4.9925426
4.9918724
4.9924317
4.9917259
4.9922665
4.9916099
4.9921357
4.9914401
4.9919443
