MFEM mesh v1.0

#
# MFEM Geometry Types (see mesh/geom.hpp):
#
# POINT       = 0
# SEGMENT     = 1
# TRIANGLE    = 2
# SQUARE      = 3
# TETRAHEDRON = 4
# CUBE        = 5
# PRISM       = 6
#

dimension
2

elements
116
1 3 32 33 34 30
1 3 30 34 28 29
1 3 34 26 27 28
1 3 33 25 26 34
1 3 35 36 25 33
1 3 37 38 36 35
1 3 39 37 35 40
1 3 40 35 33 32
1 3 41 40 32 31
1 3 4 41 31 5
1 3 3 42 41 4
1 3 42 39 40 41
1 3 43 44 39 42
1 3 2 43 42 3
1 3 0 45 43 2
1 3 45 46 44 43
1 3 46 47 48 44
1 3 44 48 37 39
1 3 48 49 38 37
1 3 47 50 49 48
1 3 50 51 52 49
1 3 51 53 54 52
1 3 52 54 55 56
1 3 49 52 56 38
1 3 38 56 57 36
1 3 36 57 24 25
1 3 57 58 23 24
1 3 56 55 58 57
1 3 55 59 60 58
1 3 58 60 21 23
1 3 60 61 22 21
1 3 59 62 61 60
1 3 63 64 62 59
1 3 54 63 59 55
1 3 53 65 63 54
1 3 65 66 64 63
1 3 66 67 68 64
1 3 64 68 69 62
1 3 68 70 71 69
1 3 67 72 70 68
1 3 72 73 74 70
1 3 73 75 76 74
1 3 74 76 77 78
1 3 70 74 78 71
1 3 71 78 79 80
1 3 78 77 81 79
1 3 79 81 82 83
1 3 80 79 83 84
1 3 85 80 84 86
1 3 69 71 80 85
1 3 62 69 85 61
1 3 61 85 86 22
1 3 22 86 87 20
1 3 86 84 88 87
1 3 87 88 89 90
1 3 20 87 90 19
1 3 19 90 91 18
1 3 18 91 16 17
1 3 91 92 15 16
1 3 90 89 92 91
1 3 89 93 94 92
1 3 92 94 14 15
1 3 94 95 13 14
1 3 93 96 95 94
1 3 97 98 96 93
1 3 88 97 93 89
1 3 84 83 97 88
1 3 83 82 98 97
1 3 82 99 100 98
1 3 99 101 102 100
1 3 100 102 103 104
1 3 98 100 104 96
1 3 96 104 105 95
1 3 95 105 12 13
1 3 105 106 11 12
1 3 104 103 106 105
1 3 103 107 108 106
1 3 106 108 10 11
1 3 108 109 9 10
1 3 107 8 109 108
1 3 110 111 8 107
1 3 102 110 107 103
1 3 101 112 110 102
1 3 112 7 111 110
1 3 113 6 7 101
1 3 114 115 101 99
1 3 81 114 99 82
1 3 77 116 114 81
1 3 116 113 115 114
1 3 75 117 113 77
1 3 117 1 6 113
1 3 118 119 1 117
1 3 120 118 117 75
1 3 121 122 118 120
1 3 122 123 119 118
1 3 124 125 123 122
1 3 126 127 125 124
1 3 128 126 124 129
1 3 129 124 122 121
1 3 130 129 121 131
1 3 132 128 129 130
1 3 133 132 130 134
1 3 134 130 131 135
1 3 135 131 136 137
1 3 131 121 120 136
1 3 136 120 75 72
1 3 137 136 72 66
1 3 138 139 66 65
1 3 140 138 65 53
1 3 141 142 138 140
1 3 142 137 139 138
1 3 143 135 137 141
1 3 144 143 141 145
1 3 145 146 147 148
1 3 146 141 140 147
1 3 147 140 53 51

boundary
55
19 1 30 32
19 1 28 29
19 1 29 30
19 1 26 27
19 1 27 28
19 1 25 26
19 1 32 31
19 1 31 5
19 1 5 4
19 1 4 3
19 1 3 2
19 1 0 45
19 1 2 0
19 1 45 46
19 1 46 47
19 1 47 50
19 1 50 51
19 1 24 25
19 1 23 24
19 1 21 23
19 1 22 21
19 1 20 22
19 1 19 20
19 1 18 19
19 1 16 17
19 1 17 18
19 1 15 16
19 1 14 15
19 1 13 14
19 1 12 13
19 1 11 12
19 1 10 11
19 1 9 10
19 1 6 7
19 1 1 6
19 1 119 1
19 1 123 119
19 1 125 123
19 1 126 127
19 1 127 125
19 1 128 126
19 1 132 128
19 1 133 132
19 1 134 133
19 1 135 134
19 1 143 135
19 1 144 143
19 1 145 144
19 1 147 148
19 1 148 145
19 1 51 147
19 1 111 8
19 1 7 111
19 1 109 9
19 1 8 109

vertices
149
2
0.5 0.25
0.75 0.25
0.5 0.265625
0.5 0.28125
0.5 0.296875
0.5 0.3125
0.75 0.28125
0.75 0.3125
0.75 0.34375
0.75 0.375
0.734375 0.375
0.71875 0.375
0.703125 0.375
0.6875 0.375
0.671875 0.375
0.65625 0.375
0.640625 0.375
0.625 0.375
0.625 0.359375
0.625 0.34375
0.625 0.328125
0.609375 0.3125
0.625 0.3125
0.59375 0.3125
0.578125 0.3125
0.5625 0.3125
0.5625 0.328125
0.5625 0.34375
0.546875 0.34375
0.53125 0.34375
0.53125 0.328125
0.515625 0.3125
0.53125 0.3125
0.546875 0.3125
0.546875 0.328125
0.546875 0.296875
0.5625 0.296875
0.546875 0.28125
0.5625 0.28125
0.53125 0.28125
0.53125 0.296875
0.515625 0.296875
0.515625 0.28125
0.515625 0.265625
0.53125 0.265625
0.515625 0.25
0.53125 0.25
0.546875 0.25
0.546875 0.265625
0.5625 0.265625
0.5625 0.25
0.578125 0.25
0.578125 0.265625
0.59375 0.25
0.59375 0.265625
0.59375 0.28125
0.578125 0.28125
0.578125 0.296875
0.59375 0.296875
0.609375 0.28125
0.609375 0.296875
0.625 0.296875
0.625 0.28125
0.609375 0.265625
0.625 0.265625
0.609375 0.25
0.625 0.25
0.640625 0.25
0.640625 0.265625
0.640625 0.28125
0.65625 0.265625
0.65625 0.28125
0.65625 0.25
0.671875 0.25
0.671875 0.265625
0.6875 0.25
0.6875 0.265625
0.6875 0.28125
0.671875 0.28125
0.671875 0.296875
0.65625 0.296875
0.6875 0.296875
0.6875 0.3125
0.671875 0.3125
0.65625 0.3125
0.640625 0.296875
0.640625 0.3125
0.640625 0.328125
0.65625 0.328125
0.65625 0.34375
0.640625 0.34375
0.640625 0.359375
0.65625 0.359375
0.671875 0.34375
0.671875 0.359375
0.6875 0.359375
0.6875 0.34375
0.671875 0.328125
0.6875 0.328125
0.703125 0.3125
0.703125 0.328125
0.71875 0.3125
0.71875 0.328125
0.71875 0.34375
0.703125 0.34375
0.703125 0.359375
0.71875 0.359375
0.734375 0.34375
0.734375 0.359375
0.75 0.359375
0.734375 0.328125
0.75 0.328125
0.734375 0.3125
0.71875 0.28125
0.703125 0.296875
0.71875 0.296875
0.703125 0.28125
0.71875 0.25
0.71875 0.21875
0.75 0.21875
0.6875 0.21875
0.6875 0.1875
0.71875 0.1875
0.75 0.1875
0.71875 0.15625
0.75 0.15625
0.71875 0.125
0.75 0.125
0.6875 0.125
0.6875 0.15625
0.65625 0.15625
0.65625 0.1875
0.65625 0.125
0.625 0.125
0.625 0.15625
0.625 0.1875
0.65625 0.21875
0.625 0.21875
0.609375 0.234375
0.625 0.234375
0.59375 0.234375
0.59375 0.21875
0.609375 0.21875
0.59375 0.1875
0.5625 0.1875
0.5625 0.21875
0.578125 0.21875
0.578125 0.234375
0.5625 0.234375
