FiniteElementSpace
FiniteElementCollection: L2_2D_P3
VDim: 1
Ordering: 0

0.0029927366
0.014314341
0.028052235
0.037266237
0.014314341
0.067241352
0.13115644
0.17389777
0.028052235
0.13115644
0.25532559
0.33815474
0.037266237
0.17389777
0.33815474
0.44749356
0.041565201
0.048237861
0.05389144
0.055673087
0.19381902
0.22471615
0.25087216
0.25910508
0.37668757
0.43631996
0.48666804
0.50248904
0.49821723
0.57655757
0.64263414
0.66338272
0.5544075
0.6411989
0.71472335
0.7379738
0.6411989
0.74226937
0.8297752
0.85799336
0.71472335
0.8297752
0.93200118
0.96564841
0.7379738
0.85799336
0.96564841
1.0013608
0.041565201
0.19381902
0.37668757
0.49821723
0.048237861
0.22471615
0.43631996
0.57655757
0.05389144
0.25087216
0.48666804
0.64263414
0.055673087
0.25910508
0.50248904
0.66338272
0.055673087
0.25910508
0.50248904
0.66338272
0.05389144
0.25087216
0.48666804
0.64263414
0.048237861
0.22471615
0.43631996
0.57655757
0.041565201
0.19381902
0.37668757
0.49821723
0.037266237
0.17389777
0.33815474
0.44749356
0.028052235
0.13115644
0.25532559
0.33815474
0.014314341
0.067241352
0.13115644
0.17389777
0.0029927366
0.014314341
0.028052235
0.037266237
0.49821723
0.57655757
0.64263414
0.66338272
0.37668757
0.43631996
0.48666804
0.50248904
0.19381902
0.22471615
0.25087216
0.25910508
0.041565201
0.048237861
0.05389144
0.055673087
0.7379738
0.85799336
0.96564841
1.0013608
0.71472335
0.8297752
0.93200118
0.96564841
0.6411989
0.74226937
0.8297752
0.85799336
0.5544075
0.6411989
0.71472335
0.7379738
1.0013608
0.96564841
0.85799336
0.7379738
0.96564841
0.93200118
0.8297752
0.71472335
0.85799336
0.8297752
0.74226937
0.6411989
0.7379738
0.71472335
0.6411989
0.5544075
0.66338272
0.64263414
0.57655757
0.49821723
0.50248904
0.48666804
0.43631996
0.37668757
0.25910508
0.25087216
0.22471615
0.19381902
0.055673087
0.05389144
0.048237861
0.041565201
0.44749356
0.33815474
0.17389777
0.037266237
0.33815474
0.25532559
0.13115644
0.028052235
0.17389777
0.13115644
0.067241352
0.014314341
0.037266237
0.028052235
0.014314341
0.0029927366
0.66338272
0.50248904
0.25910508
0.055673087
0.64263414
0.48666804
0.25087216
0.05389144
0.57655757
0.43631996
0.22471615
0.048237861
0.49821723
0.37668757
0.19381902
0.041565201
0.49821723
0.37668757
0.19381902
0.041565201
0.57655757
0.43631996
0.22471615
0.048237861
0.64263414
0.48666804
0.25087216
0.05389144
0.66338272
0.50248904
0.25910508
0.055673087
0.7379738
0.71472335
0.6411989
0.5544075
0.85799336
0.8297752
0.74226937
0.6411989
0.96564841
0.93200118
0.8297752
0.71472335
1.0013608
0.96564841
0.85799336
0.7379738
0.055673087
0.05389144
0.048237861
0.041565201
0.25910508
0.25087216
0.22471615
0.19381902
0.50248904
0.48666804
0.43631996
0.37668757
0.66338272
0.64263414
0.57655757
0.49821723
0.037266237
0.028052235
0.014314341
0.0029927366
0.17389777
0.13115644
0.067241352
0.014314341
0.33815474
0.25532559
0.13115644
0.028052235
0.44749356
0.33815474
0.17389777
0.037266237
