FiniteElementSpace
FiniteElementCollection: L2_2D_P4
VDim: 1
Ordering: 0

-4.267412275958122e+40
1.254697529084491e+41
3.601371484688162e+41
5.719017497532841e+41
6.988243508258099e+41
1.254697529092277e+41
9.239863882386548e+41
1.967052989687372e+42
2.818989261060008e+42
3.280702145232545e+42
3.601371484703191e+41
1.967052989687775e+42
3.761569459640593e+42
4.767777251105385e+42
5.019142224312637e+42
5.719017497553077e+41
2.818989261060424e+42
4.767777251105028e+42
4.837745817682124e+42
3.908631701826791e+42
6.988243508281122e+41
3.280702145232769e+42
5.019142224311982e+42
3.908631701826594e+42
1.730347832424347e+42
7.571591999100234e+41
8.574870636097174e+41
9.683371829899813e+41
1.033313381663087e+42
1.050155683284989e+42
3.479369186670426e+42
3.798996398905001e+42
4.118259100093971e+42
4.28759519620645e+42
4.329584356295509e+42
5.035419184652883e+42
4.895157159673733e+42
4.482042957667113e+42
4.104268198825593e+42
3.985785693693343e+42
3.210660493393944e+42
1.572692155142345e+42
-8.772758143960066e+41
-2.628076102356539e+42
-3.124818439088094e+42
3.214177837660046e+41
-2.712748231727393e+42
-6.889458224047241e+42
-9.688886108726865e+42
-1.045939924871039e+43
-1.467568400660049e+42
-5.199719865022759e+42
-9.992119743445336e+42
-1.28019048323826e+43
-1.344366759935659e+43
-5.19971986502275e+42
-1.019161291496072e+43
-1.57427498161942e+43
-1.779462938115984e+43
-1.785901816822312e+43
-9.992119743445299e+42
-1.574274981619394e+43
-1.563374143417718e+43
-3.604758892490566e+42
3.424566582556159e+42
-1.28019048323824e+43
-1.779462938115889e+43
-3.604758892490354e+42
3.833313599946094e+43
5.991737882430409e+43
-1.344366759935633e+43
-1.785901816822189e+43
3.424566582556266e+42
5.991737882430361e+43
8.700369457443463e+43
7.571591999124235e+41
3.479369186670453e+42
5.035419184652188e+42
3.210660493393855e+42
3.21417783766093e+41
8.574870636122083e+41
3.798996398904675e+42
4.895157159673089e+42
1.57269215514251e+42
-2.712748231727232e+42
9.683371829925103e+41
4.118259100093179e+42
4.482042957666649e+42
-8.772758143955411e+41
-6.889458224047152e+42
1.033313381665665e+42
4.287595196205234e+42
4.104268198825437e+42
-2.628076102355832e+42
-9.68888610872698e+42
1.05015568328762e+42
4.329584356294143e+42
3.985785693693375e+42
-3.124818439087201e+42
-1.045939924871061e+43
1.050155683287645e+42
4.329584356294104e+42
3.985785693693324e+42
-3.124818439087137e+42
-1.045939924871066e+43
1.033313381665776e+42
4.287595196204975e+42
4.104268198825307e+42
-2.628076102355588e+42
-9.68888610872699e+42
9.683371829927622e+41
4.118259100092448e+42
4.482042957666475e+42
-8.772758143951679e+41
-6.889458224046819e+42
8.574870636127299e+41
3.798996398903418e+42
4.895157159672647e+42
1.572692155142905e+42
-2.712748231726713e+42
7.571591999132721e+41
3.479369186668901e+42
5.035419184651384e+42
3.210660493394214e+42
3.214177837665722e+41
6.988243508291867e+41
3.280702145231119e+42
5.019142224310951e+42
3.908631701826892e+42
1.730347832424824e+42
5.719017497569352e+41
2.818989261058972e+42
4.767777251103302e+42
4.837745817681639e+42
3.908631701826862e+42
3.601371484728938e+41
1.967052989687592e+42
3.761569459638291e+42
4.767777251102872e+42
5.019142224310507e+42
1.254697529128947e+41
9.239863882409221e+41
1.967052989687231e+42
2.818989261058129e+42
3.280702145230085e+42
-4.267412275495749e+40
1.254697529131438e+41
3.601371484731163e+41
5.719017497569843e+41
6.988243508291336e+41
3.21417783766462e+41
-2.712748231726906e+42
-6.889458224046816e+42
-9.688886108726543e+42
-1.045939924871004e+43
3.210660493394161e+42
1.572692155142741e+42
-8.772758143955193e+41
-2.628076102355992e+42
-3.12481843908755e+42
5.035419184650966e+42
4.895157159672156e+42
4.482042957665715e+42
4.104268198824189e+42
3.985785693691926e+42
3.479369186667815e+42
3.798996398902165e+42
4.118259100090826e+42
4.287595196202943e+42
4.32958435629177e+42
7.571591999131763e+41
8.57487063612545e+41
9.683371829924554e+41
1.033313381665386e+42
1.050155683287223e+42
-1.344366759935646e+43
-1.785901816822206e+43
3.424566582556197e+42
5.991737882430396e+43
8.700369457443491e+43
-1.280190483238279e+43
-1.779462938115982e+43
-3.604758892491305e+42
3.833313599946067e+43
5.991737882430385e+43
-9.992119743445345e+42
-1.5742749816195e+43
-1.563374143417903e+43
-3.604758892492766e+42
3.424566582553884e+42
-5.199719865022152e+42
-1.019161291496055e+43
-1.574274981619499e+43
-1.779462938116126e+43
-1.785901816822496e+43
-1.467568400659474e+42
-5.199719865022103e+42
-9.992119743444992e+42
-1.28019048323825e+43
-1.344366759935642e+43
8.700369457443581e+43
5.991737882430578e+43
3.424566582554459e+42
-1.785901816822651e+43
-1.344366759935764e+43
5.991737882430451e+43
3.833313599946143e+43
-3.604758892493505e+42
-1.779462938116297e+43
-1.280190483238338e+43
3.424566582553812e+42
-3.604758892493749e+42
-1.563374143418095e+43
-1.574274981619609e+43
-9.992119743445815e+42
-1.785901816822515e+43
-1.779462938116186e+43
-1.574274981619566e+43
-1.019161291496121e+43
-5.199719865022957e+42
-1.344366759935639e+43
-1.28019048323826e+43
-9.992119743445495e+42
-5.199719865022866e+42
-1.467568400660348e+42
-1.045939924871006e+43
-9.688886108726812e+42
-6.88945822404735e+42
-2.712748231727487e+42
3.2141778376551e+41
-3.124818439087651e+42
-2.628076102356329e+42
-8.772758143961202e+41
1.57269215514151e+42
3.210660493392163e+42
3.985785693691815e+42
4.104268198823633e+42
4.482042957664366e+42
4.895157159669924e+42
5.0354191846483e+42
4.329584356291628e+42
4.287595196202352e+42
4.118259100089757e+42
3.798996398900823e+42
3.479369186666528e+42
1.050155683287189e+42
1.033313381665232e+42
9.683371829921349e+41
8.574870636120302e+41
7.571591999124866e+41
1.73034783242337e+42
3.908631701823962e+42
5.019142224306983e+42
3.280702145228394e+42
6.988243508272218e+41
3.908631701824334e+42
4.837745817678216e+42
4.767777251099794e+42
2.818989261056554e+42
5.719017497549624e+41
5.019142224307747e+42
4.76777725110018e+42
3.761569459635886e+42
1.967052989685411e+42
3.601371484709558e+41
3.280702145228907e+42
2.818989261056938e+42
1.967052989685608e+42
9.239863882389129e+41
1.254697529111743e+41
6.988243508283327e+41
5.719017497559642e+41
3.60137148471843e+41
1.254697529117704e+41
-4.267412275627014e+40
-1.045939924871051e+43
-3.124818439089028e+42
3.985785693690285e+42
4.329584356290352e+42
1.050155683285594e+42
-9.688886108727103e+42
-2.628076102357356e+42
4.104268198822199e+42
4.287595196201223e+42
1.033313381663729e+42
-6.889458224047512e+42
-8.772758143968703e+41
4.48204295766315e+42
4.118259100088938e+42
9.683371829907803e+41
-2.712748231727583e+42
1.572692155140954e+42
4.895157159668973e+42
3.798996398900266e+42
8.574870636107984e+41
3.214177837654983e+41
3.210660493391733e+42
5.035419184647466e+42
3.479369186666027e+42
7.571591999113259e+41
3.214177837650887e+41
3.210660493392775e+42
5.035419184649549e+42
3.479369186666614e+42
7.571591999113692e+41
-2.712748231728486e+42
1.572692155141278e+42
4.895157159670663e+42
3.798996398900857e+42
8.574870636107864e+41
-6.889458224048503e+42
-8.77275814397098e+41
4.482042957664298e+42
4.118259100089422e+42
9.683371829907442e+41
-9.688886108727812e+42
-2.628076102357676e+42
4.10426819882271e+42
4.287595196201533e+42
1.03331338166371e+42
-1.045939924871071e+43
-3.124818439089129e+42
3.985785693690375e+42
4.329584356290438e+42
1.050155683285592e+42
-1.344366759935665e+43
-1.280190483238311e+43
-9.992119743446422e+42
-5.199719865023845e+42
-1.467568400661064e+42
-1.785901816822316e+43
-1.779462938116053e+43
-1.574274981619573e+43
-1.019161291496211e+43
-5.199719865023932e+42
3.42456658255613e+42
-3.604758892491591e+42
-1.563374143417985e+43
-1.574274981619637e+43
-9.992119743446647e+42
5.991737882430484e+43
3.83331359994619e+43
-3.604758892492701e+42
-1.77946293811628e+43
-1.28019048323839e+43
8.700369457443558e+43
5.991737882430556e+43
3.424566582554578e+42
-1.785901816822643e+43
-1.344366759935779e+43
1.050155683284984e+42
1.033313381663037e+42
9.683371829898594e+41
8.574870636095738e+41
7.571591999098958e+41
4.329584356295407e+42
4.287595196206091e+42
4.118259100093346e+42
3.798996398903996e+42
3.479369186669128e+42
3.985785693693247e+42
4.104268198825214e+42
4.482042957666464e+42
4.895157159672791e+42
5.035419184651626e+42
-3.124818439088141e+42
-2.628076102356816e+42
-8.772758143965769e+41
1.572692155141637e+42
3.210660493393159e+42
-1.045939924871052e+43
-9.688886108727488e+42
-6.889458224048248e+42
-2.712748231728311e+42
3.214177837651559e+41
6.988243508256827e+41
5.719017497532288e+41
3.60137148468941e+41
1.254697529088244e+41
-4.267412275879715e+40
3.280702145231119e+42
2.818989261058362e+42
1.967052989685711e+42
9.239863882378531e+41
1.254697529098762e+41
5.019142224311169e+42
4.767777251103348e+42
3.761569459637769e+42
1.967052989685586e+42
3.601371484705262e+41
3.908631701825932e+42
4.837745817680799e+42
4.767777251102141e+42
2.818989261057061e+42
5.719017497549084e+41
1.730347832423508e+42
3.908631701825568e+42
5.019142224309269e+42
3.280702145228954e+42
6.988243508272795e+41
