FiniteElementSpace
FiniteElementCollection: L2_2D_P5
VDim: 1
Ordering: 0

0.081177202
0.069809749
0.052076794
0.032024009
0.014252344
0.0028410177
0.08127285
0.069892003
0.052138152
0.03206174
0.014269136
0.0028443653
0.081393142
0.069995449
0.05221532
0.032109193
0.014290255
0.0028485757
0.081486878
0.070076058
0.052275452
0.03214617
0.014306711
0.0028518562
0.081532551
0.070115335
0.052304751
0.032164187
0.01431473
0.0028534541
0.081543381
0.070124649
0.052311699
0.032168459
0.01431663
0.0028538327
0.080029236
0.068822547
0.051340371
0.03157115
0.014050796
0.0028008437
0.080230436
0.06899557
0.051469441
0.03165052
0.01408612
0.0028078849
0.080515525
0.069240736
0.051652327
0.031762985
0.014136172
0.0028178609
0.080795821
0.069481778
0.051832138
0.031873558
0.014185384
0.0028276703
0.081007011
0.069663393
0.051967616
0.03195687
0.014222463
0.0028350614
0.081124211
0.069764179
0.0520428
0.032003104
0.01424304
0.002839163
0.1620894
0.1510337
0.13375765
0.11417864
0.096788847
0.085603954
0.1624969
0.1514134
0.13409392
0.11446569
0.09703218
0.08581917
0.16307431
0.15195142
0.1345704
0.11487242
0.097376971
0.08612412
0.16364201
0.1524804
0.13503886
0.11527231
0.097715962
0.086423941
0.16406974
0.15287895
0.13539183
0.1155736
0.097971375
0.086649842
0.16430711
0.15310013
0.1355877
0.11574081
0.098113115
0.086775205
0.16441443
0.15320013
0.13567627
0.11581641
0.098177202
0.086831888
0.16460815
0.15338064
0.13583612
0.11595286
0.098292877
0.086934198
0.16485178
0.15360765
0.13603716
0.11612448
0.098438354
0.087062868
0.16504162
0.15378454
0.13619382
0.1162582
0.098551714
0.087163131
0.16513412
0.15387073
0.13627015
0.11632335
0.098606945
0.087211984
0.16515605
0.15389117
0.13628825
0.1163388
0.09862004
0.087223568
0.24606794
0.23511501
0.21796928
0.19849385
0.18115723
0.16998732
0.24635786
0.23539203
0.2182261
0.19872772
0.18137067
0.1701876
0.24672247
0.23574042
0.21854908
0.19902185
0.18163911
0.17043949
0.24700659
0.23601189
0.21880075
0.19925104
0.18184829
0.17063577
0.24714502
0.23614416
0.21892338
0.19936271
0.18195021
0.1707314
0.24717785
0.23617552
0.21895245
0.19938919
0.18197437
0.17075408
0.32535082
0.31476459
0.29816214
0.27925892
0.26239206
0.25150526
0.32573415
0.31513545
0.29851343
0.27958794
0.26270121
0.25180158
0.32621625
0.31560186
0.29895524
0.28000174
0.26309001
0.25217426
0.32659191
0.3159653
0.29929951
0.28032418
0.26339297
0.25246465
0.32677495
0.31614238
0.29946724
0.28048128
0.26354059
0.25260614
0.32681835
0.31618437
0.29950701
0.28051853
0.26357559
0.25263969
0.32074998
0.31031347
0.29394582
0.27530993
0.25868158
0.24794873
0.32155635
0.31109361
0.2946848
0.27600206
0.25933191
0.24857207
0.32269894
0.31219901
0.2957319
0.27698277
0.26025338
0.24945531
0.32382232
0.31328583
0.29676139
0.27794698
0.26115936
0.2503237
0.32466873
0.3141047
0.29753705
0.27867347
0.26184197
0.25097799
0.32513844
0.31455913
0.29796751
0.27907663
0.26222078
0.25134109
0.24258829
0.23179023
0.21488695
0.19568691
0.17859543
0.16758348
0.24319815
0.23237296
0.21542718
0.19617887
0.17904443
0.16800479
0.24406231
0.23319865
0.21619266
0.19687596
0.17968064
0.16860177
0.24491192
0.23401045
0.21694526
0.19756132
0.18030614
0.16918871
0.24555207
0.2346221
0.21751232
0.19807771
0.18077743
0.16963094
0.24590731
0.23496154
0.217827
0.19836428
0.18103897
0.16987635
0.23677239
0.22623319
0.20973513
0.19099539
0.17431366
0.16356571
0.23769633
0.22711602
0.21055357
0.19174071
0.17499389
0.16420399
0.2390517
0.22841106
0.21175418
0.19283404
0.17599174
0.16514031
0.24045864
0.22975538
0.21300047
0.19396898
0.17702755
0.16611226
0.24159434
0.23084052
0.21400649
0.19488512
0.17786367
0.16689683
0.24226859
0.23148476
0.21460375
0.19542902
0.17836006
0.16736262
0.31306015
0.30287389
0.28689867
0.2687096
0.25247989
0.24200432
0.3142818
0.30405578
0.28801822
0.26975816
0.25346512
0.24294868
0.31607387
0.30578954
0.28966052
0.27129634
0.2549104
0.244334
0.31793414
0.30758926
0.29136532
0.27289304
0.25641067
0.24577202
0.31943577
0.30904203
0.29274144
0.27418192
0.2576217
0.24693281
0.32032727
0.30990452
0.29355844
0.27494711
0.25834068
0.24762196
0.30235542
0.29251749
0.27708859
0.25952148
0.24384668
0.23372928
0.30398057
0.29408976
0.27857792
0.26091638
0.24515734
0.23498557
0.30640487
0.29643517
0.28079961
0.26299722
0.24711251
0.23685962
0.3089841
0.29893047
0.28316328
0.26521103
0.24919262
0.23885343
0.31112648
0.30100314
0.28512661
0.26704988
0.25092042
0.24050955
0.31243118
0.30226538
0.28632227
0.26816974
0.25197264
0.24151811
0.22867624
0.2184974
0.20256344
0.18446446
0.16835313
0.15797272
0.22990536
0.21967181
0.20365222
0.18545596
0.16925804
0.15882182
0.2317389
0.22142374
0.20527639
0.18693502
0.17060792
0.16008846
0.23368961
0.22328763
0.20700436
0.1885086
0.17204407
0.16143606
0.23530993
0.22483582
0.20843966
0.18981566
0.17323697
0.16255541
0.23629669
0.22577867
0.20931375
0.19061165
0.17396345
0.16323709
0.15279375
0.1423721
0.12608683
0.10763062
0.091238017
0.080694557
0.15361502
0.14313735
0.12676455
0.10820913
0.091728433
0.081128301
0.15484013
0.1442789
0.12777552
0.10907213
0.092460005
0.081775333
0.15614354
0.14549341
0.1288511
0.10999028
0.093238328
0.082463715
0.15722619
0.14650221
0.12974451
0.11075292
0.093884824
0.083035505
0.15788551
0.14711656
0.13028859
0.11121736
0.094278537
0.083383722
0.15820336
0.14741273
0.13055088
0.11144126
0.094468338
0.083551591
0.15882072
0.14798798
0.13106032
0.11187613
0.094836987
0.08387764
0.15972634
0.14883183
0.13180765
0.11251407
0.095377772
0.084355934
0.16066642
0.14970778
0.1325834
0.11317627
0.095939131
0.084852427
0.16142527
0.15041487
0.13320961
0.11371081
0.096392268
0.085253201
0.16187579
0.15083465
0.13358138
0.11402817
0.096661289
0.085491135
0.078110533
0.067172553
0.050109524
0.030814248
0.013713938
0.0027336934
0.078415348
0.067434679
0.050305063
0.030934493
0.013767453
0.0027443613
0.078862492
0.067819201
0.050591906
0.031110886
0.013845957
0.00276001
0.07932665
0.068218355
0.050889663
0.031293989
0.013927447
0.0027762544
0.079701325
0.068540557
0.051130016
0.031441793
0.013993227
0.0027893676
0.079923765
0.068731846
0.051272711
0.031529543
0.014032279
0.0027971523
0.075439582
0.064875665
0.048396102
0.029760586
0.013245006
0.0026402176
0.075845074
0.065224368
0.048656227
0.029920549
0.013316198
0.0026544087
0.076449962
0.065744543
0.049044266
0.030159172
0.013422397
0.0026755779
0.07709351
0.066297962
0.049457103
0.030413044
0.013535383
0.0026980999
0.077628059
0.066757648
0.049800016
0.030623918
0.013629232
0.0027168082
0.077953598
0.067037595
0.050008849
0.030752339
0.013686385
0.002728201
0.072042132
0.061954013
0.046216602
0.028420315
0.012648518
0.0025213181
0.072544391
0.062385934
0.046538809
0.028618454
0.012736701
0.0025388955
0.073301193
0.06303675
0.047024307
0.028917008
0.012869573
0.0025653809
0.074117926
0.063739103
0.04754825
0.029239204
0.013012966
0.0025939639
0.074807197
0.064331843
0.047990422
0.029511116
0.01313398
0.002618086
0.075232695
0.064697751
0.048263382
0.029678971
0.013208684
0.0026329771
0.14591267
0.13596036
0.12040852
0.1027834
0.087128975
0.077060393
0.14692993
0.13690824
0.12124797
0.10349999
0.087736437
0.077597648
0.14846274
0.13833649
0.12251285
0.10457975
0.088651754
0.07840718
0.15011692
0.13987785
0.1238779
0.105745
0.08963955
0.079280818
0.15151295
0.14117866
0.1250299
0.10672839
0.090473185
0.080018112
0.15237473
0.14198166
0.12574106
0.10733545
0.0909878
0.080473256
0.13762634
0.12823925
0.1135706
0.096946239
0.0821808
0.072684149
0.13882982
0.12936063
0.11456372
0.097794013
0.082899451
0.073319732
0.14065556
0.13106184
0.11607033
0.099080134
0.083989693
0.074283955
0.1426446
0.1329152
0.11771169
0.10048128
0.085177446
0.075334422
0.14434056
0.13449548
0.1191112
0.10167596
0.08619019
0.076230111
0.14539651
0.1354794
0.11998258
0.10241981
0.086820751
0.076787793
0.067950926
0.058435735
0.043592013
0.02680634
0.011930221
0.0023781363
0.068545114
0.058946716
0.043973199
0.027040747
0.012034543
0.0023989317
0.069446536
0.059721905
0.044551481
0.027396358
0.012192808
0.002430479
0.070428582
0.060566426
0.045181483
0.027783775
0.012365227
0.0024648484
0.071265931
0.061286512
0.045718657
0.028114106
0.01251224
0.0024941532
0.071787287
0.061734857
0.046053116
0.02831978
0.012603775
0.0025123993
0.063205378
0.054354707
0.040547602
0.0249342
0.011097033
0.0022120464
0.063885771
0.054939828
0.040984096
0.025202619
0.011216492
0.0022358599
0.064923129
0.055831927
0.041649595
0.025611864
0.011398624
0.0022721669
0.066061028
0.056810487
0.042379592
0.02606077
0.011598408
0.0023119928
0.067038387
0.057650983
0.043006596
0.026446342
0.011770004
0.0023461987
0.06765058
0.058177448
0.043399333
0.026687853
0.011877488
0.0023676244
0.05785118
0.049750213
0.03711268
0.022821954
0.010156947
0.0020246532
0.058611229
0.050403841
0.037600281
0.023121795
0.010290396
0.0020512542
0.059774539
0.051404265
0.03834659
0.023580723
0.01049465
0.002091969
0.061057335
0.052507443
0.039169553
0.02408679
0.010719883
0.0021368663
0.062165292
0.05346026
0.039880349
0.024523882
0.010914418
0.0021756438
0.062862423
0.054059774
0.040327584
0.024798902
0.011036819
0.0022000429
0.11717027
0.10917836
0.096689397
0.082535897
0.069965733
0.061880882
0.11870966
0.1106128
0.097959827
0.083620321
0.070884945
0.062693871
0.12106582
0.11280831
0.099904301
0.085280126
0.072291872
0.063938209
0.12366398
0.1152293
0.10204848
0.087110428
0.073843321
0.065310356
0.12590803
0.11732031
0.1039004
0.088691276
0.075183324
0.066495486
0.12732
0.11863597
0.10506562
0.089685954
0.076026464
0.067241175
0.12801463
0.11928321
0.10563885
0.090175286
0.07644125
0.067608019
0.12939271
0.12056729
0.10677608
0.091146078
0.077264152
0.068335807
0.13149379
0.12252504
0.10850995
0.092626191
0.078518792
0.069445426
0.13379851
0.12467254
0.11041184
0.09424975
0.079895036
0.070662593
0.13577808
0.12651706
0.1120454
0.095644242
0.081077116
0.071708038
0.13701802
0.12767242
0.11306861
0.096517711
0.081817541
0.072362879
0.19159095
0.18306274
0.16971274
0.15454907
0.14105069
0.1323537
0.19365345
0.18503344
0.17153973
0.15621279
0.14256911
0.1337785
0.19679802
0.18803807
0.17432524
0.15874937
0.14488416
0.13595082
0.20024735
0.19133388
0.17738071
0.16153181
0.14742358
0.13833367
0.20321002
0.1941647
0.1800051
0.16392168
0.14960471
0.14038033
0.20506576
0.19593784
0.18164895
0.16541864
0.15097091
0.1416623
0.17536035
0.16755465
0.15533583
0.14145667
0.12910175
0.12114168
0.17766435
0.16975606
0.15737667
0.1433152
0.13079793
0.12273325
0.18119081
0.1731255
0.16050034
0.14615981
0.13339408
0.12516927
0.18507946
0.17684105
0.16394486
0.14929658
0.1362569
0.12785552
0.18843809
0.18005019
0.16691992
0.15200581
0.13872953
0.13017567
0.19055134
0.18206939
0.16879184
0.15371046
0.14028532
0.13163552
0.23186234
0.22431804
0.21248608
0.19901449
0.1869941
0.17923538
0.2349086
0.22726522
0.21527784
0.20162922
0.18945093
0.18159031
0.2395711
0.23177607
0.21955082
0.20563127
0.19321126
0.18519467
0.24471252
0.23675021
0.22426268
0.2100444
0.19735781
0.18916922
0.24915322
0.24104639
0.2283323
0.21385604
0.20093921
0.19260203
0.25194732
0.24374957
0.2308929
0.21625433
0.20319264
0.19476196
0.25332189
0.2450794
0.2321526
0.21743418
0.20430122
0.19582454
0.25604891
0.24771768
0.23465171
0.21977488
0.20650055
0.19793261
0.26020663
0.25174012
0.23846197
0.22334361
0.20985374
0.20114666
0.26476728
0.2561524
0.24264152
0.22725819
0.21353191
0.20467222
0.26868446
0.25994215
0.24623139
0.23062047
0.21669114
0.20770037
0.27113807
0.26231594
0.24847998
0.23272651
0.21866999
0.20959712
0.27234183
0.26348054
0.24958316
0.23375975
0.21964083
0.21052768
0.27472326
0.26578451
0.25176562
0.23580384
0.22156147
0.21236864
0.27833606
0.26927976
0.25507654
0.23890486
0.22447521
0.21516149
0.28227198
0.27308762
0.25868357
0.24228323
0.22764954
0.21820413
0.28562798
0.2763344
0.26175912
0.2451638
0.23035614
0.22079844
0.28771751
0.27835594
0.26367404
0.24695733
0.23204134
0.22241373
0.2059762
0.19680775
0.18245543
0.16615305
0.15164118
0.14229124
0.20777736
0.19852874
0.18405092
0.16760598
0.1529672
0.1435355
0.21050983
0.20113959
0.18647139
0.16981017
0.15497885
0.14542313
0.21348669
0.20398394
0.18910833
0.17221151
0.15717043
0.14747958
0.21602492
0.20640919
0.19135673
0.17425901
0.15903909
0.14923301
0.21760529
0.20791921
0.19275664
0.17553385
0.16020257
0.15032475
0.21837779
0.20865733
0.19344093
0.176157
0.16077129
0.1508584
0.21990026
0.21011203
0.19478956
0.17738513
0.16189215
0.15191015
0.22219431
0.21230397
0.19682166
0.17923567
0.16358105
0.15349491
0.22467002
0.21466949
0.19901467
0.18123275
0.16540369
0.15520516
0.22675935
0.21666582
0.20086543
0.18291816
0.16694189
0.1566485
0.22804912
0.21789819
0.20200793
0.18395858
0.16789144
0.15753949
0.2887389
0.27934409
0.26461006
0.24783402
0.23286508
0.2232033
0.29075189
0.28129157
0.26645483
0.24956184
0.23448855
0.22475941
0.29378506
0.28422603
0.2692345
0.2521653
0.23693477
0.22710414
0.29705841
0.28739286
0.27223429
0.25497492
0.2395747
0.22963454
0.29982091
0.29006546
0.27476591
0.25734605
0.24180263
0.23177004
0.30152625
0.2917153
0.27632872
0.25880978
0.24317796
0.23308831
0.35631982
0.34734078
0.33323045
0.31712337
0.30271521
0.29339763
0.35880401
0.34976237
0.33555365
0.31933428
0.30482565
0.29544311
0.36254716
0.35341119
0.33905425
0.32266565
0.30800566
0.29852522
0.36658674
0.35734896
0.34283204
0.32626082
0.31143747
0.30185139
0.36999589
0.36067218
0.34602024
0.32929492
0.3143337
0.30465847
0.37210041
0.36272366
0.34798838
0.33116791
0.31612159
0.30639132
0.42047018
0.41199354
0.39864289
0.38335978
0.3696509
0.36076704
0.42340157
0.41486588
0.40142217
0.38603252
0.37222805
0.36328224
0.42781852
0.41919387
0.40560997
0.39005978
0.37611128
0.36707213
0.43258518
0.42386453
0.41012936
0.39440594
0.38030202
0.37116214
0.43660787
0.42780622
0.41394342
0.39807381
0.38383873
0.37461384
0.43909112
0.43023947
0.41629789
0.40033804
0.38602199
0.37674463
0.39659159
0.38859624
0.37600373
0.36158866
0.34865844
0.34027915
0.40005964
0.39199438
0.37929175
0.3647506
0.35170729
0.34325473
0.4053209
0.39714957
0.38427989
0.36954747
0.3563326
0.34776887
0.41105269
0.40276584
0.38971416
0.37477338
0.36137159
0.35268675
0.4159399
0.40755455
0.39434771
0.37922928
0.36566812
0.35688
0.41898279
0.41053613
0.39723268
0.38200365
0.36834326
0.35949084
0.33608449
0.32761539
0.31430643
0.29911414
0.2855243
0.27673594
0.33902339
0.33048022
0.31705488
0.30172973
0.28802103
0.27915581
0.34348188
0.33482636
0.32122444
0.30569774
0.29180873
0.28282691
0.34833914
0.33956121
0.32576693
0.31002065
0.29593521
0.28682635
0.3524807
0.34359841
0.32964011
0.3137066
0.29945368
0.2902365
0.35505935
0.34611208
0.33205166
0.31600157
0.30164438
0.29235976
0.31261257
0.30473498
0.29235556
0.27822448
0.26558387
0.25740921
0.31597786
0.30801547
0.29550277
0.28121952
0.26844284
0.26018022
0.32110873
0.31301705
0.30030116
0.28578591
0.27280175
0.264405
0.32673688
0.31850336
0.3055646
0.29079489
0.2775831
0.26903921
0.331571
0.32321564
0.31008543
0.29509719
0.28168988
0.27301957
0.33459895
0.32616729
0.31291716
0.29779203
0.28426227
0.27551277
0.28613013
0.27892009
0.26758958
0.25465541
0.24308545
0.23560336
0.28988937
0.28258455
0.27110521
0.25800118
0.24627917
0.23869875
0.29564322
0.28819331
0.27648611
0.26312209
0.25116743
0.24343649
0.3019881
0.29437824
0.28241969
0.26876894
0.25655779
0.2486609
0.3074682
0.29972023
0.28754458
0.2736461
0.26121344
0.25317327
0.31091628
0.30308143
0.2907692
0.27671482
0.26414278
0.25601246
0.33764297
0.33083613
0.32011555
0.30784327
0.296835
0.28970123
0.34207908
0.33518282
0.32432135
0.31188784
0.30073495
0.29350743
0.34886887
0.34183574
0.33075867
0.31807833
0.3067041
0.29933312
0.35635604
0.34917198
0.3378572
0.32490469
0.31328634
0.30575719
0.36282277
0.35550832
0.34398823
0.33080066
0.31897144
0.31130567
0.36689168
0.35949518
0.34784588
0.33451043
0.32254854
0.31479679
0.36889339
0.36145652
0.34974366
0.33633546
0.32430829
0.31651424
0.37286462
0.36534766
0.35350869
0.33995615
0.3277995
0.31992153
0.37891936
0.3712803
0.35924903
0.34547641
0.33312237
0.32511646
0.38556091
0.37778794
0.36554573
0.35153168
0.33896112
0.33081487
0.39126542
0.38337745
0.37095408
0.35673264
0.34397609
0.33570933
0.39483857
0.38687856
0.37434173
0.35999039
0.34711733
0.33877507
0.42162252
0.41469805
0.40376442
0.39120822
0.37991043
0.37257195
0.42616127
0.41916235
0.40811107
0.3954197
0.38400027
0.37658279
0.43308114
0.42596871
0.41473814
0.40184071
0.39023583
0.3826979
0.4406715
0.43343458
0.42200739
0.40888403
0.39707574
0.38940567
0.44719081
0.43984697
0.42825093
0.41493358
0.40295063
0.39516707
0.45127427
0.44386344
0.43216166
0.41872283
0.4066305
0.39877586
0.38590468
0.37956675
0.36955938
0.35806704
0.34772654
0.34100985
0.39097496
0.38455376
0.3744149
0.36277151
0.35229512
0.3454902
0.39873543
0.39218676
0.38184664
0.36997209
0.35928768
0.35234768
0.40729301
0.40060378
0.39004173
0.37791231
0.36699852
0.35990952
0.4146842
0.40787361
0.39711987
0.38477032
0.37365846
0.36644076
0.41933471
0.41244779
0.40157347
0.38908541
0.37784892
0.37055026
0.43045026
0.42464259
0.41544511
0.40484337
0.39526994
0.3890349
0.43610549
0.43022163
0.42090347
0.4101625
0.40046329
0.39414632
0.444761
0.43876054
0.42925771
0.41830377
0.40841211
0.40196974
0.45430531
0.44817623
0.43846975
0.42728107
0.41717731
0.41059673
0.46254866
0.45630843
0.44642602
0.43503458
0.42474772
0.41804784
0.46773538
0.46142519
0.45143203
0.43991302
0.42951096
0.42273603
0.47028699
0.46394238
0.45389473
0.44231295
0.43185421
0.42504237
0.47534911
0.46893625
0.45878048
0.44707413
0.43650297
0.4296179
0.48306682
0.47655002
0.46622948
0.45433314
0.44359053
0.43659382
0.49153227
0.48490144
0.4744003
0.46229561
0.45136484
0.44424566
0.49880333
0.49207443
0.48141814
0.46913461
0.45804222
0.45081778
0.50335777
0.49656738
0.48581384
0.47341831
0.46222472
0.45493434
0.50559221
0.49877166
0.48797039
0.47551991
0.46427668
0.45695395
0.51001269
0.50313249
0.49223676
0.47967752
0.46833612
0.4609494
0.51671881
0.50974815
0.49870912
0.48598479
0.47449446
0.46701072
0.52402469
0.51695548
0.50576036
0.49285612
0.48120345
0.47361404
0.53025414
0.52310083
0.51177262
0.49871497
0.48692382
0.47924429
0.53413282
0.52692711
0.51551601
0.50236285
0.49048545
0.48274979
0.45327764
0.44583394
0.43408027
0.42058184
0.40843586
0.40054635
0.45724096
0.44973222
0.43787591
0.42425959
0.41200748
0.404049
0.46325354
0.45564612
0.44363404
0.42983889
0.4174258
0.40936271
0.46980379
0.46208888
0.44990708
0.43591709
0.42332867
0.41515164
0.47538881
0.46758227
0.45525575
0.44109961
0.42836171
0.42008755
0.47886614
0.47100257
0.45858595
0.44432634
0.43149538
0.42316075
0.48056588
0.47267443
0.46021378
0.44590359
0.43302713
0.42466296
0.48391579
0.47596939
0.46342196
0.44901209
0.43604596
0.42762355
0.48896336
0.48093415
0.46825597
0.45369591
0.44059466
0.4320845
0.4944106
0.486292
0.47347272
0.45875058
0.44550349
0.43689862
0.4990077
0.49081363
0.47787525
0.46301636
0.44964619
0.44096138
0.50184556
0.4936049
0.48059299
0.46564966
0.45220352
0.44346936
0.53602877
0.52879745
0.51734582
0.50414597
0.49222641
0.4844633
0.53976544
0.53248361
0.52095208
0.50766021
0.49565756
0.48784035
0.5453959
0.53803797
0.52638599
0.51295542
0.50082759
0.49292884
0.55147234
0.54403227
0.53225026
0.51866995
0.506407
0.49842026
0.55660057
0.54909116
0.53719939
0.52349266
0.51111565
0.50305464
0.55976635
0.55221414
0.5402546
0.52646981
0.51402237
0.50591552
0.56130563
0.55373262
0.54174012
0.52791737
0.51543569
0.50730654
0.56432259
0.55670881
0.54465172
0.53075455
0.51820573
0.51003289
0.56882314
0.56114855
0.54899511
0.53498693
0.52233794
0.5140999
0.57361133
0.56587208
0.55361617
0.53948984
0.52673424
0.51842682
0.57758855
0.5697956
0.55745459
0.54323013
0.53038597
0.5220209
0.58001066
0.57218502
0.5597922
0.54550797
0.53260986
0.52420969
0.58117832
0.57333691
0.56091912
0.54660608
0.53368196
0.52526486
0.58344626
0.57557423
0.56310793
0.54873895
0.5357643
0.52731432
0.58677318
0.57885624
0.5663188
0.55186776
0.53881899
0.53032076
0.59022671
0.58226314
0.56965185
0.55511564
0.54198993
0.53344161
0.59301446
0.58501324
0.57234235
0.5577374
0.54454959
0.53596082
0.59466951
0.58664595
0.57393967
0.55929392
0.54606923
0.53745645
0.52103919
0.51248329
0.49897384
0.48345943
0.46949948
0.46043153
0.52307215
0.51448284
0.50092067
0.48534576
0.47133138
0.46222809
0.52605438
0.51741607
0.50377656
0.48811287
0.47401866
0.46486352
0.52915009
0.52046091
0.5067411
0.49098525
0.47680817
0.4675992
0.531649
0.52291875
0.50913412
0.49330387
0.47905989
0.46980747
0.53313259
0.52437795
0.51055483
0.49468041
0.4803967
0.47111849
0.50322539
0.49496207
0.48191441
0.46693003
0.45344695
0.44468879
0.50592981
0.49762208
0.48450433
0.4694395
0.45588401
0.44707882
0.50996409
0.50159011
0.48836779
0.47318294
0.45951945
0.4506441
0.51425619
0.50581172
0.49247814
0.47716558
0.4633872
0.45443721
0.51782134
0.50931831
0.4958923
0.48047365
0.46659984
0.45758785
0.51999251
0.5114538
0.4979715
0.48248824
0.4685563
0.45950656
0.44029853
0.43142256
0.41744268
0.40143896
0.38708354
0.37778067
0.44266499
0.43374137
0.41968642
0.40359672
0.38916415
0.37981127
0.4461951
0.4372004
0.42303348
0.40681552
0.39226786
0.38284039
0.44995079
0.44088046
0.42659441
0.41024003
0.39556993
0.3860631
0.45307035
0.44393719
0.4295522
0.41308451
0.39831272
0.38873997
0.45497013
0.44579872
0.43135347
0.41481678
0.39998306
0.39037017
0.37312367
0.36372113
0.34894533
0.33207861
0.3169909
0.30723388
0.37512924
0.36567615
0.35082091
0.33386353
0.31869472
0.30888525
0.37812102
0.36859253
0.3536188
0.33652617
0.32123638
0.31134866
0.381304
0.3716953
0.3565955
0.33935898
0.32394048
0.31396951
0.38394788
0.37427254
0.35906804
0.34171199
0.32618657
0.31614647
0.38555798
0.37584207
0.3605738
0.34314496
0.32755443
0.31747222
0.38633418
0.37659871
0.3612997
0.34383577
0.32821385
0.31811134
0.38784179
0.37806833
0.3627096
0.34517752
0.32949464
0.3193527
0.39005335
0.38022416
0.36477785
0.34714578
0.33137347
0.3211737
0.39234906
0.38246202
0.36692479
0.34918894
0.33332379
0.32306398
0.39420219
0.38426845
0.36865783
0.3508382
0.33489811
0.32458984
0.39530237
0.3853409
0.36968671
0.35181734
0.33583277
0.32549573
0.45588598
0.44669612
0.43222182
0.41565187
0.4007883
0.39115606
0.45766482
0.44843913
0.43390841
0.41727386
0.40235231
0.39268248
0.46027425
0.450996
0.43638252
0.4196532
0.4046466
0.39492165
0.46298295
0.45365014
0.43895074
0.42212306
0.40702819
0.39724601
0.46516943
0.45579259
0.44102384
0.42411676
0.40895063
0.39912226
0.46646752
0.45706453
0.4422546
0.42530039
0.41009197
0.40023617
0.46708302
0.45766763
0.44283818
0.42586161
0.41063313
0.40076434
0.46825715
0.45881812
0.44395142
0.42693221
0.41166548
0.40177188
0.46992083
0.46044829
0.44552882
0.4284492
0.41312826
0.40319952
0.47155653
0.46205105
0.44707968
0.42994067
0.41456643
0.40460314
0.47278894
0.46325864
0.44824818
0.43106441
0.41565003
0.4056607
0.47347286
0.46392879
0.44889664
0.43168803
0.41625136
0.40624759
0.39582402
0.38584941
0.37017456
0.35228161
0.33627594
0.32592526
0.39681915
0.38681946
0.3711052
0.35316726
0.33712135
0.32674464
0.39822919
0.38819398
0.37242388
0.35442219
0.33831925
0.32790567
0.39961551
0.38954537
0.37372037
0.35565601
0.33949701
0.32904717
0.40066004
0.39056358
0.37469722
0.35658563
0.34038439
0.32990724
0.4012397
0.39112863
0.37523931
0.35710152
0.34087684
0.33038453
0.40150179
0.39138412
0.37548442
0.35733478
0.3410995
0.33060034
0.40197485
0.39184526
0.37592683
0.3577558
0.34150139
0.33098986
0.40256979
0.39242521
0.37648322
0.3582853
0.34200683
0.33147974
0.40303338
0.39287713
0.37691678
0.3586979
0.34240068
0.33186146
0.40325926
0.39309732
0.37712802
0.35889893
0.34259257
0.33204745
0.40331282
0.39314952
0.37717811
0.35894659
0.34263807
0.33209155
0.4737821
0.46423179
0.44918983
0.43197
0.41652325
0.40651295
0.47434025
0.46477871
0.44971904
0.43247893
0.417014
0.40699191
0.47504221
0.46546653
0.45038459
0.43311899
0.41763119
0.40759428
0.47558919
0.4660025
0.45090321
0.43361775
0.41811212
0.40806366
0.4758557
0.46626364
0.4511559
0.43386075
0.41834645
0.40829235
0.47591889
0.46632556
0.45121581
0.43391837
0.418402
0.40834657
0.54149261
0.5326005
0.51856045
0.50243707
0.48792949
0.47850592
0.54213056
0.53322795
0.51917135
0.50302896
0.48850429
0.47906963
0.54293286
0.53401706
0.51993963
0.50377334
0.48922719
0.47977858
0.54355805
0.53463196
0.5205383
0.50435339
0.48979049
0.48033101
0.54386266
0.53493156
0.52082999
0.50463601
0.49006495
0.48060018
0.54393488
0.53500259
0.52089915
0.50470302
0.49013002
0.480664
0.53383604
0.52506984
0.51122847
0.4953331
0.48103056
0.47174011
0.53517797
0.5263897
0.51251352
0.49657819
0.48223971
0.47292594
0.53707943
0.52825989
0.51433437
0.49834242
0.48395303
0.4746062
0.53894891
0.53009864
0.5161246
0.50007698
0.48563752
0.47625818
0.54035749
0.53148405
0.51747346
0.50138388
0.4869067
0.47750287
0.54113918
0.53225288
0.518222
0.50210914
0.48761103
0.47819361
0.59545427
0.58742011
0.57469705
0.56003195
0.54678979
0.53816562
0.59695129
0.58889692
0.57614185
0.56143985
0.54816434
0.53951845
0.59907249
0.5909895
0.57818907
0.56343477
0.55011202
0.54143535
0.60115802
0.59304688
0.58020186
0.56539615
0.55202696
0.54332003
0.60272937
0.59459702
0.58171841
0.56687397
0.55346978
0.54474005
0.60360138
0.59545726
0.58256001
0.56769407
0.55427047
0.54552809
0.60399566
0.59584622
0.58294054
0.56806488
0.5546325
0.5458844
0.60470731
0.59654827
0.58362738
0.56873418
0.55528595
0.54652753
0.60560232
0.5974312
0.58449118
0.56957592
0.55610776
0.54733635
0.60629974
0.5981192
0.58516428
0.57023183
0.55674813
0.54796662
0.60663954
0.59845442
0.58549224
0.57055141
0.55706015
0.5482737
0.60672011
0.5985339
0.58557
0.57062718
0.55713413
0.54834651
