FiniteElementSpace
FiniteElementCollection: L2_2D_P3
VDim: 1
Ordering: 0

0.73788511
0.72921201
0.7177169
0.70877103
0.73825616
0.7295787
0.71807781
0.70912744
0.73855867
0.72987766
0.71837206
0.70941802
0.7386513
0.7299692
0.71846215
0.70950699
0.73534133
0.72669814
0.71524266
0.70632763
0.73617516
0.72752217
0.7160537
0.70712856
0.73708198
0.72841833
0.71693573
0.70799959
0.73763806
0.72896787
0.71747661
0.70853373
0.76738192
0.75920788
0.74835652
0.7398983
0.76825209
0.76006879
0.74920512
0.7407373
0.76919843
0.76100504
0.75012799
0.74164974
0.76977874
0.76157917
0.75069391
0.74220926
0.77003656
0.76183424
0.75094533
0.74245785
0.77042378
0.76221734
0.75132295
0.74283119
0.77073948
0.76252967
0.75163082
0.74313559
0.77083614
0.7626253
0.75172509
0.74322879
0.80033324
0.79262144
0.78236495
0.77435627
0.8007357
0.79302002
0.78275837
0.77474566
0.80106382
0.79334498
0.78307913
0.77506313
0.80116429
0.79344448
0.78317734
0.77516033
0.82870219
0.82149952
0.81190013
0.80438952
0.82911892
0.82191262
0.81230841
0.80479402
0.82945868
0.82224943
0.81264128
0.80512381
0.82956271
0.82235255
0.8127432
0.80522479
0.82584526
0.81866741
0.80910113
0.80161642
0.82678174
0.81959575
0.81001862
0.80252542
0.82780019
0.82060536
0.81101642
0.80351399
0.82842473
0.82122446
0.8116283
0.8041202
0.79757413
0.78988892
0.7796678
0.77168673
0.79847854
0.79078462
0.78055191
0.77256179
0.79946212
0.79175872
0.7815134
0.77351343
0.80006528
0.79235606
0.782103
0.774097
0.7928936
0.78525351
0.77509239
0.76715818
0.7942978
0.78664417
0.77646505
0.76851678
0.79593446
0.78826506
0.77806496
0.77010031
0.79703885
0.7893588
0.77914454
0.77116883
0.82099878
0.81386306
0.80435293
0.79691216
0.82245277
0.8153044
0.80577743
0.79832348
0.82414746
0.81698437
0.80743776
0.79996844
0.825291
0.81811797
0.80855811
0.80107842
0.81417445
0.80709805
0.797667
0.79028811
0.81614242
0.80904891
0.79959506
0.79219833
0.81850928
0.81139519
0.80191392
0.79449572
0.82016906
0.81304055
0.80354004
0.7961068
0.78630296
0.7787264
0.76864976
0.7607815
0.78820354
0.78060866
0.77050766
0.76262038
0.79048935
0.78287243
0.77274213
0.76483198
0.7920923
0.78445993
0.77430908
0.76638289
0.75653754
0.74847903
0.73778106
0.72944239
0.75836616
0.75028817
0.73956433
0.7312055
0.76056541
0.75246399
0.74170905
0.73332597
0.76210767
0.75398982
0.74321306
0.73481298
0.76287863
0.75475257
0.7439649
0.73555633
0.76422965
0.7560892
0.74528243
0.73685896
0.76580435
0.75764712
0.74681807
0.73837724
0.76686691
0.75869836
0.74785428
0.73940174
0.7310261
0.72243364
0.71104539
0.70218267
0.73232071
0.72371302
0.7123046
0.70342619
0.73382964
0.72520422
0.71377229
0.70487558
0.73484783
0.72621044
0.71476265
0.7058536
0.72494982
0.71642878
0.70513519
0.69634614
0.72670207
0.71816044
0.70683955
0.69802925
0.72880949
0.72024308
0.70888936
0.70005351
0.73028734
0.72170355
0.71032681
0.70147305
0.71712712
0.70869803
0.6975263
0.68883208
0.7193328
0.71087779
0.6996717
0.69095074
0.72203362
0.71354686
0.7022987
0.69354499
0.72396756
0.71545807
0.70417978
0.69540264
0.74837393
0.7404024
0.72981988
0.7215712
0.75067573
0.74267968
0.73206461
0.72379056
0.75349425
0.74546817
0.73481324
0.72650811
0.75551248
0.74746489
0.73678142
0.72845404
0.73840748
0.73054214
0.72010057
0.71196174
0.74117693
0.73328208
0.72280135
0.71463199
0.74460791
0.7366765
0.72614725
0.71794008
0.74709724
0.73913932
0.72857486
0.72034025
0.70757684
0.69926
0.68823704
0.6796586
0.71023065
0.70188262
0.69081832
0.6822077
0.71351836
0.70513169
0.69401617
0.6853657
0.71590374
0.70748903
0.69633637
0.68765697
0.69632199
0.68813743
0.67728979
0.66884779
0.69941753
0.69119659
0.68030072
0.67182119
0.70328422
0.69501783
0.68406174
0.67553533
0.7061153
0.69781564
0.68681544
0.67825471
0.68338966
0.6753571
0.66471092
0.65642571
0.68691947
0.67884542
0.66814425
0.65981624
0.69135583
0.68322964
0.67245936
0.66407757
0.69462579
0.68646117
0.67563995
0.66721851
0.71316642
0.70556995
0.69548531
0.68762469
0.71685002
0.70921432
0.69907759
0.69117637
0.72147968
0.71379466
0.70359247
0.69564022
0.72489211
0.71717074
0.7069203
0.69893044
0.72666222
0.71892199
0.70864652
0.70063715
0.72989263
0.72211799
0.71179684
0.70375187
0.73392781
0.72611018
0.71573196
0.70764252
0.73688225
0.72903315
0.71861315
0.71049114
0.75525197
0.74797467
0.73829604
0.73073856
0.75860951
0.75129985
0.74157818
0.7339871
0.76280347
0.75545339
0.74567797
0.73804491
0.76587418
0.75849451
0.74867972
0.74101593
0.74122512
0.734083
0.72458416
0.71716705
0.74505367
0.73787465
0.72832674
0.72087132
0.74986549
0.74264011
0.73303052
0.72552695
0.75341221
0.74615264
0.73649759
0.72895853
0.76749833
0.76082774
0.75193752
0.74498175
0.77146262
0.76475756
0.75582141
0.7488297
0.77644504
0.76969667
0.76070279
0.75366592
0.7801175
0.77333721
0.76430078
0.75723062
0.78202249
0.77522563
0.76616714
0.75907971
0.78549906
0.77867198
0.76957321
0.76245426
0.78984172
0.78297689
0.7738278
0.76666949
0.7930213
0.78612883
0.7769429
0.76975577
0.79466276
0.78775601
0.77855107
0.77134906
0.79764325
0.79071059
0.78147111
0.77424208
0.80133569
0.79437092
0.78508865
0.77782615
0.80401473
0.79702667
0.78771335
0.78042657
0.76745944
0.76006448
0.75022938
0.74254972
0.77033787
0.76291517
0.75304318
0.74533471
0.77390387
0.7664468
0.7565291
0.74878494
0.77649116
0.76900916
0.75905829
0.75128824
0.77781809
0.7703233
0.76035542
0.75257209
0.78021048
0.77269263
0.76269409
0.75488681
0.78313991
0.77559383
0.76555774
0.75772114
0.78523756
0.77767126
0.76760829
0.75975069
0.80538871
0.7983887
0.78905946
0.78176022
0.80786593
0.80084438
0.79148644
0.78416474
0.81089923
0.80385131
0.79445822
0.78710902
0.81307127
0.80600446
0.7965862
0.78921731
0.83101934
0.82453102
0.81586291
0.80906532
0.83357541
0.82706713
0.81837236
0.81155386
0.83670525
0.83017253
0.82144512
0.81460101
0.83894641
0.83239619
0.8236454
0.81678296
0.85464799
0.84868702
0.84070101
0.83442154
0.85727674
0.85129743
0.84328686
0.83698807
0.86049559
0.85449382
0.84645317
0.84013073
0.86280049
0.85678263
0.84872044
0.84238106
0.84326595
0.83738437
0.82950472
0.82330888
0.84642876
0.84052512
0.83261592
0.82639684
0.85034706
0.84441609
0.83647028
0.83022241
0.85318997
0.84723917
0.83926679
0.83299803
0.81995198
0.81355007
0.80499742
0.79829039
0.82302735
0.81660142
0.80801669
0.8012845
0.82683732
0.82038165
0.81175716
0.8049938
0.82960163
0.82312438
0.81447106
0.80768507
0.80690929
0.80060924
0.79219269
0.78559239
0.81049655
0.80416848
0.7957145
0.78908484
0.81497746
0.8086144
0.80011366
0.79344734
0.81825826
0.81186958
0.8033346
0.79664144
0.79192278
0.78573979
0.77747961
0.77100192
0.79601325
0.78979831
0.78149545
0.77498431
0.80115429
0.79489919
0.78654269
0.77998948
0.80494366
0.79865896
0.79026293
0.78367871
0.81443966
0.80875915
0.80114889
0.79516489
0.81864648
0.81293662
0.80528704
0.79927212
0.82393374
0.81818699
0.81048799
0.80443421
0.82783087
0.82205695
0.81432153
0.8082391
0.8298524
0.82406438
0.81631007
0.81021278
0.83354166
0.82772791
0.81993912
0.81381473
0.83814999
0.8323041
0.82447225
0.81831399
0.84152407
0.83565465
0.82779128
0.82160823
0.85079633
0.84553431
0.83846099
0.83288148
0.85457871
0.84929329
0.84218852
0.83658421
0.85930335
0.8539887
0.84684465
0.84120935
0.86276261
0.85742656
0.85025374
0.84459576
0.83499461
0.82983032
0.82288837
0.81741248
0.8393076
0.83411664
0.82713883
0.82163466
0.84472829
0.8395038
0.83248093
0.82694121
0.84872378
0.84347458
0.83641849
0.83085258
0.85353797
0.84890235
0.84264547
0.83769095
0.85794676
0.85328719
0.84699798
0.84201786
0.86348786
0.85879818
0.85246835
0.84745606
0.86757211
0.86286024
0.85650046
0.85146445
0.8696907
0.86496732
0.85859201
0.8535437
0.87355709
0.86881272
0.86240905
0.85733829
0.87838669
0.87361608
0.867177
0.8620782
0.88192278
0.87713297
0.87066797
0.86554864
0.88374828
0.87894856
0.87247018
0.86734025
0.88706295
0.88224523
0.87574255
0.87059338
0.89116937
0.88632936
0.87979658
0.87462357
0.89414877
0.88929258
0.88273797
0.87754767
0.86454846
0.85920136
0.85201369
0.84634399
0.86779111
0.86242395
0.85520931
0.84951834
0.87180833
0.86641632
0.85916828
0.85345095
0.87472302
0.86931297
0.86204069
0.85630424
0.87621784
0.87079856
0.86351384
0.85776759
0.87891295
0.873477
0.86616987
0.86040594
0.88221305
0.87675668
0.86942212
0.86363654
0.88457612
0.87910514
0.87175093
0.86594985
0.89567679
0.8908123
0.88424649
0.87904732
0.89843174
0.89355229
0.88696629
0.88175113
0.90180511
0.89690734
0.89029661
0.88506188
0.90422065
0.89930976
0.89268133
0.88743258
0.9054475
0.90052995
0.89389253
0.88863666
0.90763611
0.90270666
0.8960532
0.89078463
0.91026831
0.90532457
0.89865181
0.89336796
0.91211418
0.90716041
0.90047411
0.89517955
0.91303692
0.90807814
0.90138507
0.89608516
0.91465392
0.90968634
0.90298142
0.89767212
0.91653861
0.9115608
0.90484205
0.89952181
0.91781036
0.91282564
0.90609756
0.90076994
0.89320085
0.88767655
0.88025064
0.874393
0.89478271
0.88924862
0.88180957
0.87594155
0.89662645
0.89108096
0.88362658
0.87774648
0.89787056
0.89231738
0.88485265
0.8789644
0.88577632
0.88029792
0.87293374
0.86712478
0.88791738
0.88242574
0.87504376
0.86922076
0.8904924
0.88498484
0.87758145
0.87174157
0.89229816
0.88677944
0.87936103
0.87350931
0.86397115
0.85794513
0.84987199
0.84352401
0.8660595
0.86001891
0.85192625
0.84556293
0.86857113
0.86251302
0.85439688
0.8480151
0.87033245
0.86426205
0.85612945
0.84973472
0.84008469
0.83352559
0.82476293
0.81789118
0.8421153
0.83554034
0.8267565
0.81986814
0.84455747
0.83796345
0.82915413
0.8222458
0.84627008
0.83966269
0.83083551
0.82391316
0.84712621
0.84051212
0.83167601
0.82474667
0.84862646
0.84200066
0.8331489
0.82620729
0.85037509
0.84373564
0.83486564
0.82790972
0.85155502
0.84490636
0.83602405
0.82905848
0.87121292
0.86513638
0.85699555
0.85059435
0.87275585
0.86666854
0.85851328
0.85210075
0.87455421
0.86845435
0.86028229
0.85385654
0.8757677
0.86965938
0.86147597
0.8550413
0.87635586
0.87024344
0.86205454
0.85561554
0.87734963
0.87123028
0.86303209
0.85658579
0.87843038
0.87230349
0.8640952
0.85764096
0.87909312
0.87296161
0.86474712
0.85828801
0.85212692
0.84547379
0.83658551
0.82961527
0.8530932
0.84643253
0.83753418
0.83055602
0.85414407
0.84747519
0.83856587
0.83157913
0.85478848
0.84811457
0.83919853
0.83220651
0.85507478
0.84839863
0.8394796
0.83248524
0.85550477
0.84882527
0.83990175
0.83290387
0.85585534
0.8491731
0.84024593
0.83324518
0.85596268
0.8492796
0.84035131
0.83334969
0.87938755
0.87325399
0.86503675
0.85857547
0.87982977
0.87369313
0.86547176
0.85900723
0.88019031
0.87405116
0.86582641
0.85935923
0.8803007
0.87416078
0.865935
0.85946701
0.90158175
0.89600563
0.88851006
0.88259746
0.90203513
0.8964562
0.88895686
0.8830413
0.90240477
0.89682356
0.88932114
0.88340315
0.90251795
0.89693603
0.88943268
0.88351395
0.89847356
0.89291665
0.88544692
0.8795547
0.89949241
0.8939292
0.88645099
0.8805521
0.90060043
0.89503037
0.88754295
0.88163679
0.90127989
0.89570563
0.88821257
0.88230195
0.91842675
0.91343869
0.9067061
0.90137489
0.91946823
0.91447451
0.90773428
0.90239702
0.92060086
0.91560099
0.90885246
0.90350862
0.92129542
0.91629178
0.90953815
0.90419028
0.92160399
0.91659867
0.90984278
0.90449312
0.92206744
0.9170596
0.91030031
0.90494796
0.92244528
0.9174354
0.91067334
0.9053188
0.92256097
0.91755047
0.91078756
0.90543234
0.93940591
0.93498352
0.92898364
0.92420981
0.93987831
0.93545369
0.9294508
0.92467457
0.94026345
0.93583702
0.92983167
0.92505349
0.94038138
0.93595439
0.92994829
0.92516951
0.95494514
0.95111611
0.94588649
0.94169991
0.95542537
0.95159442
0.94636216
0.94217347
0.95581691
0.95198438
0.94674997
0.94255956
0.95593679
0.95210378
0.94686871
0.94267778
0.95165282
0.94783703
0.9426255
0.9384534
0.95273202
0.94891188
0.94369442
0.93951758
0.95390567
0.95008082
0.94485691
0.94067491
0.95462539
0.95079764
0.94556978
0.94138461
0.93616732
0.93176017
0.92578098
0.9210236
0.93722891
0.93281676
0.92683079
0.92206802
0.93838341
0.93396583
0.92797249
0.92320385
0.93909138
0.93467047
0.9286726
0.92390037
0.93067342
0.92629213
0.92034801
0.91561854
0.93232164
0.92793259
0.92197795
0.9172401
0.93424272
0.92984463
0.92387773
0.91913012
0.93553902
0.93113483
0.92515965
0.92040546
0.92293742
0.91859253
0.9126978
0.90800764
0.92516831
0.92081291
0.91490394
0.91020244
0.92785135
0.92348333
0.91755723
0.91284209
0.92973286
0.925356
0.91941788
0.91469318
0.93820381
0.93444208
0.92930433
0.92519121
0.94047159
0.93670076
0.93155059
0.92742754
0.94319904
0.93941725
0.93425213
0.93011713
0.94511171
0.94132223
0.93614662
0.93200323
0.94606784
0.94227452
0.93709367
0.93294609
0.94774337
0.94394331
0.93875325
0.93459833
0.9496963
0.94588838
0.9406876
0.9365241
0.9510141
0.94720087
0.94199286
0.93782357
0.9591836
0.95598734
0.95158204
0.94802617
0.96088239
0.95768047
0.95326736
0.94970518
0.96286241
0.95965391
0.95523171
0.95166216
0.96419848
0.96098554
0.9565572
0.95298269
0.95121023
0.94804059
0.94367202
0.94014581
0.95350955
0.95033222
0.94595306
0.94241829
0.95627492
0.95308836
0.94869645
0.9451514
0.95821417
0.95502115
0.95062031
0.94706804
0.96192537
0.95935556
0.95576673
0.95283584
0.96425058
0.96167458
0.95807708
0.95513909
0.96704705
0.9644636
0.96085569
0.95790919
0.96900809
0.96641942
0.96280422
0.95985175
0.96998839
0.96739712
0.96377828
0.96082283
0.97170626
0.9691104
0.96548518
0.96252452
0.97370852
0.97110733
0.96747466
0.96450792
0.9750596
0.9724548
0.9688171
0.96584626
0.97571445
0.9731079
0.96946776
0.96649493
0.97682089
0.97421139
0.97056712
0.96759093
0.97802418
0.97541146
0.97176271
0.96878286
0.97876206
0.97614737
0.97249587
0.96951378
0.96484605
0.96163096
0.95719965
0.95362274
0.96594019
0.96272147
0.95828514
0.95470417
0.9671301
0.96390742
0.95946564
0.95588027
0.96785977
0.96463467
0.96018955
0.95660147
0.96818394
0.96495777
0.96051116
0.95692188
0.96867082
0.96544304
0.9609942
0.95740311
0.96906777
0.96583867
0.96138801
0.95779546
0.96918931
0.96595981
0.96150859
0.95791559
0.97908988
0.97647431
0.97282159
0.9698385
0.97958223
0.97696536
0.9733108
0.97032621
0.97998365
0.97736571
0.97370965
0.97072384
0.98010656
0.97748829
0.97383177
0.97084559
0.98763703
0.98563832
0.98278815
0.98041832
0.98813369
0.98613397
0.98328237
0.98091134
0.98853861
0.98653808
0.98368531
0.98131331
0.98866259
0.98666181
0.98380868
0.98143638
0.98423214
0.98224031
0.97939998
0.97703832
0.98534824
0.98335415
0.9805106
0.97814626
0.98656203
0.98456549
0.98171843
0.97935118
0.98730635
0.98530831
0.98245909
0.98009006
0.99037869
0.98900639
0.98697268
0.98522784
0.99150176
0.9901279
0.98809189
0.98634507
0.99272313
0.99134758
0.98930905
0.98756009
0.99347209
0.99209551
0.99005545
0.98830516
0.99380484
0.99242779
0.99038705
0.98863617
0.99430459
0.99292686
0.99088508
0.98913333
0.99471204
0.99333375
0.99129113
0.98953866
0.99483679
0.99345833
0.99141546
0.98966277
0.99757845
0.99682639
0.99559997
0.99447227
0.9980801
0.99732766
0.99610063
0.99497236
0.99848909
0.99773635
0.99650881
0.99538008
0.99861432
0.99786149
0.99663379
0.99550492
0.99894878
0.99882351
0.99841438
0.99791257
0.99945111
0.99932578
0.99891645
0.99841438
0.99986067
0.99973529
0.99932578
0.99882351
0.99998608
0.99986067
0.99945111
0.99894878
0.99550492
0.99538008
0.99497236
0.99447227
0.9966338
0.99650881
0.99610063
0.99559997
0.99786149
0.99773635
0.99732766
0.99682639
0.99861432
0.99848909
0.9980801
0.99757845
0.9941393
0.99338983
0.99216765
0.99104382
0.99526663
0.99451631
0.99329274
0.99216765
0.99649263
0.99574139
0.99451631
0.99338983
0.99724444
0.99649263
0.99526663
0.9941393
0.98830516
0.98756008
0.98634507
0.98522784
0.99005545
0.98930905
0.98809189
0.98697268
0.99209551
0.99134758
0.9901279
0.98900639
0.99347209
0.99272313
0.99150176
0.99037869
0.98966276
0.98953866
0.98913333
0.98863617
0.99141546
0.99129113
0.99088509
0.99038705
0.99345833
0.99333375
0.99292686
0.99242779
0.99483679
0.99471204
0.99430459
0.99380484
0.98143638
0.9813133
0.98091134
0.98041832
0.98380867
0.9836853
0.98328237
0.98278815
0.9866618
0.98653807
0.98613397
0.98563832
0.98866258
0.9885386
0.98813368
0.98763703
0.98009005
0.97935118
0.97814626
0.97703832
0.98245909
0.98171842
0.9805106
0.97939998
0.9853083
0.98456549
0.98335415
0.98224031
0.98730635
0.98656203
0.98534823
0.98423213
0.97638258
0.97502967
0.97302469
0.9713045
0.97874266
0.97738648
0.97537666
0.97365231
0.98158108
0.98022098
0.97820533
0.97647599
0.98357157
0.9822087
0.98018897
0.97845612
0.9845666
0.98320235
0.98118058
0.97944597
0.98631028
0.98494361
0.98291825
0.98118058
0.98834263
0.98697315
0.98494361
0.98320236
0.989714
0.98834263
0.98631028
0.9845666
0.97845612
0.97647598
0.97365231
0.9713045
0.98018897
0.97820533
0.97537666
0.97302469
0.9822087
0.98022098
0.97738648
0.97502967
0.98357157
0.98158109
0.97874266
0.97638258
0.97032286
0.96835917
0.96555893
0.96323058
0.97266831
0.97069988
0.96789289
0.96555893
0.97548913
0.973515
0.97069988
0.96835917
0.97746726
0.97548913
0.97266831
0.97032286
0.95985176
0.95790919
0.95513909
0.95283584
0.96280422
0.9608557
0.95807708
0.95576674
0.96641942
0.9644636
0.96167458
0.95935556
0.96900809
0.96704705
0.96425058
0.96192537
0.94706805
0.9451514
0.94241829
0.94014581
0.95062031
0.94869646
0.94595306
0.94367202
0.95502115
0.95308836
0.95033223
0.94804059
0.95821418
0.95627492
0.95350955
0.95121023
0.9529827
0.95166217
0.94970518
0.94802617
0.9565572
0.95523171
0.95326737
0.95158204
0.96098554
0.95965391
0.95768047
0.95598734
0.96419848
0.96286241
0.96088239
0.9591836
0.96584626
0.96450792
0.96252452
0.96082283
0.9688171
0.96747466
0.96548518
0.96377828
0.9724548
0.97110733
0.9691104
0.96739712
0.9750596
0.97370852
0.97170626
0.96998839
0.96951378
0.96878286
0.96759093
0.96649493
0.97249588
0.97176272
0.97056713
0.96946776
0.97614737
0.97541146
0.97421139
0.9731079
0.97876206
0.97802418
0.97682089
0.97571445
0.97084559
0.97072384
0.97032621
0.9698385
0.97383178
0.97370966
0.97331081
0.9728216
0.97748829
0.97736571
0.97696536
0.97647432
0.98010656
0.97998365
0.97958223
0.97908988
0.9579156
0.95779547
0.95740312
0.95692189
0.9615086
0.96138802
0.9609942
0.96051117
0.96595981
0.96583867
0.96544304
0.96495777
0.96918931
0.96906777
0.96867082
0.96818394
0.95660148
0.95588027
0.95470418
0.95362275
0.96018956
0.95946565
0.95828514
0.95719965
0.96463468
0.96390743
0.96272147
0.96163096
0.96785977
0.9671301
0.96594019
0.96484605
0.94138461
0.94067491
0.93951758
0.9384534
0.94556978
0.94485691
0.94369442
0.9426255
0.95079765
0.95008083
0.94891188
0.94783703
0.95462539
0.95390568
0.95273202
0.95165282
0.94267778
0.94255956
0.94217347
0.94169991
0.94686871
0.94674997
0.94636216
0.94588649
0.95210379
0.95198438
0.95159442
0.95111611
0.9559368
0.95581692
0.95542538
0.95494514
0.9251695
0.92505348
0.92467457
0.92420981
0.92994829
0.92983167
0.9294508
0.92898364
0.93595439
0.93583702
0.93545369
0.93498351
0.94038138
0.94026345
0.93987831
0.93940591
0.92390037
0.92320385
0.92206802
0.9210236
0.9286726
0.92797249
0.92683079
0.92578098
0.93467046
0.93396583
0.93281676
0.93176017
0.93909138
0.93838341
0.9372289
0.93616732
0.92040546
0.91913012
0.9172401
0.91561853
0.92515965
0.92387772
0.92197794
0.92034801
0.93113483
0.92984463
0.92793259
0.92629213
0.93553902
0.93424272
0.93232163
0.93067342
0.93782357
0.9365241
0.93459832
0.93294609
0.94199286
0.9406876
0.93875325
0.93709367
0.94720087
0.94588838
0.94394331
0.94227452
0.9510141
0.9496963
0.94774337
0.94606785
0.93200323
0.93011713
0.92742753
0.92519121
0.93614662
0.93425213
0.93155059
0.92930432
0.94132223
0.93941725
0.93670076
0.93444208
0.94511171
0.94319904
0.94047159
0.93820381
0.91469318
0.91284209
0.91020244
0.90800764
0.91941788
0.91755723
0.91490394
0.9126978
0.925356
0.92348333
0.92081291
0.91859253
0.92973286
0.92785135
0.9251683
0.92293742
0.90677732
0.90435495
0.90097204
0.8982093
0.91146112
0.90902623
0.90562584
0.90284883
0.91734785
0.91489724
0.91147488
0.90867992
0.92168686
0.91922466
0.91578611
0.91297793
0.89667696
0.89368914
0.88957111
0.88624708
0.90130857
0.89830532
0.89416602
0.89082482
0.90712972
0.90410707
0.89994103
0.89657826
0.91142039
0.90838343
0.90419769
0.90081901
0.91364606
0.91060168
0.90640571
0.90301878
0.91770787
0.91464996
0.91043533
0.90703333
0.92278155
0.91970674
0.9154688
0.91204799
0.92649635
0.92340917
0.91915418
0.91571959
0.9239376
0.92146938
0.91802244
0.9152074
0.92804515
0.92556596
0.9221037
0.91927615
0.93317595
0.93068306
0.92720168
0.92435851
0.93693257
0.93442965
0.93093426
0.92807965
0.93887193
0.93636383
0.9328612
0.93000069
0.94239336
0.93987583
0.93636005
0.93348881
0.94675599
0.94422677
0.94069468
0.93781013
0.94992132
0.94738362
0.94383967
0.94094546
0.95154471
0.94900266
0.94545264
0.94255346
0.95447164
0.95192174
0.94836076
0.94545264
0.9580556
0.95549612
0.95192174
0.94900266
0.96062193
0.9580556
0.95447164
0.95154471
0.94094546
0.93781013
0.93348881
0.93000069
0.94383967
0.94069468
0.93636005
0.9328612
0.94738361
0.94422677
0.93987583
0.93636383
0.94992132
0.94675599
0.94239336
0.93887193
0.92841412
0.92532054
0.92105675
0.91761505
0.93189629
0.92879112
0.92451135
0.92105675
0.93621023
0.9330907
0.92879112
0.92532054
0.93934021
0.93621023
0.93189629
0.92841412
0.91571959
0.91204799
0.90703333
0.90301878
0.91915418
0.9154688
0.91043533
0.90640571
0.92340917
0.91970674
0.91464996
0.91060168
0.92649635
0.92278155
0.91770787
0.91364606
0.92807965
0.92435851
0.91927616
0.9152074
0.93093426
0.92720168
0.9221037
0.91802244
0.93442965
0.93068307
0.92556596
0.92146938
0.93693257
0.93317595
0.92804515
0.9239376
0.91297793
0.90867992
0.90284883
0.8982093
0.91578611
0.91147488
0.90562584
0.90097204
0.91922466
0.91489724
0.90902623
0.90435495
0.92168687
0.91734786
0.91146112
0.90677732
0.90081901
0.89657826
0.89082483
0.88624708
0.90419769
0.89994103
0.89416603
0.88957111
0.90838343
0.90410707
0.89830532
0.89368914
0.91142039
0.90712972
0.90130858
0.89667696
0.88648994
0.88231663
0.87665469
0.87214975
0.89043101
0.88623915
0.88055205
0.87602708
0.89535387
0.89113885
0.88542031
0.88087032
0.89895825
0.89472626
0.88898471
0.88441641
0.90115347
0.89754029
0.89260541
0.88865472
0.90515973
0.90153048
0.89657366
0.89260541
0.91016402
0.90651471
0.90153048
0.89754029
0.91382804
0.91016402
0.90515973
0.90115347
0.88441641
0.88087032
0.87602708
0.87214975
0.88898471
0.88542031
0.88055205
0.87665469
0.89472626
0.89113885
0.88623915
0.88231663
0.89895825
0.89535387
0.89043101
0.88648994
0.87002516
0.86592936
0.86037259
0.85595134
0.87451913
0.87040217
0.86481669
0.86037259
0.88016728
0.87602373
0.87040217
0.86592936
0.88433043
0.88016728
0.87451913
0.87002516
0.85146446
0.84745606
0.84201786
0.83769095
0.85650046
0.85246835
0.84699798
0.84264547
0.86286024
0.85879818
0.85328719
0.84890235
0.86757211
0.86348786
0.85794676
0.85353797
0.86554864
0.8620782
0.85733829
0.8535437
0.87066797
0.867177
0.86240905
0.85859201
0.87713297
0.87361608
0.86881272
0.86496732
0.88192278
0.87838669
0.87355709
0.8696907
0.84459576
0.84120936
0.83658421
0.83288149
0.85025374
0.84684465
0.84218852
0.83846099
0.85742656
0.85398871
0.84929329
0.84553431
0.86276261
0.85930335
0.85457871
0.85079633
0.83085258
0.82694121
0.82163466
0.81741248
0.8364185
0.83248093
0.82713883
0.82288837
0.84347458
0.8395038
0.83411664
0.82983032
0.84872378
0.84472829
0.8393076
0.83499461
0.8082391
0.80443421
0.79927212
0.79516489
0.81432153
0.81048799
0.80528704
0.80114889
0.82205695
0.81818699
0.81293662
0.80875915
0.82783088
0.82393374
0.81864648
0.81443966
0.78367871
0.77998948
0.77498431
0.77100193
0.79026293
0.78654269
0.78149546
0.77747961
0.79865896
0.79489919
0.78979831
0.78573979
0.80494366
0.80115429
0.79601325
0.79192278
0.79664144
0.79344734
0.78908484
0.7855924
0.8033346
0.80011366
0.7957145
0.79219269
0.81186958
0.8086144
0.80416848
0.80060924
0.81825826
0.81497746
0.81049655
0.80690929
0.82160823
0.81831399
0.81381473
0.81021278
0.82779128
0.82447225
0.81993912
0.81631007
0.83565465
0.8323041
0.82772791
0.82406438
0.84152408
0.83814999
0.83354167
0.82985241
0.83299803
0.83022241
0.82639684
0.82330888
0.83926679
0.83647028
0.83261592
0.82950472
0.84723917
0.84441609
0.84052512
0.83738437
0.85318997
0.85034706
0.84642876
0.84326595
0.80768507
0.80499379
0.8012845
0.79829039
0.81447106
0.81175716
0.80801669
0.80499742
0.82312438
0.82038165
0.81660142
0.81355007
0.82960163
0.82683732
0.82302735
0.81995198
0.81678296
0.81460101
0.81155385
0.80906532
0.8236454
0.82144512
0.81837235
0.81586291
0.8323962
0.83017253
0.82706713
0.82453102
0.83894641
0.83670525
0.83357541
0.83101934
0.84238107
0.84013073
0.83698808
0.83442155
0.84872044
0.84645317
0.84328686
0.84070102
0.85678264
0.85449382
0.85129743
0.84868702
0.86280049
0.86049559
0.85727674
0.85464799
0.86594985
0.86363654
0.86040594
0.85776759
0.87175093
0.86942212
0.86616987
0.86351384
0.87910514
0.87675668
0.873477
0.87079856
0.88457612
0.88221305
0.87891295
0.87621784
0.85630425
0.85345095
0.84951834
0.84634399
0.86204069
0.85916828
0.85520932
0.85201369
0.86931297
0.86641632
0.86242395
0.85920136
0.87472302
0.87180833
0.86779111
0.86454846
0.87754767
0.87462357
0.87059338
0.86734025
0.88273796
0.87979658
0.87574255
0.87247018
0.88929258
0.88632936
0.88224523
0.87894856
0.89414877
0.89116937
0.88706295
0.88374828
0.88743258
0.88506188
0.88175113
0.87904732
0.89268133
0.89029661
0.88696628
0.88424649
0.89930976
0.89690734
0.89355229
0.8908123
0.90422064
0.9018051
0.89843174
0.89567679
0.89517955
0.89336796
0.89078463
0.88863666
0.90047411
0.89865181
0.8960532
0.89389253
0.90716041
0.90532457
0.90270666
0.90052995
0.91211418
0.91026831
0.90763611
0.9054475
0.87350931
0.87174157
0.86922076
0.86712478
0.87936103
0.87758145
0.87504376
0.87293374
0.88677943
0.88498484
0.88242574
0.88029792
0.89229816
0.8904924
0.88791738
0.88577632
0.87896439
0.87774648
0.87594155
0.874393
0.88485265
0.88362658
0.88180956
0.88025064
0.89231737
0.89108096
0.88924862
0.88767654
0.89787056
0.89662645
0.89478271
0.89320085
0.90076994
0.89952181
0.89767212
0.89608516
0.90609756
0.90484205
0.90298142
0.90138507
0.91282563
0.9115608
0.90968634
0.90807813
0.91781035
0.91653861
0.91465391
0.91303692
0.90419028
0.90350862
0.90239702
0.90137489
0.90953814
0.90885245
0.90773427
0.90670609
0.91629177
0.91560099
0.9144745
0.91343868
0.92129541
0.92060086
0.91946823
0.91842675
0.90543234
0.90531879
0.90494796
0.90449312
0.91078755
0.91067334
0.91030031
0.90984278
0.91755046
0.9174354
0.9170596
0.91659867
0.92256097
0.92244528
0.92206743
0.92160398
0.88351394
0.88340315
0.88304129
0.88259746
0.88943268
0.88932114
0.88895686
0.88851005
0.89693603
0.89682355
0.8964562
0.89600563
0.90251794
0.90240477
0.90203513
0.90158175
0.88230195
0.88163679
0.8805521
0.8795547
0.88821256
0.88754295
0.88645099
0.88544692
0.89570563
0.89503037
0.89392919
0.89291665
0.90127989
0.90060043
0.8994924
0.89847356
0.85828801
0.85764096
0.85658579
0.85561554
0.86474712
0.8640952
0.86303209
0.86205454
0.87296161
0.87230349
0.87123028
0.87024344
0.87909311
0.87843038
0.87734963
0.87635586
0.85946701
0.85935923
0.85900723
0.85857547
0.865935
0.86582641
0.86547176
0.86503675
0.87416078
0.87405115
0.87369313
0.87325399
0.8803007
0.88019031
0.87982977
0.87938755
0.83334969
0.83324519
0.83290388
0.83248525
0.84035131
0.84024593
0.83990176
0.83947961
0.8492796
0.8491731
0.84882527
0.84839863
0.85596268
0.85585534
0.85550477
0.85507478
0.83220652
0.83157913
0.83055603
0.82961527
0.83919854
0.83856588
0.83753418
0.83658552
0.84811457
0.84747519
0.84643253
0.84547379
0.85478848
0.85414407
0.85309321
0.85212692
0.82905848
0.82790972
0.82620729
0.82474667
0.83602405
0.83486564
0.83314891
0.83167602
0.84490636
0.84373564
0.84200067
0.84051213
0.85155502
0.85037509
0.84862646
0.84712621
0.8550413
0.85385654
0.85210075
0.85059436
0.86147597
0.86028229
0.85851328
0.85699555
0.86965938
0.86845435
0.86666854
0.86513638
0.8757677
0.87455421
0.87275585
0.87121292
0.84973473
0.84801511
0.84556293
0.84352401
0.85612945
0.85439688
0.85192625
0.84987199
0.86426205
0.86251302
0.86001891
0.85794513
0.87033245
0.86857113
0.8660595
0.86397115
0.82391317
0.8222458
0.81986814
0.81789118
0.83083551
0.82915414
0.8267565
0.82476293
0.83966269
0.83796345
0.83554034
0.83352559
0.84627008
0.84455748
0.8421153
0.84008469
0.7961068
0.79449572
0.79219833
0.79028811
0.80354004
0.80191391
0.79959506
0.797667
0.81304055
0.81139519
0.80904891
0.80709805
0.82016906
0.81850928
0.81614242
0.81417444
0.76638289
0.76483198
0.76262039
0.76078151
0.77430909
0.77274214
0.77050767
0.76864976
0.78445993
0.78287243
0.78060866
0.7787264
0.7920923
0.79048935
0.78820355
0.78630296
0.77116884
0.77010031
0.76851678
0.76715818
0.77914455
0.77806497
0.77646506
0.7750924
0.7893588
0.78826506
0.78664417
0.78525352
0.79703885
0.79593446
0.7942978
0.79289361
0.80107842
0.79996844
0.79832348
0.79691217
0.80855811
0.80743776
0.80577743
0.80435293
0.81811797
0.81698437
0.8153044
0.81386306
0.825291
0.82414746
0.82245277
0.82099878
0.8041202
0.80351399
0.80252542
0.80161642
0.8116283
0.81101642
0.81001862
0.80910113
0.82122446
0.82060535
0.81959575
0.81866741
0.82842473
0.8278002
0.82678174
0.82584526
0.80522479
0.80512381
0.80479402
0.80438952
0.8127432
0.81264128
0.81230841
0.81190013
0.82235255
0.82224943
0.82191262
0.82149952
0.82956271
0.82945868
0.82911892
0.82870219
0.77516034
0.77506313
0.77474566
0.77435627
0.78317734
0.78307913
0.78275837
0.78236495
0.79344448
0.79334498
0.79302002
0.79262144
0.80116429
0.80106382
0.8007357
0.80033324
0.77409701
0.77351344
0.77256179
0.77168674
0.78210301
0.7815134
0.78055191
0.7796678
0.79235606
0.79175872
0.79078462
0.78988892
0.80006528
0.79946212
0.79847854
0.79757413
0.74220927
0.74164975
0.74073731
0.73989831
0.75069392
0.750128
0.74920513
0.74835653
0.76157918
0.76100505
0.76006879
0.75920789
0.76977875
0.76919843
0.7682521
0.76738193
0.74322879
0.74313559
0.7428312
0.74245785
0.7517251
0.75163083
0.75132296
0.75094534
0.76262531
0.76252968
0.76221734
0.76183425
0.77083615
0.77073948
0.77042378
0.77003656
0.70950698
0.70941801
0.70912743
0.70877102
0.71846214
0.71837205
0.7180778
0.7177169
0.7299692
0.72987766
0.7295787
0.72921202
0.7386513
0.73855868
0.73825616
0.73788511
0.70853372
0.70799958
0.70712855
0.70632762
0.7174766
0.71693572
0.71605369
0.71524265
0.72896787
0.72841833
0.72752217
0.72669814
0.73763806
0.73708199
0.73617517
0.73534134
0.70585359
0.70487557
0.70342618
0.70218266
0.71476264
0.71377228
0.7123046
0.71104538
0.72621044
0.72520422
0.72371302
0.72243363
0.73484783
0.73382964
0.73232071
0.73102611
0.73940175
0.73837725
0.73685896
0.73555633
0.74785429
0.74681808
0.74528243
0.74396491
0.75869837
0.75764712
0.75608921
0.75475258
0.76686692
0.76580435
0.76422966
0.76287864
0.73481299
0.73332598
0.7312055
0.72944239
0.74321306
0.74170905
0.73956434
0.73778106
0.75398982
0.752464
0.75028818
0.74847904
0.76210767
0.76056542
0.75836616
0.75653754
0.70147304
0.70005351
0.69802925
0.69634613
0.7103268
0.70888935
0.70683954
0.70513518
0.72170355
0.72024307
0.71816043
0.71642877
0.73028734
0.72880949
0.72670207
0.72494982
0.69540263
0.69354499
0.69095074
0.68883208
0.70417978
0.70229869
0.6996717
0.6975263
0.71545806
0.71354685
0.71087778
0.70869802
0.72396756
0.72203361
0.7193328
0.71712711
0.68765697
0.6853657
0.6822077
0.6796586
0.69633636
0.69401617
0.69081832
0.68823704
0.70748903
0.70513168
0.70188261
0.69926
0.71590374
0.71351835
0.71023064
0.70757684
0.72034025
0.71794007
0.71463199
0.71196174
0.72857486
0.72614725
0.72280134
0.72010056
0.73913932
0.73667651
0.73328208
0.73054214
0.74709725
0.74460791
0.74117693
0.73840749
0.72845404
0.72650811
0.72379056
0.7215712
0.73678142
0.73481324
0.73206462
0.72981989
0.7474649
0.74546817
0.74267969
0.74040241
0.75551248
0.75349425
0.75067574
0.74837393
0.7597507
0.75772115
0.75488682
0.7525721
0.76760829
0.76555774
0.7626941
0.76035543
0.77767127
0.77559383
0.77269264
0.7703233
0.78523756
0.78313991
0.78021048
0.77781809
0.78921731
0.78710902
0.78416474
0.78176022
0.7965862
0.79445822
0.79148644
0.78905946
0.80600446
0.80385131
0.80084438
0.7983887
0.81307127
0.81089923
0.80786593
0.8053887
0.78042657
0.77782616
0.77424208
0.77134906
0.78771335
0.78508865
0.78147111
0.77855107
0.79702667
0.79437092
0.79071059
0.78775601
0.80401473
0.80133569
0.79764325
0.79466276
0.75128825
0.74878494
0.74533471
0.74254973
0.7590583
0.7565291
0.75304318
0.75022939
0.76900917
0.76644681
0.76291518
0.76006449
0.77649117
0.77390387
0.77033787
0.76745944
0.74101594
0.73804492
0.7339871
0.73073856
0.74867973
0.74567798
0.74157819
0.73829604
0.75849451
0.7554534
0.75129985
0.74797467
0.76587419
0.76280348
0.75860951
0.75525198
0.76975577
0.7666695
0.76245427
0.75907971
0.7769429
0.7738278
0.76957321
0.76616714
0.78612883
0.78297689
0.77867198
0.77522563
0.7930213
0.78984172
0.78549906
0.78202249
0.75723062
0.75366593
0.74882971
0.74498175
0.76430078
0.7607028
0.75582141
0.75193752
0.77333721
0.76969667
0.76475756
0.76082774
0.7801175
0.77644504
0.77146262
0.76749834
0.72895853
0.72552694
0.72087132
0.71716705
0.7364976
0.73303052
0.72832674
0.72458416
0.74615264
0.74264011
0.73787465
0.734083
0.75341221
0.7498655
0.74505367
0.74122512
0.69893044
0.69564022
0.69117637
0.68762468
0.70692029
0.70359246
0.69907759
0.69548531
0.71717074
0.71379465
0.70921431
0.70556995
0.72489211
0.72147967
0.71685002
0.71316642
0.71049114
0.70764251
0.70375186
0.70063715
0.71861315
0.71573196
0.71179683
0.70864651
0.72903315
0.72611018
0.72211799
0.71892199
0.73688225
0.73392781
0.72989263
0.72666222
0.67825472
0.67553533
0.6718212
0.66884779
0.68681544
0.68406174
0.68030073
0.67728979
0.69781563
0.69501783
0.69119658
0.68813743
0.70611529
0.70328421
0.69941752
0.69632199
0.66721852
0.66407757
0.65981625
0.65642571
0.67563995
0.67245937
0.66814426
0.66471092
0.68646117
0.68322964
0.67884542
0.6753571
0.69462579
0.69135583
0.68691947
0.68338966
0.65457497
0.65102003
0.64622178
0.64242227
0.66283682
0.65923701
0.6543782
0.65053074
0.67345298
0.66979552
0.66485889
0.6609498
0.68146289
0.67776193
0.67276659
0.66881101
0.68568598
0.68196208
0.67693578
0.67295569
0.69352444
0.68975798
0.68467422
0.68064864
0.70358065
0.69975958
0.69460212
0.69051816
0.7111557
0.70729349
0.70208051
0.69795258
0.67078966
0.66664106
0.66106442
0.65666551
0.67845784
0.67426182
0.66862143
0.66417224
0.6882956
0.68403874
0.67831657
0.67380286
0.6957061
0.69140341
0.68561963
0.68105733
0.64035451
0.63639415
0.63107053
0.62687121
0.64843688
0.64442653
0.63903572
0.6347834
0.65882241
0.65474783
0.64927068
0.64495025
0.66665832
0.66253527
0.65699298
0.65262116
0.62459142
0.62023517
0.61439902
0.60981001
0.63247483
0.62806359
0.62215378
0.61750684
0.64260471
0.63812282
0.63211835
0.62739698
0.65024773
0.64571253
0.63963664
0.63485912
0.60732369
0.60258205
0.59624744
0.59127978
0.61498914
0.61018765
0.60377307
0.59874272
0.62483895
0.61996055
0.61344323
0.6083323
0.63227066
0.62733424
0.6207394
0.61556768
0.6361889
0.63122188
0.62458617
0.6193824
0.64346155
0.63843775
0.63172618
0.62646291
0.65279186
0.64769522
0.64088633
0.63554674
0.65982012
0.6546686
0.64778641
0.64238934
0.65427737
0.64971407
0.64360053
0.63879339
0.6617568
0.65714133
0.6509579
0.64609582
0.67135239
0.66667
0.66039691
0.65546432
0.67858048
0.67384767
0.66750705
0.66252135
0.68238711
0.67762775
0.67125156
0.66623789
0.68944452
0.68463595
0.67819381
0.6731283
0.69848271
0.6936111
0.68708452
0.6819526
0.70527845
0.70035945
0.69376937
0.68858753
0.6635215
0.65834109
0.65142029
0.64599294
0.67038381
0.66514982
0.65815744
0.65267397
0.67917214
0.67386953
0.66678549
0.66123013
0.68578001
0.68042582
0.67327285
0.66766344
0.68925563
0.6838743
0.67668508
0.67104724
0.69569107
0.6902595
0.68300316
0.67731268
0.70391622
0.69842044
0.69107832
0.68532056
0.71008777
0.70454381
0.69713733
0.6913291
0.70885288
0.70390895
0.69728548
0.69207738
0.71547128
0.71048119
0.70379588
0.69853915
0.72393029
0.7188812
0.71211685
0.70679798
0.73027732
0.72518396
0.7183603
0.71299479
0.72674246
0.72224782
0.71620604
0.71144021
0.7335279
0.72899129
0.72289309
0.71808277
0.74220042
0.73761017
0.73143986
0.72657266
0.74870766
0.74407716
0.73785274
0.73294286
0.69960879
0.69528196
0.68946575
0.68487785
0.7068443
0.70247273
0.69659637
0.69196102
0.71611057
0.71168169
0.7057283
0.7010322
0.72307781
0.71860584
0.71259453
0.70785273
0.71514505
0.71126118
0.70601895
0.70186787
0.72254125
0.7186172
0.71332076
0.70912675
0.73201331
0.72803782
0.72267193
0.71842294
0.73913529
0.73512111
0.72970302
0.72541268
0.74288133
0.7388468
0.73340124
0.72908916
0.74981748
0.74574528
0.74024887
0.73589652
0.75868263
0.75456227
0.74900086
0.74459705
0.76533441
0.76117792
0.75556774
0.7511253
0.76882812
0.76465265
0.75901685
0.75455414
0.77528754
0.77107698
0.76539382
0.7608936
0.78352442
0.77926912
0.77352557
0.76897753
0.78968998
0.78540118
0.77961242
0.77502859
0.75212545
0.74747381
0.74122097
0.73628868
0.75844451
0.75375377
0.74744839
0.74247465
0.76650241
0.76176183
0.75538944
0.75036284
0.77253399
0.76775609
0.76133355
0.75626739
0.7756967
0.77089924
0.7644504
0.75936349
0.78153414
0.77670057
0.77020319
0.765078
0.788958
0.78407851
0.7775194
0.77234551
0.79449938
0.78958561
0.78298041
0.77777018
0.79292294
0.78861658
0.78280412
0.77820151
0.79889006
0.79455128
0.78869506
0.78405781
0.80647885
0.80209884
0.79618697
0.79150565
0.81214335
0.80773256
0.80177915
0.79706493
0.81510778
0.81068089
0.80470574
0.79997431
0.82056823
0.81611168
0.81009649
0.80533335
0.82749061
0.82299646
0.81693052
0.81212718
0.83264034
0.82811822
0.82201453
0.8171813
0.83532907
0.83079235
0.82466895
0.81982012
0.84026963
0.83570608
0.82954647
0.82466895
0.84650887
0.84191143
0.83570608
0.83079235
0.85113141
0.84650887
0.84026963
0.83532907
0.8171813
0.81212718
0.80533335
0.79997431
0.82201453
0.81693052
0.81009649
0.80470574
0.82811822
0.82299646
0.81611168
0.81068089
0.83264034
0.82749061
0.82056823
0.81510778
0.7973994
0.79246767
0.78583836
0.7806091
0.80274117
0.7977764
0.79110267
0.78583836
0.80951313
0.80450646
0.7977764
0.79246767
0.81455098
0.80951313
0.80274118
0.7973994
0.77777018
0.77234551
0.765078
0.75936349
0.78298041
0.7775194
0.77020319
0.7644504
0.78958561
0.78407851
0.77670057
0.77089924
0.79449939
0.788958
0.78153414
0.7756967
0.79706493
0.79150565
0.78405781
0.77820151
0.80177915
0.79618697
0.78869506
0.78280412
0.80773256
0.80209884
0.79455128
0.78861658
0.81214335
0.80647886
0.79889006
0.79292294
0.77502859
0.76897753
0.7608936
0.75455413
0.77961242
0.77352557
0.76539382
0.75901685
0.78540118
0.77926912
0.77107698
0.76465265
0.78968998
0.78352442
0.77528754
0.76882812
0.75626739
0.75036284
0.74247465
0.73628868
0.76133355
0.75538944
0.74744839
0.74122097
0.76775609
0.76176182
0.75375377
0.74747381
0.77253399
0.76650241
0.75844451
0.75212545
0.73568443
0.72994061
0.72226713
0.71624954
0.7412207
0.73543365
0.72770242
0.72163954
0.74826153
0.74241951
0.73461483
0.72849435
0.75351701
0.74763394
0.73977444
0.73361097
0.75660185
0.75132485
0.74425518
0.73869624
0.76229557
0.75697885
0.74985597
0.74425518
0.76953664
0.76416941
0.75697885
0.75132485
0.77494158
0.76953664
0.76229557
0.75660185
0.73361097
0.72849435
0.72163954
0.71624954
0.73977444
0.73461483
0.72770242
0.72226713
0.74763394
0.74241951
0.73543365
0.72994061
0.75351701
0.74826153
0.7412207
0.73568443
0.71332925
0.70775998
0.70031969
0.69448495
0.71932231
0.71370625
0.70620345
0.70031969
0.72696449
0.72128876
0.71370625
0.70775998
0.73268489
0.72696449
0.71932231
0.71332925
0.6913291
0.68532056
0.67731268
0.67104724
0.69713733
0.69107832
0.68300316
0.67668508
0.70454381
0.69842044
0.6902595
0.6838743
0.71008777
0.70391622
0.69569107
0.68925563
0.66766344
0.66123013
0.65267397
0.64599294
0.67327285
0.66678549
0.65815744
0.65142029
0.68042581
0.67386953
0.66514982
0.65834109
0.68578001
0.67917214
0.67038381
0.6635215
0.68858753
0.6819526
0.6731283
0.66623789
0.69376937
0.68708452
0.67819381
0.67125155
0.70035945
0.69361111
0.68463595
0.67762775
0.70527845
0.69848271
0.68944453
0.68238711
0.71299479
0.70679798
0.69853916
0.69207738
0.7183603
0.71211685
0.70379588
0.69728548
0.72518396
0.7188812
0.71048119
0.70390895
0.73027732
0.72393029
0.71547128
0.70885288
0.73294286
0.72657266
0.71808277
0.71144021
0.73785274
0.73143986
0.72289309
0.71620604
0.74407715
0.73761017
0.72899129
0.72224782
0.74870766
0.74220042
0.7335279
0.72674246
0.7511253
0.74459704
0.73589652
0.72908916
0.75556774
0.74900086
0.74024886
0.73340124
0.76117792
0.75456227
0.74574528
0.7388468
0.76533441
0.75868263
0.74981748
0.74288133
0.72541268
0.71842294
0.70912675
0.70186788
0.72970302
0.72267193
0.71332076
0.70601895
0.73512111
0.72803782
0.7186172
0.71126118
0.73913529
0.73201331
0.72254125
0.71514506
0.70785274
0.7010322
0.69196103
0.68487785
0.71259453
0.7057283
0.69659637
0.68946575
0.71860584
0.7116817
0.70247273
0.69528196
0.72307781
0.71611057
0.7068443
0.69960879
0.68105733
0.67380285
0.66417223
0.65666551
0.68561963
0.67831657
0.66862143
0.66106442
0.69140341
0.68403874
0.67426182
0.66664105
0.6957061
0.6882956
0.67845784
0.67078965
0.69795259
0.69051816
0.68064863
0.67295569
0.70208051
0.69460212
0.68467423
0.67693578
0.7072935
0.69975958
0.68975798
0.68196208
0.71115571
0.70358066
0.69352445
0.68568598
0.668811
0.6609498
0.65053074
0.64242227
0.67276659
0.66485888
0.6543782
0.64622178
0.67776193
0.66979551
0.65923701
0.65102002
0.68146289
0.67345298
0.66283681
0.65457496
0.65262116
0.64495025
0.6347834
0.62687122
0.65699298
0.64927068
0.63903573
0.63107054
0.66253527
0.65474782
0.64442653
0.63639415
0.66665831
0.65882241
0.64843688
0.64035452
0.63485912
0.62739698
0.61750685
0.60981001
0.63963665
0.63211835
0.62215379
0.61439903
0.64571253
0.63812282
0.6280636
0.62023518
0.65024773
0.64260471
0.63247484
0.62459143
0.66252135
0.65546432
0.64609582
0.6387934
0.66750705
0.66039691
0.6509579
0.64360053
0.67384767
0.66666999
0.65714132
0.64971407
0.67858048
0.67135239
0.66175679
0.65427737
0.64238934
0.63554674
0.62646292
0.6193824
0.64778641
0.64088633
0.63172618
0.62458617
0.6546686
0.64769522
0.63843775
0.63122188
0.65982011
0.65279186
0.64346155
0.6361889
0.61556768
0.60833231
0.59874272
0.59127978
0.6207394
0.61344324
0.60377308
0.59624744
0.62733424
0.61996055
0.61018765
0.60258205
0.63227066
0.62483895
0.61498914
0.60732369
0.59479335
0.58780216
0.5785362
0.57132512
0.6003468
0.59329034
0.58393787
0.57665946
0.60744469
0.6003048
0.59084176
0.5834773
0.61277044
0.60556795
0.59602194
0.58859292
0.57258612
0.56585594
0.55693591
0.54999404
0.57850794
0.57170817
0.56269589
0.55568223
0.58609181
0.5792029
0.57007249
0.56296689
0.59179406
0.58483813
0.5756189
0.56844417
0.59753492
0.59117013
0.58272059
0.57613448
0.60371476
0.59728414
0.58874722
0.582093
0.61162908
0.60511415
0.59646532
0.58972386
0.61757979
0.61100148
0.6022685
0.59546145
0.62070977
0.61409811
0.60532087
0.59847932
0.62650521
0.61983182
0.61097262
0.60406719
0.63391239
0.6271601
0.61819615
0.61120907
0.63947021
0.63265871
0.62361617
0.61656783
0.64513091
0.63891471
0.6306473
0.62419175
0.65115437
0.64488014
0.63653554
0.63001971
0.65885298
0.65250457
0.64406131
0.63746845
0.66462946
0.65822539
0.64970811
0.64305744
0.66799789
0.66219214
0.65445451
0.64840052
0.67423486
0.66837489
0.66056502
0.65445451
0.68220635
0.67627711
0.66837489
0.66219214
0.68818758
0.68220635
0.67423486
0.66799789
0.64305744
0.63746845
0.63001971
0.62419175
0.64970811
0.64406131
0.63653554
0.6306473
0.65822539
0.65250457
0.64488014
0.63891471
0.66462946
0.65885298
0.65115437
0.64513091
0.62104422
0.61506012
0.6071014
0.6008869
0.62746722
0.62142122
0.61338019
0.60710141
0.63569294
0.62956768
0.62142122
0.61506012
0.64187779
0.63569294
0.62746722
0.62104422
0.59546145
0.58972387
0.582093
0.57613448
0.6022685
0.59646532
0.58874722
0.58272059
0.61100148
0.60511415
0.59728414
0.59117013
0.61757979
0.61162908
0.60371476
0.59753492
0.61656783
0.61120907
0.60406719
0.59847932
0.62361616
0.61819615
0.61097261
0.60532087
0.63265871
0.6271601
0.61983182
0.61409811
0.63947021
0.63391239
0.62650521
0.62070977
0.58859292
0.58347731
0.57665946
0.57132512
0.59602194
0.59084176
0.58393787
0.57853621
0.60556795
0.6003048
0.59329034
0.58780216
0.61277044
0.60744469
0.6003468
0.59479335
0.56844417
0.56296689
0.55568223
0.54999404
0.5756189
0.5700725
0.56269589
0.55693591
0.58483814
0.57920291
0.57170817
0.56585595
0.59179406
0.58609181
0.57850794
0.57258612
0.54692595
0.5411002
0.53336628
0.52733797
0.5538291
0.54792982
0.54009828
0.53399388
0.56269937
0.55670562
0.54874865
0.54254647
0.56939201
0.56332697
0.55527537
0.54899943
0.57292058
0.56681796
0.55871646
0.55240163
0.57946995
0.57329758
0.56510348
0.55871646
0.58787235
0.58161048
0.57329758
0.56681796
0.59420164
0.58787235
0.57946995
0.57292058
0.54899943
0.54254647
0.53399388
0.52733797
0.55527537
0.54874865
0.54009828
0.53336628
0.56332697
0.55670562
0.54792982
0.5411002
0.56939201
0.56269937
0.5538291
0.54692595
0.52409014
0.51792999
0.50976548
0.50341159
0.53070505
0.52446714
0.51619957
0.50976548
0.53920497
0.53286714
0.52446714
0.51792999
0.54561818
0.53920497
0.53070505
0.52409014
