FiniteElementSpace
FiniteElementCollection: L2_2D_P3
VDim: 1
Ordering: 0

0.78826879
0.7796674
0.76732085
0.75872433
0.78040378
0.77207597
0.76004951
0.75163223
0.76655016
0.75856623
0.7469899
0.73884887
0.75450267
0.74673699
0.73546913
0.72753312
0.747607
0.73994652
0.72883084
0.72099987
0.73346134
0.7259964
0.71516594
0.70753439
0.71279438
0.70558349
0.69512685
0.68776026
0.6953703
0.6883561
0.67818965
0.67103034
0.71710108
0.70991915
0.7009635
0.69451441
0.70373319
0.6967271
0.68798361
0.68168243
0.6840904
0.6773237
0.66887361
0.66277987
0.6674641
0.66088773
0.65267355
0.64674835
0.75447808
0.74669499
0.73705184
0.73014514
0.74746303
0.73980959
0.73030891
0.72349383
0.73480316
0.72736186
0.71810137
0.71144462
0.72358357
0.71631112
0.70724771
0.70072439
0.72663183
0.72031506
0.71260695
0.70709928
0.72002464
0.71378408
0.70616454
0.70071803
0.70805247
0.70194592
0.69448343
0.6891458
0.69739795
0.69140662
0.68408035
0.6788377
0.70430156
0.69930072
0.69325196
0.68896997
0.69795093
0.69300428
0.68702045
0.68278429
0.68643327
0.68158317
0.67571492
0.67156011
0.67617283
0.67140716
0.66563995
0.6615562
0.67022354
0.66550616
0.6597968
0.65575371
0.65791907
0.65330025
0.64770911
0.6437492
0.63977086
0.63529462
0.62987484
0.62603564
0.62436177
0.62000434
0.61472763
0.61098934
0.69122484
0.68529853
0.67804964
0.67286117
0.6784668
0.6726715
0.6655794
0.66050117
0.65966877
0.65405976
0.64719225
0.6422728
0.64372268
0.63826666
0.63158469
0.62679702
0.63469401
0.62932294
0.62274433
0.61803025
0.61676138
0.61155619
0.60517989
0.60061015
0.59148255
0.58650615
0.58040959
0.57603988
0.57071978
0.56592792
0.56005739
0.55584958
0.61563229
0.61134137
0.60614486
0.60246317
0.59828541
0.59412518
0.58908641
0.58551617
0.57381675
0.56983807
0.56501874
0.56160367
0.55370874
0.54987725
0.54523599
0.54194696
0.54252851
0.53877819
0.53423518
0.53101572
0.52070334
0.51711031
0.51275777
0.50967323
0.4906333
0.48725487
0.48316231
0.480262
0.46642328
0.46321617
0.45933124
0.45657808
0.55917897
0.55448865
0.54874258
0.54462397
0.53665578
0.53216193
0.52665677
0.52271091
0.50563429
0.50140811
0.49623129
0.49252099
0.48066498
0.47665238
0.47173757
0.46821527
0.57958601
0.57393189
0.56687178
0.56177953
0.5562128
0.55079314
0.54402701
0.53914752
0.5240332
0.51893311
0.51256748
0.50797779
0.4981393
0.4932945
0.48724862
0.4828902
0.65806128
0.65158902
0.64350448
0.63767236
0.63940262
0.63313167
0.62529855
0.61964748
0.61312883
0.60713283
0.59964405
0.59424167
0.59156635
0.58579099
0.57857886
0.5733766
0.68553372
0.67862647
0.66861763
0.66157103
0.66603783
0.65933727
0.64963257
0.64280334
0.63862037
0.6322029
0.62291367
0.61638085
0.61613801
0.60994896
0.600994
0.59469909
0.60365112
0.59758811
0.58881728
0.58265321
0.57929598
0.57347777
0.56506401
0.55915322
0.5457735
0.54029094
0.53236572
0.52680075
0.51880338
0.51359041
0.50605691
0.50076867
0.50399754
0.49893253
0.4916138
0.48647712
0.47543609
0.47065653
0.46375179
0.45890698
0.43672532
0.43233288
0.42598898
0.42153904
0.40602138
0.40193627
0.39603722
0.39190016
0.48392338
0.47921825
0.47334721
0.46911519
0.45649878
0.45206233
0.4465275
0.44253847
0.41932759
0.41525418
0.41017331
0.40651216
0.38984448
0.38605839
0.38133657
0.37793462
0.37380306
0.37017313
0.36564639
0.36238521
0.34312195
0.33979047
0.33563641
0.33264408
0.30204426
0.29911201
0.29545626
0.29282325
0.26983851
0.26721908
0.26395365
0.26160197
0.38931565
0.38539788
0.37974093
0.37577403
0.35736375
0.35376628
0.34857251
0.34493103
0.31458397
0.31141582
0.30684254
0.30363671
0.28104308
0.27821189
0.27412541
0.27126115
0.26292827
0.26027918
0.25645572
0.25377597
0.22852932
0.22622623
0.22290242
0.22057308
0.18295164
0.18110737
0.17844594
0.17658098
0.14757568
0.14608777
0.14394069
0.14243625
0.12859446
0.12729783
0.12542681
0.12411583
0.092781589
0.091845956
0.09049589
0.089549969
0.045779279
0.045317585
0.044651404
0.04418466
0.0096367302
0.009539539
0.0093993022
0.0093010495
0.12346484
0.12226642
0.12077286
0.11969753
0.089080267
0.088215609
0.087138034
0.08636223
0.043952901
0.043526271
0.0429946
0.042611832
0.0092522631
0.0091624559
0.009050538
0.0089699651
0.25244502
0.24999449
0.24693976
0.24473993
0.21941625
0.21728641
0.21463163
0.21271996
0.17565484
0.17394983
0.17182475
0.17029464
0.14168918
0.14031386
0.1385998
0.13736568
0.24361749
0.24159447
0.23911826
0.23734463
0.2117446
0.20998675
0.20783522
0.20629422
0.16951399
0.16810712
0.16638529
0.16515213
0.13673607
0.13560143
0.13421282
0.13321834
0.11914893
0.1181603
0.1169504
0.11608392
0.085966449
0.085253222
0.084380391
0.083755321
0.042416564
0.042064681
0.041634064
0.041325687
0.0089288613
0.0088547905
0.0087641468
0.0086992347
0.11564327
0.11485491
0.11390033
0.11322407
0.083437445
0.082868741
0.082180143
0.081692322
0.041168866
0.040888303
0.040548597
0.040307943
0.0086662245
0.0086071676
0.0085356615
0.0084850055
0.23644257
0.23482855
0.23287403
0.23148925
0.2055105
0.20410826
0.20241025
0.20120725
0.16452498
0.16340292
0.16204425
0.16108168
0.13271259
0.13180776
0.13071213
0.12993594
0.35007613
0.34768045
0.34477889
0.34272288
0.32135207
0.31915467
0.31649339
0.3146077
0.28288959
0.2809569
0.27861633
0.27695795
0.2527312
0.25100553
0.24891575
0.24743512
0.36072082
0.35772042
0.35404684
0.35141491
0.33111702
0.32836434
0.32499433
0.32258008
0.29147968
0.28905792
0.28609335
0.28396972
0.26040203
0.25823927
0.25559192
0.25369565
0.46695462
0.46305873
0.4582871
0.45486752
0.44050213
0.43683051
0.43233396
0.42911175
0.40464342
0.40127428
0.39714867
0.39419256
0.37619831
0.37306816
0.36923554
0.36648957
0.45312783
0.45001435
0.44624288
0.44357017
0.42747253
0.42453893
0.42098548
0.41846732
0.39268878
0.3899977
0.38673817
0.38442838
0.36509274
0.36259314
0.35956567
0.35742038
0.44222155
0.43983042
0.43697954
0.43499646
0.41719671
0.41494389
0.41225792
0.41038955
0.38326292
0.38119657
0.37873297
0.37701929
0.35633795
0.35441883
0.35213079
0.35053925
0.43401005
0.43228936
0.43029645
0.42895935
0.4094602
0.40783904
0.40596142
0.40470165
0.37616689
0.37467996
0.3729578
0.37180234
0.3497476
0.34836666
0.34676726
0.34569417
0.33536953
0.3340461
0.33251331
0.33148491
0.30786381
0.3066501
0.3052444
0.30430127
0.2710274
0.26996011
0.268724
0.26789466
0.24214046
0.24118764
0.24008411
0.23934373
0.3416855
0.33984626
0.33765348
0.33612821
0.31365627
0.31196945
0.30995842
0.30855959
0.27612124
0.27463782
0.27286934
0.27163924
0.2466881
0.24536372
0.24378487
0.24268669
0.2307906
0.22955198
0.22807537
0.22704832
0.20060031
0.19952431
0.19824159
0.19734941
0.16059606
0.15973515
0.15870886
0.15799504
0.12954435
0.12885014
0.12802259
0.12744702
0.1128829
0.11227807
0.11155708
0.11105561
0.081446218
0.081009933
0.080489854
0.080128132
0.040186535
0.039971307
0.039714745
0.039536303
0.00845945
0.0084141463
0.008360142
0.0083225816
0.11080619
0.11037113
0.10986726
0.10952921
0.07994822
0.079634395
0.079270946
0.079027106
0.039447551
0.039292738
0.039113446
0.038993159
0.0083038999
0.0082713133
0.008233574
0.0082082546
0.22653747
0.22564637
0.22461432
0.22392191
0.19690565
0.19613157
0.19523507
0.1946336
0.15764
0.15702069
0.15630344
0.15582223
0.12716073
0.12666137
0.12608303
0.12569502
0.22358743
0.22302397
0.22241361
0.22204056
0.19434305
0.1938536
0.1933234
0.19299936
0.15558979
0.1551982
0.15477402
0.15451477
0.12550759
0.12519184
0.12484982
0.12464078
0.10936592
0.10909084
0.10879285
0.10861073
0.07890932
0.078710897
0.078495959
0.078364593
0.038935055
0.038837172
0.038731142
0.038666339
0.0081960242
0.0081754208
0.0081531026
0.0081394621
0.10852997
0.10840882
0.1083102
0.10828004
0.078306334
0.078218948
0.078147815
0.07812606
0.0386376
0.038594492
0.038559402
0.03854867
0.0081334127
0.008124339
0.008116953
0.008114694
0.22187512
0.22162696
0.22142496
0.22136318
0.19285564
0.19264009
0.19246462
0.19241095
0.15439979
0.15422734
0.15408696
0.15404402
0.12454807
0.12440902
0.12429583
0.12426121
0.3284449
0.32807632
0.32777629
0.32768453
0.30151334
0.30117532
0.30090017
0.30081602
0.26544311
0.26514588
0.26490393
0.26482993
0.23715516
0.23688981
0.23667382
0.23660776
0.33098813
0.33015125
0.3292447
0.32869062
0.30384569
0.3030782
0.30224682
0.30173869
0.26749404
0.26681916
0.26608809
0.26564127
0.23898609
0.2383836
0.23773095
0.23733206
0.42831346
0.42722538
0.4260467
0.42532632
0.40409312
0.40306797
0.40195746
0.40127874
0.37124419
0.37030391
0.36928535
0.36866282
0.3451758
0.34430255
0.3433566
0.34277844
0.42500684
0.42452763
0.42413755
0.42401825
0.40097773
0.40052624
0.40015872
0.40004631
0.36838673
0.36797262
0.36763552
0.36753243
0.34252203
0.34213744
0.34182437
0.34172863
0.50865876
0.50808173
0.50761202
0.50746837
0.4882514
0.48769846
0.48724837
0.48711072
0.46011829
0.45959831
0.45917505
0.4590456
0.43745609
0.43696247
0.43656065
0.43643777
0.57691141
0.57625211
0.57571543
0.5755513
0.5607332
0.56009369
0.55957313
0.55941392
0.53789283
0.53728092
0.53678283
0.5366305
0.51910817
0.51851872
0.51803891
0.51789216
0.58146095
0.57996382
0.5783421
0.57735097
0.56514617
0.56369398
0.56212095
0.56115956
0.54211531
0.54072581
0.53922068
0.53830079
0.52317563
0.52183715
0.52038727
0.51950115
0.51264055
0.51133027
0.50991093
0.50904347
0.49206685
0.49081131
0.48945126
0.48862004
0.46370629
0.46252561
0.46124664
0.46046496
0.44086219
0.43974137
0.43852724
0.43778518
0.51950089
0.51742859
0.51502855
0.51341835
0.49864042
0.49665477
0.49435506
0.49281215
0.46988779
0.46802061
0.46585806
0.46440715
0.44673021
0.44495773
0.44290485
0.44152752
0.52939126
0.52651112
0.52307734
0.52068889
0.50811683
0.5053573
0.50206725
0.49977873
0.47879854
0.47620378
0.47311013
0.47095819
0.45518888
0.45272578
0.44978909
0.44774631
0.60060575
0.59731297
0.59338787
0.59065803
0.58371488
0.58052148
0.57671464
0.57406694
0.55988059
0.55682569
0.55318374
0.55065062
0.54028741
0.53734509
0.53383724
0.5313973
0.58930032
0.58693213
0.58418959
0.58234969
0.57275006
0.57045304
0.56779288
0.56600822
0.54939068
0.54719295
0.54464772
0.54294014
0.5301837
0.52806676
0.52561504
0.52397017
0.641307
0.63870852
0.63569933
0.63368052
0.62959775
0.62705226
0.62410448
0.62212689
0.61231282
0.60984421
0.60698544
0.60506758
0.59762516
0.59522085
0.59243652
0.59056859
0.65371445
0.65009997
0.64579229
0.64279678
0.64175177
0.63821127
0.63399155
0.63105714
0.62409893
0.62066584
0.61657385
0.61372813
0.60910342
0.6057602
0.60177509
0.59900358
0.6868104
0.68298279
0.67842091
0.67524821
0.68064785
0.67686132
0.67234864
0.66921038
0.66946466
0.66575077
0.66132478
0.658247
0.65949649
0.65584584
0.65149514
0.64846974
0.67367011
0.67091719
0.66772846
0.66558869
0.6676495
0.66492676
0.66177325
0.65965729
0.65671627
0.6540463
0.65095418
0.64887961
0.64696509
0.64434066
0.6413014
0.63926238
0.66455492
0.66281316
0.66092601
0.65977239
0.65863508
0.65691288
0.65504705
0.65390652
0.64787745
0.64618914
0.64436017
0.64324225
0.63827743
0.63661815
0.63482069
0.63372208
0.63270534
0.63106254
0.62928296
0.62819529
0.62117164
0.61956243
0.61781929
0.61675391
0.60414119
0.60258062
0.60089018
0.59985704
0.58966632
0.58814638
0.58649996
0.58549373
0.62771291
0.62698936
0.62640037
0.62622024
0.61628142
0.61557271
0.61499581
0.61481937
0.59939885
0.5987116
0.59815217
0.59798107
0.58504748
0.58437813
0.58383328
0.58366664
0.65926071
0.65849314
0.65786826
0.65767713
0.65340067
0.65264186
0.65202413
0.65183519
0.64274644
0.64200273
0.64139731
0.64121214
0.63323485
0.632504
0.63190908
0.63172712
