FiniteElementSpace
FiniteElementCollection: L2_2D_P2
VDim: 1
Ordering: 0

4.9996123
4.9961992
4.9896562
4.9961992
4.9937461
4.9890446
4.9896562
4.9890446
4.987873
4.9853115
4.9787542
4.9753268
4.9859236
4.9812147
4.9787542
4.9870957
4.9859236
4.9853115
4.987873
4.9890446
4.9896562
4.9890446
4.9937461
4.9961992
4.9896562
4.9961992
4.9996123
4.9853115
4.9859236
4.9870957
4.9787542
4.9812147
4.9859236
4.9753268
4.9787542
4.9853115
4.9753268
4.9787542
4.9853115
4.9787542
4.9812147
4.9859236
4.9853115
4.9859236
4.9870957
4.9896562
4.9890446
4.987873
4.9961992
4.9937461
4.9890446
4.9996123
4.9961992
4.9896562
4.9870957
4.9859236
4.9853115
4.9859236
4.9812147
4.9787542
4.9853115
4.9787542
4.9753268
4.9896562
4.9961992
4.9996123
4.9890446
4.9937461
4.9961992
4.987873
4.9890446
4.9896562
4.9996123
4.9961992
4.9896562
4.9961992
4.9937461
4.9890446
4.9896562
4.9890446
4.987873
4.9853115
4.9859236
4.9870957
4.9787542
4.9812147
4.9859236
4.9753268
4.9787542
4.9853115
4.987873
4.9890446
4.9896562
4.9890446
4.9937461
4.9961992
4.9896562
4.9961992
4.9996123
4.9853115
4.9787542
4.9753268
4.9859236
4.9812147
4.9787542
4.9870957
4.9859236
4.9853115
4.9870957
4.9859236
4.9853115
4.9859236
4.9812147
4.9787542
4.9853115
4.9787542
4.9753268
4.9896562
4.9890446
4.987873
4.9961992
4.9937461
4.9890446
4.9996123
4.9961992
4.9896562
4.9753268
4.9787542
4.9853115
4.9787542
4.9812147
4.9859236
4.9853115
4.9859236
4.9870957
4.9896562
4.9961992
4.9996123
4.9890446
4.9937461
4.9961992
4.987873
4.9890446
4.9896562
