FiniteElementSpace
FiniteElementCollection: L2_2D_P1
VDim: 1
Ordering: 0

4.241601003515711e+97
-5.123699236724835e+98
4.29119111805127e+97
-5.09810408398709e+98
-1.158465722647262e+99
-2.144788159740861e+99
-1.152525652105257e+99
-2.135546741416862e+99
-1.144001787812605e+99
-2.122564616618618e+99
-1.126336658959115e+99
-2.095053072448375e+99
4.373393688659136e+97
-5.064096052140088e+98
4.522458572753935e+97
-4.988057152269626e+98
4.685566670511096e+97
-4.920507717421771e+98
4.935006158640588e+97
-4.79627058361411e+98
5.17650473581578e+97
-4.696141417573912e+98
5.527856367655568e+97
-4.527453565005359e+98
-1.055916069952517e+99
-1.985610418460732e+99
-1.01656134895545e+99
-1.923825193260037e+99
-1.109512256995967e+99
-2.069206199895596e+99
-1.080595306355956e+99
-2.024052555587136e+99
-2.946731712147023e+99
-4.225236652251943e+99
-2.876555342746742e+99
-4.131921567286512e+99
-2.816548724284106e+99
-4.051616796676245e+99
-2.721939959654067e+99
-3.924009360050732e+99
-5.091214245673787e+99
-6.616030394207486e+99
-4.920445806926544e+99
-6.399290493788221e+99
-5.327731570533519e+99
-6.912629696929713e+99
-5.20027293799495e+99
-6.753533334233923e+99
-5.481698759243491e+99
-7.102549822141099e+99
-5.402866856983786e+99
-7.005446213441483e+99
-3.031040517624614e+99
-4.336135068051967e+99
-2.987871919844156e+99
-4.279282993468442e+99
-3.066527104880228e+99
-4.382365417632702e+99
-3.051958645702179e+99
-4.363271297439269e+99
-5.546717802938775e+99
-7.181812482576065e+99
-5.520031312437871e+99
-7.149178740030741e+99
-8.593852400927076e+99
-1.056426771637788e+100
-8.550701716720979e+99
-1.051338169285957e+100
-8.488726333499831e+99
-1.044041760759908e+100
-8.3616901553412e+99
-1.028916314407219e+100
-1.208139828496401e+100
-1.438747609820577e+100
-1.189028328557937e+100
-1.416419536878669e+100
-1.224010828886297e+100
-1.457086777451357e+100
-1.217495053154912e+100
-1.449564023791108e+100
-1.652880702104352e+100
-1.924535578501196e+100
-1.643456321844232e+100
-1.913799243512402e+100
-2.149537439482714e+100
-2.460729311409639e+100
-2.13634086482756e+100
-2.445854649622074e+100
-2.1174144831909e+100
-2.424331446328636e+100
-2.079015191233665e+100
-2.380347015668832e+100
-1.629931725674679e+100
-1.898321286644555e+100
-1.602399882646514e+100
-1.866514104168016e+100
-1.576220993030283e+100
-1.835914878403593e+100
-1.532500067581081e+100
-1.784407384075049e+100
-2.042539341014705e+100
-2.337985648669949e+100
-1.981920127609883e+100
-2.26712424192636e+100
-1.930231222585636e+100
-2.2061301776649e+100
-1.851092994807297e+100
-2.11250121998422e+100
-1.495167366513862e+100
-1.739932923931847e+100
-1.437718072959756e+100
-1.671256892405654e+100
-1.114187596099824e+100
-1.327189829402946e+100
-1.073788299966422e+100
-1.278318564692422e+100
-1.170836944142378e+100
-1.394964751427222e+100
-1.140296824011341e+100
-1.358628544038053e+100
-8.24067030880455e+99
-1.014411705154581e+100
-8.036442150178312e+99
-9.897006189564304e+99
-7.86171886784031e+99
-9.683115062297043e+99
-7.58981089978819e+99
-9.348345631945314e+99
-7.368323841291418e+99
-9.072625136477992e+99
-7.039350335730248e+99
-8.662225378956958e+99
-6.778894883311053e+99
-8.33536171643575e+99
-6.403505636739778e+99
-7.864403741423654e+99
-9.539786611468131e+99
-1.132028685223765e+100
-8.989156943139896e+99
-1.064802462326809e+100
-1.040916541398688e+100
-1.238226870004636e+100
-9.923355924129039e+99
-1.178929807426895e+100
-1.391078988529982e+100
-1.61523583550579e+100
-1.322487855512578e+100
-1.532871431167691e+100
-1.787053923656653e+100
-2.036654688346626e+100
-1.693327779502977e+100
-1.925705405346903e+100
-1.620101623595335e+100
-1.839412407514696e+100
-1.515992647473597e+100
-1.716953592442457e+100
-1.268576290733899e+100
-1.468241081108768e+100
-1.19153811392084e+100
-1.376077148689662e+100
-1.13250337110432e+100
-1.305806776015337e+100
-1.049858617748482e+100
-1.207671537216969e+100
-1.436862230643783e+100
-1.62446793736748e+100
-1.326685768194076e+100
-1.495985785811897e+100
-1.244796282839645e+100
-1.401143930928506e+100
-1.13257060554463e+100
-1.271471682631118e+100
-9.878623616610992e+99
-1.134509233652157e+100
-9.024334658685566e+99
-1.033927516918102e+100
-7.514614664838459e+99
-8.859048761179637e+99
-6.888654057967529e+99
-8.104516873998987e+99
-8.564296456005025e+99
-1.013090063181877e+100
-7.966670266862512e+99
-9.405152324137488e+99
-6.112338779332621e+99
-7.499107767326416e+99
-5.701265530219628e+99
-6.984173551481581e+99
-5.388042588364144e+99
-6.593330636952664e+99
-4.952659055108295e+99
-6.051029589074273e+99
-3.522879461960357e+99
-4.576113088981699e+99
-3.243154257853842e+99
-4.209432246419482e+99
-1.943430651711003e+99
-2.83055001248289e+99
-1.787734212550255e+99
-2.606071096668791e+99
-2.201781245277035e+99
-3.199747070700406e+99
-2.055739930899446e+99
-2.991511381448207e+99
-3.985792893329018e+99
-5.183659339221589e+99
-3.72370661256779e+99
-4.839571007029779e+99
-4.409082555506339e+99
-5.737767524988322e+99
-4.170988477976423e+99
-5.426806728768627e+99
-4.781367327721926e+99
-6.220441716996371e+99
-4.573641953936645e+99
-5.952430613559036e+99
-2.645005563284711e+99
-3.81883283810299e+99
-2.529350323873874e+99
-3.660001918772218e+99
-2.437888947572686e+99
-3.532357568752321e+99
-2.305070379659239e+99
-3.346317535099223e+99
-8.979212548852045e+98
-1.734282359240765e+99
-8.416638923505907e+98
-1.643495944034626e+99
-9.846939601284341e+98
-1.873269035954632e+99
-9.360895305061946e+98
-1.796187583187256e+99
5.84415846602111e+97
-4.39624093769769e+98
6.299574809188497e+97
-4.188303645578816e+98
6.686190382438795e+97
-4.02805181327497e+98
7.248171359168085e+97
-3.787327033634734e+98
7.69978569772976e+97
-3.600558199544174e+98
8.370282206967656e+97
-3.334292352783725e+98
-7.983047679999264e+98
-1.57137027485469e+99
-7.364156519947587e+98
-1.468693744316476e+99
-6.892003388531474e+98
-1.387938259327009e+99
-6.240794729285312e+98
-1.275495999225238e+99
8.880531726139713e+97
-3.123793145991186e+98
9.658844727428758e+97
-2.839123206902086e+98
