FiniteElementSpace
FiniteElementCollection: L2_2D_P3
VDim: 1
Ordering: 0

3.367733157582809e+66
-9.861665694963998e+66
-2.614356752146832e+67
-3.496132470142603e+67
-2.478676223915694e+68
-2.270008015027666e+68
-1.868314285064232e+68
-1.56624493117854e+68
5.834544984927553e+68
8.562859957981998e+68
1.176792993960944e+69
1.389769163021314e+69
1.778687294796382e+69
2.151764278507255e+69
2.507838567431981e+69
2.643315316530331e+69
-3.925397980047206e+67
-4.435452787849237e+67
-5.028502690200101e+67
-5.239222425206232e+67
-1.405123164234523e+68
-1.166981448780103e+68
-9.177687761402809e+67
-8.308988884288375e+67
1.484050290452458e+69
1.631957187176081e+69
1.745507181647071e+69
1.778869969048392e+69
2.684793245097078e+69
2.687576728149228e+69
2.673465293326458e+69
2.66472383169659e+69
2.593696405037136e+69
2.388070461807544e+69
2.183662490542051e+69
2.106914802848788e+69
-6.50732233935557e+68
-1.620580781290595e+69
-2.519306996788038e+69
-2.8185643133945e+69
-7.697283534993714e+69
-8.785529624623829e+69
-9.394477881319383e+69
-9.500705057046737e+69
-9.618700298333413e+69
-8.329816195351953e+69
-6.479395015677912e+69
-5.737305277339231e+69
2.403180079483642e+69
2.698372930295334e+69
2.801219642828597e+69
2.680055503967497e+69
2.679494231829697e+69
2.195368667878074e+69
1.023280414478182e+69
-6.240436906903335e+67
5.897890141398758e+68
-1.648889746840132e+69
-4.789952125867091e+69
-6.862081765767333e+69
-2.670096771861649e+69
-5.987421682228487e+69
-9.153159217347874e+69
-9.860077312602264e+69
