FiniteElementSpace
FiniteElementCollection: L2_2D_P3
VDim: 1
Ordering: 0

-2.670096771861823e+69
-5.987421682228567e+69
-9.153159217347776e+69
-9.860077312602015e+69
5.897890141396467e+68
-1.648889746840354e+69
-4.789952125867233e+69
-6.862081765767373e+69
2.67949423182957e+69
2.195368667877867e+69
1.023280414477919e+69
-6.24043690693051e+67
2.403180079483697e+69
2.69837293029531e+69
2.801219642828472e+69
2.680055503967314e+69
1.778687294796513e+69
2.151764278507356e+69
2.507838567432018e+69
2.643315316530314e+69
5.834544984928682e+68
8.562859957983319e+68
1.17679299396109e+69
1.389769163021461e+69
-2.478676223916084e+68
-2.270008015027915e+68
-1.868314285064315e+68
-1.566244931178513e+68
3.367733157497206e+66
-9.861665695052824e+66
-2.614356752156029e+67
-3.496132470151992e+67
2.684793245097032e+69
2.687576728149137e+69
2.673465293326325e+69
2.664723831696443e+69
1.484050290452602e+69
1.631957187176215e+69
1.745507181647191e+69
1.778869969048505e+69
-1.405123164234447e+68
-1.16698144877995e+68
-9.177687761400745e+67
-8.308988884286244e+67
-3.925397980056671e+67
-4.435452787858832e+67
-5.028502690209787e+67
-5.239222425215944e+67
-9.6187002983331e+69
-8.329816195351601e+69
-6.479395015677588e+69
-5.737305277338944e+69
-7.697283534993691e+69
-8.785529624623695e+69
-9.394477881319154e+69
-9.500705057046473e+69
-6.507322339358217e+68
-1.620580781290835e+69
-2.519306996788241e+69
-2.818564313394685e+69
2.59369640503693e+69
2.388070461807306e+69
2.183662490541793e+69
2.106914802848528e+69
