FiniteElementSpace
FiniteElementCollection: L2_2D_P3
VDim: 1
Ordering: 0

2.950898552570073e+102
1.631143054325739e+102
-1.544393006424442e+101
-4.314466761422599e+100
2.953957922644295e+102
1.793709854675632e+102
-1.282647695226481e+101
-4.875076036198974e+100
2.938447822315608e+102
1.91851444249271e+102
-1.008734120571441e+101
-5.526906526920258e+100
2.928839944123112e+102
1.955184007730902e+102
-9.13254058418609e+100
-5.758511907393977e+100
1.954983227582537e+102
6.412840311795951e+101
-2.724352087335401e+101
3.701528570368837e+99
2.365038017924017e+102
9.411574281211648e+101
-2.495001571536527e+101
-1.08391121274892e+100
2.756404878561604e+102
1.293431719146343e+102
-2.053493664553216e+101
-2.873480693388654e+100
2.905309507829039e+102
1.527517181838541e+102
-1.721484478823848e+101
-3.842654276737366e+100
-2.934745427309049e+102
6.482463971190725e+101
2.945074323606063e+102
2.641373085642595e+102
-6.58086949823754e+102
-1.812320697763978e+102
2.412964289235035e+102
2.965824198509353e+102
-1.006038149688723e+103
-5.264711843613885e+102
1.124703624559858e+102
3.078864640526709e+102
-1.083736631234085e+103
-7.542222175663149e+102
-6.858962517908184e+100
2.945691226655219e+102
-1.057206503324543e+103
-8.460205598191902e+102
-7.15230050114238e+101
2.850772580498673e+102
-9.1554322102639e+102
-9.656314019798187e+102
-1.781205867742228e+102
2.624765866813977e+102
-7.121605139697684e+102
-1.032561864225127e+103
-2.769010009947047e+102
2.400097845303241e+102
-6.305962617227002e+102
-1.044237460462194e+103
-3.097928441201829e+102
2.315743252657847e+102
