FiniteElementSpace
FiniteElementCollection: L2_2D_P1
VDim: 1
Ordering: 0

0.030682506
0.029893879
0.047952131
0.044978157
0.059227816
0.055398124
0.071218378
0.066428009
0.052244478
0.047294765
0.062397235
0.056311547
0.029225064
0.028289899
0.042660778
0.039135345
0.027481246
0.026328262
0.036497705
0.0325477
0.025306562
0.023726058
0.029565672
0.025306561
0.032547698
0.02632826
0.036497702
0.027481242
0.043302223
0.037331265
0.051074491
0.043302223
0.056311549
0.047294766
0.062397235
0.052244482
0.039135342
0.028289895
0.042660778
0.029225058
0.044978159
0.029893873
0.047952136
0.030682499
0.066428007
0.055398128
0.071218375
0.05922782
0.082403705
0.073689397
0.088787052
0.079196661
0.069094697
0.062168668
0.077092808
0.069094696
0.079196661
0.073689399
0.088787051
0.082403704
0.095148571
0.088186242
0.10283737
0.09514857
