FiniteElementSpace
FiniteElementCollection: L2_2D_P3
VDim: 1
Ordering: 0

0.0001599983165214812
0.0007600032973921413
0.001539609355742762
0.002132677294370095
0.0007600032973921715
0.003609944505276259
0.00731293503987905
0.01012989595013168
0.001539609355743232
0.007312935039883039
0.01481436846693145
0.02052092742151175
0.002132677294371331
0.01012989595014129
0.02052092742151927
0.02842571255735645
0.002446548221740307
0.003030428782821105
0.003780072594643827
0.004343413967164575
0.01162072549745131
0.01439405421253239
0.0179547367090801
0.02063052052508207
0.02354103765171146
0.02915923915370701
0.03637248707991109
0.04179312083760171
0.03260920820384356
0.0403916250561089
0.05038354122341526
0.05789230260164437
0.03740841243130889
0.04633621898884634
0.05779872027601037
0.06641260068618185
0.04633621898885541
0.05739476768621418
0.07159293329667735
0.08226257912055272
0.05779872027602571
0.07159293329668052
0.08930333462268522
0.1026122448684358
0.06641260068619449
0.08226257912055188
0.1026122448684344
0.1179043932229269
0.00244654822174214
0.01162072549746466
0.02354103765172384
0.03260920820384854
0.003030428782824673
0.01439405421255381
0.02915923915372936
0.0403916250561236
0.003780072594650447
0.01795473670911348
0.03637248707994619
0.05038354122343924
0.004343413967173627
0.02063052052512493
0.04179312083764429
0.05789230260166921
0.004639073429949557
0.02203485953603198
0.04463805232947155
0.0618331537730404
0.005184390582678986
0.02462504091166274
0.04988528894582595
0.06910171626937674
0.005875264726459701
0.02790660769768755
0.05653315615886279
0.07831043669356336
0.006387230906573118
0.0303383911707424
0.06145951675571852
0.08513448009869212
0.006653316924916454
0.03160227327686518
0.06401991646635578
0.08868116169459951
0.00713911524160523
0.03390977136122694
0.06869449275719103
0.09515639432697784
0.007744670465511169
0.03678611181452227
0.07452143197692578
0.1032278440387419
0.008185587205169124
0.03888043742004243
0.07876414279999065
0.1091047988127393
0.1017326716551539
0.126011342062779
0.1571819238886301
0.1806055428270427
0.1091607937165803
0.1352119682786836
0.1686582411223804
0.1937920476445508
0.1184199917775502
0.1466805840060461
0.182963579537105
0.2102291996049542
0.1251617414694907
0.1550310428316318
0.1933795461748365
0.2221973892185578
0.07093345261239299
0.08786234296750844
0.1095971294172345
0.1259301008234099
0.07927176332534193
0.09819055765639471
0.1224799917521181
0.1407326252928817
0.0898357393119895
0.1112754847837226
0.1388013394260684
0.1594860048575805
0.09766405116401403
0.1209718531711476
0.1508959789895146
0.1733828937980305
0.1345020436484805
0.1503120459421728
0.1703418447098124
0.1851846459666024
0.1503120459422012
0.1679802858907783
0.1903644020533773
0.2069518886662365
0.1703418447099192
0.1903644020534606
0.2157313132551978
0.2345291289899961
0.1851846459667973
0.2069518886663998
0.2345291289900621
0.2549647717476724
0.1928989327332359
0.2155729533927953
0.2442989306748302
0.2655857394665443
0.2069830412923904
0.2313125351633721
0.2621356481619069
0.2849763577156038
0.2245390602495911
0.2509319995994285
0.2843690183835539
0.30914662753392
0.2373218830706389
0.2652171430210614
0.3005573038540542
0.326745245378577
0.2766490415583699
0.296847223121851
0.3220241830179127
0.3403558751919166
0.2968472231218551
0.3185198676245214
0.3455349554240383
0.3652051487245306
0.3220241830178773
0.3455349554239975
0.3748415060376844
0.3961801534806096
0.3403558751918166
0.3652051487244283
0.396180153480557
0.418733488703055
0.1928989327329837
0.2069830412920484
0.2245390602491898
0.2373218830702381
0.2155729533925916
0.2313125351631294
0.2509319995991948
0.2652171430208642
0.2442989306747442
0.262135648161816
0.2843690183834974
0.3005573038540491
0.265585739466529
0.2849763577155863
0.3091466275339388
0.3267452453786555
0.101732671655176
0.1091607937165915
0.1184199917775351
0.1251617414694441
0.1260113420627291
0.1352119682785828
0.1466805840058447
0.1550310428313277
0.1571819238884625
0.1686582411221062
0.1829635795366688
0.1933795461742823
0.180605542826803
0.1937920476441968
0.2102291996044805
0.2221973892180359
0.07093345261238586
0.07927176332534799
0.08983573931200969
0.09766405116403823
0.08786234296751366
0.09819055765640131
0.111275484783714
0.1209718531711153
0.1095971294172349
0.1224799917521031
0.1388013394260052
0.1508959789893903
0.1259301008234066
0.1407326252928537
0.1594860048574833
0.1733828937978492
0.004639073429939305
0.005184390582666206
0.005875264726443128
0.006387230906553456
0.02203485953598438
0.02462504091160686
0.02790660769762153
0.03033839117066908
0.04463805232942675
0.04988528894578151
0.05653315615882538
0.06145951675569008
0.0618331537730187
0.0691017162693674
0.07831043669357481
0.08513448009871681
0.006653316924895185
0.007139115241581012
0.007744670465483211
0.008185587205138574
0.03160227327678857
0.0339097713611466
0.0367861118144394
0.03888043741995796
0.06401991646633343
0.06869449275718106
0.07452143197693047
0.07876414280000432
0.08868116169462859
0.09515639432701126
0.1032278440387767
0.1091047988127748
0.008411874502518556
0.008819485727694891
0.009316451764318735
0.009669375474958707
0.03995528885804107
0.04189142082943852
0.04425198734861173
0.04592836141040615
0.08094158624314629
0.08486381178428692
0.08964584452913572
0.09304183061095392
0.1121209586456146
0.1175539459002358
0.1241778915293234
0.1288819029011925
0.1286217228709339
0.1348541543957813
0.1424527791451277
0.1478489580153158
0.1593166463485347
0.1670362766756548
0.1764481333880701
0.1831320044585576
0.1987252221769547
0.2083543747582162
0.2200943659462446
0.2284315760661128
0.2283396929834963
0.239403786870125
0.2528932227738743
0.2624727598998952
0.1505673873766607
0.1553647298157747
0.1610109208709398
0.1648542663208029
0.1864991411911331
0.1924412999596435
0.1994348910543779
0.2041954181072933
0.2326316136485564
0.2400436266100215
0.2487671344929236
0.2547051965568276
0.2672986254721629
0.275815036940106
0.2858383053567415
0.2926610776763016
0.009847168293360015
0.01016092881033139
0.01053020816443369
0.01078157646788171
0.04677287102533392
0.04826322314533149
0.05001728883335468
0.05121128097328692
0.09475262836391413
0.09777176062002391
0.1013251101735734
0.1037438684737308
0.1312516394714611
0.1354336259243229
0.140355575703215
0.143705929281752
0.01090404243950257
0.01111189475089366
0.01133929618407202
0.01147944897560107
0.05179299081354573
0.05278028330874593
0.0538604333782544
0.05452615467718795
0.1049222794140345
0.1069223054274579
0.1091104358469036
0.1104590292381194
0.1453382080063368
0.1481085454986578
0.1511394308520616
0.1530074296325152
0.01154188170622286
0.01163583801826511
0.01171262235028678
0.01173617329146103
0.05482270799921635
0.05526899676742438
0.0556337186390801
0.05574558425502845
0.111059775599023
0.1119638503328064
0.1127026902388417
0.1129293035549493
0.1538395500677479
0.1550918218815465
0.1561152171748253
0.1564291070399202
0.1764790398944966
0.177915590238
0.1790895885937945
0.179449672177243
0.2185943828435977
0.2203737574245591
0.221827919726176
0.2222739324643264
0.272665694250539
0.2748851809285738
0.276699018171445
0.2772553494198745
0.3132973597304314
0.315847491297425
0.3179315322244628
0.3185707346251981
0.1667267300498309
0.1699047166453492
0.1733815942520302
0.1755244708501506
0.2065147320261678
0.2104511263276359
0.2147577447132494
0.2174120100084842
0.2575981956195574
0.2625082526272229
0.2678800938184641
0.2711908721222687
0.2959850945321039
0.3016266713976258
0.3077988130745417
0.3116028237989134
0.3161308909670135
0.3221563629417404
0.3287485203726517
0.3328114068164898
0.3532880257273339
0.3600217877657677
0.3673888882106002
0.3719294077634981
0.4003636547382916
0.4079948016973478
0.416343657605123
0.4214892330508734
0.4352481051181991
0.4435439834583352
0.4526200195358199
0.4582137349500816
0.3346212645930853
0.3373449564618005
0.3395708542538273
0.3402535741520463
0.3739520374276114
0.3769959330536564
0.3794835051013662
0.3802464793193243
0.4237813837380818
0.4272308823538285
0.4300499254157942
0.4309145693411744
0.460705507042976
0.4644554060471899
0.4675199235357046
0.468459845468241
0.4798953701761157
0.4838014546782394
0.4869936503320008
0.4879727552332548
0.5149320984090687
0.5191235499516639
0.5225489553482839
0.5235995775013523
0.5586071512925476
0.5631541690995122
0.5668701379841492
0.5680098839634333
0.5904065422323073
0.5952121407934162
0.5991393882753275
0.6003439089492504
0.453378003403426
0.4620192595023595
0.4714731838124868
0.4772998280066912
0.4864780453678254
0.4957502914737484
0.5058946788417982
0.5121469407257419
0.5277387420927445
0.5377977985404901
0.5488029725786301
0.555585710991681
0.557781725394531
0.5684133267438474
0.580044697213747
0.5872132602414425
0.4094383224605254
0.4224831531597891
0.437836022660986
0.4482865710945063
0.4393309878754397
0.4533279302364036
0.4698014302673885
0.4810148817384819
0.4765919938849076
0.4917760930233906
0.5096470982919997
0.5218119960176678
0.5037224501510412
0.5197712344647032
0.5386599749052845
0.5515175651461346
0.2854924634248489
0.2945883720986652
0.3052936633923959
0.312580688409796
0.319048579910349
0.3292134760491436
0.3411769766637306
0.3493205149816005
0.3615612114613358
0.3730807144205513
0.3866385712384126
0.3958673986911426
0.3930648520533488
0.4055881469732554
0.4203273108699374
0.4303601640324866
0.2438822521391007
0.2556993612461992
0.270106803501198
0.2803382166583419
0.2725484889942473
0.285754309040789
0.3018548385401204
0.3132886089030392
0.3088653677262237
0.3238305974987741
0.3420763520859483
0.3550336770130872
0.3357771591237238
0.352046347211011
0.3718820294594931
0.3859684927422858
0.3497640594041231
0.3667110575384359
0.387373128868887
0.4020463914999348
0.3753003099801002
0.3934846841695303
0.4156551972341822
0.4313995345582199
0.4071315364343611
0.426858036024946
0.4509085284166796
0.4679879310692291
0.4303081731087043
0.4511573700151973
0.4765767578824127
0.494628468714176
0.4422026897273426
0.4636280706455517
0.4897501533548578
0.5083010431968773
0.4636280706455282
0.4860915837792638
0.5134796839654474
0.5329296990643553
0.4897501533548576
0.5134796839654789
0.5424113544085973
0.5629572769212162
0.5083010431969307
0.5329296990644271
0.5629572769212398
0.5842812025025622
0.5176465451587614
0.5427280969939013
0.5733075743211681
0.5950233635106605
0.5341391296850145
0.5600196956047514
0.5915730857268452
0.6139807105847545
0.5535499940511909
0.5803706746616791
0.6130705320608449
0.6362929220398346
0.566762804337644
0.5942233535948823
0.6277039788383438
0.6514812360727744
0.6059629928817202
0.6252691227559206
0.6479920662374633
0.6634598583693094
0.6252691227559053
0.6451909314177025
0.6686382109148588
0.6845985719306507
0.6479920662374731
0.6686382109148458
0.6929371537261561
0.7094769762666043
0.6634598583692958
0.6845985719305696
0.7094769762665539
0.7264116708479911
0.5176465451586679
0.5341391296848838
0.5535499940511096
0.5667628043376731
0.5427280969938175
0.5600196956047065
0.5803706746617441
0.5942233535950222
0.5733075743211676
0.5915730857269038
0.6130705320609171
0.6277039788383763
0.5950233635106869
0.6139807105848055
0.6362929220398372
0.651481236072741
0.5731999537567523
0.5841251157549047
0.596077643991668
0.6034441852297258
0.6009722762386578
0.6124267582700617
0.6249586901930593
0.6326825270352852
0.6348334741813852
0.646934037497744
0.6601729522183605
0.6683324768956862
0.6588810898969867
0.6714402924461591
0.6851805563393418
0.6936487597983969
0.6067256859817217
0.6116640863971232
0.6156999352900295
0.6169378137845835
0.6361232490783294
0.6413013067217347
0.6455330389673375
0.6468309784290976
0.6719672234669933
0.677437206748323
0.6819074400901712
0.6832785298357956
0.6974209101355907
0.7030976133338509
0.7077366962008583
0.7091595201046295
0.7102425350373236
0.7160234911566947
0.72074792467249
0.7221970260183753
0.7328716240905252
0.7388374814056495
0.743713155389512
0.7452086240964582
0.7595077671840045
0.7656908605944744
0.7707438102371814
0.7722936099592086
0.7776381945555356
0.7839678853725827
0.7891403457052307
0.7907266855756814
0.6709957279284554
0.6837854979529484
0.6977777194132939
0.7064011759325175
0.6923741802537384
0.705570935543448
0.7200088634485295
0.7289074911777008
0.7175350130920628
0.7312118716246896
0.7461759679005988
0.7553991325473771
0.7346625079169558
0.7486668459332446
0.7639888843540366
0.7734319678586653
0.7430075586375675
0.7571713482718648
0.7726668166756162
0.782216143714445
0.757171348271834
0.7716045246518582
0.7873938957626286
0.7971248150459657
0.772666816675515
0.7873938957625858
0.8035064708345693
0.81343845398633
0.782216143714307
0.797124815045918
0.8134384539863535
0.8234946463168574
0.7864695665986746
0.7928705995605515
0.7981018023332368
0.7997063963156478
0.8014597177310502
0.8079841257251354
0.8133167971485746
0.814952545058791
0.8178635937968971
0.8245228053832258
0.8299643166212471
0.8316330755164244
0.8279742418529267
0.8347129093585558
0.8402169953470914
0.841904203778517
0.8324764906048869
0.839248202128427
0.8447799339496702
0.8464766352617953
0.839248202128466
0.8460737222667072
0.8516561559794309
0.8533703511632215
0.8447799339497073
0.8516561559794328
0.8572890509602973
0.8590215974254216
0.8464766352618369
0.853370351163218
0.8590215974254082
0.8607686537258822
0.7864695665985231
0.8014597177310158
0.8178635937969579
0.827974241852971
0.7928705995603903
0.8079841257251563
0.8245228053833484
0.8347129093586418
0.798101802333101
0.8133167971486943
0.8299643166214326
0.8402169953471831
0.7997063963155258
0.8149525450589656
0.8316330755166521
0.8419042037786161
0.7102425350372076
0.7328716240904888
0.7595077671838761
0.7776381945553471
0.7160234911566198
0.7388374814055838
0.7656908605942442
0.7839678853723256
0.7207479246724221
0.743713155389363
0.7707438102368511
0.7891403457049332
0.7221970260182834
0.7452086240962531
0.7722936099587987
0.7907266855753561
0.6709957279283881
0.692374180253602
0.7175350130919939
0.7346625079169496
0.6837854979527945
0.7055709355432859
0.7312118716246403
0.7486668459332262
0.6977777194131077
0.7200088634484191
0.7461759679005647
0.7639888843539565
0.7064011759323664
0.7289074911776491
0.7553991325473048
0.773431967858522
0.5731999537566517
0.6009722762385
0.6348334741813715
0.6588810898970008
0.5841251157547012
0.6124267582698865
0.6469340374977215
0.6714402924460986
0.5960776439913744
0.6249586901928871
0.6601729522183153
0.685180556339211
0.6034441852294
0.632682527035151
0.6683324768956296
0.6936487597982446
0.6067256859813944
0.6361232490782271
0.6719672234669333
0.6974209101354432
0.611664086396794
0.641301306721675
0.6774372067482629
0.7030976133337271
0.6156999352896916
0.6455330389673087
0.6819074400901286
0.7077366962007625
0.616937813784242
0.646830978429077
0.6832785298357714
0.7091595201045339
0.4798953701762138
0.5149320984093086
0.5586071512925118
0.5904065422319591
0.4838014546783415
0.5191235499518503
0.5631541690994319
0.5952121407930265
0.4869936503320705
0.5225489553484172
0.5668701379840402
0.599139388274901
0.4879727552332924
0.5235995775014718
0.5680098839633095
0.6003439089488027
0.3346212645928845
0.3739520374269421
0.4237813837373279
0.4607055070427237
0.3373449564615472
0.3769959330529363
0.427230882353098
0.4644554060469858
0.3395708542535247
0.37948350510062
0.4300499254150947
0.4675199235355179
0.3402535741517326
0.3802464793185661
0.43091456934048
0.4684598454680439
0.3161308909670222
0.3532880257268965
0.4003636547374572
0.4352481051176303
0.322156362941693
0.3600217877652613
0.4079948016965235
0.4435439834578506
0.3287485203725257
0.3673888882100252
0.4163436576043316
0.4526200195354402
0.3328114068163139
0.3719294077628672
0.4214892330501093
0.4582137349497861
0.4533780034031932
0.4864780453679325
0.5277387420929429
0.5577817253945704
0.4620192595022366
0.4957502914739373
0.5377977985406402
0.5684133267437572
0.4714731838124858
0.5058946788420464
0.5488029725786833
0.5800446972135076
0.4772998280067648
0.5121469407259992
0.5555857109916723
0.5872132602411227
0.4094383224600165
0.4393309878751004
0.4765919938848174
0.5037224501510951
0.4224831531592618
0.4533279302361538
0.4917760930234147
0.5197712344648373
0.4378360226605506
0.4698014302673142
0.5096470982921474
0.5386599749054473
0.4482865710942017
0.4810148817385351
0.5218119960178665
0.5515175651462384
0.3497640594039816
0.3753003099799597
0.4071315364342751
0.4303081731086763
0.3667110575382087
0.3934846841693107
0.4268580360248065
0.4511573700151373
0.3873731288685292
0.4156551972338663
0.4509085284165157
0.4765767578823664
0.4020463914994739
0.4313995345578691
0.4679879310690931
0.4946284687141825
0.243882252139488
0.2725484889944196
0.3088653677261922
0.3357771591236033
0.2556993612465552
0.2857543090409005
0.3238305974986587
0.3520463472108044
0.2701068035014915
0.3018548385401308
0.3420763520857123
0.3718820294591577
0.2803382166585661
0.3132886089029651
0.355033677012762
0.3859684927418389
0.2854924634250308
0.3190485799102364
0.3615612114609607
0.3930648520528368
0.2945883720987835
0.329213476048964
0.3730807144200482
0.4055881469726453
0.3052936633924553
0.3411769766634443
0.386638571237724
0.42032731086928
0.3125806884098241
0.3493205149812152
0.3958673986903339
0.4303601640318701
0.1505673873770433
0.1864991411919634
0.2326316136493067
0.267298625472555
0.1553647298162606
0.19244129996057
0.2400436266107548
0.2758150369404179
0.161010920871564
0.199434891055411
0.2487671344936083
0.2858383053569618
0.1648542663215272
0.2041954181083852
0.2547051965574637
0.2926610776764732
0.1286217228710027
0.1593166463489033
0.1987252221775608
0.2283396929840237
0.1348541543959099
0.1670362766761515
0.2083543747588927
0.239403786870646
0.1424527791453625
0.1764481333887311
0.2200943659469743
0.2528932227743576
0.1478489580156458
0.1831320044593331
0.2284315760668611
0.2624727599003262
0.008411874502550329
0.03995528885812705
0.08094158624312904
0.1121209586455781
0.008819485727728685
0.04189142082952956
0.08486381178426106
0.1175539459002049
0.009316451764354909
0.04425198734871068
0.08964584452909692
0.1241778915293193
0.009669375474996762
0.04592836141051003
0.09304183061090804
0.1288819029012242
0.009847168293399249
0.04677287102544012
0.09475262836386569
0.1312516394715171
0.01016092881037338
0.04826322314544081
0.09777176061996927
0.1354336259244294
0.01053020816447963
0.05001728883346433
0.101325110173513
0.1403555757033949
0.0107815764679305
0.05121128097339532
0.1037438684736708
0.1437059292819923
0.01090404243955291
0.05179299081365394
0.1049222794139754
0.14533820800661
0.0111118947509474
0.05278028330885633
0.1069223054273968
0.1481085454989877
0.01133929618413052
0.05386043337836908
0.1091104358468398
0.1511394308524533
0.01147944897566337
0.05452615467730492
0.1104590292380548
0.1530074296329435
0.1667267300506048
0.2065147320272808
0.2575981956201689
0.2959850945322585
0.1699047166462063
0.2104511263287806
0.2625082526278051
0.3016266713977421
0.1733815942529754
0.2147577447144278
0.2678800938190211
0.307798813074602
0.1755244708511507
0.2174120100096868
0.2711908721228023
0.3116028237989346
0.1764790398955199
0.2185943828448134
0.27266569425106
0.3132973597304378
0.1779155902390594
0.2203737574258014
0.2748851809290799
0.315847491297398
0.1790895885948936
0.2218279197274577
0.2766990181719361
0.3179315322243899
0.1794496721783634
0.2222739324656402
0.2772553494203616
0.3185707346251099
0.01154188170628754
0.05482270799933353
0.1110597755989587
0.1538395500681931
0.01163583801833492
0.05526899676754211
0.111963850332745
0.1550918218820173
0.01171262235036324
0.05563371863920025
0.1127026902387859
0.1561152171753136
0.01173617329154247
0.05574558425515196
0.1129293035548958
0.1564291070404106
0.01173617329154435
0.0557455842551528
0.1129293035548946
0.1564291070404131
0.01171262235037189
0.05563371863920304
0.1127026902387817
0.1561152171753265
0.01163583801835189
0.05526899676754594
0.1119638503327395
0.1550918218820446
0.0115418817063107
0.05482270799933837
0.1110597755989528
0.1538395500682301
0.01147944897568971
0.05452615467731148
0.1104590292380479
0.1530074296329867
0.0113392961841624
0.05386043337838298
0.1091104358468313
0.151139430852512
0.0111118947509857
0.05278028330888333
0.1069223054273874
0.1481085454990675
0.01090404243959526
0.05179299081369089
0.1049222794139654
0.145338208006705
0.1755244708511887
0.2174120100097602
0.2711908721229508
0.3116028237989251
0.1733815942530333
0.2147577447145068
0.2678800938191903
0.3077988130746087
0.1699047166462924
0.2104511263288707
0.2625082526279992
0.3016266713977813
0.1667267300507176
0.2065147320273841
0.2575981956203736
0.2959850945323305
0.1794496721783651
0.2222739324656429
0.2772553494203729
0.3185707346251085
0.1790895885949035
0.2218279197274763
0.2766990181719848
0.3179315322243769
0.1779155902390815
0.2203737574258478
0.2748851809291735
0.3158474912973711
0.1764790398955506
0.2185943828448806
0.272665694251192
0.3132973597304186
0.3402535741517274
0.3802464793185537
0.4309145693404633
0.4684598454680309
0.3395708542534854
0.3794835051005637
0.430049925415019
0.4675199235354514
0.3373449564614482
0.3769959330528137
0.4272308823529438
0.4644554060468493
0.3346212645927473
0.3739520374267455
0.4237813837371034
0.4607055070425464
0.4879727552332742
0.523599577501456
0.5680098839632868
0.6003439089487904
0.4869936503319847
0.5225489553483176
0.5668701379839483
0.5991393882748596
0.4838014546781813
0.5191235499516222
0.5631541690992548
0.5952121407929556
0.4798953701760184
0.5149320984090072
0.5586071512922415
0.5904065422318386
0.4772998280065625
0.5121469407256815
0.5555857109913462
0.5872132602409521
0.4714731838122607
0.505894678841715
0.5488029725782886
0.5800446972132277
0.4620192595019605
0.4957502914735986
0.5377977985401844
0.5684133267433364
0.4533780034028756
0.4864780453675955
0.5277387420924469
0.5577817253940466
0.3328114068161651
0.3719294077626241
0.4214892330498435
0.4582137349495922
0.3287485203723661
0.3673888882097182
0.4163436576039956
0.4526200195351978
0.3221563629415422
0.3600217877649045
0.4079948016961004
0.4435439834575225
0.3161308909669029
0.3532880257265208
0.400363654736964
0.4352481051172295
0.3125806884097332
0.3493205149808384
0.3958673986897986
0.4303601640314316
0.305293663392414
0.3411769766630871
0.386638571237116
0.4203273108687532
0.2945883720987906
0.3292134760486624
0.3730807144193796
0.4055881469719734
0.2854924634250662
0.31904857991
0.3615612114602825
0.3930648520520471
0.4482865710938676
0.4810148817381994
0.5218119960173522
0.5515175651456636
0.4378360226601652
0.4698014302669832
0.5096470982916395
0.5386599749048031
0.422483153158746
0.4533279302358034
0.4917760930229714
0.5197712344641747
0.409438322459351
0.4393309878746797
0.4765919938844473
0.5037224501504906
0.4020463914987149
0.4313995345573745
0.4679879310687458
0.4946284687136411
0.3873731288676165
0.4156551972331609
0.4509085284160955
0.4765767578819164
0.3667110575372026
0.39348468416831
0.4268580360241255
0.4511573700146444
0.3497640594030456
0.3753003099788141
0.4071315364332952
0.4303081731079639
0.2803382166586111
0.3132886089027666
0.3550336770121005
0.3859684927409959
0.2701068035015516
0.3018548385399957
0.3420763520851244
0.3718820294582709
0.2556993612466572
0.2857543090408466
0.3238305974982181
0.3520463472099763
0.2438822521396498
0.2725484889944286
0.3088653677258913
0.3357771591229227
0.1478489580158558
0.1831320044595962
0.2284315760670457
0.2624727599004112
0.1424527791455713
0.176448133389043
0.2200943659472052
0.2528932227744582
0.1348541543960972
0.1670362766765066
0.2083543747592096
0.2394037868708128
0.1286217228711612
0.159316646349274
0.198725222177953
0.2283396929842762
0.1648542663216557
0.2041954181084971
0.2547051965576646
0.2926610776765625
0.1610109208717213
0.1994348910555458
0.2487671344937909
0.2858383053570643
0.1553647298164511
0.1924412999607523
0.2400436266109212
0.275815036940515
0.1505673873772494
0.1864991411921959
0.2326316136494778
0.2672986254726428
0.0107815764679745
0.05121128097343664
0.1037438684736613
0.1437059292820942
0.01053020816452631
0.05001728883351365
0.1013251101735036
0.1403555757035046
0.01016092881042334
0.04826322314550169
0.09777176061995788
0.1354336259245392
0.009847168293451379
0.04677287102551109
0.09475262836385584
0.1312516394716182
0.009669375475049657
0.04592836141058701
0.09304183061090092
0.1288819029013174
0.009316451764408156
0.04425198734880167
0.08964584452909787
0.1241778915293953
0.008819485727781606
0.04189142082964111
0.08486381178427962
0.1175539459002578
0.008411874502603023
0.03995528885825267
0.08094158624316664
0.1121209586456144
0.008185587205221839
0.03888043742017423
0.07876414280003935
0.1091047988127687
0.007744670465563286
0.03678611181466545
0.07452143197699498
0.1032278440387679
0.007139115241655316
0.03390977136138371
0.0686944927572888
0.09515639432701359
0.006653316924964269
0.03160227327703048
0.06401991646647655
0.08868116169465148
0.12516174146963
0.1550310428320018
0.1933795461752735
0.2221973892188684
0.1184199917776546
0.146680584006392
0.1829635795376204
0.2102291996053981
0.1091607937166503
0.1352119682789687
0.1686582411229459
0.1937920476451648
0.1017326716552104
0.1260113420630045
0.157181923889174
0.1806055428277348
0.09766405116406741
0.1209718531713387
0.1508959789900237
0.1733828937987311
0.08983573931204768
0.1112754847838542
0.1388013394264801
0.1594860048582291
0.07927176332542986
0.09819055765647934
0.1224799917523743
0.1407326252933652
0.07093345261251742
0.08786234296759345
0.1095971294173913
0.1259301008237292
0.006387230906619598
0.03033839117091108
0.0614595167558518
0.08513448009875516
0.005875264726503484
0.02790660769785942
0.05653315615901947
0.07831043669365258
0.005184390582718699
0.02462504091183369
0.04988528894601055
0.06910171626950704
0.004639073429985743
0.02203485953619915
0.04463805232967322
0.061833153773203
0.004343413967207821
0.02063052052528901
0.0417931208378535
0.05789230260184842
0.003780072594681002
0.01795473670926859
0.03637248708016538
0.05038354122364873
0.003030428782850243
0.01439405421269155
0.02915923915394816
0.04039162505636092
0.002446548221763271
0.01162072549758509
0.02354103765192981
0.03260920820408982
0.002132677294389773
0.01012989595025067
0.02052092742171343
0.02842571255759148
0.001539609355756382
0.007312935039967191
0.01481436846709277
0.02052092742171868
0.0007600032973983661
0.003609944505320763
0.007312935039973108
0.01012989595026116
0.0001599983165226554
0.0007600032974016025
0.001539609355764109
0.002132677294401013
0.03260920820409263
0.04039162505637054
0.05038354122366889
0.05789230260187632
0.02354103765193783
0.02915923915396223
0.03637248708018821
0.04179312083788374
0.01162072549759796
0.01439405421270953
0.01795473670929372
0.0206305205253198
0.002446548221776329
0.003030428782866538
0.003780072594701221
0.004343413967230772
0.06641260068634033
0.08226257912064973
0.1026122448685571
0.1179043932231617
0.05779872027621227
0.0715929332968165
0.08930333462278901
0.1026122448685721
0.04633621898908815
0.05739476768641735
0.07159293329682753
0.08226257912067192
0.03740841243155905
0.04633621898909501
0.0577987202762301
0.06641260068636633
0.1259301008237444
0.1407326252934043
0.1594860048582836
0.1733828937987919
0.1095971294174219
0.1224799917524354
0.1388013394265675
0.1508959789901246
0.0878623429676251
0.09819055765653999
0.1112754847839609
0.12097185317148
0.07093345261254724
0.07927176332547364
0.08983573931212348
0.09766405116417566
0.06183315377323447
0.06910171626954625
0.0783104366937078
0.08513448009883036
0.04463805232970824
0.04988528894605442
0.05653315615907366
0.06145951675591489
0.02203485953623316
0.02462504091187521
0.02790660769791195
0.03033839117097151
0.004639073430009974
0.005184390582744944
0.005875264726532294
0.006387230906650805
0.08868116169474161
0.0951563943271327
0.1032278440389251
0.1091047988129587
0.06401991646654602
0.06869449275737298
0.07452143197710011
0.07876414280016111
0.0316022732770946
0.0339097713614551
0.03678611181474706
0.03888043742026413
0.006653316924996913
0.007139115241690541
0.007744670465602284
0.008185587205264397
0.1806055428278008
0.1937920476452368
0.2102291996054557
0.2221973892188934
0.1571819238892841
0.1686582411230769
0.1829635795377672
0.1933795461754172
0.1260113420631609
0.1352119682791521
0.1466805840066111
0.1550310428322456
0.1017326716553371
0.1091607937168094
0.118419991777857
0.1251617414698698
0.2655857394665402
0.2849763577154126
0.3091466275333885
0.3267452453777002
0.2442989306750345
0.2621356481619176
0.2843690183833231
0.3005573038535848
0.2155729533933278
0.2313125351636902
0.2509319995995109
0.2652171430209893
0.192898932733962
0.2069830412929637
0.22453906024993
0.2373218830708172
0.1851846459675287
0.2069518886670366
0.2345291289904095
0.2549647717477755
0.1703418447106618
0.1903644020542441
0.2157313132558252
0.2345291289904053
0.1503120459428214
0.1679802858915815
0.1903644020542583
0.2069518886670524
0.1345020436489258
0.1503120459428431
0.1703418447107001
0.1851846459675743
0.2373218830708434
0.2652171430211042
0.3005573038538286
0.3267452453780124
0.2245390602499172
0.2509319995995636
0.2843690183834435
0.3091466275335539
0.206983041292923
0.2313125351636968
0.2621356481619511
0.2849763577154524
0.1928989327339148
0.2155729533933163
0.244298930675044
0.2655857394665442
0.3403558751909872
0.3652051487232696
0.3961801534793961
0.4187334887021361
0.3220241830172942
0.3455349554229822
0.3748415060363492
0.3961801534793152
0.2968472231215895
0.3185198676238907
0.345534955422853
0.3652051487230424
0.2766490415582961
0.2968472231215458
0.3220241830171153
0.3403558751906768
0.4303081731079479
0.451157370014571
0.4765767578816958
0.4946284687132668
0.4071315364331987
0.4268580360240104
0.4509085284159165
0.4679879310684539
0.375300309978558
0.3934846841680578
0.4156551972329567
0.4313995345571893
0.3497640594026711
0.3667110575367725
0.3873731288672199
0.4020463914984076
0.5037224501500256
0.5197712344635668
0.5386599749040978
0.5515175651449744
0.4765919938840681
0.4917760930224067
0.5096470982908312
0.5218119960164016
0.4393309878744854
0.4533279302355301
0.4698014302664955
0.481014881737486
0.4094383224591036
0.4224831531585694
0.4378360226599846
0.4482865710936019
0.3930648520515851
0.4055881469716324
0.4203273108685493
0.4303601640312798
0.3615612114594717
0.3730807144186021
0.3866385712364565
0.3958673986892446
0.3190485799091779
0.3292134760476827
0.3411769766619576
0.3493205149796549
0.2854924634245728
0.2945883720981193
0.3052936633914981
0.3125806884086478
0.3357771591225216
0.352046347209452
0.3718820294576944
0.3859684927404738
0.3088653677255576
0.3238305974977049
0.3420763520844121
0.3550336770113024
0.2725484889942668
0.2857543090405494
0.3018548385394611
0.3132886089020393
0.243882252139599
0.2556993612465417
0.2701068035012968
0.2803382166582067
0.228339692984277
0.2394037868707658
0.2528932227743265
0.2624727599001837
0.198725222178084
0.2083543747593053
0.220094365947247
0.2284315760670362
0.1593166463495264
0.1670362766767605
0.1764481333892833
0.1831320044598207
0.1286217228714215
0.134854154396385
0.1424527791458807
0.1478489580161755
0.1121209586458239
0.1175539459005003
0.1241778915296726
0.1288819029016167
0.08094158624329939
0.08486381178443694
0.08964584452928633
0.09304183061111196
0.03995528885834643
0.04189142082974139
0.04425198734891144
0.04592836141070462
0.00841187450264776
0.008819485727830138
0.009316451764461194
0.009669375475106061
0.1312516394719295
0.1354336259248733
0.1403555757038627
0.1437059292824641
0.09475262836407969
0.09777176062020879
0.1013251101737906
0.1037438684739761
0.04677287102563339
0.04826322314563566
0.05001728883366639
0.0512112809736051
0.00984716829350969
0.01016092881048502
0.01053020816459176
0.01078157646804253
0.2672986254723548
0.2758150369401017
0.2858383053564619
0.2926610776758097
0.2326316136494374
0.2400436266108134
0.2487671344935831
0.2547051965573799
0.1864991411924116
0.1924412999609487
0.1994348910557162
0.2041954181086526
0.1505673873775736
0.1553647298167834
0.161010920872061
0.1648542663219977
0.2959850945315059
0.3016266713968446
0.3077988130735478
0.311602823797784
0.2575981956200539
0.2625082526276182
0.2678800938187327
0.2711908721224484
0.2065147320275351
0.2104511263290145
0.2147577447146418
0.2174120100098888
0.1667267300510603
0.1699047166466383
0.1733815942533884
0.1755244708515578
0.1453382080070796
0.1481085454994526
0.1511394308529134
0.1530074296334039
0.1049222794142951
0.1069223054277442
0.109110435847221
0.110459029238461
0.05179299081386766
0.05278028330907494
0.05386043337859284
0.05452615467753459
0.01090404243966464
0.01111189475105773
0.01133929618423776
0.01147944897576728
0.1538395500686555
0.1550918218824851
0.1561152171757899
0.1564291070408942
0.1110597755993779
0.1119638503331847
0.1127026902392475
0.1129293035553736
0.05482270799956831
0.0552689967677872
0.05563371863945643
0.05574558425541408
0.01154188170638915
0.01163583801843152
0.01171262235045266
0.01173617329162582
0.3132973597292435
0.3158474912961429
0.3179315322230917
0.3185707346237961
0.2726656942506748
0.2748851809286384
0.2766990181714443
0.2772553494198483
0.2185943828450088
0.2203737574259824
0.2218279197276229
0.2222739324657998
0.176479039895926
0.1779155902394623
0.1790895885952919
0.1794496721787578
0.4607055070420179
0.4644554060462124
0.4675199235347087
0.4684598454672445
0.4237813837367534
0.4272308823525708
0.4300499254145897
0.4309145693399882
0.3739520374256636
0.3769959330517547
0.3794835050995201
0.3802464793175045
0.3346212645913357
0.3373449564599993
0.3395708542519987
0.340253574150227
0.4352481051170764
0.4435439834573176
0.4526200195348587
0.4582137349491284
0.4003636547364591
0.4079948016956707
0.4163436576036285
0.4214892330494946
0.3532880257253299
0.3600217877637185
0.367388888208573
0.3719294077615231
0.3161308909657471
0.3221563629402869
0.3287485203710183
0.3328114068147723
0.5577817253933988
0.5684133267427862
0.580044697212816
0.5872132602406248
0.5277387420914423
0.5377977985391268
0.5488029725772471
0.5555857109903458
0.4864780453667488
0.4957502914725201
0.5058946788403951
0.5121469407242384
0.4533780034025319
0.4620192595014291
0.4714731838114574
0.4772998280055705
0.5904065422315384
0.5952121407926931
0.5991393882746222
0.6003439089485414
0.5586071512912578
0.5631541690982962
0.5668701379830026
0.5680098839623106
0.5149320984075298
0.5191235499501015
0.5225489553467384
0.5235995774998236
0.4798953701749459
0.4838014546769944
0.4869936503306999
0.4879727552319406
0.6974209101351576
0.7030976133334516
0.7077366962004559
0.7091595201042111
0.6719672234665296
0.6774372067479287
0.681907440089876
0.6832785298355764
0.6361232490779045
0.6413013067213684
0.6455330389670636
0.6468309784288836
0.6067256859811835
0.6116640863966099
0.6156999352895403
0.6169378137841036
0.77763819455422
0.7839678853713616
0.7891403457042052
0.7907266855747903
0.7595077671827464
0.7656908605931212
0.7707438102358263
0.7722936099578797
0.7328716240898306
0.7388374814048057
0.7437131553885566
0.7452086240954698
0.71024253503693
0.7160234911562618
0.7207479246719745
0.7221970260178102
0.7346625079164271
0.7486668459324111
0.7639888843528431
0.7734319678573413
0.7175350130916512
0.7312118716241262
0.7461759678997227
0.7553991325462339
0.6923741802533178
0.7055709355430306
0.7200088634480637
0.7289074911771088
0.6709957279279977
0.6837854979524802
0.697777719412873
0.7064011759321258
0.6588810898965392
0.6714402924456595
0.6851805563388388
0.6936487597979318
0.6348334741809459
0.6469340374972832
0.6601729522178609
0.6683324768951935
0.6009722762380665
0.6124267582695456
0.6249586901925861
0.6326825270348387
0.5731999537558639
0.5841251157541251
0.596077643991023
0.6034441852291631
0.5950233635101329
0.6139807105843205
0.636292922039425
0.6514812360723286
0.573307574320465
0.5915730857262905
0.6130705320604175
0.6277039788379304
0.5427280969928768
0.5600196956038392
0.5803706746609923
0.5942233535943717
0.517646545157597
0.5341391296837964
0.5535499940500854
0.5667628043367324
0.5083010431962074
0.5329296990636051
0.5629572769205221
0.5842812025019686
0.4897501533542431
0.5134796839646486
0.5424113544077297
0.5629572769204525
0.4636280706450108
0.4860915837785645
0.5134796839645109
0.5329296990633741
0.4422026897267406
0.4636280706449459
0.4897501533540258
0.5083010431958578
0.5667628043371284
0.594223353594445
0.6277039788379261
0.6514812360723948
0.5535499940505687
0.5803706746611611
0.6130705320604051
0.6362929220394271
0.5341391296842877
0.5600196956040989
0.5915730857263385
0.6139807105843139
0.5176465451580122
0.542728096993139
0.5733075743205432
0.5950233635101364
0.663459858368978
0.6845985719303387
0.7094769762662919
0.7264116708475894
0.6479920662370938
0.6686382109145244
0.6929371537258442
0.7094769762662383
0.6252691227554802
0.6451909314173118
0.6686382109144732
0.6845985719302398
0.6059629928812229
0.6252691227554749
0.6479920662370535
0.6634598583688815
0.7064011759323072
0.7289074911774611
0.7553991325467059
0.7734319678577316
0.6977777194130176
0.7200088634482822
0.7461759679000377
0.7639888843531406
0.683785497952629
0.7055709355431701
0.7312118716242839
0.7486668459325556
0.670995727928129
0.6923741802534332
0.7175350130917312
0.734662507916465
0.6034441852292536
0.6326825270348932
0.6683324768953811
0.6936487597981132
0.5960776439911478
0.6249586901926045
0.6601729522180197
0.6851805563390162
0.584125115754346
0.6124267582695497
0.6469340374973779
0.6714402924458305
0.5731999537561921
0.6009722762380998
0.6348334741809777
0.6588810898966602
0.6169378137842303
0.64683097842906
0.6832785298357579
0.7091595201045289
0.6156999352896381
0.645533038967215
0.6819074400900643
0.7077366962007415
0.6116640863966948
0.6413013067214796
0.677437206748124
0.7030976133336775
0.6067256859812701
0.6361232490779806
0.6719672234667232
0.6974209101353496
0.7221970260182748
0.7452086240962249
0.772293609958739
0.790726685575321
0.7207479246723918
0.7437131553892392
0.7707438102365909
0.7891403457047279
0.716023491156576
0.7388374814053805
0.7656908605937797
0.7839678853718423
0.7102425350371562
0.7328716240902782
0.7595077671833004
0.7776381945546454
0.7997063963155112
0.8149525450589709
0.8316330755166762
0.841904203778622
0.7981018023329799
0.813316797148698
0.829964316621544
0.840216995347258
0.7928705995600199
0.8079841257250457
0.8245228053835049
0.8347129093588447
0.7864695665978918
0.8014597177306705
0.8178635937970317
0.8279742418532295
0.7822161437135378
0.7971248150453885
0.8134384539863025
0.8234946463170861
0.7726668166746148
0.7873938957617481
0.8035064708341184
0.8134384539862244
0.7571713482709803
0.7716045246508059
0.7873938957616228
0.7971248150451816
0.7430075586369059
0.7571713482708768
0.7726668166743776
0.7822161437132313
0.8279742418532301
0.8347129093589194
0.840216995347429
0.8419042037788322
0.8178635937969335
0.8245228053834575
0.8299643166216287
0.8316330755168388
0.8014597177304287
0.8079841257247703
0.8133167971484067
0.8149525450586554
0.7864695665975583
0.7928705995596339
0.7981018023325491
0.7997063963150571
0.8464766352618245
0.8533703511631978
0.8590215974254076
0.8607686537259055
0.8447799339497207
0.8516561559793878
0.8572890509602596
0.859021597425433
0.8392482021286219
0.8460737222667656
0.851656155979394
0.8533703511631816
0.8324764906051701
0.8392482021286811
0.8447799339498031
0.8464766352618863
0.8607686537259416
0.8590215974254346
0.8533703511631204
0.8464766352618537
0.8590215974254429
0.8572890509602547
0.8516561559793587
0.8447799339497882
0.8533703511631721
0.8516561559793915
0.8460737222668084
0.8392482021286625
0.8464766352618892
0.8447799339498313
0.8392482021286949
0.832476490605055
0.8419042037788393
0.8402169953474364
0.8347129093588327
0.827974241852969
0.8316330755168234
0.8299643166215371
0.8245228053832364
0.8178635937966047
0.8149525450586289
0.8133167971483011
0.8079841257246285
0.8014597177303289
0.7997063963150627
0.7981018023325736
0.792870599559696
0.7864695665976759
0.8234946463166635
0.8134384539857723
0.7971248150450776
0.7822161437134194
0.8134384539858467
0.8035064708338179
0.7873938957616466
0.7726668166744757
0.7971248150451479
0.7873938957616649
0.7716045246507391
0.7571713482706692
0.7822161437133881
0.7726668166744459
0.7571713482706535
0.743007558636526
0.8419042037787328
0.8316330755165694
0.8149525450584851
0.7997063963150172
0.8402169953473345
0.8299643166213324
0.8133167971481615
0.7981018023325259
0.8347129093587583
0.8245228053830865
0.8079841257244995
0.7928705995596889
0.8279742418529294
0.8178635937964923
0.8014597177302265
0.7864695665977007
0.7907266855749426
0.7722936099582585
0.7452086240957235
0.7221970260180861
0.7891403457043902
0.7707438102361613
0.7437131553887455
0.720747924672218
0.7839678853716001
0.765690860593364
0.7388374814048999
0.7160234911565297
0.77763819455445
0.7595077671828497
0.7328716240898684
0.7102425350373106
0.7091595201046436
0.6832785298361601
0.6468309784292026
0.6169378137839047
0.7077366962009289
0.68190744009056
0.6455330389673671
0.6156999352893171
0.7030976133340435
0.6774372067486987
0.6413013067215999
0.611664086396328
0.6974209101358757
0.6719672234672917
0.6361232490780375
0.6067256859808303
0.6936487597987118
0.6683324768959102
0.6326825270349049
0.6034441852287722
0.6851805563396384
0.6601729522184333
0.6249586901925224
0.596077643990557
0.671440292446333
0.6469340374976127
0.6124267582693022
0.584125115753513
0.6588810898970251
0.6348334741810877
0.6009722762376755
0.5731999537551071
0.7734319678575183
0.7553991325462219
0.7289074911771408
0.7064011759326037
0.7639888843528063
0.7461759678995671
0.7200088634482263
0.6977777194135113
0.7486668459321166
0.7312118716240229
0.70557093554348
0.683785497953205
0.7346625079161488
0.7175350130917871
0.6923741802539224
0.6709957279286275
0.7264116708474783
0.7094769762665508
0.6845985719308417
0.6634598583693928
0.7094769762665075
0.6929371537262967
0.6686382109149458
0.6479920662373622
0.6845985719307113
0.6686382109148731
0.6451909314175324
0.6252691227555269
0.663459858369197
0.6479920662372604
0.6252691227555165
0.6059629928810224
0.6514812360727029
0.627703978837988
0.5942233535938918
0.5667628043358794
0.6362929220396185
0.6130705320602677
0.5803706746602803
0.5535499940491071
0.6139807105842277
0.5915730857257616
0.5600196956028457
0.53413912968286
0.5950233635097035
0.5733075743196032
0.542728096991825
0.5176465451568741
0.584281202501284
0.5629572769194302
0.5329296990623946
0.5083010431952996
0.5629572769194683
0.5424113544066259
0.513479683963769
0.4897501533537246
0.5329296990624469
0.5134796839637606
0.4860915837781687
0.4636280706448634
0.508301043195266
0.4897501533536558
0.4636280706448178
0.4422026897267118
0.6514812360725163
0.6362929220395434
0.6139807105842419
0.5950233635097208
0.6277039788379699
0.6130705320603264
0.5915730857258595
0.5733075743196737
0.5942233535941357
0.5803706746605095
0.5600196956030259
0.5427280969919324
0.5667628043362094
0.553549994049375
0.5341391296829971
0.5176465451568926
0.6936487597982353
0.6851805563392106
0.6714402924459992
0.6588810898967798
0.6683324768954196
0.6601729522180547
0.6469340374974021
0.6348334741810094
0.6326825270347445
0.6249586901924874
0.6124267582694389
0.6009722762379066
0.6034441852289975
0.5960776439908422
0.5841251157538604
0.5731999537554562
0.7734319678574251
0.7639888843527449
0.7486668459320872
0.734662507916139
0.7553991325461105
0.7461759678994723
0.7312118716239474
0.7175350130917318
0.7289074911769893
0.7200088634480439
0.7055709355432974
0.6923741802537691
0.7064011759322717
0.6977777194131776
0.6837854979529137
0.6709957279283907
0.7907266855748081
0.7891403457042792
0.7839678853714778
0.7776381945543366
0.7722936099578851
0.7707438102358573
0.7656908605931538
0.759507767182713
0.7452086240954663
0.7437131553885376
0.7388374814047529
0.7328716240897346
0.722197026017807
0.7207479246719544
0.7160234911562525
0.7102425350369982
0.7091595201042162
0.7077366962004906
0.7030976133335678
0.6974209101353874
0.6832785298355953
0.6819074400899676
0.6774372067481048
0.6719672234667501
0.6468309784288839
0.6455330389670531
0.6413013067213232
0.6361232490778256
0.616937813784086
0.6156999352894704
0.6116640863964911
0.6067256859810287
0.6003439089485331
0.5991393882745801
0.5952121407926004
0.5904065422313999
0.5680098839622987
0.5668701379829462
0.5631541690981751
0.5586071512910762
0.5235995774998128
0.52254895534669
0.5191235499500189
0.5149320984074408
0.4879727552319427
0.48699365033072
0.4838014546770532
0.4798953701750371
0.5872132602404634
0.5800446972125857
0.5684133267424001
0.5577817253928599
0.5555857109901321
0.5488029725769669
0.537797798538751
0.5277387420910142
0.5121469407241555
0.505894678840334
0.4957502914724892
0.4864780453667277
0.4772998280056712
0.4714731838115662
0.4620192595015442
0.453378003402638
0.4582137349492069
0.4526200195349325
0.4435439834573799
0.4352481051171364
0.4214892330494608
0.416343657603627
0.4079948016956978
0.4003636547365088
0.3719294077615238
0.3673888882086027
0.360021787763768
0.3532880257253744
0.3328114068147572
0.3287485203710135
0.322156362940288
0.3161308909657347
0.4684598454672525
0.4675199235347457
0.4644554060462788
0.4607055070420951
0.4309145693399907
0.4300499254145856
0.42723088235254
0.4237813837367087
0.3802464793175062
0.3794835050995206
0.3769959330517461
0.3739520374256536
0.3402535741502296
0.3395708542520033
0.3373449564599942
0.3346212645913206
0.3185707346237946
0.3179315322230831
0.3158474912961238
0.3132973597292174
0.2772553494198493
0.2766990181714469
0.2748851809286387
0.2726656942506718
0.2222739324658015
0.2218279197276273
0.2203737574259838
0.218594382845006
0.1794496721787573
0.1790895885952916
0.1779155902394651
0.176479039895932
0.1564291070409002
0.1561152171758143
0.1550918218825291
0.1538395500687169
0.1129293035553819
0.1127026902392877
0.1119638503332683
0.1110597755994964
0.05574558425541736
0.05563371863947347
0.05526899676782297
0.05482270799961642
0.01173617329162406
0.0117126223504443
0.01163583801841445
0.01154188170636531
0.1530074296334756
0.1511394308530029
0.1481085454995661
0.1453382080072133
0.110459029238598
0.1091104358473925
0.1069223054279614
0.1049222794145469
0.05452615467758788
0.05386043337865351
0.05278028330914204
0.05179299081393855
0.01147944897573991
0.01133929618420434
0.01111189475101713
0.01090404243961894
0.3116028237977544
0.3077988130735125
0.3016266713967997
0.2959850945314454
0.271190872122442
0.2678800938187115
0.2625082526275724
0.2575981956199948
0.2174120100098841
0.2147577447146384
0.2104511263290199
0.2065147320275488
0.1755244708515674
0.1733815942534091
0.1699047166466721
0.1667267300511011
0.2926610776757285
0.2858383053563235
0.2758150369398957
0.2672986254721161
0.254705196557315
0.2487671344935022
0.2400436266107135
0.2326316136493257
0.2041954181086695
0.1994348910557356
0.1924412999609643
0.1864991411924168
0.1648542663220414
0.1610109208721124
0.1553647298168535
0.1505673873776705
0.1437059292826077
0.140355575704027
0.1354336259250811
0.1312516394721855
0.1037438684742445
0.1013251101740891
0.09777176062054634
0.09475262836444319
0.05121128097367816
0.05001728883374166
0.04826322314570769
0.04677287102569726
0.01078157646799421
0.01053020816453885
0.01016092881042713
0.009847168293449051
0.1288819029019025
0.1241778915300124
0.1175539459009071
0.1121209586462766
0.09304183061148399
0.08964584452966275
0.08486381178480672
0.08094158624365541
0.0459283614107616
0.04425198734895163
0.04189142082975499
0.03995528885833778
0.009669375475044468
0.009316451764398674
0.008819485727767869
0.008411874502586771
0.2624727598999349
0.2528932227740712
0.239403786870518
0.2283396929840276
0.2284315760669171
0.2200943659471092
0.2083543747591469
0.198725222177917
0.1831320044598155
0.1764481333892655
0.1670362766767604
0.1593166463495747
0.1478489580162916
0.1424527791460422
0.1348541543966262
0.1286217228717379
0.3859684927404646
0.3718820294576247
0.3520463472092509
0.3357771591221634
0.35503367701121
0.342076352084218
0.3238305974973438
0.3088653677250568
0.3132886089017609
0.3018548385390958
0.2857543090400944
0.2725484889937871
0.2803382166578874
0.2701068035009492
0.2556993612461975
0.2438822521392769
0.4303601640313433
0.4203273108686131
0.405588146971677
0.3930648520515986
0.3958673986893041
0.3866385712365098
0.3730807144186113
0.3615612114594207
0.3493205149796886
0.3411769766619416
0.3292134760475553
0.3190485799089492
0.3125806884086115
0.3052936633913865
0.2945883720978984
0.2854924634242813
0.5515175651443573
0.5386599749034181
0.519771234462953
0.503722450149563
0.5218119960159708
0.5096470982904537
0.4917760930221574
0.4765919938839371
0.4810148817374622
0.4698014302664933
0.4533279302355788
0.4393309878745479
0.4482865710936985
0.4378360226600713
0.4224831531586379
0.4094383224591388
0.4946284687129097
0.4765767578815058
0.4511573700145154
0.4303081731079146
0.4679879310683823
0.4509085284159103
0.4268580360240045
0.4071315364331354
0.4313995345572425
0.4156551972329773
0.3934846841679995
0.3753003099784134
0.4020463914984182
0.3873731288671818
0.3667110575366363
0.3497640594024148
0.418733488702086
0.3961801534792592
0.3652051487228922
0.3403558751903323
0.3961801534792191
0.3748415060361274
0.3455349554224647
0.3220241830165255
0.3652051487228357
0.3455349554224483
0.3185198676232007
0.2968472231207845
0.3403558751903167
0.3220241830165417
0.2968472231208106
0.2766490415575859
0.3267452453771956
0.3005573038528936
0.2652171430202452
0.2373218830700621
0.309146627532696
0.2843690183825782
0.250931999598798
0.2245390602491944
0.2849763577146707
0.2621356481612345
0.231312535163029
0.2069830412922938
0.2655857394658963
0.2442989306744325
0.2155729533927163
0.1928989327334154
0.2549647717471987
0.2345291289898292
0.2069518886664812
0.1851846459671316
0.2345291289898991
0.2157313132553127
0.190364402053848
0.1703418447105047
0.2069518886666448
0.1903644020539282
0.1679802858914955
0.1503120459430093
0.1851846459673305
0.1703418447106086
0.1503120459430304
0.1345020436493463
0.3267452453772268
0.3091466275327512
0.2849763577147232
0.2655857394659212
0.3005573038530184
0.2843690183827171
0.2621356481613591
0.2442989306745282
0.2652171430205208
0.2509319995990736
0.2313125351632814
0.2155729533929214
0.237321883070507
0.2245390602496186
0.2069830412926455
0.1928989327336737
0.2221973892186342
0.2102291996051784
0.1937920476449805
0.1806055428276265
0.193379546175251
0.1829635795376348
0.1686582411230535
0.1571819238893916
0.1550310428323354
0.1466805840067985
0.1352119682794799
0.1260113420635903
0.125161741470231
0.1184199917782932
0.1091607937173133
0.101732671655865
0.1091047988134318
0.1032278440394205
0.09515639432762785
0.08868116169521467
0.07876414280050557
0.07452143197741473
0.06869449275763764
0.06401991646676394
0.03888043742024438
0.03678611181470871
0.03390977136139355
0.03160227327701593
0.008185587205204433
0.007744670465544528
0.007139115241636114
0.00665331692494531
0.08513448009928283
0.07831043669410141
0.06910171626983376
0.06183315377342508
0.06145951675610481
0.0565331561592056
0.04988528894610517
0.04463805232969706
0.03033839117088437
0.02790660769781085
0.02462504091175871
0.02203485953610739
0.006387230906600831
0.005875264726485575
0.005184390582702876
0.004639073429971998
0.17338289379869
0.1594860048583524
0.1407326252937317
0.12593010082426
0.1508959789903118
0.1388013394269038
0.122479991752947
0.1095971294180198
0.1209718531719551
0.1112754847844987
0.09819055765710104
0.0878623429681426
0.09766405116470435
0.08983573931262713
0.07927176332589578
0.07093345261287076
0.1179043932237599
0.1026122448692013
0.08226257912114812
0.06641260068659545
0.1026122448691854
0.08930333462334128
0.07159293329715639
0.05779872027632733
0.08226257912113973
0.07159293329716247
0.05739476768653809
0.04633621898904517
0.06641260068662688
0.05779872027636464
0.04633621898906854
0.03740841243143271
0.05789230260201253
0.05038354122370253
0.04039162505628421
0.03260920820394087
0.04179312083784082
0.03637248708009182
0.02915923915381606
0.02354103765177483
0.02063052052519034
0.0179547367091629
0.01439405421258691
0.01162072549748791
0.004343413967195214
0.003780072594670229
0.00303042878284158
0.002446548221756205
0.02842571255741952
0.02052092742153524
0.01012989595013124
0.002132677294372513
0.02052092742155548
0.01481436846694693
0.007312935039881378
0.001539609355745684
0.01012989595015985
0.007312935039894095
0.003609944505281018
0.0007600032973948634
0.002132677294383639
0.001539609355752368
0.0007600032973972431
0.0001599983165232457
0.0578923026019508
0.04179312083773132
0.02063052052507282
0.00434341396716087
0.05038354122364271
0.0363724870799995
0.01795473670907034
0.003780072594642665
0.04039162505624527
0.02915923915375525
0.01439405421252575
0.003030428782822095
0.03260920820392712
0.0235410376517411
0.01162072549744885
0.002446548221742307
0.08513448009932173
0.06145951675599904
0.03033839117068743
0.006387230906539298
0.0783104366941022
0.05653315615908749
0.02790660769763163
0.005875264726431057
0.06910171626979209
0.04988528894598286
0.02462504091160624
0.005184390582657595
0.06183315377336654
0.04463805232958125
0.02203485953597715
0.004639073429933855
0.1733828937984994
0.1508959789902155
0.1209718531720165
0.09766405116479647
0.1594860048582598
0.1388013394268832
0.1112754847845736
0.08983573931268632
0.1407326252937207
0.1224799917529754
0.09819055765715555
0.07927176332590331
0.1259301008242681
0.1095971294180478
0.08786234296816646
0.07093345261284843
0.2221973892180728
0.1933795461746705
0.1550310428320649
0.1251617414703015
0.2102291996046734
0.1829635795371795
0.1466805840066493
0.1184199917783972
0.1937920476446006
0.1686582411227749
0.1352119682794588
0.1091607937174307
0.18060554282737
0.1571819238892394
0.1260113420636321
0.1017326716559697
0.1091047988135866
0.07876414280049623
0.03888043742000589
0.008185587205117126
0.1032278440395557
0.07452143197737579
0.03678611181447754
0.007744670465463983
0.09515639432772363
0.06869449275756349
0.0339097713611755
0.007139115241564059
0.08868116169527367
0.06401991646666765
0.03160227327681088
0.006653316924880019
0.1288819029020086
0.09304183061157781
0.04592836141050788
0.009669375474929931
0.1241778915301478
0.08964584452973323
0.04425198734869859
0.009316451764291286
0.1175539459010676
0.08486381178484409
0.04189142082950682
0.008819485727669838
0.112120958646438
0.08094158624366297
0.03995528885809579
0.008411874502495746
0.1437059292825204
0.1037438684744365
0.05121128097344053
0.01078157646785041
0.1403555757040014
0.1013251101742606
0.05001728883349723
0.01053020816440269
0.1354336259251305
0.09777176062068528
0.04826322314545724
0.0101609288103012
0.1312516394722761
0.09475262836455203
0.04677287102544426
0.009847168293330703
0.2926610776754979
0.2547051965565412
0.2041954181075145
0.164854266321371
0.2858383053560123
0.2487671344926996
0.1994348910546553
0.1610109208715525
0.2758150369394861
0.2400436266098849
0.1924412999600036
0.1553647298164475
0.2672986254716423
0.2326316136484962
0.1864991411915673
0.1505673873773764
0.2624727598994326
0.2284315760660963
0.1831320044590324
0.1478489580160518
0.2528932227735233
0.2200943659463203
0.1764481333886145
0.1424527791459021
0.2394037868699363
0.2083543747584311
0.1670362766762875
0.1348541543966024
0.2283396929834511
0.1987252221772817
0.1593166463492355
0.1286217228717822
0.385968492740651
0.3550336770113388
0.3132886089016846
0.2803382166575736
0.3718820294577646
0.3420763520842797
0.3018548385389389
0.2701068035005717
0.3520463472093164
0.3238305974973024
0.285754309039855
0.2556993612457631
0.3357771591221617
0.3088653677249519
0.2725484889935153
0.2438822521388291
0.4946284687130054
0.4679879310685515
0.431399534557477
0.4020463914986269
0.4765767578816142
0.4509085284160657
0.4156551972331574
0.3873731288673389
0.4511573700145899
0.426858036024116
0.3934846841681203
0.3667110575367339
0.4303081731079406
0.4071315364332014
0.3753003099784941
0.3497640594024587
0.5515175651440215
0.5218119960158042
0.4810148817377296
0.4482865710941318
0.5386599749031863
0.5096470982904379
0.4698014302668134
0.4378360226604445
0.5197712344629037
0.491776093022295
0.4533279302358774
0.4224831531589222
0.503722450149628
0.476591993884113
0.4393309878748071
0.4094383224593722
0.4303601640317142
0.3958673986895909
0.34932051497989
0.3125806884086018
0.4203273108689127
0.3866385712367478
0.3411769766620787
0.3052936633912941
0.4055881469719194
0.373080714418806
0.3292134760475992
0.2945883720976981
0.393064852051806
0.3615612114595762
0.3190485799089163
0.2854924634240049
0.4582137349496668
0.4214892330500773
0.3719294077618608
0.3328114068149606
0.4526200195354248
0.4163436576041616
0.3673888882088977
0.3287485203711797
0.4435439834578655
0.4079948016961151
0.3600217877640254
0.3221563629403909
0.4352481051175596
0.4003636547368362
0.3532880257256016
0.3161308909657687
0.5872132602400673
0.5555857109896959
0.5121469407240116
0.4772998280058773
0.5800446972121767
0.5488029725765596
0.5058946788402516
0.4714731838118682
0.5684133267419971
0.5377977985384196
0.4957502914725417
0.4620192595019517
0.5577817253924927
0.5277387420907769
0.4864780453669225
0.4533780034030828
0.6003439089481546
0.5680098839618339
0.5235995774996967
0.4879727552321805
0.5991393882742146
0.5668701379824963
0.5225489553465459
0.4869936503309096
0.5952121407922309
0.5631541690977333
0.5191235499498499
0.4838014546772053
0.590406542231014
0.5586071512906358
0.5149320984072792
0.4798953701752052
0.4684598454677305
0.4309145693407223
0.3802464793180462
0.3402535741505573
0.4675199235351906
0.4300499254152998
0.3794835051000198
0.3395708542523003
0.464455406046707
0.4272308823532286
0.3769959330521735
0.3373449564602521
0.4607055070425357
0.4237813837373595
0.373952037426021
0.3346212645915438
0.3185707346240336
0.2772553494193317
0.2222739324642671
0.1794496721775211
0.3179315322232985
0.2766990181709114
0.2218279197261275
0.1790895885940986
0.3158474912962974
0.274885180928055
0.2203737574245329
0.1779155902383492
0.3132973597293392
0.2726656942500442
0.2185943828436011
0.1764790398948858
0.3116028237978438
0.2711908721217937
0.2174120100085064
0.1755244708505615
0.307798813073537
0.2678800938180272
0.2147577447133109
0.1733815942524819
0.3016266713967162
0.2625082526268432
0.2104511263277641
0.1699047166458551
0.2959850945312641
0.2575981956192359
0.2065147320263571
0.1667267300503773
0.1530074296332113
0.1104590292388643
0.05452615467736936
0.01147944897557298
0.1511394308527787
0.1091104358476377
0.05386043337842897
0.01133929618404266
0.1481085454993999
0.1069223054281804
0.05278028330891223
0.01111189475086282
0.1453382080070965
0.104922279414748
0.05179299081370449
0.01090404243947122
0.1564291070405356
0.1129293035557433
0.05574558425525172
0.01173617329143864
0.1561152171754611
0.1127026902396262
0.05563371863929364
0.01171262235026282
0.1550918218822101
0.1119638503335726
0.05526899676762265
0.01163583801823922
0.1538395500684327
0.1110597755997747
0.05482270799940279
0.01154188170619548
0.1538395500683737
0.1110597755997901
0.05482270799943745
0.01154188170619594
0.1550918218821624
0.1119638503335841
0.05526899676765049
0.01163583801823928
0.156115217175435
0.1127026902396321
0.05563371863930791
0.01171262235026277
0.1564291070405298
0.1129293035557445
0.05574558425525462
0.01173617329143863
0.313297359729484
0.2726656942499812
0.2185943828433474
0.1764790398947229
0.3158474912964044
0.2748851809280214
0.2203737574243521
0.1779155902382265
0.3179315322233561
0.2766990181708995
0.221827919726036
0.179089588594039
0.318570734624047
0.2772553494193296
0.2222739324642469
0.1794496721775094
0.2959850945314571
0.2575981956189681
0.2065147320258929
0.1667267300501566
0.3016266713969174
0.2625082526266563
0.2104511263273498
0.1699047166456377
0.3077988130737245
0.2678800938179095
0.2147577447129624
0.1733815942522801
0.3116028237980074
0.2711908721217121
0.2174120100082151
0.1755244708503822
0.1453382080070322
0.1049222794147405
0.05179299081372102
0.01090404243947611
0.1481085454993369
0.1069223054281851
0.05278028330893474
0.0111118947508669
0.1511394308527177
0.1091104358476513
0.05386043337845966
0.0113392961840449
0.1530074296331506
0.1104590292388804
0.05452615467740438
0.01147944897557387
0.131251639472184
0.09475262836451502
0.04677287102543727
0.009847168293337935
0.1354336259250438
0.09777176062065664
0.04826322314545699
0.01016092881030745
0.1403555757039285
0.101325110174241
0.05001728883350566
0.01053020816440806
0.1437059292824553
0.1037438684744232
0.05121128097345454
0.0107815764678554
0.1121209586463177
0.08094158624359526
0.03995528885807529
0.00841187450249979
0.1175539459009536
0.08486381178478331
0.04189142082948871
0.008819485727675632
0.1241778915300457
0.08964584452968287
0.0442519873486845
0.009316451764298518
0.128881902901915
0.09304183061153601
0.04592836141049791
0.009669375474937502
0.2283396929826407
0.1987252221764565
0.1593166463487385
0.1286217228715839
0.2394037868692735
0.2083543747576354
0.1670362766757584
0.1348541543963934
0.2528932227730796
0.2200943659455952
0.1764481333880598
0.1424527791456845
0.2624727598991628
0.2284315760654461
0.1831320044584681
0.1478489580158267
0.2672986254714632
0.232631613647893
0.1864991411910026
0.1505673873771454
0.2758150369394551
0.2400436266093718
0.1924412999594506
0.1553647298162142
0.2858383053561226
0.2487671344922996
0.1994348910541328
0.1610109208713277
0.2926610776756742
0.2547051965562248
0.204195418107026
0.1648542663211508
0.393064852052448
0.3615612114603459
0.3190485799096048
0.2854924634242288
0.4055881469724443
0.3730807144194725
0.3292134760482706
0.2945883720980352
0.4203273108693172
0.3866385712372902
0.3411769766626571
0.3052936633916939
0.4303601640320325
0.3958673986900537
0.3493205149803785
0.312580688408995
0.3357771591231182
0.3088653677256343
0.2725484889934969
0.2438822521382244
0.3520463472102641
0.3238305974981209
0.2857543090401208
0.2556993612453977
0.3718820294586124
0.3420763520851389
0.3018548385394775
0.270106803500509
0.3859684927413701
0.355033677012155
0.3132886089023465
0.2803382166577108
0.4303081731087707
0.4071315364341511
0.3753003099794992
0.3497640594034401
0.4511573700152015
0.4268580360248411
0.3934846841690016
0.3667110575376675
0.4765767578821007
0.4509085284165547
0.4156551972338041
0.387373128868128
0.494628468713541
0.4679879310689575
0.4313995345579405
0.4020463914992557
0.5037224501502343
0.4765919938845149
0.4393309878751973
0.4094383224599161
0.519771234463644
0.4917760930227321
0.4533279302361758
0.4224831531593427
0.538659974904049
0.5096470982909825
0.4698014302670461
0.4378360226607271
0.5515175651448697
0.521811996016437
0.4810148817379557
0.44828657109432
0.5577817253932753
0.5277387420914396
0.4864780453671742
0.4533780034032339
0.5684133267425999
0.5377977985390687
0.4957502914728593
0.4620192595020871
0.5800446972125182
0.5488029725770986
0.5058946788406204
0.4714731838120312
0.5872132602402453
0.555585710990111
0.5121469407243865
0.4772998280060687
0.435248105117829
0.4003636547372625
0.3532880257260506
0.3161308909661428
0.4435439834580674
0.4079948016964733
0.360021787764429
0.3221563629407322
0.4526200195355816
0.4163436576044363
0.3673888882092587
0.328748520371482
0.4582137349498031
0.4214892330502949
0.3719294077621788
0.3328114068152232
0.4607055070426578
0.4237813837375415
0.3739520374263028
0.3346212645917762
0.4644554060467988
0.4272308823533358
0.3769959330523723
0.3373449564604203
0.467519923535241
0.4300499254153332
0.3794835051001089
0.3395708542523831
0.4684598454677424
0.4309145693407255
0.3802464793180626
0.3402535741505747
0.590406542231134
0.5586071512909776
0.5149320984076424
0.4798953701754045
0.5952121407922771
0.5631541690979407
0.5191235499501367
0.4838014546773856
0.599139388274216
0.5668701379825649
0.5225489553466753
0.4869936503310132
0.600343908948152
0.5680098839618416
0.5235995774997175
0.4879727552322032
0.697420910135477
0.671967223466887
0.6361232490780611
0.6067256859809333
0.7030976133338006
0.6774372067483528
0.6413013067215845
0.6116640863963914
0.7077366962008467
0.6819074400903771
0.645533038967342
0.6156999352893547
0.7091595201046338
0.683278529836123
0.6468309784291949
0.6169378137839159
0.6588810898966717
0.6348334741809931
0.6009722762379865
0.5731999537557563
0.671440292445863
0.6469340374974282
0.6124267582694695
0.5841251157539452
0.6851805563391031
0.6601729522181194
0.6249586901926071
0.5960776439907822
0.6936487597982335
0.6683324768955189
0.6326825270349552
0.6034441852289056
0.7346625079167541
0.7175350130918584
0.6923741802534272
0.6709957279281198
0.7486668459328548
0.7312118716244347
0.7055709355431992
0.683785497952642
0.7639888843533815
0.7461759679001534
0.7200088634483096
0.6977777194130824
0.7734319678578718
0.7553991325467387
0.7289074911774124
0.7064011759323723
0.7776381945547147
0.7595077671832746
0.7328716240901642
0.7102425350371924
0.7839678853717668
0.7656908605936477
0.7388374814051604
0.7160234911565382
0.7891403457044701
0.7707438102362976
0.7437131553888801
0.7207479246722583
0.7907266855749612
0.7722936099582883
0.7452086240957491
0.7221970260180965
0.8279742418529189
0.8178635937967311
0.8014597177305575
0.7864695665979373
0.8347129093586545
0.8245228053832024
0.8079841257247542
0.7928705995598703
0.8402169953472489
0.8299643166213457
0.8133167971482882
0.798101802332627
0.8419042037787136
0.831633075516564
0.8149525450585106
0.7997063963150411
0.8464766352617787
0.844779933949649
0.8392482021284504
0.8324764906048964
0.8533703511631934
0.8516561559793611
0.8460737222666805
0.8392482021284919
0.8590215974254204
0.8572890509602529
0.8516561559793496
0.844779933949716
0.8607686537259159
0.8590215974254279
0.8533703511631309
0.8464766352618479
0.7997063963156318
0.7981018023331569
0.7928705995603693
0.7864695665983903
0.8149525450587864
0.8133167971485316
0.8079841257250022
0.801459717730828
0.8316330755164306
0.8299643166212565
0.8245228053831848
0.8178635937967712
0.8419042037785154
0.8402169953471036
0.8347129093585777
0.8279742418528939
0.7822161437140915
0.7726668166751898
0.7571713482714809
0.7430075586372994
0.7971248150456778
0.787393895762206
0.7716045246513509
0.7571713482713803
0.8134384539861422
0.8035064708342228
0.7873938957620389
0.7726668166749178
0.8234946463167578
0.8134384539860826
0.7971248150454147
0.782216143713691
0.7064011759324871
0.6977777194131199
0.6837854979526133
0.6709957279280852
0.728907491177725
0.7200088634485108
0.7055709355432918
0.6923741802534701
0.7553991325471554
0.7461759679004282
0.7312118716245665
0.7175350130919188
0.7734319678582969
0.7639888843536656
0.7486668459329752
0.7346625079167846
0.7221970260183889
0.7207479246725449
0.7160234911567617
0.7102425350373478
0.7452086240964513
0.7437131553894923
0.7388374814056395
0.7328716240905379
0.7722936099591911
0.7707438102370809
0.7656908605942707
0.7595077671837687
0.7907266855756638
0.7891403457051328
0.7839678853723583
0.7776381945552114
0.616937813784576
0.6156999352900088
0.6116640863971093
0.6067256859817225
0.6468309784290792
0.6455330389672591
0.6413013067216022
0.6361232490781759
0.6832785298357741
0.6819074400900649
0.6774372067480972
0.6719672234666719
0.709159520104637
0.7077366962008692
0.7030976133338011
0.6974209101354387
0.603444185229726
0.5960776439916373
0.5841251157547961
0.5731999537565479
0.6326825270351237
0.6249586901929117
0.6124267582699552
0.600972276238543
0.6683324768953166
0.6601729522179741
0.6469340374974395
0.6348334741811673
0.6936487597981674
0.6851805563389916
0.6714402924457528
0.6588810898966332
0.566762804337409
0.5535499940507401
0.5341391296843915
0.5176465451581095
0.5942233535948728
0.5803706746615067
0.5600196956043242
0.5427280969932997
0.6277039788381833
0.6130705320607194
0.5915730857266346
0.5733075743207828
0.6514812360724338
0.636292922039575
0.6139807105845478
0.5950233635103759
0.6634598583689573
0.6479920662371441
0.6252691227556325
0.605962992881418
0.6845985719303398
0.6686382109145163
0.6451909314173688
0.6252691227555818
0.7094769762664219
0.6929371537259027
0.668638210914518
0.6479920662371135
0.7264116708478489
0.7094769762663933
0.6845985719303215
0.6634598583689725
0.5950233635103294
0.573307574320605
0.5427280969929328
0.5176465451577017
0.6139807105844411
0.5915730857263923
0.5600196956038729
0.5341391296838119
0.6362929220394712
0.6130705320604339
0.5803706746609962
0.5535499940500467
0.6514812360724073
0.6277039788379365
0.5942233535943267
0.5667628043366598
0.508301043196312
0.4897501533544437
0.4636280706454715
0.4422026897274463
0.5329296990637394
0.5134796839647763
0.4860915837788297
0.4636280706454325
0.5629572769207228
0.5424113544078619
0.5134796839646444
0.4897501533542968
0.5842812025021864
0.5629572769205939
0.5329296990634524
0.5083010431960189
0.4020463914996713
0.3873731288685167
0.3667110575379968
0.3497640594036999
0.4313995345582186
0.4156551972340787
0.3934846841692538
0.3753003099797146
0.4679879310691553
0.4509085284167114
0.4268580360249685
0.407131536434252
0.4946284687137787
0.4765767578822276
0.4511573700152537
0.4303081731087915
0.2803382166580534
0.2701068035007929
0.2556993612455964
0.2438822521383553
0.3132886089027764
0.3018548385398437
0.2857543090404134
0.2725484889937259
0.355033677012671
0.3420763520855756
0.323830597498466
0.3088653677259086
0.3859684927418594
0.3718820294590442
0.3520463472106103
0.3357771591233837
0.3125806884096364
0.3052936633922335
0.2945883720984684
0.2854924634245995
0.349320514981253
0.3411769766634067
0.3292134760488545
0.319048579910079
0.3958673986907645
0.3866385712380011
0.3730807144201236
0.3615612114609127
0.4303601640324322
0.4203273108697806
0.4055881469729674
0.3930648520529653
0.448286571094636
0.4378360226610417
0.42248315315972
0.4094383224603337
0.4810148817384801
0.4698014302674132
0.453327930236443
0.4393309878754643
0.5218119960173168
0.5096470982916697
0.4917760930231315
0.4765919938847532
0.5515175651457458
0.5386599749048313
0.5197712344642095
0.5037224501505776
0.4772998280067517
0.4714731838125909
0.4620192595025051
0.453378003403577
0.5121469407255177
0.5058946788416104
0.4957502914736424
0.486478045367795
0.5555857109914131
0.5488029725783046
0.5377977985401278
0.5277387420923852
0.5872132602413743
0.5800446972136043
0.568413326743592
0.5577817253941851
0.4879727552332488
0.4869936503319823
0.483801454678234
0.4798953701761492
0.5235995775013322
0.522548955348182
0.5191235499514683
0.51493209840884
0.5680098839634197
0.5668701379840813
0.5631541690993619
0.5586071512923215
0.6003439089492457
0.5991393882753109
0.5952121407933879
0.5904065422322629
0.3402535741520375
0.3395708542537875
0.3373449564617232
0.3346212645929794
0.3802464793193225
0.3794835051013473
0.3769959330535954
0.3739520374275093
0.4309145693411755
0.4300499254157922
0.4272308823538068
0.4237813837380353
0.4684598454682483
0.4675199235357373
0.464455406047256
0.4607055070430705
0.3328114068163647
0.3287485203724987
0.3221563629415757
0.3161308909668505
0.3719294077633666
0.3673888882103903
0.3600217877654596
0.3532880257269845
0.4214892330508098
0.4163436576049998
0.4079948016971079
0.4003636547379519
0.458213734950188
0.4526200195359268
0.4435439834584029
0.4352481051181973
0.1755244708500664
0.1733815942519355
0.1699047166452593
0.1667267300497546
0.2174120100082471
0.2147577447129719
0.2104511263273245
0.2065147320258458
0.2711908721222667
0.2678800938184113
0.2625082526270806
0.2575981956193415
0.3116028237988847
0.3077988130744986
0.3016266713975588
0.295985094532003
0.1794496721772371
0.1790895885937645
0.1779155902379397
0.1764790398944203
0.2222739324643103
0.2218279197260993
0.2203737574244048
0.2185943828433876
0.2772553494198783
0.2766990181714628
0.2748851809285991
0.272665694250553
0.3185707346251921
0.3179315322244476
0.315847491297411
0.3132973597304118
0.01173617329146025
0.01171262235028295
0.01163583801825714
0.01154188170621173
0.05574558425502706
0.05563371863907285
0.05526899676740835
0.05482270799919316
0.1129293035549488
0.1127026902388396
0.111963850332804
0.111059775599023
0.1564291070399232
0.1561152171748411
0.1550918218815782
0.1538395500677865
0.01147944897558859
0.01133929618405775
0.01111189475087745
0.01090404243948499
0.05452615467716183
0.05386043337822473
0.05278028330871143
0.05179299081350652
0.1104590292381219
0.1091104358469153
0.1069223054274861
0.1049222794140732
0.153007429632555
0.1511394308521087
0.1481085454987204
0.1453382080064124
0.01078157646786351
0.01053020816441432
0.01016092881031027
0.009847168293337609
0.05121128097324511
0.0500172888333093
0.04826322314528195
0.04677287102528081
0.1037438684737727
0.1013251101736189
0.09777176062007104
0.09475262836396334
0.1437059292818327
0.1403555757033055
0.1354336259244298
0.1312516394715807
0.1648542663207369
0.1610109208708961
0.1553647298157672
0.1505673873766907
0.2041954181069704
0.1994348910540515
0.1924412999593228
0.1864991411908389
0.254705196556573
0.2487671344925952
0.2400436266095962
0.2326316136480555
0.2926610776761763
0.2858383053565627
0.2758150369398297
0.2672986254717873
0.1478489580153687
0.1424527791452188
0.1348541543959198
0.1286217228711119
0.1831320044582881
0.1764481333878523
0.1670362766755165
0.1593166463484706
0.2284315760655713
0.2200943659456561
0.2083543747576287
0.1987252221764096
0.2624727598994552
0.2528932227733029
0.2394037868694054
0.2283396929827116
0.00966937547493572
0.009316451764294988
0.008819485727670804
0.008411874502494674
0.04592836141035189
0.04425198734855647
0.04189142082938029
0.03995528885797942
0.0930418306110057
0.08964584452919604
0.08486381178435951
0.08094158624322396
0.1288819029013182
0.1241778915294631
0.1175539459003993
0.1121209586457983
0.008185587205114912
0.007744670465459775
0.007139115241557685
0.00665331692487199
0.03888043741989493
0.03678611181437636
0.03390977136108431
0.03160227327672544
0.07876414280008168
0.07452143197700477
0.0686944927572484
0.064019916466393
0.1091047988129681
0.1032278440389809
0.09515639432721658
0.08868116169482469
0.1251617414696453
0.1184199917777745
0.1091607937168627
0.1017326716554527
0.1550310428313088
0.1466805840059203
0.1352119682787834
0.1260113420630108
0.1933795461737733
0.1829635795362642
0.1686582411218958
0.1571819238884295
0.2221973892172421
0.2102291996037211
0.1937920476435847
0.1806055428263817
0.09766405116431003
0.08983573931226219
0.07927176332556055
0.07093345261255996
0.1209718531714302
0.1112754847840608
0.09819055765673951
0.08786234296781721
0.1508959789894578
0.1388013394262388
0.1224799917524803
0.1095971294176517
0.1733828937975547
0.159486004857442
0.1407326252931121
0.1259301008238156
0.006387230906530368
0.005875264726420484
0.00518439058264502
0.004639073429920112
0.03033839117060463
0.02790660769755287
0.02462504091153171
0.0220348595359065
0.06145951675574361
0.0565331561588635
0.04988528894579467
0.04463805232941669
0.08513448009890454
0.07831043669374382
0.06910171626950475
0.06183315377312353
0.004343413967146726
0.003780072594628463
0.003030428782809153
0.002446548221731302
0.02063052052500411
0.01795473670900365
0.01439405421246223
0.01162072549738971
0.04179312083757787
0.03637248707986204
0.02915923915363168
0.02354103765162548
0.05789230260172722
0.05038354122344965
0.0403916250560795
0.03260920820377432
0.002132677294362791
0.001539609355738871
0.0007600032973921996
0.0001599983165230917
0.01012989595007585
0.007312935039837066
0.003609944505257434
0.000760003297393131
0.02052092742142482
0.01481436846685357
0.007312935039838676
0.001539609355741287
0.02842571255727264
0.02052092742142709
0.01012989595007878
0.002132677294366242
0.03260920820377679
0.02354103765162966
0.01162072549739328
0.002446548221735206
0.04039162505609084
0.02915923915364235
0.01439405421246815
0.00303042878281371
0.05038354122348339
0.03637248707988723
0.0179547367090147
0.003780072594633547
0.0578923026017885
0.04179312083761925
0.02063052052501998
0.004343413967152119
0.0664126006863316
0.0577987202761024
0.04633621898885594
0.03740841243126122
0.0822625791208305
0.07159293329688825
0.05739476768631425
0.04633621898886604
0.1026122448688478
0.08930333462305079
0.07159293329692244
0.05779872027614028
0.1179043932233745
0.1026122448688898
0.0822625791209073
0.06641260068640444
0.1259301008238413
0.1095971294177215
0.08786234296792206
0.07093345261265679
0.1407326252931761
0.1224799917526002
0.09819055765690216
0.07927176332571018
0.1594860048575193
0.138801339426401
0.1112754847842991
0.08983573931249107
0.1733828937976114
0.1508959789896272
0.1209718531717168
0.09766405116460344
0.06183315377320448
0.04463805232946912
0.02203485953592503
0.004639073429925716
0.06910171626963074
0.04988528894587333
0.02462504091155496
0.005184390582650753
0.07831043669393954
0.05653315615898467
0.02790660769758363
0.005875264726425748
0.08513448009916041
0.06145951675590279
0.03033839117064415
0.006387230906534976
0.08868116169511513
0.06401991646657414
0.03160227327677089
0.006653316924876251
0.09515639432757367
0.06869449275747408
0.03390977136114205
0.007139115241561802
0.1032278440394205
0.07452143197729437
0.03678611181445193
0.007744670465464338
0.1091047988134627
0.07876414280042396
0.03888043741998423
0.008185587205119919
0.1806055428264202
0.1571819238885925
0.1260113420633173
0.1017326716557816
0.1937920476435965
0.1686582411220344
0.1352119682791059
0.1091607937172511
0.2102291996037002
0.1829635795363591
0.146680584006229
0.1184199917782178
0.2221973892171933
0.1933795461738363
0.1550310428315916
0.1251617414701117
0.2655857394656446
0.2442989306736806
0.2155729533915968
0.1928989327323241
0.28497635771493
0.2621356481609161
0.231312535162109
0.2069830412912181
0.30914662753344
0.2843690183828131
0.2509319995982656
0.2245390602482716
0.3267452453781254
0.3005573038534571
0.2652171430200512
0.2373218830693346
0.1851846459660631
0.1703418447095504
0.1503120459422961
0.1345020436488354
0.2069518886653263
0.1903644020526917
0.1679802858905394
0.1503120459423293
0.2345291289888911
0.2157313132541098
0.1903644020526918
0.1703418447095883
0.2549647717466494
0.2345291289888713
0.2069518886653068
0.1851846459660776
0.2373218830694336
0.2245390602483286
0.2069830412912384
0.1928989327323243
0.2652171430202404
0.2509319995983863
0.2313125351621643
0.2155729533916257
0.3005573038536906
0.2843690183829719
0.2621356481609931
0.2442989306737143
0.326745245378346
0.3091466275335869
0.2849763577149943
0.2655857394656611
0.3403558751915342
0.3220241830175611
0.2968472231213704
0.2766490415576438
0.3652051487241176
0.3455349554236351
0.3185198676241143
0.2968472231213232
0.3961801534803827
0.374841506037298
0.3455349554235429
0.3220241830174279
0.4187334887030524
0.3961801534803088
0.3652051487239396
0.3403558751913203
