FiniteElementSpace
FiniteElementCollection: L2_2D_P3
VDim: 1
Ordering: 0

-36521.301
-35798.977
-35229.16
-34755.64
-36521.368
-35798.96
-35229.166
-34755.638
-36521.365
-35798.962
-35229.166
-34755.638
-36521.367
-35798.962
-35229.166
-34755.638
-34520.211
-34091.963
-33528.77
-33092.55
-34520.209
-34091.963
-33528.77
-33092.55
-34520.208
-34091.962
-33528.769
-33092.549
-34520.208
-34091.962
-33528.768
-33092.55
-34520.968
-34091.77
-33528.856
-33092.511
-34520.968
-34091.77
-33528.856
-33092.512
-34520.968
-34091.77
-33528.857
-33092.512
-34520.966
-34091.771
-33528.857
-33092.512
-32751.068
-31871.571
-30657.521
-29630.963
-32751.069
-31871.571
-30657.521
-29630.963
-32751.073
-31871.57
-30657.521
-29630.964
-32751.072
-31871.571
-30657.522
-29630.966
-32751.342
-31871.499
-30657.537
-29630.967
-32751.334
-31871.504
-30657.548
-29630.958
-32751.335
-31871.504
-30657.549
-29630.957
-32751.335
-31871.504
-30657.549
-29630.957
-29114.612
-27981.405
-26432.343
-25141.021
-29114.609
-27981.406
-26432.346
-25141.015
-29114.616
-27981.394
-26432.37
-25140.932
-29114.617
-27981.394
-26432.373
-25140.925
-24634.051
-23874.255
-22902.163
-22116.738
-24634.05
-23874.254
-22902.161
-22116.735
-24634.051
-23874.254
-22902.161
-22116.735
-24634.052
-23874.254
-22902.161
-22116.734
-21706.69
-20805.723
-19616.152
-18302.89
-21706.688
-20805.721
-19616.151
-18302.89
-21706.687
-20805.72
-19616.15
-18302.889
-21706.687
-20805.72
-19616.149
-18302.889
-21714.699
-20803.519
-19617.223
-18302.348
-21714.699
-20803.518
-19617.223
-18302.348
-21714.698
-20803.518
-19617.222
-18302.347
-21714.698
-20803.517
-19617.221
-18302.347
-24634.88
-23872.998
-22904.62
-22108.429
-24634.88
-23872.998
-22904.62
-22108.429
-24634.881
-23872.997
-22904.62
-22108.429
-24634.881
-23872.997
-22904.62
-22108.429
-24634.776
-23874.351
-22902.049
-22116.63
-24634.776
-23874.351
-22902.049
-22116.63
-24634.776
-23874.351
-22902.049
-22116.63
-24634.778
-23874.351
-22902.049
-22116.63
-21706.634
-20805.772
-19616.23
-18302.787
-21706.633
-20805.772
-19616.23
-18302.786
-21706.633
-20805.772
-19616.229
-18302.786
-21706.633
-20805.772
-19616.229
-18302.785
-21714.645
-20803.571
-19617.303
-18302.245
-21714.646
-20803.57
-19617.303
-18302.244
-21714.645
-20803.57
-19617.301
-18302.243
-21714.645
-20803.568
-19617.325
-18302.234
-24635.605
-23873.095
-22904.509
-22108.324
-24635.606
-23873.095
-22904.509
-22108.325
-24635.607
-23873.095
-22904.509
-22108.325
-24635.613
-23873.103
-22904.503
-22108.321
-29114.668
-27981.318
-26432.515
-25140.471
-29114.669
-27981.318
-26432.518
-25140.464
-29114.677
-27981.307
-26432.543
-25140.383
-29114.681
-27981.306
-26432.547
-25140.374
-29134.2
-27979.766
-26431.839
-25142.328
-29134.218
-27979.771
-26431.85
-25142.326
-29134.221
-27979.76
-26431.873
-25142.246
-29134.218
-27979.757
-26431.874
-25142.236
-24612.094
-23886.641
-22911.951
-22111.118
-24612.109
-23886.659
-22911.945
-22111.113
-24612.11
-23886.659
-22911.95
-22111.116
-24612.113
-23886.661
-22911.949
-22111.116
-21692.569
-20786.946
-19630.233
-18396.06
-21692.568
-20786.939
-19630.261
-18396.028
-21692.569
-20786.937
-19630.243
-18396.02
-21692.569
-20786.936
-19630.249
-18396.018
-21700.397
-20784.786
-19631.298
-18395.493
-21700.397
-20784.787
-19631.301
-18395.499
-21700.397
-20784.789
-19631.307
-18395.507
-21700.396
-20784.79
-19631.309
-18395.512
-24612.92
-23885.432
-22914.352
-22103.002
-24612.92
-23885.431
-22914.351
-22103.001
-24612.919
-23885.429
-22914.349
-22103
-24612.918
-23885.428
-22914.348
-22103
-24612.451
-23886.7
-22911.891
-22111.063
-24612.459
-23886.706
-22911.896
-22111.066
-24612.462
-23886.709
-22911.897
-22111.066
-24612.466
-23886.712
-22911.898
-22111.066
-21692.542
-20786.966
-19630.304
-18396.001
-21692.543
-20786.964
-19630.293
-18395.981
-21692.543
-20786.961
-19630.288
-18395.973
-21692.541
-20786.957
-19630.28
-18395.963
-21700.37
-20784.802
-19631.318
-18395.412
-21700.371
-20784.791
-19631.285
-18395.353
-21700.366
-20784.772
-19631.22
-18395.292
-21700.684
-20784.545
-19630.473
-18392.607
-24613.281
-23885.492
-22914.306
-22102.954
-24613.299
-23885.508
-22914.317
-22102.96
-24613.335
-23885.534
-22914.337
-22102.966
-24613.993
-23886.141
-22914.839
-22103.367
-29134.247
-27979.728
-26431.931
-25142.068
-29134.26
-27979.737
-26431.942
-25142.069
-29134.313
-27979.76
-26431.993
-25142.015
-29134.653
-27979.906
-26432.133
-25142.223
-32753.875
-31870.528
-30661.712
-29608.352
-32753.882
-31870.536
-30661.723
-29608.362
-32753.903
-31870.567
-30661.759
-29608.401
-32754.04
-31870.711
-30661.95
-29608.642
-32753.872
-31870.526
-30661.702
-29608.358
-32753.877
-31870.534
-30661.709
-29608.372
-32753.875
-31870.532
-30661.708
-29608.369
-32753.872
-31870.53
-30661.706
-29608.365
-34519.391
-34090.788
-33528.781
-33092.503
-34519.389
-34090.786
-33528.779
-33092.502
-34519.386
-34090.784
-33528.777
-33092.499
-34519.384
-34090.782
-33528.775
-33092.498
-34519.387
-34090.782
-33528.775
-33092.495
-34519.391
-34090.788
-33528.78
-33092.502
-34519.392
-34090.789
-33528.782
-33092.504
-34519.391
-34090.789
-33528.782
-33092.504
-36524.533
-35799.357
-35228.373
-34753.764
-36524.533
-35799.355
-35228.375
-34753.768
-36524.533
-35799.356
-35228.376
-34753.769
-36524.532
-35799.355
-35228.375
-34753.768
-36524.532
-35799.354
-35228.374
-34753.768
-36524.533
-35799.352
-35228.373
-34753.766
-36524.535
-35799.35
-35228.37
-34753.763
-36524.539
-35799.348
-35228.369
-34753.761
-36524.677
-35799.387
-35228.23
-34754.252
-36524.684
-35799.388
-35228.233
-34754.254
-36524.699
-35799.391
-35228.235
-34754.255
-36524.716
-35799.395
-35228.239
-34754.258
-34518.918
-34090.899
-33528.72
-33092.521
-34518.921
-34090.902
-33528.723
-33092.524
-34518.922
-34090.903
-33528.725
-33092.527
-34518.924
-34090.906
-33528.729
-33092.531
-34519.39
-34090.793
-33528.788
-33092.512
-34519.399
-34090.804
-33528.8
-33092.525
-34519.42
-34090.827
-33528.825
-33092.551
-34519.72
-34091.097
-33529.103
-33092.867
-36524.789
-35799.311
-35228.403
-34753.761
-36524.815
-35799.319
-35228.414
-34753.77
-36524.867
-35799.33
-35228.436
-34753.789
-36524.014
-35799.519
-35228.617
-34754.091
-38452.886
-37520.777
-36510.941
-34576.321
-38452.915
-37520.78
-36510.916
-34576.213
-38452.953
-37520.782
-36510.871
-34576.059
-38452.944
-37520.707
-36511.194
-34575.571
-38452.79
-37520.769
-36510.997
-34576.64
-38452.811
-37520.771
-36510.985
-34576.579
-38452.842
-37520.775
-36510.964
-34576.483
-38452.869
-37520.779
-36510.945
-34576.395
-40079.309
-39696.957
-39204.686
-38622.358
-40079.322
-39696.968
-39204.705
-38622.375
-40079.346
-39696.998
-39204.741
-38622.403
-40079.364
-39697.023
-39204.773
-38622.428
-40079.439
-39697.014
-39204.795
-38622.437
-40079.448
-39697.035
-39204.827
-38622.462
-40079.443
-39697.052
-39204.866
-38622.496
-40078.679
-39696.416
-39204.458
-38622.286
-40938.16
-40733.146
-40457.827
-40120.898
-40938.054
-40733.068
-40457.79
-40120.892
-40937.849
-40732.919
-40457.709
-40120.867
-40936.124
-40731.269
-40456.475
-40119.998
-44571.654
-41839.385
-41553.593
-41067.829
-44571.137
-41839.174
-41553.407
-41067.703
-44570.362
-41838.746
-41553.074
-41067.461
-44560.876
-41836.688
-41550.566
-41065.684
-44566.349
-41843.651
-41548.628
-41082.386
-44566.262
-41843.563
-41548.564
-41082.337
-44566.005
-41843.466
-41548.473
-41082.276
-44565.663
-41843.355
-41548.365
-41082.207
-40925.976
-40736.187
-40456.615
-40121.541
-40925.93
-40736.162
-40456.6
-40121.547
-40925.883
-40736.133
-40456.597
-40121.56
-40925.829
-40736.093
-40456.587
-40121.567
-40932.924
-40738.488
-40448.852
-40148.274
-40932.923
-40738.49
-40448.856
-40148.281
-40932.92
-40738.49
-40448.867
-40148.29
-40932.904
-40738.493
-40448.864
-40148.306
-44573.47
-41840.224
-41553.521
-41070.44
-44573.522
-41840.219
-41553.522
-41070.439
-44573.597
-41840.202
-41553.518
-41070.432
-44573.58
-41840.18
-41553.5
-41070.419
-44567.454
-41843.885
-41548.807
-41083.25
-44567.281
-41843.852
-41548.77
-41083.224
-44567.179
-41843.832
-41548.746
-41083.208
-44567.192
-41843.825
-41548.742
-41083.205
-40921.992
-40741.079
-40447.824
-40148.714
-40921.972
-40741.055
-40447.809
-40148.697
-40921.958
-40741.042
-40447.798
-40148.688
-40921.956
-40741.038
-40447.797
-40148.687
-40052.521
-39708.04
-39191.025
-38659.686
-40052.501
-39708.029
-39191.014
-38659.676
-40052.493
-39708.022
-39191.008
-38659.671
-40052.493
-39708.022
-39191.009
-38659.671
-40052.394
-39708.05
-39191
-38659.679
-40052.403
-39708.058
-39191.008
-38659.686
-40052.414
-39708.075
-39191.025
-38659.7
-40052.436
-39708.087
-39191.042
-38659.715
-38420.07
-37528.931
-36507.095
-34579.012
-38420.077
-37528.931
-36507.09
-34578.991
-38420.089
-37528.935
-36507.08
-34578.95
-38420.107
-37528.936
-36507.072
-34578.906
-38420.084
-37528.938
-36507.102
-34579.014
-38420.073
-37528.935
-36507.101
-34579.026
-38420.068
-37528.931
-36507.099
-34579.027
-38420.068
-37528.931
-36507.097
-34579.019
-38452.496
-37520.966
-36510.772
-34578.484
-38452.464
-37520.982
-36510.749
-34578.479
-38452.456
-37520.977
-36510.752
-34578.497
-38452.444
-37520.976
-36510.751
-34578.515
-40079.25
-39696.938
-39204.618
-38622.401
-40079.238
-39696.936
-39204.6
-38622.415
-40079.231
-39696.924
-39204.588
-38622.404
-40079.216
-39696.921
-39204.581
-38622.397
-40072.124
-39705.779
-39189.416
-38668.886
-40072.119
-39705.774
-39189.408
-38668.885
-40072.112
-39705.762
-39189.403
-38668.866
-40072.099
-39705.763
-39189.38
-38668.893
-38374.715
-37594.238
-36389.861
-34937.771
-38374.703
-37594.241
-36389.857
-34937.776
-38374.707
-37594.229
-36389.875
-34937.803
-38374.661
-37594.256
-36389.836
-34937.78
-38390.043
-37590.431
-36391.541
-34937.023
-38390.046
-37590.434
-36391.541
-34937.018
-38390.046
-37590.433
-36391.541
-34937.019
-38390.038
-37590.428
-36391.538
-34937.022
-38390.165
-37590.539
-36391.941
-34936.973
-38390.023
-37590.429
-36391.551
-34937.091
-38390.033
-37590.429
-36391.544
-34937.05
-38390.04
-37590.431
-36391.541
-34937.034
-40074.631
-39702.522
-39194.921
-38652.01
-40074.647
-39702.558
-39194.949
-38651.941
-40074.658
-39702.571
-39194.962
-38651.953
-40074.664
-39702.578
-39194.97
-38651.959
-40074.667
-39702.581
-39194.972
-38651.961
-40074.67
-39702.583
-39194.976
-38651.964
-40074.669
-39702.582
-39194.974
-38651.964
-40074.666
-39702.578
-39194.971
-38651.957
-40938.149
-40733.682
-40457.307
-40122.689
-40938.147
-40733.68
-40457.306
-40122.692
-40938.147
-40733.68
-40457.305
-40122.692
-40938.149
-40733.684
-40457.307
-40122.687
-40938.236
-40733.552
-40457.213
-40122.701
-40938.161
-40733.688
-40457.297
-40122.675
-40938.155
-40733.685
-40457.305
-40122.681
-40938.151
-40733.683
-40457.307
-40122.687
-44566.74
-41840.373
-41553.798
-41068.405
-44572.515
-41839.749
-41553.97
-41068.209
-44572.365
-41839.767
-41553.947
-41068.201
-44572.311
-41839.754
-41553.936
-41068.196
-44572.31
-41839.742
-41553.933
-41068.193
-44572.295
-41839.726
-41553.929
-41068.191
-44572.288
-41839.725
-41553.93
-41068.192
-44572.315
-41839.751
-41553.936
-41068.194
-44566.054
-41843.627
-41548.641
-41082.492
-44566.054
-41843.639
-41548.649
-41082.496
-44566.073
-41843.654
-41548.66
-41082.504
-44566.089
-41843.667
-41548.669
-41082.511
-40925.716
-40736.737
-40455.797
-40124.143
-40925.718
-40736.739
-40455.795
-40124.139
-40925.724
-40736.741
-40455.791
-40124.133
-40925.729
-40736.741
-40455.788
-40124.128
-40938.42
-40733.349
-40457.868
-40120.93
-40938.427
-40733.348
-40457.866
-40120.925
-40938.431
-40733.35
-40457.859
-40120.92
-40938.436
-40733.348
-40457.863
-40120.909
-44572.357
-41839.777
-41553.993
-41068.151
-44572.38
-41839.789
-41554.002
-41068.158
-44572.383
-41839.806
-41554.012
-41068.166
-44572.398
-41839.814
-41554.021
-41068.168
-53065.215
-48878.034
-46000.477
-31017.545
-53065.513
-48877.97
-46000.512
-31017.585
-53065.487
-48877.958
-46000.518
-31017.667
-53065.255
-48878.011
-46000.482
-31017.743
-54493.096
-51777.313
-73038.179
-48906.248
-54493.001
-51777.366
-73040.364
-48905.984
-54492.97
-51777.366
-73039.971
-48905.993
-54492.877
-51777.443
-73041.59
-48906.048
-54440.144
-51617.062
-56737.582
-50561.023
-54440.223
-51617.045
-56736.498
-50561.223
-54440.326
-51617.028
-56735.463
-50561.367
-54440.125
-51617.14
-56738.689
-50560.937
-52035.446
-49042.336
-45948.428
-31041.423
-52035.249
-49042.397
-45948.43
-31041.456
-52035.128
-49042.449
-45948.447
-31041.503
-52035.608
-49042.353
-45948.504
-31041.525
-53065.558
-48877.936
-46000.406
-31017.366
-53065.408
-48877.938
-46000.437
-31017.353
-53065.535
-48877.894
-46000.456
-31017.357
-53065.106
-48877.995
-46000.333
-31017.431
-53065.086
-48877.268
-46005.347
-31017.333
-53065.682
-48878.167
-46000.53
-31017.324
-53065.65
-48878.013
-46000.418
-31017.377
-53065.576
-48877.953
-46000.419
-31017.375
-54493.578
-51780.894
-72979.838
-48906.919
-54493.266
-51777.305
-73043.662
-48905.938
-54492.987
-51777.472
-73042.055
-48906.111
-54492.931
-51777.439
-73040.878
-48906.067
-54492.924
-51777.381
-73040.844
-48905.983
-54492.988
-51777.264
-73039.482
-48905.948
-54492.921
-51777.27
-73040.719
-48905.775
-54493.026
-51777.304
-73036.968
-48906.4
-49453.085
-49987.585
-51116.31
-52235.26
-49453.086
-49987.575
-51116.296
-52235.227
-49453.09
-49987.577
-51116.293
-52235.212
-49453.136
-49987.546
-51116.342
-52235.141
-49453.125
-49987.023
-51116.061
-52234.308
-49453.126
-49987.667
-51116.454
-52235.395
-49453.095
-49987.617
-51116.363
-52235.335
-49453.086
-49987.59
-51116.32
-52235.277
-59599.069
-55831.103
-51113.97
-50622.58
-59601.112
-55830.234
-51113.651
-50622.538
-59601.123
-55830.279
-51113.655
-50622.524
-59601.117
-55830.3
-51113.664
-50622.521
-59601.125
-55830.302
-51113.668
-50622.522
-59601.123
-55830.306
-51113.677
-50622.525
-59601.116
-55830.306
-51113.684
-50622.529
-59601.103
-55830.323
-51113.649
-50622.562
-59645.252
-55777.204
-51218.903
-50282.842
-59645.204
-55777.229
-51218.855
-50282.904
-59645.185
-55777.208
-51218.878
-50282.904
-59645.173
-55777.183
-51218.908
-50282.895
-49763.649
-49907.542
-51145.02
-52306.54
-49763.738
-49907.48
-51145.121
-52306.34
-49763.734
-49907.526
-51145.119
-52306.432
-49763.718
-49907.578
-51145.105
-52306.525
-49453.218
-49987.599
-51116.44
-52235.133
-49453.159
-49987.695
-51116.371
-52235.352
-49453.205
-49987.695
-51116.403
-52235.291
-49453.277
-49987.654
-51116.482
-52235.171
-59600.996
-55830.29
-51113.668
-50622.627
-59600.997
-55830.247
-51113.73
-50622.591
-59600.947
-55830.243
-51113.731
-50622.63
-59600.903
-55830.249
-51113.728
-50622.658
-59644.51
-55777.157
-51221.183
-50277.167
-59644.063
-55777.105
-51221.336
-50277.389
-59643.861
-55777.054
-51221.449
-50277.476
-59643.894
-55777.069
-51221.428
-50277.461
-59644.052
-55776.986
-51221.577
-50276.843
-59644.239
-55777.031
-51221.495
-50276.754
-59644.525
-55777.102
-51221.37
-50276.621
-59644.729
-55777.135
-51221.322
-50276.517
-49739.591
-49962.707
-51004.801
-52895.393
-49739.515
-49962.699
-51004.861
-52895.736
-49739.401
-49962.659
-51004.979
-52896.033
-49739.262
-49962.657
-51004.984
-52896.061
-49742.317
-49955.491
-51023.892
-52812.847
-49742.575
-49955.38
-51023.754
-52812.041
-49742.615
-49955.401
-51023.571
-52811.729
-49742.609
-49955.394
-51023.555
-52811.93
-53928.635
-51785.335
-59987.86
-50544.127
-53927.717
-51784.842
-59986.823
-50543.549
-53927.332
-51784.479
-59983.899
-50543.134
-53927.206
-51784.626
-59986.809
-50542.923
-51947.596
-49049.283
-45962.144
-31029.171
-51946.389
-49048.635
-45961.672
-31030.103
-51946.081
-49048.192
-45961.458
-31030.572
-51946.406
-49048.183
-45961.478
-31030.502
-53102.34
-48863.824
-46019.767
-31003.765
-53103.335
-48863.976
-46019.934
-31003.367
-53103.755
-48864.409
-46020.086
-31002.804
-53103.71
-48864.659
-46020.125
-31002.477
-53754.57
-52074.127
-81321.539
-48661.84
-53754.564
-52074.554
-81331.951
-48661.495
-53755.007
-52074.918
-81334.451
-48661.966
-53755.483
-52074.91
-81327.347
-48662.637
-54452.762
-51612.574
-56651.643
-50561.849
-54453.614
-51611.461
-56640.89
-50561.648
-54452.15
-51611.442
-56641.859
-50561.355
-54450.317
-51611.078
-56639.724
-50560.933
-52037.804
-49042.726
-45948.587
-31040.725
-52036.431
-49042.537
-45948.669
-31040.505
-52036.256
-49041.834
-45947.982
-31041.256
-52035.73
-49040.75
-45947.069
-31042.507
-53062.822
-48875.838
-45998.384
-31019.396
-53060.316
-48873.633
-45997.352
-31021.269
-53052.742
-48869.395
-45996.207
-31024.113
-53027.347
-48858.466
-45996.599
-31024.77
-54489.312
-51776.37
-72997.145
-48906.417
-54487.006
-51774.162
-72980.55
-48903.981
-54484.872
-51767.804
-72929.973
-48897.534
-54479.873
-51770.839
-72233.233
-48885.27
-49453.127
-49987.254
-51114.989
-52233.887
-49453.37
-49987.126
-51114.037
-52232.531
-49453.872
-49986.842
-51112.446
-52229.428
-49451.537
-49984.466
-51108.233
-52230.374
-49447.49
-49997.152
-51093.723
-52332.183
-49447.343
-49997.134
-51093.555
-52331.828
-49447.402
-49997.016
-51093.177
-52331.39
-49447.478
-49996.962
-51092.554
-52330.905
-59601.296
-55830.581
-51113.186
-50623.529
-59601.312
-55830.536
-51113.208
-50623.453
-59601.109
-55830.558
-51113.339
-50623.564
-59600.717
-55830.529
-51113.596
-50623.764
-59600.471
-55830.303
-51114.078
-50622.796
-59599.605
-55830.161
-51114.537
-50623.179
-59597.767
-55829.742
-51115.332
-50623.84
-59589.668
-55826.124
-51113.256
-50621.872
-58857.464
-56234.384
-52717.595
-51789.135
-58844.202
-56228.112
-52713.502
-51785.28
-58844.432
-56228.835
-52715.703
-51787.269
-58841.888
-56227.829
-52715.457
-51786.931
-51104.322
-50793.641
-50912.289
-51489.029
-51100.509
-50788.349
-50908.39
-51479.922
-51102.096
-50789.26
-50906.374
-51478.209
-51101.64
-50788.323
-50905.039
-51475.417
-50775.801
-50880.618
-50851.702
-51501.495
-50775.789
-50880.516
-50851.203
-51500.551
-50775.702
-50880.333
-50851.024
-51500.262
-50775.445
-50880.158
-50851.026
-51500.863
-58796.069
-56283.616
-52606.451
-52139.732
-58795.912
-56283.637
-52606.703
-52139.809
-58796.118
-56283.763
-52606.671
-52139.748
-58796.284
-56283.717
-52606.368
-52139.468
-58842.784
-56228.394
-52715.795
-51787.021
-58843.327
-56228.59
-52715.538
-51786.852
-58844.009
-56228.767
-52715.314
-51786.579
-58844.324
-56228.86
-52715.191
-51786.468
-58844.392
-56228.869
-52715.172
-51786.445
-58844.21
-56228.83
-52715.234
-51786.511
-58843.266
-56228.593
-52715.572
-51786.863
-58843.046
-56227.475
-52715.964
-51787.512
-51101.127
-50787.895
-50905.106
-51476.045
-51101.182
-50787.902
-50905.023
-51475.856
-51101.46
-50787.906
-50904.494
-51474.748
-51102.024
-50788.682
-50903.953
-51474.702
-51101.569
-50788.012
-50904.209
-51474.342
-51101.457
-50787.904
-50904.523
-51474.845
-51101.228
-50787.897
-50904.869
-51475.59
-51101.146
-50787.886
-50905.066
-51475.958
-51615.136
-51373.383
-51770.642
-50369.449
-51615.832
-51374.332
-51772.121
-50370.68
-51616.762
-51375.455
-51773.792
-50372.056
-51617.242
-51376.004
-51774.62
-50372.716
-51617.336
-51376.096
-51774.974
-50372.86
-51617.108
-51375.887
-51774.237
-50372.546
-51615.703
-51374.508
-51771.221
-50370.756
-51612.688
-51368.893
-51795.26
-50370.218
-50030.132
-48201.374
-44559.164
-39158.522
-50029.833
-48201.086
-44559.072
-39158.703
-50028.042
-48199.407
-44558.468
-39159.688
-50024.528
-48198.219
-44553.647
-39161.231
-50026.841
-48198.614
-44558.247
-39160.217
-50027.961
-48199.53
-44558.503
-39159.626
-50029.334
-48200.675
-44558.907
-39158.921
-50030.002
-48201.252
-44559.125
-39158.584
-50170.367
-48176.052
-44566.239
-39158.063
-50170.548
-48175.263
-44565.11
-39158.725
-50170.692
-48175.109
-44564.734
-39158.59
-50168.787
-48175.084
-44565.837
-39157.417
-51618.415
-51399.519
-53218.262
-50135.212
-51616.684
-51399.788
-53215.429
-50136.481
-51616.246
-51399.916
-53214.292
-50136.876
-51617.99
-51397.953
-53218.199
-50133.172
-51618.945
-51385.522
-52058.571
-50428.861
-51623.893
-51388.292
-51720.957
-50377.012
-51619.146
-51374.357
-51808.353
-50375.026
-51617.506
-51374.245
-51757.898
-50367.222
-50060.592
-48226.686
-44560.499
-39159.716
-50039.249
-48206.193
-44562.981
-39156.342
-50030.477
-48203.653
-44561.139
-39158.951
-50026.74
-48199.022
-44560.144
-39159.484
-42194.083
-42409.624
-41897.536
-41650.783
-42179.928
-42406.217
-41893.329
-41647.676
-42183.463
-42406.234
-41893.799
-41647.919
-42181.425
-42405.515
-41893.039
-41647.329
-42181.427
-42405.705
-41893.091
-41647.424
-42181.473
-42405.543
-41892.995
-41647.337
-42181.346
-42405.404
-41892.901
-41647.27
-42180.858
-42405.263
-41892.762
-41647.184
-41463.307
-41152.196
-40728.386
-40391.298
-41463.251
-41152.174
-40728.397
-40391.323
-41463.198
-41152.151
-40728.408
-40391.353
-41463.12
-41152.093
-40728.377
-40391.349
-41466.439
-41155.069
-40730.357
-40392.834
-41463.49
-41152.226
-40728.242
-40391.307
-41463.758
-41152.61
-40728.584
-40391.582
-41463.233
-41152.142
-40728.265
-40391.365
-40188.224
-39763.568
-39136.999
-38572.998
-40186.89
-39762.48
-39136.316
-38572.665
-40187.176
-39762.779
-39136.574
-38572.845
-40186.996
-39762.654
-39136.522
-38572.843
-38254.934
-37549.72
-36522.604
-35514.077
-38254.933
-37549.628
-36523.152
-35513.294
-38255.017
-37549.701
-36522.919
-35513.278
-38255.06
-37549.705
-36522.973
-35513.064
-38261.618
-37548.111
-36523.622
-35512.785
-38261.661
-37548.127
-36523.594
-35512.693
-38261.703
-37548.143
-36523.563
-35512.603
-38261.719
-37548.149
-36523.545
-35512.551
-40187.94
-39761.421
-39138.939
-38565.677
-40187.971
-39761.468
-39138.992
-38565.724
-40188.012
-39761.52
-39139.048
-38565.771
-40188.013
-39761.53
-39139.066
-38565.789
-40183.755
-39763.475
-39136.517
-38573.164
-40183.782
-39763.504
-39136.541
-38573.181
-40183.81
-39763.529
-39136.559
-38573.192
-40183.819
-39763.536
-39136.561
-38573.193
-38255.291
-37549.733
-36522.8
-35512.824
-38255.304
-37549.737
-36522.787
-35512.794
-38255.312
-37549.737
-36522.776
-35512.773
-38255.312
-37549.734
-36522.772
-35512.767
-38261.762
-37548.138
-36523.462
-35512.515
-38261.754
-37548.133
-36523.462
-35512.52
-38261.736
-37548.125
-36523.467
-35512.533
-38261.745
-37548.135
-36523.424
-35512.503
-40184.868
-39762.188
-39138.9
-38566.051
-40184.853
-39762.174
-39138.887
-38566.042
-40184.801
-39762.129
-39138.855
-38566.019
-40184.737
-39762.097
-39138.862
-38566.032
-41439.589
-41158.251
-40724.948
-40396.541
-41439.577
-41158.236
-40724.933
-40396.525
-41439.516
-41158.17
-40724.878
-40396.463
-41439.239
-41158.059
-40724.778
-40396.285
-41439.475
-41158.243
-40724.77
-40396.805
-41439.488
-41158.267
-40724.795
-40396.836
-41439.519
-41158.299
-40724.824
-40396.871
-41439.535
-41158.315
-40724.835
-40396.884
-42177.307
-42411.049
-41883.546
-41673.858
-42177.189
-42411.056
-41883.549
-41673.876
-42177.055
-42411.087
-41883.566
-41673.917
-42176.994
-42411.11
-41883.581
-41673.941
-42177.011
-42411.112
-41883.59
-41673.931
-42177.02
-42411.113
-41883.584
-41673.919
-42177.107
-42411.074
-41883.534
-41673.843
-42182.152
-42410.477
-41883.539
-41673.431
-44918.525
-42434.57
-42100.599
-41596.258
-44927.157
-42433.856
-42100.744
-41595.821
-44924.682
-42434.195
-42100.738
-41595.969
-44926.02
-42434.111
-42100.786
-41595.921
-44925.57
-42434.17
-42100.796
-41595.953
-44925.615
-42434.193
-42100.822
-41595.97
-44925.645
-42434.226
-42100.847
-41595.988
-44925.684
-42434.266
-42100.853
-41595.991
-41395.841
-41123.949
-40698.509
-40309.135
-41395.855
-41123.954
-40698.503
-40309.126
-41395.868
-41123.958
-40698.498
-40309.115
-41395.869
-41123.958
-40698.494
-40309.108
-41396.051
-41123.989
-40698.53
-40309.454
-41395.728
-41123.968
-40698.479
-40309.284
-41395.834
-41123.971
-40698.48
-40309.304
-41395.8
-41123.972
-40698.466
-40309.27
-40134.327
-39741.793
-39146.908
-38604.085
-40134.314
-39741.815
-39146.966
-38604.135
-40134.286
-39741.777
-39146.918
-38604.094
-40134.271
-39741.764
-39146.908
-38604.086
-38293.672
-37587.575
-36531.92
-35461.11
-38293.704
-37587.596
-36531.845
-35461.059
-38293.672
-37587.579
-36531.876
-35461.109
-38293.664
-37587.575
-36531.871
-35461.123
-38300.473
-37585.885
-36532.608
-35460.874
-38300.46
-37585.877
-36532.615
-35460.896
-38300.446
-37585.871
-36532.621
-35460.919
-38300.44
-37585.868
-36532.623
-35460.928
-40135.167
-39740.381
-39149.345
-38596.539
-40135.154
-39740.365
-39149.327
-38596.524
-40135.14
-39740.348
-39149.309
-38596.508
-40135.136
-39740.339
-39149.303
-38596.501
-40143.32
-39739.945
-39147.543
-38603.654
-40143.327
-39739.942
-39147.545
-38603.652
-40143.334
-39739.953
-39147.555
-38603.662
-40143.348
-39739.97
-39147.573
-38603.678
-38293.423
-37587.619
-36531.961
-35461.128
-38293.422
-37587.62
-36531.961
-35461.128
-38293.431
-37587.623
-36531.956
-35461.113
-38293.445
-37587.63
-36531.95
-35461.089
-38300.469
-37585.902
-36532.696
-35460.797
-38300.495
-37585.914
-36532.684
-35460.754
-38300.54
-37585.936
-36532.661
-35460.676
-38300.56
-37585.939
-36532.693
-35460.623
-40144.5
-39738.518
-39150.132
-38595.927
-40144.524
-39738.549
-39150.164
-38595.956
-40144.569
-39738.603
-39150.223
-38596.006
-40144.61
-39738.632
-39150.234
-38596.017
-41407.888
-41119.567
-40703.111
-40297.537
-41407.864
-41119.559
-40703.12
-40297.556
-41407.82
-41119.545
-40703.135
-40297.591
-41407.961
-41119.546
-40703.175
-40297.718
-41407.884
-41119.644
-40702.979
-40297.881
-41407.885
-41119.646
-40702.976
-40297.884
-41407.877
-41119.643
-40702.981
-40297.89
-41407.863
-41119.638
-40702.986
-40297.901
-44925.688
-42431.916
-42104.885
-41583.784
-44925.671
-42431.912
-42104.882
-41583.787
-44925.651
-42431.887
-42104.866
-41583.775
-44925.618
-42431.85
-42104.838
-41583.756
-44928.451
-42431.248
-42105.043
-41583.648
-44928.422
-42431.169
-42104.997
-41583.614
-44928.387
-42431.01
-42104.915
-41583.553
-44923.133
-42431.349
-42104.752
-41583.785
-53102.429
-49076.333
-46356.494
-32943.843
-53102.586
-49076.229
-46356.413
-32943.656
-53102.375
-49076.136
-46356.262
-32943.292
-53101.106
-49074.922
-46360.019
-32942.989
-54361.639
-52331.036
-63894.644
-49659.138
-54361.529
-52330.95
-63895.085
-49658.887
-54361.551
-52330.576
-63895.035
-49658.537
-54361.501
-52333.737
-63842.187
-49658.514
-54335.812
-52187.857
-55148.096
-51006.075
-54335.897
-52187.797
-55147.761
-51006.138
-54335.908
-52187.788
-55147.46
-51006.254
-54335.69
-52187.864
-55148.337
-51005.994
-52266.922
-49210.13
-46314.071
-32963.465
-52266.735
-49210.17
-46314.089
-32963.45
-52266.65
-49210.182
-46314.034
-32963.404
-52267.015
-49210.068
-46313.995
-32963.307
-53102.298
-49076.552
-46356.072
-32944.985
-53102.166
-49076.587
-46356.204
-32945.018
-53102.277
-49076.594
-46356.285
-32945.08
-53102.107
-49076.715
-46356.149
-32945.21
-53100.258
-49074.919
-46361.391
-32944.483
-53102.375
-49076.823
-46354.789
-32944.618
-53102.155
-49076.326
-46356.555
-32944.895
-53102.399
-49076.633
-46355.706
-32944.948
-54361.804
-52334.892
-63821.666
-49658.567
-54361.616
-52329.497
-63910.411
-49658.668
-54361.317
-52331.692
-63885.242
-49659.363
-54361.435
-52330.77
-63898.579
-49659.224
-54361.492
-52331.06
-63893.77
-49659.174
-54361.671
-52330.933
-63893.64
-49659.054
-54361.701
-52330.954
-63894.101
-49658.938
-54361.673
-52331.144
-63893.731
-49659.559
-50395.409
-50889.844
-51719.824
-52789.409
-50395.447
-50889.882
-51719.875
-52789.415
-50395.485
-50889.926
-51719.924
-52789.447
-50395.544
-50889.913
-51719.976
-52789.435
-50394.989
-50888.718
-51718.959
-52788.234
-50395.353
-50889.91
-51719.864
-52789.441
-50395.308
-50889.658
-51719.651
-52789.262
-50395.401
-50889.873
-51719.837
-52789.443
-59541.042
-56257.691
-51989.532
-51599.979
-59542.975
-56256.401
-51989.353
-51600.228
-59542.287
-56256.747
-51989.434
-51600.219
-59542.529
-56256.527
-51989.424
-51600.286
-59542.388
-56256.584
-51989.444
-51600.292
-59542.339
-56256.559
-51989.461
-51600.322
-59542.285
-56256.538
-51989.479
-51600.351
-59542.244
-56256.547
-51989.453
-51600.401
-59588.125
-56201.354
-52098.681
-51248.355
-59588.098
-56201.39
-52098.626
-51248.409
-59588.149
-56201.398
-52098.631
-51248.372
-59588.226
-56201.409
-52098.637
-51248.315
-50718.653
-50803.497
-51758.74
-52824.35
-50718.73
-50803.42
-51758.816
-52824.184
-50718.683
-50803.415
-51758.766
-52824.22
-50718.61
-50803.402
-51758.69
-52824.253
-50395.474
-50889.786
-51719.9
-52789.288
-50395.326
-50889.78
-51719.75
-52789.373
-50395.225
-50889.607
-51719.634
-52789.163
-50394.891
-50888.786
-51718.953
-52788.372
-59542.378
-56256.622
-51989.402
-51600.336
-59542.532
-56256.627
-51989.425
-51600.223
-59542.739
-56256.708
-51989.353
-51600.132
-59541.768
-56257.537
-51989.427
-51599.893
-58844.842
-56227.542
-52715.417
-51787.08
-58842.837
-56228.802
-52715.638
-51786.903
-58843.396
-56228.408
-52715.596
-51786.988
-58843.087
-56228.598
-52715.632
-51786.968
-58843.205
-56228.517
-52715.641
-51786.918
-58843.21
-56228.522
-52715.641
-51786.919
-58843.235
-56228.531
-52715.635
-51786.914
-58843.274
-56228.527
-52715.665
-51786.861
-51101.332
-50788.857
-50903.012
-51482.879
-51101.336
-50788.868
-50903.025
-51482.905
-51101.331
-50788.864
-50903.029
-51482.913
-51101.287
-50788.871
-50903.035
-51482.914
-51101.743
-50789.084
-50905.082
-51477.157
-51101.523
-50787.834
-50904.645
-51474.531
-51101.623
-50788.251
-50904.813
-51475.405
-51101.601
-50788.084
-50904.765
-51475.055
-51614.687
-51370.454
-51809.486
-50374.285
-51616.277
-51375.918
-51763.316
-50370.397
-51616.012
-51374.035
-51777.235
-50371.229
-51616.254
-51374.907
-51770.34
-50370.644
-50027.715
-48201.353
-44553.573
-39159.279
-50028.767
-48199.164
-44560.075
-39159.202
-50028.228
-48199.887
-44558.349
-39159.254
-50028.459
-48199.565
-44559.351
-39159.255
-50173.177
-48176.952
-44565.826
-39157.687
-50173.289
-48176.954
-44565.836
-39157.686
-50173.317
-48176.977
-44565.817
-39157.669
-50173.296
-48177.028
-44565.825
-39157.613
-51597.499
-51410.904
-53342.733
-50132.818
-51597.479
-51410.977
-53342.775
-50132.835
-51597.489
-51411.011
-53342.879
-50132.914
-51597.39
-51411.049
-53342.505
-50132.786
-51526.127
-51324.28
-51896.485
-50300.531
-51525.893
-51324.411
-51896.155
-50300.383
-51525.966
-51324.375
-51896.291
-50300.442
-51525.913
-51324.401
-51896.351
-50300.386
-49955.228
-48198.33
-44586.369
-39143.178
-49955.25
-48198.407
-44586.334
-39143.108
-49955.255
-48198.39
-44586.32
-39143.057
-49955.312
-48198.391
-44586.304
-39143.002
-50129.993
-48171.066
-44594.476
-39141.066
-50130.083
-48171.047
-44594.468
-39141.018
-50130.068
-48171.057
-44594.452
-39140.973
-50130.005
-48171.033
-44594.455
-39140.97
-51529.027
-51356.294
-53655.245
-50015.899
-51528.994
-51356.308
-53655.491
-50015.833
-51529.001
-51356.304
-53655.498
-50015.854
-51529.17
-51356.221
-53655.656
-50015.98
-50760.711
-50890.777
-50823.86
-51638.716
-50760.694
-50890.76
-50823.844
-51638.724
-50760.675
-50890.741
-50823.83
-51638.716
-50760.697
-50890.704
-50823.815
-51638.678
-50760.058
-50892.091
-50820.819
-51651.666
-50759.989
-50892.115
-50820.831
-51651.678
-50759.983
-50892.079
-50820.811
-51651.658
-50759.956
-50892.068
-50820.793
-51651.681
-58792.835
-56286.697
-52606.515
-52142.896
-58792.896
-56286.682
-52606.563
-52142.811
-58792.937
-56286.712
-52606.536
-52142.813
-58792.981
-56286.724
-52606.536
-52142.786
-58793.022
-56286.709
-52606.581
-52142.604
-58793.061
-56286.726
-52606.574
-52142.589
-58793.107
-56286.746
-52606.568
-52142.572
-58793.117
-56286.777
-52606.532
-52142.606
-58843.253
-56228.566
-52715.704
-51786.906
-58843.637
-56228.722
-52715.523
-51786.847
-58843.855
-56228.781
-52715.485
-51786.77
-58843.83
-56228.757
-52715.527
-51786.771
-51101.515
-50788.039
-50904.539
-51474.84
-51101.472
-50788.011
-50904.777
-51475.275
-51101.417
-50788.041
-50904.916
-51475.531
-51101.402
-50788.085
-50904.882
-51475.534
-50775.266
-50880.237
-50851.842
-51502.045
-50775.258
-50880.324
-50851.721
-51501.932
-50775.387
-50880.351
-50851.641
-51501.684
-50775.503
-50880.375
-50851.635
-51501.555
-58797.675
-56284.254
-52606.1
-52139.216
-58797.516
-56284.164
-52606.221
-52139.237
-58797.216
-56284.085
-52606.306
-52139.369
-58797.01
-56284.039
-52606.35
-52139.477
-58842.995
-56228.477
-52715.812
-51787.089
-58842.999
-56228.554
-52715.822
-51787.226
-58843.159
-56228.557
-52715.767
-51787.179
-58843.501
-56228.626
-52715.611
-51787.075
-58843.891
-56228.746
-52715.541
-51787.015
-58844.705
-56228.983
-52715.279
-51786.795
-58846.578
-56229.653
-52714.89
-51786.451
-58858.756
-56236.105
-52719.028
-51790.082
-51101.781
-50788.687
-50905.918
-51476.957
-51101.674
-50788.877
-50906.73
-51478.208
-51101.502
-50789.2
-50908.27
-51480.252
-51104.905
-50793.245
-50910.972
-51486.198
-51101.688
-50788.261
-50904.655
-51475.009
-51101.856
-50788.3
-50904.835
-51475
-51101.846
-50788.455
-50905.145
-51475.577
-51101.814
-50788.585
-50905.594
-51476.378
-51615.996
-51373.933
-51772.344
-50369.922
-51615.807
-51374.658
-51772.551
-50370.999
-51616.626
-51374.96
-51773.497
-50371.2
-51617.783
-51375.536
-51774.863
-50371.688
-51618.47
-51376.148
-51777.587
-50372.591
-51619.897
-51378.652
-51777.998
-50375.372
-51621.523
-51385.147
-51779.443
-50383.275
-51617.986
-51382.362
-52015.679
-50417.809
-50030.186
-48201.806
-44560.405
-39158.714
-50032.959
-48203.772
-44561.079
-39158.082
-50040.088
-48207.688
-44561.594
-39157.269
-50053.774
-48221.095
-44560.416
-39159.787
-50027.573
-48199.193
-44558.963
-39159.464
-50028.338
-48199.446
-44558.838
-39159.722
-50028.69
-48200.056
-44559.348
-39159.487
-50029.398
-48201.022
-44560.022
-39159.022
-50172.619
-48177.586
-44565.826
-39157.157
-50172.292
-48177.304
-44565.747
-39157.355
-50171.803
-48176.909
-44565.645
-39157.665
-50171.471
-48176.722
-44565.609
-39157.884
-51618.937
-51401.441
-53220.82
-50138.088
-51618.72
-51401.161
-53220.238
-50137.74
-51618.407
-51400.77
-53219.468
-50137.256
-51618.298
-51400.55
-53218.897
-50137.053
-51615.543
-51374.257
-51772.29
-50370.167
-51616.407
-51374.848
-51773.293
-50371.295
-51616.638
-51375.248
-51773.85
-50371.671
-51616.616
-51375.193
-51773.907
-50371.601
-50027.976
-48199.249
-44558.682
-39159.167
-50028.693
-48199.933
-44558.96
-39158.803
-50029.159
-48200.315
-44559.096
-39158.603
-50029.134
-48200.248
-44559.096
-39158.65
-42181.681
-42405.161
-41892.89
-41647.222
-42181.604
-42405.204
-41892.915
-41647.257
-42181.584
-42405.229
-41892.934
-41647.278
-42181.602
-42405.235
-41892.941
-41647.28
-41463.157
-41152.185
-40728.375
-40391.569
-41463.191
-41152.211
-40728.398
-40391.59
-41463.21
-41152.227
-40728.41
-40391.602
-41463.211
-41152.23
-40728.41
-40391.602
-41440.502
-41157.475
-40726.275
-40392.323
-41440.496
-41157.471
-40726.266
-40392.313
-41440.496
-41157.463
-40726.253
-40392.294
-41440.505
-41157.46
-40726.244
-40392.278
-42176.63
-42411.169
-41883.637
-41673.517
-42176.682
-42411.171
-41883.645
-41673.511
-42176.764
-42411.188
-41883.657
-41673.511
-42176.835
-42411.217
-41883.678
-41673.52
-42181.831
-42405.302
-41892.99
-41647.291
-42181.983
-42405.391
-41893.058
-41647.342
-42182.022
-42405.512
-41893.138
-41647.406
-42182.009
-42405.643
-41893.222
-41647.482
-42182.063
-42405.749
-41893.299
-41647.549
-42182.084
-42405.972
-41893.454
-41647.688
-42182.228
-42406.401
-41893.766
-41647.963
-42191.47
-42408.846
-41896.581
-41650.04
-41463.419
-41152.331
-40728.395
-40391.518
-41463.541
-41152.413
-40728.434
-40391.534
-41463.777
-41152.578
-40728.524
-40391.581
-41465.731
-41154.428
-40729.88
-40392.54
-41463.21
-41152.211
-40728.367
-40391.542
-41463.255
-41152.235
-40728.376
-40391.535
-41463.304
-41152.261
-40728.374
-40391.52
-41463.368
-41152.298
-40728.382
-40391.515
-40187.026
-39762.92
-39136.691
-38573.132
-40187.015
-39762.902
-39136.669
-38573.111
-40186.991
-39762.867
-39136.628
-38573.073
-40186.974
-39762.838
-39136.591
-38573.038
-40186.973
-39762.827
-39136.573
-38573.018
-40186.97
-39762.803
-39136.533
-38572.977
-40186.989
-39762.784
-39136.48
-38572.916
-40187.813
-39763.43
-39136.842
-38573.036
-38254.571
-37550.109
-36522.015
-35516.285
-38254.531
-37550.085
-36522.028
-35516.35
-38254.475
-37550.045
-36522.054
-35516.439
-38254.378
-37549.977
-36521.553
-35516.734
-38254.675
-37550.165
-36521.972
-35516.105
-38254.655
-37550.154
-36521.98
-35516.14
-38254.621
-37550.137
-36521.996
-35516.199
-38254.59
-37550.12
-36522.008
-35516.253
-38260.957
-37548.64
-36522.613
-35515.782
-38260.951
-37548.638
-36522.618
-35515.794
-38260.939
-37548.633
-36522.626
-35515.818
-38260.924
-37548.628
-36522.634
-35515.844
-40188.127
-39761.675
-39139.02
-38566.275
-40188.116
-39761.665
-39139.011
-38566.268
-40188.096
-39761.645
-39138.991
-38566.253
-40188.08
-39761.625
-39138.972
-38566.237
-40187.061
-39762.969
-39136.743
-38573.178
-40187.082
-39762.982
-39136.753
-38573.183
-40187.092
-39762.99
-39136.758
-38573.186
-40187.089
-39762.988
-39136.756
-38573.185
-38254.715
-37550.181
-36521.944
-35516.022
-38254.718
-37550.182
-36521.941
-35516.018
-38254.72
-37550.183
-36521.941
-35516.018
-38254.719
-37550.182
-36521.943
-35516.022
-38260.937
-37548.613
-36522.57
-35515.855
-38260.945
-37548.617
-36522.568
-35515.844
-38260.954
-37548.622
-36522.566
-35515.833
-38260.958
-37548.625
-36522.564
-35515.827
-38260.904
-37548.596
-36522.578
-35515.895
-38260.912
-37548.6
-36522.577
-35515.885
-38260.922
-37548.606
-36522.574
-35515.872
-38260.931
-37548.611
-36522.572
-35515.861
-40184.63
-39762.21
-39138.69
-38566.445
-40184.636
-39762.219
-39138.698
-38566.454
-40184.647
-39762.232
-39138.712
-38566.466
-40184.655
-39762.242
-39138.722
-38566.475
-40184.523
-39762.281
-39138.714
-38566.485
-40184.532
-39762.29
-39138.724
-38566.494
-40184.542
-39762.303
-39138.736
-38566.504
-40184.553
-39762.309
-39138.744
-38566.509
-41439.415
-41158.268
-40724.802
-40396.658
-41439.41
-41158.27
-40724.807
-40396.666
-41439.406
-41158.273
-40724.814
-40396.676
-41439.41
-41158.273
-40724.819
-40396.683
-42171.568
-42412.269
-41883.135
-41674.326
-42171.542
-42412.254
-41883.127
-41674.32
-42171.526
-42412.233
-41883.117
-41674.314
-42171.467
-42412.226
-41883.106
-41674.313
-42176.917
-42406.228
-41892.673
-41647.584
-42176.917
-42406.217
-41892.665
-41647.581
-42176.889
-42406.201
-41892.652
-41647.575
-42176.87
-42406.185
-41892.646
-41647.567
-41462.642
-41152.818
-40727.128
-40395.373
-41462.641
-41152.818
-40727.134
-40395.379
-41462.638
-41152.817
-40727.14
-40395.388
-41462.631
-41152.82
-40727.144
-40395.397
-41440.471
-41157.463
-40726.168
-40392.365
-41440.472
-41157.467
-40726.17
-40392.367
-41440.471
-41157.47
-40726.173
-40392.372
-41440.475
-41157.469
-40726.18
-40392.376
-42176.787
-42411.233
-41883.673
-41673.524
-42176.813
-42411.237
-41883.677
-41673.525
-42176.802
-42411.237
-41883.677
-41673.524
-42176.811
-42411.226
-41883.671
-41673.526
-42188.166
-42404.606
-41893.024
-41646.867
-42180.19
-42405.452
-41892.917
-41647.338
-42182.552
-42405.204
-41892.978
-41647.228
-42181.396
-42405.338
-41892.97
-41647.3
-41462.89
-41152.147
-40728.3
-40391.398
-41463.236
-41152.174
-40728.346
-40391.542
-41463.159
-41152.18
-40728.335
-40391.499
-41463.21
-41152.19
-40728.342
-40391.521
-40187.012
-39762.945
-39136.751
-38573.182
-40187
-39762.891
-39136.66
-38573.104
-40186.998
-39762.894
-39136.671
-38573.111
-40186.995
-39762.885
-39136.655
-38573.098
-40187.21
-39762.833
-39136.682
-38573.089
-40187.21
-39762.835
-39136.683
-38573.09
-40187.217
-39762.841
-39136.69
-38573.094
-40187.22
-39762.849
-39136.695
-38573.101
-38254.644
-37550.14
-36521.957
-35516.105
-38254.645
-37550.141
-36521.958
-35516.107
-38254.65
-37550.144
-36521.958
-35516.104
-38254.656
-37550.147
-36521.958
-35516.098
-38254.706
-37550.177
-36521.868
-35516.015
-38254.651
-37550.141
-36521.964
-35516.079
-38254.653
-37550.144
-36521.945
-35516.089
-38254.643
-37550.139
-36521.961
-35516.104
-35889.258
-35581.188
-35009.2
-34592.913
-35889.205
-35581.196
-35009.199
-34592.914
-35889.211
-35581.196
-35009.2
-34592.914
-35889.214
-35581.197
-35009.2
-34592.914
-35889.215
-35581.197
-35009.201
-34592.914
-35889.216
-35581.198
-35009.201
-34592.914
-35889.216
-35581.199
-35009.201
-34592.914
-35889.215
-35581.199
-35009.202
-34592.914
-34357.435
-33918.123
-33340.636
-32898.022
-34357.435
-33918.123
-33340.636
-32898.022
-34357.436
-33918.123
-33340.636
-32898.021
-34357.436
-33918.123
-33340.636
-32898.021
-34357.434
-33918.127
-33340.636
-32898.02
-34357.436
-33918.124
-33340.638
-32898.024
-34357.435
-33918.123
-33340.637
-32898.023
-34357.435
-33918.123
-33340.637
-32898.022
-32535.293
-31620.59
-30404.651
-29453.88
-32535.291
-31620.589
-30404.649
-29453.877
-32535.29
-31620.587
-30404.647
-29453.875
-32535.289
-31620.586
-30404.645
-29453.873
-32535.234
-31620.597
-30404.639
-29453.871
-32535.233
-31620.596
-30404.638
-29453.87
-32535.232
-31620.594
-30404.635
-29453.867
-32535.231
-31620.592
-30404.632
-29453.865
-34354.359
-33918.884
-33340.286
-32898.298
-34354.359
-33918.884
-33340.286
-32898.298
-34354.359
-33918.884
-33340.286
-32898.297
-34354.359
-33918.884
-33340.285
-32898.297
-34354.358
-33918.883
-33340.286
-32898.298
-34354.358
-33918.884
-33340.286
-32898.298
-34354.359
-33918.884
-33340.286
-32898.298
-34354.359
-33918.884
-33340.286
-32898.298
-35888.788
-35581.788
-35008.16
-34596.236
-35888.787
-35581.788
-35008.16
-34596.236
-35888.784
-35581.789
-35008.16
-34596.237
-35888.783
-35581.789
-35008.16
-34596.237
-35888.781
-35581.789
-35008.16
-34596.237
-35888.779
-35581.789
-35008.16
-34596.238
-35888.777
-35581.789
-35008.16
-34596.238
-35888.776
-35581.789
-35008.16
-34596.238
-35889.205
-35581.204
-35009.206
-34592.921
-35889.2
-35581.199
-35009.201
-34592.916
-35889.198
-35581.197
-35009.198
-34592.912
-35889.2
-35581.197
-35009.198
-34592.912
-34357.442
-33918.129
-33340.64
-32898.024
-34357.436
-33918.122
-33340.633
-32898.017
-34357.433
-33918.118
-33340.629
-32898.012
-34357.432
-33918.118
-33340.628
-32898.012
-34354.374
-33918.898
-33340.272
-32898.173
-34354.375
-33918.9
-33340.274
-32898.174
-34354.377
-33918.901
-33340.275
-32898.175
-34354.378
-33918.901
-33340.275
-32898.175
-35888.79
-35581.776
-35008.143
-34596.238
-35888.794
-35581.778
-35008.145
-34596.239
-35888.802
-35581.781
-35008.148
-34596.241
-35888.809
-35581.783
-35008.149
-34596.242
-35889.225
-35581.207
-35009.207
-34592.917
-35889.232
-35581.206
-35009.203
-34592.912
-35889.241
-35581.203
-35009.2
-34592.906
-35889.247
-35581.199
-35009.195
-34592.899
-35889.253
-35581.193
-35009.189
-34592.89
-35889.254
-35581.182
-35009.175
-34592.873
-35889.239
-35581.164
-35009.144
-34592.838
-35889.967
-35580.847
-35008.86
-34592.431
-34357.41
-33918.093
-33340.601
-32897.983
-34357.391
-33918.072
-33340.58
-32897.96
-34357.355
-33918.033
-33340.539
-32897.918
-34356.943
-33917.648
-33340.127
-32897.46
-34357.437
-33918.122
-33340.632
-32898.016
-34357.431
-33918.116
-33340.626
-32898.008
-34357.425
-33918.109
-33340.619
-32898.001
-34357.417
-33918.1
-33340.609
-32897.991
-32535.282
-31620.576
-30404.635
-29453.863
-32535.263
-31620.558
-30404.615
-29453.84
-32535.24
-31620.532
-30404.593
-29453.813
-32534.993
-31620.287
-30404.295
-29453.494
-32535.288
-31620.582
-30404.64
-29453.869
-32535.279
-31620.571
-30404.627
-29453.855
-32535.291
-31620.569
-30404.63
-29453.856
-32535.294
-31620.571
-30404.634
-29453.859
-28931.031
-27883.608
-26467.257
-25318.291
-28931.015
-27883.597
-26467.25
-25318.281
-28931.022
-27883.593
-26467.26
-25318.25
-28931.028
-27883.596
-26467.263
-25318.251
-28931.03
-27883.603
-26467.254
-25318.292
-28931.001
-27883.587
-26467.244
-25318.279
-28930.982
-27883.567
-26467.229
-25318.278
-28930.48
-27883.352
-26467.084
-25318.035
-24845.977
-24223.385
-23389.108
-22719.364
-24845.969
-24223.381
-23389.105
-22719.363
-24845.969
-24223.382
-23389.108
-22719.367
-24845.97
-24223.381
-23389.11
-22719.372
-24845.965
-24223.377
-23389.108
-22719.373
-24845.952
-24223.366
-23389.103
-22719.376
-24845.922
-24223.348
-23389.093
-22719.384
-24845.282
-24222.791
-23388.668
-22719.054
-22362.056
-21636.427
-20684.711
-19807.308
-22362.064
-21636.451
-20684.763
-19807.397
-22362.086
-21636.489
-20684.861
-19807.477
-22361.823
-21636.882
-20685.786
-19810.955
-22362.04
-21636.397
-20684.657
-19807.231
-22362.041
-21636.403
-20684.674
-19807.259
-22362.046
-21636.41
-20684.682
-19807.268
-22362.052
-21636.42
-20684.698
-19807.29
-22365.107
-21635.559
-20685.093
-19807.04
-22365.107
-21635.557
-20685.088
-19807.032
-22365.108
-21635.555
-20685.082
-19807.021
-22365.108
-21635.555
-20685.079
-19807.015
-24846.286
-24222.893
-23390.045
-22716.174
-24846.288
-24222.895
-23390.046
-22716.175
-24846.291
-24222.897
-23390.049
-22716.176
-24846.293
-24222.899
-23390.051
-22716.177
-24845.974
-24223.382
-23389.102
-22719.356
-24845.969
-24223.377
-23389.1
-22719.357
-24845.966
-24223.375
-23389.099
-22719.357
-24845.966
-24223.375
-23389.099
-22719.358
-22362.033
-21636.385
-20684.655
-19807.205
-22362.036
-21636.393
-20684.673
-19807.231
-22362.038
-21636.398
-20684.683
-19807.247
-22362.039
-21636.399
-20684.684
-19807.247
-22365.09
-21635.562
-20685.085
-19807.017
-22365.09
-21635.562
-20685.086
-19807.018
-22365.091
-21635.563
-20685.087
-19807.02
-22365.091
-21635.563
-20685.088
-19807.022
-22365.092
-21635.558
-20685.089
-19806.994
-22365.092
-21635.558
-20685.089
-19806.994
-22365.092
-21635.558
-20685.09
-19806.996
-22365.092
-21635.559
-20685.09
-19806.997
-24846.433
-24222.917
-23390.026
-22716.152
-24846.432
-24222.917
-23390.025
-22716.152
-24846.431
-24222.916
-23390.025
-22716.152
-24846.431
-24222.915
-23390.025
-22716.152
-24846.43
-24222.915
-23390.024
-22716.152
-24846.43
-24222.915
-23390.024
-22716.152
-24846.429
-24222.914
-23390.024
-22716.152
-24846.428
-24222.914
-23390.024
-22716.152
-28931.049
-27883.591
-26467.305
-25318.152
-28931.047
-27883.589
-26467.303
-25318.15
-28931.044
-27883.586
-26467.301
-25318.148
-28931.042
-27883.583
-26467.299
-25318.147
-28931.043
-27883.622
-26467.27
-25318.3
-28931.04
-27883.619
-26467.268
-25318.298
-28931.037
-27883.617
-26467.265
-25318.296
-28931.035
-27883.614
-26467.263
-25318.294
-24845.981
-24223.387
-23389.105
-22719.359
-24845.98
-24223.387
-23389.105
-22719.358
-24845.979
-24223.386
-23389.104
-22719.358
-24845.979
-24223.385
-23389.104
-22719.358
-24845.978
-24223.385
-23389.104
-22719.358
-24845.977
-24223.384
-23389.103
-22719.357
-24845.976
-24223.383
-23389.103
-22719.357
-24845.976
-24223.383
-23389.102
-22719.357
-22362.033
-21636.391
-20684.656
-19807.235
-22362.033
-21636.391
-20684.656
-19807.236
-22362.033
-21636.391
-20684.656
-19807.237
-22362.033
-21636.391
-20684.657
-19807.237
-22362.034
-21636.39
-20684.654
-19807.232
-22362.034
-21636.39
-20684.654
-19807.232
-22362.033
-21636.391
-20684.655
-19807.234
-22362.033
-21636.391
-20684.655
-19807.234
-22365.268
-21635.7
-20685.089
-19806.703
-22365.267
-21635.699
-20685.087
-19806.701
-22365.266
-21635.697
-20685.085
-19806.699
-22365.264
-21635.696
-20685.084
-19806.696
-24846.352
-24222.893
-23390.127
-22716.306
-24846.352
-24222.893
-23390.127
-22716.305
-24846.352
-24222.892
-23390.126
-22716.304
-24846.351
-24222.892
-23390.125
-22716.303
-24846.033
-24223.378
-23389.184
-22719.494
-24846.032
-24223.378
-23389.184
-22719.494
-24846.032
-24223.377
-23389.183
-22719.493
-24846.032
-24223.377
-23389.182
-22719.492
-22362.201
-21636.544
-20684.682
-19806.913
-22362.2
-21636.543
-20684.681
-19806.912
-22362.199
-21636.542
-20684.68
-19806.91
-22362.198
-21636.541
-20684.679
-19806.909
-22365.27
-21635.708
-20685.09
-19806.731
-22365.27
-21635.708
-20685.089
-19806.73
-22365.269
-21635.707
-20685.088
-19806.729
-22365.269
-21635.707
-20685.087
-19806.728
-22365.273
-21635.708
-20685.098
-19806.715
-22365.273
-21635.707
-20685.098
-19806.715
-22365.273
-21635.706
-20685.097
-19806.713
-22365.272
-21635.706
-20685.096
-19806.712
-24846.353
-24222.895
-23390.131
-22716.31
-24846.353
-24222.895
-23390.131
-22716.31
-24846.353
-24222.895
-23390.131
-22716.31
-24846.354
-24222.895
-23390.131
-22716.31
-24846.354
-24222.895
-23390.13
-22716.31
-24846.354
-24222.895
-23390.13
-22716.31
-24846.353
-24222.895
-23390.13
-22716.309
-24846.353
-24222.895
-23390.129
-22716.309
-28935.095
-27883.076
-26467.461
-25317.784
-28935.096
-27883.077
-26467.462
-25317.785
-28935.097
-27883.078
-26467.462
-25317.785
-28935.097
-27883.078
-26467.462
-25317.785
-28935.094
-27883.084
-26467.451
-25317.822
-28935.094
-27883.083
-26467.452
-25317.819
-28935.098
-27883.08
-26467.462
-25317.786
-28935.1
-27883.081
-26467.463
-25317.784
-32535.587
-31620.324
-30405.367
-29449.526
-32535.589
-31620.324
-30405.367
-29449.527
-32535.604
-31620.322
-30405.369
-29449.529
-32535.609
-31620.324
-30405.37
-29449.533
-34351.174
-33920.88
-33344.431
-32894.418
-34351.175
-33920.881
-33344.433
-32894.42
-34351.176
-33920.885
-33344.435
-32894.421
-34351.182
-33920.883
-33344.443
-32894.431
-35909.188
-35590.577
-35001.066
-34592.02
-35909.165
-35590.577
-35001.065
-34592.021
-35909.178
-35590.571
-35001.064
-34592.023
-35909.063
-35590.58
-35001.06
-34592.026
-35909.655
-35589.93
-35002.251
-34588.288
-35909.654
-35589.93
-35002.251
-34588.288
-35909.652
-35589.93
-35002.251
-34588.288
-35909.648
-35589.929
-35002.251
-34588.289
-34354.603
-33920.002
-33344.828
-32894.236
-34354.604
-33920.002
-33344.829
-32894.236
-34354.604
-33920.002
-33344.829
-32894.237
-34354.605
-33920.004
-33344.83
-32894.237
-34351.171
-33920.876
-33344.432
-32894.435
-34351.171
-33920.875
-33344.431
-32894.434
-34351.17
-33920.874
-33344.43
-32894.434
-34351.17
-33920.874
-33344.43
-32894.433
-35909.194
-35590.575
-35001.07
-34592.018
-35909.198
-35590.575
-35001.07
-34592.018
-35909.203
-35590.575
-35001.07
-34592.017
-35909.204
-35590.576
-35001.07
-34592.017
-35909.595
-35589.92
-35002.254
-34588.292
-35909.642
-35589.927
-35002.254
-34588.29
-35909.648
-35589.927
-35002.254
-34588.289
-35909.652
-35589.927
-35002.254
-34588.288
-34354.609
-33920.005
-33344.835
-32894.26
-34354.605
-33920.003
-33344.834
-32894.257
-34354.604
-33920.002
-33344.832
-32894.256
-34354.602
-33920.001
-33344.831
-32894.255
-32535.58
-31620.326
-30405.363
-29449.528
-32535.58
-31620.326
-30405.364
-29449.528
-32535.591
-31620.323
-30405.367
-29449.526
-32535.592
-31620.322
-30405.367
-29449.525
-32534.953
-31620.677
-30404.604
-29453.896
-32534.942
-31620.664
-30404.589
-29453.879
-32534.951
-31620.66
-30404.59
-29453.878
-32534.976
-31620.689
-30404.626
-29453.919
-34351.598
-33920.735
-33344.093
-32894.344
-34351.598
-33920.736
-33344.094
-32894.345
-34351.608
-33920.746
-33344.105
-32894.358
-34351.617
-33920.759
-33344.121
-32894.371
-35916.043
-35589.334
-35002.533
-34591.772
-35916.056
-35589.335
-35002.534
-34591.772
-35916.039
-35589.339
-35002.541
-34591.781
-35916.13
-35589.361
-35002.555
-34591.792
-35916.504
-35588.758
-35003.651
-34588.343
-35916.492
-35588.751
-35003.644
-34588.336
-35916.48
-35588.742
-35003.635
-34588.328
-35916.476
-35588.736
-35003.63
-34588.323
-34354.79
-33919.945
-33344.481
-32894.196
-34354.784
-33919.939
-33344.475
-32894.19
-34354.776
-33919.931
-33344.468
-32894.182
-34354.771
-33919.927
-33344.464
-32894.178
-34351.621
-33920.751
-33344.108
-32894.368
-34351.623
-33920.757
-33344.114
-32894.374
-34351.621
-33920.757
-33344.116
-32894.376
-34351.62
-33920.756
-33344.116
-32894.376
-35916.126
-35589.38
-35002.573
-34591.798
-35916.111
-35589.378
-35002.571
-34591.8
-35916.091
-35589.372
-35002.565
-34591.798
-35916.073
-35589.365
-35002.56
-34591.797
-35917.778
-35588.514
-35003.397
-34587.886
-35916.331
-35588.817
-35003.68
-34588.375
-35916.722
-35588.747
-35003.634
-34588.285
-35916.495
-35588.794
-35003.678
-34588.364
-34354.321
-33919.501
-33344.014
-32893.686
-34354.813
-33919.942
-33344.47
-32894.201
-34354.727
-33919.878
-33344.408
-32894.125
-34354.807
-33919.954
-33344.487
-32894.213
-32534.709
-31620.43
-30404.286
-29453.484
-32534.931
-31620.658
-30404.584
-29453.869
-32534.95
-31620.667
-30404.592
-29453.875
-32534.971
-31620.686
-30404.619
-29453.912
-28930.496
-27883.341
-26467.017
-25317.96
-28931.03
-27883.578
-26467.239
-25318.295
-28931.019
-27883.594
-26467.259
-25318.245
-28931.07
-27883.616
-26467.283
-25318.277
-28931.041
-27883.612
-26467.262
-25318.299
-28931.019
-27883.6
-26467.254
-25318.287
-28931.017
-27883.602
-26467.255
-25318.287
-28931.069
-27883.634
-26467.282
-25318.316
-24845.987
-24223.394
-23389.117
-22719.371
-24845.98
-24223.388
-23389.112
-22719.368
-24845.972
-24223.38
-23389.105
-22719.365
-24845.969
-24223.376
-23389.102
-22719.363
-24845.968
-24223.376
-23389.102
-22719.363
-24845.972
-24223.378
-23389.104
-22719.364
-24845.987
-24223.392
-23389.113
-22719.367
-24846.007
-24223.412
-23389.127
-22719.373
-22362.047
-21636.411
-20684.704
-19807.268
-22362.047
-21636.408
-20684.698
-19807.258
-22362.046
-21636.397
-20684.667
-19807.208
-22362.046
-21636.383
-20684.624
-19807.138
-22362.049
-21636.398
-20684.662
-19807.199
-22362.049
-21636.403
-20684.677
-19807.222
-22362.048
-21636.408
-20684.695
-19807.252
-22362.047
-21636.41
-20684.703
-19807.266
-22365.125
-21635.561
-20685.08
-19806.973
-22365.122
-21635.555
-20685.07
-19806.96
-22365.12
-21635.553
-20685.071
-19806.961
-22365.121
-21635.553
-20685.068
-19806.954
-24846.305
-24222.91
-23390.065
-22716.189
-24846.307
-24222.914
-23390.066
-22716.188
-24846.307
-24222.914
-23390.064
-22716.186
-24846.315
-24222.915
-23390.066
-22716.187
-24844.991
-24222.486
-23388.373
-22718.808
-24846.062
-24223.472
-23389.194
-22719.462
-24845.857
-24223.272
-23389.024
-22719.305
-24846.023
-24223.427
-23389.149
-22719.401
-22361.623
-21636.787
-20685.908
-19811.255
-22362.152
-21636.407
-20684.665
-19806.713
-22362.007
-21636.457
-20684.845
-19807.699
-22362.08
-21636.393
-20684.637
-19807.012
-21068.773
-20917.711
-20549.209
-20297.886
-21064.213
-20915.536
-20547.956
-20297.349
-21064.1
-20915.31
-20547.852
-20297.266
-21063.893
-20915.203
-20547.772
-20297.222
-21063.85
-20915.166
-20547.748
-20297.206
-21063.796
-20915.119
-20547.716
-20297.183
-21063.763
-20915.084
-20547.691
-20297.164
-21063.714
-20915.043
-20547.668
-20297.148
-20146.987
-19878.037
-19530.61
-19274.124
-20146.969
-19878.027
-19530.609
-19274.127
-20146.954
-19878.018
-19530.607
-19274.129
-20146.942
-19878.013
-19530.608
-19274.134
-20147.413
-19878.123
-19530.349
-19273.639
-20147.092
-19878.081
-19530.599
-19274.083
-20147.033
-19878.057
-19530.605
-19274.105
-20147.001
-19878.043
-19530.609
-19274.119
-19064.113
-18563.947
-17960.561
-17551.527
-19064.308
-18564.172
-17960.844
-17551.922
-19064.338
-18564.226
-17960.913
-17552.001
-19064.35
-18564.245
-17960.94
-17552.031
-19064.295
-18564.264
-17960.939
-17552.039
-19064.294
-18564.266
-17960.944
-17552.042
-19064.294
-18564.269
-17960.949
-17552.046
-19064.302
-18564.282
-17960.966
-17552.067
-20144.417
-19878.666
-19530.283
-19274.385
-20144.415
-19878.664
-19530.282
-19274.385
-20144.407
-19878.661
-19530.282
-19274.388
-20144.397
-19878.656
-19530.284
-19274.393
-20144.424
-19878.673
-19530.289
-19274.39
-20144.421
-19878.671
-19530.287
-19274.389
-20144.419
-19878.668
-19530.285
-19274.387
-20144.418
-19878.667
-19530.283
-19274.385
-21063.499
-20915.446
-20546.907
-20299.742
-21063.503
-20915.444
-20546.905
-20299.738
-21063.516
-20915.448
-20546.906
-20299.737
-21063.524
-20915.452
-20546.907
-20299.737
-21063.526
-20915.452
-20546.907
-20299.736
-21063.519
-20915.447
-20546.902
-20299.733
-21063.483
-20915.423
-20546.886
-20299.723
-21063.428
-20915.386
-20546.863
-20299.709
-21063.672
-20915.015
-20547.638
-20297.125
-21063.669
-20915.012
-20547.636
-20297.123
-21063.666
-20915.009
-20547.634
-20297.121
-21063.665
-20915.008
-20547.633
-20297.12
-20146.92
-19877.996
-19530.599
-19274.132
-20146.918
-19877.995
-19530.599
-19274.132
-20146.917
-19877.994
-19530.598
-19274.132
-20146.916
-19877.993
-19530.598
-19274.132
-20144.414
-19878.673
-19530.27
-19274.294
-20144.413
-19878.672
-19530.27
-19274.294
-20144.413
-19878.672
-19530.269
-19274.294
-20144.412
-19878.672
-19530.269
-19274.293
-21063.435
-20915.399
-20546.858
-20299.722
-21063.435
-20915.398
-20546.858
-20299.721
-21063.434
-20915.397
-20546.857
-20299.72
-21063.433
-20915.397
-20546.857
-20299.72
-21063.679
-20915
-20547.633
-20297.117
-21063.678
-20915
-20547.632
-20297.116
-21063.677
-20914.999
-20547.631
-20297.116
-21063.675
-20914.998
-20547.63
-20297.115
-21063.657
-20915.001
-20547.627
-20297.116
-21063.655
-20914.999
-20547.625
-20297.114
-21063.65
-20914.995
-20547.622
-20297.112
-21063.645
-20914.991
-20547.619
-20297.109
-20146.912
-19877.99
-19530.595
-19274.13
-20146.911
-19877.989
-19530.594
-19274.13
-20146.909
-19877.988
-19530.594
-19274.13
-20146.906
-19877.986
-19530.593
-19274.13
-20146.914
-19877.992
-19530.596
-19274.131
-20146.914
-19877.991
-19530.596
-19274.131
-20146.913
-19877.991
-19530.595
-19274.13
-20146.912
-19877.99
-19530.595
-19274.13
-19064.354
-18564.266
-17960.973
-17552.065
-19064.354
-18564.265
-17960.973
-17552.065
-19064.354
-18564.266
-17960.974
-17552.066
-19064.354
-18564.267
-17960.976
-17552.068
-19064.355
-18564.264
-17960.969
-17552.061
-19064.356
-18564.266
-17960.972
-17552.063
-19064.361
-18564.265
-17960.974
-17552.064
-19064.361
-18564.264
-17960.974
-17552.065
-17212
-16462.094
-15632.286
-15110.864
-17212.004
-16462.098
-15632.289
-15110.865
-17212.005
-16462.099
-15632.291
-15110.867
-17212.007
-16462.101
-15632.293
-15110.869
-17211.721
-16461.878
-15632.207
-15110.898
-17211.939
-16462.04
-15632.262
-15110.87
-17211.977
-16462.073
-15632.276
-15110.865
-17211.995
-16462.089
-15632.284
-15110.864
-14864.633
-14476.374
-14102.273
-13913.651
-14864.543
-14476.207
-14102.038
-13913.411
-14864.528
-14476.175
-14101.992
-13913.365
-14864.522
-14476.161
-14101.971
-13913.343
-13863.297
-13813.413
-13782.326
-13782.6
-13862.929
-13813.144
-13782.167
-13782.536
-13862.847
-13813.079
-13782.129
-13782.528
-13862.815
-13813.053
-13782.115
-13782.525
-13791.341
-13817.448
-13883.285
-13932.36
-13791.342
-13817.645
-13883.845
-13933.452
-13791.353
-13817.701
-13883.983
-13933.669
-13791.358
-13817.724
-13884.039
-13933.756
-13791.374
-13817.726
-13884.053
-13933.772
-13791.377
-13817.732
-13884.063
-13933.783
-13791.379
-13817.739
-13884.075
-13933.799
-13791.382
-13817.753
-13884.111
-13933.857
-13862.809
-13813.045
-13782.115
-13782.51
-13862.804
-13813.04
-13782.113
-13782.511
-13862.798
-13813.034
-13782.11
-13782.511
-13862.777
-13813.017
-13782.1
-13782.508
-13862.77
-13813.021
-13782.1
-13782.525
-13862.767
-13813.018
-13782.098
-13782.525
-13862.766
-13813.017
-13782.098
-13782.525
-13862.766
-13813.017
-13782.098
-13782.525
-13791.368
-13817.754
-13884.102
-13933.849
-13791.368
-13817.757
-13884.107
-13933.857
-13791.369
-13817.758
-13884.11
-13933.861
-13791.369
-13817.758
-13884.109
-13933.861
-13791.383
-13817.753
-13884.111
-13933.859
-13791.383
-13817.753
-13884.11
-13933.857
-13791.383
-13817.752
-13884.11
-13933.858
-13791.383
-13817.753
-13884.112
-13933.861
-13862.768
-13813.015
-13782.102
-13782.51
-13862.768
-13813.016
-13782.102
-13782.51
-13862.768
-13813.016
-13782.102
-13782.51
-13862.767
-13813.015
-13782.101
-13782.51
-14864.52
-14476.158
-14101.963
-13913.345
-14864.52
-14476.157
-14101.96
-13913.341
-14864.523
-14476.159
-14101.962
-13913.343
-14864.524
-14476.159
-14101.962
-13913.342
-14863.715
-14476.358
-14101.883
-13913.408
-14863.719
-14476.365
-14101.893
-13913.418
-14863.723
-14476.374
-14101.904
-13913.43
-14863.725
-14476.378
-14101.911
-13913.436
-13862.787
-13813.026
-13782.091
-13782.513
-13862.791
-13813.03
-13782.093
-13782.513
-13862.797
-13813.034
-13782.096
-13782.514
-13862.802
-13813.038
-13782.098
-13782.514
-13791.355
-13817.744
-13884.101
-13933.86
-13791.354
-13817.741
-13884.093
-13933.849
-13791.353
-13817.737
-13884.083
-13933.834
-13791.352
-13817.733
-13884.076
-13933.823
-13791.366
-13817.727
-13884.074
-13933.816
-13791.366
-13817.725
-13884.068
-13933.806
-13791.365
-13817.722
-13884.061
-13933.796
-13791.365
-13817.72
-13884.057
-13933.79
-13862.805
-13813.038
-13782.103
-13782.5
-13862.809
-13813.041
-13782.105
-13782.5
-13862.813
-13813.045
-13782.107
-13782.5
-13862.815
-13813.047
-13782.108
-13782.501
-13862.799
-13813.046
-13782.106
-13782.517
-13862.803
-13813.05
-13782.109
-13782.519
-13862.801
-13813.048
-13782.108
-13782.519
-13862.796
-13813.044
-13782.106
-13782.519
-13791.351
-13817.723
-13884.054
-13933.794
-13791.352
-13817.721
-13884.048
-13933.786
-13791.353
-13817.724
-13884.053
-13933.792
-13791.354
-13817.727
-13884.061
-13933.803
-13791.369
-13817.725
-13884.067
-13933.809
-13791.371
-13817.729
-13884.073
-13933.817
-13791.375
-13817.733
-13884.077
-13933.821
-13791.371
-13817.694
-13883.985
-13933.717
-13862.795
-13813.04
-13782.109
-13782.504
-13862.793
-13813.039
-13782.109
-13782.505
-13862.794
-13813.041
-13782.113
-13782.509
-13862.85
-13813.103
-13782.156
-13782.524
-14863.724
-14476.38
-14101.909
-13913.449
-14863.721
-14476.379
-14101.908
-13913.449
-14863.713
-14476.367
-14101.895
-13913.437
-14863.691
-14476.363
-14101.91
-13913.46
-17210.958
-16462.432
-15631.939
-15111.788
-17210.957
-16462.43
-15631.936
-15111.786
-17210.964
-16462.434
-15631.935
-15111.78
-17210.9
-16462.382
-15631.895
-15111.741
-17210.98
-16462.451
-15631.947
-15111.784
-17210.973
-16462.445
-15631.945
-15111.786
-17210.965
-16462.438
-15631.942
-15111.788
-17210.96
-16462.434
-15631.94
-15111.788
-19064.067
-18563.995
-17961.131
-17553.484
-19064.067
-18563.993
-17961.128
-17553.481
-19064.072
-18563.99
-17961.126
-17553.477
-19064.073
-18563.989
-17961.125
-17553.475
-19064.078
-18564.002
-17961.144
-17553.496
-19064.077
-18564
-17961.141
-17553.492
-19064.075
-18563.997
-17961.137
-17553.488
-19064.074
-18563.994
-17961.134
-17553.485
-20144.626
-19878.813
-19530.285
-19274.266
-20144.627
-19878.814
-19530.285
-19274.266
-20144.629
-19878.815
-19530.286
-19274.266
-20144.63
-19878.816
-19530.286
-19274.265
-20144.62
-19878.809
-19530.284
-19274.267
-20144.622
-19878.81
-19530.285
-19274.267
-20144.624
-19878.812
-19530.285
-19274.266
-20144.625
-19878.812
-19530.285
-19274.266
-21063.08
-20915.334
-20547.054
-20299.938
-21063.084
-20915.338
-20547.056
-20299.94
-21063.088
-20915.343
-20547.06
-20299.943
-21063.092
-20915.346
-20547.062
-20299.944
-21063.094
-20915.348
-20547.063
-20299.945
-21063.097
-20915.351
-20547.065
-20299.947
-21063.101
-20915.355
-20547.068
-20299.949
-21063.104
-20915.358
-20547.07
-20299.951
-21063.315
-20914.974
-20547.842
-20297.353
-21063.318
-20914.977
-20547.844
-20297.354
-21063.322
-20914.98
-20547.847
-20297.356
-21063.325
-20914.983
-20547.849
-20297.358
-20147.132
-19878.137
-19530.613
-19274.103
-20147.133
-19878.137
-19530.614
-19274.103
-20147.135
-19878.139
-19530.614
-19274.103
-20147.136
-19878.139
-19530.614
-19274.103
-20144.636
-19878.819
-19530.287
-19274.265
-20144.637
-19878.82
-19530.288
-19274.265
-20144.639
-19878.821
-19530.288
-19274.266
-20144.64
-19878.822
-19530.289
-19274.266
-21063.098
-20915.376
-20547.077
-20299.96
-21063.101
-20915.378
-20547.079
-20299.961
-21063.104
-20915.382
-20547.081
-20299.963
-21063.106
-20915.384
-20547.083
-20299.964
-21063.345
-20914.957
-20547.838
-20297.361
-21063.38
-20914.984
-20547.855
-20297.372
-21063.401
-20915
-20547.865
-20297.379
-21063.4
-20915
-20547.865
-20297.38
-21063.379
-20915.002
-20547.861
-20297.38
-21063.367
-20914.993
-20547.857
-20297.378
-21063.348
-20914.979
-20547.85
-20297.374
-21063.337
-20914.971
-20547.846
-20297.372
-20147.166
-19878.167
-19530.61
-19274.011
-20147.164
-19878.167
-19530.611
-19274.013
-20147.162
-19878.167
-19530.612
-19274.015
-20147.161
-19878.167
-19530.614
-19274.017
-20147.152
-19878.159
-19530.606
-19274.01
-20147.16
-19878.163
-19530.607
-19274.009
-20147.165
-19878.166
-19530.608
-19274.01
-20147.166
-19878.167
-19530.609
-19274.011
-19064.129
-18563.975
-17961.132
-17553.474
-19064.128
-18563.973
-17961.129
-17553.466
-19064.131
-18563.976
-17961.131
-17553.47
-19064.135
-18563.979
-17961.135
-17553.477
-19064.082
-18563.996
-17961.13
-17553.483
-19064.084
-18563.998
-17961.131
-17553.481
-19064.087
-18563.997
-17961.127
-17553.464
-19064.016
-18563.965
-17961.071
-17553.264
-20144.67
-19878.846
-19530.307
-19274.282
-20144.689
-19878.856
-19530.309
-19274.28
-20144.726
-19878.873
-19530.313
-19274.281
-20144.865
-19878.871
-19530.16
-19274.004
-20144.645
-19878.83
-19530.298
-19274.276
-20144.648
-19878.831
-19530.299
-19274.275
-20144.654
-19878.836
-19530.302
-19274.278
-20144.663
-19878.842
-19530.305
-19274.281
-21063.095
-20915.359
-20547.08
-20299.964
-21063.127
-20915.38
-20547.091
-20299.97
-21063.137
-20915.39
-20547.099
-20299.976
-21063.154
-20915.406
-20547.112
-20299.986
-21063.194
-20915.432
-20547.127
-20299.996
-21063.292
-20915.504
-20547.169
-20300.022
-21063.414
-20915.643
-20547.241
-20300.072
-21067.963
-20917.403
-20548.195
-20300.369
-22863.925
-21940.168
-21394.277
-20921.82
-22872.041
-21943.298
-21395.918
-20922.35
-22870.462
-21942.858
-21395.713
-20922.345
-22871.658
-21943.368
-21395.982
-20922.45
-22871.295
-21943.241
-21395.926
-20922.442
-22871.299
-21943.25
-21395.941
-20922.457
-22871.291
-21943.252
-21395.947
-20922.464
-22871.413
-21943.324
-21395.978
-20922.478
-20713.034
-20347.641
-19889.934
-19551.719
-20713.046
-20347.652
-19889.943
-19551.727
-20713.055
-20347.659
-19889.948
-19551.731
-20713.062
-20347.66
-19889.946
-19551.725
-20712.687
-20347.567
-19890.128
-19552.108
-20712.938
-20347.572
-19889.877
-19551.649
-20712.972
-20347.616
-19889.947
-19551.756
-20713.029
-20347.631
-19889.919
-19551.696
-19312.955
-18740.05
-18034.122
-17486.165
-19312.832
-18739.983
-18034.012
-17485.818
-19312.858
-18739.982
-18034.009
-17485.844
-19312.847
-18739.977
-18033.997
-17485.805
-19312.867
-18739.979
-18034.004
-17485.824
-19312.873
-18739.984
-18034.009
-17485.838
-19312.877
-18739.986
-18034.01
-17485.841
-19312.871
-18739.978
-18033.997
-17485.809
-20713.352
-20347.579
-19889.997
-19551.705
-20713.357
-20347.582
-19889.998
-19551.706
-20713.377
-20347.592
-19890
-19551.704
-20713.404
-20347.605
-19890.002
-19551.701
-20713.368
-20347.58
-19889.989
-19551.694
-20713.362
-20347.58
-19889.991
-19551.698
-20713.355
-20347.578
-19889.994
-19551.702
-20713.352
-20347.578
-19889.996
-19551.704
-22871.311
-21943.22
-21396.041
-20922.147
-22871.265
-21943.189
-21396.024
-20922.139
-22871.206
-21943.149
-21396.003
-20922.127
-22871.178
-21943.13
-21395.993
-20922.122
-22871.212
-21943.117
-21395.996
-20922.12
-22871.231
-21943.132
-21396.006
-20922.127
-22871.328
-21943.202
-21396.048
-20922.153
-22871.469
-21943.303
-21396.107
-20922.19
-22871.237
-21943.263
-21395.947
-20922.476
-22871.237
-21943.264
-21395.947
-20922.477
-22871.239
-21943.265
-21395.949
-20922.478
-22871.24
-21943.265
-21395.949
-20922.478
-20713.067
-20347.673
-19889.963
-19551.744
-20713.067
-20347.674
-19889.964
-19551.744
-20713.068
-20347.675
-19889.964
-19551.745
-20713.069
-20347.675
-19889.965
-19551.745
-20713.377
-20347.592
-19890.005
-19551.725
-20713.377
-20347.592
-19890.006
-19551.726
-20713.378
-20347.592
-19890.006
-19551.726
-20713.378
-20347.592
-19890.006
-19551.726
-22871.273
-21943.216
-21396.045
-20922.157
-22871.273
-21943.216
-21396.045
-20922.157
-22871.272
-21943.215
-21396.045
-20922.157
-22871.272
-21943.215
-21396.045
-20922.157
-22871.286
-21943.253
-21395.954
-20922.477
-22871.287
-21943.253
-21395.955
-20922.477
-22871.288
-21943.254
-21395.955
-20922.477
-22871.289
-21943.255
-21395.956
-20922.478
-22871.29
-21943.257
-21395.957
-20922.478
-22871.296
-21943.259
-21395.959
-20922.48
-22871.298
-21943.267
-21395.962
-20922.482
-22871.471
-21943.317
-21395.982
-20922.479
-20713.07
-20347.677
-19889.967
-19551.747
-20713.071
-20347.678
-19889.967
-19551.747
-20713.073
-20347.679
-19889.967
-19551.747
-20713.065
-20347.669
-19889.957
-19551.735
-20713.069
-20347.676
-19889.966
-19551.746
-20713.069
-20347.676
-19889.966
-19551.746
-20713.069
-20347.677
-19889.966
-19551.746
-20713.07
-20347.677
-19889.967
-19551.747
-19312.867
-18739.988
-18034.004
-17485.828
-19312.867
-18739.988
-18034.004
-17485.827
-19312.867
-18739.987
-18034.003
-17485.826
-19312.865
-18739.989
-18034.005
-17485.822
-19312.865
-18739.986
-18034.003
-17485.827
-19312.866
-18739.986
-18034.003
-17485.827
-19312.866
-18739.987
-18034.003
-17485.827
-19312.866
-18739.988
-18034.004
-17485.828
-17143.629
-16343.92
-15507.294
-15002.248
-17143.629
-16343.919
-15507.293
-15002.248
-17143.629
-16343.919
-15507.292
-15002.247
-17143.627
-16343.918
-15507.292
-15002.246
-17143.753
-16344.029
-15507.371
-15002.308
-17143.622
-16343.921
-15507.298
-15002.251
-17143.644
-16343.935
-15507.305
-15002.257
-17143.624
-16343.917
-15507.292
-15002.248
-14790.201
-14459.81
-14158.49
-14008.195
-14790.179
-14459.83
-14158.551
-14008.268
-14790.179
-14459.824
-14158.54
-14008.256
-14790.175
-14459.827
-14158.55
-14008.268
-13966.688
-13916.802
-13872.718
-13849.522
-13966.801
-13916.921
-13872.798
-13849.547
-13966.802
-13916.919
-13872.798
-13849.55
-13966.815
-13916.933
-13872.807
-13849.553
-13840.55
-13819.727
-13799.669
-13753.508
-13840.539
-13819.647
-13799.485
-13753.287
-13840.544
-13819.653
-13799.491
-13753.28
-13840.543
-13819.644
-13799.47
-13753.256
-13840.639
-13819.622
-13799.493
-13753.259
-13840.64
-13819.625
-13799.5
-13753.269
-13840.64
-13819.625
-13799.5
-13753.267
-13840.641
-13819.618
-13799.481
-13753.24
-13966.817
-13916.913
-13872.831
-13849.455
-13966.813
-13916.909
-13872.828
-13849.454
-13966.813
-13916.909
-13872.829
-13849.455
-13966.827
-13916.922
-13872.838
-13849.459
-13966.9
-13916.943
-13872.79
-13849.54
-13966.901
-13916.944
-13872.79
-13849.541
-13966.901
-13916.944
-13872.791
-13849.541
-13966.901
-13916.944
-13872.791
-13849.541
-13840.539
-13819.656
-13799.488
-13753.246
-13840.539
-13819.656
-13799.488
-13753.245
-13840.539
-13819.657
-13799.487
-13753.244
-13840.539
-13819.657
-13799.488
-13753.244
-13840.635
-13819.63
-13799.501
-13753.238
-13840.635
-13819.63
-13799.501
-13753.238
-13840.635
-13819.63
-13799.502
-13753.239
-13840.635
-13819.631
-13799.502
-13753.239
-13966.909
-13916.931
-13872.819
-13849.444
-13966.909
-13916.93
-13872.819
-13849.444
-13966.908
-13916.93
-13872.818
-13849.444
-13966.908
-13916.93
-13872.818
-13849.444
-14790.18
-14459.816
-14158.566
-14008.201
-14790.179
-14459.816
-14158.567
-14008.202
-14790.178
-14459.815
-14158.566
-14008.201
-14790.178
-14459.815
-14158.566
-14008.201
-14790.372
-14459.769
-14158.574
-14008.251
-14790.373
-14459.769
-14158.573
-14008.249
-14790.374
-14459.769
-14158.572
-14008.248
-14790.375
-14459.77
-14158.572
-14008.247
-13966.812
-13916.929
-13872.807
-13849.555
-13966.812
-13916.928
-13872.806
-13849.554
-13966.811
-13916.928
-13872.805
-13849.554
-13966.81
-13916.927
-13872.805
-13849.553
-13840.546
-13819.65
-13799.478
-13753.262
-13840.546
-13819.65
-13799.479
-13753.263
-13840.546
-13819.65
-13799.48
-13753.264
-13840.545
-13819.65
-13799.48
-13753.265
-13840.641
-13819.623
-13799.494
-13753.259
-13840.64
-13819.623
-13799.494
-13753.26
-13840.64
-13819.623
-13799.495
-13753.261
-13840.64
-13819.623
-13799.494
-13753.261
-13966.818
-13916.913
-13872.833
-13849.456
-13966.817
-13916.912
-13872.832
-13849.456
-13966.817
-13916.912
-13872.832
-13849.456
-13966.817
-13916.912
-13872.831
-13849.455
-13966.898
-13916.94
-13872.787
-13849.539
-13966.897
-13916.938
-13872.786
-13849.537
-13966.898
-13916.939
-13872.786
-13849.537
-13966.899
-13916.94
-13872.787
-13849.537
-13840.538
-13819.658
-13799.493
-13753.254
-13840.536
-13819.656
-13799.491
-13753.252
-13840.536
-13819.656
-13799.49
-13753.251
-13840.536
-13819.655
-13799.49
-13753.25
-13840.631
-13819.628
-13799.501
-13753.241
-13840.631
-13819.627
-13799.5
-13753.24
-13840.622
-13819.618
-13799.488
-13753.225
-13840.608
-13819.606
-13799.471
-13753.201
-13966.907
-13916.926
-13872.814
-13849.44
-13966.909
-13916.928
-13872.816
-13849.441
-13966.905
-13916.92
-13872.806
-13849.432
-13966.897
-13916.905
-13872.789
-13849.416
-14790.383
-14459.761
-14158.592
-14008.181
-14790.385
-14459.762
-14158.593
-14008.182
-14790.387
-14459.765
-14158.596
-14008.184
-14790.404
-14459.775
-14158.595
-14008.176
-17143.928
-16343.839
-15507.456
-15001.943
-17143.928
-16343.84
-15507.458
-15001.945
-17143.925
-16343.839
-15507.458
-15001.947
-17143.936
-16343.853
-15507.478
-15001.971
-17143.729
-16343.887
-15507.422
-15001.955
-17143.73
-16343.889
-15507.424
-15001.956
-17143.732
-16343.891
-15507.426
-15001.958
-17143.733
-16343.893
-15507.428
-15001.959
-19312.373
-18740.329
-18034.556
-17484.809
-19312.372
-18740.329
-18034.556
-17484.81
-19312.37
-18740.329
-18034.556
-17484.81
-19312.369
-18740.328
-18034.556
-17484.81
-19312.379
-18740.329
-18034.551
-17484.812
-19312.374
-18740.331
-18034.555
-17484.807
-19312.374
-18740.33
-18034.555
-17484.808
-19312.372
-18740.33
-18034.556
-17484.808
-20712.735
-20346.86
-19889.176
-19550.745
-20712.734
-20346.86
-19889.175
-19550.745
-20712.732
-20346.858
-19889.174
-19550.744
-20712.731
-20346.857
-19889.173
-19550.743
-20712.753
-20346.881
-19889.196
-19550.765
-20712.736
-20346.862
-19889.177
-19550.745
-20712.738
-20346.864
-19889.179
-19550.748
-20712.735
-20346.86
-19889.175
-19550.745
-22886.91
-21945.857
-21397.939
-20921.787
-22887.169
-21945.936
-21397.965
-20921.778
-22887.108
-21945.919
-21397.958
-20921.779
-22887.144
-21945.929
-21397.961
-20921.777
-22887.168
-21945.915
-21397.963
-20921.774
-22887.166
-21945.912
-21397.962
-20921.773
-22887.163
-21945.91
-21397.959
-20921.771
-22887.164
-21945.91
-21397.958
-20921.77
-22887.087
-21945.968
-21397.853
-20922.103
-22887.084
-21945.966
-21397.851
-20922.102
-22887.081
-21945.963
-21397.849
-20922.1
-22887.078
-21945.961
-21397.848
-20922.099
-20712.413
-20346.943
-19889.132
-19550.764
-20712.411
-20346.942
-19889.131
-19550.763
-20712.41
-20346.941
-19889.13
-19550.763
-20712.409
-20346.94
-19889.13
-19550.762
-20712.726
-20346.853
-19889.171
-19550.741
-20712.725
-20346.852
-19889.17
-19550.741
-20712.724
-20346.851
-19889.169
-19550.74
-20712.722
-20346.85
-19889.168
-19550.739
-22887.112
-21945.909
-21397.947
-20921.766
-22887.11
-21945.907
-21397.945
-20921.765
-22887.11
-21945.906
-21397.944
-20921.764
-22887.114
-21945.907
-21397.943
-20921.763
-22887.42
-21945.943
-21397.882
-20922.074
-22887.4
-21945.923
-21397.869
-20922.063
-22887.382
-21945.912
-21397.86
-20922.057
-22887.462
-21945.892
-21397.868
-20922.053
