FiniteElementSpace
FiniteElementCollection: L2_2D_P3
VDim: 1
Ordering: 0

2.2944891e+19
2.3060359e+19
2.3260799e+19
2.3243659e+19
2.2944891e+19
2.3060359e+19
2.3260799e+19
2.3243659e+19
2.2944891e+19
2.3060359e+19
2.3260798e+19
2.3243658e+19
2.2944891e+19
2.3060359e+19
2.3260798e+19
2.3243659e+19
2.2944888e+19
2.306036e+19
2.3260798e+19
2.3243659e+19
2.2944888e+19
2.306036e+19
2.3260798e+19
2.3243659e+19
2.2944888e+19
2.306036e+19
2.3260798e+19
2.3243659e+19
2.2944888e+19
2.306036e+19
2.3260798e+19
2.3243659e+19
2.240254e+19
2.2540008e+19
2.2723398e+19
2.2867441e+19
2.240254e+19
2.2540008e+19
2.2723398e+19
2.2867441e+19
2.2402539e+19
2.2540008e+19
2.2723398e+19
2.2867441e+19
2.2402539e+19
2.2540008e+19
2.2723398e+19
2.2867441e+19
2.2402541e+19
2.2540012e+19
2.2723399e+19
2.2867446e+19
2.2402539e+19
2.254001e+19
2.2723396e+19
2.2867443e+19
2.2402538e+19
2.2540009e+19
2.2723396e+19
2.2867443e+19
2.2402538e+19
2.2540009e+19
2.2723396e+19
2.2867443e+19
2.2944894e+19
2.306036e+19
2.3260799e+19
2.3243649e+19
2.2944891e+19
2.3060359e+19
2.32608e+19
2.3243658e+19
2.2944891e+19
2.3060359e+19
2.32608e+19
2.3243658e+19
2.2944891e+19
2.3060359e+19
2.32608e+19
2.3243658e+19
2.2945097e+19
2.3060396e+19
2.3260809e+19
2.324277e+19
2.2945096e+19
2.3060396e+19
2.3260809e+19
2.3242772e+19
2.2945097e+19
2.3060396e+19
2.3260809e+19
2.3242768e+19
2.2945092e+19
2.3060394e+19
2.326081e+19
2.3242782e+19
2.2945097e+19
2.3060397e+19
2.326081e+19
2.3242771e+19
2.2945097e+19
2.3060397e+19
2.326081e+19
2.3242771e+19
2.2945097e+19
2.3060396e+19
2.326081e+19
2.3242771e+19
2.2945097e+19
2.3060396e+19
2.3260809e+19
2.3242771e+19
2.2402701e+19
2.254018e+19
2.2723589e+19
2.2867641e+19
2.2402701e+19
2.254018e+19
2.2723589e+19
2.2867641e+19
2.2402701e+19
2.254018e+19
2.2723589e+19
2.2867641e+19
2.2402701e+19
2.254018e+19
2.2723589e+19
2.2867641e+19
2.2402701e+19
2.254018e+19
2.2723589e+19
2.2867641e+19
2.24027e+19
2.254018e+19
2.2723588e+19
2.286764e+19
2.2402701e+19
2.254018e+19
2.2723589e+19
2.2867641e+19
2.2402697e+19
2.2540176e+19
2.2723584e+19
2.2867636e+19
2.1427319e+19
2.1664762e+19
2.2007628e+19
2.228712e+19
2.1427319e+19
2.1664762e+19
2.2007628e+19
2.2287119e+19
2.1427319e+19
2.1664762e+19
2.2007628e+19
2.2287119e+19
2.1427319e+19
2.1664762e+19
2.2007628e+19
2.2287118e+19
2.1427319e+19
2.1664762e+19
2.2007628e+19
2.228712e+19
2.1427319e+19
2.1664762e+19
2.2007628e+19
2.228712e+19
2.1427319e+19
2.1664762e+19
2.2007628e+19
2.228712e+19
2.1427319e+19
2.1664762e+19
2.2007628e+19
2.228712e+19
2.24027e+19
2.2540182e+19
2.2723587e+19
2.2867643e+19
2.24027e+19
2.2540181e+19
2.2723587e+19
2.2867643e+19
2.24027e+19
2.2540181e+19
2.2723587e+19
2.2867643e+19
2.24027e+19
2.2540181e+19
2.2723587e+19
2.2867643e+19
2.24027e+19
2.2540181e+19
2.2723587e+19
2.2867643e+19
2.24027e+19
2.2540181e+19
2.2723587e+19
2.2867643e+19
2.24027e+19
2.2540181e+19
2.2723587e+19
2.2867643e+19
2.24027e+19
2.2540181e+19
2.2723587e+19
2.2867643e+19
2.29451e+19
2.3060395e+19
2.3260811e+19
2.324277e+19
2.29451e+19
2.3060395e+19
2.3260811e+19
2.324277e+19
2.29451e+19
2.3060395e+19
2.3260811e+19
2.324277e+19
2.29451e+19
2.3060395e+19
2.3260811e+19
2.324277e+19
2.29451e+19
2.3060395e+19
2.3260811e+19
2.324277e+19
2.29451e+19
2.3060395e+19
2.3260811e+19
2.3242771e+19
2.29451e+19
2.3060395e+19
2.3260811e+19
2.3242771e+19
2.29451e+19
2.3060395e+19
2.3260811e+19
2.324277e+19
2.2945097e+19
2.3060397e+19
2.326081e+19
2.3242772e+19
2.2945097e+19
2.3060397e+19
2.326081e+19
2.3242772e+19
2.2945097e+19
2.3060397e+19
2.326081e+19
2.3242772e+19
2.2945097e+19
2.3060397e+19
2.326081e+19
2.3242772e+19
2.2402701e+19
2.2540181e+19
2.2723589e+19
2.2867641e+19
2.2402701e+19
2.2540181e+19
2.2723589e+19
2.2867641e+19
2.2402701e+19
2.2540181e+19
2.2723589e+19
2.2867641e+19
2.2402701e+19
2.2540181e+19
2.2723589e+19
2.2867641e+19
2.24027e+19
2.2540182e+19
2.2723587e+19
2.2867643e+19
2.24027e+19
2.2540182e+19
2.2723587e+19
2.2867643e+19
2.24027e+19
2.2540182e+19
2.2723587e+19
2.2867643e+19
2.24027e+19
2.2540182e+19
2.2723587e+19
2.2867643e+19
2.29451e+19
2.3060395e+19
2.3260811e+19
2.3242771e+19
2.29451e+19
2.3060395e+19
2.3260811e+19
2.3242771e+19
2.29451e+19
2.3060395e+19
2.3260811e+19
2.3242771e+19
2.29451e+19
2.3060395e+19
2.3260811e+19
2.3242771e+19
2.2945097e+19
2.3060397e+19
2.326081e+19
2.3242772e+19
2.2945097e+19
2.3060397e+19
2.326081e+19
2.3242772e+19
2.2945097e+19
2.3060397e+19
2.326081e+19
2.3242772e+19
2.2945097e+19
2.3060397e+19
2.326081e+19
2.3242772e+19
2.2945097e+19
2.3060397e+19
2.326081e+19
2.3242772e+19
2.2945097e+19
2.3060397e+19
2.326081e+19
2.3242772e+19
2.2945097e+19
2.3060397e+19
2.326081e+19
2.3242772e+19
2.2945097e+19
2.3060397e+19
2.326081e+19
2.3242772e+19
2.2402701e+19
2.2540181e+19
2.2723589e+19
2.2867641e+19
2.2402701e+19
2.2540181e+19
2.2723589e+19
2.2867641e+19
2.2402701e+19
2.2540181e+19
2.2723589e+19
2.2867641e+19
2.2402701e+19
2.2540181e+19
2.2723589e+19
2.2867641e+19
2.2402701e+19
2.2540181e+19
2.2723589e+19
2.2867641e+19
2.2402701e+19
2.2540181e+19
2.2723589e+19
2.2867641e+19
2.2402701e+19
2.2540181e+19
2.2723589e+19
2.2867641e+19
2.2402701e+19
2.2540181e+19
2.2723589e+19
2.2867641e+19
2.1427319e+19
2.1664762e+19
2.2007628e+19
2.228712e+19
2.1427319e+19
2.1664762e+19
2.2007628e+19
2.228712e+19
2.1427319e+19
2.1664762e+19
2.2007628e+19
2.228712e+19
2.1427319e+19
2.1664762e+19
2.2007628e+19
2.228712e+19
2.1427319e+19
2.1664762e+19
2.2007628e+19
2.228712e+19
2.1427319e+19
2.1664762e+19
2.2007628e+19
2.228712e+19
2.1427319e+19
2.1664762e+19
2.2007628e+19
2.228712e+19
2.1427319e+19
2.1664762e+19
2.2007628e+19
2.228712e+19
1.9855649e+19
2.0217718e+19
2.0759681e+19
2.1223679e+19
1.9855649e+19
2.0217718e+19
2.0759681e+19
2.1223679e+19
1.9855649e+19
2.0217718e+19
2.0759681e+19
2.1223679e+19
1.9855649e+19
2.0217718e+19
2.0759681e+19
2.1223679e+19
1.9855649e+19
2.0217718e+19
2.0759681e+19
2.1223679e+19
1.9855649e+19
2.0217718e+19
2.0759681e+19
2.1223679e+19
1.9855649e+19
2.0217718e+19
2.0759681e+19
2.1223679e+19
1.9855649e+19
2.0217719e+19
2.0759681e+19
2.1223679e+19
1.8830959e+19
1.8779666e+19
1.9093565e+19
1.9596219e+19
1.8830959e+19
1.8779666e+19
1.9093565e+19
1.9596219e+19
1.8830959e+19
1.8779666e+19
1.9093565e+19
1.9596219e+19
1.8830959e+19
1.8779666e+19
1.9093565e+19
1.9596219e+19
1.8830952e+19
1.8779666e+19
1.9093567e+19
1.9596222e+19
1.8830959e+19
1.8779666e+19
1.9093565e+19
1.9596221e+19
1.8830959e+19
1.8779666e+19
1.9093565e+19
1.9596221e+19
1.8830959e+19
1.8779666e+19
1.9093565e+19
1.9596221e+19
1.985565e+19
2.0217718e+19
2.0759678e+19
2.1223679e+19
1.9855649e+19
2.0217718e+19
2.0759679e+19
2.122368e+19
1.9855649e+19
2.0217718e+19
2.0759679e+19
2.122368e+19
1.9855649e+19
2.0217718e+19
2.0759679e+19
2.122368e+19
1.9855649e+19
2.0217718e+19
2.0759679e+19
2.122368e+19
1.9855649e+19
2.0217718e+19
2.0759679e+19
2.1223681e+19
1.9855649e+19
2.0217718e+19
2.0759679e+19
2.1223681e+19
1.9855649e+19
2.0217718e+19
2.0759679e+19
2.1223681e+19
2.142733e+19
2.1664756e+19
2.2007628e+19
2.2287119e+19
2.142733e+19
2.1664756e+19
2.2007628e+19
2.2287119e+19
2.142733e+19
2.1664756e+19
2.2007628e+19
2.2287119e+19
2.142733e+19
2.1664756e+19
2.2007628e+19
2.2287119e+19
2.142733e+19
2.1664756e+19
2.2007628e+19
2.2287119e+19
2.142733e+19
2.1664756e+19
2.2007628e+19
2.2287119e+19
2.142733e+19
2.1664756e+19
2.2007628e+19
2.2287119e+19
2.142733e+19
2.1664756e+19
2.2007628e+19
2.2287119e+19
2.24027e+19
2.2540182e+19
2.2723588e+19
2.2867644e+19
2.24027e+19
2.2540182e+19
2.2723588e+19
2.2867644e+19
2.24027e+19
2.2540182e+19
2.2723588e+19
2.2867644e+19
2.24027e+19
2.2540182e+19
2.2723588e+19
2.2867644e+19
2.24027e+19
2.2540182e+19
2.2723588e+19
2.2867644e+19
2.24027e+19
2.2540182e+19
2.2723588e+19
2.2867644e+19
2.24027e+19
2.2540182e+19
2.2723588e+19
2.2867644e+19
2.24027e+19
2.2540182e+19
2.2723588e+19
2.2867644e+19
2.29451e+19
2.3060395e+19
2.3260809e+19
2.324277e+19
2.29451e+19
2.3060395e+19
2.3260809e+19
2.324277e+19
2.29451e+19
2.3060395e+19
2.3260809e+19
2.324277e+19
2.29451e+19
2.3060395e+19
2.3260809e+19
2.324277e+19
2.29451e+19
2.3060395e+19
2.3260809e+19
2.324277e+19
2.29451e+19
2.3060395e+19
2.3260809e+19
2.324277e+19
2.29451e+19
2.3060395e+19
2.3260809e+19
2.324277e+19
2.29451e+19
2.3060395e+19
2.3260809e+19
2.324277e+19
2.2945098e+19
2.3060397e+19
2.3260807e+19
2.3242771e+19
2.2945098e+19
2.3060397e+19
2.3260807e+19
2.3242771e+19
2.2945098e+19
2.3060397e+19
2.3260807e+19
2.3242771e+19
2.2945098e+19
2.3060397e+19
2.3260807e+19
2.3242771e+19
2.2402702e+19
2.2540181e+19
2.272359e+19
2.2867642e+19
2.2402702e+19
2.2540181e+19
2.272359e+19
2.2867642e+19
2.2402702e+19
2.2540181e+19
2.272359e+19
2.2867642e+19
2.2402702e+19
2.2540181e+19
2.272359e+19
2.2867642e+19
2.24027e+19
2.2540182e+19
2.2723588e+19
2.2867644e+19
2.24027e+19
2.2540182e+19
2.2723588e+19
2.2867644e+19
2.24027e+19
2.2540182e+19
2.2723588e+19
2.2867644e+19
2.24027e+19
2.2540182e+19
2.2723588e+19
2.2867644e+19
2.29451e+19
2.3060395e+19
2.3260809e+19
2.324277e+19
2.29451e+19
2.3060395e+19
2.3260809e+19
2.324277e+19
2.29451e+19
2.3060395e+19
2.3260809e+19
2.324277e+19
2.29451e+19
2.3060395e+19
2.3260809e+19
2.324277e+19
2.2945098e+19
2.3060397e+19
2.3260808e+19
2.3242771e+19
2.2945098e+19
2.3060397e+19
2.3260808e+19
2.3242771e+19
2.2945098e+19
2.3060397e+19
2.3260807e+19
2.3242771e+19
2.2945098e+19
2.3060397e+19
2.3260807e+19
2.3242771e+19
2.2945098e+19
2.3060397e+19
2.3260808e+19
2.3242771e+19
2.2945098e+19
2.3060397e+19
2.3260808e+19
2.3242771e+19
2.2945098e+19
2.3060397e+19
2.3260808e+19
2.3242771e+19
2.2945098e+19
2.3060397e+19
2.3260808e+19
2.3242771e+19
2.2402701e+19
2.2540181e+19
2.272359e+19
2.2867642e+19
2.2402701e+19
2.2540181e+19
2.272359e+19
2.2867642e+19
2.2402701e+19
2.2540181e+19
2.272359e+19
2.2867642e+19
2.2402701e+19
2.2540181e+19
2.272359e+19
2.2867642e+19
2.2402701e+19
2.2540181e+19
2.272359e+19
2.2867642e+19
2.2402701e+19
2.2540181e+19
2.272359e+19
2.2867642e+19
2.2402701e+19
2.2540181e+19
2.272359e+19
2.2867642e+19
2.2402701e+19
2.2540181e+19
2.272359e+19
2.2867642e+19
2.142733e+19
2.1664756e+19
2.2007629e+19
2.2287119e+19
2.142733e+19
2.1664756e+19
2.2007629e+19
2.2287119e+19
2.142733e+19
2.1664756e+19
2.2007628e+19
2.2287119e+19
2.142733e+19
2.1664756e+19
2.2007629e+19
2.2287119e+19
2.1427326e+19
2.1664753e+19
2.2007626e+19
2.2287118e+19
2.1427329e+19
2.1664755e+19
2.2007628e+19
2.2287119e+19
2.1427329e+19
2.1664756e+19
2.2007628e+19
2.2287119e+19
2.142733e+19
2.1664756e+19
2.2007628e+19
2.2287119e+19
2.2402699e+19
2.2540182e+19
2.2723591e+19
2.2867649e+19
2.24027e+19
2.2540182e+19
2.2723588e+19
2.2867645e+19
2.24027e+19
2.2540182e+19
2.2723588e+19
2.2867645e+19
2.24027e+19
2.2540182e+19
2.2723588e+19
2.2867644e+19
2.24027e+19
2.2540182e+19
2.2723588e+19
2.2867644e+19
2.24027e+19
2.2540182e+19
2.2723588e+19
2.2867644e+19
2.24027e+19
2.2540182e+19
2.2723588e+19
2.2867644e+19
2.24027e+19
2.2540182e+19
2.2723588e+19
2.2867644e+19
2.29451e+19
2.3060395e+19
2.3260809e+19
2.324277e+19
2.29451e+19
2.3060395e+19
2.3260809e+19
2.324277e+19
2.29451e+19
2.3060395e+19
2.3260809e+19
2.324277e+19
2.29451e+19
2.3060395e+19
2.3260809e+19
2.324277e+19
2.2945106e+19
2.3060403e+19
2.326082e+19
2.3242779e+19
2.2945101e+19
2.3060396e+19
2.3260811e+19
2.3242772e+19
2.2945101e+19
2.3060396e+19
2.326081e+19
2.3242771e+19
2.29451e+19
2.3060395e+19
2.3260809e+19
2.3242771e+19
2.2945465e+19
2.3060831e+19
2.3261467e+19
2.3243169e+19
2.2945463e+19
2.3060828e+19
2.3261464e+19
2.3243166e+19
2.2945464e+19
2.3060829e+19
2.3261465e+19
2.3243166e+19
2.2945455e+19
2.3060818e+19
2.3261449e+19
2.3243154e+19
2.2402622e+19
2.2540194e+19
2.2723749e+19
2.2867931e+19
2.2402622e+19
2.2540193e+19
2.2723748e+19
2.2867929e+19
2.2402622e+19
2.2540193e+19
2.2723748e+19
2.286793e+19
2.2402624e+19
2.2540193e+19
2.2723744e+19
2.2867923e+19
2.2402622e+19
2.2540196e+19
2.2723748e+19
2.2867934e+19
2.2402621e+19
2.2540196e+19
2.2723747e+19
2.2867934e+19
2.2402621e+19
2.2540195e+19
2.2723747e+19
2.2867933e+19
2.2402621e+19
2.2540195e+19
2.2723747e+19
2.2867933e+19
2.2945469e+19
2.306083e+19
2.326147e+19
2.324317e+19
2.2945468e+19
2.3060829e+19
2.3261469e+19
2.3243169e+19
2.2945468e+19
2.3060829e+19
2.3261468e+19
2.3243168e+19
2.2945467e+19
2.3060828e+19
2.3261468e+19
2.3243168e+19
2.2945467e+19
2.3060833e+19
2.326147e+19
2.3243172e+19
2.2945467e+19
2.3060833e+19
2.3261469e+19
2.3243171e+19
2.2945466e+19
2.3060832e+19
2.3261469e+19
2.3243171e+19
2.2945466e+19
2.3060832e+19
2.3261469e+19
2.3243171e+19
2.2945468e+19
2.3060835e+19
2.3261472e+19
2.3243174e+19
2.2945468e+19
2.3060834e+19
2.3261471e+19
2.3243173e+19
2.2945467e+19
2.3060833e+19
2.326147e+19
2.3243172e+19
2.2945467e+19
2.3060833e+19
2.326147e+19
2.3243172e+19
2.2402624e+19
2.2540196e+19
2.2723751e+19
2.2867934e+19
2.2402624e+19
2.2540196e+19
2.2723751e+19
2.2867934e+19
2.2402624e+19
2.2540195e+19
2.2723751e+19
2.2867933e+19
2.2402624e+19
2.2540195e+19
2.2723751e+19
2.2867933e+19
2.2402624e+19
2.2540195e+19
2.272375e+19
2.2867933e+19
2.2402623e+19
2.2540195e+19
2.272375e+19
2.2867933e+19
2.2402623e+19
2.2540195e+19
2.272375e+19
2.2867932e+19
2.2402623e+19
2.2540195e+19
2.272375e+19
2.2867932e+19
2.1426934e+19
2.1664341e+19
2.2007302e+19
2.2286956e+19
2.1426935e+19
2.1664341e+19
2.2007303e+19
2.2286956e+19
2.1426935e+19
2.1664341e+19
2.2007303e+19
2.2286956e+19
2.1426935e+19
2.1664341e+19
2.2007302e+19
2.2286955e+19
2.1426935e+19
2.1664341e+19
2.2007302e+19
2.2286956e+19
2.1426935e+19
2.1664342e+19
2.2007302e+19
2.2286955e+19
2.1426935e+19
2.1664342e+19
2.2007302e+19
2.2286955e+19
2.142694e+19
2.1664346e+19
2.2007305e+19
2.2286956e+19
1.9855851e+19
2.0217687e+19
2.0759381e+19
2.1223273e+19
1.9855852e+19
2.0217688e+19
2.0759382e+19
2.1223273e+19
1.9855853e+19
2.0217689e+19
2.0759383e+19
2.1223274e+19
1.9855853e+19
2.0217691e+19
2.0759386e+19
2.1223277e+19
1.9855848e+19
2.0217688e+19
2.0759378e+19
2.1223275e+19
1.9855848e+19
2.0217688e+19
2.0759378e+19
2.1223275e+19
1.9855849e+19
2.0217688e+19
2.0759378e+19
2.1223275e+19
1.9855849e+19
2.0217689e+19
2.0759379e+19
2.1223276e+19
2.1426944e+19
2.1664335e+19
2.2007303e+19
2.2286956e+19
2.1426944e+19
2.1664335e+19
2.2007303e+19
2.2286956e+19
2.1426944e+19
2.1664335e+19
2.2007303e+19
2.2286956e+19
2.1426944e+19
2.1664335e+19
2.2007303e+19
2.2286956e+19
2.1426944e+19
2.1664335e+19
2.2007303e+19
2.2286956e+19
2.1426944e+19
2.1664335e+19
2.2007303e+19
2.2286956e+19
2.1426944e+19
2.1664335e+19
2.2007303e+19
2.2286956e+19
2.1426944e+19
2.1664335e+19
2.2007303e+19
2.2286956e+19
2.2402624e+19
2.2540198e+19
2.2723751e+19
2.2867938e+19
2.2402624e+19
2.2540198e+19
2.2723751e+19
2.2867938e+19
2.2402624e+19
2.2540198e+19
2.2723751e+19
2.2867938e+19
2.2402624e+19
2.2540198e+19
2.2723751e+19
2.2867938e+19
2.2402624e+19
2.2540198e+19
2.2723751e+19
2.2867938e+19
2.2402624e+19
2.2540198e+19
2.2723751e+19
2.2867937e+19
2.2402624e+19
2.2540198e+19
2.2723751e+19
2.2867937e+19
2.2402623e+19
2.2540198e+19
2.272375e+19
2.2867937e+19
2.2945472e+19
2.3060833e+19
2.3261471e+19
2.3243172e+19
2.2945471e+19
2.3060833e+19
2.326147e+19
2.3243172e+19
2.2945471e+19
2.3060833e+19
2.326147e+19
2.3243172e+19
2.2945471e+19
2.3060832e+19
2.326147e+19
2.3243172e+19
2.2945472e+19
2.3060833e+19
2.3261471e+19
2.3243173e+19
2.2945472e+19
2.3060833e+19
2.3261471e+19
2.3243173e+19
2.2945472e+19
2.3060833e+19
2.3261471e+19
2.3243173e+19
2.2945472e+19
2.3060833e+19
2.3261471e+19
2.3243173e+19
2.294547e+19
2.3060836e+19
2.326147e+19
2.3243174e+19
2.294547e+19
2.3060836e+19
2.326147e+19
2.3243174e+19
2.2945469e+19
2.3060836e+19
2.326147e+19
2.3243174e+19
2.2945469e+19
2.3060836e+19
2.326147e+19
2.3243174e+19
2.2402625e+19
2.2540197e+19
2.2723753e+19
2.2867936e+19
2.2402625e+19
2.2540197e+19
2.2723753e+19
2.2867936e+19
2.2402625e+19
2.2540197e+19
2.2723753e+19
2.2867936e+19
2.2402625e+19
2.2540197e+19
2.2723753e+19
2.2867936e+19
2.2402624e+19
2.2540198e+19
2.2723751e+19
2.2867938e+19
2.2402624e+19
2.2540198e+19
2.2723751e+19
2.2867938e+19
2.2402624e+19
2.2540198e+19
2.2723751e+19
2.2867938e+19
2.2402624e+19
2.2540198e+19
2.2723751e+19
2.2867938e+19
2.2945472e+19
2.3060834e+19
2.3261471e+19
2.3243173e+19
2.2945472e+19
2.3060834e+19
2.3261471e+19
2.3243173e+19
2.2945472e+19
2.3060834e+19
2.3261471e+19
2.3243173e+19
2.2945472e+19
2.3060834e+19
2.3261471e+19
2.3243173e+19
2.2945469e+19
2.3060835e+19
2.3261472e+19
2.3243174e+19
2.2945469e+19
2.3060835e+19
2.3261472e+19
2.3243175e+19
2.2945469e+19
2.3060835e+19
2.3261472e+19
2.3243175e+19
2.2945469e+19
2.3060835e+19
2.3261473e+19
2.3243175e+19
2.2945468e+19
2.3060835e+19
2.3261472e+19
2.3243174e+19
2.2945469e+19
2.3060835e+19
2.3261472e+19
2.3243174e+19
2.2945469e+19
2.3060835e+19
2.3261472e+19
2.3243174e+19
2.2945469e+19
2.3060835e+19
2.3261472e+19
2.3243174e+19
2.2402624e+19
2.2540196e+19
2.2723752e+19
2.2867934e+19
2.2402624e+19
2.2540196e+19
2.2723752e+19
2.2867934e+19
2.2402624e+19
2.2540196e+19
2.2723752e+19
2.2867934e+19
2.2402624e+19
2.2540196e+19
2.2723752e+19
2.2867935e+19
2.2402624e+19
2.2540196e+19
2.2723752e+19
2.2867935e+19
2.2402624e+19
2.2540196e+19
2.2723752e+19
2.2867935e+19
2.2402624e+19
2.2540196e+19
2.2723752e+19
2.2867935e+19
2.2402624e+19
2.2540196e+19
2.2723752e+19
2.2867935e+19
2.1426934e+19
2.1664341e+19
2.2007303e+19
2.2286956e+19
2.1426934e+19
2.1664341e+19
2.2007303e+19
2.2286956e+19
2.1426934e+19
2.1664341e+19
2.2007303e+19
2.2286956e+19
2.1426934e+19
2.1664341e+19
2.2007303e+19
2.2286956e+19
2.1426934e+19
2.1664341e+19
2.2007302e+19
2.2286957e+19
2.1426934e+19
2.1664341e+19
2.2007302e+19
2.2286957e+19
2.1426934e+19
2.1664341e+19
2.2007303e+19
2.2286957e+19
2.1426934e+19
2.1664341e+19
2.2007303e+19
2.2286957e+19
2.2402623e+19
2.2540196e+19
2.2723749e+19
2.2867936e+19
2.2402623e+19
2.2540196e+19
2.2723749e+19
2.2867936e+19
2.2402623e+19
2.2540196e+19
2.2723749e+19
2.2867936e+19
2.2402623e+19
2.2540197e+19
2.2723749e+19
2.2867936e+19
2.2402623e+19
2.2540197e+19
2.2723749e+19
2.2867936e+19
2.2402623e+19
2.2540197e+19
2.2723749e+19
2.2867936e+19
2.2402623e+19
2.2540197e+19
2.2723749e+19
2.2867936e+19
2.2402623e+19
2.2540197e+19
2.272375e+19
2.2867937e+19
2.2945471e+19
2.3060832e+19
2.3261472e+19
2.3243172e+19
2.2945471e+19
2.3060832e+19
2.3261472e+19
2.3243172e+19
2.2945471e+19
2.3060833e+19
2.3261473e+19
2.3243173e+19
2.2945471e+19
2.3060833e+19
2.3261473e+19
2.3243173e+19
2.294547e+19
2.3060832e+19
2.3261472e+19
2.3243172e+19
2.294547e+19
2.3060832e+19
2.3261472e+19
2.3243172e+19
2.294547e+19
2.3060832e+19
2.3261472e+19
2.3243172e+19
2.294547e+19
2.3060832e+19
2.3261472e+19
2.3243172e+19
2.2945467e+19
2.3060833e+19
2.326147e+19
2.3243172e+19
2.2945467e+19
2.3060833e+19
2.326147e+19
2.3243172e+19
2.2945467e+19
2.3060833e+19
2.326147e+19
2.3243172e+19
2.2945467e+19
2.3060834e+19
2.326147e+19
2.3243173e+19
2.2402624e+19
2.2540195e+19
2.272375e+19
2.2867933e+19
2.2402624e+19
2.2540195e+19
2.2723751e+19
2.2867933e+19
2.2402624e+19
2.2540195e+19
2.2723751e+19
2.2867933e+19
2.2402624e+19
2.2540195e+19
2.2723751e+19
2.2867933e+19
2.2402622e+19
2.2540196e+19
2.2723748e+19
2.2867935e+19
2.2402622e+19
2.2540196e+19
2.2723748e+19
2.2867935e+19
2.2402622e+19
2.2540196e+19
2.2723748e+19
2.2867935e+19
2.2402622e+19
2.2540196e+19
2.2723748e+19
2.2867935e+19
2.2945469e+19
2.306083e+19
2.326147e+19
2.324317e+19
2.2945469e+19
2.306083e+19
2.326147e+19
2.324317e+19
2.2945469e+19
2.3060831e+19
2.3261471e+19
2.3243171e+19
2.2945469e+19
2.3060831e+19
2.3261471e+19
2.3243171e+19
2.2945466e+19
2.3060832e+19
2.3261468e+19
2.324317e+19
2.2945466e+19
2.3060832e+19
2.3261468e+19
2.3243171e+19
2.2945466e+19
2.3060832e+19
2.3261469e+19
2.3243171e+19
2.2945466e+19
2.3060832e+19
2.3261469e+19
2.3243171e+19
2.2945461e+19
2.3060825e+19
2.3261459e+19
2.3243158e+19
2.2945465e+19
2.3060831e+19
2.3261467e+19
2.3243169e+19
2.2945465e+19
2.3060831e+19
2.3261467e+19
2.324317e+19
2.2945466e+19
2.3060832e+19
2.3261468e+19
2.324317e+19
2.2402622e+19
2.2540192e+19
2.2723746e+19
2.2867927e+19
2.2402623e+19
2.2540194e+19
2.2723749e+19
2.2867931e+19
2.2402623e+19
2.2540194e+19
2.2723749e+19
2.2867931e+19
2.2402623e+19
2.2540194e+19
2.2723749e+19
2.2867932e+19
2.2402623e+19
2.2540194e+19
2.2723749e+19
2.2867932e+19
2.2402623e+19
2.2540194e+19
2.272375e+19
2.2867932e+19
2.2402623e+19
2.2540195e+19
2.272375e+19
2.2867932e+19
2.2402623e+19
2.2540195e+19
2.272375e+19
2.2867932e+19
2.1426936e+19
2.1664342e+19
2.2007303e+19
2.2286955e+19
2.1426935e+19
2.1664341e+19
2.2007302e+19
2.2286955e+19
2.1426935e+19
2.1664341e+19
2.2007302e+19
2.2286955e+19
2.1426935e+19
2.1664341e+19
2.2007302e+19
2.2286955e+19
2.1426935e+19
2.1664341e+19
2.2007302e+19
2.2286956e+19
2.1426935e+19
2.1664341e+19
2.2007302e+19
2.2286956e+19
2.1426935e+19
2.1664341e+19
2.2007303e+19
2.2286956e+19
2.1426935e+19
2.1664341e+19
2.2007303e+19
2.2286956e+19
1.9855849e+19
2.021769e+19
2.0759383e+19
2.1223274e+19
1.9855849e+19
2.021769e+19
2.0759382e+19
2.1223274e+19
1.9855848e+19
2.0217689e+19
2.0759382e+19
2.1223273e+19
1.9855847e+19
2.0217689e+19
2.0759381e+19
2.1223273e+19
1.9855847e+19
2.0217689e+19
2.0759381e+19
2.1223273e+19
1.9855847e+19
2.0217688e+19
2.0759381e+19
2.1223273e+19
1.9855846e+19
2.0217688e+19
2.0759381e+19
2.1223273e+19
1.9855846e+19
2.0217688e+19
2.075938e+19
2.1223273e+19
1.8920382e+19
1.9086648e+19
1.9387725e+19
1.9679195e+19
1.8920382e+19
1.9086648e+19
1.9387724e+19
1.9679194e+19
1.8920381e+19
1.9086648e+19
1.9387724e+19
1.9679194e+19
1.8920381e+19
1.9086647e+19
1.9387724e+19
1.9679194e+19
1.892038e+19
1.9086649e+19
1.9387726e+19
1.9679196e+19
1.8920381e+19
1.908665e+19
1.9387726e+19
1.9679196e+19
1.892038e+19
1.9086649e+19
1.9387725e+19
1.9679196e+19
1.892038e+19
1.9086649e+19
1.9387725e+19
1.9679195e+19
1.8852181e+19
1.8781887e+19
1.8780519e+19
1.8855966e+19
1.8852177e+19
1.8781888e+19
1.878052e+19
1.8855967e+19
1.8852178e+19
1.8781888e+19
1.8780519e+19
1.8855966e+19
1.8852178e+19
1.8781888e+19
1.8780519e+19
1.8855966e+19
1.8851999e+19
1.8781939e+19
1.8780495e+19
1.8855978e+19
1.8851999e+19
1.8781939e+19
1.8780495e+19
1.8855978e+19
1.8851999e+19
1.8781939e+19
1.8780495e+19
1.8855977e+19
1.8851998e+19
1.8781939e+19
1.8780494e+19
1.8855977e+19
1.8851998e+19
1.8781939e+19
1.8780494e+19
1.8855978e+19
1.8851998e+19
1.8781939e+19
1.8780494e+19
1.8855978e+19
1.8851997e+19
1.8781939e+19
1.8780494e+19
1.8855978e+19
1.8851997e+19
1.8781939e+19
1.8780494e+19
1.8855979e+19
1.892038e+19
1.9086649e+19
1.9387722e+19
1.9679194e+19
1.892038e+19
1.9086649e+19
1.9387722e+19
1.9679194e+19
1.892038e+19
1.9086649e+19
1.9387722e+19
1.9679194e+19
1.892038e+19
1.9086649e+19
1.9387723e+19
1.9679194e+19
1.892038e+19
1.9086649e+19
1.9387723e+19
1.9679194e+19
1.8920381e+19
1.908665e+19
1.9387724e+19
1.9679194e+19
1.8920381e+19
1.908665e+19
1.9387725e+19
1.9679195e+19
1.8920381e+19
1.908665e+19
1.9387725e+19
1.9679196e+19
1.8851998e+19
1.8781939e+19
1.8780494e+19
1.8855979e+19
1.8851997e+19
1.8781939e+19
1.8780494e+19
1.8855979e+19
1.8851998e+19
1.878194e+19
1.8780495e+19
1.885598e+19
1.8852009e+19
1.8781943e+19
1.8780496e+19
1.8855979e+19
1.913817e+19
1.8987691e+19
1.8876428e+19
1.885769e+19
1.9138169e+19
1.8987691e+19
1.8876428e+19
1.8857689e+19
1.9138171e+19
1.8987691e+19
1.8876424e+19
1.8857681e+19
1.9138173e+19
1.8987692e+19
1.8876417e+19
1.8857671e+19
1.9138171e+19
1.8987692e+19
1.8876429e+19
1.8857691e+19
1.9138171e+19
1.8987692e+19
1.887643e+19
1.8857692e+19
1.913817e+19
1.8987692e+19
1.8876429e+19
1.8857692e+19
1.913817e+19
1.8987691e+19
1.8876429e+19
1.8857691e+19
2.0107354e+19
1.9805262e+19
1.9459054e+19
1.92377e+19
2.0107354e+19
1.9805262e+19
1.9459054e+19
1.92377e+19
2.0107354e+19
1.9805261e+19
1.9459054e+19
1.92377e+19
2.0107353e+19
1.9805261e+19
1.9459054e+19
1.92377e+19
2.0107353e+19
1.9805261e+19
1.9459054e+19
1.92377e+19
2.0107352e+19
1.9805259e+19
1.9459053e+19
1.9237699e+19
2.010735e+19
1.9805259e+19
1.9459054e+19
1.92377e+19
2.0107348e+19
1.980526e+19
1.9459057e+19
1.9237704e+19
2.1441009e+19
2.1075297e+19
2.0613701e+19
2.0280026e+19
2.1441008e+19
2.1075295e+19
2.0613699e+19
2.0280024e+19
2.1441005e+19
2.1075292e+19
2.0613696e+19
2.0280022e+19
2.1440985e+19
2.1075276e+19
2.0613687e+19
2.0280016e+19
2.2186444e+19
2.1999188e+19
2.1762009e+19
2.1594992e+19
2.2186445e+19
2.1999189e+19
2.176201e+19
2.1594992e+19
2.2186436e+19
2.199918e+19
2.1761999e+19
2.159498e+19
2.2186419e+19
2.1999162e+19
2.176198e+19
2.159496e+19
2.2718643e+19
2.2661502e+19
2.2450387e+19
2.228596e+19
2.2718639e+19
2.2661508e+19
2.2450388e+19
2.2285962e+19
2.2718667e+19
2.2661506e+19
2.2450385e+19
2.2285953e+19
2.2718714e+19
2.2661496e+19
2.2450377e+19
2.2285935e+19
2.2718631e+19
2.2661497e+19
2.2450383e+19
2.2285959e+19
2.2718635e+19
2.2661498e+19
2.2450383e+19
2.2285958e+19
2.2718637e+19
2.26615e+19
2.2450385e+19
2.2285959e+19
2.2718639e+19
2.2661502e+19
2.2450387e+19
2.228596e+19
2.2186443e+19
2.1999189e+19
2.1762011e+19
2.1594995e+19
2.2186442e+19
2.1999188e+19
2.1762009e+19
2.1594993e+19
2.2186443e+19
2.1999188e+19
2.176201e+19
2.1594993e+19
2.2186444e+19
2.1999189e+19
2.176201e+19
2.1594993e+19
2.2186441e+19
2.1999188e+19
2.1762011e+19
2.1594994e+19
2.2186442e+19
2.1999188e+19
2.1762011e+19
2.1594995e+19
2.2186442e+19
2.1999188e+19
2.1762011e+19
2.1594995e+19
2.2186442e+19
2.1999188e+19
2.1762011e+19
2.1594994e+19
2.2718629e+19
2.2661494e+19
2.2450381e+19
2.2285956e+19
2.2718629e+19
2.2661494e+19
2.2450381e+19
2.2285957e+19
2.2718631e+19
2.2661495e+19
2.2450382e+19
2.2285957e+19
2.2718632e+19
2.2661496e+19
2.2450382e+19
2.2285958e+19
2.271863e+19
2.2661493e+19
2.245038e+19
2.2285956e+19
2.2718629e+19
2.2661493e+19
2.245038e+19
2.2285956e+19
2.2718629e+19
2.2661493e+19
2.245038e+19
2.2285956e+19
2.2718629e+19
2.2661494e+19
2.2450381e+19
2.2285956e+19
2.2186441e+19
2.1999187e+19
2.176201e+19
2.1594994e+19
2.2186441e+19
2.1999187e+19
2.176201e+19
2.1594994e+19
2.2186441e+19
2.1999188e+19
2.176201e+19
2.1594994e+19
2.2186441e+19
2.1999188e+19
2.176201e+19
2.1594994e+19
2.1441009e+19
2.1075298e+19
2.0613702e+19
2.0280027e+19
2.144101e+19
2.1075298e+19
2.0613702e+19
2.0280027e+19
2.144101e+19
2.1075298e+19
2.0613702e+19
2.0280027e+19
2.1441009e+19
2.1075297e+19
2.0613701e+19
2.0280026e+19
2.1441007e+19
2.1075296e+19
2.0613698e+19
2.0280027e+19
2.1441007e+19
2.1075297e+19
2.0613699e+19
2.0280028e+19
2.1441008e+19
2.1075297e+19
2.06137e+19
2.0280028e+19
2.1441008e+19
2.1075298e+19
2.06137e+19
2.0280029e+19
2.2186441e+19
2.1999187e+19
2.1762009e+19
2.1594994e+19
2.2186441e+19
2.1999187e+19
2.1762009e+19
2.1594994e+19
2.2186441e+19
2.1999187e+19
2.176201e+19
2.1594994e+19
2.2186441e+19
2.1999187e+19
2.176201e+19
2.1594995e+19
2.2718632e+19
2.2661496e+19
2.2450381e+19
2.2285956e+19
2.2718631e+19
2.2661495e+19
2.2450381e+19
2.2285956e+19
2.271863e+19
2.2661494e+19
2.245038e+19
2.2285956e+19
2.2718629e+19
2.2661494e+19
2.245038e+19
2.2285956e+19
2.2718636e+19
2.2661499e+19
2.2450383e+19
2.2285958e+19
2.2718635e+19
2.2661498e+19
2.2450383e+19
2.2285957e+19
2.2718634e+19
2.2661497e+19
2.2450382e+19
2.2285957e+19
2.2718633e+19
2.2661496e+19
2.2450381e+19
2.2285956e+19
2.2186442e+19
2.1999188e+19
2.1762009e+19
2.1594994e+19
2.2186442e+19
2.1999188e+19
2.1762009e+19
2.1594994e+19
2.2186441e+19
2.1999187e+19
2.1762009e+19
2.1594994e+19
2.2186441e+19
2.1999187e+19
2.1762009e+19
2.1594994e+19
2.2186444e+19
2.199919e+19
2.1762011e+19
2.1594995e+19
2.2186444e+19
2.1999189e+19
2.176201e+19
2.1594994e+19
2.2186443e+19
2.1999189e+19
2.176201e+19
2.1594994e+19
2.2186442e+19
2.1999188e+19
2.1762009e+19
2.1594993e+19
2.2718638e+19
2.2661501e+19
2.2450386e+19
2.228596e+19
2.2718638e+19
2.2661502e+19
2.2450386e+19
2.228596e+19
2.2718638e+19
2.2661501e+19
2.2450385e+19
2.2285959e+19
2.2718638e+19
2.2661498e+19
2.2450383e+19
2.2285958e+19
2.2718722e+19
2.2661563e+19
2.2450417e+19
2.2285983e+19
2.2718648e+19
2.2661513e+19
2.2450395e+19
2.2285967e+19
2.2718642e+19
2.2661505e+19
2.2450389e+19
2.2285963e+19
2.2718639e+19
2.2661502e+19
2.2450387e+19
2.2285961e+19
2.2186463e+19
2.1999203e+19
2.1762017e+19
2.1594991e+19
2.218645e+19
2.1999193e+19
2.1762013e+19
2.1594996e+19
2.2186446e+19
2.1999191e+19
2.1762012e+19
2.1594996e+19
2.2186445e+19
2.199919e+19
2.1762011e+19
2.1594995e+19
2.1441007e+19
2.1075294e+19
2.0613694e+19
2.0280021e+19
2.1441008e+19
2.1075296e+19
2.0613697e+19
2.0280026e+19
2.1441007e+19
2.1075296e+19
2.0613698e+19
2.0280026e+19
2.1441007e+19
2.1075296e+19
2.0613698e+19
2.0280027e+19
2.0107343e+19
1.9805263e+19
1.9459037e+19
1.9237746e+19
2.0107347e+19
1.9805265e+19
1.9459037e+19
1.9237745e+19
2.0107348e+19
1.9805266e+19
1.9459038e+19
1.9237746e+19
2.0107349e+19
1.9805267e+19
1.9459039e+19
1.9237747e+19
2.0107353e+19
1.9805261e+19
1.9459053e+19
1.9237702e+19
2.0107353e+19
1.9805261e+19
1.9459053e+19
1.9237702e+19
2.0107354e+19
1.9805262e+19
1.9459053e+19
1.9237702e+19
2.0107354e+19
1.9805262e+19
1.9459053e+19
1.9237702e+19
1.9138173e+19
1.8987689e+19
1.8876429e+19
1.8857687e+19
1.9138173e+19
1.898769e+19
1.8876429e+19
1.8857688e+19
1.9138174e+19
1.898769e+19
1.887643e+19
1.8857689e+19
1.9138173e+19
1.898769e+19
1.8876431e+19
1.885769e+19
1.913811e+19
1.8987736e+19
1.8876363e+19
1.8857639e+19
1.9138109e+19
1.8987734e+19
1.8876364e+19
1.8857638e+19
1.913811e+19
1.8987735e+19
1.8876364e+19
1.8857637e+19
1.9138111e+19
1.8987735e+19
1.8876364e+19
1.8857637e+19
1.9138714e+19
1.8988595e+19
1.8875831e+19
1.8858081e+19
1.9138714e+19
1.8988595e+19
1.8875831e+19
1.8858081e+19
1.9138711e+19
1.8988592e+19
1.887583e+19
1.8858085e+19
1.91387e+19
1.898858e+19
1.8875829e+19
1.8858092e+19
1.9138705e+19
1.8988586e+19
1.8875829e+19
1.885809e+19
1.9138707e+19
1.8988588e+19
1.8875829e+19
1.8858088e+19
1.9138711e+19
1.8988591e+19
1.887583e+19
1.8858084e+19
1.9138713e+19
1.8988594e+19
1.887583e+19
1.8858082e+19
2.0106508e+19
1.9805017e+19
1.9459422e+19
1.9238421e+19
2.0106505e+19
1.9805015e+19
1.9459422e+19
1.9238422e+19
2.0106501e+19
1.9805014e+19
1.9459424e+19
1.9238426e+19
2.0106499e+19
1.9805013e+19
1.9459425e+19
1.9238428e+19
2.0106498e+19
1.9805013e+19
1.9459425e+19
1.9238429e+19
2.0106499e+19
1.9805013e+19
1.9459425e+19
1.9238428e+19
2.0106501e+19
1.9805014e+19
1.9459424e+19
1.9238426e+19
2.0106513e+19
1.9805018e+19
1.9459419e+19
1.9238416e+19
2.1440189e+19
2.107426e+19
2.0612585e+19
2.027885e+19
2.1440189e+19
2.1074261e+19
2.0612586e+19
2.0278851e+19
2.1440194e+19
2.1074266e+19
2.0612591e+19
2.0278855e+19
2.1440209e+19
2.1074286e+19
2.061261e+19
2.027887e+19
2.2188042e+19
2.2000725e+19
2.1762741e+19
2.1593696e+19
2.2188038e+19
2.2000723e+19
2.1762741e+19
2.1593699e+19
2.2188034e+19
2.2000724e+19
2.1762746e+19
2.1593703e+19
2.2188012e+19
2.2000709e+19
2.1762743e+19
2.159372e+19
2.2737096e+19
2.2668242e+19
2.2454093e+19
2.2287598e+19
2.2737066e+19
2.2668225e+19
2.2454084e+19
2.2287593e+19
2.2737056e+19
2.2668208e+19
2.2454074e+19
2.2287586e+19
2.2736888e+19
2.2668111e+19
2.2454027e+19
2.2287559e+19
2.2737105e+19
2.2668249e+19
2.2454099e+19
2.2287602e+19
2.2737096e+19
2.2668242e+19
2.2454095e+19
2.2287599e+19
2.2737094e+19
2.2668241e+19
2.2454094e+19
2.2287598e+19
2.2737093e+19
2.2668241e+19
2.2454093e+19
2.2287598e+19
2.2188044e+19
2.2000726e+19
2.176274e+19
2.1593695e+19
2.2188042e+19
2.2000724e+19
2.1762739e+19
2.1593695e+19
2.2188042e+19
2.2000724e+19
2.1762739e+19
2.1593695e+19
2.2188041e+19
2.2000724e+19
2.176274e+19
2.1593695e+19
2.218804e+19
2.2000726e+19
2.1762745e+19
2.1593702e+19
2.2188041e+19
2.2000726e+19
2.1762743e+19
2.15937e+19
2.2188042e+19
2.2000726e+19
2.1762742e+19
2.1593697e+19
2.2188043e+19
2.2000725e+19
2.1762741e+19
2.1593696e+19
2.2737068e+19
2.2668225e+19
2.2454085e+19
2.2287595e+19
2.2737078e+19
2.2668232e+19
2.2454089e+19
2.2287597e+19
2.273709e+19
2.2668239e+19
2.2454093e+19
2.2287599e+19
2.2737096e+19
2.2668243e+19
2.2454096e+19
2.22876e+19
2.273703e+19
2.2668201e+19
2.2454071e+19
2.2287587e+19
2.2737039e+19
2.2668206e+19
2.2454074e+19
2.2287589e+19
2.2737052e+19
2.2668215e+19
2.2454079e+19
2.2287592e+19
2.2737063e+19
2.2668221e+19
2.2454083e+19
2.2287594e+19
2.2188035e+19
2.2000725e+19
2.1762748e+19
2.1593709e+19
2.2188036e+19
2.2000725e+19
2.1762748e+19
2.1593708e+19
2.2188038e+19
2.2000726e+19
2.1762746e+19
2.1593705e+19
2.2188039e+19
2.2000726e+19
2.1762745e+19
2.1593703e+19
2.1440205e+19
2.1074279e+19
2.0612603e+19
2.0278864e+19
2.1440201e+19
2.1074275e+19
2.0612599e+19
2.027886e+19
2.1440195e+19
2.1074267e+19
2.0612592e+19
2.0278855e+19
2.144019e+19
2.1074262e+19
2.0612587e+19
2.0278851e+19
2.1440189e+19
2.1074265e+19
2.0612594e+19
2.027886e+19
2.1440199e+19
2.1074276e+19
2.0612602e+19
2.0278865e+19
2.1440205e+19
2.1074281e+19
2.0612605e+19
2.0278866e+19
2.1440207e+19
2.1074282e+19
2.0612606e+19
2.0278867e+19
2.2188029e+19
2.200072e+19
2.1762744e+19
2.1593707e+19
2.2188031e+19
2.2000722e+19
2.1762746e+19
2.1593708e+19
2.2188032e+19
2.2000723e+19
2.1762748e+19
2.159371e+19
2.2188033e+19
2.2000724e+19
2.1762749e+19
2.1593711e+19
2.2737017e+19
2.2668192e+19
2.2454064e+19
2.2287581e+19
2.2737017e+19
2.2668192e+19
2.2454065e+19
2.2287582e+19
2.2737018e+19
2.2668193e+19
2.2454066e+19
2.2287584e+19
2.2737017e+19
2.2668194e+19
2.2454067e+19
2.2287585e+19
2.2737045e+19
2.2668211e+19
2.2454072e+19
2.2287582e+19
2.2737031e+19
2.2668201e+19
2.2454067e+19
2.228758e+19
2.273702e+19
2.2668194e+19
2.2454064e+19
2.228758e+19
2.2737017e+19
2.2668192e+19
2.2454064e+19
2.2287581e+19
2.2188026e+19
2.2000712e+19
2.1762732e+19
2.1593692e+19
2.2188027e+19
2.2000715e+19
2.1762736e+19
2.1593698e+19
2.2188028e+19
2.2000718e+19
2.1762741e+19
2.1593703e+19
2.2188029e+19
2.2000719e+19
2.1762743e+19
2.1593706e+19
2.2188028e+19
2.2000699e+19
2.1762706e+19
2.159366e+19
2.2188029e+19
2.2000702e+19
2.1762709e+19
2.1593663e+19
2.218803e+19
2.2000706e+19
2.1762716e+19
2.1593669e+19
2.2188024e+19
2.2000712e+19
2.1762733e+19
2.1593695e+19
2.2737131e+19
2.2668269e+19
2.2454102e+19
2.2287592e+19
2.2737133e+19
2.2668269e+19
2.2454101e+19
2.2287592e+19
2.2737121e+19
2.266826e+19
2.2454096e+19
2.2287591e+19
2.2737026e+19
2.2668199e+19
2.2454066e+19
2.2287579e+19
2.2739414e+19
2.2669589e+19
2.2454736e+19
2.2287851e+19
2.273758e+19
2.2668567e+19
2.2454252e+19
2.2287659e+19
2.2737267e+19
2.2668357e+19
2.2454146e+19
2.2287611e+19
2.273715e+19
2.2668281e+19
2.2454108e+19
2.2287595e+19
2.2188152e+19
2.2000621e+19
2.1762386e+19
2.1593119e+19
2.2188059e+19
2.2000675e+19
2.1762624e+19
2.1593539e+19
2.2188036e+19
2.200069e+19
2.1762679e+19
2.1593622e+19
2.2188029e+19
2.2000697e+19
2.1762701e+19
2.1593654e+19
2.1439834e+19
2.1073875e+19
2.0612256e+19
2.0278614e+19
2.1440112e+19
2.1074181e+19
2.0612524e+19
2.0278813e+19
2.1440154e+19
2.1074228e+19
2.0612563e+19
2.027884e+19
2.144018e+19
2.1074256e+19
2.0612586e+19
2.0278855e+19
2.0106388e+19
1.9804999e+19
1.9459521e+19
1.9238583e+19
2.0106459e+19
1.9805015e+19
1.9459475e+19
1.9238504e+19
2.0106501e+19
1.9805024e+19
1.9459443e+19
1.9238451e+19
2.01065e+19
1.980502e+19
1.9459439e+19
1.9238446e+19
2.0106507e+19
1.9805022e+19
1.9459432e+19
1.9238435e+19
2.010651e+19
1.9805021e+19
1.9459427e+19
1.9238427e+19
2.010651e+19
1.9805019e+19
1.9459423e+19
1.9238422e+19
2.010651e+19
1.9805018e+19
1.9459421e+19
1.923842e+19
1.913872e+19
1.8988599e+19
1.8875836e+19
1.8858088e+19
1.9138712e+19
1.8988591e+19
1.8875833e+19
1.8858091e+19
1.9138707e+19
1.8988586e+19
1.887583e+19
1.8858092e+19
1.9138705e+19
1.8988584e+19
1.8875829e+19
1.8858092e+19
1.9138884e+19
1.8988755e+19
1.8875881e+19
1.8857963e+19
1.9138797e+19
1.8988672e+19
1.8875859e+19
1.8858036e+19
1.9138737e+19
1.8988615e+19
1.8875843e+19
1.8858081e+19
1.9138732e+19
1.898861e+19
1.887584e+19
1.8858079e+19
1.8853871e+19
1.878148e+19
1.8780482e+19
1.8855555e+19
1.8853892e+19
1.8781475e+19
1.8780461e+19
1.8855531e+19
1.8853905e+19
1.8781471e+19
1.8780448e+19
1.8855515e+19
1.8853905e+19
1.878147e+19
1.8780448e+19
1.8855516e+19
1.8920117e+19
1.9086443e+19
1.9387593e+19
1.9679086e+19
1.8920094e+19
1.9086424e+19
1.9387586e+19
1.9679088e+19
1.8920079e+19
1.9086413e+19
1.9387582e+19
1.967909e+19
1.892008e+19
1.9086415e+19
1.9387584e+19
1.9679093e+19
1.8920078e+19
1.9086412e+19
1.9387584e+19
1.9679093e+19
1.8920077e+19
1.9086412e+19
1.9387585e+19
1.9679094e+19
1.8920077e+19
1.9086412e+19
1.9387587e+19
1.9679096e+19
1.8920077e+19
1.9086413e+19
1.9387587e+19
1.9679097e+19
1.8853907e+19
1.878147e+19
1.8780445e+19
1.8855514e+19
1.8853908e+19
1.8781469e+19
1.8780444e+19
1.8855513e+19
1.8853908e+19
1.8781468e+19
1.8780443e+19
1.8855512e+19
1.8853907e+19
1.8781468e+19
1.8780443e+19
1.8855512e+19
1.8853907e+19
1.8781468e+19
1.8780444e+19
1.8855512e+19
1.8853906e+19
1.8781468e+19
1.8780445e+19
1.8855513e+19
1.8853904e+19
1.8781468e+19
1.8780446e+19
1.8855515e+19
1.8853903e+19
1.8781468e+19
1.8780447e+19
1.8855516e+19
1.8853903e+19
1.8781468e+19
1.8780447e+19
1.8855516e+19
1.8853903e+19
1.8781468e+19
1.8780447e+19
1.8855516e+19
1.8853905e+19
1.8781468e+19
1.8780446e+19
1.8855515e+19
1.8853902e+19
1.8781468e+19
1.8780445e+19
1.8855514e+19
1.8920081e+19
1.9086418e+19
1.9387589e+19
1.96791e+19
1.8920081e+19
1.9086418e+19
1.938759e+19
1.96791e+19
1.892008e+19
1.9086417e+19
1.9387589e+19
1.96791e+19
1.8920079e+19
1.9086416e+19
1.9387588e+19
1.96791e+19
1.8920077e+19
1.9086414e+19
1.9387587e+19
1.9679099e+19
1.8920078e+19
1.9086415e+19
1.9387588e+19
1.9679099e+19
1.892008e+19
1.9086417e+19
1.9387589e+19
1.96791e+19
1.8920081e+19
1.9086417e+19
1.9387589e+19
1.96791e+19
1.9855854e+19
2.0217789e+19
2.0759571e+19
2.122347e+19
1.9855854e+19
2.0217789e+19
2.0759571e+19
2.122347e+19
1.9855854e+19
2.0217788e+19
2.075957e+19
2.1223468e+19
1.9855854e+19
2.0217788e+19
2.0759569e+19
2.1223467e+19
1.9855854e+19
2.0217788e+19
2.0759568e+19
2.1223467e+19
1.9855854e+19
2.0217787e+19
2.0759568e+19
2.1223466e+19
1.9855854e+19
2.0217788e+19
2.0759569e+19
2.1223468e+19
1.9855854e+19
2.0217788e+19
2.075957e+19
2.1223469e+19
2.1427128e+19
2.1664474e+19
2.2007366e+19
2.228694e+19
2.1427127e+19
2.1664474e+19
2.2007366e+19
2.228694e+19
2.1427127e+19
2.1664474e+19
2.2007366e+19
2.2286939e+19
2.1427128e+19
2.1664474e+19
2.2007366e+19
2.228694e+19
2.1427128e+19
2.1664475e+19
2.2007366e+19
2.228694e+19
2.1427128e+19
2.1664475e+19
2.2007367e+19
2.2286941e+19
2.142713e+19
2.1664477e+19
2.2007369e+19
2.2286942e+19
2.142713e+19
2.1664477e+19
2.200737e+19
2.2286944e+19
2.240258e+19
2.2540082e+19
2.2723552e+19
2.2867684e+19
2.240258e+19
2.2540082e+19
2.2723553e+19
2.2867684e+19
2.2402581e+19
2.2540083e+19
2.2723553e+19
2.2867684e+19
2.2402581e+19
2.2540083e+19
2.2723554e+19
2.2867685e+19
2.2402581e+19
2.2540083e+19
2.2723554e+19
2.2867685e+19
2.2402582e+19
2.2540084e+19
2.2723555e+19
2.2867686e+19
2.2402583e+19
2.2540085e+19
2.2723555e+19
2.2867686e+19
2.2402584e+19
2.2540088e+19
2.2723559e+19
2.2867692e+19
2.29452e+19
2.3060414e+19
2.3261033e+19
2.3242178e+19
2.2945201e+19
2.3060415e+19
2.3261034e+19
2.3242181e+19
2.29452e+19
2.3060414e+19
2.3261033e+19
2.3242177e+19
2.2945207e+19
2.3060423e+19
2.3261044e+19
2.3242194e+19
2.2945199e+19
2.3060413e+19
2.3261032e+19
2.3242179e+19
2.2945199e+19
2.3060413e+19
2.3261033e+19
2.3242179e+19
2.2945199e+19
2.3060413e+19
2.3261033e+19
2.3242179e+19
2.29452e+19
2.3060414e+19
2.3261033e+19
2.3242179e+19
2.2945196e+19
2.3060415e+19
2.3261031e+19
2.324218e+19
2.2945196e+19
2.3060415e+19
2.3261031e+19
2.324218e+19
2.2945196e+19
2.3060415e+19
2.3261031e+19
2.324218e+19
2.2945196e+19
2.3060415e+19
2.3261031e+19
2.324218e+19
2.2402581e+19
2.254008e+19
2.2723554e+19
2.2867681e+19
2.2402581e+19
2.254008e+19
2.2723554e+19
2.2867681e+19
2.2402581e+19
2.254008e+19
2.2723554e+19
2.2867681e+19
2.2402581e+19
2.254008e+19
2.2723554e+19
2.2867681e+19
2.2402579e+19
2.2540081e+19
2.2723552e+19
2.2867683e+19
2.2402579e+19
2.2540081e+19
2.2723552e+19
2.2867683e+19
2.2402579e+19
2.2540081e+19
2.2723552e+19
2.2867683e+19
2.2402579e+19
2.2540081e+19
2.2723552e+19
2.2867683e+19
2.2945198e+19
2.3060412e+19
2.3261032e+19
2.3242179e+19
2.2945198e+19
2.3060412e+19
2.3261032e+19
2.3242179e+19
2.2945198e+19
2.3060412e+19
2.3261032e+19
2.3242179e+19
2.2945198e+19
2.3060413e+19
2.3261032e+19
2.3242179e+19
2.2945196e+19
2.3060415e+19
2.3261031e+19
2.3242179e+19
2.2945196e+19
2.3060415e+19
2.3261031e+19
2.324218e+19
2.2945196e+19
2.3060415e+19
2.3261031e+19
2.324218e+19
2.2945196e+19
2.3060414e+19
2.3261031e+19
2.324218e+19
2.2945197e+19
2.3060415e+19
2.3261031e+19
2.3242179e+19
2.2945197e+19
2.3060415e+19
2.3261031e+19
2.3242179e+19
2.2945196e+19
2.3060415e+19
2.3261031e+19
2.3242179e+19
2.2945196e+19
2.3060415e+19
2.3261031e+19
2.3242179e+19
2.2402582e+19
2.2540082e+19
2.2723555e+19
2.2867682e+19
2.2402582e+19
2.2540082e+19
2.2723555e+19
2.2867682e+19
2.2402581e+19
2.2540082e+19
2.2723555e+19
2.2867682e+19
2.2402581e+19
2.2540081e+19
2.2723555e+19
2.2867681e+19
2.2402581e+19
2.2540081e+19
2.2723555e+19
2.2867681e+19
2.2402581e+19
2.2540081e+19
2.2723554e+19
2.2867681e+19
2.240258e+19
2.2540081e+19
2.2723554e+19
2.2867681e+19
2.240258e+19
2.2540081e+19
2.2723554e+19
2.2867681e+19
2.142713e+19
2.1664476e+19
2.2007368e+19
2.2286941e+19
2.1427129e+19
2.1664476e+19
2.2007368e+19
2.2286941e+19
2.1427128e+19
2.1664475e+19
2.2007367e+19
2.228694e+19
2.1427128e+19
2.1664474e+19
2.2007366e+19
2.2286939e+19
2.1427132e+19
2.1664479e+19
2.200737e+19
2.2286944e+19
2.1427131e+19
2.1664478e+19
2.200737e+19
2.2286944e+19
2.1427131e+19
2.1664477e+19
2.2007369e+19
2.2286943e+19
2.142713e+19
2.1664477e+19
2.2007368e+19
2.2286942e+19
2.2402584e+19
2.2540086e+19
2.2723556e+19
2.2867687e+19
2.2402583e+19
2.2540085e+19
2.2723555e+19
2.2867686e+19
2.2402583e+19
2.2540085e+19
2.2723555e+19
2.2867686e+19
2.2402583e+19
2.2540085e+19
2.2723555e+19
2.2867686e+19
2.2402583e+19
2.2540084e+19
2.2723555e+19
2.2867685e+19
2.2402582e+19
2.2540084e+19
2.2723554e+19
2.2867685e+19
2.2402582e+19
2.2540084e+19
2.2723554e+19
2.2867685e+19
2.2402582e+19
2.2540083e+19
2.2723554e+19
2.2867685e+19
2.29452e+19
2.3060414e+19
2.3261033e+19
2.3242178e+19
2.29452e+19
2.3060414e+19
2.3261033e+19
2.3242178e+19
2.29452e+19
2.3060413e+19
2.3261032e+19
2.3242178e+19
2.2945199e+19
2.3060413e+19
2.3261032e+19
2.3242178e+19
2.2945201e+19
2.3060415e+19
2.3261034e+19
2.3242179e+19
2.2945201e+19
2.3060415e+19
2.3261033e+19
2.3242179e+19
2.2945201e+19
2.3060414e+19
2.3261033e+19
2.3242178e+19
2.29452e+19
2.3060414e+19
2.3261033e+19
2.3242178e+19
2.29452e+19
2.3060418e+19
2.3261036e+19
2.3242181e+19
2.2945199e+19
2.3060418e+19
2.3261036e+19
2.3242181e+19
2.2945199e+19
2.3060417e+19
2.3261036e+19
2.324218e+19
2.2945199e+19
2.3060417e+19
2.3261035e+19
2.324218e+19
2.2402585e+19
2.2540084e+19
2.2723557e+19
2.2867684e+19
2.2402585e+19
2.2540084e+19
2.2723557e+19
2.2867684e+19
2.2402585e+19
2.2540084e+19
2.2723557e+19
2.2867684e+19
2.2402585e+19
2.2540084e+19
2.2723557e+19
2.2867684e+19
2.2402584e+19
2.2540086e+19
2.2723556e+19
2.2867688e+19
2.2402584e+19
2.2540086e+19
2.2723556e+19
2.2867688e+19
2.2402584e+19
2.2540086e+19
2.2723556e+19
2.2867687e+19
2.2402584e+19
2.2540086e+19
2.2723555e+19
2.2867687e+19
2.2945203e+19
2.3060417e+19
2.326104e+19
2.3242182e+19
2.2945203e+19
2.3060417e+19
2.3261039e+19
2.3242182e+19
2.2945203e+19
2.3060416e+19
2.3261038e+19
2.3242181e+19
2.2945202e+19
2.3060416e+19
2.3261038e+19
2.324218e+19
2.2945202e+19
2.3060421e+19
2.3261041e+19
2.3242186e+19
2.2945202e+19
2.3060421e+19
2.326104e+19
2.3242185e+19
2.2945201e+19
2.306042e+19
2.3261039e+19
2.3242184e+19
2.2945201e+19
2.306042e+19
2.3261039e+19
2.3242184e+19
2.2945203e+19
2.3060423e+19
2.3261043e+19
2.324219e+19
2.2945203e+19
2.3060422e+19
2.3261043e+19
2.3242189e+19
2.2945202e+19
2.3060422e+19
2.3261042e+19
2.3242188e+19
2.2945202e+19
2.3060421e+19
2.3261041e+19
2.3242187e+19
2.2402584e+19
2.2540084e+19
2.2723559e+19
2.2867687e+19
2.2402584e+19
2.2540084e+19
2.2723559e+19
2.2867687e+19
2.2402584e+19
2.2540085e+19
2.2723559e+19
2.2867687e+19
2.2402585e+19
2.2540085e+19
2.2723559e+19
2.2867686e+19
2.2402585e+19
2.2540085e+19
2.2723559e+19
2.2867686e+19
2.2402585e+19
2.2540085e+19
2.2723559e+19
2.2867686e+19
2.2402585e+19
2.2540085e+19
2.2723558e+19
2.2867686e+19
2.2402585e+19
2.2540085e+19
2.2723558e+19
2.2867686e+19
2.1427116e+19
2.1664479e+19
2.2007367e+19
2.2286943e+19
2.1427118e+19
2.1664481e+19
2.2007368e+19
2.2286944e+19
2.142712e+19
2.1664483e+19
2.2007369e+19
2.2286944e+19
2.1427121e+19
2.1664484e+19
2.200737e+19
2.2286945e+19
2.1427121e+19
2.1664484e+19
2.200737e+19
2.2286945e+19
2.1427122e+19
2.1664484e+19
2.200737e+19
2.2286945e+19
2.1427122e+19
2.1664485e+19
2.200737e+19
2.2286945e+19
2.1427123e+19
2.1664485e+19
2.2007371e+19
2.2286945e+19
1.985585e+19
2.021778e+19
2.0759567e+19
2.1223461e+19
1.9855852e+19
2.0217783e+19
2.0759571e+19
2.1223465e+19
1.9855854e+19
2.0217786e+19
2.0759573e+19
2.1223467e+19
1.9855855e+19
2.0217787e+19
2.0759574e+19
2.1223468e+19
1.9855826e+19
2.0217734e+19
2.0759489e+19
2.1223376e+19
1.9855838e+19
2.0217766e+19
2.0759543e+19
2.1223442e+19
1.9855843e+19
2.0217775e+19
2.0759554e+19
2.1223454e+19
1.9855847e+19
2.021778e+19
2.0759562e+19
2.1223462e+19
2.142697e+19
2.1664328e+19
2.2007231e+19
2.2286814e+19
2.1427079e+19
2.166443e+19
2.2007329e+19
2.2286911e+19
2.1427103e+19
2.1664452e+19
2.2007349e+19
2.2286928e+19
2.1427112e+19
2.1664461e+19
2.2007357e+19
2.2286935e+19
2.1427114e+19
2.1664463e+19
2.2007359e+19
2.2286937e+19
2.1427116e+19
2.1664465e+19
2.200736e+19
2.2286937e+19
2.1427119e+19
2.1664467e+19
2.2007361e+19
2.2286938e+19
2.1427126e+19
2.1664474e+19
2.2007368e+19
2.2286944e+19
2.2402578e+19
2.2540083e+19
2.2723557e+19
2.2867691e+19
2.2402578e+19
2.2540083e+19
2.2723557e+19
2.2867691e+19
2.2402578e+19
2.2540082e+19
2.2723556e+19
2.286769e+19
2.2402578e+19
2.2540082e+19
2.2723555e+19
2.2867689e+19
2.2402578e+19
2.2540082e+19
2.2723555e+19
2.2867689e+19
2.2402579e+19
2.2540083e+19
2.2723555e+19
2.2867689e+19
2.2402581e+19
2.2540085e+19
2.2723557e+19
2.286769e+19
2.2402585e+19
2.2540088e+19
2.272356e+19
2.2867692e+19
2.2945205e+19
2.3060422e+19
2.3261046e+19
2.3242196e+19
2.2945205e+19
2.3060422e+19
2.3261045e+19
2.3242194e+19
2.2945206e+19
2.3060422e+19
2.3261043e+19
2.3242191e+19
2.2945207e+19
2.3060422e+19
2.3261042e+19
2.3242188e+19
2.2945208e+19
2.3060425e+19
2.3261049e+19
2.32422e+19
2.2945207e+19
2.3060425e+19
2.3261048e+19
2.3242199e+19
2.2945206e+19
2.3060423e+19
2.3261047e+19
2.3242197e+19
2.2945206e+19
2.3060423e+19
2.3261046e+19
2.3242196e+19
2.2945202e+19
2.3060428e+19
2.3261053e+19
2.3242212e+19
2.2945204e+19
2.3060428e+19
2.3261051e+19
2.3242209e+19
2.2945205e+19
2.3060428e+19
2.326105e+19
2.3242205e+19
2.2945206e+19
2.3060428e+19
2.3261048e+19
2.3242201e+19
2.2402568e+19
2.2540072e+19
2.2723552e+19
2.2867684e+19
2.2402572e+19
2.2540076e+19
2.2723555e+19
2.2867686e+19
2.2402576e+19
2.2540079e+19
2.2723557e+19
2.2867688e+19
2.240258e+19
2.2540082e+19
2.2723559e+19
2.2867689e+19
2.2402322e+19
2.2539845e+19
2.2723358e+19
2.2867526e+19
2.2402535e+19
2.2540046e+19
2.2723528e+19
2.286767e+19
2.2402551e+19
2.2540059e+19
2.2723539e+19
2.2867678e+19
2.2402563e+19
2.254007e+19
2.2723548e+19
2.2867685e+19
2.2945066e+19
2.3060361e+19
2.3261071e+19
2.3242449e+19
2.2945191e+19
2.3060421e+19
2.326106e+19
2.3242233e+19
2.2945198e+19
2.3060423e+19
2.3261057e+19
2.3242224e+19
2.2945203e+19
2.3060425e+19
2.3261055e+19
2.3242214e+19
2.2200496e+19
2.1910359e+19
2.1794521e+19
2.1672281e+19
2.2199959e+19
2.1909922e+19
2.1794172e+19
2.1671989e+19
2.2199926e+19
2.1909888e+19
2.1794144e+19
2.1671964e+19
2.2199897e+19
2.190986e+19
2.1794121e+19
2.1671944e+19
2.1626836e+19
2.1546883e+19
2.1446464e+19
2.137289e+19
2.1626569e+19
2.1546657e+19
2.1446283e+19
2.1372745e+19
2.1626546e+19
2.1546638e+19
2.1446267e+19
2.1372731e+19
2.1626528e+19
2.1546622e+19
2.1446255e+19
2.1372721e+19
2.1626522e+19
2.1546618e+19
2.144625e+19
2.1372718e+19
2.1626514e+19
2.1546612e+19
2.1446245e+19
2.1372714e+19
2.1626508e+19
2.1546606e+19
2.144624e+19
2.137271e+19
2.1626502e+19
2.1546601e+19
2.1446236e+19
2.1372706e+19
2.2199889e+19
2.1909852e+19
2.1794116e+19
2.1671937e+19
2.2199878e+19
2.1909842e+19
2.1794107e+19
2.167193e+19
2.2199869e+19
2.1909833e+19
2.1794099e+19
2.1671923e+19
2.219986e+19
2.1909823e+19
2.1794092e+19
2.1671916e+19
2.219986e+19
2.1909824e+19
2.1794091e+19
2.1671917e+19
2.2199859e+19
2.1909822e+19
2.1794089e+19
2.1671915e+19
2.2199858e+19
2.1909822e+19
2.1794089e+19
2.1671914e+19
2.2199858e+19
2.1909821e+19
2.1794088e+19
2.1671914e+19
2.2199857e+19
2.1909821e+19
2.1794087e+19
2.1671913e+19
2.2199854e+19
2.1909818e+19
2.1794085e+19
2.1671911e+19
2.2199847e+19
2.1909811e+19
2.179408e+19
2.1671906e+19
2.2199838e+19
2.1909802e+19
2.1794072e+19
2.16719e+19
2.1626499e+19
2.1546597e+19
2.1446234e+19
2.1372703e+19
2.1626497e+19
2.1546596e+19
2.1446232e+19
2.1372702e+19
2.1626493e+19
2.1546592e+19
2.1446229e+19
2.1372699e+19
2.1626487e+19
2.1546586e+19
2.1446225e+19
2.1372695e+19
2.1626502e+19
2.15466e+19
2.1446237e+19
2.1372705e+19
2.1626501e+19
2.1546599e+19
2.1446235e+19
2.1372704e+19
2.16265e+19
2.1546598e+19
2.1446235e+19
2.1372704e+19
2.16265e+19
2.1546598e+19
2.1446234e+19
2.1372703e+19
2.13249e+19
2.121061e+19
2.1070282e+19
2.0957422e+19
2.1324899e+19
2.1210609e+19
2.1070281e+19
2.0957422e+19
2.1324897e+19
2.1210608e+19
2.107028e+19
2.0957421e+19
2.1324893e+19
2.1210605e+19
2.1070279e+19
2.0957421e+19
2.132498e+19
2.1210662e+19
2.1070303e+19
2.095742e+19
2.1324921e+19
2.1210624e+19
2.1070288e+19
2.0957424e+19
2.1324907e+19
2.1210615e+19
2.1070284e+19
2.0957423e+19
2.1324901e+19
2.1210611e+19
2.1070282e+19
2.0957423e+19
2.0900221e+19
2.0764893e+19
2.0639774e+19
2.057436e+19
2.0900226e+19
2.0764906e+19
2.063979e+19
2.0574374e+19
2.0900225e+19
2.0764908e+19
2.0639792e+19
2.0574376e+19
2.0900225e+19
2.0764909e+19
2.0639794e+19
2.0574377e+19
2.0900224e+19
2.076491e+19
2.0639794e+19
2.0574378e+19
2.0900224e+19
2.076491e+19
2.0639795e+19
2.0574378e+19
2.0900224e+19
2.076491e+19
2.0639795e+19
2.0574379e+19
2.0900224e+19
2.076491e+19
2.0639795e+19
2.0574379e+19
2.132489e+19
2.1210603e+19
2.107028e+19
2.0957418e+19
2.132489e+19
2.1210603e+19
2.107028e+19
2.0957418e+19
2.1324889e+19
2.1210603e+19
2.1070279e+19
2.0957418e+19
2.1324889e+19
2.1210603e+19
2.1070279e+19
2.0957418e+19
2.1324893e+19
2.1210605e+19
2.1070281e+19
2.0957419e+19
2.1324892e+19
2.1210605e+19
2.107028e+19
2.0957419e+19
2.1324891e+19
2.1210604e+19
2.107028e+19
2.0957418e+19
2.132489e+19
2.1210603e+19
2.107028e+19
2.0957418e+19
2.1626485e+19
2.1546586e+19
2.1446224e+19
2.1372695e+19
2.1626484e+19
2.1546585e+19
2.1446223e+19
2.1372694e+19
2.1626483e+19
2.1546585e+19
2.1446222e+19
2.1372694e+19
2.1626483e+19
2.1546584e+19
2.1446222e+19
2.1372694e+19
2.1626489e+19
2.1546589e+19
2.1446226e+19
2.1372697e+19
2.1626488e+19
2.1546588e+19
2.1446225e+19
2.1372697e+19
2.1626486e+19
2.1546587e+19
2.1446224e+19
2.1372696e+19
2.1626485e+19
2.1546586e+19
2.1446224e+19
2.1372695e+19
2.219984e+19
2.1909808e+19
2.1794076e+19
2.1671902e+19
2.2199838e+19
2.1909806e+19
2.1794075e+19
2.1671901e+19
2.2199836e+19
2.1909804e+19
2.1794073e+19
2.16719e+19
2.2199835e+19
2.1909803e+19
2.1794072e+19
2.1671899e+19
2.2199834e+19
2.1909802e+19
2.1794072e+19
2.1671898e+19
2.2199833e+19
2.1909801e+19
2.1794071e+19
2.1671898e+19
2.2199832e+19
2.19098e+19
2.179407e+19
2.1671897e+19
2.2199831e+19
2.19098e+19
2.179407e+19
2.1671896e+19
2.2199831e+19
2.19098e+19
2.1794069e+19
2.1671897e+19
2.2199831e+19
2.1909799e+19
2.1794068e+19
2.1671897e+19
2.219983e+19
2.1909799e+19
2.1794068e+19
2.1671896e+19
2.219983e+19
2.1909799e+19
2.1794068e+19
2.1671896e+19
2.1626484e+19
2.1546583e+19
2.1446222e+19
2.1372693e+19
2.1626483e+19
2.1546583e+19
2.1446222e+19
2.1372693e+19
2.1626483e+19
2.1546583e+19
2.1446222e+19
2.1372693e+19
2.1626483e+19
2.1546583e+19
2.1446222e+19
2.1372693e+19
2.1626482e+19
2.1546583e+19
2.1446221e+19
2.1372693e+19
2.1626482e+19
2.1546583e+19
2.1446221e+19
2.1372693e+19
2.1626481e+19
2.1546583e+19
2.1446221e+19
2.1372693e+19
2.1626481e+19
2.1546583e+19
2.1446221e+19
2.1372693e+19
2.2199829e+19
2.1909798e+19
2.1794068e+19
2.1671895e+19
2.2199829e+19
2.1909798e+19
2.1794068e+19
2.1671895e+19
2.2199829e+19
2.1909798e+19
2.1794068e+19
2.1671895e+19
2.2199828e+19
2.1909797e+19
2.1794068e+19
2.1671894e+19
2.2199832e+19
2.1909798e+19
2.1794068e+19
2.1671896e+19
2.2199833e+19
2.1909798e+19
2.1794068e+19
2.1671896e+19
2.2199833e+19
2.1909798e+19
2.1794068e+19
2.1671896e+19
2.2199834e+19
2.1909799e+19
2.1794069e+19
2.1671897e+19
2.2199834e+19
2.1909799e+19
2.1794069e+19
2.1671897e+19
2.2199834e+19
2.1909799e+19
2.1794069e+19
2.1671897e+19
2.2199835e+19
2.19098e+19
2.179407e+19
2.1671898e+19
2.2199835e+19
2.1909801e+19
2.1794071e+19
2.1671898e+19
2.1626484e+19
2.1546584e+19
2.1446223e+19
2.1372693e+19
2.1626484e+19
2.1546584e+19
2.1446223e+19
2.1372694e+19
2.1626485e+19
2.1546585e+19
2.1446223e+19
2.1372694e+19
2.1626485e+19
2.1546585e+19
2.1446224e+19
2.1372694e+19
2.1626483e+19
2.1546583e+19
2.1446222e+19
2.1372693e+19
2.1626483e+19
2.1546583e+19
2.1446222e+19
2.1372693e+19
2.1626483e+19
2.1546583e+19
2.1446222e+19
2.1372693e+19
2.1626484e+19
2.1546584e+19
2.1446223e+19
2.1372693e+19
2.132489e+19
2.1210603e+19
2.1070278e+19
2.095742e+19
2.132489e+19
2.1210603e+19
2.1070278e+19
2.0957421e+19
2.132489e+19
2.1210604e+19
2.1070278e+19
2.0957421e+19
2.1324891e+19
2.1210604e+19
2.1070278e+19
2.0957421e+19
2.1324891e+19
2.1210604e+19
2.1070279e+19
2.0957421e+19
2.1324891e+19
2.1210604e+19
2.1070279e+19
2.0957421e+19
2.1324892e+19
2.1210605e+19
2.1070279e+19
2.0957421e+19
2.1324892e+19
2.1210605e+19
2.1070279e+19
2.0957421e+19
2.1626486e+19
2.1546587e+19
2.1446225e+19
2.1372696e+19
2.1626486e+19
2.1546588e+19
2.1446225e+19
2.1372696e+19
2.1626487e+19
2.1546588e+19
2.1446225e+19
2.1372696e+19
2.1626487e+19
2.1546588e+19
2.1446225e+19
2.1372696e+19
2.1626484e+19
2.1546586e+19
2.1446223e+19
2.1372695e+19
2.1626485e+19
2.1546586e+19
2.1446224e+19
2.1372695e+19
2.1626485e+19
2.1546587e+19
2.1446224e+19
2.1372695e+19
2.1626486e+19
2.1546587e+19
2.1446224e+19
2.1372695e+19
2.2199835e+19
2.1909801e+19
2.1794071e+19
2.1671898e+19
2.2199836e+19
2.1909801e+19
2.1794072e+19
2.1671898e+19
2.2199837e+19
2.1909802e+19
2.1794073e+19
2.1671899e+19
2.2199837e+19
2.1909803e+19
2.1794073e+19
2.1671899e+19
2.2199837e+19
2.1909803e+19
2.1794073e+19
2.1671899e+19
2.2199838e+19
2.1909803e+19
2.1794074e+19
2.16719e+19
2.2199838e+19
2.1909804e+19
2.1794074e+19
2.16719e+19
2.2199839e+19
2.1909804e+19
2.1794074e+19
2.16719e+19
2.2199839e+19
2.1909805e+19
2.1794074e+19
2.1671901e+19
2.219984e+19
2.1909805e+19
2.1794074e+19
2.1671902e+19
2.219984e+19
2.1909805e+19
2.1794074e+19
2.1671902e+19
2.219984e+19
2.1909805e+19
2.1794074e+19
2.1671902e+19
2.1626488e+19
2.1546588e+19
2.1446226e+19
2.1372696e+19
2.1626488e+19
2.1546588e+19
2.1446226e+19
2.1372696e+19
2.1626488e+19
2.1546588e+19
2.1446226e+19
2.1372696e+19
2.1626488e+19
2.1546588e+19
2.1446226e+19
2.1372696e+19
2.1626488e+19
2.1546589e+19
2.1446226e+19
2.1372697e+19
2.1626488e+19
2.1546589e+19
2.1446226e+19
2.1372697e+19
2.1626487e+19
2.1546589e+19
2.1446226e+19
2.1372697e+19
2.1626487e+19
2.1546588e+19
2.1446225e+19
2.1372697e+19
2.219984e+19
2.1909805e+19
2.1794075e+19
2.1671901e+19
2.219984e+19
2.1909805e+19
2.1794075e+19
2.1671901e+19
2.2199839e+19
2.1909805e+19
2.1794075e+19
2.1671901e+19
2.2199839e+19
2.1909804e+19
2.1794075e+19
2.1671901e+19
2.2199839e+19
2.1909804e+19
2.1794074e+19
2.1671901e+19
2.2199839e+19
2.1909804e+19
2.1794073e+19
2.1671901e+19
2.2199838e+19
2.1909803e+19
2.1794072e+19
2.16719e+19
2.2199837e+19
2.1909802e+19
2.1794072e+19
2.1671899e+19
2.2199836e+19
2.1909801e+19
2.1794071e+19
2.1671899e+19
2.2199835e+19
2.19098e+19
2.179407e+19
2.1671898e+19
2.2199833e+19
2.1909798e+19
2.1794068e+19
2.1671896e+19
2.219983e+19
2.190979e+19
2.1794063e+19
2.1671892e+19
2.1626486e+19
2.1546585e+19
2.1446224e+19
2.1372695e+19
2.1626485e+19
2.1546585e+19
2.1446223e+19
2.1372694e+19
2.1626483e+19
2.1546583e+19
2.1446222e+19
2.1372693e+19
2.1626479e+19
2.1546581e+19
2.1446221e+19
2.1372692e+19
2.1626488e+19
2.1546587e+19
2.1446226e+19
2.1372696e+19
2.1626487e+19
2.1546587e+19
2.1446225e+19
2.1372696e+19
2.1626487e+19
2.1546586e+19
2.1446225e+19
2.1372695e+19
2.1626486e+19
2.1546586e+19
2.1446224e+19
2.1372695e+19
2.1324892e+19
2.1210605e+19
2.1070279e+19
2.0957421e+19
2.1324892e+19
2.1210605e+19
2.1070279e+19
2.0957421e+19
2.1324891e+19
2.1210604e+19
2.1070279e+19
2.0957421e+19
2.1324889e+19
2.1210603e+19
2.1070278e+19
2.095742e+19
2.1324892e+19
2.1210605e+19
2.1070279e+19
2.0957421e+19
2.1324893e+19
2.1210605e+19
2.1070279e+19
2.0957421e+19
2.1324893e+19
2.1210605e+19
2.1070279e+19
2.0957421e+19
2.1324892e+19
2.1210605e+19
2.1070279e+19
2.0957421e+19
2.0900225e+19
2.0764909e+19
2.0639795e+19
2.0574378e+19
2.0900225e+19
2.0764909e+19
2.0639795e+19
2.0574378e+19
2.0900225e+19
2.0764909e+19
2.0639795e+19
2.0574378e+19
2.0900226e+19
2.076491e+19
2.0639795e+19
2.0574378e+19
2.0900225e+19
2.076491e+19
2.0639795e+19
2.0574378e+19
2.0900225e+19
2.076491e+19
2.0639795e+19
2.0574378e+19
2.0900225e+19
2.0764909e+19
2.0639795e+19
2.0574378e+19
2.0900225e+19
2.0764909e+19
2.0639795e+19
2.0574378e+19
2.0552881e+19
2.052351e+19
2.0502317e+19
2.0491357e+19
2.0552881e+19
2.052351e+19
2.0502317e+19
2.0491357e+19
2.055288e+19
2.0523509e+19
2.0502317e+19
2.0491357e+19
2.055288e+19
2.0523509e+19
2.0502317e+19
2.0491357e+19
2.055288e+19
2.0523509e+19
2.0502317e+19
2.0491357e+19
2.055288e+19
2.0523509e+19
2.0502317e+19
2.0491357e+19
2.055288e+19
2.0523509e+19
2.0502317e+19
2.0491357e+19
2.0552881e+19
2.052351e+19
2.0502317e+19
2.0491356e+19
2.0484669e+19
2.0467562e+19
2.0423593e+19
2.0370518e+19
2.0484669e+19
2.0467562e+19
2.0423593e+19
2.0370518e+19
2.0484669e+19
2.0467562e+19
2.0423593e+19
2.0370518e+19
2.0484669e+19
2.0467561e+19
2.0423593e+19
2.0370519e+19
2.0484669e+19
2.0467562e+19
2.0423593e+19
2.0370519e+19
2.0484669e+19
2.0467562e+19
2.0423593e+19
2.0370519e+19
2.0484669e+19
2.0467562e+19
2.0423593e+19
2.0370518e+19
2.0484669e+19
2.0467562e+19
2.0423593e+19
2.0370518e+19
2.048467e+19
2.0467562e+19
2.0423593e+19
2.0370517e+19
2.0484669e+19
2.0467562e+19
2.0423593e+19
2.0370518e+19
2.0484669e+19
2.0467561e+19
2.0423593e+19
2.0370519e+19
2.0484669e+19
2.0467561e+19
2.0423593e+19
2.0370519e+19
2.055288e+19
2.0523509e+19
2.0502317e+19
2.0491357e+19
2.055288e+19
2.052351e+19
2.0502317e+19
2.0491357e+19
2.055288e+19
2.052351e+19
2.0502317e+19
2.0491357e+19
2.055288e+19
2.052351e+19
2.0502317e+19
2.0491357e+19
2.0552866e+19
2.0523504e+19
2.0502322e+19
2.0491368e+19
2.0552877e+19
2.0523508e+19
2.0502317e+19
2.0491359e+19
2.0552879e+19
2.0523509e+19
2.0502317e+19
2.0491358e+19
2.055288e+19
2.0523509e+19
2.0502317e+19
2.0491357e+19
2.0484682e+19
2.0467573e+19
2.0423589e+19
2.0370494e+19
2.0484671e+19
2.0467564e+19
2.0423592e+19
2.0370512e+19
2.048467e+19
2.0467563e+19
2.0423592e+19
2.0370515e+19
2.048467e+19
2.0467562e+19
2.0423593e+19
2.0370517e+19
2.0423997e+19
2.0464008e+19
2.0505628e+19
2.0523586e+19
2.0424001e+19
2.0464008e+19
2.0505626e+19
2.0523585e+19
2.0424003e+19
2.0464008e+19
2.0505626e+19
2.0523584e+19
2.0424003e+19
2.0464008e+19
2.0505626e+19
2.0523584e+19
2.0524735e+19
2.0508129e+19
2.0436242e+19
2.0337966e+19
2.0524734e+19
2.0508129e+19
2.0436243e+19
2.0337965e+19
2.0524734e+19
2.0508129e+19
2.0436243e+19
2.0337964e+19
2.0524734e+19
2.0508129e+19
2.0436243e+19
2.0337964e+19
2.0524734e+19
2.0508129e+19
2.0436243e+19
2.0337964e+19
2.0524734e+19
2.0508129e+19
2.0436243e+19
2.0337964e+19
2.0524734e+19
2.0508129e+19
2.0436243e+19
2.0337964e+19
2.0524734e+19
2.0508129e+19
2.0436243e+19
2.0337964e+19
2.0424003e+19
2.0464008e+19
2.0505626e+19
2.0523584e+19
2.0424002e+19
2.0464008e+19
2.0505626e+19
2.0523584e+19
2.0424002e+19
2.0464008e+19
2.0505626e+19
2.0523584e+19
2.0424003e+19
2.0464008e+19
2.0505626e+19
2.0523584e+19
2.0424073e+19
2.0463984e+19
2.0505613e+19
2.0523573e+19
2.0424074e+19
2.0463984e+19
2.0505613e+19
2.0523573e+19
2.0424074e+19
2.0463984e+19
2.0505613e+19
2.0523573e+19
2.0424074e+19
2.0463984e+19
2.0505613e+19
2.0523573e+19
2.0524733e+19
2.0508142e+19
2.0436249e+19
2.0337948e+19
2.0524733e+19
2.0508142e+19
2.0436249e+19
2.0337947e+19
2.0524733e+19
2.0508142e+19
2.0436249e+19
2.0337947e+19
2.0524733e+19
2.0508142e+19
2.0436249e+19
2.0337948e+19
2.0524733e+19
2.0508142e+19
2.0436249e+19
2.0337947e+19
2.0524733e+19
2.0508142e+19
2.0436249e+19
2.0337947e+19
2.0524733e+19
2.0508142e+19
2.0436249e+19
2.0337947e+19
2.0524733e+19
2.0508142e+19
2.0436248e+19
2.0337947e+19
2.0424073e+19
2.0463984e+19
2.0505613e+19
2.0523573e+19
2.0424073e+19
2.0463984e+19
2.0505613e+19
2.0523573e+19
2.0424074e+19
2.0463984e+19
2.0505613e+19
2.0523573e+19
2.0424074e+19
2.0463984e+19
2.0505613e+19
2.0523573e+19
2.0484624e+19
2.0467536e+19
2.0423574e+19
2.0370635e+19
2.0484624e+19
2.0467536e+19
2.0423574e+19
2.0370635e+19
2.0484624e+19
2.0467536e+19
2.0423574e+19
2.0370635e+19
2.0484624e+19
2.0467536e+19
2.0423574e+19
2.0370635e+19
2.0552886e+19
2.0523504e+19
2.050229e+19
2.049132e+19
2.0552886e+19
2.0523504e+19
2.050229e+19
2.049132e+19
2.0552886e+19
2.0523504e+19
2.050229e+19
2.049132e+19
2.0552886e+19
2.0523504e+19
2.0502291e+19
2.049132e+19
2.0552886e+19
2.0523503e+19
2.0502291e+19
2.0491319e+19
2.0552886e+19
2.0523503e+19
2.0502291e+19
2.0491319e+19
2.0552886e+19
2.0523503e+19
2.0502291e+19
2.0491319e+19
2.0552886e+19
2.0523503e+19
2.0502291e+19
2.0491319e+19
2.0484624e+19
2.0467536e+19
2.0423573e+19
2.0370635e+19
2.0484624e+19
2.0467536e+19
2.0423573e+19
2.0370635e+19
2.0484624e+19
2.0467536e+19
2.0423574e+19
2.0370635e+19
2.0484624e+19
2.0467536e+19
2.0423574e+19
2.0370635e+19
2.0484624e+19
2.0467536e+19
2.0423574e+19
2.0370635e+19
2.0484624e+19
2.0467536e+19
2.0423574e+19
2.0370635e+19
2.0484624e+19
2.0467536e+19
2.0423574e+19
2.0370635e+19
2.0484624e+19
2.0467536e+19
2.0423574e+19
2.0370635e+19
2.0484625e+19
2.0467536e+19
2.0423574e+19
2.0370635e+19
2.0484624e+19
2.0467536e+19
2.0423574e+19
2.0370636e+19
2.0484624e+19
2.0467536e+19
2.0423574e+19
2.0370635e+19
2.0484624e+19
2.0467536e+19
2.0423574e+19
2.0370636e+19
2.0552886e+19
2.0523504e+19
2.0502291e+19
2.049132e+19
2.0552886e+19
2.0523504e+19
2.050229e+19
2.049132e+19
2.0552886e+19
2.0523504e+19
2.050229e+19
2.049132e+19
2.0552886e+19
2.0523504e+19
2.050229e+19
2.049132e+19
2.0552886e+19
2.0523504e+19
2.050229e+19
2.049132e+19
2.0552886e+19
2.0523504e+19
2.050229e+19
2.049132e+19
2.0552886e+19
2.0523504e+19
2.050229e+19
2.049132e+19
2.0552886e+19
2.0523504e+19
2.050229e+19
2.049132e+19
2.0900305e+19
2.0764928e+19
2.0639829e+19
2.0574395e+19
2.0900305e+19
2.0764928e+19
2.0639829e+19
2.0574395e+19
2.0900305e+19
2.0764928e+19
2.0639829e+19
2.0574395e+19
2.0900305e+19
2.0764928e+19
2.0639829e+19
2.0574395e+19
2.0900305e+19
2.0764928e+19
2.0639829e+19
2.0574395e+19
2.0900305e+19
2.0764928e+19
2.0639829e+19
2.0574395e+19
2.0900305e+19
2.0764928e+19
2.0639829e+19
2.0574395e+19
2.0900305e+19
2.0764928e+19
2.0639829e+19
2.0574395e+19
2.1324899e+19
2.1210637e+19
2.1070249e+19
2.0957374e+19
2.1324899e+19
2.1210637e+19
2.1070249e+19
2.0957374e+19
2.1324899e+19
2.1210637e+19
2.1070249e+19
2.0957374e+19
2.1324899e+19
2.1210637e+19
2.1070249e+19
2.0957374e+19
2.1324899e+19
2.1210637e+19
2.1070249e+19
2.0957374e+19
2.1324899e+19
2.1210637e+19
2.1070249e+19
2.0957374e+19
2.1324899e+19
2.1210637e+19
2.1070249e+19
2.0957374e+19
2.1324899e+19
2.1210637e+19
2.1070249e+19
2.0957374e+19
2.1626282e+19
2.1546481e+19
2.1446157e+19
2.1372651e+19
2.1626282e+19
2.1546481e+19
2.1446157e+19
2.1372651e+19
2.1626282e+19
2.1546481e+19
2.1446157e+19
2.1372651e+19
2.1626282e+19
2.1546481e+19
2.1446157e+19
2.1372651e+19
2.1626285e+19
2.1546483e+19
2.1446159e+19
2.1372652e+19
2.1626281e+19
2.1546481e+19
2.1446157e+19
2.1372651e+19
2.1626282e+19
2.1546481e+19
2.1446157e+19
2.1372651e+19
2.1626281e+19
2.1546481e+19
2.1446157e+19
2.1372651e+19
2.2199788e+19
2.1909227e+19
2.1793803e+19
2.1671644e+19
2.2199784e+19
2.1909217e+19
2.1793797e+19
2.1671639e+19
2.2199785e+19
2.1909219e+19
2.1793799e+19
2.167164e+19
2.2199784e+19
2.1909217e+19
2.1793798e+19
2.1671639e+19
2.2199784e+19
2.1909218e+19
2.1793798e+19
2.1671639e+19
2.2199784e+19
2.1909218e+19
2.1793798e+19
2.1671639e+19
2.2199784e+19
2.1909218e+19
2.1793798e+19
2.1671639e+19
2.2199784e+19
2.1909218e+19
2.1793798e+19
2.167164e+19
2.2199785e+19
2.1909218e+19
2.1793797e+19
2.167164e+19
2.2199785e+19
2.1909218e+19
2.1793797e+19
2.167164e+19
2.2199785e+19
2.1909218e+19
2.1793797e+19
2.1671641e+19
2.2199785e+19
2.1909218e+19
2.1793797e+19
2.1671641e+19
2.1626283e+19
2.154648e+19
2.1446158e+19
2.137265e+19
2.1626283e+19
2.154648e+19
2.1446158e+19
2.137265e+19
2.1626283e+19
2.154648e+19
2.1446158e+19
2.137265e+19
2.1626283e+19
2.154648e+19
2.1446158e+19
2.137265e+19
2.1626282e+19
2.1546481e+19
2.1446157e+19
2.1372651e+19
2.1626282e+19
2.1546481e+19
2.1446157e+19
2.1372651e+19
2.1626282e+19
2.1546481e+19
2.1446157e+19
2.1372651e+19
2.1626282e+19
2.1546481e+19
2.1446157e+19
2.1372651e+19
2.2199785e+19
2.1909218e+19
2.1793798e+19
2.167164e+19
2.2199785e+19
2.1909218e+19
2.1793798e+19
2.167164e+19
2.2199785e+19
2.1909218e+19
2.1793798e+19
2.167164e+19
2.2199785e+19
2.1909218e+19
2.1793798e+19
2.167164e+19
2.2199785e+19
2.1909218e+19
2.1793797e+19
2.1671641e+19
2.2199785e+19
2.1909218e+19
2.1793797e+19
2.1671641e+19
2.2199785e+19
2.1909218e+19
2.1793797e+19
2.1671641e+19
2.2199785e+19
2.1909219e+19
2.1793797e+19
2.1671641e+19
2.2199785e+19
2.1909219e+19
2.1793798e+19
2.1671641e+19
2.2199785e+19
2.1909219e+19
2.1793798e+19
2.1671641e+19
2.2199785e+19
2.1909219e+19
2.1793798e+19
2.1671641e+19
2.2199785e+19
2.1909219e+19
2.1793798e+19
2.1671641e+19
2.1626283e+19
2.154648e+19
2.1446158e+19
2.1372651e+19
2.1626283e+19
2.154648e+19
2.1446158e+19
2.1372651e+19
2.1626283e+19
2.154648e+19
2.1446158e+19
2.1372651e+19
2.1626283e+19
2.154648e+19
2.1446158e+19
2.1372651e+19
2.1626283e+19
2.154648e+19
2.1446158e+19
2.137265e+19
2.1626283e+19
2.154648e+19
2.1446158e+19
2.137265e+19
2.1626283e+19
2.154648e+19
2.1446158e+19
2.137265e+19
2.1626283e+19
2.154648e+19
2.1446158e+19
2.137265e+19
2.1324899e+19
2.1210637e+19
2.1070249e+19
2.0957374e+19
2.1324899e+19
2.1210637e+19
2.1070249e+19
2.0957374e+19
2.1324899e+19
2.1210637e+19
2.1070249e+19
2.0957374e+19
2.1324899e+19
2.1210637e+19
2.1070249e+19
2.0957374e+19
2.1324899e+19
2.1210637e+19
2.1070249e+19
2.0957374e+19
2.1324899e+19
2.1210637e+19
2.1070249e+19
2.0957374e+19
2.1324899e+19
2.1210637e+19
2.1070249e+19
2.0957374e+19
2.1324899e+19
2.1210637e+19
2.1070249e+19
2.0957374e+19
2.1626282e+19
2.1546481e+19
2.1446157e+19
2.1372651e+19
2.1626282e+19
2.1546481e+19
2.1446157e+19
2.1372651e+19
2.1626282e+19
2.1546481e+19
2.1446157e+19
2.1372651e+19
2.1626282e+19
2.1546481e+19
2.1446157e+19
2.1372651e+19
2.1626282e+19
2.1546481e+19
2.1446157e+19
2.1372651e+19
2.1626282e+19
2.1546481e+19
2.1446157e+19
2.1372651e+19
2.1626282e+19
2.1546481e+19
2.1446157e+19
2.1372651e+19
2.1626282e+19
2.1546481e+19
2.1446157e+19
2.1372651e+19
2.2199785e+19
2.1909218e+19
2.1793798e+19
2.167164e+19
2.2199785e+19
2.1909218e+19
2.1793798e+19
2.167164e+19
2.2199785e+19
2.1909218e+19
2.1793798e+19
2.167164e+19
2.2199785e+19
2.1909218e+19
2.1793798e+19
2.167164e+19
2.2199785e+19
2.1909218e+19
2.1793798e+19
2.167164e+19
2.2199785e+19
2.1909218e+19
2.1793798e+19
2.167164e+19
2.2199785e+19
2.1909218e+19
2.1793798e+19
2.167164e+19
2.2199785e+19
2.1909218e+19
2.1793798e+19
2.167164e+19
2.2199789e+19
2.1909218e+19
2.1793798e+19
2.1671641e+19
2.2199789e+19
2.1909218e+19
2.1793798e+19
2.1671641e+19
2.2199789e+19
2.1909218e+19
2.1793798e+19
2.1671641e+19
2.2199789e+19
2.1909218e+19
2.1793798e+19
2.1671641e+19
2.1626283e+19
2.154648e+19
2.1446158e+19
2.137265e+19
2.1626283e+19
2.154648e+19
2.1446158e+19
2.137265e+19
2.1626283e+19
2.154648e+19
2.1446158e+19
2.137265e+19
2.1626283e+19
2.154648e+19
2.1446158e+19
2.137265e+19
2.1626282e+19
2.1546481e+19
2.1446157e+19
2.1372651e+19
2.1626282e+19
2.1546481e+19
2.1446157e+19
2.1372651e+19
2.1626282e+19
2.1546481e+19
2.1446157e+19
2.1372651e+19
2.1626282e+19
2.1546481e+19
2.1446157e+19
2.1372651e+19
2.2199789e+19
2.1909218e+19
2.1793799e+19
2.167164e+19
2.2199789e+19
2.1909218e+19
2.1793799e+19
2.167164e+19
2.2199789e+19
2.1909218e+19
2.1793799e+19
2.167164e+19
2.2199789e+19
2.1909218e+19
2.1793799e+19
2.167164e+19
2.2199789e+19
2.1909218e+19
2.1793798e+19
2.1671641e+19
2.2199789e+19
2.1909218e+19
2.1793798e+19
2.1671641e+19
2.2199789e+19
2.1909218e+19
2.1793798e+19
2.1671641e+19
2.2199789e+19
2.1909218e+19
2.1793798e+19
2.1671641e+19
2.2199789e+19
2.1909218e+19
2.1793798e+19
2.1671641e+19
2.2199789e+19
2.1909218e+19
2.1793798e+19
2.1671641e+19
2.2199788e+19
2.1909218e+19
2.1793798e+19
2.167164e+19
2.2199788e+19
2.1909218e+19
2.1793798e+19
2.167164e+19
2.1626283e+19
2.154648e+19
2.1446158e+19
2.137265e+19
2.1626283e+19
2.154648e+19
2.1446158e+19
2.137265e+19
2.1626283e+19
2.154648e+19
2.1446158e+19
2.137265e+19
2.1626283e+19
2.154648e+19
2.1446158e+19
2.137265e+19
2.1626283e+19
2.154648e+19
2.1446158e+19
2.137265e+19
2.1626283e+19
2.154648e+19
2.1446158e+19
2.137265e+19
2.1626283e+19
2.154648e+19
2.1446158e+19
2.137265e+19
2.1626283e+19
2.154648e+19
2.1446158e+19
2.137265e+19
2.1324899e+19
2.1210637e+19
2.1070249e+19
2.0957374e+19
2.1324899e+19
2.1210637e+19
2.1070249e+19
2.0957374e+19
2.1324899e+19
2.1210637e+19
2.1070249e+19
2.0957374e+19
2.1324899e+19
2.1210637e+19
2.1070249e+19
2.0957374e+19
2.1324899e+19
2.1210638e+19
2.1070249e+19
2.0957374e+19
2.1324899e+19
2.1210638e+19
2.1070249e+19
2.0957374e+19
2.1324899e+19
2.1210638e+19
2.1070249e+19
2.0957374e+19
2.1324899e+19
2.1210638e+19
2.1070249e+19
2.0957374e+19
2.0900305e+19
2.0764928e+19
2.0639829e+19
2.0574395e+19
2.0900305e+19
2.0764928e+19
2.0639829e+19
2.0574395e+19
2.0900305e+19
2.0764928e+19
2.0639829e+19
2.0574395e+19
2.0900305e+19
2.0764928e+19
2.0639829e+19
2.0574395e+19
2.0900305e+19
2.0764928e+19
2.0639829e+19
2.0574395e+19
2.0900305e+19
2.0764928e+19
2.0639829e+19
2.0574395e+19
2.0900305e+19
2.0764928e+19
2.0639829e+19
2.0574395e+19
2.0900305e+19
2.0764928e+19
2.0639829e+19
2.0574395e+19
2.1324899e+19
2.1210637e+19
2.1070249e+19
2.0957374e+19
2.1324899e+19
2.1210637e+19
2.1070249e+19
2.0957374e+19
2.1324899e+19
2.1210637e+19
2.1070249e+19
2.0957374e+19
2.1324899e+19
2.1210637e+19
2.1070249e+19
2.0957374e+19
2.1324899e+19
2.1210637e+19
2.1070249e+19
2.0957374e+19
2.1324899e+19
2.1210637e+19
2.1070249e+19
2.0957374e+19
2.1324899e+19
2.1210637e+19
2.1070249e+19
2.0957374e+19
2.1324899e+19
2.1210637e+19
2.1070249e+19
2.0957374e+19
2.1626282e+19
2.1546481e+19
2.1446157e+19
2.1372651e+19
2.1626282e+19
2.1546481e+19
2.1446157e+19
2.1372651e+19
2.1626282e+19
2.1546481e+19
2.1446157e+19
2.1372651e+19
2.1626281e+19
2.1546481e+19
2.1446157e+19
2.1372651e+19
2.1626282e+19
2.1546481e+19
2.1446157e+19
2.1372651e+19
2.1626282e+19
2.1546481e+19
2.1446157e+19
2.1372651e+19
2.1626282e+19
2.1546481e+19
2.1446157e+19
2.1372651e+19
2.1626282e+19
2.1546481e+19
2.1446157e+19
2.1372651e+19
2.2199785e+19
2.1909218e+19
2.1793798e+19
2.167164e+19
2.2199785e+19
2.1909218e+19
2.1793798e+19
2.167164e+19
2.2199785e+19
2.1909218e+19
2.1793798e+19
2.167164e+19
2.2199785e+19
2.1909218e+19
2.1793798e+19
2.167164e+19
2.2199785e+19
2.1909218e+19
2.1793798e+19
2.167164e+19
2.2199784e+19
2.1909218e+19
2.1793798e+19
2.167164e+19
2.2199784e+19
2.1909218e+19
2.1793798e+19
2.1671639e+19
2.2199784e+19
2.1909218e+19
2.1793798e+19
2.1671639e+19
2.2199784e+19
2.1909218e+19
2.1793797e+19
2.167164e+19
2.2199784e+19
2.1909218e+19
2.1793797e+19
2.167164e+19
2.2199784e+19
2.1909218e+19
2.1793797e+19
2.167164e+19
2.2199784e+19
2.1909218e+19
2.1793797e+19
2.167164e+19
2.1626282e+19
2.154648e+19
2.1446158e+19
2.137265e+19
2.1626282e+19
2.154648e+19
2.1446158e+19
2.137265e+19
2.1626282e+19
2.154648e+19
2.1446157e+19
2.137265e+19
2.1626282e+19
2.154648e+19
2.1446157e+19
2.137265e+19
2.1626281e+19
2.154648e+19
2.1446157e+19
2.1372651e+19
2.1626281e+19
2.154648e+19
2.1446157e+19
2.1372651e+19
2.1626281e+19
2.154648e+19
2.1446157e+19
2.137265e+19
2.1626281e+19
2.154648e+19
2.1446157e+19
2.137265e+19
2.2199783e+19
2.1909217e+19
2.1793797e+19
2.1671639e+19
2.2199783e+19
2.1909217e+19
2.1793797e+19
2.1671639e+19
2.2199783e+19
2.1909217e+19
2.1793797e+19
2.1671639e+19
2.2199785e+19
2.1909218e+19
2.1793797e+19
2.1671639e+19
2.2200063e+19
2.1909276e+19
2.1793832e+19
2.1671634e+19
2.2200067e+19
2.1909278e+19
2.1793833e+19
2.1671634e+19
2.2200066e+19
2.1909278e+19
2.1793833e+19
2.1671634e+19
2.2200067e+19
2.1909278e+19
2.1793833e+19
2.1671634e+19
2.2200066e+19
2.1909278e+19
2.1793833e+19
2.1671634e+19
2.2200066e+19
2.1909278e+19
2.1793833e+19
2.1671634e+19
2.2200066e+19
2.1909278e+19
2.1793833e+19
2.1671634e+19
2.2200066e+19
2.1909278e+19
2.1793833e+19
2.1671634e+19
2.1626269e+19
2.1546466e+19
2.1446142e+19
2.1372633e+19
2.162627e+19
2.1546466e+19
2.1446142e+19
2.1372633e+19
2.162627e+19
2.1546466e+19
2.1446142e+19
2.1372633e+19
2.162627e+19
2.1546466e+19
2.1446142e+19
2.1372633e+19
2.1626269e+19
2.1546466e+19
2.1446142e+19
2.1372634e+19
2.1626269e+19
2.1546466e+19
2.1446142e+19
2.1372633e+19
2.1626269e+19
2.1546466e+19
2.1446142e+19
2.1372633e+19
2.1626269e+19
2.1546466e+19
2.1446142e+19
2.1372633e+19
2.1324892e+19
2.1210649e+19
2.1070264e+19
2.0957357e+19
2.1324892e+19
2.121065e+19
2.1070264e+19
2.0957357e+19
2.1324892e+19
2.121065e+19
2.1070264e+19
2.0957357e+19
2.1324892e+19
2.121065e+19
2.1070264e+19
2.0957357e+19
2.1324892e+19
2.121065e+19
2.1070264e+19
2.0957357e+19
2.1324892e+19
2.121065e+19
2.1070264e+19
2.0957357e+19
2.1324892e+19
2.121065e+19
2.1070264e+19
2.0957357e+19
2.1324892e+19
2.121065e+19
2.1070264e+19
2.0957357e+19
2.1626269e+19
2.1546467e+19
2.1446142e+19
2.1372634e+19
2.1626269e+19
2.1546467e+19
2.1446142e+19
2.1372634e+19
2.1626269e+19
2.1546467e+19
2.1446142e+19
2.1372634e+19
2.1626269e+19
2.1546467e+19
2.1446142e+19
2.1372634e+19
2.1626269e+19
2.1546467e+19
2.1446142e+19
2.1372634e+19
2.1626269e+19
2.1546467e+19
2.1446142e+19
2.1372634e+19
2.1626269e+19
2.1546467e+19
2.1446142e+19
2.1372634e+19
2.1626269e+19
2.1546467e+19
2.1446142e+19
2.1372634e+19
2.2200066e+19
2.1909278e+19
2.1793834e+19
2.1671633e+19
2.2200066e+19
2.1909278e+19
2.1793834e+19
2.1671633e+19
2.2200066e+19
2.1909278e+19
2.1793834e+19
2.1671633e+19
2.2200066e+19
2.1909278e+19
2.1793834e+19
2.1671633e+19
2.2200066e+19
2.1909278e+19
2.1793834e+19
2.1671633e+19
2.2200066e+19
2.1909278e+19
2.1793834e+19
2.1671633e+19
2.2200066e+19
2.1909278e+19
2.1793834e+19
2.1671633e+19
2.2200066e+19
2.1909278e+19
2.1793834e+19
2.1671633e+19
2.2200066e+19
2.1909278e+19
2.1793833e+19
2.1671634e+19
2.2200066e+19
2.1909278e+19
2.1793833e+19
2.1671634e+19
2.2200066e+19
2.1909278e+19
2.1793833e+19
2.1671634e+19
2.2200066e+19
2.1909278e+19
2.1793833e+19
2.1671634e+19
2.162627e+19
2.1546466e+19
2.1446142e+19
2.1372633e+19
2.162627e+19
2.1546466e+19
2.1446142e+19
2.1372633e+19
2.162627e+19
2.1546466e+19
2.1446142e+19
2.1372633e+19
2.162627e+19
2.1546466e+19
2.1446142e+19
2.1372633e+19
2.1626269e+19
2.1546467e+19
2.1446142e+19
2.1372634e+19
2.1626269e+19
2.1546467e+19
2.1446142e+19
2.1372634e+19
2.1626269e+19
2.1546467e+19
2.1446142e+19
2.1372634e+19
2.1626269e+19
2.1546467e+19
2.1446142e+19
2.1372634e+19
2.2200066e+19
2.1909278e+19
2.1793834e+19
2.1671633e+19
2.2200066e+19
2.1909278e+19
2.1793834e+19
2.1671633e+19
2.2200066e+19
2.1909278e+19
2.1793834e+19
2.1671633e+19
2.2200066e+19
2.1909278e+19
2.1793834e+19
2.1671633e+19
2.2200066e+19
2.1909278e+19
2.1793833e+19
2.1671634e+19
2.2200066e+19
2.1909278e+19
2.1793833e+19
2.1671634e+19
2.2200066e+19
2.1909278e+19
2.1793833e+19
2.1671634e+19
2.2200066e+19
2.1909278e+19
2.1793833e+19
2.1671634e+19
2.2200066e+19
2.1909278e+19
2.1793833e+19
2.1671634e+19
2.2200066e+19
2.1909278e+19
2.1793833e+19
2.1671634e+19
2.2200066e+19
2.1909278e+19
2.1793833e+19
2.1671634e+19
2.2200066e+19
2.1909278e+19
2.1793833e+19
2.1671634e+19
2.162627e+19
2.1546466e+19
2.1446142e+19
2.1372633e+19
2.162627e+19
2.1546466e+19
2.1446142e+19
2.1372633e+19
2.162627e+19
2.1546466e+19
2.1446142e+19
2.1372633e+19
2.162627e+19
2.1546466e+19
2.1446142e+19
2.1372633e+19
2.162627e+19
2.1546466e+19
2.1446142e+19
2.1372633e+19
2.162627e+19
2.1546466e+19
2.1446142e+19
2.1372633e+19
2.162627e+19
2.1546466e+19
2.1446142e+19
2.1372633e+19
2.162627e+19
2.1546466e+19
2.1446142e+19
2.1372633e+19
2.1324892e+19
2.121065e+19
2.1070264e+19
2.0957357e+19
2.1324892e+19
2.1210649e+19
2.1070264e+19
2.0957357e+19
2.1324892e+19
2.1210649e+19
2.1070264e+19
2.0957357e+19
2.1324892e+19
2.1210649e+19
2.1070264e+19
2.0957357e+19
2.1324892e+19
2.121065e+19
2.1070264e+19
2.0957357e+19
2.1324892e+19
2.121065e+19
2.1070264e+19
2.0957357e+19
2.1324892e+19
2.121065e+19
2.1070264e+19
2.0957357e+19
2.1324892e+19
2.121065e+19
2.1070264e+19
2.0957357e+19
2.0900302e+19
2.0764927e+19
2.0639802e+19
2.0574373e+19
2.0900302e+19
2.0764927e+19
2.0639802e+19
2.0574373e+19
2.0900302e+19
2.0764927e+19
2.0639802e+19
2.0574373e+19
2.0900302e+19
2.0764927e+19
2.0639802e+19
2.0574373e+19
2.0900302e+19
2.0764927e+19
2.0639802e+19
2.0574373e+19
2.0900302e+19
2.0764927e+19
2.0639802e+19
2.0574373e+19
2.0900302e+19
2.0764927e+19
2.0639802e+19
2.0574373e+19
2.0900302e+19
2.0764927e+19
2.0639802e+19
2.0574373e+19
2.0552905e+19
2.05235e+19
2.0502305e+19
2.0491338e+19
2.0552905e+19
2.05235e+19
2.0502305e+19
2.0491338e+19
2.0552905e+19
2.05235e+19
2.0502305e+19
2.0491338e+19
2.0552905e+19
2.05235e+19
2.0502305e+19
2.0491338e+19
2.048465e+19
2.0467558e+19
2.0423604e+19
2.0370608e+19
2.048465e+19
2.0467559e+19
2.0423604e+19
2.0370607e+19
2.048465e+19
2.0467558e+19
2.0423604e+19
2.0370608e+19
2.048465e+19
2.0467558e+19
2.0423604e+19
2.0370608e+19
2.048465e+19
2.0467558e+19
2.0423605e+19
2.0370607e+19
2.048465e+19
2.0467558e+19
2.0423605e+19
2.0370607e+19
2.048465e+19
2.0467558e+19
2.0423605e+19
2.0370607e+19
2.048465e+19
2.0467558e+19
2.0423605e+19
2.0370607e+19
2.0552905e+19
2.05235e+19
2.0502305e+19
2.0491338e+19
2.0552905e+19
2.05235e+19
2.0502305e+19
2.0491338e+19
2.0552905e+19
2.05235e+19
2.0502305e+19
2.0491338e+19
2.0552905e+19
2.05235e+19
2.0502305e+19
2.0491338e+19
2.0552905e+19
2.0523499e+19
2.0502305e+19
2.0491338e+19
2.0552905e+19
2.0523499e+19
2.0502305e+19
2.0491338e+19
2.0552905e+19
2.0523499e+19
2.0502305e+19
2.0491338e+19
2.0552905e+19
2.0523499e+19
2.0502305e+19
2.0491338e+19
2.048465e+19
2.0467558e+19
2.0423605e+19
2.0370606e+19
2.048465e+19
2.0467558e+19
2.0423605e+19
2.0370606e+19
2.048465e+19
2.0467558e+19
2.0423605e+19
2.0370606e+19
2.048465e+19
2.0467558e+19
2.0423605e+19
2.0370606e+19
2.048465e+19
2.0467558e+19
2.0423605e+19
2.0370606e+19
2.048465e+19
2.0467558e+19
2.0423605e+19
2.0370606e+19
2.048465e+19
2.0467558e+19
2.0423605e+19
2.0370606e+19
2.048465e+19
2.0467558e+19
2.0423605e+19
2.0370606e+19
2.0552905e+19
2.05235e+19
2.0502305e+19
2.0491338e+19
2.0552905e+19
2.05235e+19
2.0502305e+19
2.0491338e+19
2.0552905e+19
2.0523499e+19
2.0502305e+19
2.0491338e+19
2.0552906e+19
2.05235e+19
2.0502305e+19
2.0491338e+19
2.0900301e+19
2.0764927e+19
2.0639802e+19
2.0574374e+19
2.0900301e+19
2.0764927e+19
2.0639802e+19
2.0574374e+19
2.0900301e+19
2.0764927e+19
2.0639802e+19
2.0574374e+19
2.0900302e+19
2.0764927e+19
2.0639802e+19
2.0574374e+19
2.0900301e+19
2.0764927e+19
2.0639802e+19
2.0574374e+19
2.0900301e+19
2.0764927e+19
2.0639802e+19
2.0574374e+19
2.0900301e+19
2.0764927e+19
2.0639802e+19
2.0574374e+19
2.0900301e+19
2.0764927e+19
2.0639802e+19
2.0574374e+19
2.1324892e+19
2.1210649e+19
2.1070264e+19
2.0957357e+19
2.1324892e+19
2.1210649e+19
2.1070264e+19
2.0957357e+19
2.1324892e+19
2.1210649e+19
2.1070264e+19
2.0957357e+19
2.1324892e+19
2.1210649e+19
2.1070264e+19
2.0957357e+19
2.1324892e+19
2.1210649e+19
2.1070264e+19
2.0957357e+19
2.1324892e+19
2.1210649e+19
2.1070264e+19
2.0957357e+19
2.1324892e+19
2.1210649e+19
2.1070264e+19
2.0957357e+19
2.1324892e+19
2.1210649e+19
2.1070264e+19
2.0957357e+19
2.1626269e+19
2.1546467e+19
2.1446142e+19
2.1372634e+19
2.1626269e+19
2.1546467e+19
2.1446142e+19
2.1372634e+19
2.1626269e+19
2.1546467e+19
2.1446142e+19
2.1372634e+19
2.1626269e+19
2.1546467e+19
2.1446142e+19
2.1372634e+19
2.1626269e+19
2.1546467e+19
2.1446142e+19
2.1372634e+19
2.1626269e+19
2.1546467e+19
2.1446142e+19
2.1372634e+19
2.1626269e+19
2.1546467e+19
2.1446142e+19
2.1372634e+19
2.1626269e+19
2.1546467e+19
2.1446142e+19
2.1372634e+19
2.2200063e+19
2.1909278e+19
2.1793833e+19
2.1671633e+19
2.2200063e+19
2.1909278e+19
2.1793833e+19
2.1671633e+19
2.2200063e+19
2.1909278e+19
2.1793833e+19
2.1671633e+19
2.2200063e+19
2.1909278e+19
2.1793833e+19
2.1671633e+19
2.2200063e+19
2.1909278e+19
2.1793833e+19
2.1671633e+19
2.2200063e+19
2.1909278e+19
2.1793833e+19
2.1671633e+19
2.2200063e+19
2.1909278e+19
2.1793833e+19
2.1671633e+19
2.2200063e+19
2.1909278e+19
2.1793833e+19
2.1671633e+19
2.2200063e+19
2.1909278e+19
2.1793833e+19
2.1671634e+19
2.2200063e+19
2.1909278e+19
2.1793833e+19
2.1671634e+19
2.2200063e+19
2.1909278e+19
2.1793833e+19
2.1671634e+19
2.2200063e+19
2.1909278e+19
2.1793833e+19
2.1671634e+19
2.162627e+19
2.1546466e+19
2.1446142e+19
2.1372633e+19
2.162627e+19
2.1546466e+19
2.1446142e+19
2.1372633e+19
2.162627e+19
2.1546466e+19
2.1446142e+19
2.1372633e+19
2.162627e+19
2.1546466e+19
2.1446142e+19
2.1372633e+19
2.1626269e+19
2.1546467e+19
2.1446142e+19
2.1372634e+19
2.1626269e+19
2.1546467e+19
2.1446142e+19
2.1372634e+19
2.1626269e+19
2.1546467e+19
2.1446142e+19
2.1372634e+19
2.1626269e+19
2.1546467e+19
2.1446142e+19
2.1372634e+19
2.2200063e+19
2.1909278e+19
2.1793833e+19
2.1671633e+19
2.2200063e+19
2.1909278e+19
2.1793833e+19
2.1671633e+19
2.2200063e+19
2.1909278e+19
2.1793833e+19
2.1671633e+19
2.2200063e+19
2.1909278e+19
2.1793833e+19
2.1671633e+19
2.2200063e+19
2.1909278e+19
2.1793833e+19
2.1671634e+19
2.2200063e+19
2.1909278e+19
2.1793833e+19
2.1671634e+19
2.2200063e+19
2.1909278e+19
2.1793833e+19
2.1671634e+19
2.2200063e+19
2.1909278e+19
2.1793833e+19
2.1671634e+19
2.2200063e+19
2.1909278e+19
2.1793833e+19
2.1671634e+19
2.2200063e+19
2.1909278e+19
2.1793833e+19
2.1671634e+19
2.2200063e+19
2.1909278e+19
2.1793833e+19
2.1671634e+19
2.2200063e+19
2.1909278e+19
2.1793833e+19
2.1671634e+19
2.162627e+19
2.1546466e+19
2.1446142e+19
2.1372634e+19
2.162627e+19
2.1546466e+19
2.1446142e+19
2.1372634e+19
2.162627e+19
2.1546466e+19
2.1446142e+19
2.1372634e+19
2.162627e+19
2.1546466e+19
2.1446142e+19
2.1372634e+19
2.162627e+19
2.1546466e+19
2.1446142e+19
2.1372634e+19
2.162627e+19
2.1546466e+19
2.1446142e+19
2.1372634e+19
2.162627e+19
2.1546466e+19
2.1446142e+19
2.1372634e+19
2.162627e+19
2.1546466e+19
2.1446142e+19
2.1372634e+19
2.1324892e+19
2.1210649e+19
2.1070264e+19
2.0957357e+19
2.1324892e+19
2.1210649e+19
2.1070264e+19
2.0957357e+19
2.1324892e+19
2.1210649e+19
2.1070264e+19
2.0957357e+19
2.1324893e+19
2.121065e+19
2.1070264e+19
2.0957357e+19
2.1324892e+19
2.121065e+19
2.1070264e+19
2.0957357e+19
2.1324892e+19
2.121065e+19
2.1070264e+19
2.0957357e+19
2.1324892e+19
2.121065e+19
2.1070264e+19
2.0957357e+19
2.1324892e+19
2.121065e+19
2.1070265e+19
2.0957357e+19
2.1626269e+19
2.1546467e+19
2.1446142e+19
2.1372634e+19
2.1626269e+19
2.1546467e+19
2.1446142e+19
2.1372634e+19
2.1626269e+19
2.1546467e+19
2.1446142e+19
2.1372634e+19
2.1626266e+19
2.1546464e+19
2.1446139e+19
2.1372632e+19
2.1626269e+19
2.1546467e+19
2.1446142e+19
2.1372634e+19
2.1626269e+19
2.1546467e+19
2.1446142e+19
2.1372634e+19
2.1626269e+19
2.1546467e+19
2.1446142e+19
2.1372634e+19
2.1626269e+19
2.1546467e+19
2.1446142e+19
2.1372634e+19
2.2200063e+19
2.1909278e+19
2.1793833e+19
2.1671633e+19
2.2200063e+19
2.1909278e+19
2.1793833e+19
2.1671633e+19
2.2200063e+19
2.1909278e+19
2.1793833e+19
2.1671633e+19
2.2200062e+19
2.1909278e+19
2.1793833e+19
2.1671633e+19
2.2200062e+19
2.1909278e+19
2.1793833e+19
2.1671633e+19
2.2200063e+19
2.1909278e+19
2.1793833e+19
2.1671633e+19
2.2200062e+19
2.1909278e+19
2.1793833e+19
2.1671633e+19
2.2200071e+19
2.1909278e+19
2.1793832e+19
2.167163e+19
2.220086e+19
2.1909216e+19
2.1793759e+19
2.1671419e+19
2.2200873e+19
2.1909216e+19
2.1793757e+19
2.1671414e+19
2.220087e+19
2.1909216e+19
2.1793758e+19
2.1671415e+19
2.2200872e+19
2.1909216e+19
2.1793757e+19
2.1671415e+19
2.162605e+19
2.1546267e+19
2.1445962e+19
2.1372465e+19
2.1626045e+19
2.1546263e+19
2.1445958e+19
2.1372461e+19
2.1626046e+19
2.1546264e+19
2.1445959e+19
2.1372462e+19
2.1626046e+19
2.1546263e+19
2.1445959e+19
2.1372461e+19
2.1626045e+19
2.1546264e+19
2.1445958e+19
2.1372462e+19
2.1626045e+19
2.1546264e+19
2.1445958e+19
2.1372462e+19
2.1626045e+19
2.1546264e+19
2.1445958e+19
2.1372462e+19
2.1626045e+19
2.1546264e+19
2.1445958e+19
2.1372462e+19
2.2200871e+19
2.1909216e+19
2.1793758e+19
2.1671414e+19
2.2200871e+19
2.1909216e+19
2.1793758e+19
2.1671414e+19
2.2200871e+19
2.1909216e+19
2.1793758e+19
2.1671414e+19
2.2200871e+19
2.1909216e+19
2.1793758e+19
2.1671414e+19
2.220087e+19
2.1909216e+19
2.1793757e+19
2.1671415e+19
2.220087e+19
2.1909216e+19
2.1793757e+19
2.1671415e+19
2.220087e+19
2.1909216e+19
2.1793757e+19
2.1671415e+19
2.220087e+19
2.1909216e+19
2.1793758e+19
2.1671415e+19
2.2200809e+19
2.1909126e+19
2.179382e+19
2.1671337e+19
2.2200808e+19
2.1909125e+19
2.179382e+19
2.1671336e+19
2.2200808e+19
2.1909125e+19
2.179382e+19
2.1671336e+19
2.2200808e+19
2.1909125e+19
2.179382e+19
2.1671336e+19
2.1626096e+19
2.154625e+19
2.1445966e+19
2.1372459e+19
2.1626096e+19
2.154625e+19
2.1445966e+19
2.1372459e+19
2.1626096e+19
2.154625e+19
2.1445966e+19
2.1372459e+19
2.1626096e+19
2.1546249e+19
2.1445965e+19
2.1372459e+19
2.1626046e+19
2.1546263e+19
2.1445959e+19
2.1372462e+19
2.1626046e+19
2.1546263e+19
2.1445959e+19
2.1372462e+19
2.1626046e+19
2.1546263e+19
2.1445959e+19
2.1372462e+19
2.1626046e+19
2.1546263e+19
2.1445959e+19
2.1372462e+19
2.1324771e+19
2.1210629e+19
2.1070296e+19
2.0957307e+19
2.1324771e+19
2.1210629e+19
2.1070296e+19
2.0957307e+19
2.1324771e+19
2.1210629e+19
2.1070296e+19
2.0957307e+19
2.1324771e+19
2.1210629e+19
2.1070296e+19
2.0957307e+19
2.1324772e+19
2.1210628e+19
2.1070296e+19
2.0957307e+19
2.1324771e+19
2.1210628e+19
2.1070296e+19
2.0957307e+19
2.1324771e+19
2.1210629e+19
2.1070296e+19
2.0957307e+19
2.1324771e+19
2.1210629e+19
2.1070296e+19
2.0957307e+19
2.0900327e+19
2.0764993e+19
2.0639874e+19
2.0574411e+19
2.0900327e+19
2.0764994e+19
2.0639874e+19
2.0574411e+19
2.0900327e+19
2.0764994e+19
2.0639874e+19
2.0574411e+19
2.0900327e+19
2.0764994e+19
2.0639874e+19
2.0574411e+19
2.0900327e+19
2.0764994e+19
2.0639874e+19
2.0574411e+19
2.0900327e+19
2.0764994e+19
2.0639874e+19
2.0574411e+19
2.0900327e+19
2.0764994e+19
2.0639874e+19
2.0574411e+19
2.0900327e+19
2.0764994e+19
2.0639874e+19
2.0574411e+19
2.1324771e+19
2.1210629e+19
2.1070297e+19
2.0957307e+19
2.1324771e+19
2.1210629e+19
2.1070297e+19
2.0957307e+19
2.1324771e+19
2.1210629e+19
2.1070297e+19
2.0957307e+19
2.1324771e+19
2.1210629e+19
2.1070297e+19
2.0957307e+19
2.1324771e+19
2.1210629e+19
2.1070296e+19
2.0957307e+19
2.1324771e+19
2.1210629e+19
2.1070296e+19
2.0957307e+19
2.1324771e+19
2.1210629e+19
2.1070297e+19
2.0957307e+19
2.1324771e+19
2.1210629e+19
2.1070297e+19
2.0957307e+19
2.1626096e+19
2.154625e+19
2.1445965e+19
2.1372459e+19
2.1626096e+19
2.154625e+19
2.1445965e+19
2.1372459e+19
2.1626096e+19
2.154625e+19
2.1445965e+19
2.1372459e+19
2.1626096e+19
2.154625e+19
2.1445965e+19
2.1372459e+19
2.1626096e+19
2.154625e+19
2.1445965e+19
2.1372459e+19
2.1626096e+19
2.154625e+19
2.1445965e+19
2.1372459e+19
2.1626096e+19
2.154625e+19
2.1445965e+19
2.1372459e+19
2.1626096e+19
2.154625e+19
2.1445965e+19
2.1372459e+19
2.2200805e+19
2.1909126e+19
2.179382e+19
2.1671336e+19
2.2200805e+19
2.1909126e+19
2.179382e+19
2.1671336e+19
2.2200805e+19
2.1909126e+19
2.179382e+19
2.1671336e+19
2.2200805e+19
2.1909126e+19
2.179382e+19
2.1671336e+19
2.2200805e+19
2.1909126e+19
2.179382e+19
2.1671336e+19
2.2200805e+19
2.1909126e+19
2.179382e+19
2.1671336e+19
2.2200805e+19
2.1909126e+19
2.179382e+19
2.1671336e+19
2.2200805e+19
2.1909126e+19
2.179382e+19
2.1671336e+19
2.2200805e+19
2.1909125e+19
2.179382e+19
2.1671337e+19
2.2200805e+19
2.1909125e+19
2.179382e+19
2.1671337e+19
2.2200805e+19
2.1909125e+19
2.179382e+19
2.1671337e+19
2.2200805e+19
2.1909125e+19
2.179382e+19
2.1671337e+19
2.1626097e+19
2.154625e+19
2.1445966e+19
2.1372459e+19
2.1626097e+19
2.154625e+19
2.1445966e+19
2.1372459e+19
2.1626097e+19
2.154625e+19
2.1445966e+19
2.1372459e+19
2.1626097e+19
2.154625e+19
2.1445966e+19
2.1372459e+19
2.1626096e+19
2.154625e+19
2.1445965e+19
2.1372459e+19
2.1626096e+19
2.154625e+19
2.1445965e+19
2.1372459e+19
2.1626096e+19
2.154625e+19
2.1445965e+19
2.1372459e+19
2.1626096e+19
2.154625e+19
2.1445965e+19
2.1372459e+19
2.2200805e+19
2.1909126e+19
2.179382e+19
2.1671336e+19
2.2200805e+19
2.1909126e+19
2.179382e+19
2.1671336e+19
2.2200805e+19
2.1909126e+19
2.179382e+19
2.1671336e+19
2.2200805e+19
2.1909126e+19
2.179382e+19
2.1671336e+19
2.2200808e+19
2.1909125e+19
2.179382e+19
2.1671336e+19
2.2200808e+19
2.1909125e+19
2.179382e+19
2.1671336e+19
2.2200808e+19
2.1909125e+19
2.179382e+19
2.1671336e+19
2.2200808e+19
2.1909125e+19
2.179382e+19
2.1671336e+19
2.2200808e+19
2.1909125e+19
2.179382e+19
2.1671336e+19
2.2200808e+19
2.1909125e+19
2.179382e+19
2.1671336e+19
2.2200808e+19
2.1909125e+19
2.179382e+19
2.1671336e+19
2.2200808e+19
2.1909125e+19
2.179382e+19
2.1671336e+19
2.1626096e+19
2.154625e+19
2.1445966e+19
2.1372459e+19
2.1626096e+19
2.154625e+19
2.1445966e+19
2.1372459e+19
2.1626096e+19
2.154625e+19
2.1445966e+19
2.1372459e+19
2.1626096e+19
2.154625e+19
2.1445966e+19
2.1372459e+19
2.1626096e+19
2.154625e+19
2.1445966e+19
2.1372459e+19
2.1626096e+19
2.154625e+19
2.1445966e+19
2.1372459e+19
2.1626096e+19
2.154625e+19
2.1445966e+19
2.1372459e+19
2.1626096e+19
2.154625e+19
2.1445966e+19
2.1372459e+19
2.1324771e+19
2.1210629e+19
2.1070296e+19
2.0957307e+19
2.1324771e+19
2.1210629e+19
2.1070296e+19
2.0957307e+19
2.1324771e+19
2.1210629e+19
2.1070296e+19
2.0957307e+19
2.1324771e+19
2.1210629e+19
2.1070296e+19
2.0957307e+19
2.1324771e+19
2.1210629e+19
2.1070296e+19
2.0957307e+19
2.1324771e+19
2.1210629e+19
2.1070296e+19
2.0957307e+19
2.1324771e+19
2.1210629e+19
2.1070296e+19
2.0957307e+19
2.1324771e+19
2.1210629e+19
2.1070296e+19
2.0957307e+19
2.1626096e+19
2.154625e+19
2.1445965e+19
2.1372459e+19
2.1626096e+19
2.154625e+19
2.1445965e+19
2.1372459e+19
2.1626096e+19
2.154625e+19
2.1445965e+19
2.1372459e+19
2.1626096e+19
2.154625e+19
2.1445965e+19
2.1372459e+19
2.1626096e+19
2.154625e+19
2.1445965e+19
2.1372459e+19
2.1626096e+19
2.154625e+19
2.1445965e+19
2.1372459e+19
2.1626096e+19
2.154625e+19
2.1445965e+19
2.1372459e+19
2.1626096e+19
2.154625e+19
2.1445965e+19
2.1372459e+19
2.2200808e+19
2.1909125e+19
2.179382e+19
2.1671336e+19
2.2200808e+19
2.1909125e+19
2.179382e+19
2.1671336e+19
2.2200808e+19
2.1909125e+19
2.179382e+19
2.1671336e+19
2.2200808e+19
2.1909125e+19
2.179382e+19
2.1671336e+19
2.2200808e+19
2.1909125e+19
2.179382e+19
2.1671336e+19
2.2200808e+19
2.1909125e+19
2.179382e+19
2.1671336e+19
2.2200808e+19
2.1909125e+19
2.179382e+19
2.1671336e+19
2.2200808e+19
2.1909125e+19
2.179382e+19
2.1671336e+19
2.2200808e+19
2.1909125e+19
2.179382e+19
2.1671336e+19
2.2200808e+19
2.1909125e+19
2.179382e+19
2.1671336e+19
2.2200808e+19
2.1909125e+19
2.179382e+19
2.1671336e+19
2.2200808e+19
2.1909125e+19
2.179382e+19
2.1671336e+19
2.1626096e+19
2.154625e+19
2.1445966e+19
2.1372459e+19
2.1626096e+19
2.154625e+19
2.1445966e+19
2.1372459e+19
2.1626096e+19
2.154625e+19
2.1445966e+19
2.1372459e+19
2.1626096e+19
2.154625e+19
2.1445966e+19
2.1372459e+19
2.1626096e+19
2.154625e+19
2.1445965e+19
2.1372459e+19
2.1626096e+19
2.154625e+19
2.1445965e+19
2.1372459e+19
2.1626096e+19
2.154625e+19
2.1445965e+19
2.1372459e+19
2.1626096e+19
2.154625e+19
2.1445965e+19
2.1372459e+19
2.2200808e+19
2.1909125e+19
2.179382e+19
2.1671336e+19
2.2200808e+19
2.1909125e+19
2.179382e+19
2.1671336e+19
2.2200808e+19
2.1909125e+19
2.179382e+19
2.1671336e+19
2.2200808e+19
2.1909125e+19
2.179382e+19
2.1671336e+19
2.2200808e+19
2.1909125e+19
2.179382e+19
2.1671336e+19
2.2200808e+19
2.1909125e+19
2.179382e+19
2.1671336e+19
2.2200808e+19
2.1909125e+19
2.179382e+19
2.1671336e+19
2.2200808e+19
2.1909125e+19
2.179382e+19
2.1671336e+19
2.2200808e+19
2.1909125e+19
2.179382e+19
2.1671336e+19
2.2200808e+19
2.1909125e+19
2.179382e+19
2.1671336e+19
2.2200808e+19
2.1909125e+19
2.179382e+19
2.1671336e+19
2.2200808e+19
2.1909125e+19
2.179382e+19
2.1671336e+19
2.1626096e+19
2.154625e+19
2.1445966e+19
2.1372459e+19
2.1626096e+19
2.154625e+19
2.1445966e+19
2.1372459e+19
2.1626096e+19
2.154625e+19
2.1445966e+19
2.1372459e+19
2.1626096e+19
2.154625e+19
2.1445966e+19
2.1372459e+19
2.1626096e+19
2.154625e+19
2.1445966e+19
2.1372459e+19
2.1626096e+19
2.154625e+19
2.1445966e+19
2.1372459e+19
2.1626096e+19
2.154625e+19
2.1445966e+19
2.1372459e+19
2.1626096e+19
2.154625e+19
2.1445966e+19
2.1372459e+19
2.1324771e+19
2.1210629e+19
2.1070296e+19
2.0957307e+19
2.1324771e+19
2.1210629e+19
2.1070296e+19
2.0957307e+19
2.1324771e+19
2.1210629e+19
2.1070296e+19
2.0957307e+19
2.1324771e+19
2.1210629e+19
2.1070296e+19
2.0957307e+19
2.1324771e+19
2.1210629e+19
2.1070296e+19
2.0957307e+19
2.1324771e+19
2.1210629e+19
2.1070296e+19
2.0957307e+19
2.1324771e+19
2.1210629e+19
2.1070296e+19
2.0957307e+19
2.1324771e+19
2.1210629e+19
2.1070296e+19
2.0957307e+19
2.0900327e+19
2.0764994e+19
2.0639874e+19
2.0574411e+19
2.0900327e+19
2.0764994e+19
2.0639874e+19
2.0574411e+19
2.0900327e+19
2.0764994e+19
2.0639874e+19
2.0574411e+19
2.0900327e+19
2.0764994e+19
2.0639874e+19
2.0574411e+19
2.0900327e+19
2.0764994e+19
2.0639874e+19
2.0574411e+19
2.0900327e+19
2.0764994e+19
2.0639874e+19
2.0574411e+19
2.0900327e+19
2.0764994e+19
2.0639874e+19
2.0574411e+19
2.0900327e+19
2.0764994e+19
2.0639874e+19
2.0574411e+19
2.0552943e+19
2.0523521e+19
2.0502295e+19
2.0491303e+19
2.0552943e+19
2.0523521e+19
2.0502295e+19
2.0491303e+19
2.0552943e+19
2.0523521e+19
2.0502295e+19
2.0491303e+19
2.0552943e+19
2.0523521e+19
2.0502295e+19
2.0491303e+19
2.0552943e+19
2.0523521e+19
2.0502295e+19
2.0491303e+19
2.0552943e+19
2.0523521e+19
2.0502295e+19
2.0491303e+19
2.0552943e+19
2.0523521e+19
2.0502295e+19
2.0491303e+19
2.0552943e+19
2.0523521e+19
2.0502295e+19
2.0491303e+19
2.0484599e+19
2.0467509e+19
2.0423534e+19
2.0370651e+19
2.0484599e+19
2.0467509e+19
2.0423534e+19
2.0370651e+19
2.0484599e+19
2.0467509e+19
2.0423534e+19
2.0370651e+19
2.0484599e+19
2.0467509e+19
2.0423534e+19
2.0370651e+19
2.0484599e+19
2.0467509e+19
2.0423534e+19
2.0370651e+19
2.0484599e+19
2.0467509e+19
2.0423534e+19
2.0370651e+19
2.0484599e+19
2.0467509e+19
2.0423534e+19
2.0370651e+19
2.0484599e+19
2.0467509e+19
2.0423534e+19
2.0370651e+19
2.0484599e+19
2.0467509e+19
2.0423534e+19
2.0370651e+19
2.0484599e+19
2.0467509e+19
2.0423534e+19
2.0370651e+19
2.0484599e+19
2.0467509e+19
2.0423534e+19
2.0370651e+19
2.0484599e+19
2.0467509e+19
2.0423534e+19
2.0370651e+19
2.0552943e+19
2.0523521e+19
2.0502294e+19
2.0491303e+19
2.0552943e+19
2.0523521e+19
2.0502294e+19
2.0491303e+19
2.0552943e+19
2.0523521e+19
2.0502294e+19
2.0491303e+19
2.0552943e+19
2.0523521e+19
2.0502294e+19
2.0491303e+19
2.0552943e+19
2.0523521e+19
2.0502295e+19
2.0491303e+19
2.0552943e+19
2.0523521e+19
2.0502295e+19
2.0491303e+19
2.0552943e+19
2.0523521e+19
2.0502295e+19
2.0491303e+19
2.0552943e+19
2.0523521e+19
2.0502295e+19
2.0491303e+19
