FiniteElementSpace
FiniteElementCollection: L2_2D_P3
VDim: 1
Ordering: 0

-10205.315
-10036.465
-9791.9169
-9644.6342
-10205.315
-10036.465
-9791.9169
-9644.6343
-10205.315
-10036.465
-9791.917
-9644.6343
-10205.315
-10036.465
-9791.9171
-9644.6339
-10205.317
-10036.465
-9791.917
-9644.6338
-10205.317
-10036.465
-9791.9171
-9644.6338
-10205.317
-10036.465
-9791.9171
-9644.6339
-10205.317
-10036.465
-9791.9171
-9644.6339
-10832.961
-10677.154
-10466.238
-10297.44
-10832.961
-10677.154
-10466.238
-10297.44
-10832.962
-10677.154
-10466.238
-10297.44
-10832.962
-10677.154
-10466.238
-10297.44
-10832.948
-10677.173
-10466.196
-10297.576
-10832.949
-10677.174
-10466.198
-10297.578
-10832.949
-10677.174
-10466.198
-10297.578
-10832.949
-10677.174
-10466.198
-10297.578
-10205.181
-10036.501
-9791.8991
-9644.647
-10205.182
-10036.502
-9791.8988
-9644.6432
-10205.182
-10036.502
-9791.8989
-9644.6433
-10205.182
-10036.502
-9791.8989
-9644.6433
-10205.211
-10036.235
-9791.6075
-9643.8676
-10205.212
-10036.235
-9791.6075
-9643.8669
-10205.211
-10036.235
-9791.6077
-9643.8684
-10205.213
-10036.236
-9791.6072
-9643.8626
-10205.211
-10036.235
-9791.6073
-9643.8671
-10205.211
-10036.235
-9791.6073
-9643.8671
-10205.211
-10036.235
-9791.6074
-9643.8672
-10205.211
-10036.235
-9791.6074
-9643.8673
-10832.926
-10677.092
-10466.163
-10297.327
-10832.926
-10677.093
-10466.163
-10297.327
-10832.926
-10677.093
-10466.163
-10297.327
-10832.926
-10677.093
-10466.163
-10297.327
-10832.926
-10677.093
-10466.163
-10297.327
-10832.926
-10677.093
-10466.163
-10297.327
-10832.926
-10677.093
-10466.163
-10297.327
-10832.928
-10677.094
-10466.165
-10297.329
-11843.975
-11597.163
-11246.476
-10954.972
-11843.975
-11597.163
-11246.476
-10954.972
-11843.975
-11597.163
-11246.476
-10954.972
-11843.975
-11597.163
-11246.476
-10954.973
-11843.975
-11597.164
-11246.474
-10954.979
-11843.975
-11597.164
-11246.474
-10954.979
-11843.975
-11597.164
-11246.474
-10954.979
-11843.975
-11597.164
-11246.474
-10954.979
-10832.906
-10677.112
-10466.123
-10297.469
-10832.906
-10677.112
-10466.123
-10297.469
-10832.906
-10677.112
-10466.123
-10297.469
-10832.906
-10677.112
-10466.123
-10297.469
-10832.906
-10677.112
-10466.123
-10297.469
-10832.906
-10677.112
-10466.123
-10297.469
-10832.906
-10677.112
-10466.123
-10297.469
-10832.906
-10677.112
-10466.123
-10297.469
-10205.073
-10036.273
-9791.5875
-9643.8778
-10205.073
-10036.273
-9791.5875
-9643.8779
-10205.073
-10036.273
-9791.5876
-9643.8779
-10205.073
-10036.273
-9791.5876
-9643.878
-10205.073
-10036.273
-9791.5874
-9643.8778
-10205.073
-10036.273
-9791.5874
-9643.8778
-10205.073
-10036.273
-9791.5875
-9643.8778
-10205.073
-10036.273
-9791.5875
-9643.8778
-10205.211
-10036.235
-9791.607
-9643.8668
-10205.211
-10036.235
-9791.607
-9643.8668
-10205.211
-10036.235
-9791.607
-9643.8668
-10205.211
-10036.235
-9791.607
-9643.8668
-10832.926
-10677.092
-10466.163
-10297.327
-10832.926
-10677.092
-10466.163
-10297.327
-10832.926
-10677.092
-10466.163
-10297.327
-10832.926
-10677.092
-10466.163
-10297.327
-10832.914
-10677.113
-10466.121
-10297.468
-10832.914
-10677.113
-10466.121
-10297.468
-10832.914
-10677.113
-10466.121
-10297.468
-10832.914
-10677.113
-10466.121
-10297.468
-10205.073
-10036.273
-9791.5884
-9643.8766
-10205.073
-10036.273
-9791.5884
-9643.8766
-10205.073
-10036.273
-9791.5883
-9643.8766
-10205.073
-10036.273
-9791.5884
-9643.8766
-10205.211
-10036.235
-9791.607
-9643.8668
-10205.211
-10036.235
-9791.607
-9643.8668
-10205.211
-10036.235
-9791.607
-9643.8668
-10205.211
-10036.235
-9791.607
-9643.8668
-10205.211
-10036.235
-9791.6071
-9643.8668
-10205.211
-10036.235
-9791.607
-9643.8668
-10205.211
-10036.235
-9791.607
-9643.8668
-10205.211
-10036.235
-9791.607
-9643.8668
-10832.926
-10677.092
-10466.163
-10297.327
-10832.926
-10677.092
-10466.163
-10297.327
-10832.926
-10677.092
-10466.163
-10297.327
-10832.926
-10677.092
-10466.163
-10297.327
-10832.926
-10677.092
-10466.163
-10297.327
-10832.926
-10677.092
-10466.163
-10297.327
-10832.926
-10677.092
-10466.163
-10297.327
-10832.926
-10677.092
-10466.163
-10297.327
-11843.975
-11597.163
-11246.476
-10954.972
-11843.975
-11597.163
-11246.476
-10954.972
-11843.975
-11597.163
-11246.476
-10954.972
-11843.975
-11597.163
-11246.476
-10954.972
-11843.975
-11597.163
-11246.475
-10954.973
-11843.975
-11597.163
-11246.475
-10954.973
-11843.975
-11597.163
-11246.476
-10954.972
-11843.975
-11597.163
-11246.476
-10954.972
-13182.11
-12901.73
-12449.668
-12030.332
-13182.11
-12901.73
-12449.668
-12030.332
-13182.11
-12901.73
-12449.668
-12030.332
-13182.11
-12901.73
-12449.668
-12030.332
-13182.11
-12901.73
-12449.668
-12030.332
-13182.11
-12901.73
-12449.668
-12030.332
-13182.11
-12901.73
-12449.668
-12030.332
-13182.11
-12901.73
-12449.668
-12030.332
-13912.176
-13897.376
-13700.646
-13367.931
-13912.176
-13897.376
-13700.646
-13367.931
-13912.176
-13897.376
-13700.646
-13367.931
-13912.176
-13897.376
-13700.646
-13367.931
-13912.18
-13897.377
-13700.652
-13367.971
-13912.175
-13897.377
-13700.653
-13367.972
-13912.175
-13897.377
-13700.653
-13367.972
-13912.175
-13897.377
-13700.654
-13367.972
-13182.011
-12901.767
-12449.626
-12030.457
-13182.012
-12901.767
-12449.625
-12030.456
-13182.012
-12901.767
-12449.625
-12030.456
-13182.012
-12901.767
-12449.625
-12030.456
-13182.012
-12901.767
-12449.625
-12030.456
-13182.012
-12901.767
-12449.625
-12030.456
-13182.012
-12901.767
-12449.625
-12030.456
-13182.012
-12901.767
-12449.625
-12030.456
-11843.82
-11597.139
-11246.501
-10955.002
-11843.82
-11597.139
-11246.501
-10955.002
-11843.82
-11597.139
-11246.501
-10955.001
-11843.82
-11597.139
-11246.501
-10955.001
-11843.82
-11597.139
-11246.501
-10955.002
-11843.82
-11597.139
-11246.501
-10955.002
-11843.82
-11597.139
-11246.501
-10955.002
-11843.82
-11597.139
-11246.501
-10955.002
-10832.92
-10677.113
-10466.109
-10297.448
-10832.92
-10677.113
-10466.109
-10297.448
-10832.92
-10677.113
-10466.108
-10297.448
-10832.92
-10677.113
-10466.108
-10297.447
-10832.92
-10677.113
-10466.108
-10297.447
-10832.92
-10677.113
-10466.108
-10297.447
-10832.92
-10677.113
-10466.108
-10297.447
-10832.92
-10677.113
-10466.108
-10297.447
-10205.05
-10036.253
-9791.5896
-9643.9145
-10205.05
-10036.253
-9791.5896
-9643.9145
-10205.05
-10036.253
-9791.5896
-9643.9145
-10205.05
-10036.253
-9791.5896
-9643.9145
-10205.05
-10036.253
-9791.5896
-9643.9146
-10205.05
-10036.253
-9791.5896
-9643.9145
-10205.05
-10036.253
-9791.5896
-9643.9145
-10205.05
-10036.253
-9791.5896
-9643.9145
-10205.188
-10036.215
-9791.6083
-9643.9048
-10205.188
-10036.215
-9791.6083
-9643.9048
-10205.188
-10036.215
-9791.6083
-9643.9048
-10205.188
-10036.215
-9791.6083
-9643.9048
-10832.933
-10677.093
-10466.15
-10297.306
-10832.933
-10677.093
-10466.15
-10297.306
-10832.933
-10677.093
-10466.15
-10297.306
-10832.933
-10677.093
-10466.15
-10297.306
-10832.92
-10677.114
-10466.109
-10297.448
-10832.92
-10677.113
-10466.109
-10297.448
-10832.92
-10677.113
-10466.109
-10297.448
-10832.92
-10677.113
-10466.109
-10297.448
-10205.05
-10036.253
-9791.5896
-9643.9146
-10205.05
-10036.253
-9791.5896
-9643.9146
-10205.05
-10036.253
-9791.5896
-9643.9146
-10205.05
-10036.253
-9791.5896
-9643.9146
-10205.188
-10036.215
-9791.6091
-9643.9035
-10205.188
-10036.215
-9791.6092
-9643.9035
-10205.188
-10036.215
-9791.6092
-9643.9036
-10205.188
-10036.216
-9791.6093
-9643.9037
-10205.188
-10036.215
-9791.6091
-9643.9035
-10205.188
-10036.215
-9791.6091
-9643.9035
-10205.188
-10036.215
-9791.6091
-9643.9035
-10205.188
-10036.215
-9791.6091
-9643.9035
-10832.94
-10677.094
-10466.149
-10297.305
-10832.94
-10677.094
-10466.149
-10297.305
-10832.94
-10677.094
-10466.149
-10297.305
-10832.94
-10677.094
-10466.149
-10297.305
-10832.94
-10677.094
-10466.149
-10297.305
-10832.94
-10677.094
-10466.149
-10297.305
-10832.94
-10677.094
-10466.149
-10297.305
-10832.94
-10677.094
-10466.149
-10297.305
-11843.821
-11597.138
-11246.503
-10954.995
-11843.821
-11597.138
-11246.503
-10954.995
-11843.821
-11597.138
-11246.503
-10954.995
-11843.821
-11597.138
-11246.503
-10954.995
-11843.822
-11597.141
-11246.503
-10955.002
-11843.821
-11597.139
-11246.502
-10955.002
-11843.82
-11597.139
-11246.501
-10955.002
-11843.82
-11597.139
-11246.501
-10955.002
-10832.921
-10677.114
-10466.107
-10297.445
-10832.921
-10677.114
-10466.108
-10297.447
-10832.92
-10677.114
-10466.108
-10297.447
-10832.92
-10677.114
-10466.108
-10297.447
-10832.92
-10677.114
-10466.108
-10297.447
-10832.92
-10677.114
-10466.109
-10297.447
-10832.92
-10677.114
-10466.109
-10297.447
-10832.92
-10677.114
-10466.109
-10297.448
-10205.05
-10036.253
-9791.5893
-9643.9141
-10205.05
-10036.253
-9791.5894
-9643.9142
-10205.05
-10036.253
-9791.5895
-9643.9143
-10205.05
-10036.253
-9791.5895
-9643.9144
-10205.047
-10036.25
-9791.5847
-9643.9102
-10205.049
-10036.253
-9791.5886
-9643.9133
-10205.05
-10036.253
-9791.5889
-9643.9138
-10205.05
-10036.253
-9791.5892
-9643.914
-10204.798
-10035.417
-9790.2149
-9641.8598
-10204.799
-10035.418
-9790.2162
-9641.8611
-10204.799
-10035.417
-9790.2159
-9641.8613
-10204.803
-10035.422
-9790.2225
-9641.8668
-10833.541
-10677.496
-10466.236
-10297.087
-10833.541
-10677.496
-10466.236
-10297.088
-10833.541
-10677.496
-10466.236
-10297.088
-10833.54
-10677.496
-10466.238
-10297.091
-10833.528
-10677.517
-10466.194
-10297.23
-10833.528
-10677.517
-10466.194
-10297.23
-10833.528
-10677.517
-10466.194
-10297.23
-10833.528
-10677.517
-10466.194
-10297.23
-10204.657
-10035.454
-9790.1948
-9641.8681
-10204.658
-10035.455
-9790.1952
-9641.8686
-10204.658
-10035.455
-9790.1956
-9641.8691
-10204.658
-10035.455
-9790.196
-9641.8696
-10204.797
-10035.415
-9790.2129
-9641.8574
-10204.797
-10035.415
-9790.2131
-9641.8576
-10204.797
-10035.415
-9790.2133
-9641.8579
-10204.797
-10035.416
-9790.2136
-9641.8582
-10204.796
-10035.414
-9790.2118
-9641.8561
-10204.796
-10035.415
-9790.2121
-9641.8565
-10204.797
-10035.415
-9790.2125
-9641.8569
-10204.797
-10035.415
-9790.2128
-9641.8572
-10833.54
-10677.495
-10466.235
-10297.085
-10833.54
-10677.495
-10466.235
-10297.086
-10833.54
-10677.495
-10466.235
-10297.086
-10833.54
-10677.495
-10466.235
-10297.086
-10833.54
-10677.495
-10466.235
-10297.086
-10833.541
-10677.495
-10466.235
-10297.086
-10833.541
-10677.496
-10466.235
-10297.086
-10833.541
-10677.496
-10466.235
-10297.086
-11845.067
-11598.265
-11247.456
-10955.716
-11845.067
-11598.265
-11247.456
-10955.716
-11845.067
-11598.265
-11247.456
-10955.716
-11845.067
-11598.265
-11247.456
-10955.716
-11845.067
-11598.265
-11247.456
-10955.717
-11845.066
-11598.264
-11247.455
-10955.717
-11845.066
-11598.264
-11247.455
-10955.717
-11845.063
-11598.261
-11247.454
-10955.716
-13181.261
-12901.493
-12450.23
-12031.316
-13181.261
-12901.492
-12450.229
-12031.315
-13181.26
-12901.491
-12450.228
-12031.314
-13181.26
-12901.49
-12450.226
-12031.312
-13181.25
-12901.512
-12450.195
-12031.434
-13181.25
-12901.512
-12450.195
-12031.434
-13181.249
-12901.512
-12450.194
-12031.434
-13181.249
-12901.512
-12450.194
-12031.434
-11844.911
-11598.24
-11247.483
-10955.747
-11844.911
-11598.24
-11247.483
-10955.747
-11844.911
-11598.24
-11247.483
-10955.747
-11844.911
-11598.24
-11247.483
-10955.746
-11844.91
-11598.24
-11247.483
-10955.747
-11844.91
-11598.24
-11247.483
-10955.747
-11844.91
-11598.24
-11247.483
-10955.747
-11844.91
-11598.24
-11247.483
-10955.747
-10833.536
-10677.518
-10466.181
-10297.208
-10833.536
-10677.518
-10466.181
-10297.208
-10833.536
-10677.518
-10466.181
-10297.208
-10833.536
-10677.518
-10466.181
-10297.208
-10833.536
-10677.518
-10466.181
-10297.208
-10833.536
-10677.518
-10466.181
-10297.208
-10833.536
-10677.518
-10466.181
-10297.209
-10833.536
-10677.518
-10466.181
-10297.209
-10204.634
-10035.432
-9790.1926
-9641.9014
-10204.634
-10035.433
-9790.1927
-9641.9015
-10204.634
-10035.433
-9790.1929
-9641.9017
-10204.634
-10035.433
-9790.193
-9641.9019
-10204.633
-10035.432
-9790.1923
-9641.9011
-10204.633
-10035.432
-9790.1923
-9641.9011
-10204.633
-10035.432
-9790.1924
-9641.9012
-10204.633
-10035.432
-9790.1925
-9641.9013
-10204.773
-10035.393
-9790.211
-9641.891
-10204.773
-10035.393
-9790.211
-9641.8911
-10204.773
-10035.393
-9790.2111
-9641.8911
-10204.773
-10035.393
-9790.2111
-9641.8911
-10833.548
-10677.496
-10466.222
-10297.065
-10833.548
-10677.496
-10466.222
-10297.065
-10833.548
-10677.497
-10466.222
-10297.065
-10833.548
-10677.497
-10466.222
-10297.065
-10833.536
-10677.518
-10466.181
-10297.208
-10833.536
-10677.518
-10466.181
-10297.208
-10833.536
-10677.518
-10466.181
-10297.208
-10833.536
-10677.518
-10466.181
-10297.208
-10204.633
-10035.432
-9790.1922
-9641.901
-10204.633
-10035.432
-9790.1922
-9641.901
-10204.633
-10035.432
-9790.1922
-9641.9009
-10204.633
-10035.432
-9790.1922
-9641.9009
-10204.796
-10035.414
-9790.2113
-9641.8555
-10204.796
-10035.414
-9790.2112
-9641.8555
-10204.796
-10035.414
-9790.2112
-9641.8554
-10204.796
-10035.414
-9790.2111
-9641.8553
-10204.796
-10035.414
-9790.2116
-9641.8559
-10204.796
-10035.414
-9790.2115
-9641.8558
-10204.796
-10035.414
-9790.2114
-9641.8557
-10204.796
-10035.414
-9790.2113
-9641.8556
-10833.54
-10677.495
-10466.234
-10297.085
-10833.54
-10677.495
-10466.234
-10297.085
-10833.54
-10677.495
-10466.234
-10297.085
-10833.54
-10677.495
-10466.234
-10297.085
-10833.54
-10677.495
-10466.234
-10297.085
-10833.54
-10677.495
-10466.234
-10297.085
-10833.54
-10677.495
-10466.234
-10297.085
-10833.54
-10677.495
-10466.234
-10297.085
-11845.067
-11598.265
-11247.456
-10955.716
-11845.067
-11598.265
-11247.456
-10955.716
-11845.068
-11598.265
-11247.456
-10955.716
-11845.068
-11598.265
-11247.456
-10955.716
-11845.066
-11598.266
-11247.454
-10955.723
-11845.067
-11598.266
-11247.454
-10955.723
-11845.067
-11598.266
-11247.454
-10955.723
-11845.067
-11598.266
-11247.454
-10955.723
-10833.52
-10677.515
-10466.194
-10297.23
-10833.52
-10677.515
-10466.194
-10297.23
-10833.52
-10677.515
-10466.194
-10297.23
-10833.52
-10677.515
-10466.194
-10297.23
-10833.52
-10677.515
-10466.194
-10297.23
-10833.52
-10677.515
-10466.194
-10297.23
-10833.52
-10677.515
-10466.194
-10297.23
-10833.52
-10677.515
-10466.194
-10297.23
-10204.657
-10035.453
-9790.1922
-9641.8674
-10204.657
-10035.453
-9790.1921
-9641.8673
-10204.657
-10035.452
-9790.1919
-9641.8671
-10204.657
-10035.452
-9790.1918
-9641.867
-10204.657
-10035.453
-9790.1926
-9641.8679
-10204.657
-10035.453
-9790.1925
-9641.8678
-10204.657
-10035.453
-9790.1923
-9641.8676
-10204.657
-10035.453
-9790.1922
-9641.8675
-10204.797
-10035.415
-9790.2129
-9641.8574
-10204.797
-10035.415
-9790.2128
-9641.8573
-10204.797
-10035.415
-9790.2126
-9641.8571
-10204.797
-10035.415
-9790.2125
-9641.8569
-10833.541
-10677.495
-10466.235
-10297.086
-10833.541
-10677.495
-10466.235
-10297.086
-10833.54
-10677.495
-10466.235
-10297.086
-10833.54
-10677.495
-10466.235
-10297.086
-10833.528
-10677.517
-10466.193
-10297.229
-10833.528
-10677.517
-10466.193
-10297.229
-10833.528
-10677.517
-10466.193
-10297.229
-10833.528
-10677.517
-10466.193
-10297.229
-10204.657
-10035.454
-9790.1945
-9641.8678
-10204.657
-10035.454
-9790.1944
-9641.8677
-10204.657
-10035.454
-9790.1942
-9641.8675
-10204.657
-10035.454
-9790.1941
-9641.8674
-10204.798
-10035.416
-9790.2139
-9641.8585
-10204.797
-10035.416
-9790.2137
-9641.8583
-10204.797
-10035.416
-9790.2136
-9641.8581
-10204.797
-10035.416
-9790.2134
-9641.858
-10204.8
-10035.419
-9790.2176
-9641.864
-10204.798
-10035.416
-9790.2145
-9641.8591
-10204.798
-10035.416
-9790.2142
-9641.8589
-10204.798
-10035.416
-9790.214
-9641.8586
-10833.541
-10677.497
-10466.237
-10297.089
-10833.541
-10677.496
-10466.236
-10297.087
-10833.541
-10677.496
-10466.236
-10297.087
-10833.541
-10677.496
-10466.236
-10297.087
-10833.541
-10677.496
-10466.235
-10297.087
-10833.541
-10677.496
-10466.235
-10297.087
-10833.541
-10677.496
-10466.235
-10297.086
-10833.541
-10677.496
-10466.235
-10297.086
-11845.066
-11598.264
-11247.455
-10955.717
-11845.066
-11598.265
-11247.456
-10955.717
-11845.067
-11598.265
-11247.456
-10955.716
-11845.067
-11598.265
-11247.456
-10955.716
-11845.067
-11598.265
-11247.456
-10955.717
-11845.067
-11598.265
-11247.456
-10955.717
-11845.067
-11598.265
-11247.456
-10955.716
-11845.067
-11598.265
-11247.456
-10955.716
-13181.263
-12901.49
-12450.228
-12031.314
-13181.263
-12901.491
-12450.229
-12031.315
-13181.263
-12901.491
-12450.229
-12031.315
-13181.264
-12901.492
-12450.23
-12031.315
-13181.264
-12901.492
-12450.23
-12031.315
-13181.264
-12901.492
-12450.23
-12031.316
-13181.265
-12901.492
-12450.231
-12031.316
-13181.265
-12901.493
-12450.231
-12031.316
-13806.52
-13703.914
-13509.643
-13308.203
-13806.52
-13703.914
-13509.643
-13308.203
-13806.52
-13703.914
-13509.643
-13308.203
-13806.52
-13703.914
-13509.643
-13308.204
-13806.522
-13703.913
-13509.642
-13308.202
-13806.521
-13703.913
-13509.642
-13308.202
-13806.521
-13703.913
-13509.642
-13308.202
-13806.521
-13703.914
-13509.643
-13308.203
-13919.915
-13921.359
-13897.939
-13846.396
-13919.917
-13921.358
-13897.938
-13846.395
-13919.917
-13921.358
-13897.938
-13846.395
-13919.916
-13921.357
-13897.938
-13846.395
-13920.052
-13921.32
-13897.956
-13846.388
-13920.052
-13921.32
-13897.956
-13846.388
-13920.052
-13921.32
-13897.956
-13846.388
-13920.052
-13921.32
-13897.956
-13846.388
-13920.053
-13921.32
-13897.955
-13846.39
-13920.053
-13921.321
-13897.955
-13846.39
-13920.053
-13921.321
-13897.955
-13846.39
-13920.053
-13921.321
-13897.955
-13846.39
-13806.51
-13703.929
-13509.616
-13308.292
-13806.51
-13703.929
-13509.616
-13308.292
-13806.51
-13703.929
-13509.616
-13308.291
-13806.51
-13703.928
-13509.616
-13308.291
-13806.511
-13703.928
-13509.616
-13308.289
-13806.51
-13703.927
-13509.616
-13308.288
-13806.51
-13703.927
-13509.615
-13308.287
-13806.511
-13703.928
-13509.616
-13308.287
-13920.053
-13921.32
-13897.955
-13846.389
-13920.053
-13921.32
-13897.955
-13846.389
-13920.052
-13921.32
-13897.955
-13846.389
-13920.044
-13921.317
-13897.954
-13846.389
-13749.768
-13806.993
-13852.251
-13833.887
-13749.768
-13806.994
-13852.251
-13833.888
-13749.768
-13806.994
-13852.254
-13833.894
-13749.766
-13806.993
-13852.259
-13833.903
-13749.767
-13806.992
-13852.25
-13833.885
-13749.767
-13806.992
-13852.25
-13833.885
-13749.768
-13806.993
-13852.25
-13833.885
-13749.768
-13806.993
-13852.25
-13833.886
-13443.399
-13520.535
-13629.82
-13709.932
-13443.399
-13520.535
-13629.82
-13709.933
-13443.399
-13520.535
-13629.82
-13709.933
-13443.399
-13520.536
-13629.82
-13709.933
-13443.4
-13520.536
-13629.82
-13709.933
-13443.4
-13520.537
-13629.821
-13709.934
-13443.402
-13520.537
-13629.82
-13709.933
-13443.403
-13520.536
-13629.818
-13709.93
-13337.035
-13323.032
-13354.167
-13405.616
-13337.036
-13323.033
-13354.168
-13405.617
-13337.037
-13323.035
-13354.17
-13405.618
-13337.049
-13323.044
-13354.176
-13405.622
-13508.597
-13451.547
-13391.618
-13349.66
-13508.596
-13451.546
-13391.617
-13349.659
-13508.601
-13451.551
-13391.624
-13349.667
-13508.611
-13451.561
-13391.635
-13349.679
-13966.539
-13776.884
-13635.269
-13544.38
-13966.54
-13776.879
-13635.268
-13544.378
-13966.521
-13776.879
-13635.269
-13544.383
-13966.491
-13776.884
-13635.272
-13544.393
-13966.549
-13776.89
-13635.272
-13544.386
-13966.546
-13776.888
-13635.272
-13544.386
-13966.543
-13776.886
-13635.27
-13544.385
-13966.542
-13776.884
-13635.269
-13544.384
-13508.595
-13451.548
-13391.617
-13349.659
-13508.596
-13451.549
-13391.618
-13349.66
-13508.595
-13451.548
-13391.617
-13349.66
-13508.593
-13451.548
-13391.617
-13349.659
-13508.601
-13451.549
-13391.618
-13349.657
-13508.601
-13451.549
-13391.618
-13349.657
-13508.6
-13451.548
-13391.618
-13349.657
-13508.6
-13451.548
-13391.618
-13349.657
-13966.552
-13776.892
-13635.275
-13544.384
-13966.551
-13776.891
-13635.275
-13544.384
-13966.55
-13776.89
-13635.274
-13544.384
-13966.549
-13776.889
-13635.274
-13544.383
-13966.551
-13776.893
-13635.275
-13544.389
-13966.551
-13776.893
-13635.275
-13544.389
-13966.552
-13776.893
-13635.275
-13544.389
-13966.551
-13776.893
-13635.274
-13544.388
-13508.598
-13451.55
-13391.618
-13349.658
-13508.598
-13451.55
-13391.618
-13349.658
-13508.597
-13451.55
-13391.618
-13349.658
-13508.597
-13451.55
-13391.618
-13349.658
-13337.036
-13323.031
-13354.167
-13405.615
-13337.036
-13323.031
-13354.166
-13405.615
-13337.036
-13323.031
-13354.167
-13405.615
-13337.036
-13323.032
-13354.167
-13405.616
-13337.031
-13323.039
-13354.154
-13405.667
-13337.031
-13323.039
-13354.154
-13405.667
-13337.031
-13323.039
-13354.153
-13405.666
-13337.031
-13323.038
-13354.153
-13405.666
-13508.601
-13451.549
-13391.619
-13349.661
-13508.601
-13451.549
-13391.619
-13349.661
-13508.601
-13451.549
-13391.619
-13349.66
-13508.601
-13451.549
-13391.619
-13349.66
-13966.548
-13776.89
-13635.275
-13544.385
-13966.549
-13776.891
-13635.276
-13544.385
-13966.55
-13776.892
-13635.276
-13544.385
-13966.551
-13776.892
-13635.276
-13544.385
-13966.544
-13776.888
-13635.272
-13544.387
-13966.545
-13776.889
-13635.273
-13544.387
-13966.546
-13776.89
-13635.273
-13544.388
-13966.547
-13776.891
-13635.274
-13544.388
-13508.596
-13451.549
-13391.618
-13349.661
-13508.596
-13451.55
-13391.618
-13349.661
-13508.597
-13451.55
-13391.618
-13349.661
-13508.597
-13451.55
-13391.618
-13349.661
-13508.598
-13451.547
-13391.617
-13349.657
-13508.598
-13451.547
-13391.617
-13349.658
-13508.599
-13451.548
-13391.618
-13349.658
-13508.6
-13451.549
-13391.618
-13349.658
-13966.542
-13776.884
-13635.27
-13544.381
-13966.543
-13776.884
-13635.271
-13544.381
-13966.543
-13776.885
-13635.271
-13544.382
-13966.544
-13776.887
-13635.273
-13544.383
-13966.489
-13776.846
-13635.249
-13544.37
-13966.536
-13776.877
-13635.263
-13544.38
-13966.54
-13776.883
-13635.267
-13544.383
-13966.541
-13776.885
-13635.269
-13544.384
-13508.582
-13451.539
-13391.611
-13349.659
-13508.59
-13451.545
-13391.614
-13349.656
-13508.592
-13451.547
-13391.615
-13349.657
-13508.594
-13451.548
-13391.616
-13349.657
-13337.032
-13323.04
-13354.157
-13405.671
-13337.031
-13323.038
-13354.155
-13405.668
-13337.032
-13323.039
-13354.155
-13405.668
-13337.033
-13323.039
-13354.154
-13405.668
-13443.339
-13520.58
-13629.757
-13710.141
-13443.336
-13520.578
-13629.757
-13710.142
-13443.336
-13520.578
-13629.756
-13710.141
-13443.335
-13520.577
-13629.756
-13710.14
-13443.339
-13520.57
-13629.768
-13710.096
-13443.339
-13520.57
-13629.768
-13710.096
-13443.338
-13520.57
-13629.768
-13710.096
-13443.338
-13520.57
-13629.768
-13710.096
-13749.611
-13807.036
-13852.229
-13833.901
-13749.611
-13807.036
-13852.228
-13833.9
-13749.611
-13807.036
-13852.228
-13833.899
-13749.611
-13807.036
-13852.228
-13833.898
-13749.243
-13807.663
-13850.978
-13838.075
-13749.244
-13807.664
-13850.978
-13838.076
-13749.243
-13807.663
-13850.978
-13838.076
-13749.243
-13807.663
-13850.977
-13838.076
-13747.148
-13808.74
-13857.183
-13856.545
-13747.148
-13808.74
-13857.183
-13856.545
-13747.15
-13808.742
-13857.184
-13856.542
-13747.158
-13808.749
-13857.184
-13856.537
-13747.154
-13808.746
-13857.184
-13856.539
-13747.153
-13808.744
-13857.184
-13856.541
-13747.15
-13808.742
-13857.184
-13856.543
-13747.149
-13808.74
-13857.183
-13856.544
-13441.923
-13518.435
-13626.95
-13707.602
-13441.925
-13518.436
-13626.95
-13707.601
-13441.928
-13518.437
-13626.949
-13707.599
-13441.93
-13518.437
-13626.948
-13707.597
-13441.93
-13518.438
-13626.948
-13707.596
-13441.93
-13518.437
-13626.948
-13707.597
-13441.928
-13518.437
-13626.948
-13707.598
-13441.92
-13518.434
-13626.952
-13707.605
-13339.462
-13325.057
-13354.89
-13405.33
-13339.462
-13325.057
-13354.889
-13405.329
-13339.459
-13325.053
-13354.886
-13405.327
-13339.45
-13325.041
-13354.874
-13405.316
-13508.322
-13451.991
-13393.012
-13352.442
-13508.324
-13451.992
-13393.012
-13352.44
-13508.328
-13451.992
-13393.009
-13352.438
-13508.342
-13452.002
-13393.011
-13352.428
-13950.046
-13769.733
-13632.06
-13543.596
-13950.065
-13769.745
-13632.066
-13543.6
-13950.073
-13769.756
-13632.074
-13543.605
-13950.179
-13769.817
-13632.104
-13543.623
-13950.039
-13769.728
-13632.055
-13543.597
-13950.044
-13769.733
-13632.057
-13543.598
-13950.046
-13769.733
-13632.058
-13543.599
-13950.047
-13769.734
-13632.059
-13543.599
-13508.316
-13451.991
-13393.011
-13352.443
-13508.318
-13451.992
-13393.012
-13352.443
-13508.318
-13451.992
-13393.012
-13352.443
-13508.318
-13451.992
-13393.012
-13352.443
-13508.323
-13451.991
-13393.009
-13352.436
-13508.322
-13451.991
-13393.01
-13352.437
-13508.321
-13451.991
-13393.011
-13352.439
-13508.321
-13451.991
-13393.011
-13352.44
-13950.064
-13769.744
-13632.065
-13543.599
-13950.057
-13769.74
-13632.062
-13543.597
-13950.05
-13769.734
-13632.059
-13543.596
-13950.045
-13769.732
-13632.058
-13543.595
-13950.091
-13769.763
-13632.075
-13543.609
-13950.085
-13769.759
-13632.073
-13543.607
-13950.075
-13769.752
-13632.069
-13543.605
-13950.068
-13769.747
-13632.066
-13543.603
-13508.325
-13451.994
-13393.007
-13352.433
-13508.324
-13451.993
-13393.008
-13352.433
-13508.322
-13451.992
-13393.008
-13352.435
-13508.321
-13451.992
-13393.008
-13352.436
-13339.454
-13325.045
-13354.879
-13405.321
-13339.456
-13325.048
-13354.882
-13405.323
-13339.46
-13325.052
-13354.886
-13405.327
-13339.462
-13325.056
-13354.889
-13405.329
-13339.464
-13325.057
-13354.883
-13405.333
-13339.456
-13325.05
-13354.877
-13405.33
-13339.452
-13325.046
-13354.875
-13405.329
-13339.451
-13325.045
-13354.874
-13405.328
-13508.333
-13451.997
-13393.011
-13352.437
-13508.331
-13451.995
-13393.01
-13352.436
-13508.33
-13451.994
-13393.009
-13352.434
-13508.329
-13451.993
-13393.008
-13352.434
-13950.102
-13769.77
-13632.083
-13543.611
-13950.101
-13769.77
-13632.082
-13543.609
-13950.1
-13769.768
-13632.08
-13543.608
-13950.1
-13769.767
-13632.079
-13543.607
-13950.084
-13769.759
-13632.078
-13543.615
-13950.093
-13769.765
-13632.081
-13543.615
-13950.1
-13769.77
-13632.082
-13543.615
-13950.102
-13769.771
-13632.082
-13543.614
-13508.332
-13452.004
-13393.02
-13352.448
-13508.332
-13452.002
-13393.017
-13352.444
-13508.331
-13452
-13393.014
-13352.44
-13508.33
-13451.998
-13393.012
-13352.438
-13508.335
-13452.012
-13393.038
-13352.467
-13508.334
-13452.01
-13393.035
-13352.465
-13508.334
-13452.007
-13393.031
-13352.46
-13508.337
-13452.004
-13393.02
-13352.444
-13950.026
-13769.719
-13632.059
-13543.604
-13950.027
-13769.72
-13632.06
-13543.605
-13950.036
-13769.727
-13632.063
-13543.605
-13950.096
-13769.766
-13632.082
-13543.613
-13948.601
-13768.899
-13631.661
-13543.443
-13949.738
-13769.529
-13631.961
-13543.564
-13949.938
-13769.663
-13632.028
-13543.595
-13950.013
-13769.711
-13632.053
-13543.606
-13508.251
-13452.058
-13393.232
-13352.805
-13508.31
-13452.027
-13393.088
-13352.543
-13508.326
-13452.018
-13393.054
-13352.491
-13508.331
-13452.014
-13393.041
-13352.471
-13339.689
-13325.307
-13355.103
-13405.498
-13339.515
-13325.112
-13354.929
-13405.364
-13339.488
-13325.081
-13354.904
-13405.346
-13339.471
-13325.063
-13354.888
-13405.336
-13441.992
-13518.455
-13626.871
-13707.53
-13441.944
-13518.444
-13626.901
-13707.585
-13441.916
-13518.438
-13626.923
-13707.621
-13441.917
-13518.44
-13626.926
-13707.624
-13441.912
-13518.439
-13626.93
-13707.632
-13441.91
-13518.44
-13626.934
-13707.637
-13441.91
-13518.441
-13626.936
-13707.64
-13441.91
-13518.442
-13626.938
-13707.642
-13747.105
-13808.746
-13857.173
-13856.542
-13747.111
-13808.752
-13857.176
-13856.541
-13747.115
-13808.755
-13857.178
-13856.541
-13747.116
-13808.757
-13857.179
-13856.541
-13746.992
-13808.636
-13857.136
-13856.624
-13747.053
-13808.696
-13857.154
-13856.574
-13747.095
-13808.736
-13857.167
-13856.544
-13747.097
-13808.738
-13857.17
-13856.547
-13902.168
-13915.875
-13895.464
-13847.085
-13902.152
-13915.878
-13895.479
-13847.103
-13902.143
-13915.881
-13895.489
-13847.114
-13902.143
-13915.881
-13895.488
-13847.114
-13807.621
-13705.671
-13511.413
-13309.995
-13807.638
-13705.685
-13511.419
-13309.995
-13807.649
-13705.693
-13511.423
-13309.994
-13807.648
-13705.693
-13511.421
-13309.992
-13807.603
-13705.707
-13511.416
-13309.994
-13807.604
-13705.707
-13511.416
-13309.993
-13807.604
-13705.707
-13511.415
-13309.991
-13807.604
-13705.707
-13511.414
-13309.991
-13902.138
-13915.889
-13895.476
-13847.165
-13902.137
-13915.89
-13895.477
-13847.166
-13902.137
-13915.89
-13895.478
-13847.166
-13902.137
-13915.891
-13895.478
-13847.166
-13902.142
-13915.884
-13895.492
-13847.117
-13902.143
-13915.884
-13895.492
-13847.117
-13902.144
-13915.884
-13895.491
-13847.116
-13902.144
-13915.884
-13895.491
-13847.115
-13902.144
-13915.884
-13895.49
-13847.115
-13902.145
-13915.884
-13895.49
-13847.115
-13902.143
-13915.884
-13895.491
-13847.116
-13902.146
-13915.884
-13895.491
-13847.116
-13807.649
-13705.691
-13511.418
-13309.987
-13807.649
-13705.691
-13511.418
-13309.987
-13807.649
-13705.692
-13511.419
-13309.988
-13807.65
-13705.693
-13511.419
-13309.988
-13807.651
-13705.694
-13511.42
-13309.988
-13807.651
-13705.693
-13511.419
-13309.988
-13807.65
-13705.692
-13511.419
-13309.987
-13807.649
-13705.692
-13511.418
-13309.987
-13182.232
-12901.823
-12449.422
-12030.128
-13182.232
-12901.823
-12449.422
-12030.128
-13182.232
-12901.823
-12449.423
-12030.129
-13182.231
-12901.823
-12449.423
-12030.129
-13182.232
-12901.824
-12449.423
-12030.13
-13182.232
-12901.824
-12449.423
-12030.13
-13182.232
-12901.824
-12449.423
-12030.129
-13182.232
-12901.823
-12449.422
-12030.128
-11843.494
-11596.769
-11246.186
-10954.788
-11843.494
-11596.769
-11246.186
-10954.788
-11843.494
-11596.769
-11246.186
-10954.788
-11843.494
-11596.769
-11246.186
-10954.788
-11843.494
-11596.769
-11246.186
-10954.788
-11843.494
-11596.768
-11246.185
-10954.788
-11843.493
-11596.768
-11246.184
-10954.787
-11843.493
-11596.767
-11246.184
-10954.786
-10832.775
-10677.025
-10466.137
-10297.57
-10832.775
-10677.025
-10466.137
-10297.569
-10832.775
-10677.025
-10466.137
-10297.569
-10832.775
-10677.024
-10466.136
-10297.569
-10832.775
-10677.024
-10466.136
-10297.569
-10832.774
-10677.024
-10466.136
-10297.568
-10832.774
-10677.023
-10466.136
-10297.568
-10832.773
-10677.022
-10466.133
-10297.565
-10205.256
-10036.502
-9792.0565
-9644.1305
-10205.255
-10036.501
-9792.0556
-9644.1293
-10205.255
-10036.502
-9792.0562
-9644.1308
-10205.252
-10036.498
-9792.0515
-9644.1233
-10205.257
-10036.503
-9792.0569
-9644.1306
-10205.256
-10036.502
-9792.0567
-9644.1303
-10205.256
-10036.502
-9792.0565
-9644.1302
-10205.256
-10036.502
-9792.0563
-9644.1302
-10205.4
-10036.463
-9792.0763
-9644.1206
-10205.4
-10036.463
-9792.0763
-9644.1205
-10205.4
-10036.463
-9792.0762
-9644.1205
-10205.4
-10036.463
-9792.0761
-9644.1204
-10832.789
-10677.004
-10466.18
-10297.423
-10832.789
-10677.004
-10466.18
-10297.423
-10832.788
-10677.004
-10466.18
-10297.423
-10832.788
-10677.004
-10466.18
-10297.423
-10832.776
-10677.025
-10466.137
-10297.57
-10832.776
-10677.025
-10466.137
-10297.57
-10832.776
-10677.025
-10466.137
-10297.57
-10832.776
-10677.025
-10466.137
-10297.57
-10205.257
-10036.503
-9792.0572
-9644.1309
-10205.257
-10036.503
-9792.0571
-9644.1308
-10205.257
-10036.503
-9792.0571
-9644.1307
-10205.257
-10036.503
-9792.0571
-9644.1307
-10205.399
-10036.464
-9792.0773
-9644.1195
-10205.399
-10036.464
-9792.0773
-9644.1196
-10205.399
-10036.464
-9792.0774
-9644.1196
-10205.399
-10036.464
-9792.0774
-9644.1195
-10205.399
-10036.463
-9792.077
-9644.1194
-10205.399
-10036.463
-9792.0771
-9644.1194
-10205.399
-10036.464
-9792.0772
-9644.1195
-10205.399
-10036.464
-9792.0773
-9644.1195
-10832.795
-10677.004
-10466.178
-10297.421
-10832.795
-10677.004
-10466.178
-10297.422
-10832.795
-10677.004
-10466.178
-10297.422
-10832.796
-10677.004
-10466.178
-10297.422
-10832.796
-10677.004
-10466.178
-10297.422
-10832.796
-10677.005
-10466.178
-10297.422
-10832.796
-10677.005
-10466.178
-10297.422
-10832.796
-10677.005
-10466.178
-10297.422
-11843.494
-11596.767
-11246.187
-10954.781
-11843.494
-11596.767
-11246.187
-10954.781
-11843.494
-11596.767
-11246.187
-10954.781
-11843.495
-11596.768
-11246.188
-10954.782
-11843.492
-11596.767
-11246.183
-10954.786
-11843.492
-11596.767
-11246.184
-10954.786
-11843.492
-11596.767
-11246.184
-10954.787
-11843.493
-11596.767
-11246.184
-10954.787
-10832.773
-10677.023
-10466.135
-10297.568
-10832.773
-10677.023
-10466.135
-10297.568
-10832.773
-10677.023
-10466.135
-10297.568
-10832.774
-10677.023
-10466.135
-10297.568
-10832.774
-10677.023
-10466.136
-10297.568
-10832.774
-10677.024
-10466.136
-10297.568
-10832.774
-10677.024
-10466.136
-10297.569
-10832.774
-10677.024
-10466.136
-10297.569
-10205.255
-10036.502
-9792.0562
-9644.1303
-10205.256
-10036.502
-9792.0564
-9644.1304
-10205.256
-10036.502
-9792.0566
-9644.1306
-10205.256
-10036.502
-9792.0567
-9644.1306
-10205.255
-10036.501
-9792.0555
-9644.1296
-10205.255
-10036.501
-9792.0557
-9644.1298
-10205.255
-10036.502
-9792.056
-9644.1301
-10205.255
-10036.502
-9792.0561
-9644.1302
-10205.42
-10036.481
-9792.0739
-9644.0824
-10205.42
-10036.481
-9792.0742
-9644.0827
-10205.42
-10036.481
-9792.0745
-9644.0831
-10205.42
-10036.481
-9792.0747
-9644.0834
-10832.778
-10676.999
-10466.189
-10297.441
-10832.778
-10677
-10466.189
-10297.441
-10832.778
-10677
-10466.189
-10297.441
-10832.778
-10677
-10466.189
-10297.441
-10832.765
-10677.021
-10466.146
-10297.586
-10832.765
-10677.021
-10466.146
-10297.587
-10832.765
-10677.021
-10466.146
-10297.587
-10832.765
-10677.021
-10466.146
-10297.587
-10205.276
-10036.52
-9792.0535
-9644.0911
-10205.276
-10036.52
-9792.0538
-9644.0915
-10205.276
-10036.52
-9792.0542
-9644.092
-10205.277
-10036.52
-9792.0545
-9644.0923
-10205.419
-10036.479
-9792.0714
-9644.0792
-10205.419
-10036.479
-9792.0718
-9644.0797
-10205.419
-10036.48
-9792.0723
-9644.0803
-10205.419
-10036.48
-9792.0726
-9644.0808
-10205.418
-10036.478
-9792.0698
-9644.0769
-10205.418
-10036.478
-9792.0702
-9644.0776
-10205.418
-10036.479
-9792.0708
-9644.0784
-10205.418
-10036.479
-9792.0712
-9644.0789
-10832.78
-10677
-10466.189
-10297.44
-10832.779
-10677
-10466.189
-10297.44
-10832.779
-10677
-10466.189
-10297.44
-10832.779
-10677
-10466.189
-10297.44
-10832.779
-10677
-10466.189
-10297.44
-10832.778
-10677
-10466.189
-10297.44
-10832.778
-10676.999
-10466.189
-10297.44
-10832.778
-10676.999
-10466.189
-10297.44
-11843.653
-11596.796
-11246.16
-10954.757
-11843.652
-11596.795
-11246.159
-10954.756
-11843.651
-11596.793
-11246.158
-10954.755
-11843.65
-11596.793
-11246.158
-10954.755
-11843.65
-11596.793
-11246.157
-10954.756
-11843.649
-11596.792
-11246.157
-10954.756
-11843.649
-11596.792
-11246.157
-10954.755
-11843.648
-11596.791
-11246.157
-10954.755
-13182.247
-12901.81
-12449.463
-12030.015
-13182.246
-12901.808
-12449.46
-12030.012
-13182.244
-12901.806
-12449.459
-12030.011
-13182.243
-12901.805
-12449.458
-12030.01
-13182.249
-12901.858
-12449.474
-12030.186
-13182.242
-12901.838
-12449.441
-12030.147
-13182.239
-12901.833
-12449.434
-12030.139
-13182.237
-12901.829
-12449.429
-12030.134
-11843.586
-11596.854
-11246.261
-10954.855
-11843.525
-11596.798
-11246.21
-10954.807
-11843.512
-11596.785
-11246.199
-10954.797
-11843.506
-11596.779
-11246.194
-10954.793
-11843.505
-11596.778
-11246.193
-10954.792
-11843.503
-11596.777
-11246.192
-10954.792
-11843.501
-11596.775
-11246.19
-10954.791
-11843.497
-11596.771
-11246.186
-10954.788
-10832.779
-10677.026
-10466.136
-10297.566
-10832.778
-10677.026
-10466.136
-10297.566
-10832.778
-10677.026
-10466.136
-10297.567
-10832.778
-10677.026
-10466.136
-10297.567
-10832.778
-10677.026
-10466.136
-10297.567
-10832.777
-10677.026
-10466.136
-10297.567
-10832.776
-10677.024
-10466.135
-10297.566
-10832.774
-10677.023
-10466.133
-10297.565
-10205.253
-10036.497
-9792.0486
-9644.1199
-10205.253
-10036.497
-9792.0491
-9644.1206
-10205.253
-10036.497
-9792.0498
-9644.122
-10205.252
-10036.497
-9792.0503
-9644.1233
-10205.252
-10036.496
-9792.0467
-9644.1174
-10205.252
-10036.496
-9792.0472
-9644.1181
-10205.253
-10036.497
-9792.0479
-9644.1189
-10205.253
-10036.497
-9792.0484
-9644.1195
-10205.397
-10036.456
-9792.0637
-9644.1024
-10205.396
-10036.456
-9792.0642
-9644.1039
-10205.396
-10036.456
-9792.065
-9644.1054
-10205.395
-10036.456
-9792.0657
-9644.1071
-10832.798
-10677.01
-10466.183
-10297.423
-10832.796
-10677.008
-10466.181
-10297.422
-10832.794
-10677.007
-10466.18
-10297.421
-10832.791
-10677.005
-10466.178
-10297.42
-10832.905
-10677.142
-10466.23
-10297.642
-10832.802
-10677.046
-10466.151
-10297.577
-10832.793
-10677.039
-10466.145
-10297.573
-10832.787
-10677.034
-10466.141
-10297.57
-10205.317
-10036.526
-9792.0369
-9644.0203
-10205.261
-10036.499
-9792.0419
-9644.1048
-10205.257
-10036.497
-9792.0432
-9644.1078
-10205.255
-10036.496
-9792.044
-9644.1114
-9931.6342
-10036.556
-10065.694
-10101.565
-9931.8758
-10036.757
-10065.856
-10101.702
-9931.8912
-10036.773
-10065.87
-10101.714
-9931.9049
-10036.786
-10065.88
-10101.724
-10112.825
-10131.17
-10153.3
-10168.554
-10112.95
-10131.277
-10153.386
-10168.624
-10112.962
-10131.287
-10153.394
-10168.631
-10112.97
-10131.294
-10153.4
-10168.636
-10113.029
-10131.28
-10153.409
-10168.633
-10113.033
-10131.284
-10153.412
-10168.635
-10113.036
-10131.287
-10153.414
-10168.637
-10113.039
-10131.289
-10153.416
-10168.639
-9931.9123
-10036.782
-10065.9
-10101.669
-9931.9177
-10036.787
-10065.904
-10101.674
-9931.9221
-10036.792
-10065.908
-10101.677
-9931.9268
-10036.796
-10065.912
-10101.68
-9931.9227
-10036.804
-10065.895
-10101.738
-9931.9237
-10036.805
-10065.896
-10101.738
-9931.9244
-10036.806
-10065.897
-10101.739
-9931.9249
-10036.806
-10065.897
-10101.739
-9931.9253
-10036.807
-10065.898
-10101.74
-9931.9266
-10036.808
-10065.899
-10101.741
-9931.9301
-10036.811
-10065.902
-10101.743
-9931.9345
-10036.816
-10065.905
-10101.747
-10112.985
-10131.307
-10153.411
-10168.645
-10112.986
-10131.308
-10153.411
-10168.646
-10112.988
-10131.31
-10153.413
-10168.647
-10112.991
-10131.313
-10153.415
-10168.649
-10112.983
-10131.305
-10153.409
-10168.643
-10112.984
-10131.306
-10153.409
-10168.644
-10112.984
-10131.306
-10153.41
-10168.644
-10112.985
-10131.307
-10153.41
-10168.645
-10176.207
-10192.04
-10206.75
-10218.396
-10176.208
-10192.041
-10206.75
-10218.396
-10176.209
-10192.041
-10206.751
-10218.396
-10176.211
-10192.043
-10206.751
-10218.396
-10176.168
-10192.014
-10206.739
-10218.396
-10176.197
-10192.033
-10206.747
-10218.395
-10176.203
-10192.038
-10206.749
-10218.395
-10176.206
-10192.04
-10206.75
-10218.396
-10214.031
-10196.327
-10146.396
-10091.843
-10214.029
-10196.321
-10146.388
-10091.836
-10214.029
-10196.32
-10146.387
-10091.835
-10214.029
-10196.319
-10146.386
-10091.834
-10214.057
-10196.311
-10146.389
-10091.832
-10214.057
-10196.311
-10146.389
-10091.832
-10214.057
-10196.311
-10146.389
-10091.832
-10214.057
-10196.311
-10146.389
-10091.832
-10176.221
-10192.052
-10206.746
-10218.356
-10176.221
-10192.052
-10206.746
-10218.356
-10176.221
-10192.052
-10206.746
-10218.356
-10176.221
-10192.052
-10206.746
-10218.356
-10176.219
-10192.05
-10206.746
-10218.356
-10176.22
-10192.051
-10206.746
-10218.356
-10176.22
-10192.051
-10206.746
-10218.356
-10176.221
-10192.052
-10206.746
-10218.356
-10113.043
-10131.294
-10153.423
-10168.647
-10113.043
-10131.294
-10153.424
-10168.647
-10113.044
-10131.295
-10153.424
-10168.648
-10113.044
-10131.295
-10153.424
-10168.648
-10113.041
-10131.292
-10153.422
-10168.646
-10113.041
-10131.293
-10153.422
-10168.646
-10113.042
-10131.293
-10153.423
-10168.647
-10113.043
-10131.294
-10153.423
-10168.647
-9931.9448
-10036.806
-10065.914
-10101.682
-9931.9457
-10036.807
-10065.915
-10101.682
-9931.9468
-10036.808
-10065.916
-10101.683
-9931.9476
-10036.809
-10065.917
-10101.684
-9931.9479
-10036.809
-10065.917
-10101.684
-9931.9485
-10036.81
-10065.917
-10101.684
-9931.9491
-10036.81
-10065.918
-10101.685
-9931.9495
-10036.811
-10065.918
-10101.685
-9931.9457
-10036.819
-10065.902
-10101.742
-9931.946
-10036.819
-10065.902
-10101.743
-9931.9463
-10036.82
-10065.902
-10101.743
-9931.9465
-10036.82
-10065.902
-10101.743
-10112.988
-10131.311
-10153.417
-10168.652
-10112.988
-10131.311
-10153.417
-10168.652
-10112.988
-10131.311
-10153.417
-10168.652
-10112.988
-10131.311
-10153.417
-10168.652
-10113.045
-10131.296
-10153.425
-10168.648
-10113.045
-10131.296
-10153.425
-10168.648
-10113.045
-10131.296
-10153.425
-10168.648
-10113.045
-10131.296
-10153.425
-10168.648
-9931.9507
-10036.812
-10065.919
-10101.686
-9931.9509
-10036.812
-10065.919
-10101.686
-9931.9511
-10036.812
-10065.919
-10101.686
-9931.9513
-10036.812
-10065.919
-10101.686
-9931.9385
-10036.819
-10065.908
-10101.749
-9931.9384
-10036.819
-10065.908
-10101.749
-9931.9382
-10036.819
-10065.908
-10101.749
-9931.938
-10036.819
-10065.908
-10101.749
-9931.9379
-10036.819
-10065.908
-10101.749
-9931.9377
-10036.818
-10065.908
-10101.749
-9931.9375
-10036.818
-10065.907
-10101.748
-9931.9372
-10036.818
-10065.907
-10101.748
-10112.993
-10131.314
-10153.417
-10168.65
-10112.993
-10131.314
-10153.416
-10168.65
-10112.993
-10131.314
-10153.416
-10168.65
-10112.993
-10131.314
-10153.416
-10168.65
-10112.994
-10131.315
-10153.417
-10168.65
-10112.994
-10131.315
-10153.417
-10168.65
-10112.994
-10131.315
-10153.417
-10168.65
-10112.994
-10131.315
-10153.417
-10168.65
-10176.213
-10192.044
-10206.752
-10218.397
-10176.213
-10192.044
-10206.752
-10218.397
-10176.213
-10192.044
-10206.752
-10218.397
-10176.212
-10192.044
-10206.752
-10218.397
-10176.214
-10192.043
-10206.752
-10218.396
-10176.214
-10192.043
-10206.752
-10218.396
-10176.213
-10192.043
-10206.752
-10218.396
-10176.213
-10192.043
-10206.752
-10218.396
-10113.049
-10131.298
-10153.423
-10168.643
-10113.049
-10131.298
-10153.423
-10168.643
-10113.048
-10131.297
-10153.423
-10168.643
-10113.048
-10131.297
-10153.422
-10168.643
-10113.049
-10131.298
-10153.423
-10168.643
-10113.049
-10131.298
-10153.423
-10168.643
-10113.049
-10131.298
-10153.423
-10168.643
-10113.049
-10131.298
-10153.423
-10168.643
-9931.9415
-10036.809
-10065.923
-10101.691
-9931.9412
-10036.809
-10065.923
-10101.691
-9931.9409
-10036.809
-10065.923
-10101.691
-9931.9407
-10036.809
-10065.923
-10101.69
-9931.9405
-10036.808
-10065.922
-10101.69
-9931.9403
-10036.808
-10065.922
-10101.69
-9931.9401
-10036.808
-10065.922
-10101.69
-9931.9399
-10036.808
-10065.922
-10101.69
-9931.9354
-10036.816
-10065.906
-10101.747
-9931.9353
-10036.816
-10065.905
-10101.746
-9931.9352
-10036.816
-10065.905
-10101.746
-9931.9351
-10036.816
-10065.905
-10101.746
-10112.991
-10131.313
-10153.415
-10168.649
-10112.991
-10131.313
-10153.415
-10168.649
-10112.991
-10131.312
-10153.415
-10168.649
-10112.991
-10131.312
-10153.415
-10168.649
-10113.048
-10131.297
-10153.423
-10168.645
-10113.048
-10131.297
-10153.423
-10168.645
-10113.048
-10131.297
-10153.423
-10168.645
-10113.048
-10131.297
-10153.423
-10168.645
-9931.9392
-10036.808
-10065.922
-10101.689
-9931.9392
-10036.808
-10065.922
-10101.689
-9931.9393
-10036.808
-10065.922
-10101.689
-9931.9394
-10036.808
-10065.922
-10101.689
-9931.9355
-10036.816
-10065.906
-10101.747
-9931.9357
-10036.816
-10065.906
-10101.747
-9931.9361
-10036.817
-10065.906
-10101.747
-9931.9365
-10036.817
-10065.907
-10101.748
-9931.9368
-10036.817
-10065.907
-10101.748
-9931.9374
-10036.818
-10065.907
-10101.748
-9931.9384
-10036.819
-10065.908
-10101.749
-9931.9398
-10036.823
-10065.911
-10101.751
-10112.993
-10131.314
-10153.416
-10168.65
-10112.993
-10131.314
-10153.416
-10168.65
-10112.994
-10131.315
-10153.417
-10168.65
-10112.996
-10131.316
-10153.418
-10168.651
-10112.992
-10131.313
-10153.415
-10168.649
-10112.992
-10131.313
-10153.415
-10168.649
-10112.992
-10131.313
-10153.415
-10168.649
-10112.992
-10131.313
-10153.416
-10168.649
-10176.212
-10192.043
-10206.752
-10218.396
-10176.212
-10192.043
-10206.752
-10218.396
-10176.212
-10192.044
-10206.752
-10218.397
-10176.213
-10192.044
-10206.752
-10218.397
-10176.212
-10192.043
-10206.752
-10218.396
-10176.211
-10192.043
-10206.752
-10218.396
-10176.211
-10192.043
-10206.752
-10218.396
-10176.211
-10192.043
-10206.752
-10218.396
-10214.029
-10196.319
-10146.385
-10091.834
-10214.029
-10196.319
-10146.385
-10091.834
-10214.029
-10196.319
-10146.385
-10091.834
-10214.029
-10196.319
-10146.385
-10091.834
-10214.029
-10196.319
-10146.385
-10091.834
-10214.029
-10196.319
-10146.385
-10091.834
-10214.029
-10196.319
-10146.385
-10091.834
-10214.029
-10196.319
-10146.385
-10091.834
-10056.264
-9983.2934
-9878.1754
-9793.9076
-10056.265
-9983.2935
-9878.1754
-9793.9076
-10056.265
-9983.2935
-9878.1754
-9793.9076
-10056.265
-9983.2936
-9878.1754
-9793.9076
-10056.265
-9983.2936
-9878.1754
-9793.9075
-10056.265
-9983.2936
-9878.1754
-9793.9075
-10056.265
-9983.2936
-9878.1754
-9793.9076
-10056.264
-9983.2935
-9878.1755
-9793.9078
-9748.9123
-9666.4784
-9567.1331
-9501.6265
-9748.9123
-9666.4784
-9567.1331
-9501.6265
-9748.9124
-9666.4785
-9567.1331
-9501.6263
-9748.9125
-9666.4787
-9567.1331
-9501.6258
-9748.9124
-9666.4786
-9567.133
-9501.626
-9748.9124
-9666.4785
-9567.1331
-9501.6261
-9748.9123
-9666.4785
-9567.1331
-9501.6263
-9748.9123
-9666.4785
-9567.1331
-9501.6264
-9748.8992
-9666.4819
-9567.1314
-9501.6276
-9748.8994
-9666.482
-9567.1313
-9501.6272
-9748.8995
-9666.4821
-9567.1313
-9501.6269
-9748.8996
-9666.4822
-9567.1313
-9501.6268
-10056.264
-9983.2955
-9878.1715
-9793.9205
-10056.263
-9983.2954
-9878.1715
-9793.9206
-10056.263
-9983.2953
-9878.1716
-9793.9207
-10056.263
-9983.2953
-9878.1716
-9793.9208
-10056.272
-9983.2964
-9878.1728
-9793.9021
-10056.267
-9983.2945
-9878.1751
-9793.9065
-10056.266
-9983.294
-9878.1752
-9793.9069
-10056.265
-9983.2937
-9878.1753
-9793.9073
-9748.9061
-9666.473
-9567.1345
-9501.638
-9748.911
-9666.4773
-9567.1335
-9501.6294
-9748.9116
-9666.4778
-9567.1333
-9501.6279
-9748.912
-9666.4782
-9567.1332
-9501.627
-9402.5179
-9202.3491
-8940.5164
-8744.645
-9402.5161
-9202.349
-8940.517
-8744.6455
-9402.5154
-9202.349
-8940.5172
-8744.6458
-9402.5153
-9202.3489
-8940.5172
-8744.6458
-8644.3282
-8467.0439
-8264.8896
-8139.6896
-8644.3285
-8467.0438
-8264.8893
-8139.6899
-8644.3287
-8467.0439
-8264.8892
-8139.6899
-8644.3287
-8467.0439
-8264.8892
-8139.6899
-8644.3232
-8467.0455
-8264.8884
-8139.6903
-8644.3232
-8467.0454
-8264.8885
-8139.6903
-8644.3231
-8467.0454
-8264.8885
-8139.6903
-8644.3232
-8467.0454
-8264.8884
-8139.6903
-9402.5149
-9202.3497
-8940.5156
-8744.6513
-9402.515
-9202.3498
-8940.5155
-8744.6513
-9402.5151
-9202.3498
-8940.5155
-8744.6513
-9402.5149
-9202.3498
-8940.5156
-8744.6513
-9402.004
-9202.2538
-8940.6121
-8744.7252
-9402.0039
-9202.2539
-8940.6121
-8744.7252
-9402.0039
-9202.2539
-8940.6121
-8744.7252
-9402.0039
-9202.2539
-8940.6121
-8744.7252
-8644.368
-8467.0018
-8264.8243
-8139.7708
-8644.368
-8467.0018
-8264.8243
-8139.7709
-8644.368
-8467.0018
-8264.8243
-8139.7709
-8644.368
-8467.0018
-8264.8243
-8139.7709
-8644.363
-8467.0032
-8264.8236
-8139.7712
-8644.363
-8467.0032
-8264.8236
-8139.7712
-8644.363
-8467.0032
-8264.8236
-8139.7712
-8644.363
-8467.0032
-8264.8236
-8139.7714
-9402.0113
-9202.2525
-8940.6116
-8744.7302
-9402.0113
-9202.2525
-8940.6116
-8744.7302
-9402.0113
-9202.2525
-8940.6116
-8744.7302
-9402.0113
-9202.2525
-8940.6116
-8744.7302
-9748.8351
-9666.5449
-9567.4622
-9502.3328
-9748.8351
-9666.5449
-9567.4622
-9502.3328
-9748.8351
-9666.545
-9567.4622
-9502.3327
-9748.8351
-9666.5449
-9567.4621
-9502.3326
-10056.206
-9983.1834
-9878.0485
-9793.8229
-10056.206
-9983.1834
-9878.0485
-9793.823
-10056.205
-9983.1833
-9878.0485
-9793.823
-10056.205
-9983.1833
-9878.0485
-9793.823
-10056.207
-9983.1814
-9878.0524
-9793.8094
-10056.207
-9983.1814
-9878.0524
-9793.8094
-10056.207
-9983.1814
-9878.0524
-9793.8094
-10056.207
-9983.1814
-9878.0524
-9793.8094
-9748.8484
-9666.5412
-9567.4641
-9502.3319
-9748.8484
-9666.5412
-9567.4641
-9502.3319
-9748.8484
-9666.5412
-9567.464
-9502.3319
-9748.8484
-9666.5412
-9567.464
-9502.3319
-9748.8351
-9666.5449
-9567.4622
-9502.3329
-9748.8351
-9666.5449
-9567.4622
-9502.3329
-9748.8351
-9666.5449
-9567.4622
-9502.3329
-9748.8351
-9666.5449
-9567.4622
-9502.3329
-9748.835
-9666.5449
-9567.4622
-9502.333
-9748.8351
-9666.545
-9567.4622
-9502.3328
-9748.8351
-9666.545
-9567.4622
-9502.3329
-9748.8351
-9666.545
-9567.4622
-9502.3329
-10056.206
-9983.1833
-9878.0484
-9793.8229
-10056.206
-9983.1834
-9878.0485
-9793.823
-10056.206
-9983.1834
-9878.0485
-9793.823
-10056.206
-9983.1834
-9878.0485
-9793.823
-10056.206
-9983.1834
-9878.0485
-9793.823
-10056.206
-9983.1834
-9878.0485
-9793.823
-10056.206
-9983.1834
-9878.0485
-9793.8229
-10056.206
-9983.1834
-9878.0485
-9793.8229
-10214.163
-10196.383
-10146.407
-10091.774
-10214.163
-10196.383
-10146.407
-10091.774
-10214.163
-10196.383
-10146.407
-10091.774
-10214.163
-10196.383
-10146.407
-10091.774
-10214.163
-10196.383
-10146.407
-10091.774
-10214.163
-10196.383
-10146.407
-10091.774
-10214.163
-10196.383
-10146.407
-10091.774
-10214.163
-10196.383
-10146.407
-10091.774
-10176.722
-10191.538
-10206.011
-10219.53
-10176.721
-10191.538
-10206.011
-10219.53
-10176.721
-10191.538
-10206.011
-10219.53
-10176.721
-10191.538
-10206.011
-10219.53
-10176.721
-10191.538
-10206.011
-10219.53
-10176.721
-10191.538
-10206.011
-10219.53
-10176.721
-10191.538
-10206.011
-10219.53
-10176.721
-10191.538
-10206.011
-10219.53
-10113.832
-10132.331
-10154.422
-10169.773
-10113.832
-10132.331
-10154.422
-10169.773
-10113.832
-10132.331
-10154.422
-10169.773
-10113.832
-10132.331
-10154.422
-10169.773
-10113.83
-10132.33
-10154.421
-10169.773
-10113.832
-10132.331
-10154.422
-10169.773
-10113.832
-10132.331
-10154.422
-10169.773
-10113.832
-10132.331
-10154.422
-10169.773
-9923.3195
-10032.375
-10065.028
-10102.087
-9923.321
-10032.379
-10065.03
-10102.089
-9923.3207
-10032.378
-10065.03
-10102.089
-9923.321
-10032.379
-10065.03
-10102.089
-9923.3209
-10032.379
-10065.03
-10102.089
-9923.3209
-10032.379
-10065.03
-10102.089
-9923.3208
-10032.379
-10065.03
-10102.089
-9923.3208
-10032.379
-10065.03
-10102.089
-9923.3165
-10032.387
-10065.013
-10102.149
-9923.3164
-10032.387
-10065.013
-10102.149
-9923.3163
-10032.387
-10065.012
-10102.149
-9923.3162
-10032.387
-10065.012
-10102.149
-10113.773
-10132.348
-10154.413
-10169.777
-10113.773
-10132.347
-10154.413
-10169.777
-10113.773
-10132.347
-10154.413
-10169.777
-10113.773
-10132.347
-10154.413
-10169.777
-10113.832
-10132.331
-10154.422
-10169.773
-10113.832
-10132.331
-10154.422
-10169.773
-10113.832
-10132.331
-10154.422
-10169.773
-10113.832
-10132.331
-10154.422
-10169.773
-9923.3205
-10032.379
-10065.03
-10102.089
-9923.3205
-10032.379
-10065.03
-10102.089
-9923.3205
-10032.379
-10065.03
-10102.089
-9923.3205
-10032.379
-10065.03
-10102.089
-9923.3161
-10032.387
-10065.012
-10102.149
-9923.3161
-10032.387
-10065.012
-10102.149
-9923.316
-10032.387
-10065.012
-10102.149
-9923.316
-10032.387
-10065.012
-10102.149
-9923.3159
-10032.387
-10065.012
-10102.149
-9923.3159
-10032.387
-10065.012
-10102.149
-9923.3158
-10032.387
-10065.012
-10102.149
-9923.3158
-10032.387
-10065.012
-10102.149
-10113.772
-10132.347
-10154.413
-10169.777
-10113.772
-10132.347
-10154.413
-10169.777
-10113.772
-10132.347
-10154.413
-10169.777
-10113.772
-10132.347
-10154.413
-10169.777
-10113.772
-10132.347
-10154.413
-10169.777
-10113.772
-10132.347
-10154.413
-10169.777
-10113.772
-10132.347
-10154.413
-10169.777
-10113.772
-10132.347
-10154.413
-10169.777
-10176.721
-10191.538
-10206.011
-10219.53
-10176.721
-10191.538
-10206.011
-10219.53
-10176.721
-10191.538
-10206.011
-10219.53
-10176.721
-10191.538
-10206.011
-10219.53
-10176.721
-10191.538
-10206.011
-10219.53
-10176.721
-10191.538
-10206.011
-10219.53
-10176.721
-10191.537
-10206.011
-10219.53
-10176.721
-10191.537
-10206.011
-10219.53
-10113.832
-10132.331
-10154.421
-10169.773
-10113.832
-10132.331
-10154.421
-10169.773
-10113.832
-10132.331
-10154.421
-10169.773
-10113.832
-10132.331
-10154.421
-10169.773
-10113.832
-10132.331
-10154.421
-10169.773
-10113.832
-10132.331
-10154.421
-10169.773
-10113.832
-10132.331
-10154.421
-10169.773
-10113.832
-10132.331
-10154.421
-10169.773
-9923.3201
-10032.378
-10065.029
-10102.089
-9923.32
-10032.378
-10065.029
-10102.089
-9923.32
-10032.378
-10065.029
-10102.089
-9923.32
-10032.378
-10065.029
-10102.089
-9923.32
-10032.378
-10065.029
-10102.089
-9923.3199
-10032.378
-10065.029
-10102.089
-9923.3199
-10032.378
-10065.029
-10102.089
-9923.3199
-10032.378
-10065.029
-10102.089
-9923.3151
-10032.386
-10065.013
-10102.15
-9923.3151
-10032.386
-10065.013
-10102.15
-9923.3151
-10032.386
-10065.013
-10102.15
-9923.3151
-10032.386
-10065.013
-10102.15
-10113.773
-10132.348
-10154.413
-10169.777
-10113.773
-10132.348
-10154.413
-10169.777
-10113.773
-10132.348
-10154.413
-10169.777
-10113.773
-10132.348
-10154.413
-10169.777
-10113.832
-10132.331
-10154.421
-10169.773
-10113.833
-10132.331
-10154.421
-10169.773
-10113.833
-10132.331
-10154.421
-10169.773
-10113.833
-10132.331
-10154.421
-10169.773
-9923.3194
-10032.378
-10065.03
-10102.089
-9923.3194
-10032.378
-10065.03
-10102.089
-9923.3194
-10032.378
-10065.03
-10102.089
-9923.3194
-10032.378
-10065.03
-10102.089
-9923.3151
-10032.386
-10065.013
-10102.15
-9923.3151
-10032.386
-10065.013
-10102.15
-9923.3152
-10032.386
-10065.013
-10102.15
-9923.3152
-10032.386
-10065.013
-10102.15
-9923.3152
-10032.386
-10065.013
-10102.15
-9923.3153
-10032.386
-10065.013
-10102.15
-9923.3153
-10032.386
-10065.013
-10102.15
-9923.3154
-10032.386
-10065.013
-10102.15
-10113.773
-10132.348
-10154.413
-10169.777
-10113.773
-10132.348
-10154.413
-10169.777
-10113.773
-10132.348
-10154.413
-10169.777
-10113.773
-10132.348
-10154.413
-10169.777
-10113.773
-10132.348
-10154.413
-10169.777
-10113.773
-10132.348
-10154.413
-10169.777
-10113.773
-10132.348
-10154.413
-10169.777
-10113.773
-10132.348
-10154.413
-10169.777
-10176.72
-10191.536
-10206.012
-10219.535
-10176.72
-10191.536
-10206.012
-10219.536
-10176.72
-10191.537
-10206.012
-10219.536
-10176.72
-10191.537
-10206.012
-10219.536
-10176.72
-10191.536
-10206.012
-10219.535
-10176.72
-10191.536
-10206.012
-10219.535
-10176.72
-10191.536
-10206.012
-10219.536
-10176.72
-10191.536
-10206.012
-10219.536
-10214.159
-10196.384
-10146.407
-10091.774
-10214.159
-10196.384
-10146.407
-10091.774
-10214.159
-10196.384
-10146.407
-10091.774
-10214.159
-10196.384
-10146.407
-10091.774
-10214.163
-10196.383
-10146.407
-10091.774
-10214.163
-10196.383
-10146.407
-10091.774
-10214.163
-10196.383
-10146.407
-10091.774
-10214.163
-10196.383
-10146.407
-10091.774
-10176.722
-10191.538
-10206.011
-10219.53
-10176.722
-10191.538
-10206.011
-10219.53
-10176.722
-10191.538
-10206.011
-10219.53
-10176.722
-10191.538
-10206.011
-10219.53
-10176.721
-10191.538
-10206.011
-10219.53
-10176.721
-10191.538
-10206.011
-10219.53
-10176.721
-10191.538
-10206.011
-10219.53
-10176.722
-10191.538
-10206.011
-10219.53
-10113.832
-10132.331
-10154.422
-10169.773
-10113.832
-10132.331
-10154.422
-10169.773
-10113.832
-10132.331
-10154.422
-10169.773
-10113.832
-10132.331
-10154.422
-10169.773
-10113.832
-10132.331
-10154.421
-10169.773
-10113.832
-10132.331
-10154.421
-10169.773
-10113.832
-10132.331
-10154.422
-10169.773
-10113.832
-10132.331
-10154.422
-10169.773
-9923.3202
-10032.378
-10065.03
-10102.089
-9923.3203
-10032.379
-10065.03
-10102.089
-9923.3204
-10032.379
-10065.03
-10102.089
-9923.3205
-10032.379
-10065.03
-10102.089
-9923.3206
-10032.379
-10065.03
-10102.089
-9923.3207
-10032.379
-10065.03
-10102.089
-9923.3208
-10032.379
-10065.03
-10102.089
-9923.3209
-10032.379
-10065.03
-10102.089
-9923.3167
-10032.387
-10065.013
-10102.149
-9923.3168
-10032.388
-10065.013
-10102.149
-9923.317
-10032.388
-10065.013
-10102.15
-9923.3171
-10032.388
-10065.013
-10102.15
-10113.773
-10132.348
-10154.414
-10169.777
-10113.773
-10132.348
-10154.414
-10169.777
-10113.773
-10132.348
-10154.414
-10169.778
-10113.773
-10132.348
-10154.414
-10169.778
-10113.832
-10132.331
-10154.422
-10169.773
-10113.833
-10132.331
-10154.422
-10169.773
-10113.833
-10132.331
-10154.422
-10169.773
-10113.833
-10132.332
-10154.422
-10169.774
-9923.3215
-10032.379
-10065.03
-10102.089
-9923.3217
-10032.379
-10065.03
-10102.089
-9923.3219
-10032.38
-10065.031
-10102.09
-9923.321
-10032.379
-10065.031
-10102.09
-9921.84
-10031.162
-10064.272
-10101.651
-9921.8379
-10031.161
-10064.272
-10101.651
-9921.8385
-10031.161
-10064.272
-10101.651
-9921.8381
-10031.161
-10064.272
-10101.651
-9921.8383
-10031.161
-10064.272
-10101.651
-9921.8383
-10031.161
-10064.272
-10101.651
-9921.8383
-10031.161
-10064.272
-10101.651
-9921.8383
-10031.161
-10064.272
-10101.651
-10113.404
-10132.171
-10154.425
-10169.894
-10113.404
-10132.171
-10154.425
-10169.894
-10113.404
-10132.171
-10154.425
-10169.894
-10113.404
-10132.171
-10154.425
-10169.894
-10113.404
-10132.171
-10154.425
-10169.894
-10113.404
-10132.171
-10154.425
-10169.894
-10113.404
-10132.171
-10154.425
-10169.894
-10113.404
-10132.171
-10154.425
-10169.894
-10176.894
-10191.775
-10206.216
-10219.662
-10176.894
-10191.775
-10206.216
-10219.663
-10176.894
-10191.775
-10206.216
-10219.663
-10176.894
-10191.775
-10206.216
-10219.663
-10176.894
-10191.775
-10206.216
-10219.663
-10176.894
-10191.775
-10206.216
-10219.663
-10176.894
-10191.775
-10206.216
-10219.663
-10176.894
-10191.775
-10206.216
-10219.663
-10113.465
-10132.154
-10154.434
-10169.89
-10113.465
-10132.154
-10154.434
-10169.89
-10113.465
-10132.154
-10154.434
-10169.89
-10113.465
-10132.154
-10154.434
-10169.89
-10113.465
-10132.154
-10154.434
-10169.89
-10113.465
-10132.154
-10154.434
-10169.89
-10113.465
-10132.154
-10154.434
-10169.89
-10113.465
-10132.154
-10154.434
-10169.89
-9921.8427
-10031.152
-10064.289
-10101.589
-9921.8427
-10031.152
-10064.289
-10101.589
-9921.8427
-10031.152
-10064.289
-10101.589
-9921.8428
-10031.152
-10064.289
-10101.589
-9921.8428
-10031.152
-10064.289
-10101.589
-9921.8428
-10031.152
-10064.289
-10101.589
-9921.8427
-10031.152
-10064.289
-10101.589
-9921.8427
-10031.152
-10064.289
-10101.589
-9921.8383
-10031.161
-10064.272
-10101.651
-9921.8383
-10031.161
-10064.272
-10101.651
-9921.8383
-10031.161
-10064.272
-10101.651
-9921.8383
-10031.161
-10064.272
-10101.651
-10113.404
-10132.171
-10154.425
-10169.894
-10113.404
-10132.171
-10154.425
-10169.894
-10113.404
-10132.171
-10154.425
-10169.894
-10113.404
-10132.171
-10154.425
-10169.894
-10113.465
-10132.154
-10154.434
-10169.89
-10113.465
-10132.154
-10154.434
-10169.89
-10113.465
-10132.154
-10154.434
-10169.89
-10113.465
-10132.154
-10154.434
-10169.89
-9921.8428
-10031.152
-10064.289
-10101.589
-9921.8428
-10031.152
-10064.289
-10101.589
-9921.8428
-10031.152
-10064.289
-10101.589
-9921.8428
-10031.152
-10064.289
-10101.589
-9921.8383
-10031.161
-10064.272
-10101.651
-9921.8383
-10031.161
-10064.272
-10101.651
-9921.8383
-10031.161
-10064.272
-10101.651
-9921.8383
-10031.161
-10064.272
-10101.651
-9921.8383
-10031.161
-10064.272
-10101.651
-9921.8383
-10031.161
-10064.272
-10101.651
-9921.8383
-10031.161
-10064.272
-10101.651
-9921.8383
-10031.161
-10064.272
-10101.651
-10113.404
-10132.171
-10154.425
-10169.894
-10113.404
-10132.171
-10154.425
-10169.894
-10113.404
-10132.171
-10154.425
-10169.894
-10113.404
-10132.171
-10154.425
-10169.894
-10113.404
-10132.171
-10154.425
-10169.894
-10113.404
-10132.171
-10154.425
-10169.894
-10113.404
-10132.171
-10154.425
-10169.894
-10113.404
-10132.171
-10154.425
-10169.894
-10176.894
-10191.775
-10206.216
-10219.663
-10176.894
-10191.775
-10206.216
-10219.663
-10176.894
-10191.775
-10206.216
-10219.663
-10176.894
-10191.775
-10206.216
-10219.663
-10176.894
-10191.775
-10206.216
-10219.663
-10176.894
-10191.775
-10206.216
-10219.663
-10176.893
-10191.775
-10206.216
-10219.663
-10176.893
-10191.775
-10206.216
-10219.663
-10214.18
-10196.177
-10146.187
-10092.086
-10214.18
-10196.177
-10146.187
-10092.086
-10214.18
-10196.177
-10146.187
-10092.086
-10214.18
-10196.177
-10146.187
-10092.086
-10214.18
-10196.177
-10146.187
-10092.086
-10214.18
-10196.177
-10146.187
-10092.086
-10214.18
-10196.177
-10146.187
-10092.086
-10214.18
-10196.177
-10146.187
-10092.086
-10056.273
-9983.2848
-9878.1695
-9793.9007
-10056.273
-9983.2848
-9878.1695
-9793.9006
-10056.273
-9983.2848
-9878.1695
-9793.9006
-10056.273
-9983.2848
-9878.1695
-9793.9006
-9748.9069
-9666.4832
-9567.1483
-9501.6805
-9748.9068
-9666.4832
-9567.1483
-9501.6806
-9748.9068
-9666.4832
-9567.1483
-9501.6805
-9748.9068
-9666.4832
-9567.1483
-9501.6805
-9748.8938
-9666.4868
-9567.1465
-9501.6815
-9748.8938
-9666.4868
-9567.1465
-9501.6815
-9748.8938
-9666.4868
-9567.1465
-9501.6815
-9748.8938
-9666.4868
-9567.1465
-9501.6815
-10056.272
-9983.2867
-9878.1657
-9793.9138
-10056.272
-9983.2867
-9878.1657
-9793.9138
-10056.272
-9983.2867
-9878.1657
-9793.9138
-10056.272
-9983.2867
-9878.1657
-9793.9138
-10056.268
-9983.2861
-9878.1688
-9793.9011
-10056.268
-9983.2861
-9878.1688
-9793.9011
-10056.268
-9983.2861
-9878.1688
-9793.9011
-10056.268
-9983.2861
-9878.1689
-9793.9011
-9748.9018
-9666.4844
-9567.1479
-9501.6799
-9748.9018
-9666.4844
-9567.1479
-9501.6799
-9748.9018
-9666.4844
-9567.1479
-9501.6798
-9748.9018
-9666.4844
-9567.1479
-9501.6798
-9748.8939
-9666.4866
-9567.1468
-9501.6804
-9748.894
-9666.4866
-9567.1468
-9501.6804
-9748.894
-9666.4867
-9567.1468
-9501.6803
-9748.8941
-9666.4867
-9567.1468
-9501.6802
-10056.267
-9983.288
-9878.165
-9793.9142
-10056.267
-9983.288
-9878.1651
-9793.9142
-10056.267
-9983.288
-9878.1651
-9793.9143
-10056.267
-9983.288
-9878.1651
-9793.9143
-10214.183
-10196.177
-10146.186
-10092.091
-10214.183
-10196.177
-10146.186
-10092.091
-10214.183
-10196.177
-10146.186
-10092.091
-10214.182
-10196.177
-10146.185
-10092.091
-10214.183
-10196.176
-10146.186
-10092.088
-10214.183
-10196.176
-10146.186
-10092.088
-10214.183
-10196.176
-10146.186
-10092.088
-10214.183
-10196.176
-10146.186
-10092.088
-10176.894
-10191.776
-10206.215
-10219.658
-10176.894
-10191.776
-10206.215
-10219.658
-10176.894
-10191.776
-10206.215
-10219.658
-10176.894
-10191.776
-10206.215
-10219.658
-10176.894
-10191.776
-10206.215
-10219.658
-10176.894
-10191.776
-10206.215
-10219.658
-10176.894
-10191.776
-10206.215
-10219.658
-10176.894
-10191.776
-10206.215
-10219.658
-10113.464
-10132.153
-10154.434
-10169.89
-10113.464
-10132.153
-10154.434
-10169.89
-10113.464
-10132.153
-10154.434
-10169.89
-10113.464
-10132.153
-10154.434
-10169.89
-10113.464
-10132.153
-10154.434
-10169.89
-10113.464
-10132.153
-10154.434
-10169.89
-10113.464
-10132.153
-10154.434
-10169.89
-10113.464
-10132.153
-10154.434
-10169.89
-9921.8431
-10031.153
-10064.288
-10101.588
-9921.8431
-10031.153
-10064.288
-10101.588
-9921.8431
-10031.153
-10064.288
-10101.588
-9921.8431
-10031.153
-10064.288
-10101.588
-9921.8431
-10031.153
-10064.288
-10101.588
-9921.8431
-10031.153
-10064.288
-10101.588
-9921.8431
-10031.153
-10064.288
-10101.588
-9921.8431
-10031.153
-10064.288
-10101.588
-9921.8387
-10031.162
-10064.271
-10101.65
-9921.8387
-10031.162
-10064.271
-10101.65
-9921.8387
-10031.162
-10064.271
-10101.65
-9921.8387
-10031.162
-10064.271
-10101.65
-10113.403
-10132.17
-10154.425
-10169.894
-10113.403
-10132.17
-10154.425
-10169.894
-10113.403
-10132.17
-10154.425
-10169.894
-10113.403
-10132.17
-10154.425
-10169.894
-10113.464
-10132.153
-10154.434
-10169.89
-10113.464
-10132.153
-10154.434
-10169.89
-10113.464
-10132.153
-10154.434
-10169.89
-10113.464
-10132.153
-10154.434
-10169.89
-9921.8431
-10031.153
-10064.288
-10101.588
-9921.8431
-10031.153
-10064.288
-10101.588
-9921.8431
-10031.153
-10064.288
-10101.588
-9921.8431
-10031.153
-10064.288
-10101.588
-9921.8388
-10031.162
-10064.271
-10101.65
-9921.8387
-10031.162
-10064.271
-10101.65
-9921.8387
-10031.162
-10064.271
-10101.65
-9921.8387
-10031.162
-10064.271
-10101.65
-9921.8388
-10031.162
-10064.271
-10101.65
-9921.8388
-10031.162
-10064.271
-10101.65
-9921.8388
-10031.162
-10064.271
-10101.65
-9921.8388
-10031.162
-10064.271
-10101.65
-10113.403
-10132.17
-10154.425
-10169.895
-10113.403
-10132.17
-10154.425
-10169.895
-10113.403
-10132.17
-10154.425
-10169.895
-10113.403
-10132.17
-10154.425
-10169.895
-10113.403
-10132.17
-10154.425
-10169.895
-10113.403
-10132.17
-10154.425
-10169.895
-10113.403
-10132.17
-10154.425
-10169.895
-10113.403
-10132.17
-10154.425
-10169.895
-10176.894
-10191.776
-10206.215
-10219.658
-10176.894
-10191.776
-10206.215
-10219.658
-10176.894
-10191.776
-10206.215
-10219.658
-10176.894
-10191.776
-10206.215
-10219.658
-10176.894
-10191.776
-10206.215
-10219.658
-10176.894
-10191.776
-10206.215
-10219.658
-10176.894
-10191.776
-10206.215
-10219.658
-10176.895
-10191.776
-10206.215
-10219.658
-10113.464
-10132.153
-10154.434
-10169.89
-10113.464
-10132.153
-10154.434
-10169.89
-10113.464
-10132.153
-10154.434
-10169.89
-10113.466
-10132.154
-10154.435
-10169.891
-10113.464
-10132.153
-10154.434
-10169.89
-10113.464
-10132.153
-10154.434
-10169.89
-10113.464
-10132.153
-10154.434
-10169.89
-10113.464
-10132.153
-10154.434
-10169.89
-9921.8432
-10031.153
-10064.288
-10101.588
-9921.8432
-10031.153
-10064.288
-10101.588
-9921.8432
-10031.153
-10064.288
-10101.588
-9921.8433
-10031.153
-10064.288
-10101.588
-9921.8433
-10031.153
-10064.288
-10101.588
-9921.8432
-10031.153
-10064.288
-10101.588
-9921.8433
-10031.153
-10064.289
-10101.588
-9921.8395
-10031.153
-10064.289
-10101.59
-9913.5361
-10023.65
-10058.166
-10096.379
-9913.5304
-10023.65
-10058.167
-10096.381
-9913.5317
-10023.65
-10058.166
-10096.381
-9913.5309
-10023.65
-10058.167
-10096.381
-10108.592
-10128.121
-10151.277
-10167.374
-10108.594
-10128.123
-10151.278
-10167.376
-10108.594
-10128.122
-10151.278
-10167.375
-10108.594
-10128.123
-10151.278
-10167.376
-10108.658
-10128.104
-10151.287
-10167.371
-10108.658
-10128.104
-10151.287
-10167.371
-10108.658
-10128.104
-10151.287
-10167.371
-10108.658
-10128.105
-10151.287
-10167.371
-9913.5359
-10023.641
-10058.185
-10096.315
-9913.536
-10023.641
-10058.185
-10096.315
-9913.536
-10023.641
-10058.185
-10096.315
-9913.5359
-10023.641
-10058.185
-10096.315
-9913.5309
-10023.65
-10058.166
-10096.381
-9913.5309
-10023.65
-10058.166
-10096.381
-9913.5309
-10023.65
-10058.166
-10096.381
-9913.531
-10023.65
-10058.166
-10096.381
-9907.1711
-10025.424
-10057.298
-10096.818
-9907.1712
-10025.424
-10057.298
-10096.818
-9907.1712
-10025.424
-10057.298
-10096.818
-9907.1712
-10025.424
-10057.298
-10096.818
-10108.626
-10128.113
-10151.283
-10167.373
-10108.626
-10128.114
-10151.283
-10167.373
-10108.626
-10128.114
-10151.283
-10167.373
-10108.626
-10128.114
-10151.283
-10167.373
-10108.594
-10128.123
-10151.278
-10167.376
-10108.594
-10128.123
-10151.278
-10167.375
-10108.594
-10128.123
-10151.278
-10167.375
-10108.594
-10128.123
-10151.278
-10167.375
-10174.819
-10190.68
-10206.136
-10220.213
-10174.819
-10190.679
-10206.136
-10220.213
-10174.819
-10190.679
-10206.136
-10220.213
-10174.819
-10190.679
-10206.136
-10220.213
-10174.819
-10190.68
-10206.136
-10220.213
-10174.819
-10190.68
-10206.136
-10220.213
-10174.819
-10190.68
-10206.136
-10220.213
-10174.819
-10190.68
-10206.136
-10220.213
-10215.053
-10197.529
-10147.505
-10093.037
-10215.052
-10197.528
-10147.505
-10093.037
-10215.052
-10197.529
-10147.505
-10093.037
-10215.052
-10197.528
-10147.505
-10093.037
-10215.056
-10197.528
-10147.505
-10093.036
-10215.056
-10197.528
-10147.505
-10093.036
-10215.056
-10197.528
-10147.505
-10093.036
-10215.056
-10197.528
-10147.505
-10093.036
-10174.82
-10190.68
-10206.135
-10220.208
-10174.82
-10190.68
-10206.135
-10220.208
-10174.82
-10190.68
-10206.135
-10220.208
-10174.82
-10190.68
-10206.135
-10220.208
-10174.82
-10190.68
-10206.135
-10220.208
-10174.82
-10190.68
-10206.135
-10220.208
-10174.82
-10190.68
-10206.135
-10220.208
-10174.82
-10190.68
-10206.135
-10220.208
-10108.633
-10128.111
-10151.284
-10167.373
-10108.633
-10128.111
-10151.284
-10167.373
-10108.633
-10128.111
-10151.284
-10167.373
-10108.633
-10128.111
-10151.284
-10167.373
-10108.633
-10128.111
-10151.284
-10167.373
-10108.633
-10128.111
-10151.284
-10167.373
-10108.633
-10128.111
-10151.284
-10167.373
-10108.633
-10128.111
-10151.284
-10167.373
-9907.1749
-10025.423
-10057.3
-10096.809
-9907.1749
-10025.423
-10057.3
-10096.809
-9907.1749
-10025.423
-10057.3
-10096.809
-9907.1749
-10025.423
-10057.3
-10096.809
-9907.1749
-10025.423
-10057.3
-10096.809
-9907.1749
-10025.423
-10057.3
-10096.809
-9907.1749
-10025.423
-10057.3
-10096.809
-9907.1749
-10025.423
-10057.3
-10096.809
-9907.174
-10025.424
-10057.298
-10096.817
-9907.174
-10025.424
-10057.298
-10096.817
-9907.174
-10025.424
-10057.298
-10096.817
-9907.174
-10025.424
-10057.298
-10096.817
-10108.625
-10128.113
-10151.283
-10167.373
-10108.625
-10128.113
-10151.283
-10167.373
-10108.625
-10128.113
-10151.283
-10167.373
-10108.625
-10128.113
-10151.283
-10167.373
-10108.633
-10128.111
-10151.284
-10167.373
-10108.633
-10128.111
-10151.284
-10167.373
-10108.633
-10128.111
-10151.284
-10167.373
-10108.633
-10128.111
-10151.284
-10167.373
-9907.1749
-10025.423
-10057.3
-10096.809
-9907.1749
-10025.423
-10057.3
-10096.809
-9907.1749
-10025.423
-10057.3
-10096.809
-9907.1749
-10025.423
-10057.3
-10096.809
-9907.1712
-10025.424
-10057.298
-10096.818
-9907.1712
-10025.424
-10057.298
-10096.818
-9907.1712
-10025.424
-10057.298
-10096.818
-9907.1712
-10025.424
-10057.298
-10096.818
-9907.1712
-10025.424
-10057.298
-10096.818
-9907.1712
-10025.424
-10057.298
-10096.818
-9907.1712
-10025.424
-10057.298
-10096.818
-9907.1712
-10025.424
-10057.298
-10096.818
-10108.626
-10128.114
-10151.283
-10167.373
-10108.626
-10128.114
-10151.283
-10167.373
-10108.626
-10128.114
-10151.283
-10167.373
-10108.626
-10128.114
-10151.283
-10167.373
-10108.626
-10128.114
-10151.283
-10167.373
-10108.626
-10128.114
-10151.283
-10167.373
-10108.626
-10128.114
-10151.283
-10167.373
-10108.626
-10128.114
-10151.283
-10167.373
-10174.819
-10190.679
-10206.136
-10220.213
-10174.819
-10190.679
-10206.136
-10220.213
-10174.819
-10190.679
-10206.136
-10220.213
-10174.819
-10190.679
-10206.136
-10220.213
-10174.819
-10190.679
-10206.136
-10220.213
-10174.819
-10190.679
-10206.136
-10220.213
-10174.819
-10190.679
-10206.136
-10220.213
-10174.819
-10190.679
-10206.136
-10220.213
-10108.634
-10128.111
-10151.284
-10167.372
-10108.634
-10128.111
-10151.284
-10167.372
-10108.634
-10128.111
-10151.284
-10167.372
-10108.634
-10128.111
-10151.284
-10167.372
-10108.634
-10128.111
-10151.284
-10167.372
-10108.634
-10128.111
-10151.284
-10167.372
-10108.634
-10128.111
-10151.284
-10167.372
-10108.634
-10128.111
-10151.284
-10167.372
-9907.1723
-10025.423
-10057.301
-10096.81
-9907.1723
-10025.423
-10057.301
-10096.81
-9907.1723
-10025.423
-10057.301
-10096.81
-9907.1723
-10025.423
-10057.301
-10096.81
-9907.1723
-10025.423
-10057.301
-10096.81
-9907.1723
-10025.423
-10057.301
-10096.81
-9907.1723
-10025.423
-10057.301
-10096.81
-9907.1723
-10025.423
-10057.301
-10096.81
-9907.1712
-10025.424
-10057.298
-10096.818
-9907.1712
-10025.424
-10057.298
-10096.818
-9907.1712
-10025.424
-10057.298
-10096.818
-9907.1712
-10025.424
-10057.298
-10096.818
-10108.626
-10128.114
-10151.283
-10167.373
-10108.626
-10128.114
-10151.283
-10167.373
-10108.626
-10128.114
-10151.283
-10167.373
-10108.626
-10128.114
-10151.283
-10167.373
-10108.634
-10128.111
-10151.284
-10167.372
-10108.634
-10128.111
-10151.284
-10167.372
-10108.634
-10128.111
-10151.284
-10167.372
-10108.634
-10128.111
-10151.284
-10167.372
-9907.1722
-10025.423
-10057.301
-10096.81
-9907.1722
-10025.423
-10057.301
-10096.81
-9907.1722
-10025.423
-10057.301
-10096.81
-9907.1722
-10025.423
-10057.301
-10096.81
-9907.1712
-10025.424
-10057.298
-10096.818
-9907.1712
-10025.424
-10057.298
-10096.818
-9907.1712
-10025.424
-10057.298
-10096.818
-9907.1712
-10025.424
-10057.298
-10096.818
-9907.1712
-10025.424
-10057.298
-10096.818
-9907.1712
-10025.424
-10057.298
-10096.818
-9907.1712
-10025.424
-10057.298
-10096.818
-9907.1712
-10025.424
-10057.298
-10096.818
-10108.626
-10128.114
-10151.283
-10167.373
-10108.626
-10128.114
-10151.283
-10167.373
-10108.626
-10128.114
-10151.283
-10167.373
-10108.626
-10128.114
-10151.283
-10167.373
-10108.626
-10128.114
-10151.283
-10167.373
-10108.626
-10128.114
-10151.283
-10167.373
-10108.626
-10128.114
-10151.283
-10167.373
-10108.626
-10128.114
-10151.283
-10167.373
-10174.819
-10190.679
-10206.136
-10220.213
-10174.819
-10190.679
-10206.136
-10220.213
-10174.819
-10190.679
-10206.136
-10220.213
-10174.819
-10190.679
-10206.136
-10220.213
-10174.819
-10190.679
-10206.136
-10220.213
-10174.819
-10190.679
-10206.136
-10220.213
-10174.819
-10190.679
-10206.136
-10220.213
-10174.819
-10190.679
-10206.136
-10220.213
-10215.052
-10197.528
-10147.505
-10093.037
-10215.052
-10197.528
-10147.505
-10093.037
-10215.052
-10197.528
-10147.505
-10093.037
-10215.052
-10197.528
-10147.505
-10093.037
-10215.052
-10197.528
-10147.505
-10093.037
-10215.052
-10197.528
-10147.505
-10093.037
-10215.052
-10197.528
-10147.505
-10093.037
-10215.052
-10197.528
-10147.505
-10093.037
-10056.936
-9983.3595
-9877.5242
-9792.8992
-10056.936
-9983.3595
-9877.5242
-9792.8992
-10056.936
-9983.3595
-9877.5242
-9792.8992
-10056.936
-9983.3595
-9877.5242
-9792.8992
-10056.936
-9983.3595
-9877.5242
-9792.8992
-10056.936
-9983.3595
-9877.5242
-9792.8992
-10056.936
-9983.3595
-9877.5242
-9792.8992
-10056.936
-9983.3595
-9877.5242
-9792.8992
-9747.8303
-9665.5812
-9567.2235
-9503.3066
-9747.8303
-9665.5812
-9567.2235
-9503.3066
-9747.8303
-9665.5812
-9567.2235
-9503.3066
-9747.8303
-9665.5812
-9567.2235
-9503.3066
-9747.8303
-9665.5812
-9567.2235
-9503.3066
-9747.8303
-9665.5812
-9567.2235
-9503.3066
-9747.8303
-9665.5812
-9567.2235
-9503.3066
-9747.8303
-9665.5812
-9567.2235
-9503.3066
-9747.8167
-9665.5849
-9567.2216
-9503.3075
-9747.8167
-9665.585
-9567.2216
-9503.3076
-9747.8167
-9665.585
-9567.2216
-9503.3076
-9747.8167
-9665.585
-9567.2216
-9503.3076
-10056.935
-9983.3615
-9877.5202
-9792.913
-10056.935
-9983.3615
-9877.5202
-9792.913
-10056.935
-9983.3615
-9877.5202
-9792.913
-10056.935
-9983.3615
-9877.5202
-9792.913
-10056.936
-9983.3595
-9877.5241
-9792.8991
-10056.936
-9983.3595
-9877.5241
-9792.8992
-10056.936
-9983.3595
-9877.5242
-9792.8992
-10056.936
-9983.3595
-9877.5242
-9792.8992
