FiniteElementSpace
FiniteElementCollection: L2_2D_P3
VDim: 1
Ordering: 0

3.4435127e+15
3.4398398e+15
3.4354139e+15
3.4317873e+15
3.4435123e+15
3.4398393e+15
3.4354134e+15
3.4317869e+15
3.4435118e+15
3.4398389e+15
3.435413e+15
3.4317865e+15
3.4435114e+15
3.4398386e+15
3.4354127e+15
3.4317863e+15
3.4435162e+15
3.439843e+15
3.4354168e+15
3.43179e+15
3.443515e+15
3.4398418e+15
3.4354157e+15
3.4317891e+15
3.4435137e+15
3.4398407e+15
3.4354147e+15
3.4317881e+15
3.4435131e+15
3.4398401e+15
3.4354141e+15
3.4317876e+15
3.4299988e+15
3.4253322e+15
3.4194683e+15
3.4141469e+15
3.4299973e+15
3.425331e+15
3.4194673e+15
3.4141462e+15
3.4299962e+15
3.42533e+15
3.4194666e+15
3.4141456e+15
3.4299957e+15
3.4253295e+15
3.4194662e+15
3.4141453e+15
3.4300142e+15
3.4253447e+15
3.4194773e+15
3.4141537e+15
3.4300083e+15
3.4253399e+15
3.4194739e+15
3.4141511e+15
3.4300028e+15
3.4253354e+15
3.4194707e+15
3.4141487e+15
3.4299999e+15
3.4253331e+15
3.419469e+15
3.4141474e+15
3.4120566e+15
3.4066212e+15
3.4023815e+15
3.4009575e+15
3.4120535e+15
3.4066205e+15
3.402383e+15
3.4009602e+15
3.4120515e+15
3.4066198e+15
3.4023836e+15
3.4009616e+15
3.4120509e+15
3.4066194e+15
3.4023836e+15
3.4009619e+15
3.4121046e+15
3.4066258e+15
3.4023456e+15
3.4009014e+15
3.4120751e+15
3.4066249e+15
3.4023709e+15
3.4009394e+15
3.4120662e+15
3.4066228e+15
3.4023755e+15
3.4009476e+15
3.4120585e+15
3.4066218e+15
3.4023807e+15
3.400956e+15
3.4010588e+15
3.4047579e+15
3.414941e+15
3.4247736e+15
3.4010955e+15
3.4048004e+15
3.4149799e+15
3.4248088e+15
3.4011077e+15
3.4048157e+15
3.4149943e+15
3.4248209e+15
3.4011108e+15
3.4048197e+15
3.4149982e+15
3.4248243e+15
3.4011095e+15
3.4048184e+15
3.4149972e+15
3.4248232e+15
3.4011066e+15
3.4048153e+15
3.4149945e+15
3.4248208e+15
3.4011058e+15
3.4048144e+15
3.4149938e+15
3.4248201e+15
3.4011121e+15
3.4048216e+15
3.4150003e+15
3.4248259e+15
3.4120536e+15
3.406619e+15
3.4023803e+15
3.4009573e+15
3.4120532e+15
3.4066189e+15
3.4023806e+15
3.4009576e+15
3.4120511e+15
3.4066187e+15
3.4023822e+15
3.4009602e+15
3.4120478e+15
3.4066185e+15
3.4023848e+15
3.4009642e+15
3.4120512e+15
3.4066193e+15
3.4023831e+15
3.4009612e+15
3.4120518e+15
3.4066191e+15
3.4023823e+15
3.4009601e+15
3.4120529e+15
3.406619e+15
3.4023811e+15
3.4009584e+15
3.4120535e+15
3.406619e+15
3.4023805e+15
3.4009575e+15
3.4300035e+15
3.4253355e+15
3.4194702e+15
3.4141479e+15
3.4300052e+15
3.4253369e+15
3.4194711e+15
3.4141485e+15
3.4300071e+15
3.4253384e+15
3.4194721e+15
3.4141492e+15
3.4300081e+15
3.4253391e+15
3.4194726e+15
3.4141495e+15
3.4299972e+15
3.4253307e+15
3.419467e+15
3.4141458e+15
3.4299985e+15
3.4253317e+15
3.4194676e+15
3.4141462e+15
3.4300007e+15
3.4253333e+15
3.4194687e+15
3.4141469e+15
3.4300025e+15
3.4253348e+15
3.4194697e+15
3.4141475e+15
3.4435179e+15
3.4398444e+15
3.4354178e+15
3.4317908e+15
3.4435193e+15
3.4398456e+15
3.4354189e+15
3.4317918e+15
3.4435211e+15
3.4398473e+15
3.4354204e+15
3.4317931e+15
3.4435225e+15
3.4398486e+15
3.4354215e+15
3.4317941e+15
3.4435137e+15
3.4398406e+15
3.4354145e+15
3.4317879e+15
3.4435146e+15
3.4398414e+15
3.4354152e+15
3.4317885e+15
3.443516e+15
3.4398427e+15
3.4354163e+15
3.4317895e+15
3.4435172e+15
3.4398438e+15
3.4354173e+15
3.4317904e+15
3.4977408e+15
3.4565311e+15
3.4530189e+15
3.4451476e+15
3.497742e+15
3.4565323e+15
3.45302e+15
3.4451486e+15
3.4977439e+15
3.4565341e+15
3.4530216e+15
3.4451501e+15
3.4977455e+15
3.4565357e+15
3.453023e+15
3.4451514e+15
3.4977465e+15
3.4565366e+15
3.4530238e+15
3.4451521e+15
3.4977483e+15
3.4565383e+15
3.4530254e+15
3.4451535e+15
3.4977507e+15
3.4565407e+15
3.4530275e+15
3.4451554e+15
3.4977526e+15
3.4565425e+15
3.4530291e+15
3.4451569e+15
3.4977536e+15
3.4565435e+15
3.45303e+15
3.4451577e+15
3.4977555e+15
3.4565452e+15
3.4530316e+15
3.4451592e+15
3.4977578e+15
3.4565474e+15
3.4530335e+15
3.445161e+15
3.4977594e+15
3.456549e+15
3.4530349e+15
3.4451623e+15
3.4435233e+15
3.4398493e+15
3.4354221e+15
3.4317947e+15
3.4435247e+15
3.4398506e+15
3.4354232e+15
3.4317957e+15
3.4435264e+15
3.4398521e+15
3.4354246e+15
3.4317969e+15
3.4435276e+15
3.4398532e+15
3.4354256e+15
3.4317978e+15
3.4435282e+15
3.4398538e+15
3.435426e+15
3.4317982e+15
3.4435292e+15
3.4398547e+15
3.4354269e+15
3.4317989e+15
3.4435303e+15
3.4398557e+15
3.4354277e+15
3.4317997e+15
3.4435309e+15
3.4398562e+15
3.4354282e+15
3.4318001e+15
3.4977602e+15
3.4565498e+15
3.4530356e+15
3.4451629e+15
3.4977616e+15
3.456551e+15
3.4530368e+15
3.445164e+15
3.497763e+15
3.4565524e+15
3.453038e+15
3.4451651e+15
3.4977638e+15
3.4565532e+15
3.4530387e+15
3.4451657e+15
3.4977641e+15
3.4565534e+15
3.4530389e+15
3.4451659e+15
3.4977644e+15
3.4565537e+15
3.4530392e+15
3.4451662e+15
3.4977643e+15
3.4565536e+15
3.453039e+15
3.4451661e+15
3.4977637e+15
3.456553e+15
3.4530385e+15
3.4451656e+15
3.4977632e+15
3.4565526e+15
3.4530381e+15
3.4451652e+15
3.4977619e+15
3.4565513e+15
3.453037e+15
3.4451642e+15
3.4977595e+15
3.456549e+15
3.4530349e+15
3.4451622e+15
3.4977569e+15
3.4565465e+15
3.4530327e+15
3.4451602e+15
3.4435304e+15
3.4398558e+15
3.4354278e+15
3.4317997e+15
3.4435294e+15
3.4398549e+15
3.435427e+15
3.431799e+15
3.4435275e+15
3.4398531e+15
3.4354255e+15
3.4317977e+15
3.4435256e+15
3.4398514e+15
3.4354239e+15
3.4317963e+15
3.4435311e+15
3.4398564e+15
3.4354283e+15
3.4318003e+15
3.4435313e+15
3.4398566e+15
3.4354285e+15
3.4318004e+15
3.4435312e+15
3.4398565e+15
3.4354284e+15
3.4318004e+15
3.4435308e+15
3.4398561e+15
3.4354281e+15
3.4318e+15
3.4300084e+15
3.4253394e+15
3.4194727e+15
3.4141496e+15
3.4300084e+15
3.4253394e+15
3.4194727e+15
3.4141496e+15
3.4300072e+15
3.4253384e+15
3.419472e+15
3.4141491e+15
3.430005e+15
3.4253367e+15
3.4194709e+15
3.4141483e+15
3.4300034e+15
3.4253354e+15
3.41947e+15
3.4141477e+15
3.4299994e+15
3.4253323e+15
3.4194678e+15
3.4141462e+15
3.4299921e+15
3.4253265e+15
3.4194638e+15
3.4141433e+15
3.4299848e+15
3.4253208e+15
3.4194599e+15
3.4141405e+15
3.4435117e+15
3.4398386e+15
3.4354127e+15
3.4317861e+15
3.4435071e+15
3.4398345e+15
3.435409e+15
3.4317828e+15
3.4435001e+15
3.4398281e+15
3.4354033e+15
3.4317777e+15
3.4434946e+15
3.439823e+15
3.4353989e+15
3.4317736e+15
3.4435244e+15
3.4398503e+15
3.4354229e+15
3.4317954e+15
3.4435218e+15
3.4398479e+15
3.4354209e+15
3.4317935e+15
3.4435177e+15
3.4398441e+15
3.4354175e+15
3.4317905e+15
3.4435139e+15
3.4398407e+15
3.4354145e+15
3.4317877e+15
3.497755e+15
3.4565451e+15
3.4530313e+15
3.445159e+15
3.4977515e+15
3.4565418e+15
3.4530283e+15
3.4451562e+15
3.4977461e+15
3.4565366e+15
3.4530236e+15
3.4451519e+15
3.4977411e+15
3.4565318e+15
3.4530193e+15
3.4451479e+15
3.4977381e+15
3.456529e+15
3.4530168e+15
3.4451456e+15
3.4977321e+15
3.4565232e+15
3.4530116e+15
3.4451408e+15
3.4977229e+15
3.4565144e+15
3.4530036e+15
3.4451335e+15
3.4977156e+15
3.4565074e+15
3.4529974e+15
3.4451277e+15
3.4977469e+15
3.4565374e+15
3.4530243e+15
3.4451525e+15
3.4977477e+15
3.4565382e+15
3.453025e+15
3.4451532e+15
3.4977479e+15
3.4565384e+15
3.4530252e+15
3.4451534e+15
3.4977482e+15
3.4565387e+15
3.4530255e+15
3.4451537e+15
3.4435183e+15
3.4398447e+15
3.435418e+15
3.4317909e+15
3.4435189e+15
3.4398453e+15
3.4354185e+15
3.4317914e+15
3.4435191e+15
3.4398455e+15
3.4354187e+15
3.4317916e+15
3.4435194e+15
3.4398457e+15
3.4354189e+15
3.4317917e+15
3.4435195e+15
3.4398458e+15
3.435419e+15
3.4317918e+15
3.4435197e+15
3.439846e+15
3.4354192e+15
3.431792e+15
3.44352e+15
3.4398463e+15
3.4354194e+15
3.4317922e+15
3.4435202e+15
3.4398465e+15
3.4354196e+15
3.4317924e+15
3.4977484e+15
3.4565388e+15
3.4530256e+15
3.4451538e+15
3.4977486e+15
3.4565391e+15
3.4530259e+15
3.445154e+15
3.497749e+15
3.4565394e+15
3.4530262e+15
3.4451543e+15
3.4977493e+15
3.4565397e+15
3.4530265e+15
3.4451545e+15
3.4977495e+15
3.4565399e+15
3.4530266e+15
3.4451547e+15
3.4977498e+15
3.4565402e+15
3.4530269e+15
3.4451549e+15
3.4977502e+15
3.4565406e+15
3.4530272e+15
3.4451553e+15
3.4977505e+15
3.4565409e+15
3.4530275e+15
3.4451555e+15
3.4977507e+15
3.456541e+15
3.4530277e+15
3.4451557e+15
3.4977511e+15
3.4565414e+15
3.453028e+15
3.445156e+15
3.4977515e+15
3.4565418e+15
3.4530284e+15
3.4451563e+15
3.4977519e+15
3.4565422e+15
3.4530287e+15
3.4451566e+15
3.4435213e+15
3.4398475e+15
3.4354205e+15
3.4317933e+15
3.4435216e+15
3.4398477e+15
3.4354208e+15
3.4317935e+15
3.443522e+15
3.4398481e+15
3.4354211e+15
3.4317937e+15
3.4435222e+15
3.4398483e+15
3.4354213e+15
3.431794e+15
3.4435203e+15
3.4398466e+15
3.4354197e+15
3.4317925e+15
3.4435206e+15
3.4398468e+15
3.4354199e+15
3.4317927e+15
3.4435209e+15
3.4398471e+15
3.4354202e+15
3.4317929e+15
3.4435212e+15
3.4398474e+15
3.4354204e+15
3.4317931e+15
3.4300013e+15
3.4253338e+15
3.4194689e+15
3.414147e+15
3.4300016e+15
3.4253341e+15
3.4194692e+15
3.4141472e+15
3.4300021e+15
3.4253345e+15
3.4194695e+15
3.4141474e+15
3.4300025e+15
3.4253348e+15
3.4194697e+15
3.4141476e+15
3.43e+15
3.4253327e+15
3.4194681e+15
3.4141464e+15
3.4300004e+15
3.425333e+15
3.4194684e+15
3.4141466e+15
3.4300008e+15
3.4253334e+15
3.4194686e+15
3.4141467e+15
3.4300011e+15
3.4253336e+15
3.4194688e+15
3.4141469e+15
3.4120514e+15
3.4066188e+15
3.4023821e+15
3.40096e+15
3.4120516e+15
3.4066189e+15
3.402382e+15
3.4009598e+15
3.412052e+15
3.406619e+15
3.4023819e+15
3.4009596e+15
3.4120522e+15
3.4066191e+15
3.4023818e+15
3.4009594e+15
3.4120524e+15
3.4066192e+15
3.4023818e+15
3.4009593e+15
3.4120527e+15
3.4066193e+15
3.4023817e+15
3.4009591e+15
3.412053e+15
3.4066193e+15
3.4023816e+15
3.4009589e+15
3.4120531e+15
3.4066194e+15
3.4023815e+15
3.4009587e+15
3.4300041e+15
3.4253361e+15
3.4194707e+15
3.4141483e+15
3.4300044e+15
3.4253364e+15
3.4194709e+15
3.4141485e+15
3.4300048e+15
3.4253367e+15
3.4194711e+15
3.4141486e+15
3.430005e+15
3.4253369e+15
3.4194712e+15
3.4141487e+15
3.4300027e+15
3.425335e+15
3.4194698e+15
3.4141477e+15
3.4300031e+15
3.4253353e+15
3.4194701e+15
3.4141479e+15
3.4300036e+15
3.4253357e+15
3.4194704e+15
3.4141481e+15
3.430004e+15
3.425336e+15
3.4194706e+15
3.4141483e+15
3.4435234e+15
3.4398494e+15
3.4354223e+15
3.4317949e+15
3.4435237e+15
3.4398497e+15
3.4354225e+15
3.4317951e+15
3.443524e+15
3.43985e+15
3.4354228e+15
3.4317953e+15
3.4435242e+15
3.4398502e+15
3.435423e+15
3.4317955e+15
3.4435224e+15
3.4398485e+15
3.4354214e+15
3.4317941e+15
3.4435226e+15
3.4398487e+15
3.4354216e+15
3.4317943e+15
3.443523e+15
3.4398491e+15
3.4354219e+15
3.4317945e+15
3.4435233e+15
3.4398493e+15
3.4354222e+15
3.4317947e+15
3.4977521e+15
3.4565423e+15
3.4530289e+15
3.4451568e+15
3.4977524e+15
3.4565427e+15
3.4530292e+15
3.4451571e+15
3.4977529e+15
3.4565431e+15
3.4530296e+15
3.4451574e+15
3.4977532e+15
3.4565434e+15
3.4530299e+15
3.4451577e+15
3.4977534e+15
3.4565436e+15
3.45303e+15
3.4451578e+15
3.4977537e+15
3.4565439e+15
3.4530303e+15
3.4451581e+15
3.4977541e+15
3.4565443e+15
3.4530307e+15
3.4451585e+15
3.4977544e+15
3.4565446e+15
3.4530309e+15
3.4451587e+15
3.4977546e+15
3.4565448e+15
3.4530311e+15
3.4451588e+15
3.4977549e+15
3.4565451e+15
3.4530313e+15
3.4451591e+15
3.4977553e+15
3.4565454e+15
3.4530316e+15
3.4451594e+15
3.4977555e+15
3.4565457e+15
3.4530319e+15
3.4451596e+15
3.4435244e+15
3.4398503e+15
3.4354231e+15
3.4317956e+15
3.4435246e+15
3.4398505e+15
3.4354233e+15
3.4317958e+15
3.4435249e+15
3.4398508e+15
3.4354235e+15
3.431796e+15
3.4435251e+15
3.439851e+15
3.4354237e+15
3.4317961e+15
3.4435252e+15
3.4398511e+15
3.4354237e+15
3.4317962e+15
3.4435254e+15
3.4398512e+15
3.4354239e+15
3.4317963e+15
3.4435256e+15
3.4398514e+15
3.4354241e+15
3.4317965e+15
3.4435257e+15
3.4398516e+15
3.4354242e+15
3.4317966e+15
3.4977557e+15
3.4565458e+15
3.453032e+15
3.4451597e+15
3.4977559e+15
3.456546e+15
3.4530322e+15
3.4451599e+15
3.4977562e+15
3.4565463e+15
3.4530324e+15
3.4451601e+15
3.4977563e+15
3.4565464e+15
3.4530326e+15
3.4451603e+15
3.4977565e+15
3.4565466e+15
3.4530327e+15
3.4451603e+15
3.4977566e+15
3.4565467e+15
3.4530328e+15
3.4451605e+15
3.4977567e+15
3.4565468e+15
3.4530329e+15
3.4451606e+15
3.4977568e+15
3.4565469e+15
3.453033e+15
3.4451606e+15
3.4977568e+15
3.4565469e+15
3.453033e+15
3.4451606e+15
3.4977569e+15
3.4565469e+15
3.453033e+15
3.4451607e+15
3.4977569e+15
3.4565469e+15
3.453033e+15
3.4451607e+15
3.4977568e+15
3.4565469e+15
3.453033e+15
3.4451606e+15
3.4435261e+15
3.4398519e+15
3.4354245e+15
3.4317969e+15
3.4435261e+15
3.4398519e+15
3.4354245e+15
3.4317969e+15
3.4435261e+15
3.4398519e+15
3.4354245e+15
3.4317969e+15
3.4435261e+15
3.4398519e+15
3.4354245e+15
3.4317969e+15
3.4435258e+15
3.4398516e+15
3.4354243e+15
3.4317967e+15
3.4435259e+15
3.4398517e+15
3.4354243e+15
3.4317967e+15
3.443526e+15
3.4398518e+15
3.4354244e+15
3.4317968e+15
3.4435261e+15
3.4398519e+15
3.4354245e+15
3.4317969e+15
3.4300051e+15
3.4253369e+15
3.4194713e+15
3.4141488e+15
3.4300053e+15
3.4253371e+15
3.4194714e+15
3.4141489e+15
3.4300053e+15
3.4253371e+15
3.4194714e+15
3.4141489e+15
3.4300053e+15
3.4253371e+15
3.4194714e+15
3.4141489e+15
3.4300053e+15
3.4253371e+15
3.4194714e+15
3.4141489e+15
3.4300052e+15
3.425337e+15
3.4194713e+15
3.4141488e+15
3.4300049e+15
3.4253367e+15
3.4194711e+15
3.4141487e+15
3.4300045e+15
3.4253365e+15
3.4194709e+15
3.4141485e+15
3.4435256e+15
3.4398515e+15
3.4354241e+15
3.4317966e+15
3.4435255e+15
3.4398513e+15
3.435424e+15
3.4317964e+15
3.4435252e+15
3.4398511e+15
3.4354237e+15
3.4317962e+15
3.4435249e+15
3.4398508e+15
3.4354235e+15
3.431796e+15
3.4435261e+15
3.4398519e+15
3.4354245e+15
3.4317969e+15
3.443526e+15
3.4398518e+15
3.4354244e+15
3.4317968e+15
3.4435259e+15
3.4398517e+15
3.4354243e+15
3.4317967e+15
3.4435257e+15
3.4398516e+15
3.4354242e+15
3.4317966e+15
3.4977568e+15
3.4565469e+15
3.453033e+15
3.4451606e+15
3.4977567e+15
3.4565468e+15
3.4530329e+15
3.4451606e+15
3.4977565e+15
3.4565466e+15
3.4530328e+15
3.4451604e+15
3.4977564e+15
3.4565465e+15
3.4530326e+15
3.4451603e+15
3.4977563e+15
3.4565463e+15
3.4530325e+15
3.4451602e+15
3.497756e+15
3.4565461e+15
3.4530323e+15
3.44516e+15
3.4977556e+15
3.4565458e+15
3.453032e+15
3.4451597e+15
3.4977553e+15
3.4565454e+15
3.4530317e+15
3.4451594e+15
3.4977554e+15
3.4565455e+15
3.4530317e+15
3.4451594e+15
3.4977547e+15
3.4565448e+15
3.4530311e+15
3.4451589e+15
3.4977539e+15
3.4565441e+15
3.4530305e+15
3.4451583e+15
3.4977533e+15
3.4565435e+15
3.45303e+15
3.4451578e+15
3.4435249e+15
3.4398508e+15
3.4354235e+15
3.431796e+15
3.4435244e+15
3.4398504e+15
3.4354231e+15
3.4317956e+15
3.4435238e+15
3.4398498e+15
3.4354227e+15
3.4317952e+15
3.4435234e+15
3.4398494e+15
3.4354223e+15
3.4317949e+15
3.4435232e+15
3.4398492e+15
3.4354221e+15
3.4317947e+15
3.4435228e+15
3.4398488e+15
3.4354218e+15
3.4317944e+15
3.4435222e+15
3.4398483e+15
3.4354212e+15
3.4317939e+15
3.4435216e+15
3.4398478e+15
3.4354208e+15
3.4317935e+15
3.497753e+15
3.4565433e+15
3.4530297e+15
3.4451576e+15
3.4977525e+15
3.4565427e+15
3.4530292e+15
3.4451572e+15
3.4977517e+15
3.456542e+15
3.4530286e+15
3.4451565e+15
3.4977511e+15
3.4565414e+15
3.453028e+15
3.445156e+15
3.4977508e+15
3.4565411e+15
3.4530278e+15
3.4451558e+15
3.4977498e+15
3.4565402e+15
3.4530269e+15
3.445155e+15
3.4977486e+15
3.456539e+15
3.4530258e+15
3.445154e+15
3.4977475e+15
3.456538e+15
3.4530249e+15
3.4451531e+15
3.4977471e+15
3.4565376e+15
3.4530246e+15
3.4451528e+15
3.4977447e+15
3.4565353e+15
3.4530226e+15
3.445151e+15
3.4977439e+15
3.4565345e+15
3.4530218e+15
3.4451503e+15
3.4977306e+15
3.4565221e+15
3.4530116e+15
3.4451414e+15
3.4435186e+15
3.439845e+15
3.4354183e+15
3.4317912e+15
3.4435169e+15
3.4398435e+15
3.4354171e+15
3.4317901e+15
3.4435162e+15
3.4398428e+15
3.4354164e+15
3.4317895e+15
3.443508e+15
3.4398359e+15
3.4354109e+15
3.431785e+15
3.4435214e+15
3.4398476e+15
3.4354206e+15
3.4317933e+15
3.4435206e+15
3.4398469e+15
3.43542e+15
3.4317928e+15
3.4435197e+15
3.439846e+15
3.4354192e+15
3.4317921e+15
3.4435189e+15
3.4398453e+15
3.4354186e+15
3.4317915e+15
3.4300019e+15
3.4253343e+15
3.4194693e+15
3.4141473e+15
3.4300008e+15
3.4253335e+15
3.4194687e+15
3.4141469e+15
3.4299993e+15
3.4253323e+15
3.4194679e+15
3.4141463e+15
3.4299967e+15
3.4253305e+15
3.419467e+15
3.414146e+15
3.4300044e+15
3.4253363e+15
3.4194708e+15
3.4141484e+15
3.4300038e+15
3.4253359e+15
3.4194705e+15
3.4141482e+15
3.430003e+15
3.4253352e+15
3.41947e+15
3.4141479e+15
3.4300023e+15
3.4253346e+15
3.4194696e+15
3.4141475e+15
3.4120529e+15
3.4066193e+15
3.4023816e+15
3.4009589e+15
3.4120525e+15
3.4066192e+15
3.4023818e+15
3.4009592e+15
3.4120517e+15
3.4066189e+15
3.402382e+15
3.4009597e+15
3.4120512e+15
3.4066191e+15
3.4023827e+15
3.4009607e+15
3.4120532e+15
3.4066194e+15
3.4023815e+15
3.4009587e+15
3.4120533e+15
3.4066194e+15
3.4023815e+15
3.4009586e+15
3.4120532e+15
3.4066194e+15
3.4023815e+15
3.4009587e+15
3.412053e+15
3.4066194e+15
3.4023815e+15
3.4009588e+15
3.4011068e+15
3.4048152e+15
3.4149943e+15
3.4248207e+15
3.4011068e+15
3.4048152e+15
3.4149943e+15
3.4248207e+15
3.4011075e+15
3.4048161e+15
3.4149952e+15
3.4248215e+15
3.4011088e+15
3.4048176e+15
3.4149967e+15
3.424823e+15
3.4011084e+15
3.4048174e+15
3.4149965e+15
3.4248225e+15
3.401108e+15
3.4048168e+15
3.4149959e+15
3.424822e+15
3.4011073e+15
3.4048159e+15
3.414995e+15
3.4248213e+15
3.4011069e+15
3.4048153e+15
3.4149944e+15
3.4248208e+15
3.4327417e+15
3.4479636e+15
3.4699394e+15
3.4875992e+15
3.4327413e+15
3.4479634e+15
3.4699394e+15
3.4875994e+15
3.4327407e+15
3.4479631e+15
3.4699394e+15
3.4875996e+15
3.4327403e+15
3.4479629e+15
3.4699395e+15
3.4875997e+15
3.4327402e+15
3.4479629e+15
3.4699395e+15
3.4875998e+15
3.4327402e+15
3.4479629e+15
3.4699395e+15
3.4875998e+15
3.4327408e+15
3.4479632e+15
3.4699395e+15
3.4875996e+15
3.432742e+15
3.4479638e+15
3.4699394e+15
3.4875992e+15
3.4970515e+15
3.5144606e+15
3.5355942e+15
3.549832e+15
3.4970515e+15
3.5144606e+15
3.5355942e+15
3.5498321e+15
3.4970513e+15
3.5144604e+15
3.5355943e+15
3.5498328e+15
3.4970507e+15
3.5144599e+15
3.5355945e+15
3.5498341e+15
3.4970508e+15
3.51446e+15
3.5355944e+15
3.5498337e+15
3.497051e+15
3.5144601e+15
3.5355943e+15
3.5498332e+15
3.4970513e+15
3.5144604e+15
3.5355942e+15
3.5498326e+15
3.4970515e+15
3.5144606e+15
3.5355942e+15
3.5498322e+15
3.4970501e+15
3.5144594e+15
3.5355944e+15
3.5498344e+15
3.4970513e+15
3.5144604e+15
3.5355942e+15
3.5498326e+15
3.4970518e+15
3.5144609e+15
3.5355942e+15
3.5498319e+15
3.4970494e+15
3.5144588e+15
3.5355947e+15
3.5498362e+15
3.432742e+15
3.4479635e+15
3.4699388e+15
3.4875985e+15
3.4327407e+15
3.4479632e+15
3.4699395e+15
3.4875997e+15
3.4327403e+15
3.4479631e+15
3.4699398e+15
3.4876001e+15
3.4327437e+15
3.4479644e+15
3.4699388e+15
3.487598e+15
3.4327069e+15
3.4479486e+15
3.4699471e+15
3.4876184e+15
3.43273e+15
3.447958e+15
3.4699408e+15
3.4876044e+15
3.4327396e+15
3.4479622e+15
3.4699389e+15
3.4875993e+15
3.4327423e+15
3.4479635e+15
3.4699385e+15
3.4875981e+15
3.4970736e+15
3.5144798e+15
3.5355891e+15
3.5497895e+15
3.4970567e+15
3.5144652e+15
3.5355926e+15
3.5498206e+15
3.4970512e+15
3.5144604e+15
3.5355939e+15
3.5498316e+15
3.4970496e+15
3.514459e+15
3.5355944e+15
3.5498351e+15
3.565746e+15
3.58846e+15
3.6186579e+15
3.6422078e+15
3.5657489e+15
3.5884585e+15
3.618653e+15
3.6422016e+15
3.5657503e+15
3.588458e+15
3.618651e+15
3.642199e+15
3.5657508e+15
3.5884579e+15
3.6186504e+15
3.6421981e+15
3.5657508e+15
3.5884579e+15
3.6186504e+15
3.6421982e+15
3.5657508e+15
3.588458e+15
3.6186507e+15
3.6421985e+15
3.5657508e+15
3.5884581e+15
3.6186508e+15
3.6421986e+15
3.5657512e+15
3.5884579e+15
3.6186501e+15
3.6421977e+15
3.6548709e+15
3.6788585e+15
3.7104966e+15
3.73495e+15
3.6548712e+15
3.6788587e+15
3.7104968e+15
3.7349501e+15
3.6548713e+15
3.6788588e+15
3.7104968e+15
3.7349501e+15
3.6548703e+15
3.6788579e+15
3.710496e+15
3.7349495e+15
3.6548807e+15
3.6788683e+15
3.7105052e+15
3.7349569e+15
3.6548746e+15
3.6788622e+15
3.7104999e+15
3.7349528e+15
3.6548717e+15
3.6788593e+15
3.7104974e+15
3.7349506e+15
3.6548709e+15
3.6788584e+15
3.7104966e+15
3.73495e+15
3.7544806e+15
3.8034049e+15
3.8662467e+15
3.9134824e+15
3.7544772e+15
3.8034055e+15
3.8662529e+15
3.9134912e+15
3.7544768e+15
3.8034053e+15
3.8662532e+15
3.9134919e+15
3.7544765e+15
3.8034053e+15
3.8662537e+15
3.9134926e+15
3.7544766e+15
3.8034053e+15
3.8662535e+15
3.9134923e+15
3.7544768e+15
3.8034053e+15
3.8662532e+15
3.9134919e+15
3.7544769e+15
3.8034053e+15
3.8662531e+15
3.9134917e+15
3.7544766e+15
3.8034053e+15
3.8662535e+15
3.9134924e+15
3.6548714e+15
3.6788589e+15
3.710497e+15
3.7349503e+15
3.6548714e+15
3.6788589e+15
3.7104969e+15
3.7349503e+15
3.6548711e+15
3.6788587e+15
3.7104967e+15
3.7349501e+15
3.6548707e+15
3.6788582e+15
3.7104964e+15
3.7349497e+15
3.6548709e+15
3.6788584e+15
3.7104965e+15
3.7349499e+15
3.654871e+15
3.6788585e+15
3.7104966e+15
3.73495e+15
3.6548712e+15
3.6788587e+15
3.7104968e+15
3.7349501e+15
3.6548713e+15
3.6788589e+15
3.7104969e+15
3.7349502e+15
3.5657509e+15
3.588458e+15
3.6186505e+15
3.6421982e+15
3.5657509e+15
3.588458e+15
3.6186506e+15
3.6421983e+15
3.5657507e+15
3.5884581e+15
3.6186507e+15
3.6421985e+15
3.5657507e+15
3.5884581e+15
3.6186508e+15
3.6421986e+15
3.5657506e+15
3.5884581e+15
3.6186508e+15
3.6421987e+15
3.5657506e+15
3.5884581e+15
3.6186508e+15
3.6421987e+15
3.5657508e+15
3.588458e+15
3.6186507e+15
3.6421984e+15
3.5657511e+15
3.588458e+15
3.6186504e+15
3.6421981e+15
3.5657841e+15
3.5884598e+15
3.6186453e+15
3.6421907e+15
3.565784e+15
3.5884598e+15
3.6186455e+15
3.642191e+15
3.5657838e+15
3.5884598e+15
3.6186456e+15
3.6421912e+15
3.5657838e+15
3.5884598e+15
3.6186456e+15
3.6421912e+15
3.5657839e+15
3.5884598e+15
3.6186456e+15
3.6421912e+15
3.5657839e+15
3.5884598e+15
3.6186455e+15
3.6421911e+15
3.5657841e+15
3.5884598e+15
3.6186454e+15
3.6421909e+15
3.5657842e+15
3.5884599e+15
3.6186453e+15
3.6421908e+15
3.654865e+15
3.678855e+15
3.710495e+15
3.7349462e+15
3.6548649e+15
3.6788549e+15
3.7104949e+15
3.7349462e+15
3.6548647e+15
3.6788547e+15
3.7104947e+15
3.734946e+15
3.6548646e+15
3.6788545e+15
3.7104946e+15
3.7349459e+15
3.6548645e+15
3.6788544e+15
3.7104944e+15
3.7349457e+15
3.6548648e+15
3.6788548e+15
3.7104948e+15
3.7349461e+15
3.654865e+15
3.678855e+15
3.710495e+15
3.7349463e+15
3.6548651e+15
3.678855e+15
3.710495e+15
3.7349463e+15
3.7544764e+15
3.8034087e+15
3.8662551e+15
3.9134868e+15
3.7544767e+15
3.8034088e+15
3.8662547e+15
3.913486e+15
3.7544766e+15
3.8034088e+15
3.8662548e+15
3.9134862e+15
3.7544765e+15
3.8034088e+15
3.8662551e+15
3.9134866e+15
3.7544763e+15
3.8034088e+15
3.8662553e+15
3.9134869e+15
3.7544766e+15
3.8034087e+15
3.8662548e+15
3.9134862e+15
3.754477e+15
3.8034089e+15
3.8662546e+15
3.9134856e+15
3.7544806e+15
3.8034082e+15
3.866248e+15
3.9134765e+15
3.6548639e+15
3.6788549e+15
3.7104954e+15
3.734945e+15
3.6548647e+15
3.6788557e+15
3.7104961e+15
3.7349457e+15
3.6548677e+15
3.6788588e+15
3.7104989e+15
3.7349479e+15
3.654874e+15
3.6788652e+15
3.7105045e+15
3.7349525e+15
3.6548634e+15
3.6788543e+15
3.7104949e+15
3.7349446e+15
3.6548644e+15
3.6788553e+15
3.7104957e+15
3.7349453e+15
3.6548643e+15
3.6788552e+15
3.7104956e+15
3.7349452e+15
3.654864e+15
3.6788549e+15
3.7104954e+15
3.734945e+15
3.5657785e+15
3.5884633e+15
3.6186432e+15
3.6421897e+15
3.5657777e+15
3.5884633e+15
3.6186439e+15
3.6421906e+15
3.5657778e+15
3.5884633e+15
3.6186438e+15
3.6421905e+15
3.5657781e+15
3.5884633e+15
3.6186436e+15
3.6421901e+15
3.5657781e+15
3.5884633e+15
3.6186435e+15
3.6421901e+15
3.5657774e+15
3.5884632e+15
3.618644e+15
3.6421908e+15
3.5657751e+15
3.5884632e+15
3.6186459e+15
3.6421936e+15
3.56577e+15
3.5884632e+15
3.6186501e+15
3.6421994e+15
3.497041e+15
3.5144515e+15
3.5355964e+15
3.5498538e+15
3.4970422e+15
3.5144527e+15
3.5355962e+15
3.5498513e+15
3.4970473e+15
3.5144574e+15
3.5355957e+15
3.5498419e+15
3.4970607e+15
3.51447e+15
3.5355946e+15
3.5498186e+15
3.4327458e+15
3.4479643e+15
3.4699345e+15
3.4875904e+15
3.4327432e+15
3.4479629e+15
3.4699346e+15
3.4875914e+15
3.4327338e+15
3.4479582e+15
3.4699356e+15
3.4875955e+15
3.4327112e+15
3.4479474e+15
3.4699392e+15
3.4876068e+15
3.4327471e+15
3.4479652e+15
3.4699348e+15
3.4875903e+15
3.4327439e+15
3.4479636e+15
3.4699354e+15
3.4875921e+15
3.4327443e+15
3.4479638e+15
3.4699352e+15
3.4875917e+15
3.4327455e+15
3.4479643e+15
3.4699347e+15
3.4875908e+15
3.4970408e+15
3.5144512e+15
3.5355966e+15
3.5498549e+15
3.4970428e+15
3.5144531e+15
3.5355965e+15
3.5498514e+15
3.4970424e+15
3.5144527e+15
3.5355965e+15
3.5498519e+15
3.4970414e+15
3.5144518e+15
3.5355965e+15
3.5498534e+15
3.4970432e+15
3.5144523e+15
3.5355993e+15
3.5498443e+15
3.497043e+15
3.5144522e+15
3.5355993e+15
3.5498447e+15
3.4970428e+15
3.5144519e+15
3.5355993e+15
3.5498452e+15
3.4970426e+15
3.5144517e+15
3.5355994e+15
3.5498456e+15
3.4970427e+15
3.5144518e+15
3.5355995e+15
3.5498458e+15
3.4970431e+15
3.5144522e+15
3.5355994e+15
3.5498448e+15
3.4970433e+15
3.5144524e+15
3.5355993e+15
3.5498443e+15
3.4970432e+15
3.5144524e+15
3.5355993e+15
3.5498442e+15
3.4327463e+15
3.4479644e+15
3.4699349e+15
3.4875914e+15
3.4327452e+15
3.4479638e+15
3.4699348e+15
3.4875916e+15
3.4327445e+15
3.4479634e+15
3.4699348e+15
3.4875917e+15
3.4327445e+15
3.4479633e+15
3.4699347e+15
3.4875917e+15
3.4327446e+15
3.4479634e+15
3.4699347e+15
3.4875917e+15
3.4327449e+15
3.4479636e+15
3.4699347e+15
3.4875915e+15
3.4327455e+15
3.4479639e+15
3.4699347e+15
3.4875914e+15
3.4327459e+15
3.4479641e+15
3.4699347e+15
3.4875912e+15
3.4011502e+15
3.404776e+15
3.4149318e+15
3.4248943e+15
3.4011505e+15
3.4047765e+15
3.4149323e+15
3.4248947e+15
3.4011511e+15
3.4047773e+15
3.4149332e+15
3.4248954e+15
3.4011515e+15
3.4047779e+15
3.4149337e+15
3.4248959e+15
3.4011515e+15
3.4047783e+15
3.4149343e+15
3.424896e+15
3.4011506e+15
3.4047767e+15
3.4149326e+15
3.4248949e+15
3.4011501e+15
3.4047758e+15
3.4149317e+15
3.4248942e+15
3.4011501e+15
3.4047758e+15
3.4149316e+15
3.4248942e+15
3.4121126e+15
3.4067162e+15
3.4024794e+15
3.4010339e+15
3.4121128e+15
3.4067163e+15
3.4024794e+15
3.4010339e+15
3.4121129e+15
3.4067163e+15
3.4024794e+15
3.4010338e+15
3.4121128e+15
3.4067163e+15
3.4024794e+15
3.4010339e+15
3.4121098e+15
3.4067145e+15
3.4024791e+15
3.4010346e+15
3.412111e+15
3.4067154e+15
3.4024795e+15
3.4010346e+15
3.4121119e+15
3.4067158e+15
3.4024794e+15
3.4010342e+15
3.4121124e+15
3.4067161e+15
3.4024794e+15
3.401034e+15
3.429838e+15
3.4252436e+15
3.4194555e+15
3.4141835e+15
3.4298388e+15
3.4252442e+15
3.419456e+15
3.4141839e+15
3.4298396e+15
3.4252448e+15
3.4194565e+15
3.4141843e+15
3.4298399e+15
3.4252452e+15
3.4194568e+15
3.4141846e+15
3.4298358e+15
3.4252412e+15
3.4194531e+15
3.4141812e+15
3.4298355e+15
3.4252414e+15
3.4194538e+15
3.4141821e+15
3.4298368e+15
3.4252425e+15
3.4194547e+15
3.4141828e+15
3.4298376e+15
3.4252432e+15
3.4194553e+15
3.4141833e+15
3.4431463e+15
3.4395323e+15
3.4351744e+15
3.4315936e+15
3.4431469e+15
3.4395328e+15
3.4351749e+15
3.4315941e+15
3.4431477e+15
3.4395335e+15
3.4351755e+15
3.4315947e+15
3.4431481e+15
3.4395339e+15
3.4351759e+15
3.4315951e+15
3.4431511e+15
3.439536e+15
3.4351769e+15
3.4315954e+15
3.4431446e+15
3.4395306e+15
3.4351728e+15
3.4315922e+15
3.443146e+15
3.4395319e+15
3.435174e+15
3.4315932e+15
3.4431459e+15
3.4395318e+15
3.435174e+15
3.4315933e+15
3.4971245e+15
3.4559643e+15
3.452557e+15
3.4447509e+15
3.4971131e+15
3.4559538e+15
3.4525486e+15
3.4447437e+15
3.4971151e+15
3.4559556e+15
3.4525502e+15
3.4447452e+15
3.4971145e+15
3.4559551e+15
3.4525499e+15
3.4447449e+15
3.4971152e+15
3.4559557e+15
3.4525504e+15
3.4447454e+15
3.4971159e+15
3.4559564e+15
3.4525511e+15
3.444746e+15
3.4971168e+15
3.4559572e+15
3.4525519e+15
3.4447468e+15
3.4971173e+15
3.4559577e+15
3.4525523e+15
3.4447472e+15
3.4971178e+15
3.4559582e+15
3.4525528e+15
3.4447476e+15
3.4971185e+15
3.4559589e+15
3.4525534e+15
3.4447482e+15
3.4971194e+15
3.4559597e+15
3.4525541e+15
3.4447489e+15
3.4971199e+15
3.4559603e+15
3.4525547e+15
3.4447494e+15
3.4431485e+15
3.4395343e+15
3.4351762e+15
3.4315954e+15
3.443149e+15
3.4395348e+15
3.4351767e+15
3.4315958e+15
3.4431497e+15
3.4395354e+15
3.4351773e+15
3.4315963e+15
3.4431502e+15
3.4395359e+15
3.4351776e+15
3.4315967e+15
3.4431504e+15
3.4395361e+15
3.4351778e+15
3.4315968e+15
3.4431507e+15
3.4395364e+15
3.4351781e+15
3.4315971e+15
3.443151e+15
3.4395366e+15
3.4351784e+15
3.4315974e+15
3.4431511e+15
3.4395367e+15
3.4351785e+15
3.4315975e+15
3.4971202e+15
3.4559605e+15
3.4525549e+15
3.4447496e+15
3.4971206e+15
3.4559609e+15
3.4525553e+15
3.44475e+15
3.4971209e+15
3.4559612e+15
3.4525555e+15
3.4447502e+15
3.4971209e+15
3.4559612e+15
3.4525556e+15
3.4447503e+15
3.4971214e+15
3.4559617e+15
3.452556e+15
3.4447507e+15
3.4971217e+15
3.455962e+15
3.4525562e+15
3.4447509e+15
3.497122e+15
3.4559623e+15
3.4525565e+15
3.4447512e+15
3.4971222e+15
3.4559625e+15
3.4525567e+15
3.4447514e+15
3.4971223e+15
3.4559626e+15
3.4525568e+15
3.4447514e+15
3.4971225e+15
3.4559627e+15
3.4525569e+15
3.4447516e+15
3.4971226e+15
3.4559628e+15
3.4525571e+15
3.4447517e+15
3.4971227e+15
3.4559629e+15
3.4525571e+15
3.4447518e+15
3.4431522e+15
3.4395377e+15
3.4351794e+15
3.4315983e+15
3.4431523e+15
3.4395378e+15
3.4351795e+15
3.4315984e+15
3.4431524e+15
3.439538e+15
3.4351796e+15
3.4315985e+15
3.4431525e+15
3.439538e+15
3.4351796e+15
3.4315985e+15
3.4431514e+15
3.439537e+15
3.4351787e+15
3.4315977e+15
3.4431517e+15
3.4395372e+15
3.4351789e+15
3.4315979e+15
3.4431519e+15
3.4395375e+15
3.4351792e+15
3.4315981e+15
3.4431521e+15
3.4395376e+15
3.4351793e+15
3.4315982e+15
3.4298402e+15
3.4252454e+15
3.419457e+15
3.4141847e+15
3.4298405e+15
3.4252456e+15
3.4194572e+15
3.4141849e+15
3.4298408e+15
3.4252459e+15
3.4194574e+15
3.414185e+15
3.4298409e+15
3.425246e+15
3.4194574e+15
3.4141851e+15
3.4298409e+15
3.425246e+15
3.4194575e+15
3.4141851e+15
3.4298409e+15
3.425246e+15
3.4194575e+15
3.4141851e+15
3.4298409e+15
3.425246e+15
3.4194574e+15
3.4141851e+15
3.4298407e+15
3.4252459e+15
3.4194573e+15
3.414185e+15
3.4431525e+15
3.439538e+15
3.4351796e+15
3.4315985e+15
3.4431524e+15
3.4395379e+15
3.4351796e+15
3.4315985e+15
3.4431523e+15
3.4395378e+15
3.4351795e+15
3.4315984e+15
3.4431522e+15
3.4395377e+15
3.4351794e+15
3.4315983e+15
3.4431525e+15
3.439538e+15
3.4351796e+15
3.4315986e+15
3.4431525e+15
3.4395381e+15
3.4351797e+15
3.4315986e+15
3.4431525e+15
3.4395381e+15
3.4351797e+15
3.4315986e+15
3.4431525e+15
3.439538e+15
3.4351796e+15
3.4315986e+15
3.4971227e+15
3.455963e+15
3.4525572e+15
3.4447518e+15
3.4971227e+15
3.455963e+15
3.4525572e+15
3.4447518e+15
3.4971227e+15
3.455963e+15
3.4525572e+15
3.4447518e+15
3.4971227e+15
3.4559629e+15
3.4525572e+15
3.4447518e+15
3.4971227e+15
3.4559629e+15
3.4525571e+15
3.4447518e+15
3.4971226e+15
3.4559628e+15
3.4525571e+15
3.4447517e+15
3.4971224e+15
3.4559627e+15
3.4525569e+15
3.4447516e+15
3.4971223e+15
3.4559626e+15
3.4525568e+15
3.4447514e+15
3.4971223e+15
3.4559625e+15
3.4525568e+15
3.4447514e+15
3.4971221e+15
3.4559624e+15
3.4525566e+15
3.4447513e+15
3.4971219e+15
3.4559621e+15
3.4525564e+15
3.4447511e+15
3.4971217e+15
3.455962e+15
3.4525563e+15
3.4447509e+15
3.4431521e+15
3.4395377e+15
3.4351794e+15
3.4315983e+15
3.443152e+15
3.4395376e+15
3.4351792e+15
3.4315982e+15
3.4431518e+15
3.4395374e+15
3.4351791e+15
3.431598e+15
3.4431517e+15
3.4395373e+15
3.435179e+15
3.4315979e+15
3.4431516e+15
3.4395372e+15
3.4351789e+15
3.4315979e+15
3.4431514e+15
3.439537e+15
3.4351787e+15
3.4315977e+15
3.4431511e+15
3.4395368e+15
3.4351785e+15
3.4315975e+15
3.4431509e+15
3.4395366e+15
3.4351783e+15
3.4315973e+15
3.4971216e+15
3.4559618e+15
3.4525561e+15
3.4447508e+15
3.4971213e+15
3.4559616e+15
3.452556e+15
3.4447506e+15
3.497121e+15
3.4559613e+15
3.4525557e+15
3.4447504e+15
3.4971208e+15
3.4559611e+15
3.4525554e+15
3.4447502e+15
3.4971206e+15
3.4559609e+15
3.4525553e+15
3.44475e+15
3.4971203e+15
3.4559607e+15
3.4525551e+15
3.4447498e+15
3.49712e+15
3.4559603e+15
3.4525547e+15
3.4447495e+15
3.4971197e+15
3.45596e+15
3.4525545e+15
3.4447493e+15
3.4971195e+15
3.4559599e+15
3.4525543e+15
3.4447491e+15
3.4971192e+15
3.4559596e+15
3.4525541e+15
3.4447489e+15
3.4971188e+15
3.4559592e+15
3.4525537e+15
3.4447485e+15
3.4971185e+15
3.4559588e+15
3.4525534e+15
3.4447482e+15
3.4431499e+15
3.4395356e+15
3.4351775e+15
3.4315966e+15
3.4431497e+15
3.4395354e+15
3.4351773e+15
3.4315964e+15
3.4431493e+15
3.4395351e+15
3.435177e+15
3.4315961e+15
3.4431491e+15
3.4395349e+15
3.4351768e+15
3.4315959e+15
3.4431508e+15
3.4395365e+15
3.4351782e+15
3.4315973e+15
3.4431506e+15
3.4395363e+15
3.435178e+15
3.4315971e+15
3.4431503e+15
3.439536e+15
3.4351778e+15
3.4315968e+15
3.44315e+15
3.4395358e+15
3.4351776e+15
3.4315967e+15
3.4298397e+15
3.425245e+15
3.4194566e+15
3.4141845e+15
3.4298393e+15
3.4252447e+15
3.4194564e+15
3.4141843e+15
3.4298388e+15
3.4252443e+15
3.4194561e+15
3.414184e+15
3.4298385e+15
3.425244e+15
3.4194559e+15
3.4141838e+15
3.4298406e+15
3.4252458e+15
3.4194573e+15
3.414185e+15
3.4298404e+15
3.4252456e+15
3.4194572e+15
3.4141849e+15
3.4298401e+15
3.4252453e+15
3.4194569e+15
3.4141847e+15
3.4298398e+15
3.4252451e+15
3.4194568e+15
3.4141845e+15
3.4121128e+15
3.4067163e+15
3.4024794e+15
3.4010339e+15
3.4121126e+15
3.4067162e+15
3.4024794e+15
3.401034e+15
3.4121122e+15
3.406716e+15
3.4024795e+15
3.4010342e+15
3.4121119e+15
3.4067159e+15
3.4024795e+15
3.4010343e+15
3.4121118e+15
3.4067158e+15
3.4024795e+15
3.4010344e+15
3.4121115e+15
3.4067157e+15
3.4024796e+15
3.4010346e+15
3.4121111e+15
3.4067155e+15
3.4024797e+15
3.4010348e+15
3.4121109e+15
3.4067155e+15
3.4024797e+15
3.4010349e+15
3.4298368e+15
3.4252426e+15
3.4194548e+15
3.414183e+15
3.4298364e+15
3.4252423e+15
3.4194546e+15
3.4141828e+15
3.429836e+15
3.4252419e+15
3.4194543e+15
3.4141826e+15
3.4298356e+15
3.4252416e+15
3.4194541e+15
3.4141825e+15
3.4298383e+15
3.4252438e+15
3.4194558e+15
3.4141837e+15
3.4298379e+15
3.4252435e+15
3.4194555e+15
3.4141835e+15
3.4298374e+15
3.425243e+15
3.4194552e+15
3.4141833e+15
3.429837e+15
3.4252427e+15
3.4194549e+15
3.4141831e+15
3.4431479e+15
3.4395338e+15
3.4351758e+15
3.431595e+15
3.4431476e+15
3.4395335e+15
3.4351755e+15
3.4315948e+15
3.4431473e+15
3.4395332e+15
3.4351753e+15
3.4315945e+15
3.443147e+15
3.439533e+15
3.435175e+15
3.4315943e+15
3.4431489e+15
3.4395347e+15
3.4351766e+15
3.4315958e+15
3.4431487e+15
3.4395345e+15
3.4351764e+15
3.4315956e+15
3.4431483e+15
3.4395341e+15
3.4351761e+15
3.4315953e+15
3.443148e+15
3.4395339e+15
3.4351759e+15
3.4315951e+15
3.4971183e+15
3.4559587e+15
3.4525532e+15
3.4447481e+15
3.4971179e+15
3.4559584e+15
3.4525529e+15
3.4447478e+15
3.4971175e+15
3.4559579e+15
3.4525525e+15
3.4447474e+15
3.4971172e+15
3.4559576e+15
3.4525523e+15
3.4447472e+15
3.497117e+15
3.4559574e+15
3.4525521e+15
3.444747e+15
3.4971166e+15
3.4559571e+15
3.4525518e+15
3.4447467e+15
3.4971162e+15
3.4559567e+15
3.4525514e+15
3.4447464e+15
3.4971159e+15
3.4559564e+15
3.4525511e+15
3.4447461e+15
3.4971157e+15
3.4559562e+15
3.452551e+15
3.444746e+15
3.4971154e+15
3.4559559e+15
3.4525507e+15
3.4447457e+15
3.497115e+15
3.4559555e+15
3.4525503e+15
3.4447454e+15
3.4971147e+15
3.4559552e+15
3.45255e+15
3.4447451e+15
3.4431469e+15
3.4395328e+15
3.4351749e+15
3.4315942e+15
3.4431466e+15
3.4395326e+15
3.4351747e+15
3.431594e+15
3.4431463e+15
3.4395323e+15
3.4351744e+15
3.4315938e+15
3.4431461e+15
3.4395321e+15
3.4351742e+15
3.4315936e+15
3.4431459e+15
3.4395319e+15
3.4351741e+15
3.4315935e+15
3.4431457e+15
3.4395317e+15
3.4351739e+15
3.4315933e+15
3.4431454e+15
3.4395314e+15
3.4351737e+15
3.4315931e+15
3.4431448e+15
3.4395309e+15
3.4351732e+15
3.4315926e+15
3.4971145e+15
3.455955e+15
3.4525499e+15
3.444745e+15
3.4971141e+15
3.4559547e+15
3.4525496e+15
3.4447447e+15
3.4971138e+15
3.4559544e+15
3.4525493e+15
3.4447444e+15
3.497113e+15
3.4559535e+15
3.4525486e+15
3.4447437e+15
3.4970844e+15
3.4559259e+15
3.4525243e+15
3.4447216e+15
3.4970897e+15
3.455931e+15
3.4525289e+15
3.4447259e+15
3.4970965e+15
3.4559376e+15
3.4525349e+15
3.4447314e+15
3.497101e+15
3.4559419e+15
3.4525387e+15
3.444735e+15
3.4971031e+15
3.4559439e+15
3.4525406e+15
3.4447368e+15
3.4971068e+15
3.4559474e+15
3.4525438e+15
3.4447397e+15
3.4971107e+15
3.4559512e+15
3.4525472e+15
3.4447429e+15
3.4971132e+15
3.4559536e+15
3.4525494e+15
3.4447449e+15
3.4431383e+15
3.4395253e+15
3.4351686e+15
3.4315887e+15
3.4431411e+15
3.4395278e+15
3.4351709e+15
3.4315908e+15
3.4431442e+15
3.4395307e+15
3.4351734e+15
3.4315931e+15
3.4431461e+15
3.4395324e+15
3.435175e+15
3.4315945e+15
3.4431237e+15
3.4395118e+15
3.4351566e+15
3.4315777e+15
3.4431279e+15
3.4395156e+15
3.43516e+15
3.4315808e+15
3.4431332e+15
3.4395205e+15
3.4351643e+15
3.4315848e+15
3.4431366e+15
3.4395237e+15
3.4351672e+15
3.4315874e+15
3.4298225e+15
3.4252313e+15
3.4194471e+15
3.4141778e+15
3.4298282e+15
3.425236e+15
3.4194505e+15
3.4141803e+15
3.4298339e+15
3.4252406e+15
3.4194539e+15
3.4141829e+15
3.429837e+15
3.4252431e+15
3.4194557e+15
3.4141843e+15
3.4298382e+15
3.4252441e+15
3.4194565e+15
3.4141848e+15
3.4298398e+15
3.4252454e+15
3.4194574e+15
3.4141855e+15
3.4298406e+15
3.4252461e+15
3.4194579e+15
3.4141859e+15
3.4298405e+15
3.425246e+15
3.4194579e+15
3.4141859e+15
3.4431505e+15
3.4395365e+15
3.4351786e+15
3.4315979e+15
3.4431508e+15
3.4395368e+15
3.4351789e+15
3.4315981e+15
3.4431508e+15
3.4395368e+15
3.4351788e+15
3.4315981e+15
3.4431505e+15
3.4395365e+15
3.4351786e+15
3.4315979e+15
3.443147e+15
3.4395332e+15
3.4351757e+15
3.4315952e+15
3.4431483e+15
3.4395345e+15
3.4351768e+15
3.4315962e+15
3.4431496e+15
3.4395357e+15
3.4351779e+15
3.4315972e+15
3.4431503e+15
3.4395363e+15
3.4351784e+15
3.4315977e+15
3.4971143e+15
3.4559547e+15
3.4525503e+15
3.4447458e+15
3.497116e+15
3.4559564e+15
3.4525519e+15
3.4447472e+15
3.4971177e+15
3.455958e+15
3.4525534e+15
3.4447486e+15
3.4971186e+15
3.4559588e+15
3.4525541e+15
3.4447493e+15
3.4971189e+15
3.4559591e+15
3.4525544e+15
3.4447495e+15
3.4971192e+15
3.4559594e+15
3.4525547e+15
3.4447498e+15
3.4971192e+15
3.4559594e+15
3.4525546e+15
3.4447498e+15
3.4971188e+15
3.455959e+15
3.4525543e+15
3.4447495e+15
3.4971186e+15
3.4559588e+15
3.4525541e+15
3.4447493e+15
3.4971179e+15
3.4559582e+15
3.4525535e+15
3.4447488e+15
3.4971167e+15
3.455957e+15
3.4525525e+15
3.4447478e+15
3.4971157e+15
3.455956e+15
3.4525516e+15
3.444747e+15
3.4431503e+15
3.4395363e+15
3.4351785e+15
3.4315977e+15
3.4431498e+15
3.4395359e+15
3.4351781e+15
3.4315974e+15
3.4431489e+15
3.4395351e+15
3.4351773e+15
3.4315967e+15
3.4431481e+15
3.4395343e+15
3.4351767e+15
3.4315961e+15
3.4431476e+15
3.4395339e+15
3.4351763e+15
3.4315957e+15
3.4431467e+15
3.439533e+15
3.4351755e+15
3.431595e+15
3.4431454e+15
3.4395318e+15
3.4351745e+15
3.4315941e+15
3.4431443e+15
3.4395309e+15
3.4351736e+15
3.4315933e+15
3.4971151e+15
3.4559554e+15
3.4525511e+15
3.4447465e+15
3.4971138e+15
3.4559543e+15
3.45255e+15
3.4447455e+15
3.4971121e+15
3.4559526e+15
3.4525485e+15
3.4447441e+15
3.4971108e+15
3.4559513e+15
3.4525474e+15
3.4447431e+15
3.4971101e+15
3.4559506e+15
3.4525467e+15
3.4447425e+15
3.4971087e+15
3.4559493e+15
3.4525456e+15
3.4447414e+15
3.497107e+15
3.4559477e+15
3.4525441e+15
3.44474e+15
3.4971058e+15
3.4559465e+15
3.452543e+15
3.4447391e+15
3.4971052e+15
3.455946e+15
3.4525425e+15
3.4447386e+15
3.4971042e+15
3.455945e+15
3.4525416e+15
3.4447378e+15
3.4971031e+15
3.4559439e+15
3.4525407e+15
3.4447369e+15
3.4971024e+15
3.4559432e+15
3.4525401e+15
3.4447364e+15
3.4431401e+15
3.439527e+15
3.4351702e+15
3.4315902e+15
3.4431393e+15
3.4395262e+15
3.4351695e+15
3.4315896e+15
3.4431385e+15
3.4395255e+15
3.4351689e+15
3.431589e+15
3.443138e+15
3.439525e+15
3.4351685e+15
3.4315886e+15
3.4431438e+15
3.4395304e+15
3.4351732e+15
3.4315929e+15
3.4431428e+15
3.4395294e+15
3.4351723e+15
3.4315921e+15
3.4431415e+15
3.4395282e+15
3.4351713e+15
3.4315912e+15
3.4431405e+15
3.4395274e+15
3.4351705e+15
3.4315905e+15
3.4298357e+15
3.4252421e+15
3.4194551e+15
3.4141839e+15
3.4298343e+15
3.425241e+15
3.4194543e+15
3.4141833e+15
3.4298328e+15
3.4252398e+15
3.4194535e+15
3.4141827e+15
3.429832e+15
3.4252392e+15
3.4194531e+15
3.4141824e+15
3.4298402e+15
3.4252458e+15
3.4194577e+15
3.4141858e+15
3.4298394e+15
3.4252451e+15
3.4194572e+15
3.4141854e+15
3.4298378e+15
3.4252438e+15
3.4194563e+15
3.4141848e+15
3.4298364e+15
3.4252427e+15
3.4194555e+15
3.4141842e+15
3.4121136e+15
3.4067171e+15
3.40248e+15
3.4010343e+15
3.4121129e+15
3.4067169e+15
3.4024803e+15
3.4010348e+15
3.4121118e+15
3.4067167e+15
3.4024809e+15
3.4010358e+15
3.4121112e+15
3.4067166e+15
3.4024812e+15
3.4010363e+15
3.4121081e+15
3.4067153e+15
3.4024818e+15
3.401038e+15
3.4121114e+15
3.4067164e+15
3.4024807e+15
3.4010357e+15
3.4121134e+15
3.406717e+15
3.40248e+15
3.4010343e+15
3.4121137e+15
3.4067171e+15
3.4024799e+15
3.4010341e+15
3.401154e+15
3.4047802e+15
3.414936e+15
3.4248996e+15
3.4011502e+15
3.4047753e+15
3.4149312e+15
3.4248954e+15
3.4011508e+15
3.404776e+15
3.4149319e+15
3.4248961e+15
3.4011525e+15
3.404778e+15
3.4149337e+15
3.4248978e+15
3.4011532e+15
3.4047787e+15
3.4149343e+15
3.4248984e+15
3.4011501e+15
3.4047746e+15
3.4149302e+15
3.4248948e+15
3.4011405e+15
3.4047617e+15
3.4149173e+15
3.4248838e+15
3.4011124e+15
3.4047263e+15
3.414883e+15
3.4248524e+15
3.4121197e+15
3.40672e+15
3.4024795e+15
3.4010317e+15
3.4121285e+15
3.4067227e+15
3.4024764e+15
3.4010255e+15
3.4121377e+15
3.4067263e+15
3.4024742e+15
3.40102e+15
3.4121731e+15
3.4067352e+15
3.4024584e+15
3.4009917e+15
3.4121109e+15
3.4067166e+15
3.4024814e+15
3.4010367e+15
3.4121118e+15
3.406717e+15
3.4024813e+15
3.4010362e+15
3.4121142e+15
3.4067179e+15
3.4024808e+15
3.4010349e+15
3.4121177e+15
3.4067192e+15
3.4024799e+15
3.4010328e+15
3.4298368e+15
3.4252428e+15
3.4194557e+15
3.4141851e+15
3.4298398e+15
3.4252453e+15
3.4194576e+15
3.4141865e+15
3.4298453e+15
3.4252499e+15
3.419461e+15
3.4141891e+15
3.4298511e+15
3.4252546e+15
3.4194645e+15
3.4141918e+15
3.429831e+15
3.4252381e+15
3.4194521e+15
3.4141823e+15
3.429832e+15
3.4252389e+15
3.4194527e+15
3.4141828e+15
3.4298337e+15
3.4252403e+15
3.4194538e+15
3.4141836e+15
3.4298355e+15
3.4252418e+15
3.4194549e+15
3.4141845e+15
3.4431394e+15
3.4395264e+15
3.4351697e+15
3.4315899e+15
3.4431404e+15
3.4395273e+15
3.4351706e+15
3.4315907e+15
3.4431419e+15
3.4395288e+15
3.4351719e+15
3.4315919e+15
3.4431434e+15
3.4395301e+15
3.4351731e+15
3.431593e+15
3.4431365e+15
3.4395237e+15
3.4351673e+15
3.4315877e+15
3.4431371e+15
3.4395243e+15
3.4351679e+15
3.4315882e+15
3.4431381e+15
3.4395252e+15
3.4351687e+15
3.431589e+15
3.4431389e+15
3.439526e+15
3.4351693e+15
3.4315896e+15
3.4970955e+15
3.4559397e+15
3.4525376e+15
3.4447347e+15
3.4970963e+15
3.4559405e+15
3.4525384e+15
3.4447354e+15
3.4970976e+15
3.4559417e+15
3.4525394e+15
3.4447364e+15
3.4970986e+15
3.4559427e+15
3.4525403e+15
3.4447372e+15
3.4970992e+15
3.4559433e+15
3.4525409e+15
3.4447377e+15
3.4971004e+15
3.4559445e+15
3.452542e+15
3.4447388e+15
3.4971024e+15
3.4559464e+15
3.4525437e+15
3.4447404e+15
3.4971042e+15
3.4559481e+15
3.4525453e+15
3.4447419e+15
3.4971053e+15
3.4559492e+15
3.4525463e+15
3.4447428e+15
3.4971077e+15
3.4559514e+15
3.4525483e+15
3.4447447e+15
3.4971114e+15
3.455955e+15
3.4525516e+15
3.4447478e+15
3.4971148e+15
3.4559583e+15
3.4525546e+15
3.4447506e+15
3.4431442e+15
3.4395309e+15
3.4351738e+15
3.4315937e+15
3.4431461e+15
3.4395326e+15
3.4351753e+15
3.4315951e+15
3.443149e+15
3.4395353e+15
3.4351778e+15
3.4315973e+15
3.4431517e+15
3.4395378e+15
3.43518e+15
3.4315994e+15
3.4431533e+15
3.4395393e+15
3.4351813e+15
3.4316006e+15
3.4431566e+15
3.4395424e+15
3.4351841e+15
3.4316031e+15
3.4431617e+15
3.4395471e+15
3.4351883e+15
3.431607e+15
3.443166e+15
3.439551e+15
3.4351919e+15
3.4316103e+15
3.4971169e+15
3.4559603e+15
3.4525564e+15
3.4447522e+15
3.4971211e+15
3.4559643e+15
3.4525601e+15
3.4447557e+15
3.4971276e+15
3.4559706e+15
3.4525658e+15
3.444761e+15
3.497133e+15
3.4559758e+15
3.4525705e+15
3.4447654e+15
3.4971199e+15
3.4559633e+15
3.4525593e+15
3.4447551e+15
3.4971434e+15
3.4559858e+15
3.4525796e+15
3.4447739e+15
3.4971643e+15
3.4560059e+15
3.4525978e+15
3.4447907e+15
3.4971743e+15
3.4560155e+15
3.4526065e+15
3.4447988e+15
3.4971782e+15
3.4560192e+15
3.4526099e+15
3.444802e+15
3.4971838e+15
3.4560246e+15
3.4526148e+15
3.4448066e+15
3.4971901e+15
3.4560308e+15
3.4526205e+15
3.4448119e+15
3.4971962e+15
3.4560367e+15
3.4526259e+15
3.444817e+15
3.443201e+15
3.4395833e+15
3.4352207e+15
3.4316366e+15
3.4432054e+15
3.4395874e+15
3.4352244e+15
3.43164e+15
3.4432106e+15
3.4395922e+15
3.4352288e+15
3.4316441e+15
3.4432155e+15
3.4395968e+15
3.4352329e+15
3.4316479e+15
3.4431561e+15
3.439542e+15
3.4351839e+15
3.4316031e+15
3.4431741e+15
3.4395585e+15
3.4351986e+15
3.4316164e+15
3.4431902e+15
3.4395733e+15
3.4352117e+15
3.4316284e+15
3.4431979e+15
3.4395804e+15
3.4352181e+15
3.4316343e+15
3.4298489e+15
3.4252529e+15
3.4194634e+15
3.4141911e+15
3.4298683e+15
3.4252686e+15
3.4194747e+15
3.4141995e+15
3.4298796e+15
3.4252778e+15
3.4194816e+15
3.4142048e+15
3.4298857e+15
3.425283e+15
3.4194855e+15
3.4142079e+15
3.4298879e+15
3.4252849e+15
3.4194871e+15
3.4142092e+15
3.4299139e+15
3.4253057e+15
3.4195022e+15
3.4142204e+15
3.4299421e+15
3.425329e+15
3.4195191e+15
3.4142332e+15
3.4301004e+15
3.4254543e+15
3.4196081e+15
3.4142978e+15
3.4432636e+15
3.4396412e+15
3.4352727e+15
3.4316843e+15
3.443333e+15
3.4397047e+15
3.435329e+15
3.4317349e+15
3.4433235e+15
3.4396962e+15
3.4353216e+15
3.4317298e+15
3.4438172e+15
3.4401473e+15
3.4357205e+15
3.4320874e+15
3.4432147e+15
3.4395961e+15
3.4352324e+15
3.4316473e+15
3.443232e+15
3.439612e+15
3.4352465e+15
3.4316605e+15
3.4432486e+15
3.4396272e+15
3.4352602e+15
3.4316729e+15
3.4432639e+15
3.4396413e+15
3.4352728e+15
3.4316842e+15
3.497195e+15
3.4560356e+15
3.452625e+15
3.4448162e+15
3.4972175e+15
3.4560571e+15
3.4526444e+15
3.4448343e+15
3.4972388e+15
3.4560776e+15
3.452663e+15
3.4448515e+15
3.4972586e+15
3.4560966e+15
3.4526802e+15
3.4448675e+15
3.4972579e+15
3.4560961e+15
3.4526798e+15
3.4448673e+15
3.4973494e+15
3.4561836e+15
3.4527585e+15
3.4449399e+15
3.4973357e+15
3.4561708e+15
3.4527473e+15
3.4449298e+15
3.4979914e+15
3.4567964e+15
3.4533084e+15
3.4454473e+15
3.8578525e+15
3.891308e+15
3.9434048e+15
3.9443454e+15
3.8578888e+15
3.8913497e+15
3.9434535e+15
3.9444027e+15
3.8578844e+15
3.8913443e+15
3.9434468e+15
3.9443944e+15
3.8581399e+15
3.8916393e+15
3.9437934e+15
3.9448038e+15
3.7199395e+15
3.7544201e+15
3.8011206e+15
3.837665e+15
3.7199586e+15
3.7544435e+15
3.8011496e+15
3.8376987e+15
3.7199576e+15
3.7544413e+15
3.8011464e+15
3.8376947e+15
3.7200887e+15
3.7546031e+15
3.8013492e+15
3.8379314e+15
3.719924e+15
3.754402e+15
3.8010987e+15
3.83764e+15
3.7199293e+15
3.7544082e+15
3.8011062e+15
3.8376487e+15
3.7199345e+15
3.7544143e+15
3.8011136e+15
3.8376571e+15
3.7199392e+15
3.7544199e+15
3.8011204e+15
3.8376649e+15
3.8578259e+15
3.8912778e+15
3.9433702e+15
3.9443053e+15
3.8578352e+15
3.8912884e+15
3.9433824e+15
3.9443196e+15
3.8578442e+15
3.8912986e+15
3.9433941e+15
3.9443331e+15
3.8578525e+15
3.891308e+15
3.9434049e+15
3.9443457e+15
3.8578176e+15
3.8912688e+15
3.9433602e+15
3.9442941e+15
3.8578202e+15
3.8912716e+15
3.9433634e+15
3.9442977e+15
3.8578233e+15
3.891275e+15
3.9433671e+15
3.944302e+15
3.8578261e+15
3.8912782e+15
3.9433707e+15
3.944306e+15
3.8577934e+15
3.8912413e+15
3.9433284e+15
3.9442571e+15
3.857803e+15
3.8912522e+15
3.943341e+15
3.9442719e+15
3.8578116e+15
3.891262e+15
3.9433524e+15
3.9442852e+15
3.8578159e+15
3.8912668e+15
3.943358e+15
3.9442916e+15
3.7199049e+15
3.7543796e+15
3.8010718e+15
3.8376095e+15
3.7199101e+15
3.7543858e+15
3.8010795e+15
3.8376184e+15
3.7199149e+15
3.7543916e+15
3.8010865e+15
3.8376265e+15
3.7199174e+15
3.7543945e+15
3.80109e+15
3.8376305e+15
3.7199185e+15
3.7543957e+15
3.8010915e+15
3.8376321e+15
3.7199202e+15
3.7543976e+15
3.8010937e+15
3.8376346e+15
3.7199222e+15
3.7543999e+15
3.8010963e+15
3.8376375e+15
3.719924e+15
3.754402e+15
3.8010987e+15
3.8376402e+15
3.4834666e+15
3.5416111e+15
3.624293e+15
3.6918029e+15
3.4834658e+15
3.5416124e+15
3.6242975e+15
3.6918101e+15
3.4834662e+15
3.5416139e+15
3.6243007e+15
3.6918148e+15
3.4834668e+15
3.5416152e+15
3.6243029e+15
3.6918178e+15
3.4834673e+15
3.5416159e+15
3.6243039e+15
3.691819e+15
3.4834665e+15
3.5416178e+15
3.6243099e+15
3.6918287e+15
3.4834661e+15
3.5416204e+15
3.624317e+15
3.6918396e+15
3.4834535e+15
3.5416249e+15
3.6243474e+15
3.6918936e+15
3.2807494e+15
3.3291842e+15
3.3967941e+15
3.4520339e+15
3.2807444e+15
3.3291801e+15
3.3967916e+15
3.4520328e+15
3.2807309e+15
3.3291689e+15
3.3967841e+15
3.4520289e+15
3.2806942e+15
3.3291375e+15
3.3967618e+15
3.4520154e+15
3.1221059e+15
3.1592923e+15
3.2122055e+15
3.256139e+15
3.1220988e+15
3.1592855e+15
3.2121994e+15
3.2561335e+15
3.1220808e+15
3.1592682e+15
3.2121834e+15
3.256119e+15
3.1220348e+15
3.1592231e+15
3.212141e+15
3.2560801e+15
3.1221221e+15
3.1593076e+15
3.2122192e+15
3.2561511e+15
3.1221142e+15
3.1593e+15
3.2122122e+15
3.2561446e+15
3.1221099e+15
3.1592959e+15
3.2122086e+15
3.2561416e+15
3.1221077e+15
3.1592939e+15
3.212207e+15
3.2561402e+15
3.2807604e+15
3.3291929e+15
3.396799e+15
3.4520354e+15
3.2807544e+15
3.3291879e+15
3.3967957e+15
3.4520337e+15
3.2807517e+15
3.3291858e+15
3.3967946e+15
3.4520335e+15
3.2807505e+15
3.329185e+15
3.3967945e+15
3.4520338e+15
3.2807627e+15
3.3291945e+15
3.3967994e+15
3.4520348e+15
3.280762e+15
3.329194e+15
3.3967992e+15
3.4520348e+15
3.2807607e+15
3.329193e+15
3.3967987e+15
3.4520348e+15
3.2807593e+15
3.3291919e+15
3.3967981e+15
3.4520347e+15
3.1221264e+15
3.1593115e+15
3.2122225e+15
3.2561537e+15
3.1221253e+15
3.1593105e+15
3.2122217e+15
3.256153e+15
3.1221232e+15
3.1593086e+15
3.2122199e+15
3.2561515e+15
3.122121e+15
3.1593065e+15
3.2122181e+15
3.25615e+15
3.1221285e+15
3.1593135e+15
3.2122242e+15
3.2561551e+15
3.1221281e+15
3.1593131e+15
3.2122239e+15
3.2561548e+15
3.1221275e+15
3.1593126e+15
3.2122234e+15
3.2561545e+15
3.1221269e+15
3.159312e+15
3.2122229e+15
3.256154e+15
3.2807639e+15
3.3291952e+15
3.3967996e+15
3.4520345e+15
3.2807637e+15
3.3291951e+15
3.3967996e+15
3.4520345e+15
3.2807633e+15
3.3291949e+15
3.3967995e+15
3.4520346e+15
3.280763e+15
3.3291946e+15
3.3967994e+15
3.4520347e+15
3.4834648e+15
3.5416073e+15
3.6242865e+15
3.691794e+15
3.4834649e+15
3.5416075e+15
3.6242869e+15
3.6917945e+15
3.4834651e+15
3.5416079e+15
3.6242876e+15
3.6917954e+15
3.4834653e+15
3.5416083e+15
3.6242883e+15
3.6917963e+15
3.4834654e+15
3.5416085e+15
3.6242887e+15
3.6917969e+15
3.4834656e+15
3.5416091e+15
3.6242897e+15
3.6917983e+15
3.4834658e+15
3.5416099e+15
3.6242914e+15
3.6918008e+15
3.483466e+15
3.5416107e+15
3.6242931e+15
3.6918033e+15
3.7198997e+15
3.7543737e+15
3.8010651e+15
3.8376022e+15
3.7199004e+15
3.7543745e+15
3.8010661e+15
3.8376033e+15
3.7199015e+15
3.7543758e+15
3.8010676e+15
3.8376049e+15
3.7199024e+15
3.7543769e+15
3.8010689e+15
3.8376064e+15
3.719903e+15
3.7543775e+15
3.8010696e+15
3.8376073e+15
3.7199042e+15
3.7543789e+15
3.8010712e+15
3.8376091e+15
3.7199059e+15
3.7543809e+15
3.8010737e+15
3.8376119e+15
3.7199074e+15
3.7543826e+15
3.8010757e+15
3.8376141e+15
3.8577912e+15
3.8912389e+15
3.9433259e+15
3.9442545e+15
3.8577931e+15
3.891241e+15
3.9433284e+15
3.9442573e+15
3.857796e+15
3.8912443e+15
3.9433321e+15
3.9442616e+15
3.8577984e+15
3.891247e+15
3.9433352e+15
3.9442651e+15
3.8577858e+15
3.8912329e+15
3.9433191e+15
3.9442468e+15
3.8577869e+15
3.8912342e+15
3.9433205e+15
3.9442484e+15
3.8577887e+15
3.8912361e+15
3.9433227e+15
3.9442509e+15
3.8577902e+15
3.8912379e+15
3.9433247e+15
3.9442532e+15
3.8577827e+15
3.8912295e+15
3.9433153e+15
3.9442425e+15
3.8577834e+15
3.8912302e+15
3.9433161e+15
3.9442434e+15
3.8577844e+15
3.8912313e+15
3.9433173e+15
3.9442448e+15
3.8577853e+15
3.8912323e+15
3.9433185e+15
3.944246e+15
3.7198977e+15
3.7543715e+15
3.8010626e+15
3.8375993e+15
3.7198981e+15
3.754372e+15
3.8010631e+15
3.8376e+15
3.7198988e+15
3.7543727e+15
3.8010639e+15
3.8376009e+15
3.7198993e+15
3.7543733e+15
3.8010647e+15
3.8376017e+15
3.7198965e+15
3.7543701e+15
3.8010609e+15
3.8375975e+15
3.7198968e+15
3.7543704e+15
3.8010613e+15
3.8375979e+15
3.7198972e+15
3.7543709e+15
3.8010618e+15
3.8375985e+15
3.7198975e+15
3.7543713e+15
3.8010623e+15
3.8375991e+15
3.8577808e+15
3.8912274e+15
3.9433129e+15
3.9442398e+15
3.8577813e+15
3.8912279e+15
3.9433135e+15
3.9442404e+15
3.8577819e+15
3.8912286e+15
3.9433143e+15
3.9442413e+15
3.8577824e+15
3.8912292e+15
3.9433149e+15
3.944242e+15
3.8577812e+15
3.8912282e+15
3.9433136e+15
3.9442439e+15
3.8577809e+15
3.8912278e+15
3.9433132e+15
3.9442433e+15
3.8577806e+15
3.8912274e+15
3.9433127e+15
3.9442428e+15
3.8577804e+15
3.8912273e+15
3.9433125e+15
3.9442424e+15
3.8577829e+15
3.8912302e+15
3.9433159e+15
3.9442466e+15
3.8577824e+15
3.8912296e+15
3.9433153e+15
3.9442459e+15
3.8577818e+15
3.8912289e+15
3.9433145e+15
3.9442449e+15
3.8577814e+15
3.8912284e+15
3.9433139e+15
3.9442442e+15
3.7198979e+15
3.754372e+15
3.801063e+15
3.8375996e+15
3.7198977e+15
3.7543717e+15
3.8010626e+15
3.8375992e+15
3.7198974e+15
3.7543713e+15
3.8010622e+15
3.8375987e+15
3.7198972e+15
3.7543711e+15
3.8010618e+15
3.8375983e+15
3.7198971e+15
3.754371e+15
3.8010617e+15
3.8375981e+15
3.719897e+15
3.7543708e+15
3.8010614e+15
3.8375978e+15
3.7198968e+15
3.7543706e+15
3.8010612e+15
3.8375975e+15
3.7198968e+15
3.7543705e+15
3.8010611e+15
3.8375974e+15
3.4834778e+15
3.5416028e+15
3.6242897e+15
3.6917944e+15
3.483478e+15
3.5416028e+15
3.6242895e+15
3.691794e+15
3.4834782e+15
3.5416029e+15
3.6242893e+15
3.6917936e+15
3.4834783e+15
3.541603e+15
3.6242893e+15
3.6917935e+15
3.4834774e+15
3.5416028e+15
3.6242904e+15
3.6917957e+15
3.4834775e+15
3.5416028e+15
3.6242903e+15
3.6917955e+15
3.4834776e+15
3.5416028e+15
3.62429e+15
3.691795e+15
3.4834777e+15
3.5416028e+15
3.6242898e+15
3.6917946e+15
3.7198995e+15
3.754374e+15
3.8010655e+15
3.8376025e+15
3.7198994e+15
3.7543738e+15
3.8010653e+15
3.8376023e+15
3.7198992e+15
3.7543735e+15
3.8010649e+15
3.8376019e+15
3.719899e+15
3.7543733e+15
3.8010646e+15
3.8376015e+15
3.7198989e+15
3.7543732e+15
3.8010645e+15
3.8376013e+15
3.7198986e+15
3.7543729e+15
3.8010641e+15
3.8376009e+15
3.7198983e+15
3.7543725e+15
3.8010636e+15
3.8376003e+15
3.7198981e+15
3.7543722e+15
3.8010632e+15
3.8375999e+15
3.8577847e+15
3.8912323e+15
3.9433184e+15
3.9442496e+15
3.8577843e+15
3.8912317e+15
3.9433178e+15
3.9442488e+15
3.8577837e+15
3.891231e+15
3.9433169e+15
3.9442478e+15
3.8577832e+15
3.8912305e+15
3.9433163e+15
3.9442471e+15
3.857786e+15
3.8912337e+15
3.9433201e+15
3.9442516e+15
3.8577858e+15
3.8912334e+15
3.9433198e+15
3.9442512e+15
3.8577854e+15
3.891233e+15
3.9433192e+15
3.9442505e+15
3.857785e+15
3.8912325e+15
3.9433187e+15
3.9442499e+15
3.8577861e+15
3.8912338e+15
3.9433202e+15
3.9442517e+15
3.8577862e+15
3.891234e+15
3.9433204e+15
3.944252e+15
3.8577862e+15
3.891234e+15
3.9433204e+15
3.944252e+15
3.8577861e+15
3.8912338e+15
3.9433202e+15
3.9442518e+15
3.7198995e+15
3.7543739e+15
3.8010655e+15
3.8376025e+15
3.7198996e+15
3.7543741e+15
3.8010656e+15
3.8376027e+15
3.7198996e+15
3.7543741e+15
3.8010656e+15
3.8376027e+15
3.7198996e+15
3.754374e+15
3.8010655e+15
3.8376026e+15
3.7198984e+15
3.7543726e+15
3.8010639e+15
3.8376008e+15
3.7198988e+15
3.7543731e+15
3.8010645e+15
3.8376014e+15
3.7198992e+15
3.7543736e+15
3.8010651e+15
3.8376021e+15
3.7198994e+15
3.7543739e+15
3.8010654e+15
3.8376024e+15
3.8577842e+15
3.8912316e+15
3.9433177e+15
3.9442489e+15
3.8577849e+15
3.8912325e+15
3.9433187e+15
3.94425e+15
3.8577856e+15
3.8912332e+15
3.9433196e+15
3.944251e+15
3.8577859e+15
3.8912336e+15
3.94332e+15
3.9442515e+15
3.8577796e+15
3.8912265e+15
3.9433118e+15
3.944242e+15
3.8577811e+15
3.8912282e+15
3.9433138e+15
3.9442443e+15
3.8577827e+15
3.89123e+15
3.9433158e+15
3.9442467e+15
3.8577837e+15
3.8912311e+15
3.9433172e+15
3.9442482e+15
3.8577718e+15
3.8912176e+15
3.9433016e+15
3.9442301e+15
3.8577742e+15
3.8912204e+15
3.9433047e+15
3.9442337e+15
3.8577769e+15
3.8912235e+15
3.9433083e+15
3.9442379e+15
3.8577788e+15
3.8912255e+15
3.9433107e+15
3.9442407e+15
3.7198915e+15
3.7543644e+15
3.8010539e+15
3.8375893e+15
3.7198927e+15
3.7543659e+15
3.8010558e+15
3.8375915e+15
3.7198943e+15
3.7543678e+15
3.801058e+15
3.837594e+15
3.7198953e+15
3.754369e+15
3.8010595e+15
3.8375957e+15
3.7198958e+15
3.7543696e+15
3.8010602e+15
3.8375965e+15
3.7198967e+15
3.7543706e+15
3.8010614e+15
3.8375979e+15
3.7198976e+15
3.7543717e+15
3.8010627e+15
3.8375994e+15
3.7198981e+15
3.7543723e+15
3.8010635e+15
3.8376003e+15
3.4834777e+15
3.5416013e+15
3.6242862e+15
3.6917891e+15
3.4834775e+15
3.5416017e+15
3.6242874e+15
3.6917912e+15
3.4834774e+15
3.5416021e+15
3.6242888e+15
3.6917933e+15
3.4834773e+15
3.5416024e+15
3.6242895e+15
3.6917944e+15
3.4834773e+15
3.5416025e+15
3.6242898e+15
3.6917949e+15
3.4834773e+15
3.5416026e+15
3.6242902e+15
3.6917955e+15
3.4834773e+15
3.5416028e+15
3.6242904e+15
3.6917958e+15
3.4834773e+15
3.5416028e+15
3.6242904e+15
3.6917958e+15
3.1317536e+15
3.2106038e+15
3.3311057e+15
3.4370189e+15
3.1317498e+15
3.2106004e+15
3.3311034e+15
3.437018e+15
3.1317474e+15
3.2105983e+15
3.3311021e+15
3.4370175e+15
3.1317472e+15
3.2105981e+15
3.331102e+15
3.4370175e+15
3.1317474e+15
3.2105983e+15
3.3311021e+15
3.4370176e+15
3.1317483e+15
3.2105992e+15
3.3311028e+15
3.4370179e+15
3.1317499e+15
3.2106006e+15
3.3311039e+15
3.4370186e+15
3.1317508e+15
3.2106015e+15
3.3311046e+15
3.437019e+15
2.9321764e+15
2.968524e+15
3.0323908e+15
3.0941414e+15
2.9321771e+15
2.9685248e+15
3.0323917e+15
3.0941423e+15
2.9321783e+15
2.9685261e+15
3.0323932e+15
3.0941438e+15
2.9321789e+15
2.9685268e+15
3.0323941e+15
3.0941447e+15
2.9321821e+15
2.9685301e+15
3.0323973e+15
3.0941478e+15
2.9321787e+15
2.9685264e+15
3.0323934e+15
3.0941439e+15
2.9321766e+15
2.9685241e+15
3.0323909e+15
3.0941414e+15
2.9321763e+15
2.9685238e+15
3.0323906e+15
3.0941411e+15
2.891203e+15
2.8871861e+15
2.8973036e+15
2.9172246e+15
2.8912002e+15
2.8871833e+15
2.8973007e+15
2.9172214e+15
2.8911985e+15
2.8871816e+15
2.8972988e+15
2.9172193e+15
2.8911983e+15
2.8871814e+15
2.8972985e+15
2.917219e+15
2.8911984e+15
2.8871815e+15
2.8972986e+15
2.9172192e+15
2.891199e+15
2.8871821e+15
2.8972992e+15
2.9172199e+15
2.8912e+15
2.887183e+15
2.8973002e+15
2.917221e+15
2.8912005e+15
2.8871835e+15
2.8973007e+15
2.9172215e+15
2.8912008e+15
2.8871837e+15
2.8973009e+15
2.9172218e+15
2.8912e+15
2.8871829e+15
2.8973001e+15
2.9172209e+15
2.8911982e+15
2.8871809e+15
2.8972978e+15
2.9172185e+15
2.8911955e+15
2.887178e+15
2.8972946e+15
2.917215e+15
2.9321792e+15
2.9685272e+15
3.0323944e+15
3.0941456e+15
2.9321783e+15
2.9685262e+15
3.0323935e+15
3.0941447e+15
2.9321758e+15
2.9685237e+15
3.0323909e+15
3.0941423e+15
2.9321722e+15
2.9685198e+15
3.032387e+15
3.0941385e+15
2.9321701e+15
2.9685176e+15
3.0323848e+15
3.0941365e+15
2.9321608e+15
2.9685076e+15
3.0323742e+15
3.094126e+15
2.932151e+15
2.9684974e+15
3.0323639e+15
3.0941162e+15
2.9321132e+15
2.9684555e+15
3.0323178e+15
3.094069e+15
2.891194e+15
2.8871764e+15
2.8972928e+15
2.917213e+15
2.8911865e+15
2.8871689e+15
2.8972847e+15
2.9172041e+15
2.8911796e+15
2.8871613e+15
2.8972761e+15
2.9171947e+15
2.8911464e+15
2.8871302e+15
2.8972437e+15
2.917159e+15
2.9546252e+15
2.9269493e+15
2.9015211e+15
2.8909614e+15
2.9546252e+15
2.9269477e+15
2.9015174e+15
2.8909562e+15
2.9546248e+15
2.9269458e+15
2.9015134e+15
2.8909506e+15
2.954626e+15
2.9269406e+15
2.9014994e+15
2.8909297e+15
2.9546259e+15
2.9269514e+15
2.901525e+15
2.8909669e+15
2.9546258e+15
2.9269511e+15
2.9015246e+15
2.8909662e+15
2.9546255e+15
2.9269505e+15
2.9015235e+15
2.8909648e+15
2.9546254e+15
2.9269497e+15
2.9015219e+15
2.8909626e+15
3.1163636e+15
3.066726e+15
3.0094813e+15
2.9720642e+15
3.1163639e+15
3.0667262e+15
3.0094813e+15
2.9720641e+15
3.1163647e+15
3.0667268e+15
3.0094816e+15
2.9720641e+15
3.116366e+15
3.0667279e+15
3.0094822e+15
2.9720642e+15
3.1163667e+15
3.0667284e+15
3.0094825e+15
2.9720642e+15
3.1163706e+15
3.0667317e+15
3.0094845e+15
2.9720649e+15
3.1163742e+15
3.0667346e+15
3.0094861e+15
2.9720653e+15
3.116392e+15
3.0667499e+15
3.009496e+15
2.9720697e+15
3.3428109e+15
3.2792866e+15
3.2007725e+15
3.1446673e+15
3.342813e+15
3.27929e+15
3.2007766e+15
3.1446713e+15
3.342815e+15
3.2792931e+15
3.2007804e+15
3.1446751e+15
3.342824e+15
3.2793078e+15
3.2007988e+15
3.1446936e+15
3.4797291e+15
3.4456049e+15
3.4017796e+15
3.3690167e+15
3.4797264e+15
3.4456037e+15
3.40178e+15
3.369018e+15
3.4797236e+15
3.4456024e+15
3.4017804e+15
3.3690195e+15
3.4797061e+15
3.4455941e+15
3.4017821e+15
3.3690272e+15
3.6085819e+15
3.5771255e+15
3.5322041e+15
3.4980698e+15
3.6085725e+15
3.5771177e+15
3.5321989e+15
3.4980663e+15
3.6085622e+15
3.5771093e+15
3.5321933e+15
3.4980625e+15
3.6085022e+15
3.5770599e+15
3.5321598e+15
3.4980396e+15
3.6085956e+15
3.5771366e+15
3.5322115e+15
3.4980748e+15
3.6085884e+15
3.5771307e+15
3.5322076e+15
3.4980721e+15
3.6085845e+15
3.5771275e+15
3.5322055e+15
3.4980707e+15
3.6085825e+15
3.5771259e+15
3.5322044e+15
3.49807e+15
3.4797328e+15
3.4456064e+15
3.4017788e+15
3.3690145e+15
3.4797307e+15
3.4456055e+15
3.4017791e+15
3.3690155e+15
3.4797297e+15
3.4456051e+15
3.4017793e+15
3.3690161e+15
3.4797292e+15
3.4456049e+15
3.4017795e+15
3.3690165e+15
3.4797337e+15
3.4456068e+15
3.4017785e+15
3.3690138e+15
3.4797335e+15
3.4456067e+15
3.4017786e+15
3.369014e+15
3.479733e+15
3.4456065e+15
3.4017787e+15
3.3690143e+15
3.4797325e+15
3.4456063e+15
3.4017788e+15
3.3690146e+15
3.6085994e+15
3.5771397e+15
3.5322136e+15
3.4980761e+15
3.6085984e+15
3.5771389e+15
3.532213e+15
3.4980757e+15
3.6085966e+15
3.5771374e+15
3.532212e+15
3.4980751e+15
3.6085946e+15
3.5771358e+15
3.532211e+15
3.4980744e+15
3.6086013e+15
3.5771412e+15
3.5322145e+15
3.4980767e+15
3.608601e+15
3.5771409e+15
3.5322144e+15
3.4980766e+15
3.6086004e+15
3.5771405e+15
3.5322141e+15
3.4980764e+15
3.6085998e+15
3.57714e+15
3.5322138e+15
3.4980762e+15
3.4797342e+15
3.445607e+15
3.4017784e+15
3.3690135e+15
3.4797341e+15
3.4456069e+15
3.4017784e+15
3.3690136e+15
3.479734e+15
3.4456069e+15
3.4017785e+15
3.3690136e+15
3.4797338e+15
3.4456068e+15
3.4017785e+15
3.3690137e+15
3.342809e+15
3.2792838e+15
3.2007691e+15
3.144664e+15
3.3428092e+15
3.279284e+15
3.2007694e+15
3.1446643e+15
3.3428097e+15
3.2792848e+15
3.2007703e+15
3.1446651e+15
3.3428104e+15
3.279286e+15
3.2007717e+15
3.1446665e+15
3.3428098e+15
3.2792851e+15
3.2007708e+15
3.1446657e+15
3.3428096e+15
3.2792848e+15
3.2007704e+15
3.1446653e+15
3.3428093e+15
3.2792843e+15
3.2007697e+15
3.1446646e+15
3.3428091e+15
3.279284e+15
3.2007693e+15
3.1446642e+15
3.4797336e+15
3.4456067e+15
3.4017785e+15
3.3690138e+15
3.4797338e+15
3.4456068e+15
3.4017784e+15
3.3690137e+15
3.479734e+15
3.4456069e+15
3.4017784e+15
3.3690136e+15
3.4797341e+15
3.4456069e+15
3.4017784e+15
3.3690136e+15
3.6085993e+15
3.5771396e+15
3.5322134e+15
3.498076e+15
3.6085999e+15
3.57714e+15
3.5322137e+15
3.4980762e+15
3.6086005e+15
3.5771405e+15
3.5322141e+15
3.4980764e+15
3.6086008e+15
3.5771408e+15
3.5322143e+15
3.4980765e+15
3.6085976e+15
3.5771381e+15
3.5322124e+15
3.4980753e+15
3.6085979e+15
3.5771384e+15
3.5322126e+15
3.4980754e+15
3.6085985e+15
3.5771389e+15
3.532213e+15
3.4980756e+15
3.608599e+15
3.5771393e+15
3.5322133e+15
3.4980759e+15
3.4797331e+15
3.4456065e+15
3.4017785e+15
3.369014e+15
3.4797332e+15
3.4456065e+15
3.4017785e+15
3.369014e+15
3.4797334e+15
3.4456066e+15
3.4017785e+15
3.3690139e+15
3.4797335e+15
3.4456067e+15
3.4017785e+15
3.3690138e+15
3.4797333e+15
3.4456065e+15
3.4017785e+15
3.3690139e+15
3.4797332e+15
3.4456065e+15
3.4017785e+15
3.369014e+15
3.4797331e+15
3.4456064e+15
3.4017785e+15
3.369014e+15
3.4797331e+15
3.4456064e+15
3.4017785e+15
3.369014e+15
3.6085983e+15
3.5771387e+15
3.5322128e+15
3.4980755e+15
3.6085977e+15
3.5771382e+15
3.5322125e+15
3.4980753e+15
3.6085974e+15
3.577138e+15
3.5322124e+15
3.4980752e+15
3.6085974e+15
3.577138e+15
3.5322124e+15
3.4980752e+15
3.6086047e+15
3.577144e+15
3.5322164e+15
3.498078e+15
3.6086019e+15
3.5771417e+15
3.5322149e+15
3.4980769e+15
3.6085998e+15
3.57714e+15
3.5322137e+15
3.4980761e+15
3.6085987e+15
3.577139e+15
3.5322131e+15
3.4980757e+15
3.4797352e+15
3.4456074e+15
3.4017783e+15
3.3690131e+15
3.4797343e+15
3.445607e+15
3.4017783e+15
3.3690134e+15
3.4797337e+15
3.4456067e+15
3.4017784e+15
3.3690137e+15
3.4797334e+15
3.4456066e+15
3.4017785e+15
3.3690138e+15
3.3428085e+15
3.2792829e+15
3.2007681e+15
3.1446631e+15
3.3428093e+15
3.2792843e+15
3.2007698e+15
3.1446647e+15
3.3428098e+15
3.279285e+15
3.2007708e+15
3.1446657e+15
3.3428098e+15
3.2792851e+15
3.2007709e+15
3.1446658e+15
3.1163628e+15
3.0667254e+15
3.0094811e+15
2.9720644e+15
3.1163644e+15
3.0667267e+15
3.0094819e+15
2.9720648e+15
3.1163653e+15
3.0667275e+15
3.0094824e+15
2.972065e+15
3.1163654e+15
3.0667276e+15
3.0094825e+15
2.972065e+15
3.1163653e+15
3.0667275e+15
3.0094824e+15
2.9720649e+15
3.1163649e+15
3.0667272e+15
3.0094822e+15
2.9720648e+15
3.1163643e+15
3.0667266e+15
3.0094817e+15
2.9720645e+15
3.1163638e+15
3.0667262e+15
3.0094815e+15
2.9720643e+15
2.9546264e+15
2.9269513e+15
2.9015243e+15
2.8909655e+15
2.9546263e+15
2.9269513e+15
2.9015245e+15
2.8909658e+15
2.9546261e+15
2.9269514e+15
2.9015248e+15
2.8909664e+15
2.954626e+15
2.9269514e+15
2.901525e+15
2.8909667e+15
2.9546263e+15
2.9269522e+15
2.9015265e+15
2.8909687e+15
2.9546264e+15
2.9269517e+15
2.9015252e+15
2.8909668e+15
2.9546264e+15
2.9269514e+15
2.9015243e+15
2.8909656e+15
2.9546264e+15
2.9269513e+15
2.9015242e+15
2.8909654e+15
2.954628e+15
2.9269572e+15
2.9015279e+15
2.890977e+15
2.954628e+15
2.9269573e+15
2.901528e+15
2.8909772e+15
2.9546281e+15
2.9269574e+15
2.9015282e+15
2.8909775e+15
2.9546281e+15
2.9269575e+15
2.9015283e+15
2.8909775e+15
2.9546279e+15
2.9269569e+15
2.9015274e+15
2.8909764e+15
2.9546279e+15
2.926957e+15
2.9015275e+15
2.8909765e+15
2.9546279e+15
2.9269571e+15
2.9015277e+15
2.8909767e+15
2.954628e+15
2.9269572e+15
2.9015278e+15
2.8909769e+15
3.1163529e+15
3.0667193e+15
3.0094795e+15
2.9720657e+15
3.1163529e+15
3.0667192e+15
3.0094795e+15
2.9720658e+15
3.1163527e+15
3.0667191e+15
3.0094794e+15
2.9720658e+15
3.1163527e+15
3.0667191e+15
3.0094794e+15
2.9720658e+15
3.1163526e+15
3.066719e+15
3.0094794e+15
2.9720658e+15
3.1163525e+15
3.066719e+15
3.0094794e+15
2.9720658e+15
3.1163524e+15
3.0667189e+15
3.0094794e+15
2.9720658e+15
3.1163524e+15
3.0667189e+15
3.0094794e+15
2.9720658e+15
3.3428073e+15
3.2792758e+15
3.2007576e+15
3.1446521e+15
3.3428072e+15
3.2792757e+15
3.2007575e+15
3.144652e+15
3.3428071e+15
3.2792756e+15
3.2007574e+15
3.1446519e+15
3.3428071e+15
3.2792756e+15
3.2007574e+15
3.1446518e+15
3.4797613e+15
3.4456255e+15
3.4017871e+15
3.3690146e+15
3.4797613e+15
3.4456255e+15
3.401787e+15
3.3690146e+15
3.4797613e+15
3.4456255e+15
3.401787e+15
3.3690145e+15
3.4797611e+15
3.4456253e+15
3.4017869e+15
3.3690145e+15
3.6086798e+15
3.5772079e+15
3.5322585e+15
3.4981094e+15
3.6086799e+15
3.5772079e+15
3.5322586e+15
3.4981094e+15
3.60868e+15
3.577208e+15
3.5322586e+15
3.4981094e+15
3.6086795e+15
3.5772075e+15
3.5322583e+15
3.4981092e+15
3.6086794e+15
3.5772076e+15
3.5322583e+15
3.4981093e+15
3.6086795e+15
3.5772076e+15
3.5322584e+15
3.4981093e+15
3.6086796e+15
3.5772077e+15
3.5322584e+15
3.4981093e+15
3.6086798e+15
3.5772078e+15
3.5322585e+15
3.4981094e+15
3.4797612e+15
3.4456255e+15
3.4017871e+15
3.3690147e+15
3.4797612e+15
3.4456255e+15
3.4017871e+15
3.3690146e+15
3.4797612e+15
3.4456255e+15
3.4017871e+15
3.3690146e+15
3.4797613e+15
3.4456255e+15
3.4017871e+15
3.3690146e+15
3.4797611e+15
3.4456254e+15
3.4017871e+15
3.3690148e+15
3.4797611e+15
3.4456254e+15
3.4017871e+15
3.3690147e+15
3.4797612e+15
3.4456254e+15
3.4017871e+15
3.3690147e+15
3.4797612e+15
3.4456254e+15
3.4017871e+15
3.3690147e+15
3.608679e+15
3.5772072e+15
3.5322581e+15
3.4981091e+15
3.6086791e+15
3.5772073e+15
3.5322582e+15
3.4981091e+15
3.6086792e+15
3.5772074e+15
3.5322582e+15
3.4981092e+15
3.6086793e+15
3.5772075e+15
3.5322583e+15
3.4981092e+15
3.6086787e+15
3.577207e+15
3.532258e+15
3.498109e+15
3.6086788e+15
3.577207e+15
3.532258e+15
3.498109e+15
3.6086788e+15
3.5772071e+15
3.532258e+15
3.4981091e+15
3.6086789e+15
3.5772072e+15
3.5322581e+15
3.4981091e+15
3.479761e+15
3.4456254e+15
3.4017872e+15
3.3690148e+15
3.4797611e+15
3.4456254e+15
3.4017872e+15
3.3690148e+15
3.4797611e+15
3.4456254e+15
3.4017872e+15
3.3690148e+15
3.4797611e+15
3.4456254e+15
3.4017871e+15
3.3690148e+15
3.3428075e+15
3.2792761e+15
3.200758e+15
3.1446524e+15
3.3428074e+15
3.2792761e+15
3.2007579e+15
3.1446523e+15
3.3428073e+15
3.279276e+15
3.2007578e+15
3.1446522e+15
3.3428073e+15
3.2792759e+15
3.2007577e+15
3.1446521e+15
3.3428075e+15
3.2792761e+15
3.200758e+15
3.1446524e+15
3.3428075e+15
3.2792762e+15
3.200758e+15
3.1446525e+15
3.3428075e+15
3.2792762e+15
3.200758e+15
3.1446525e+15
3.3428075e+15
3.2792762e+15
3.200758e+15
3.1446524e+15
3.479761e+15
3.4456254e+15
3.4017872e+15
3.3690149e+15
3.479761e+15
3.4456254e+15
3.4017872e+15
3.3690149e+15
3.479761e+15
3.4456254e+15
3.4017872e+15
3.3690148e+15
3.479761e+15
3.4456254e+15
3.4017872e+15
3.3690148e+15
3.6086786e+15
3.5772069e+15
3.5322579e+15
3.498109e+15
3.6086786e+15
3.5772069e+15
3.5322579e+15
3.498109e+15
3.6086786e+15
3.5772069e+15
3.5322579e+15
3.498109e+15
3.6086787e+15
3.577207e+15
3.532258e+15
3.498109e+15
3.6086788e+15
3.5772071e+15
3.532258e+15
3.4981091e+15
3.6086787e+15
3.577207e+15
3.532258e+15
3.498109e+15
3.6086786e+15
3.5772069e+15
3.5322579e+15
3.498109e+15
3.6086786e+15
3.5772069e+15
3.5322579e+15
3.498109e+15
3.4797611e+15
3.4456254e+15
3.4017872e+15
3.3690148e+15
3.4797611e+15
3.4456254e+15
3.4017872e+15
3.3690148e+15
3.479761e+15
3.4456254e+15
3.4017872e+15
3.3690149e+15
3.479761e+15
3.4456254e+15
3.4017872e+15
3.3690149e+15
3.4797612e+15
3.4456255e+15
3.4017872e+15
3.3690148e+15
3.4797612e+15
3.4456255e+15
3.4017872e+15
3.3690148e+15
3.4797611e+15
3.4456255e+15
3.4017872e+15
3.3690148e+15
3.4797611e+15
3.4456255e+15
3.4017872e+15
3.3690148e+15
3.6086794e+15
3.5772075e+15
3.5322583e+15
3.4981093e+15
3.6086791e+15
3.5772073e+15
3.5322582e+15
3.4981092e+15
3.6086789e+15
3.5772071e+15
3.5322581e+15
3.4981091e+15
3.6086789e+15
3.5772072e+15
3.5322581e+15
3.4981091e+15
3.6086781e+15
3.5772066e+15
3.5322579e+15
3.498109e+15
3.6086799e+15
3.577208e+15
3.5322586e+15
3.4981095e+15
3.6086796e+15
3.5772077e+15
3.5322585e+15
3.4981094e+15
3.6086796e+15
3.5772077e+15
3.5322584e+15
3.4981093e+15
3.4797611e+15
3.4456255e+15
3.4017872e+15
3.3690148e+15
3.4797614e+15
3.4456256e+15
3.4017872e+15
3.3690147e+15
3.4797613e+15
3.4456256e+15
3.4017872e+15
3.3690147e+15
3.4797613e+15
3.4456255e+15
3.4017872e+15
3.3690147e+15
3.3428073e+15
3.2792758e+15
3.2007575e+15
3.1446519e+15
3.3428073e+15
3.2792758e+15
3.2007576e+15
3.144652e+15
3.3428074e+15
3.279276e+15
3.2007578e+15
3.1446523e+15
3.3428075e+15
3.2792761e+15
3.2007579e+15
3.1446524e+15
3.1163524e+15
3.0667188e+15
3.0094793e+15
2.9720658e+15
3.1163526e+15
3.066719e+15
3.0094795e+15
2.9720659e+15
3.1163528e+15
3.0667192e+15
3.0094795e+15
2.9720658e+15
3.1163529e+15
3.0667193e+15
3.0094795e+15
2.9720658e+15
3.1163529e+15
3.0667193e+15
3.0094795e+15
2.9720658e+15
3.116353e+15
3.0667193e+15
3.0094795e+15
2.9720658e+15
3.116353e+15
3.0667193e+15
3.0094795e+15
2.9720658e+15
3.1163529e+15
3.0667193e+15
3.0094795e+15
2.9720658e+15
2.9546279e+15
2.926957e+15
2.9015275e+15
2.8909765e+15
2.9546279e+15
2.9269569e+15
2.9015274e+15
2.8909763e+15
2.9546279e+15
2.9269569e+15
2.9015273e+15
2.8909763e+15
2.9546279e+15
2.9269569e+15
2.9015273e+15
2.8909763e+15
2.9546282e+15
2.9269577e+15
2.901529e+15
2.8909788e+15
2.9546282e+15
2.9269575e+15
2.9015283e+15
2.8909775e+15
2.954628e+15
2.9269572e+15
2.9015278e+15
2.890977e+15
2.954628e+15
2.9269571e+15
2.9015276e+15
2.8909766e+15
2.8912296e+15
2.8871889e+15
2.8972976e+15
2.9172128e+15
2.89123e+15
2.8871886e+15
2.8972966e+15
2.9172115e+15
2.8912293e+15
2.8871878e+15
2.8972958e+15
2.9172106e+15
2.8912291e+15
2.8871875e+15
2.8972953e+15
2.9172101e+15
2.9321699e+15
2.968518e+15
3.0323875e+15
3.0941404e+15
2.9321686e+15
2.9685166e+15
3.0323864e+15
3.0941395e+15
2.9321677e+15
2.9685157e+15
3.0323856e+15
3.0941388e+15
2.9321672e+15
2.9685152e+15
3.0323851e+15
3.0941384e+15
2.932167e+15
2.968515e+15
3.0323849e+15
3.0941382e+15
2.9321668e+15
2.9685148e+15
3.0323847e+15
3.0941381e+15
2.9321667e+15
2.9685147e+15
3.0323847e+15
3.094138e+15
2.9321668e+15
2.9685148e+15
3.0323847e+15
3.0941381e+15
2.891229e+15
2.8871874e+15
2.8972951e+15
2.9172099e+15
2.8912289e+15
2.8871872e+15
2.8972949e+15
2.9172097e+15
2.8912288e+15
2.8871871e+15
2.8972949e+15
2.9172096e+15
2.8912289e+15
2.8871872e+15
2.8972949e+15
2.9172097e+15
2.8912289e+15
2.8871873e+15
2.897295e+15
2.9172098e+15
2.891229e+15
2.8871874e+15
2.8972952e+15
2.91721e+15
2.8912293e+15
2.8871877e+15
2.8972955e+15
2.9172103e+15
2.8912295e+15
2.8871879e+15
2.8972958e+15
2.9172107e+15
2.8912296e+15
2.8871881e+15
2.897296e+15
2.9172108e+15
2.8912298e+15
2.8871883e+15
2.8972963e+15
2.9172112e+15
2.8912301e+15
2.8871887e+15
2.8972966e+15
2.9172115e+15
2.8912302e+15
2.8871888e+15
2.8972969e+15
2.9172118e+15
2.9321679e+15
2.968516e+15
3.0323858e+15
3.0941391e+15
2.9321683e+15
2.9685163e+15
3.0323862e+15
3.0941394e+15
2.9321686e+15
2.9685167e+15
3.0323865e+15
3.0941397e+15
2.9321689e+15
2.968517e+15
3.0323868e+15
3.09414e+15
2.9321668e+15
2.9685149e+15
3.0323848e+15
3.0941382e+15
2.9321671e+15
2.9685151e+15
3.032385e+15
3.0941384e+15
2.9321674e+15
2.9685155e+15
3.0323854e+15
3.0941387e+15
2.9321677e+15
2.9685158e+15
3.0323857e+15
3.0941389e+15
3.1317468e+15
3.2106017e+15
3.3311094e+15
3.4370258e+15
3.131747e+15
3.2106018e+15
3.3311094e+15
3.4370257e+15
3.1317473e+15
3.210602e+15
3.3311095e+15
3.4370256e+15
3.1317475e+15
3.2106022e+15
3.3311095e+15
3.4370256e+15
3.1317477e+15
3.2106023e+15
3.3311096e+15
3.4370256e+15
3.1317479e+15
3.2106025e+15
3.3311097e+15
3.4370255e+15
3.1317482e+15
3.2106027e+15
3.3311098e+15
3.4370255e+15
3.1317485e+15
3.2106029e+15
3.3311098e+15
3.4370254e+15
3.4834847e+15
3.5416092e+15
3.6242939e+15
3.6917957e+15
3.4834847e+15
3.5416091e+15
3.6242937e+15
3.6917955e+15
3.4834846e+15
3.541609e+15
3.6242935e+15
3.6917952e+15
3.4834845e+15
3.5416089e+15
3.6242934e+15
3.6917951e+15
3.4834845e+15
3.5416089e+15
3.6242933e+15
3.691795e+15
3.4834845e+15
3.5416088e+15
3.6242931e+15
3.6917948e+15
3.4834844e+15
3.5416087e+15
3.624293e+15
3.6917946e+15
3.4834843e+15
3.5416086e+15
3.6242929e+15
3.6917944e+15
3.7198968e+15
3.7543689e+15
3.801057e+15
3.837591e+15
3.7198967e+15
3.7543688e+15
3.8010569e+15
3.8375909e+15
3.7198966e+15
3.7543686e+15
3.8010567e+15
3.8375907e+15
3.7198965e+15
3.7543685e+15
3.8010566e+15
3.8375906e+15
3.7198965e+15
3.7543685e+15
3.8010565e+15
3.8375905e+15
3.7198964e+15
3.7543684e+15
3.8010564e+15
3.8375904e+15
3.7198963e+15
3.7543683e+15
3.8010563e+15
3.8375903e+15
3.7198961e+15
3.7543681e+15
3.8010562e+15
3.8375902e+15
3.8577723e+15
3.8912169e+15
3.9432982e+15
3.9442284e+15
3.8577721e+15
3.8912167e+15
3.943298e+15
3.9442282e+15
3.857772e+15
3.8912166e+15
3.9432979e+15
3.944228e+15
3.8577719e+15
3.8912165e+15
3.9432978e+15
3.9442279e+15
3.8577728e+15
3.8912175e+15
3.9432989e+15
3.9442291e+15
3.8577726e+15
3.8912173e+15
3.9432987e+15
3.9442289e+15
3.8577725e+15
3.8912171e+15
3.9432984e+15
3.9442287e+15
3.8577723e+15
3.891217e+15
3.9432983e+15
3.9442285e+15
3.8577734e+15
3.8912182e+15
3.9432996e+15
3.94423e+15
3.8577732e+15
3.891218e+15
3.9432994e+15
3.9442298e+15
3.857773e+15
3.8912177e+15
3.9432991e+15
3.9442295e+15
3.8577729e+15
3.8912176e+15
3.943299e+15
3.9442293e+15
3.7198972e+15
3.7543693e+15
3.8010575e+15
3.8375916e+15
3.7198971e+15
3.7543692e+15
3.8010574e+15
3.8375915e+15
3.719897e+15
3.7543691e+15
3.8010572e+15
3.8375913e+15
3.7198969e+15
3.7543689e+15
3.8010571e+15
3.8375911e+15
3.7198977e+15
3.7543698e+15
3.8010581e+15
3.8375922e+15
3.7198976e+15
3.7543697e+15
3.8010579e+15
3.8375921e+15
3.7198974e+15
3.7543695e+15
3.8010577e+15
3.8375919e+15
3.7198973e+15
3.7543694e+15
3.8010576e+15
3.8375917e+15
3.8577741e+15
3.8912189e+15
3.9433004e+15
3.9442309e+15
3.8577739e+15
3.8912187e+15
3.9433002e+15
3.9442307e+15
3.8577737e+15
3.8912184e+15
3.9432999e+15
3.9442304e+15
3.8577735e+15
3.8912183e+15
3.9432997e+15
3.9442301e+15
3.8577747e+15
3.8912196e+15
3.9433012e+15
3.9442318e+15
3.8577745e+15
3.8912194e+15
3.943301e+15
3.9442316e+15
3.8577743e+15
3.8912192e+15
3.9433007e+15
3.9442313e+15
3.8577741e+15
3.891219e+15
3.9433005e+15
3.944231e+15
3.8577753e+15
3.8912202e+15
3.9433019e+15
3.9442326e+15
3.8577752e+15
3.8912201e+15
3.9433017e+15
3.9442324e+15
3.8577749e+15
3.8912199e+15
3.9433015e+15
3.9442321e+15
3.8577748e+15
3.8912197e+15
3.9433013e+15
3.9442319e+15
3.7198985e+15
3.7543708e+15
3.8010592e+15
3.8375934e+15
3.7198984e+15
3.7543707e+15
3.801059e+15
3.8375933e+15
3.7198983e+15
3.7543705e+15
3.8010588e+15
3.8375931e+15
3.7198982e+15
3.7543704e+15
3.8010587e+15
3.8375929e+15
3.7198981e+15
3.7543703e+15
3.8010586e+15
3.8375929e+15
3.719898e+15
3.7543702e+15
3.8010585e+15
3.8375927e+15
3.7198978e+15
3.75437e+15
3.8010583e+15
3.8375925e+15
3.7198977e+15
3.7543699e+15
3.8010582e+15
3.8375923e+15
3.4834849e+15
3.5416096e+15
3.6242944e+15
3.6917965e+15
3.4834849e+15
3.5416095e+15
3.6242943e+15
3.6917963e+15
3.4834848e+15
3.5416094e+15
3.6242941e+15
3.691796e+15
3.4834847e+15
3.5416093e+15
3.6242939e+15
3.6917958e+15
3.4834851e+15
3.5416099e+15
3.6242949e+15
3.691797e+15
3.4834851e+15
3.5416098e+15
3.6242948e+15
3.6917969e+15
3.483485e+15
3.5416097e+15
3.6242946e+15
3.6917967e+15
3.483485e+15
3.5416097e+15
3.6242945e+15
3.6917966e+15
3.7198991e+15
3.7543714e+15
3.8010599e+15
3.8375943e+15
3.7198991e+15
3.7543714e+15
3.8010599e+15
3.8375942e+15
3.719899e+15
3.7543713e+15
3.8010597e+15
3.8375941e+15
3.7198989e+15
3.7543712e+15
3.8010596e+15
3.837594e+15
3.7198989e+15
3.7543712e+15
3.8010596e+15
3.8375939e+15
3.7198988e+15
3.7543711e+15
3.8010595e+15
3.8375938e+15
3.7198987e+15
3.7543709e+15
3.8010593e+15
3.8375936e+15
3.7198986e+15
3.7543708e+15
3.8010592e+15
3.8375935e+15
3.8577758e+15
3.8912208e+15
3.9433026e+15
3.9442333e+15
3.8577757e+15
3.8912207e+15
3.9433024e+15
3.9442331e+15
3.8577755e+15
3.8912205e+15
3.9433022e+15
3.9442329e+15
3.8577754e+15
3.8912203e+15
3.943302e+15
3.9442327e+15
3.8577762e+15
3.8912212e+15
3.943303e+15
3.9442338e+15
3.8577761e+15
3.8912211e+15
3.9433029e+15
3.9442337e+15
3.857776e+15
3.891221e+15
3.9433028e+15
3.9442335e+15
3.8577759e+15
3.8912209e+15
3.9433026e+15
3.9442334e+15
3.8577764e+15
3.8912215e+15
3.9433033e+15
3.9442341e+15
3.8577764e+15
3.8912214e+15
3.9433032e+15
3.9442341e+15
3.8577763e+15
3.8912213e+15
3.9433032e+15
3.944234e+15
3.8577762e+15
3.8912213e+15
3.9433031e+15
3.9442339e+15
3.7198993e+15
3.7543716e+15
3.8010601e+15
3.8375945e+15
3.7198992e+15
3.7543716e+15
3.8010601e+15
3.8375944e+15
3.7198992e+15
3.7543715e+15
3.80106e+15
3.8375944e+15
3.7198992e+15
3.7543715e+15
3.80106e+15
3.8375943e+15
3.7198992e+15
3.7543716e+15
3.8010601e+15
3.8375945e+15
3.7198993e+15
3.7543716e+15
3.8010601e+15
3.8375945e+15
3.7198993e+15
3.7543716e+15
3.8010601e+15
3.8375945e+15
3.7198993e+15
3.7543716e+15
3.8010601e+15
3.8375945e+15
3.8577764e+15
3.8912215e+15
3.9433033e+15
3.9442341e+15
3.8577764e+15
3.8912215e+15
3.9433033e+15
3.9442342e+15
3.8577764e+15
3.8912215e+15
3.9433033e+15
3.9442342e+15
3.8577764e+15
3.8912215e+15
3.9433033e+15
3.9442341e+15
3.8577762e+15
3.8912212e+15
3.943303e+15
3.9442338e+15
3.8577763e+15
3.8912213e+15
3.9433031e+15
3.9442339e+15
3.8577764e+15
3.8912214e+15
3.9433032e+15
3.944234e+15
3.8577764e+15
3.8912214e+15
3.9433033e+15
3.9442341e+15
3.8577757e+15
3.8912206e+15
3.9433024e+15
3.9442331e+15
3.8577758e+15
3.8912208e+15
3.9433026e+15
3.9442333e+15
3.857776e+15
3.891221e+15
3.9433028e+15
3.9442336e+15
3.8577761e+15
3.8912212e+15
3.943303e+15
3.9442337e+15
3.7198987e+15
3.754371e+15
3.8010594e+15
3.8375937e+15
3.7198988e+15
3.7543711e+15
3.8010596e+15
3.8375939e+15
3.719899e+15
3.7543713e+15
3.8010597e+15
3.8375941e+15
3.719899e+15
3.7543714e+15
3.8010598e+15
3.8375942e+15
3.7198991e+15
3.7543714e+15
3.8010599e+15
3.8375943e+15
3.7198991e+15
3.7543715e+15
3.80106e+15
3.8375943e+15
3.7198992e+15
3.7543715e+15
3.8010601e+15
3.8375944e+15
3.7198992e+15
3.7543716e+15
3.8010601e+15
3.8375945e+15
3.4834849e+15
3.5416097e+15
3.6242946e+15
3.6917967e+15
3.483485e+15
3.5416098e+15
3.6242947e+15
3.6917969e+15
3.4834851e+15
3.5416099e+15
3.6242949e+15
3.6917971e+15
3.4834851e+15
3.5416099e+15
3.6242949e+15
3.6917972e+15
3.4834851e+15
3.5416099e+15
3.624295e+15
3.6917972e+15
3.4834851e+15
3.54161e+15
3.624295e+15
3.6917972e+15
3.4834851e+15
3.5416099e+15
3.624295e+15
3.6917972e+15
3.4834851e+15
3.5416099e+15
3.6242949e+15
3.6917971e+15
3.1317469e+15
3.2106017e+15
3.3311093e+15
3.4370256e+15
3.1317467e+15
3.2106016e+15
3.3311093e+15
3.4370257e+15
3.1317467e+15
3.2106016e+15
3.3311093e+15
3.4370258e+15
3.1317468e+15
3.2106016e+15
3.3311094e+15
3.4370258e+15
3.1317487e+15
3.2106027e+15
3.331109e+15
3.4370242e+15
3.131748e+15
3.2106025e+15
3.3311095e+15
3.4370252e+15
3.1317474e+15
3.210602e+15
3.3311093e+15
3.4370254e+15
3.131747e+15
3.2106018e+15
3.3311093e+15
3.4370256e+15
3.4834822e+15
3.5416063e+15
3.6242902e+15
3.6917915e+15
3.4834838e+15
3.541608e+15
3.6242922e+15
3.6917937e+15
3.4834841e+15
3.5416085e+15
3.6242929e+15
3.6917946e+15
3.4834844e+15
3.5416089e+15
3.6242934e+15
3.6917952e+15
3.4834845e+15
3.541609e+15
3.6242936e+15
3.6917954e+15
3.4834846e+15
3.5416092e+15
3.6242939e+15
3.6917958e+15
3.4834847e+15
3.5416094e+15
3.6242942e+15
3.6917962e+15
3.4834849e+15
3.5416097e+15
3.6242945e+15
3.6917966e+15
3.7198973e+15
3.7543694e+15
3.8010576e+15
3.8375918e+15
3.7198975e+15
3.7543697e+15
3.8010579e+15
3.8375921e+15
3.7198978e+15
3.75437e+15
3.8010583e+15
3.8375925e+15
3.7198979e+15
3.7543702e+15
3.8010585e+15
3.8375928e+15
3.719898e+15
3.7543703e+15
3.8010586e+15
3.8375929e+15
3.7198982e+15
3.7543705e+15
3.8010589e+15
3.8375931e+15
3.7198985e+15
3.7543708e+15
3.8010592e+15
3.8375935e+15
3.7198987e+15
3.754371e+15
3.8010594e+15
3.8375937e+15
3.8577748e+15
3.8912197e+15
3.9433013e+15
3.944232e+15
3.857775e+15
3.89122e+15
3.9433016e+15
3.9442323e+15
3.8577754e+15
3.8912203e+15
3.943302e+15
3.9442327e+15
3.8577756e+15
3.8912206e+15
3.9433023e+15
3.944233e+15
3.8577736e+15
3.8912184e+15
3.9432999e+15
3.9442304e+15
3.8577739e+15
3.8912188e+15
3.9433003e+15
3.9442308e+15
3.8577743e+15
3.8912192e+15
3.9433008e+15
3.9442314e+15
3.8577746e+15
3.8912195e+15
3.9433012e+15
3.9442318e+15
3.8577719e+15
3.8912166e+15
3.9432979e+15
3.9442282e+15
3.8577724e+15
3.8912171e+15
3.9432985e+15
3.9442288e+15
3.857773e+15
3.8912177e+15
3.9432992e+15
3.9442296e+15
3.8577734e+15
3.8912182e+15
3.9432997e+15
3.9442301e+15
3.7198961e+15
3.7543681e+15
3.8010562e+15
3.8375902e+15
3.7198964e+15
3.7543685e+15
3.8010566e+15
3.8375906e+15
3.7198968e+15
3.7543689e+15
3.8010571e+15
3.8375912e+15
3.7198972e+15
3.7543693e+15
3.8010575e+15
3.8375916e+15
3.7198912e+15
3.7543631e+15
3.8010513e+15
3.8375854e+15
3.7198949e+15
3.7543668e+15
3.8010547e+15
3.8375887e+15
3.7198952e+15
3.7543672e+15
3.8010552e+15
3.8375892e+15
3.719896e+15
3.7543679e+15
3.801056e+15
3.83759e+15
3.8577672e+15
3.8912123e+15
3.9432941e+15
3.9442261e+15
3.8577703e+15
3.8912149e+15
3.9432961e+15
3.9442262e+15
3.8577709e+15
3.8912155e+15
3.9432969e+15
3.9442272e+15
3.8577717e+15
3.8912163e+15
3.9432976e+15
3.9442279e+15
3.8576401e+15
3.8911154e+15
3.9432347e+15
3.9442667e+15
3.8576399e+15
3.8911151e+15
3.9432342e+15
3.9442659e+15
3.857639e+15
3.8911141e+15
3.9432332e+15
3.9442649e+15
3.8576409e+15
3.8911154e+15
3.9432337e+15
3.9442633e+15
3.8576419e+15
3.8911174e+15
3.9432369e+15
3.9442692e+15
3.8576415e+15
3.8911169e+15
3.9432364e+15
3.9442686e+15
3.8576409e+15
3.8911163e+15
3.9432357e+15
3.9442677e+15
3.8576404e+15
3.8911158e+15
3.9432351e+15
3.9442671e+15
3.7197225e+15
3.7542015e+15
3.8009023e+15
3.8374509e+15
3.7197223e+15
3.7542013e+15
3.800902e+15
3.8374506e+15
3.7197219e+15
3.7542009e+15
3.8009015e+15
3.83745e+15
3.7197216e+15
3.7542005e+15
3.8009011e+15
3.8374496e+15
3.7197214e+15
3.7542003e+15
3.8009008e+15
3.8374493e+15
3.7197215e+15
3.7542003e+15
3.8009007e+15
3.8374491e+15
3.7197208e+15
3.7541995e+15
3.8008999e+15
3.8374482e+15
3.7197238e+15
3.7542023e+15
3.8009024e+15
3.8374504e+15
3.4833145e+15
3.5414413e+15
3.6241204e+15
3.69162e+15
3.4833145e+15
3.5414412e+15
3.6241201e+15
3.6916196e+15
3.4833143e+15
3.5414409e+15
3.6241196e+15
3.6916189e+15
3.4833156e+15
3.541442e+15
3.6241205e+15
3.6916197e+15
3.4833149e+15
3.541442e+15
3.6241214e+15
3.6916214e+15
3.4833149e+15
3.541442e+15
3.6241214e+15
3.6916213e+15
3.4833148e+15
3.5414417e+15
3.624121e+15
3.6916208e+15
3.4833146e+15
3.5414415e+15
3.6241206e+15
3.6916203e+15
3.719724e+15
3.7542032e+15
3.8009042e+15
3.8374531e+15
3.719724e+15
3.7542031e+15
3.8009041e+15
3.837453e+15
3.7197238e+15
3.754203e+15
3.8009039e+15
3.8374527e+15
3.7197237e+15
3.7542028e+15
3.8009037e+15
3.8374525e+15
3.7197236e+15
3.7542027e+15
3.8009036e+15
3.8374523e+15
3.7197233e+15
3.7542024e+15
3.8009033e+15
3.837452e+15
3.719723e+15
3.754202e+15
3.8009028e+15
3.8374515e+15
3.7197227e+15
3.7542017e+15
3.8009025e+15
3.8374512e+15
3.8576433e+15
3.8911189e+15
3.9432386e+15
3.944271e+15
3.857643e+15
3.8911186e+15
3.9432382e+15
3.9442706e+15
3.8576425e+15
3.8911181e+15
3.9432377e+15
3.94427e+15
3.8576421e+15
3.8911176e+15
3.9432372e+15
3.9442694e+15
3.8576442e+15
3.8911199e+15
3.9432397e+15
3.9442723e+15
3.857644e+15
3.8911197e+15
3.9432395e+15
3.944272e+15
3.8576437e+15
3.8911194e+15
3.9432391e+15
3.9442716e+15
3.8576435e+15
3.8911191e+15
3.9432388e+15
3.9442712e+15
3.8576448e+15
3.8911206e+15
3.9432405e+15
3.9442732e+15
3.8576447e+15
3.8911205e+15
3.9432404e+15
3.944273e+15
3.8576445e+15
3.8911203e+15
3.9432401e+15
3.9442727e+15
3.8576443e+15
3.8911201e+15
3.9432399e+15
3.9442725e+15
3.7197245e+15
3.7542038e+15
3.8009048e+15
3.8374537e+15
3.7197244e+15
3.7542037e+15
3.8009047e+15
3.8374536e+15
3.7197243e+15
3.7542035e+15
3.8009045e+15
3.8374534e+15
3.7197242e+15
3.7542034e+15
3.8009044e+15
3.8374533e+15
3.7197247e+15
3.754204e+15
3.8009051e+15
3.837454e+15
3.7197247e+15
3.7542039e+15
3.800905e+15
3.837454e+15
3.7197246e+15
3.7542039e+15
3.800905e+15
3.8374539e+15
3.7197246e+15
3.7542038e+15
3.8009049e+15
3.8374538e+15
3.8576451e+15
3.8911209e+15
3.9432409e+15
3.9442735e+15
3.8576451e+15
3.8911209e+15
3.9432408e+15
3.9442735e+15
3.857645e+15
3.8911208e+15
3.9432407e+15
3.9442734e+15
3.8576449e+15
3.8911207e+15
3.9432406e+15
3.9442732e+15
3.8576451e+15
3.8911209e+15
3.9432409e+15
3.9442736e+15
3.8576451e+15
3.891121e+15
3.9432409e+15
3.9442736e+15
3.8576451e+15
3.891121e+15
3.9432409e+15
3.9442736e+15
3.8576451e+15
3.8911209e+15
3.9432409e+15
3.9442736e+15
3.8576449e+15
3.8911207e+15
3.9432406e+15
3.9442732e+15
3.857645e+15
3.8911208e+15
3.9432407e+15
3.9442734e+15
3.857645e+15
3.8911209e+15
3.9432408e+15
3.9442735e+15
3.8576451e+15
3.8911209e+15
3.9432408e+15
3.9442735e+15
3.7197246e+15
3.7542038e+15
3.8009049e+15
3.8374538e+15
3.7197246e+15
3.7542039e+15
3.8009049e+15
3.8374539e+15
3.7197247e+15
3.7542039e+15
3.800905e+15
3.8374539e+15
3.7197247e+15
3.754204e+15
3.8009051e+15
3.837454e+15
3.7197247e+15
3.754204e+15
3.8009051e+15
3.837454e+15
3.7197247e+15
3.754204e+15
3.8009051e+15
3.837454e+15
3.7197247e+15
3.754204e+15
3.8009051e+15
3.837454e+15
3.7197247e+15
3.754204e+15
3.8009051e+15
3.837454e+15
3.4833151e+15
3.5414423e+15
3.6241219e+15
3.691622e+15
3.4833151e+15
3.5414423e+15
3.6241219e+15
3.691622e+15
3.4833151e+15
3.5414423e+15
3.624122e+15
3.6916221e+15
3.4833151e+15
3.5414423e+15
3.624122e+15
3.6916221e+15
3.4833151e+15
3.5414423e+15
3.6241219e+15
3.6916221e+15
3.4833151e+15
3.5414423e+15
3.6241219e+15
3.691622e+15
3.483315e+15
3.5414422e+15
3.6241218e+15
3.6916218e+15
3.483315e+15
3.5414421e+15
3.6241216e+15
3.6916216e+15
3.1317328e+15
3.2105447e+15
3.3309943e+15
3.4368733e+15
3.1317327e+15
3.2105447e+15
3.3309943e+15
3.4368733e+15
3.1317328e+15
3.2105447e+15
3.3309943e+15
3.4368732e+15
3.1317329e+15
3.2105448e+15
3.3309943e+15
3.4368732e+15
3.1317331e+15
3.2105449e+15
3.3309943e+15
3.4368731e+15
3.1317334e+15
3.2105452e+15
3.3309945e+15
3.4368731e+15
3.1317341e+15
3.2105457e+15
3.3309946e+15
3.4368729e+15
3.131735e+15
3.2105466e+15
3.3309954e+15
3.4368735e+15
2.9322465e+15
2.968595e+15
3.0324354e+15
3.0941501e+15
2.9322469e+15
2.9685954e+15
3.0324358e+15
3.0941505e+15
2.9322478e+15
2.9685964e+15
3.0324367e+15
3.0941513e+15
2.9322483e+15
2.9685969e+15
3.0324374e+15
3.094152e+15
2.8910388e+15
2.8871087e+15
2.8973246e+15
2.917279e+15
2.8910393e+15
2.8871092e+15
2.897325e+15
2.9172794e+15
2.89104e+15
2.8871099e+15
2.8973259e+15
2.9172803e+15
2.8910418e+15
2.8871112e+15
2.8973267e+15
2.9172809e+15
2.8910385e+15
2.8871084e+15
2.8973243e+15
2.9172786e+15
2.8910385e+15
2.8871083e+15
2.8973242e+15
2.9172785e+15
2.8910385e+15
2.8871084e+15
2.8973242e+15
2.9172786e+15
2.8910387e+15
2.8871085e+15
2.8973245e+15
2.9172788e+15
2.9322461e+15
2.9685946e+15
3.0324351e+15
3.0941498e+15
2.932246e+15
2.9685946e+15
3.032435e+15
3.0941497e+15
2.9322461e+15
2.9685946e+15
3.0324351e+15
3.0941497e+15
2.9322463e+15
2.9685948e+15
3.0324353e+15
3.0941499e+15
2.9322471e+15
2.9685957e+15
3.032436e+15
3.0941507e+15
2.9322467e+15
2.9685953e+15
3.0324357e+15
3.0941504e+15
2.9322464e+15
2.9685949e+15
3.0324354e+15
3.09415e+15
2.9322462e+15
2.9685947e+15
3.0324351e+15
3.0941498e+15
2.8910394e+15
2.8871092e+15
2.8973252e+15
2.9172796e+15
2.8910391e+15
2.8871089e+15
2.8973249e+15
2.9172793e+15
2.8910388e+15
2.8871086e+15
2.8973245e+15
2.9172789e+15
2.8910386e+15
2.8871084e+15
2.8973243e+15
2.9172787e+15
2.8910401e+15
2.8871102e+15
2.8973264e+15
2.9172809e+15
2.89104e+15
2.88711e+15
2.8973261e+15
2.9172806e+15
2.8910397e+15
2.8871097e+15
2.8973257e+15
2.9172801e+15
2.8910395e+15
2.8871094e+15
2.8973254e+15
2.9172798e+15
2.9322484e+15
2.968597e+15
3.0324373e+15
3.0941517e+15
2.9322481e+15
2.9685967e+15
3.032437e+15
3.0941515e+15
2.9322476e+15
2.9685962e+15
3.0324366e+15
3.0941511e+15
2.9322473e+15
2.9685958e+15
3.0324362e+15
3.0941508e+15
3.1317346e+15
3.210546e+15
3.3309946e+15
3.4368727e+15
3.1317343e+15
3.2105458e+15
3.3309946e+15
3.4368728e+15
3.131734e+15
3.2105456e+15
3.3309946e+15
3.436873e+15
3.1317337e+15
3.2105454e+15
3.3309946e+15
3.436873e+15
3.1317336e+15
3.2105453e+15
3.3309945e+15
3.4368731e+15
3.1317333e+15
3.2105451e+15
3.3309945e+15
3.4368732e+15
3.131733e+15
3.2105449e+15
3.3309944e+15
3.4368732e+15
3.1317329e+15
3.2105448e+15
3.3309943e+15
3.4368733e+15
3.4833148e+15
3.5414416e+15
3.6241208e+15
3.6916206e+15
3.4833148e+15
3.5414417e+15
3.624121e+15
3.6916208e+15
3.4833149e+15
3.5414419e+15
3.6241212e+15
3.6916211e+15
3.483315e+15
3.541442e+15
3.6241214e+15
3.6916213e+15
3.483315e+15
3.541442e+15
3.6241215e+15
3.6916214e+15
3.483315e+15
3.5414421e+15
3.6241216e+15
3.6916216e+15
3.4833151e+15
3.5414422e+15
3.6241217e+15
3.6916218e+15
3.4833151e+15
3.5414422e+15
3.6241218e+15
3.6916219e+15
3.7197239e+15
3.7542031e+15
3.8009041e+15
3.8374529e+15
3.719724e+15
3.7542032e+15
3.8009042e+15
3.837453e+15
3.7197242e+15
3.7542034e+15
3.8009044e+15
3.8374532e+15
3.7197243e+15
3.7542035e+15
3.8009045e+15
3.8374533e+15
3.7197243e+15
3.7542035e+15
3.8009045e+15
3.8374534e+15
3.7197244e+15
3.7542036e+15
3.8009046e+15
3.8374535e+15
3.7197245e+15
3.7542037e+15
3.8009048e+15
3.8374537e+15
3.7197245e+15
3.7542038e+15
3.8009048e+15
3.8374537e+15
3.8576445e+15
3.8911202e+15
3.9432401e+15
3.9442727e+15
3.8576446e+15
3.8911204e+15
3.9432402e+15
3.9442728e+15
3.8576447e+15
3.8911205e+15
3.9432404e+15
3.944273e+15
3.8576448e+15
3.8911206e+15
3.9432405e+15
3.9442732e+15
3.8576439e+15
3.8911196e+15
3.9432394e+15
3.9442719e+15
3.8576441e+15
3.8911198e+15
3.9432396e+15
3.9442721e+15
3.8576443e+15
3.89112e+15
3.9432398e+15
3.9442724e+15
3.8576444e+15
3.8911201e+15
3.94324e+15
3.9442726e+15
3.8576432e+15
3.8911189e+15
3.9432385e+15
3.944271e+15
3.8576434e+15
3.8911191e+15
3.9432388e+15
3.9442712e+15
3.8576437e+15
3.8911193e+15
3.943239e+15
3.9442715e+15
3.8576438e+15
3.8911195e+15
3.9432393e+15
3.9442718e+15
3.7197235e+15
3.7542026e+15
3.8009035e+15
3.8374522e+15
3.7197236e+15
3.7542027e+15
3.8009036e+15
3.8374524e+15
3.7197238e+15
3.7542029e+15
3.8009038e+15
3.8374526e+15
3.7197239e+15
3.754203e+15
3.800904e+15
3.8374528e+15
3.719723e+15
3.754202e+15
3.8009028e+15
3.8374515e+15
3.7197231e+15
3.7542022e+15
3.800903e+15
3.8374517e+15
3.7197233e+15
3.7542024e+15
3.8009032e+15
3.837452e+15
3.7197234e+15
3.7542025e+15
3.8009034e+15
3.8374521e+15
3.8576425e+15
3.891118e+15
3.9432376e+15
3.94427e+15
3.8576427e+15
3.8911183e+15
3.9432379e+15
3.9442702e+15
3.857643e+15
3.8911185e+15
3.9432382e+15
3.9442706e+15
3.8576431e+15
3.8911188e+15
3.9432384e+15
3.9442708e+15
3.8576417e+15
3.8911172e+15
3.9432367e+15
3.9442689e+15
3.8576419e+15
3.8911174e+15
3.9432369e+15
3.9442692e+15
3.8576422e+15
3.8911177e+15
3.9432373e+15
3.9442695e+15
3.8576424e+15
3.8911179e+15
3.9432375e+15
3.9442698e+15
3.857641e+15
3.8911164e+15
3.9432358e+15
3.9442679e+15
3.8576412e+15
3.8911166e+15
3.943236e+15
3.9442682e+15
3.8576414e+15
3.8911169e+15
3.9432363e+15
3.9442685e+15
3.8576416e+15
3.8911171e+15
3.9432366e+15
3.9442688e+15
3.7197219e+15
3.7542009e+15
3.8009015e+15
3.8374501e+15
3.7197221e+15
3.754201e+15
3.8009017e+15
3.8374503e+15
3.7197223e+15
3.7542012e+15
3.8009019e+15
3.8374505e+15
3.7197224e+15
3.7542014e+15
3.8009021e+15
3.8374507e+15
3.7197225e+15
3.7542014e+15
3.8009022e+15
3.8374508e+15
3.7197226e+15
3.7542016e+15
3.8009023e+15
3.837451e+15
3.7197228e+15
3.7542018e+15
3.8009026e+15
3.8374512e+15
3.7197229e+15
3.754202e+15
3.8009028e+15
3.8374514e+15
3.4833144e+15
3.5414411e+15
3.6241201e+15
3.6916196e+15
3.4833145e+15
3.5414413e+15
3.6241203e+15
3.6916198e+15
3.4833146e+15
3.5414414e+15
3.6241205e+15
3.6916202e+15
3.4833147e+15
3.5414415e+15
3.6241207e+15
3.6916204e+15
3.4833141e+15
3.5414406e+15
3.6241193e+15
3.6916187e+15
3.4833142e+15
3.5414407e+15
3.6241195e+15
3.6916189e+15
3.4833143e+15
3.5414409e+15
3.6241198e+15
3.6916192e+15
3.4833144e+15
3.541441e+15
3.62412e+15
3.6916195e+15
3.7197208e+15
3.7541996e+15
3.8009001e+15
3.8374486e+15
3.7197211e+15
3.7541999e+15
3.8009005e+15
3.8374489e+15
3.7197212e+15
3.7542001e+15
3.8009006e+15
3.8374491e+15
3.7197214e+15
3.7542002e+15
3.8009008e+15
3.8374493e+15
3.7197214e+15
3.7542003e+15
3.8009009e+15
3.8374494e+15
3.7197216e+15
3.7542005e+15
3.800901e+15
3.8374496e+15
3.7197217e+15
3.7542006e+15
3.8009013e+15
3.8374498e+15
3.7197219e+15
3.7542008e+15
3.8009014e+15
3.83745e+15
3.8576403e+15
3.8911156e+15
3.9432349e+15
3.944267e+15
3.8576404e+15
3.8911158e+15
3.9432351e+15
3.9442672e+15
3.8576407e+15
3.8911161e+15
3.9432354e+15
3.9442675e+15
3.8576409e+15
3.8911163e+15
3.9432357e+15
3.9442678e+15
3.8576394e+15
3.8911147e+15
3.9432339e+15
3.9442658e+15
3.8576398e+15
3.8911151e+15
3.9432344e+15
3.9442664e+15
3.85764e+15
3.8911153e+15
3.9432346e+15
3.9442666e+15
3.8576402e+15
3.8911155e+15
3.9432348e+15
3.9442669e+15
3.8576362e+15
3.8911111e+15
3.9432298e+15
3.9442611e+15
3.8576338e+15
3.8911084e+15
3.9432268e+15
3.9442575e+15
3.8576302e+15
3.8911043e+15
3.943222e+15
3.9442519e+15
3.8576273e+15
3.891101e+15
3.9432183e+15
3.9442476e+15
3.7197189e+15
3.7541974e+15
3.8008975e+15
3.8374456e+15
3.7197175e+15
3.7541958e+15
3.8008955e+15
3.8374433e+15
3.7197153e+15
3.7541932e+15
3.8008925e+15
3.8374399e+15
3.7197136e+15
3.7541912e+15
3.80089e+15
3.8374371e+15
3.7197229e+15
3.754202e+15
3.800903e+15
3.8374518e+15
3.7197221e+15
3.7542011e+15
3.8009019e+15
3.8374505e+15
3.7197208e+15
3.7541996e+15
3.8009001e+15
3.8374485e+15
3.7197196e+15
3.7541983e+15
3.8008985e+15
3.8374467e+15
3.8576428e+15
3.8911185e+15
3.9432383e+15
3.944271e+15
3.8576415e+15
3.891117e+15
3.9432366e+15
3.944269e+15
3.8576394e+15
3.8911146e+15
3.9432339e+15
3.9442658e+15
3.8576374e+15
3.8911124e+15
3.9432313e+15
3.9442628e+15
