FiniteElementSpace
FiniteElementCollection: L2_2D_P3
VDim: 1
Ordering: 0

0.7051359308552385
0.705047551142132
0.7047588572575478
0.7044047440173504
0.6959993702956438
0.6959121336343062
0.6956271655563054
0.6952776209330138
0.6839069400421232
0.6838212102709347
0.6835411707048413
0.6831976718853847
0.6745089031706898
0.6744243385971002
0.6741481212527857
0.6738093173882294
0.7041689670618052
0.7036382552933729
0.7027727933186628
0.7019769799597795
0.6950448844379771
0.6945210152073985
0.693666712656237
0.6928811587727657
0.6829689602628417
0.6824541509925469
0.6816146252228603
0.6808426622916317
0.6735837345932922
0.6730759723899391
0.6722479395880023
0.6714865411221793
0.6685368894381296
0.6680329132797709
0.6672110475362104
0.6664553137541095
0.6589819540028137
0.6584851118692091
0.6576748763511253
0.6569298381642289
0.6463517550649411
0.6458643444051522
0.6450694991971749
0.6443386197706051
0.6365480695682649
0.6360680063528332
0.6352851471405879
0.6345652893513449
0.6694551617609439
0.6693712287619302
0.6690970697519301
0.6687607901720098
0.659887193048454
0.659804457605179
0.6595341928801158
0.6592026825683768
0.647239807719094
0.6471586416631157
0.6468935079652446
0.6465682934536122
0.6374227705854021
0.6373428176961929
0.6370816672926882
0.6367613464047208
0.6321480920064716
0.6320688022091391
0.6318098085603742
0.6314921289933426
0.6221705454465097
0.6220924968206193
0.621837564970006
0.6215248701162402
0.6089988500698658
0.6089224282686398
0.6086728486164821
0.6083667304473868
0.5987877812706484
0.598712627475823
0.5984672064081674
0.5981661943121201
0.5933058771738897
0.5932314113885433
0.5929882348930855
0.5926899739603485
0.5829445277978685
0.5828713765502774
0.582632456825437
0.5823394058245905
0.5692818287101991
0.569210386092234
0.5689770402160708
0.5686908242590644
0.5587013822435893
0.5586312490461969
0.5584022020406235
0.5581212677885247
0.5924913889957668
0.5920444009573566
0.5913154858437552
0.5906452387250394
0.5821442861332062
0.5817050923611155
0.5809888826583299
0.5803303155547058
0.5685002564915221
0.568071309226528
0.5673718050826971
0.5667285967814729
0.5579342177834035
0.5575131928425678
0.5568266140083455
0.5561952870235651
0.6312806098588245
0.6308045030639834
0.6300280929493678
0.6293141603503469
0.621316671463528
0.6208480378394315
0.6200838129928929
0.6193810892518008
0.6081629132631501
0.6077041470625154
0.6069560201808347
0.60626810045191
0.5979657773726745
0.5975146648506003
0.5967790250760022
0.5961025953981849
0.628891616673518
0.6280198261092997
0.6267278367302177
0.6256193467775457
0.6189651783980116
0.6181070698617823
0.616835362821167
0.6157442760502905
0.6058609523792446
0.6050209268497453
0.6037760223722465
0.6027079392344343
0.5957022496186922
0.5948762618723613
0.5936521722032584
0.5926019538178164
0.5902485528859698
0.5894301165851722
0.5882172146770415
0.5871765935820812
0.5799405404809912
0.579136358967029
0.5779445786490459
0.5769220744968127
0.5663479120044685
0.5655624854616456
0.5643984951164973
0.5633998278707603
0.5558216324270666
0.5550507066221434
0.5539081901738557
0.5529279319553744
0.586582760049248
0.5853948441724871
0.5837008740973567
0.5822923764282169
0.5763385778504848
0.5751713345604852
0.5735068342586749
0.5721228333459505
0.5628299310763107
0.5616898857922316
0.5600641508166732
0.5587123669004608
0.5523685347821559
0.5512494852852996
0.5496536735577813
0.5483267527036066
0.624986778172392
0.6237213624888336
0.6219168530377076
0.6204164314016953
0.6151216392604143
0.6138760932927171
0.6120999251220985
0.6106230715646991
0.6020984322070556
0.6008791590956665
0.5991404727163668
0.5976947971342685
0.5920026449080026
0.5908037751361372
0.5890941871961574
0.587672707325844
0.6618744179664863
0.6605348441284286
0.6586245666519819
0.6570361835951236
0.6524138170897895
0.6510932268510273
0.6492100288559409
0.6476441657978749
0.6399085209731387
0.6386130655646143
0.6367657215657082
0.6352296809293293
0.630201996929548
0.6289260824979747
0.6271066042595925
0.6255937349774638
0.6660080247777586
0.6650851698654214
0.6637174925682214
0.6625440536960802
0.656488880220541
0.6555790899187848
0.6542307812472111
0.6530739653609203
0.6439060454553401
0.6430135594677809
0.6416909041751961
0.6405561049585252
0.6341392378302909
0.6332602094301488
0.631957499077637
0.6308398132888888
0.7015059732128681
0.7005341888327933
0.6990940111343185
0.6978583794009163
0.69241622406904
0.6914569697750499
0.6900353675750786
0.6888156795429151
0.680385773322735
0.6794431225675269
0.678046126952156
0.6768475495911662
0.6710359016268239
0.670106138136945
0.6687282321757685
0.6675460218503312
0.6971532566948091
0.6957427032218588
0.6937312310555045
0.6920587284537072
0.6881196584784501
0.686727318858957
0.6847418274641166
0.6830909245998029
0.6761635726817716
0.6747953178027835
0.6728441564330717
0.6712217865852785
0.666871381916633
0.6655217941581291
0.6635972346989751
0.6619969775629245
0.6911211749946845
0.6892752295103385
0.6866972830217158
0.6845919130128882
0.6821654792024991
0.6803433663582171
0.6777986893671286
0.675720472458308
0.6703123276634307
0.6685216755143725
0.6660209114006362
0.6639785378680202
0.6610999115457101
0.6593336563355507
0.6568669540812957
0.6548523971409453
0.6561457768328458
0.6543926337347725
0.6519442487721362
0.6499446576344687
0.6467663838318768
0.6450381079148715
0.6426244687835978
0.6406532665420397
0.6343686202982045
0.6326732710578058
0.6303056247089791
0.6283719903902778
0.6247456642471619
0.6230758884596992
0.6207439531519328
0.6188394864285652
0.6488355756916016
0.6466729990521743
0.6436922989233047
0.6412862463627903
0.6395599339252712
0.6374280749542106
0.6344897298881766
0.6321178719957388
0.6272994958318386
0.6252082662350255
0.622325918543853
0.6199992657041162
0.6177831697660092
0.6157234893202441
0.6128846397755016
0.6105931139637633
0.6834241731868882
0.6811472307581575
0.6780089209682206
0.6754756527437927
0.6745677816281828
0.672320177113359
0.6692222771928449
0.6667216011232792
0.662845721989777
0.6606368533505971
0.6575923219656108
0.6551347163522818
0.6537350106515056
0.6515562312986091
0.6485531824570058
0.6461290780602228
0.6740804673134098
0.6713778726656205
0.6676865384599934
0.6647312634465161
0.6653443561978342
0.6626764950592804
0.6590325684739932
0.6561152347853586
0.6537811895559804
0.6511592751451342
0.6475781325961254
0.6447110977328109
0.6447940097927932
0.6422078727163867
0.6386756326190677
0.6358477709986639
0.6631118676508208
0.6599898511652591
0.6557539773023194
0.652383513762102
0.6545166300213007
0.651434721107688
0.6472533163717213
0.6439262359509874
0.643140072156092
0.6401113613007987
0.636002173505287
0.6327325744526553
0.6342982143414034
0.6313108936160264
0.6272578654685252
0.6240329532702075
0.6295435553999772
0.6265784889884942
0.6225556507291159
0.619354761610176
0.6205420467322424
0.6176191336420129
0.6136535127221043
0.6104981760299056
0.6086442270814393
0.6057771271181426
0.6018872859672443
0.5987922965381783
0.5994097571100899
0.5965860672408239
0.592755156435539
0.5897070726850085
0.639961126085873
0.6373942653825428
0.6338883538895004
0.6310815665476615
0.6308115836210451
0.6282811967282148
0.6248251011225403
0.6220581984410147
0.6187178759092983
0.6162357285545158
0.612845545504176
0.610131438764264
0.6093310779830825
0.6068864379736316
0.6035475121022548
0.6008744627783194
0.6042877447916525
0.60186328845628
0.5985519488286197
0.5959009982597129
0.5947482445670366
0.5923620022257473
0.5891028584259376
0.5864936922769237
0.5821554151642794
0.579819578819548
0.5766292363565908
0.5740751016403279
0.5723931515203176
0.5700962701726205
0.5669590880243996
0.5644474788355555
0.5944484064559423
0.5916480764002383
0.5878488524760497
0.584825960894066
0.5850639937831353
0.5823077754399446
0.5785683409764028
0.5755929678839311
0.5726755357345126
0.5699773689123911
0.5663166271745712
0.563403823015756
0.5630712053729098
0.5604179333103955
0.5568180891974648
0.5539537391471846
0.5579147316145926
0.5552855553071759
0.5517184100359702
0.5488800805710683
0.5481677791900116
0.5455841457080235
0.5420787762991176
0.5392895863490386
0.5353138808165117
0.5327902641590521
0.5293663071639516
0.5266418893742325
0.5253590656212251
0.5228819339597971
0.519521067406431
0.5168468759588823
0.5671520540765098
0.5648760318094229
0.5617673256916765
0.5592785107813343
0.5572451077407321
0.5550085024714095
0.5519536380016982
0.5495079334436496
0.5441802698951483
0.5419956345302713
0.5390117631461813
0.5366228955546792
0.5340620926969244
0.5319177168121559
0.5289888280603927
0.5266439697858609
0.5750208403643345
0.5731033259785342
0.5704604129131569
0.5683270194817863
0.5649775986741546
0.5630933256277261
0.5604961913751149
0.5583997305520139
0.5517332054130549
0.5498926773533283
0.5473558400236829
0.5453080684716978
0.5414758866951725
0.5396692438775063
0.5371791406522467
0.5351691066879909
0.6126701403062652
0.6106274280636834
0.6078119841350852
0.6055393645392163
0.6029985983947144
0.6009880483546934
0.5982169511311635
0.5959801393071555
0.5902314184659324
0.5882633603419574
0.5855508258824303
0.5833612810303967
0.5803342047468733
0.5783990548277131
0.5757318603002488
0.5735788902604304
0.6195753373939896
0.6179192981316981
0.6156065528087359
0.6137177601621112
0.6097951926316927
0.6081651823072545
0.6058888041755716
0.6040297289474692
0.5968844006297175
0.5952888210563173
0.5930605415332644
0.5912407559147662
0.5868758742312693
0.5853069979156089
0.5831160025763242
0.581326660874966
0.5815028198232196
0.5799482656740631
0.5777772661300953
0.5760042468632112
0.5713470029631235
0.5698194672541006
0.5676861826504767
0.5659439439050576
0.5579545910856625
0.5564625859247614
0.5543788851909117
0.5526771133770927
0.5475829053902044
0.5461183155774209
0.5440729085847787
0.5424024280750815
0.5420181959690595
0.5405683238289692
0.5385434995409083
0.5368898441020142
0.5315067325304227
0.5300847592970198
0.5280988990147377
0.5264770597429502
0.5176594537906096
0.5162742403194003
0.5143397115872079
0.5127598018855958
0.5069468872225733
0.5055901577647873
0.5036954404364825
0.5021480698994072
0.5012036109918239
0.4998622126260521
0.4979889252537058
0.496459065671531
0.490363913827508
0.4890515587532398
0.4872188397677888
0.4857221252656096
0.4761020876679459
0.4748280350845629
0.4730488183219844
0.4715958087776714
0.465082703544677
0.4638382794582946
0.4621004416648149
0.4606812242716177
0.4956105396211237
0.4939560552343947
0.4916757526896445
0.489835146185477
0.4848919901007157
0.4832733765400753
0.4810425364696189
0.4792418726202674
0.4707899170064667
0.4692185799568693
0.4670529066448612
0.4653048424985751
0.459894073666037
0.4583592714537221
0.4562439451330372
0.4545365210533147
0.5359726393424934
0.5341842085887195
0.5317192092654299
0.5297294346370749
0.5255775004076605
0.5238234720888283
0.5214058818375381
0.5194543752192783
0.5118835039156757
0.5101748432251066
0.5078198100934304
0.505918824438235
0.5012898281583344
0.4996163880581048
0.4973099365584874
0.4954482034256135
0.5286335742814124
0.5265107954680898
0.5236113970390815
0.5212901487328606
0.5183795894795388
0.5162976327059853
0.5134540149458923
0.5111774594215964
0.5048718744103311
0.5028438718128919
0.5000740179820168
0.4978565816429108
0.4944228856599563
0.4924368156852656
0.4897242976504896
0.4875528086472726
0.5200181858638921
0.517566012773566
0.5142390363670647
0.5115918433753333
0.509930002558514
0.5075251088613649
0.5042623534756405
0.5016663217032266
0.4966415456391267
0.4942992082674883
0.4911214242543278
0.4885930668682313
0.486362965011694
0.4840692174041293
0.4809573875322058
0.4784815271614371
0.4808531923301515
0.4785855396578968
0.475509103663558
0.4730614009041905
0.4704549392732877
0.4682365135955905
0.4652268653044527
0.4628323074950903
0.4567745449681091
0.454620912017391
0.451699183834792
0.4493745927633588
0.4462045527413165
0.4441010175708606
0.4412472645122006
0.4389767573600388
0.4888214713431445
0.4868579674536116
0.4841762901528568
0.4820294989131156
0.4782502025958663
0.4763293301564681
0.4737058809943759
0.4716057063928304
0.4643421381257586
0.4624773704548893
0.4599305446460749
0.4578917057240113
0.45359619813261
0.4517747798738104
0.4492871627955896
0.4472957313815527
0.4478398009385127
0.4460416144358851
0.4435857344375871
0.4416197140634643
0.4369832897385471
0.435228925962979
0.4328328914073021
0.4309147742625558
0.4227137804636506
0.4210169646875005
0.4186995077363091
0.4168442782814821
0.4116986993640647
0.4100462505127725
0.4077893726531339
0.4059826327486719
0.4405424604328602
0.4384657700511995
0.4356484285003849
0.4334068820376841
0.4298637654443955
0.4278376567707194
0.4250889177987036
0.4229019399177985
0.4158277214148726
0.4138680180857506
0.4112093512614038
0.4090940254531836
0.4049926448999471
0.403084156185845
0.4004949573434322
0.398434893432751
0.3991917918772145
0.3973106998955114
0.3947586664073937
0.3927281676861609
0.388257316393393
0.3864278663764543
0.3839459002251553
0.3819711523732947
0.3738971609294939
0.3721355650761521
0.3697456572587967
0.3678441624596602
0.362821460866402
0.3611121984198718
0.3587932830280981
0.3569482624374302
0.405801565490891
0.4041728428860727
0.4019483671006918
0.4001675668391306
0.3946856022672796
0.39310159886359
0.3909382053131577
0.3892063026524403
0.3800870380545464
0.3785617789284839
0.3764786202056259
0.3748109500468981
0.368827431175335
0.3673474941246489
0.3653262298525549
0.363708103621551
0.4114330046822269
0.4100606309842755
0.4081691572963134
0.4066423992907075
0.4001624362369566
0.3988277444693232
0.3969881968690298
0.3955033519983198
0.3853608211447273
0.3840756039680145
0.3823042541355052
0.380874463770257
0.3739444868786252
0.3726974641971408
0.3709787572393509
0.3695914576140823
0.4540573709837217
0.4525421366397157
0.4504537837805707
0.4487681325835914
0.4430493446515146
0.4415710343689067
0.4395335717527604
0.4378889978077557
0.4285808071377943
0.4271510041380162
0.4251803935716767
0.4235897754596565
0.4174122234769751
0.4160198370146119
0.4141007908296829
0.4125517837546008
0.4591798421695258
0.4579512885307618
0.4562356108858872
0.4548344872485978
0.4480470273672297
0.4468484026992513
0.4451745186904722
0.4438075266152492
0.4334144845981993
0.4322551925176938
0.430636239472587
0.429314109095699
0.4221194004870196
0.420990452249188
0.4194138705283648
0.4181263373452251
0.4160725005448486
0.4149597874893017
0.4134058731355785
0.4121368515276775
0.4046744925534824
0.4035923492663628
0.4020811217373396
0.4008469541014607
0.3897056198997144
0.3886635915269497
0.3872083830513429
0.3860199653766246
0.3781602005230543
0.3771491274065299
0.3757371519029713
0.3745840443507318
0.4197087804516117
0.4188584367284179
0.4176458652504685
0.4166376576499771
0.4082108269518778
0.4073838577679318
0.4062046148597106
0.4052241190775443
0.3931108040687756
0.3923145091855941
0.391179003875247
0.3902348686805169
0.381464249939089
0.3806916031003654
0.3795898234679567
0.3786737294518498
0.4223329064381842
0.4217470280023964
0.4208787775713749
0.4201338646323584
0.4107628149199656
0.4101930437331037
0.409348665019563
0.408624227367283
0.395568146627335
0.3950195070295801
0.3942064438961587
0.393508872144414
0.3838486122577436
0.3833162672863425
0.3825273484219444
0.381850495280785
0.4660919819121609
0.4654451069344913
0.464486463994386
0.4636639975205086
0.4547907246992686
0.454159614710527
0.4532243362785927
0.4524219139979907
0.4399368852406786
0.4393264887173476
0.4384219053055841
0.4376458160544753
0.4284711304742874
0.4278767057639929
0.4269957923213472
0.4262400111489396
0.463194659440567
0.4622557944339395
0.460916993643526
0.4598038340511388
0.4519640129671834
0.4510480270514459
0.4497418517255223
0.4486558164676275
0.4372029417118568
0.436317013905018
0.4350536971773662
0.4340032972120378
0.4258087254978034
0.4249459786545515
0.423715717791879
0.4226928032441563
0.5055870987423632
0.5045620448855601
0.5031003109648073
0.5018849159060076
0.49465256619589
0.4936496660470906
0.4922195527030825
0.4910304671927451
0.4802655339307597
0.4792919124894877
0.4779035526739444
0.4767491845671302
0.4691493599909444
0.4681983753080214
0.4668422887547843
0.4657147549617824
0.546755857337465
0.545648018278359
0.5440681957282023
0.5427545786310465
0.5361534947890662
0.5350668843376233
0.5335173599249712
0.5322289590839525
0.5221859413821688
0.5211274522737118
0.5196180418099258
0.5183629957731221
0.5113803170625334
0.5103435986149993
0.5088652162941107
0.5076359675684621
0.550174362890683
0.549411165175567
0.5482800935073293
0.5473096514484733
0.5395066144318635
0.5387579962419559
0.5376485493085215
0.5366966815705612
0.5254523397480353
0.5247230738622077
0.5236423185636213
0.5227150747820033
0.5145794750694406
0.5138652241492379
0.5128067226198452
0.5118985630375336
0.5087502416703836
0.5080440328899629
0.5069974481829065
0.5060995132365637
0.4977474706514829
0.4970564886364237
0.4960324731136386
0.4951539150936543
0.4832701661915922
0.4825993309803496
0.4816051797575912
0.4807522510605323
0.4720841111431731
0.4714288765828507
0.4704578490236743
0.4696247582264848
0.510685518186203
0.5102998275556089
0.5096708693262118
0.5090925322089602
0.4996410328548296
0.4992636543206936
0.4986482528848791
0.4980823814665075
0.4851085380342338
0.4847421564799369
0.48414468864048
0.4835953125510158
0.4738797075322384
0.473521853731349
0.4729382882103824
0.4724016948686193
0.5522656953993111
0.5518489126177218
0.5511692421407944
0.5505442647872202
0.5415579414682712
0.5411491280066312
0.5404824652264777
0.5398694467469239
0.5274507755892847
0.5270524964780269
0.5264030145048713
0.5258058032983236
0.5165367917762088
0.5161467079073918
0.515510584836113
0.5149256628110248
0.5530251380153138
0.5529557064116312
0.5527289653209512
0.5524508601878207
0.5423028847564608
0.5422347734693731
0.5420123586768001
0.5417395679741915
0.5281765675942194
0.5281101974914638
0.527893497465906
0.5276277243165429
0.5172476316814629
0.5171826319860299
0.5169703975998307
0.5167100971990699
0.5113882888762431
0.5113240417500945
0.5111142214130199
0.5108568684896271
0.5003286454611829
0.5002657885057921
0.5000604946487343
0.4998086902115647
0.4857761343142284
0.4857151061210419
0.4855157865998216
0.4852713116264871
0.4745317652180887
0.4744721579700467
0.4742774790008055
0.4740386928390817
0.4685084005924487
0.4684495585709449
0.4682573697743846
0.4680216345772883
0.4571482287726514
0.4570908330293504
0.4569033386169607
0.456673354477894
0.4422170443358492
0.4421615198959224
0.4419801658133634
0.4417577228878825
0.4306916147631773
0.4306375416212587
0.4304609338987682
0.4302443141193586
0.4678646779446313
0.4675113885658969
0.4669352672292378
0.4664055153633084
0.4565202247790418
0.4561755444898679
0.4556134603657193
0.455096617437455
0.441609617009623
0.4412762487774409
0.4407326151247558
0.4402327377882388
0.430100085728912
0.4297754429676467
0.4292460357241691
0.4287592406465954
0.4239384356679708
0.4236184570769843
0.4230966664851865
0.4226168736034849
0.412324204997345
0.4120130261915461
0.4115055794440267
0.4110389759048979
0.3970716351872647
0.3967719963769541
0.3962833667155781
0.3958340660049365
0.3853074392138274
0.3850167035246279
0.3845425886601248
0.3841066326870572
0.4245214898240418
0.4244681839558128
0.4242941061136732
0.4240805949477376
0.4128912415875881
0.4128394003766144
0.4126701013290689
0.4124624549891908
0.3976175584824166
0.3975676659098285
0.3974046766903542
0.3972047526062609
0.385837152305237
0.3857887417689603
0.385630592139616
0.3854366028220009
0.3795337780906571
0.3794861490916732
0.3793305772971026
0.3791397582133926
0.3676593071113923
0.3676131737835637
0.3674624889358589
0.3672776632575507
0.3520784702404358
0.3520343044916658
0.3518900292619673
0.3517130588250943
0.340071239042273
0.340028564612712
0.3398891963296626
0.3397182573056959
0.3336499658979335
0.3336080960589624
0.3334713644923985
0.3333036569604219
0.3215597039021522
0.3215193446571825
0.3213875607752945
0.3212259325847957
0.3057075851410648
0.3056692356094395
0.3055439774657721
0.3053903382770167
0.2935005520681815
0.2934637272148666
0.2933434623388847
0.2931959529075459
0.3331919948674151
0.332940660804804
0.3325308035404053
0.3321539344661908
0.3211183224959275
0.3208761111240427
0.3204811329887221
0.3201179459914929
0.3052880420037463
0.3050577848248106
0.3046822953571484
0.3043370257218657
0.2930977387927576
0.2928766709496851
0.2925161685825544
0.2921846811888427
0.3790127092971001
0.3787267400162515
0.3782603998071642
0.3778315923585953
0.3671546046496778
0.3668776149476141
0.3664259166129971
0.3660105738483282
0.3515952275232813
0.3513300013618366
0.3508974853146217
0.3504997803157668
0.3396044452330523
0.3393482693353728
0.3389305153009431
0.3385463850611737
0.377577801726671
0.3770541873983935
0.3762782120156111
0.3756124613455055
0.3657647546347026
0.365257587942066
0.3645059816398171
0.3638611327724534
0.3502643979492078
0.3497787617452986
0.3490590613045462
0.3484415857159779
0.3383190379235759
0.3378499796744219
0.3371548483475991
0.336558454282932
0.3752325509765359
0.3744725727829502
0.3733888522058337
0.3724877776255507
0.3634931481765717
0.3627570227617181
0.3617073089649171
0.3608345071750088
0.3480892206978032
0.3473843406544279
0.346379184799069
0.3455434280736648
0.3362181210014357
0.3355373140993569
0.3345664867331699
0.3337592740454188
0.3298697074235123
0.3292017795713939
0.3282493217682451
0.3274573837578477
0.3179166204022718
0.3172729331873711
0.3163550389991122
0.3155918379229949
0.3022442757014084
0.3016323377615934
0.3007597163370904
0.3000341549844594
0.2901754800210959
0.2895879771079678
0.2887501992946369
0.2880536099033974
0.3319308859602033
0.3314706980112916
0.3307887141409797
0.3302036022490253
0.3199029935641716
0.3194595076713228
0.3188022751347074
0.3182383974617813
0.3041326767190101
0.3037110653871183
0.3030862483206679
0.3025501817781378
0.2919884888064068
0.291583707438997
0.2909838359718781
0.2904691719649482
0.2854972192267449
0.2851014379769056
0.2845149054805749
0.2840116852914397
0.2732813521233387
0.2729025130195187
0.2723410892295517
0.2718594139494215
0.257277170174296
0.2569205417778733
0.2563920331176783
0.2559385942958426
0.2449627799168015
0.2446232255888677
0.2441200192550823
0.243688289695175
0.28372452200866
0.2831500785759699
0.2823309275784309
0.281649827763759
0.2715845465375635
0.271034700043245
0.2702506242721157
0.2695986893101738
0.2556798383631942
0.2551622208852538
0.2544241023554442
0.2538103787659896
0.2434419234926437
0.2429490908930251
0.2422463132172416
0.2416619732161062
0.2369040708317672
0.2364244686885509
0.235740562337254
0.2351719142957829
0.2246065032037264
0.2241517985506394
0.2235033955088318
0.2229642683123795
0.2085071003096997
0.2080849909377349
0.207483072193163
0.2069825964189201
0.1961288064213687
0.1957317811016354
0.1951656241888155
0.194694885800321
0.2383840783589914
0.2380536438203501
0.2375639535420056
0.237143821564011
0.2260096799465584
0.2256964000963474
0.22523212990504
0.2248338075531123
0.2098097256124694
0.2095188929779625
0.2090878895820673
0.20871811248453
0.1973540331809802
0.1970804805306815
0.1966750885198215
0.196327280170821
0.2392895938242713
0.2391091257446215
0.2388148347813917
0.2385442345217796
0.2268682038986149
0.2266970983799175
0.2264180808434222
0.2261615232901178
0.2106067157688693
0.2104478745131496
0.210188856135359
0.2099506872677877
0.1981036817979572
0.1979542747151371
0.1977106428439587
0.1974866217255992
0.2865818480165623
0.2863656834027305
0.2860131800647772
0.2856890520394313
0.274319536374868
0.2741126263978603
0.2737752185549802
0.2734649715027901
0.2582544846297362
0.2580597068495153
0.2577420834527153
0.2574500253444361
0.2458933020143045
0.2457078502676934
0.2454054314876419
0.2451273576857997
0.2869757254498927
0.2869397147729023
0.2868221203377056
0.2866778840617893
0.2746965895568812
0.2746621078346385
0.274549530855471
0.2744114620557584
0.2586094661752055
0.2585769957331943
0.2584710045355847
0.2583410222752262
0.2462311978260206
0.2462003073792682
0.2460994260000275
0.2459756903431393
0.2396184463029082
0.2395883762788009
0.2394901906186602
0.2393697701853454
0.2271800935828952
0.227151554003605
0.2270584255591997
0.2269442277321344
0.2108962204846019
0.2108697349907945
0.2107832927132273
0.2106772884618467
0.1983760195722431
0.1983511000682013
0.1982697810022003
0.1981700650543833
0.19169086917464
0.1916667905367674
0.1915882179640139
0.1914918684825977
0.1791236656955063
0.1791011669517269
0.1790277543197808
0.1789377307053717
0.1626850183147877
0.1626646051966322
0.1625979601032617
0.1625162250105577
0.1500559005136322
0.1500370906809087
0.1499756488071754
0.1499002808007873
0.1914277245444928
0.191283353229895
0.1910479336162673
0.1908314687653743
0.1788777972198908
0.1787429049140415
0.1785229437487391
0.178320689881153
0.1624618066911167
0.1623393213869846
0.1621395853322277
0.1619559260323041
0.1498500981153162
0.1497371400383181
0.1495529354227148
0.1493835556329469
0.1431195745295805
0.1430117016763519
0.1428357868194205
0.1426740294787869
0.1304725308443553
0.1303742172607567
0.1302138857149571
0.1300664550235307
0.1139402956733893
0.1138544680715633
0.1137144887608853
0.1135857670059822
0.1012477968670782
0.1011715336788277
0.1010471521593254
0.1009327736287289
0.1433161044803725
0.1432981444641526
0.1432394703807209
0.1431674975341984
0.1306515907679273
0.1306352445636223
0.1305817897311009
0.1305162044618005
0.1140965542125693
0.1140823080851579
0.1140356662471142
0.1139784203893847
0.1013865682492628
0.1013739299730308
0.1013325130252128
0.1012816674560149
0.09460680762919089
0.09459501127265954
0.09455636230520824
0.09450891410195345
0.0818747463057045
0.08186451059740489
0.0818310303187726
0.08178995037919977
0.065241077962509
0.06523291426690299
0.06520622746489832
0.06517348305213573
0.05247481292199468
0.05246822352068526
0.05244671746571547
0.05242034928517678
0.04566559169750995
0.04565982830418866
0.04564107694763691
0.04561810043732582
0.03288279724478538
0.03287863127342811
0.03286510889868866
0.0328485469158356
0.0161982095828858
0.01619615999105372
0.01618950298392582
0.01618134969844615
0.003408028027332079
0.00340760301073821
0.003406207752380348
0.003404497103873468
0.04560280862421854
0.04556839680270709
0.04551229038444871
0.04546069669695274
0.0328375245814929
0.03281272363967414
0.03277229490738007
0.03273513130931533
0.01617592464909374
0.01616372038143309
0.01614382373473711
0.01612552977688712
0.003403358807738692
0.003400795628354995
0.003396616413675093
0.00339277198275682
0.09447731035052813
0.09440615800745519
0.09429010867172495
0.09418338914309254
0.08176259654727805
0.08170102277375479
0.08160060252947744
0.08150825651116912
0.06515167876943757
0.06510259665570743
0.06502255072165451
0.06494894312165457
0.05240279479728495
0.05236328153519922
0.05229884553670904
0.05223959968449001
0.09412022501698777
0.09398990193991213
0.09379675932470287
0.09363104722399769
0.08145359788580886
0.08134082428272338
0.0811736935250657
0.08103029912853467
0.06490537843529198
0.06481549489675484
0.06468228728347757
0.0645679994515652
0.05220453017794587
0.05213218350713841
0.05202496861553786
0.05193298446369372
0.04543016604146493
0.0453671746561202
0.04527382646442524
0.04519374607832503
0.03271313702757246
0.03266776364467959
0.03260052752663241
0.03254284450845531
0.01611470175799719
0.01609236218632373
0.01605926009714153
0.01603086041437013
0.003390497024075229
0.003385800049979874
0.003378843001155958
0.003372873796330448
0.04514804693138635
0.04505663596395242
0.04492629052303658
0.04481790795310764
0.03250992964709958
0.03244409006017582
0.03235020948454417
0.032272154434194
0.01601465404312768
0.01598223806327333
0.01593601480995341
0.01589758401217379
0.003369466911870584
0.003362652374422092
0.003352933092251935
0.00334485362907184
0.09353648309639322
0.09334731382598155
0.09307755680681953
0.09285325654822033
0.0809484721928241
0.08078478598243534
0.08055136687646269
0.08035728298265599
0.06450278112257314
0.06437231518178177
0.06418626696787408
0.06403156726699002
0.05188049686490218
0.05177549843494082
0.05162576831265597
0.05150126786566836
0.1416935894250413
0.1414068978462207
0.1409980809255632
0.1406581595173683
0.129172823760703
0.1289115010206774
0.1285388569752166
0.1282290139204029
0.1128054884507201
0.1125773160711623
0.1122519357677406
0.1119813865462922
0.1002394762552812
0.1000367315617915
0.09974761080987764
0.09950721127479072
0.1425782938616411
0.1423807729029594
0.1420880495259001
0.1418369058274805
0.1299791979252089
0.12979916929105
0.1295323665343459
0.1293034559787799
0.1135095802825149
0.1133523879963352
0.1131194260523902
0.1129195494129597
0.1008650785136087
0.1007254115381397
0.1005184206505232
0.1003408245389558
0.1907033544215422
0.190439034365903
0.1900473259271437
0.1897112585503214
0.1782009870256329
0.1779540216944833
0.1775880327392666
0.1772740329856474
0.16184722906644
0.161622968281346
0.1612906210109358
0.1610054825238083
0.1492833077949794
0.149076477991008
0.1487699629788856
0.1485069880529108
0.1895194839769998
0.189135856016088
0.1885888094429836
0.1881339601361606
0.1770948491489695
0.176736408740214
0.1762252782516214
0.1758002912270533
0.160842767078622
0.1605172680569323
0.160053109301586
0.1596671755376417
0.1483569219336773
0.1480567286334055
0.1476286564255151
0.1472727229048727
0.1878789877111269
0.1873769802446422
0.1866759212345414
0.186103384522854
0.1755620598598008
0.1750930122585131
0.1744379790751476
0.1739030339925919
0.1594508355828958
0.1590248875890968
0.1584300421954977
0.1579442514521407
0.1470731981607918
0.1466803576952068
0.1461317455280845
0.1456837097273973
0.1857858323414151
0.1851666554848047
0.184313268197462
0.1836244289031269
0.1736063305585669
0.1730278073145273
0.1722304530013289
0.1715868455390984
0.1576748119419152
0.1571494518181247
0.1564253683235505
0.1558408982611491
0.1454352126837136
0.1449506845490093
0.1442828802479901
0.1437438376618927
0.1389033185838231
0.138440587983426
0.1378028233822934
0.1372880267969949
0.1266294576657343
0.1262076610856153
0.125626310624919
0.125157053079196
0.11058461777326
0.1102162928785117
0.1097086357116889
0.1092988557676219
0.09826611191549196
0.09793883332256198
0.09748775373634967
0.09712364224715407
0.1404676115045877
0.140092443986732
0.1395685137272472
0.1391406367813336
0.1280553275273519
0.127713361650798
0.1272357957971516
0.1268457793378225
0.1118297239835216
0.1115311139221761
0.1111140926823568
0.1107735171195305
0.09937245085441773
0.09910712220697573
0.09873657635667954
0.09843395917076407
0.09272752070483813
0.09247996093673717
0.09213423567393247
0.09185188417146978
0.08024848376670572
0.08003426655092895
0.07973510019919074
0.07949077487847607
0.06394484633138407
0.06377410074220169
0.06353564655949102
0.06334090562494309
0.05143147566377335
0.05129406441581403
0.05110216091446138
0.05094543915156204
0.04475715366383228
0.04463753321052614
0.04447047815541294
0.04433405586510693
0.03222839965419316
0.03214225293907543
0.03202194925241435
0.03192370186925452
0.01587604128704099
0.01583362474231441
0.0157743899264635
0.0157260138436885
0.003340323876047848
0.003331405001661905
0.003318952419186658
0.003308782970331978
0.04425839108089014
0.04411086105447917
0.04390752685949436
0.04374339066814274
0.03186921156516426
0.03176296912419656
0.03161654611363706
0.03149835988237382
0.0156991807421489
0.01564686117205592
0.01557475275322741
0.01551655096586696
0.003303141705666275
0.003292141675203222
0.003276978495657149
0.003264735864605542
0.09169528153756143
0.09138992618708282
0.09096906525354236
0.09062935101506119
0.07935526125408893
0.07909103315332354
0.07872685398107095
0.07843289584136438
0.06323289648626777
0.06302229416988449
0.06273202202213181
0.06249771100768834
0.05085851623767163
0.05068902961329796
0.05045542792557856
0.05026686201528219
0.09044225730456665
0.09007985286682575
0.08958488885623886
0.08918862668604718
0.0782710025260062
0.07795740408721766
0.07752908665026363
0.07718618681777932
0.06236866526616061
0.06211869560980156
0.06177728128614071
0.06150395189938081
0.05016300981244644
0.0499618436389754
0.04968708608298222
0.0494671260769879
0.04365299705688321
0.04347790254403561
0.0432387550313427
0.04304730637953539
0.03143327224801484
0.03130719746686719
0.03113500352549014
0.03099715019006869
0.01548449852459739
0.01542241007821188
0.01533760974139255
0.01526972207961122
0.003257993138127551
0.003244935294608369
0.003227100236175832
0.00321282209398845
0.04294240131650683
0.04274016521951914
0.04246579205675362
0.04224748202796241
0.03092161224836549
0.03077598875907581
0.0305784255152937
0.03042123577451612
0.01523252081028366
0.01516080403833454
0.01506350975568234
0.0149860979896715
0.003204999133226947
0.003189918195893761
0.00316945525651092
0.003153172173404929
0.08897150092054475
0.08855291373794114
0.08798501911150923
0.08753317330244632
0.07699829057582984
0.07663605984920133
0.07614461755149481
0.07575360389064288
0.06135418213579281
0.06106544791083058
0.06067371272643564
0.06036201889872068
0.049346600445037
0.04911424749157391
0.04879900830999467
0.04854818100641594
0.1347757765973434
0.1341414787364762
0.1332809328824439
0.1325962464141722
0.1228670067141247
0.1222888005001305
0.1215043468596261
0.1208801976177082
0.1072989939582347
0.1067940651574992
0.1061090266701169
0.1055639747477014
0.09534671885575689
0.09489807169809443
0.09428939117295512
0.09380509492969524
0.1370045121756955
0.1364553332035254
0.1357052683309043
0.1351048005001893
0.1248986174534135
0.124398016633857
0.1237142972621821
0.1231669344077405
0.1090731722228978
0.1086360069620131
0.1080389214429374
0.1075609142264014
0.09692311415029836
0.09653468187965085
0.09600415975671232
0.09557944220135754
0.1832450626694173
0.1825102175898372
0.1815065760168118
0.1807031076799215
0.1712323908680183
0.1705458013365775
0.1696080700645792
0.1688573624176024
0.1555190121086137
0.154895506746542
0.1540439266635408
0.1533621876635469
0.1434469663600735
0.1428719161007992
0.1420865205505264
0.1414577594544615
0.1802628548720429
0.1794141365116969
0.1782626934036503
0.1773465572912717
0.1684460139968069
0.1676530140527466
0.1665771598693017
0.1657211598276541
0.1529886287059695
0.152268477007736
0.151291451977981
0.150514083002829
0.141113235474452
0.1404490614316647
0.1395479856854831
0.1388310469142443
0.225331415141251
0.2242702996327974
0.2228306858213084
0.2216852571535552
0.2136346482899033
0.2126286162130098
0.2112637344226782
0.2101777642445626
0.1983218886709514
0.1973879920663366
0.1961209828131971
0.1951128899653803
0.1865487818720721
0.1856704013527166
0.1844787208854759
0.183530567964717
0.2698633031035032
0.2685923823485912
0.2668681362538737
0.2654962458170003
0.2583170389285533
0.2571005322028163
0.2554501023363561
0.2541369381915783
0.243189742555133
0.2420444973540739
0.2404907490436773
0.2392545095154682
0.2315498228171028
0.2304594116330888
0.2289800564709526
0.227803008977283
0.2743289789534282
0.2732285944959081
0.2717257059092865
0.2705225608831469
0.2625914349631991
0.2615381904503288
0.2600996806777378
0.2589480667084594
0.2472137594910375
0.246222215470561
0.244867967795709
0.2437838075743853
0.2353811803524738
0.2344371073225301
0.2331476960751645
0.2321154438661099
0.229059841591877
0.228141130434384
0.2268863607026792
0.2258818401204667
0.2171695267564313
0.2162985087512699
0.2151088752783704
0.2141565002715442
0.2016033194075591
0.2007947511209856
0.1996904131654668
0.1988063236447514
0.1896352065009727
0.1888746829079198
0.1878359699770643
0.1870044231497755
0.2322363010114451
0.2314622131770204
0.2303953140363975
0.2295341272760846
0.220181073015385
0.2194471734020644
0.2184356663867675
0.2176191898633977
0.2043989382551026
0.2037176587110009
0.202778676173486
0.2020207419516834
0.1922647270413377
0.1916239235507382
0.1907407290723147
0.1900278273039318
0.2348531512860269
0.2342255481083884
0.2333490861890199
0.2326333036572421
0.2226620549801289
0.2220670369907098
0.2212360806243814
0.2205574634319699
0.2067020493434346
0.2061496895409598
0.2053783072491376
0.2047483426499981
0.1944310088998202
0.1939114630968791
0.1931859059190272
0.1925933708698521
0.281268027057975
0.280516305970813
0.2794665095578023
0.2786091700016773
0.2692332379042749
0.268513708162002
0.2675088701775298
0.2666882501875451
0.2534663470976073
0.2527889903785223
0.2518430467040528
0.2510705218033641
0.2413344131099071
0.2406894872558313
0.2397888326911356
0.2390532922166474
0.2781336511992776
0.2772064648843087
0.2759285595563805
0.2748970577171985
0.2662331013591834
0.2653456390049838
0.2641224857447826
0.2631351770499621
0.2506420464001161
0.2498065884872738
0.2486551057007212
0.2477256449527503
0.2386453306662454
0.2378498730971287
0.2367535208748706
0.2358685590484838
0.3233690446600146
0.3222909949298078
0.3208051602874359
0.3196058198951859
0.3116518103492723
0.3106128661066674
0.3091809255257046
0.3080250839972712
0.2962884228489069
0.2953007043153515
0.2939393609446598
0.2928404969031708
0.2844574556397851
0.2835091710273481
0.2822021801525398
0.281147195347721
0.3270134522587747
0.3261394048387682
0.3249187818313523
0.3239219370286509
0.3151640135490156
0.3143216768590494
0.3131453345878052
0.312184647866502
0.2996274299988083
0.2988266335180174
0.2977082989192802
0.2967949860745827
0.2876631264025045
0.2868943098309633
0.2858206367750659
0.2849437936805596
0.3719826699142594
0.370988176479073
0.3695993570279583
0.3684651586701639
0.3603452476459333
0.3593819545127607
0.3580366974087962
0.3569380667092969
0.3450749324507161
0.3441525196224318
0.3428643509879211
0.3418123423954788
0.3333067803812864
0.3324158750418171
0.3311717088630123
0.3301556386108969
0.3678360860804122
0.3666095030019372
0.364918962705905
0.3635543926338026
0.356328719256253
0.355140591250415
0.3535030409973092
0.3521812406612695
0.3412288554828066
0.3400911542374295
0.3385231059791712
0.3372574044255915
0.3295920823684416
0.3284932438732217
0.32697876073764
0.3257562964784122
0.3628028809331812
0.3613471811616395
0.3593590141996859
0.3577673812839297
0.3514532832938523
0.350043203901006
0.3481173373325699
0.3465755747521987
0.3365603414721198
0.3352101079691245
0.3333659792717393
0.3318896519182144
0.3250830472042998
0.3237789400242955
0.321997808700941
0.320571917832887
0.3189453049708182
0.3176658667649264
0.3159184266404333
0.3145194988545191
0.3073885222075294
0.3061554740110687
0.3044713815570771
0.3031231602278779
0.2922353118572316
0.2910630401011717
0.2894619546895332
0.2881801853256221
0.2805661799612839
0.2794407327484851
0.2779036126508398
0.2766730621901573
0.3137529590400183
0.3122752211991425
0.3102703884972739
0.3086752453620568
0.3023844035346383
0.3009602193258674
0.299028027420318
0.2974906706689558
0.2874778418233757
0.2861238607868152
0.2842869257020468
0.2828253694080091
0.2759987889160668
0.2746989261030285
0.2729354190428205
0.2715322921769574
0.3568952549570965
0.3552139700012633
0.3529330010789821
0.3511181604133938
0.3457307712924825
0.3441021577062781
0.3418926401511934
0.3401346451310721
0.3310807038109768
0.3295212117765459
0.3274054754099594
0.3257221041041811
0.3197906074437228
0.3182843942454116
0.3162409368961488
0.3146150729824461
0.3501275270131118
0.348224718850423
0.3456564409082047
0.3436227594290843
0.3391750395105388
0.3373318292696282
0.3348440023305543
0.3328740367918584
0.3248032350374297
0.3230382785505199
0.3206560851718845
0.3187697717362481
0.3137275926589856
0.3120229219656377
0.3097220809777732
0.3079001650867857
0.3078045299577606
0.3061320507110686
0.3038746424519235
0.3020871059695498
0.2966514956084079
0.2950395976272364
0.2928639537510146
0.2911411674583476
0.2820275745707962
0.2804951682259173
0.2784268357480014
0.2767890375696879
0.2707663914567598
0.2692952506895145
0.2673096132458877
0.2657372984319982
0.301114297810089
0.2992510802835426
0.2967464975419418
0.294770851911021
0.2902036002122694
0.2884078859330795
0.2859940601332658
0.284090018098473
0.2758977279697892
0.2741906213287795
0.2718959273662645
0.2700858803449784
0.2648816269878237
0.2632427850133782
0.2610398522223315
0.2593021742309614
0.3425160026246197
0.3403962453331635
0.3375468587136736
0.3352992689853335
0.3318019603141564
0.3297486445155451
0.3269885953594402
0.3248114900756107
0.3177432213779642
0.3157770942786083
0.3131342226295852
0.3110495222940579
0.3069086526403175
0.3050096167881087
0.3024568917627714
0.3004432704258533
0.3340790824999341
0.3317475651350344
0.3286240790362121
0.3261681287676006
0.323629572630807
0.3213711823546698
0.3183456563967326
0.3159667143357904
0.3099177586043727
0.3077551739133534
0.3048579327463088
0.3025798029109671
0.2993500878261918
0.2972612077922236
0.294462680473119
0.292262155539126
0.3248375347101
0.3223000348572142
0.3189101659411414
0.3162518883211008
0.3146778260696814
0.3122198250094056
0.3089360757383614
0.3063609276202834
0.3013455133739376
0.2989915908124412
0.2958468228465509
0.2933806558165745
0.2910699118988179
0.2887961881117131
0.2857586217112632
0.2833765744136892
0.2855743691026777
0.2833436274303727
0.2803635173571733
0.2780265554365557
0.2752271374445898
0.2730773785251392
0.2702054644274027
0.2679533331557
0.2616605889223215
0.2596169156576881
0.2568866707962349
0.2547455968138408
0.2512134787144364
0.2492513972135484
0.2466301454121787
0.2445745418453328
0.2936982836595982
0.2916487982609879
0.2889030725931304
0.2867440915913357
0.2830563319948977
0.281081161723584
0.2784350346300036
0.2763544011952959
0.2691032297195016
0.267225587620731
0.2647101192713367
0.2627322092169887
0.2583588053845372
0.2565562022718583
0.2541412276983556
0.252242310203381
0.2526158280559627
0.2508532788970025
0.2484919608326488
0.2466352356572557
0.2418077298647208
0.2401206022919956
0.2378603399053603
0.2360830856737902
0.2276475083975543
0.2260592256374564
0.2239313888697114
0.22225825734845
0.2167517504890464
0.21523949775674
0.2132135114143617
0.2116204642642624
0.245629267682147
0.2437107953803553
0.2411478133925769
0.2391379188628722
0.235120177246599
0.2332838272373432
0.2308305678570448
0.2289067245533649
0.2213517606289838
0.2196229920849332
0.2173134459061442
0.215502291437181
0.2107573562864314
0.2091113332737494
0.2069123276553031
0.2051878531343238
0.2050973151537751
0.2034954847649693
0.2013555206046699
0.199677354411396
0.1944510834097864
0.1929324676376463
0.1909036996211486
0.1893127548081856
0.180514716172251
0.1791051639443368
0.1772221137339579
0.1757454482754391
0.1698005939024524
0.1684748783318905
0.1667038063626336
0.1653149334083286
0.2109307771934131
0.2094591230118391
0.2074875281892817
0.2059372499465902
0.1999815811261964
0.1985863474856051
0.1967171469756841
0.1952473897373262
0.1856482078787509
0.184353114454016
0.1826180857728895
0.1812538436245637
0.1746287495440539
0.173410687419625
0.1717788563510109
0.1704957575000549
0.216255940965519
0.2149180263773167
0.2131195800905023
0.2117009464352767
0.2050302948636205
0.2037618330702502
0.202056744866956
0.2007117609971061
0.1903346387533872
0.1891571836555589
0.1875744466696623
0.1863259838783029
0.1790364581239169
0.1779290286218241
0.1764404238679629
0.1752662133475671
0.2589935833620469
0.2573912043417383
0.2552372711428623
0.2535382301197549
0.2479126134869182
0.2463788030130721
0.2443170233530422
0.2426906675192929
0.2333948048141991
0.2319508245791444
0.2300098056907244
0.2284787194133993
0.222223854615782
0.2208490155380355
0.2190009375099397
0.21754316469692
0.2647473949091152
0.2633089953595998
0.2613675441874636
0.2598302149843929
0.2534201427733805
0.2520433165176142
0.2501849678653674
0.2487134383612098
0.2385797044868657
0.2372835350015698
0.2355340503169336
0.234148723373019
0.2271605142602104
0.2259264063816936
0.2242606844483613
0.2229416782571202
0.2210600190016229
0.2198590508136859
0.2182380613673619
0.2169544838513885
0.2095849824445636
0.2084463610484313
0.2069095222619111
0.2056925755558645
0.1945626206882932
0.1935056630835578
0.1920790574613129
0.1909494081446393
0.1830130168960238
0.1820189051986167
0.1806771321049468
0.1796146651865982
0.1768464832170532
0.1758859416813948
0.174589475433555
0.1735628779722348
0.1652539103786926
0.1643564161773681
0.1631450408229066
0.1621858159791521
0.1500897538982331
0.149274699753156
0.1481745978298186
0.1473034900818755
0.1384397027226434
0.1376880139176828
0.1366734418324841
0.1358700535690401
0.1730041880453233
0.1719341385582206
0.1704957758999265
0.1693611960240514
0.1616637931512263
0.1606639698583683
0.1593199980532722
0.1582598693587737
0.1468294221920966
0.1459214508752441
0.1447009513999818
0.1437382172856795
0.1354328432970076
0.1345954592333705
0.1334698414721582
0.1325819540094342
0.1293509163957515
0.1285511853253319
0.1274761773503213
0.1266282086690141
0.1179217741264297
0.1171927212244855
0.116212701928695
0.1154396505383624
0.1029804417852449
0.1023437582247466
0.1014879099371061
0.1008128058141418
0.09150957168709788
0.09094387811712909
0.09018346540399823
0.08958365511285846
0.1322225102635187
0.1315046384445476
0.1305357077401947
0.1297684641462636
0.1205395058200843
0.1198851064550841
0.1190018383796077
0.1183024158756358
0.1052664565092189
0.1046949859605257
0.1039236468557015
0.1033128543206987
0.09354074521423089
0.09303297891551213
0.09234762447008732
0.0918049232029699
0.08728652822181468
0.08681277920566836
0.08617335134987976
0.08566700255337116
0.07554016882531785
0.07513019668041308
0.07457683508343155
0.07413864856012829
0.06019187575155718
0.05986505875558779
0.05942393110986603
0.05907461433043628
0.04841126342308362
0.04814827099318835
0.04779329346161366
0.04751220132200824
0.0421283181537736
0.04189942815125668
0.04159048569733425
0.0413458483247269
0.03033543456273372
0.03017063106511443
0.02994818952204725
0.02977204815231919
0.01494384541972014
0.01486268794576031
0.01475314259394148
0.01466640116067585
0.003144284361035372
0.003127215414691451
0.003104175021687821
0.003085928073974806
0.041212711704382
0.04095771753071801
0.04061494781455846
0.04034456601483557
0.02967618972789124
0.02949259559633725
0.02924581076291999
0.02905114619258261
0.01461919199922996
0.01452876999842857
0.0144072252524401
0.01431134440762712
0.003075997225505083
0.003056974046462954
0.003031399602786681
0.003011227644571133
0.08539145020762014
0.08486367359485804
0.0841542291316444
0.08359461789588345
0.07390017258025056
0.07344341589536042
0.07282942618370825
0.07234510252107787
0.0588845097809026
0.05852039509183812
0.05803092992603136
0.05764482400523374
0.04735922558672176
0.04706622610094193
0.0466723637036992
0.04636167811067635
0.08329080604123275
0.08271029160442385
0.08193256743942505
0.0813210235550908
0.07208216640594819
0.07157973473530713
0.07090660934837067
0.07037731655735532
0.05743520637499287
0.05703466190635562
0.05649803133782526
0.05607605994686894
0.04619300577876249
0.04587070131525498
0.0454389028479292
0.04509936932792583
0.04019777800241056
0.03991729254552519
0.03954152680148277
0.03924606256689555
0.02894546542574076
0.02874353518293104
0.02847300647907899
0.02826028603283592
0.01425929385092787
0.01415983660674675
0.01402658390156248
0.01392181081484369
0.003000276845111531
0.002979350876804204
0.002951314000962031
0.00292926715652025
0.0390859795446644
0.03878069173966756
0.0383728450960425
0.03805301028528908
0.02814503460000347
0.0279252414566256
0.02763161239316335
0.02740135030660669
0.01386504536418633
0.01375679031094538
0.01361216978437546
0.01349875104185359
0.002917321659142731
0.00289453927763775
0.002864101252699278
0.00284022909329442
0.08098969617263312
0.08035781397829062
0.07951364062649234
0.07885163536632574
0.07009054108691495
0.06954362463391922
0.06881295606089294
0.06823994677925956
0.0558474311199626
0.0554114009001985
0.05482886101186182
0.05437201613021757
0.04491541246954254
0.04456458413409743
0.04409588746640497
0.04372833219232578
0.1226810407599261
0.1217235606593988
0.1204444029414696
0.119441270164386
0.1118410920731094
0.1109681626558838
0.1098019558307031
0.1088873981717172
0.09767028014484488
0.09690800073579191
0.09588963060889205
0.09509101848767078
0.08679172058320787
0.08611446981362469
0.08520970719527531
0.08450019716480257
0.1261678569067176
0.1252882105465174
0.1241097392793297
0.1231830977323405
0.1150199658287986
0.1142180203660982
0.1131436300181604
0.1122988157312056
0.1004462969507457
0.09974596962282505
0.09880773172339247
0.09806998773866821
0.08925803150439773
0.0886358282924289
0.08780226603879754
0.08714683695320821
0.168745245017782
0.1675682838895269
0.16599151627184
0.1647517080187547
0.1576843371454191
0.1565846072829583
0.1551112907916574
0.1539528163891981
0.1432155586498098
0.142216860496297
0.1408789055041512
0.1398268727960121
0.1320999288301418
0.1311788796441185
0.1299449513673719
0.1289747120461632
0.1640799891626677
0.1627989657815712
0.1610875840768347
0.1597455099747323
0.1533251584288825
0.1521281597122849
0.1505290370455074
0.1492750044151859
0.1392568907609284
0.1381698968258216
0.1367177509826354
0.1355789930185973
0.1284490424671612
0.1274465452783922
0.1261072634967963
0.1250569941243475
0.1590196164593153
0.1576375651218658
0.1557956455796285
0.1543545215930804
0.1485967405026917
0.1473053845732649
0.1455843582268727
0.144237841766799
0.1349630795267322
0.1337904384657717
0.1322276286062633
0.1310048871703994
0.1244889340579258
0.1234073832143885
0.1219659378048415
0.1208381331940424
0.1535762143553016
0.1520964984632904
0.1501285413378972
0.1485919015212075
0.1435106334596931
0.142128086167895
0.1402893733162541
0.138853670799598
0.130344519261968
0.1290890342497394
0.1274192874570295
0.1261154881270222
0.1202290321104027
0.11907099515486
0.1175308145287607
0.1163281604897792
0.1148298368174569
0.1137237192583447
0.1122525881793452
0.1111038414603632
0.104683207794474
0.1036747948394421
0.1023336234458707
0.1012863771306238
0.0914199553381729
0.0905394680027486
0.08936846571774755
0.08845411798467975
0.08123876321001552
0.08045653778910633
0.07941621243989216
0.07860388805095704
0.118898698404
0.1178656638983254
0.1164888648011392
0.1154116303594812
0.1083927368143382
0.107450924782987
0.1061957092457828
0.1052136133000215
0.09465907162538705
0.09383667556684891
0.09274063197402525
0.09188308623108736
0.08411644208850104
0.08338579848448867
0.08241205557046936
0.08165020828642794
0.07849357237676807
0.07781185060844346
0.07690326948017273
0.07619239338113423
0.06793001692698214
0.0673399194924074
0.06655344931438208
0.06593808598787226
0.05412491678421286
0.05365444413213232
0.05302740024345915
0.05253678438931733
0.04352952908676949
0.04315102207465587
0.04264657113266962
0.04225187897602561
0.03788002186624818
0.0375506636144029
0.03711171787861028
0.0367682868369111
0.02727680833103042
0.02703969271833877
0.02672368044318799
0.02647642796929637
0.01343740734107329
0.01332061256651553
0.01316494351147511
0.01304314980105686
0.002827314812605803
0.002802718052518188
0.00276992476710348
0.00274426391718092
0.03658280529415663
0.0362301773787285
0.03576120173543759
0.0353950115787368
0.02634289521358071
0.02608902939958083
0.02575140060569844
0.02548777655791841
0.01297737597712918
0.01285233458434432
0.0126860415019726
0.01255619933389453
0.002730410999017852
0.002704083499152418
0.002669070177420772
0.0026417358246318
0.07580846036277894
0.07507853770750157
0.07410774305787839
0.07334969189460251
0.06560574049293681
0.06497386315271557
0.06413344550855309
0.06347717659200916
0.05227180818640763
0.05176802845810344
0.05109799359867574
0.05057478735358541
0.0420387205547776
0.04163345906118396
0.04109447650405784
0.04067362310863059
0.07294080826341905
0.07216438203717532
0.07113361323404441
0.07033014442979489
0.063123184821878
0.06245100256567967
0.06155861091634865
0.06086298598274634
0.05029257726647075
0.04975670750685875
0.04904530636405657
0.04849077585371044
0.04044662393799976
0.04001561183984162
0.03944344651597274
0.03899745573622802
0.03519750670288245
0.03482249445738398
0.03432466176209399
0.03393662072329191
0.02534558481771813
0.02507559423803882
0.02471718201948192
0.02443781334658646
0.01248617289481235
0.01235321808033566
0.01217671918468374
0.01203914222122062
0.002627009008737364
0.002599075618448195
0.002561992572480601
0.002533090370018272
0.03372755907410597
0.0333310438947413
0.03280552801462003
0.03239655604421652
0.02428729985131091
0.02400181799894991
0.02362344146326809
0.02332897320052509
0.01196502864665605
0.01182444944960598
0.01163811991881167
0.01149313172667877
0.002517528905429865
0.00248803244172115
0.002448946226349552
0.002418530643124033
0.06989725008831883
0.06907614859423117
0.06798783510984059
0.06714083973233748
0.06048820636230834
0.05977734505662992
0.0588351475321116
0.05810187503764767
0.04819201555620811
0.04762535018448907
0.04687429080887678
0.04628978699702502
0.0387571873557581
0.03830146096101248
0.0376974555563044
0.03722741775591431
0.1058721908451302
0.1046280191797559
0.1029790288986918
0.1016957702903431
0.09651732941574848
0.09538328401345568
0.09388030803944851
0.09271070828164941
0.08429053286941796
0.08330049926342585
0.08198835731257083
0.08096720977349711
0.07490451012508702
0.07402474158606218
0.07285866779813631
0.07195116637961839
0.1104842198945776
0.1093076469115353
0.1077456659285876
0.1065281482513069
0.1007215143264889
0.09964894765140417
0.09822508252511454
0.09711525066760628
0.08796095135741271
0.08702454099673471
0.08578144800750322
0.08481252993221861
0.07816573317310678
0.07733376056206362
0.07622926912681331
0.07536834399143585
0.1477630824015823
0.146189331401717
0.1441001594408095
0.1424717669886805
0.1380792973970772
0.1366089350236931
0.1346570320396411
0.133135644128975
0.125412252548548
0.1240769445027182
0.1223042617747508
0.1209224954138417
0.1156794640154561
0.1144476884187268
0.1128123959702542
0.1115377073284052
0.1415944704218364
0.1399305625713615
0.1377253861895212
0.1360093603992267
0.132315996355666
0.1307613992675181
0.1287010188120904
0.1270975830083348
0.120178042564425
0.1187660083246906
0.1168944645544715
0.1154379097734435
0.1108509243018827
0.1095482912041559
0.1078217710690945
0.1064781137235575
0.1769820539363915
0.1749017741691279
0.1721447678681365
0.1699992692961229
0.1677980724175683
0.1658259221076928
0.1632120895267415
0.1611778755602886
0.1557748860483556
0.153943989002298
0.1515173333734839
0.1496288257766866
0.1465304037261732
0.1448082640367048
0.1425258501472257
0.140749698800805
0.211954974203931
0.2094628613835421
0.2061599090623025
0.2035894394025946
0.2028869466649832
0.2005014239175086
0.1973397053159771
0.1948791497969005
0.1910062118189416
0.1887604526162418
0.1857840744277677
0.1834678777553077
0.1818649692412314
0.1797270040966098
0.176893608177207
0.174688729904022
0.2211934423025405
0.218836563102962
0.2157077092869807
0.2132689051392496
0.2117301958068367
0.2094741465000357
0.2064791557275448
0.2041446742293051
0.1993315786399646
0.1972076292198789
0.1943880212391356
0.1921902657561651
0.1897912519656352
0.1877690629824535
0.1850845899661161
0.1829922236131684
0.184694703093842
0.1827269718677073
0.1801148597295612
0.1780789041292307
0.175109420489076
0.1732441074400322
0.1707679112486845
0.1688378749703794
0.1625619874038607
0.1608304962571769
0.1585318779269425
0.1567401853386098
0.152914561929754
0.1512858482913294
0.1491236939423436
0.1474383824616893
0.1919632814175311
0.1901130771787277
0.1876523878268571
0.1857310265833131
0.1819998098496273
0.1802458487202906
0.1779131894828257
0.176091806177075
0.1689577209802275
0.1673297049868531
0.1651645191631547
0.1634738744797036
0.1589305182526425
0.1573991966209392
0.1553625811130867
0.1537723174736651
0.1987696848213274
0.1970415574771454
0.1947384280344215
0.1929364649662692
0.1884522706370057
0.1868139908059384
0.1846306210970169
0.1829223765479205
0.1749467716384897
0.1734261583812235
0.1713995993573242
0.1698140359002468
0.164563731126279
0.1631334898439075
0.1612273451754673
0.1597359687363617
0.2380508300658399
0.2359811059774438
0.2332227174625695
0.2310645575642623
0.2278661780226856
0.2258850622113044
0.2232447520803737
0.221178965051587
0.2145226921965234
0.2126576058966536
0.2101719142184871
0.2082270891092732
0.2042551362312668
0.2024793088551814
0.200112580878239
0.1982608455646725
0.2298990000856629
0.2276830525008638
0.224735921288586
0.2224346798025903
0.2200632884849971
0.2179421616639259
0.2151211196807945
0.2129183322762171
0.2071767391086349
0.2051798094760484
0.2025239474128066
0.2004501442934426
0.1972607725842087
0.1953594402217933
0.1928307370133186
0.1908562397641008
0.2672846239023939
0.2647082013589421
0.2612816284919589
0.2586060042127213
0.2576008878167056
0.2551177944444579
0.2518153386308177
0.2492366495070552
0.2449034013880591
0.2425427174304019
0.2394031010275206
0.2369515850979116
0.2351253873655916
0.2328590246538232
0.2298448474761091
0.2274912699600198
0.2767625839816528
0.274356123841812
0.2711490089675443
0.2686397837601381
0.2667352332623349
0.2644160729989653
0.2613252350255715
0.2589069468555011
0.2535875514478218
0.2513827074382997
0.2484441972367409
0.2461450882004095
0.243462726249789
0.2413459110523394
0.2385247436614939
0.236317466915487
0.3148141250163066
0.3120767320624488
0.3084284558949245
0.3055739769132099
0.3049680955040819
0.3023162076766603
0.2987818445474655
0.2960164891989365
0.292046769066118
0.2895071430815318
0.2861224967148033
0.2834743845541078
0.2820882123264153
0.2796353053076451
0.2763662946613527
0.273808684755726
0.304032319494527
0.3011012460576803
0.2972029023964091
0.2941588937868708
0.2945229793044137
0.2916835248175266
0.287907184615632
0.2849585451220447
0.2820442350793833
0.2793253013245047
0.2757093140641839
0.272885881531991
0.2724274256975754
0.269801403495268
0.2663089024646302
0.2635818235355012
0.2925170325606902
0.2893995151047691
0.285261054893388
0.2820354302981889
0.2833681566511113
0.2803483905607156
0.2763396711830479
0.2732151046113561
0.2713630072916557
0.2684713730675053
0.2646326284227185
0.2616404614367173
0.2621108965690308
0.259317861586962
0.2556099738320522
0.2527198177107264
0.257162820823655
0.2544224862467052
0.2507846084397526
0.2479490497161846
0.2478457657434516
0.245204756842189
0.2416987581582169
0.2389659956989053
0.2356293023491913
0.2331185496043966
0.2297854439973782
0.2271874241893664
0.226221805716095
0.2238113294793187
0.2206113359479825
0.2181170705014449
0.2464213699509968
0.2435238619098019
0.2396836351896857
0.2366950767134923
0.2374936967007041
0.2347012056994658
0.2310001233449604
0.2281198219041518
0.2257877102294062
0.2231328854314027
0.2196142715394603
0.216876003813616
0.2167732574765213
0.2142244748715353
0.2108464239405888
0.2082175567187838
0.2802976436714598
0.2770016563136363
0.2726332857036848
0.2692336566064
0.2715317198890058
0.2683388384351413
0.2641070487916296
0.2608137228792756
0.2600283851428271
0.2569707625597754
0.2529183058586593
0.2497646112000175
0.251162715092749
0.2482094019993853
0.2442952363863039
0.241249170365308
0.3135041009810333
0.3098173656829344
0.3049308394540794
0.3011278868609895
0.3049207344931244
0.3013346878520069
0.2965818151918747
0.2928830788995778
0.2936467121983858
0.2901933215907432
0.285616517122302
0.282054881701006
0.2849506158722996
0.2815997856347807
0.2771588549757855
0.2737028353848389
0.3271706117859229
0.323683950767379
0.3190554825394942
0.3154478025604552
0.3182133554365005
0.314822296740397
0.3103204764938819
0.3068113703860366
0.3064487823938158
0.303182853543022
0.2988470971963237
0.2954675054945847
0.2973734686467113
0.2942041077814153
0.2899967305800712
0.286717355614194
0.3610441265533395
0.3571955966807343
0.3520864905332758
0.3481040908750334
0.3522974934842619
0.348542115789912
0.34355671959088
0.3396708893319006
0.3407992686709963
0.3371665817339435
0.3323443518062216
0.3285858947044448
0.3319226885142864
0.3283850638403431
0.323689089919505
0.3200289566395485
0.3459585056848481
0.3418890582895912
0.3364958226298366
0.3322990002708686
0.3375774129357796
0.3336069543454372
0.3283450527918169
0.3242503742754483
0.3265610924628159
0.3227208266152694
0.3176312054397309
0.3136702825176398
0.3180570663858832
0.3143169611770428
0.3093597551764436
0.3055017236935356
0.3775867858516262
0.3731449396794062
0.3672582477905876
0.3626772685492807
0.3694291833543952
0.3650836647586218
0.3593244146717634
0.3548424057590768
0.3586960421508021
0.3544768692106955
0.3488848362661422
0.3445329315947404
0.3504020694697312
0.3462803433709581
0.3408176001135167
0.3365665285834367
0.4083128575110476
0.4035087955656887
0.3971419285092066
0.3921871338980172
0.4003977351437815
0.3956869646129241
0.389443561907719
0.3845848301359518
0.389972823400206
0.3853847872994404
0.3793041500595821
0.374572272819362
0.3819093047511239
0.3774163495039761
0.3714619034344007
0.3668283047767268
0.4261248681039237
0.4215802651806924
0.4155476314917926
0.4108458446340176
0.4178626999261299
0.4134067075427799
0.4074916767890718
0.402881453707464
0.4069817579182318
0.4026423145253824
0.3968817920572131
0.3923918202905486
0.3985660587488035
0.3943165460322074
0.3886752800135079
0.3842782287025786
0.3940547102802347
0.3898533215463461
0.3842759625895489
0.3799287973515095
0.3855401580101077
0.3814297339243105
0.3759732477477031
0.3717203713646169
0.3743373577781847
0.3703467926712153
0.365049439470301
0.3609205136301197
0.3656811993354631
0.361783212406584
0.3566085828003923
0.3525751561347519
0.4095742214464292
0.4056236227220187
0.4003697022567635
0.3962673757538542
0.4007236407476366
0.3968586605659355
0.3917184971056767
0.3877049461453034
0.3890786720741616
0.385326211791515
0.3803356957361539
0.3764390534023655
0.3800805154805232
0.3764150562685474
0.3715403173421026
0.3677341089464739
0.4429130702524368
0.4386395175619321
0.4329560566229585
0.4285183786128144
0.434324086490791
0.4301336788962127
0.4245608172518577
0.4202095601614819
0.4230124497201294
0.4189316086190117
0.413504556256476
0.4092671902384281
0.414263794854095
0.4102677477305281
0.4049534601106797
0.400804077326086
0.4586359958882666
0.454643679527174
0.4493233295503495
0.445160957275049
0.4497406469815642
0.4458261890387689
0.4406095427257016
0.43652822882014
0.4380258841313457
0.434213856042125
0.4291336190694985
0.4251589860910807
0.4289655291647859
0.4252326420609561
0.4202578562930288
0.416365745839401
0.4241088119698077
0.420418336719209
0.4155001008731901
0.4116522573066722
0.4149428971584092
0.4113324898861349
0.4065209747182404
0.4027566076356972
0.402883461274907
0.3993783521506092
0.3947071150257954
0.391052434020727
0.3935653230098031
0.3901414927724924
0.3855785255430491
0.3820085368349519
0.3885734592415464
0.3851931447430032
0.3806881893915189
0.3771636165144679
0.3791582984373823
0.3758601375660353
0.3714646963374876
0.3680258084636257
0.3667824553275154
0.3635922679330755
0.3593406413386853
0.3560141853572754
0.3572285729387656
0.3541215747533969
0.3499807257787845
0.3467408999742227
0.375260139310177
0.3716413660473474
0.3668287111076068
0.3630709395816722
0.3661686002652674
0.3626377435274585
0.3579418947193594
0.354275220501029
0.3542176597635061
0.3508020982194939
0.3462594944351908
0.3427124569430881
0.3449911582588004
0.3416645579746941
0.3372403503515923
0.3337858782463147
0.3400511222251861
0.336772253575669
0.3324116531713905
0.3290069391211608
0.3307396618696456
0.3275509622089194
0.3233103276869912
0.3199992390937337
0.3185113694446929
0.3154409435287959
0.3113573824839164
0.3081687194501849
0.3090795032151407
0.3060999385685013
0.302137070473634
0.2990425954427621
0.3521133863357609
0.3490508309458187
0.3449692288928843
0.3417757913086817
0.3424708807221153
0.3394922731163094
0.335522658920158
0.3324169322100147
0.3298072303633007
0.3269391272052979
0.3231168408885076
0.320126389860469
0.3200400971075356
0.3172572174734195
0.3135484325906098
0.310646675203876
0.3633269265401951
0.3604882131151022
0.3566958817710473
0.3537219228736979
0.3533772865577174
0.3506163509443877
0.3469278733661607
0.3440353541757469
0.3403097174843251
0.33765094816417
0.3340990346612259
0.3313136935907578
0.3302305011518087
0.3276506890585052
0.3242043266112382
0.3215017836044215
0.4009513591171169
0.3978177898210625
0.3936316365868375
0.390348937445435
0.3912354647558036
0.3881780325502275
0.3840935827667058
0.3808906377138175
0.3784641813622214
0.375506842771033
0.3715561268214084
0.3684580664455936
0.368605167217409
0.3657251168372049
0.3618776205169359
0.3588604567440219
0.412363771931294
0.409484572841693
0.4056273764207342
0.4025945172953181
0.4023705868691347
0.3995613433859326
0.3957978610052663
0.3928386943654831
0.3892348133156291
0.3865175090622597
0.3828772176607295
0.3800149260710674
0.3790943093617326
0.3764480151787176
0.3729028675111936
0.3701153840768427
0.3736653383796173
0.371057089052837
0.3675628937365931
0.3648154554567734
0.363432042676637
0.360895405082771
0.3574970946025416
0.3548250077269847
0.3499923829937927
0.3475496436317195
0.3442770918915031
0.3417038750704496
0.3396259931272888
0.3372556712065523
0.3340801585225509
0.3315832800158156
0.3831040418744115
0.3807325295721637
0.3775447950487761
0.3750303667880665
0.3726113837783854
0.370305047213368
0.3672049180616224
0.3647595772778159
0.3588315810515263
0.3566107553551695
0.3536255196043451
0.3512707610432091
0.3482031647694872
0.3460481885151392
0.3431514451696133
0.3408664782386155
0.3916198223983383
0.389490923179789
0.3866175176160243
0.384342257616228
0.380893240630774
0.3788228087809459
0.3760283323402198
0.3738155774678351
0.3668062381005219
0.3648126120385203
0.3621217973145912
0.3599911161183779
0.3559411605504902
0.3540067264181321
0.3513957750373656
0.3493283087342568
0.4321833513152967
0.4298332358485958
0.4266613007802347
0.424149679001504
0.4217081885136695
0.4194152620797144
0.4163205005232361
0.4138699750192912
0.4079393812312546
0.4057215576869847
0.4027281417806319
0.4003578506740737
0.3973104105164161
0.3951505128186539
0.3922352680260037
0.3899268713051229
0.4227828440773952
0.420165012044973
0.4166461864826731
0.4138705912701655
0.4125363838181171
0.4099822090911986
0.4065489269932956
0.4038407905141524
0.3990679164423085
0.3965973440017297
0.3932764247159112
0.3906569082033303
0.388670618981582
0.3862645508359094
0.3830303449871512
0.3804792487186085
0.4614602422484453
0.4586016832532732
0.4547593359622478
0.4517286077767641
0.4514831720257654
0.4486867396456434
0.4449279053300387
0.4419630490879433
0.4383571766852007
0.435642469815769
0.4319934686255464
0.4291152307885212
0.4282155607070047
0.4255639526488339
0.4219997422641781
0.4191883603196592
0.4717253369591832
0.4691590633973023
0.4656953856598568
0.4629527750922858
0.4615252553622783
0.4590147189745634
0.45562629072477
0.4529432716221491
0.4481057375391581
0.4456685762641543
0.4423791896921579
0.4397745982342385
0.4377374219958399
0.4353569543776033
0.4321440674037429
0.4296000326557897
0.5101468369545473
0.5073712219592094
0.503624830863907
0.500658234617799
0.5002492672163863
0.4975273881929954
0.4938536055518793
0.4909445636783092
0.4872129732342592
0.4845621206723322
0.4809842631387363
0.4781512214674576
0.4771300934317125
0.4745342957233906
0.4710307647447621
0.4682565907329707
0.4990437695339457
0.4959516166706031
0.4917951411222334
0.4885165294319014
0.4893614375219351
0.4863293300336032
0.482253626928074
0.4790387798259916
0.4766094685489601
0.4736566278432191
0.4696875267099363
0.4665568018139002
0.466746878825093
0.4638554143253178
0.4599688280752219
0.4569032012796788
0.4867366193233535
0.4833356012379035
0.4787793667560839
0.4751969161728401
0.4772935041638953
0.4739586981529551
0.4694912258628391
0.4659786065468058
0.4648572071209847
0.4616097039313121
0.4572592138782897
0.4538385892045294
0.4552389519005425
0.4520589927688045
0.4477989940994603
0.4444495144502287
0.4500833041360439
0.446939550634904
0.4427280570500704
0.439416709140422
0.4403535042132555
0.4372780693613718
0.4331580779498034
0.4299186539012924
0.4275527010133115
0.4245670770190643
0.4205673548214086
0.4174224554562429
0.4176621162728763
0.4147458106722122
0.4108389184022491
0.4077669869230341
0.4376226988245631
0.4342014883037405
0.4296311418010206
0.426047208553992
0.4281635987320961
0.4248166428951141
0.4203454487335191
0.4168392500764062
0.4157185961448849
0.4124692534731312
0.408128447414578
0.40472450250894
0.4061026563399499
0.4029287083861965
0.3986886275995495
0.3953636571039253
0.47325601998326
0.4695546988380109
0.4646102189673022
0.4607329837288311
0.464075553816684
0.4604464063998022
0.4555983509920328
0.4517967347570757
0.4519853789659977
0.448451286127282
0.4437302081684163
0.4400281415354338
0.4426348473473933
0.4391742553838955
0.4345513342076519
0.4309261992597067
0.5077620481252373
0.503790544851506
0.4984847106189834
0.4943237994575049
0.4988848784280058
0.4949826128189108
0.489769394304499
0.4856812340736556
0.487179994786427
0.4833693154837937
0.4782786375615844
0.4742867102207652
0.4781172819566734
0.4743777419268967
0.4693821930036048
0.4654649107661638
0.5410385356485798
0.5368086629905321
0.5311572606079252
0.5267250636578887
0.5324913732908896
0.5283276471005078
0.5227647534366044
0.5184020779712837
0.5212070702905782
0.5171309118854457
0.51168517427056
0.5074144692634402
0.5124587158110517
0.5084506290606587
0.5030958991438583
0.4988966072962723
0.556439841123583
0.5525547836348634
0.547349578990331
0.5432563631497094
0.5476519219949767
0.5438276551944253
0.5387038168157298
0.5346745496606652
0.5360496520069455
0.5323055372219969
0.5272891073203786
0.5233443865463203
0.5270541909091063
0.5233722842236649
0.5184393270660091
0.5145603612127272
0.5222245310818214
0.5185761068876413
0.5136880913730214
0.5098445108571781
0.5130956108981274
0.5095106223452579
0.5047076841323661
0.5009310551033702
0.5010579483106832
0.4975568206333421
0.4928663300682062
0.489178195748085
0.4917368118164089
0.4883007934573155
0.4836976147728353
0.4800782125602118
0.5354247984894245
0.5321086010578616
0.5276505903100973
0.524133831701689
0.5260670917934028
0.5228082786052645
0.5184274899747026
0.5149717439914716
0.5137267232280419
0.5105438225423174
0.5062652334165678
0.5028902182369118
0.5041703950010078
0.501046506181286
0.4968473394285342
0.4935350264611099
0.5473307168176781
0.5443545850462265
0.5403373720520144
0.5371561460300354
0.5377670404422981
0.5348424073134753
0.5308946881393765
0.5277684898604739
0.5251547014181129
0.5222979979551652
0.5184420164865087
0.515388525054847
0.5153871193014748
0.5125831435382655
0.5087984128183584
0.5058014185087357
0.5831758819592374
0.5800063359477583
0.5757281419152185
0.5723403136413726
0.5739688071759024
0.5708490142101983
0.566637927211776
0.5633032214544081
0.5618138048369816
0.5587595856871757
0.5546369978953657
0.5513723636458663
0.5523901721479973
0.5493867663623393
0.5453327569595462
0.5421224120593567
0.5704965489079464
0.5669650944961904
0.5622178299760632
0.5584729653122933
0.5614883641772016
0.5580122688435657
0.5533394042293586
0.5496532066161545
0.549595637998451
0.5461925680081453
0.5416178225216876
0.5380089723870136
0.5403752244850282
0.5370287012678641
0.5325299278217606
0.5289809852559696
0.604181538794532
0.6004423282570459
0.5954159749842102
0.5914511143320841
0.595541385160651
0.5918555894326799
0.5869010102457494
0.5829927210844543
0.5841218689976505
0.5805065607855513
0.5756466405786932
0.5718129453231704
0.5752586409338384
0.5716979103599689
0.5669112998847773
0.5631354002492076
0.617607503708737
0.6142512752228675
0.6097211110623817
0.6061338186595809
0.6087757924151533
0.6054673833122787
0.6010018448784324
0.5974657763057372
0.5971028744536234
0.5938578104496236
0.589477796610913
0.5860094330267372
0.5880432550425164
0.5848473484307497
0.5805336238767727
0.5771176929066628
0.6505436693477655
0.6470095723452034
0.6422392591314002
0.6384617236668316
0.6421100846558676
0.6386215106493535
0.633912670405403
0.6301838252934898
0.6309478042324085
0.6275195140832286
0.6228920464584794
0.6192276425940665
0.6222725795865506
0.6188911496010359
0.6143269404201981
0.6107126478486877
0.6364058756610197
0.6324682407152594
0.6271749885638045
0.6229994235821941
0.6281544809209884
0.6242675838425514
0.6190425132598224
0.6149207263862372
0.6172333620360291
0.6134136317044266
0.6082789049655415
0.6042284801100914
0.6087456565718765
0.6049782370019769
0.5999139296972277
0.5959191241864753
0.620732459213724
0.6164005454621907
0.6105966957793371
0.6060328992426897
0.6126829742116405
0.6084069146870688
0.6026780712154303
0.598173379960877
0.6020295021396415
0.5978276489196369
0.592198337791739
0.5877719512221713
0.5937503671538955
0.5896062547850257
0.5840542744300059
0.5796886126079792
0.5892986073073528
0.5851855178174937
0.5796750248464599
0.5753419366021503
0.5808709038093901
0.5768164113944972
0.5713843460964841
0.5671128847038762
0.5697316010551028
0.5657544205870604
0.5604258779741678
0.5562357765080016
0.5610854238620427
0.5571681759852123
0.5519198919915946
0.5477928455816712
0.5729942174329008
0.5685167890452554
0.5625348644202012
0.5578435185195008
0.5647985480389685
0.5603847505708192
0.5544877504543508
0.5498629218623434
0.5539655016478849
0.5496356627636759
0.5438507061025464
0.5393136760606747
0.5455567078192758
0.5412919221704323
0.5355938361052011
0.531124962261756
0.6035602043465541
0.5988445604090505
0.592544710206136
0.5876043511311714
0.5957327518208011
0.5910782699695214
0.5848600838810138
0.5799836689781446
0.5853737314467669
0.5808000473428502
0.5746896411844825
0.5698976237367848
0.5773232584891992
0.572812198080032
0.5667853676172191
0.5620588316572273
0.5849322545035316
0.5798446951290248
0.5730640195247513
0.5677584899859384
0.577346107477417
0.572324234036113
0.5656309753847006
0.5603937571395988
0.5673056744716447
0.5623705775416736
0.5557928365977745
0.5506459105912977
0.559502277717033
0.5546345229283287
0.5481464471448866
0.5430696238208871
0.5648929826520106
0.5594447638243628
0.5521980774678774
0.546538977231834
0.5575651133131787
0.5521869329774186
0.5450333640497271
0.5394469899371553
0.5478660032027834
0.5425804660909732
0.5355501470318208
0.5300600915813646
0.5403275660747104
0.5351140349767387
0.5281795861059565
0.5227644626135876
0.5362736428393811
0.5310988682830292
0.5242160303378165
0.5188412287663841
0.5285985901001536
0.5234972780563416
0.5167122084693753
0.5114137902416157
0.5184536476331124
0.5134495511237556
0.5067938596292508
0.5015965943667587
0.5105793262470461
0.5056507786188709
0.4990957061837046
0.4939771744949368
0.5553059844984415
0.5504744015632663
0.5440344882507643
0.5389953417250549
0.5473613347959986
0.5425981591217246
0.5362494205364234
0.5312816785387058
0.5368595640254384
0.5321868314875716
0.5259587842586643
0.5210856110273578
0.5287077455385664
0.524105354987342
0.5179711950269487
0.5131715627769602
0.5243277163597467
0.5197631928660115
0.5136795534637512
0.5089194575438144
0.5160423721174869
0.5115495393353809
0.5055614991784818
0.5008762613034997
0.5051045300206074
0.5007064784524212
0.4948448859675924
0.4902587486325214
0.4966253081428007
0.4923008999406006
0.4865376384475364
0.4820285873032928
0.4920732800954281
0.4877885035791154
0.4820781732110361
0.4776106028720564
0.4834701136045804
0.4792604344510075
0.4736503266860599
0.4692612450632225
0.4721276833378589
0.4680172358762779
0.462539449583925
0.458253933439798
0.4633462635471047
0.4593127025681213
0.4539373944786578
0.4497320490278932
0.4751978856461078
0.4706110468414138
0.4645111738376
0.4597485993447825
0.4668909342925724
0.4623847536753504
0.4563922038707194
0.4517134044356503
0.4559395647320004
0.4515397395340836
0.4456885398507512
0.4411199716861797
0.4474609726219006
0.4431433881149635
0.4374014214382152
0.4329180523311585
0.5063485707562728
0.5014606608496825
0.4949597538005511
0.4898836155102854
0.4983458379357462
0.4935349760753982
0.4871367617797133
0.4821409549515105
0.4877819230281724
0.4830731050127355
0.4768108340992004
0.4719213295996446
0.4795934526548121
0.4749639598075819
0.4688073122857617
0.464000368527383
0.4871457151484324
0.4819470842095184
0.4750460758391108
0.4696674370535133
0.4794464193963207
0.4743302212152269
0.4675388626614091
0.462245834005
0.4692841759633812
0.4642770676090267
0.4576306718754065
0.4524506206378168
0.4614077797326574
0.4564853135332119
0.4499512075655961
0.4448585282900899
0.4571799512654325
0.4523028950699313
0.4458289403027218
0.4407830363639063
0.4491899136102726
0.444398478392398
0.4380380009327738
0.4330804704790637
0.4386558714993217
0.4339771214444369
0.4277661978154661
0.4229253162878439
0.4304998817085814
0.4259083935794242
0.4198134285707465
0.4150630384844812
0.4380645689557829
0.4329085668318317
0.4260752863733288
0.4207578376686149
0.4304096057475609
0.4253439946393414
0.4186307424909708
0.4134068553839181
0.4203173565073492
0.4153712022744847
0.4088163988614783
0.4037157382913453
0.4125038742308223
0.4076502616046043
0.4012179287377406
0.3962123294246511
0.4667698300496401
0.4612744731307266
0.4539920126454497
0.448325182762643
0.4593943896228855
0.4539865146366194
0.4468197515297229
0.4412427161658301
0.4496599978154445
0.4443672678535953
0.4373527684649123
0.4318940710594422
0.4421148999494958
0.4369111786749439
0.4300145627279041
0.4246476890349051
0.4943613370722794
0.488539782037894
0.4808242366842756
0.4748200378213077
0.4872833080185737
0.4815451063394793
0.4739402598977665
0.4680224826827213
0.4779289401711057
0.4723012238679346
0.4648432169022434
0.459039953013905
0.4706695878684045
0.4651279093743095
0.4577841004716136
0.4520696624957234
0.5159420339138469
0.5104367070243327
0.5031277974825772
0.4974306867389112
0.5085558083510943
0.5031288797229008
0.4959243257980965
0.4903087225934747
0.4987932516213353
0.4934702610685049
0.4864039414690224
0.4808962117177503
0.4912163789258716
0.4859742551538804
0.4790154181962811
0.4735915927081428
0.5434863623701686
0.5376896638006333
0.5299936092574334
0.5239942449730562
0.5364336294759724
0.5307114919468163
0.523114423659657
0.5171922238301199
0.5270987214024881
0.5214752937636421
0.5140093189912264
0.5081894326759989
0.5198435249047819
0.514296875786717
0.5069329628569937
0.5011928392762778
0.5207617865792786
0.5146303249648501
0.5065032355178265
0.5001783020434502
0.5140013468731019
0.5079489407388991
0.4999270082891449
0.4936841523910025
0.50505377535899
0.499106387542809
0.4912239847185144
0.4850898158784929
0.4981002705534806
0.4922347096829464
0.4844608331650031
0.4784111550731596
