FiniteElementSpace
FiniteElementCollection: L2_2D_P3
VDim: 1
Ordering: 0

1.0077048e+17
1.00824e+17
1.0094805e+17
1.0106633e+17
1.0077048e+17
1.00824e+17
1.0094805e+17
1.0106633e+17
1.0077048e+17
1.00824e+17
1.0094805e+17
1.0106633e+17
1.0077048e+17
1.00824e+17
1.0094805e+17
1.0106633e+17
1.0118957e+17
1.0138448e+17
1.0187275e+17
1.0227544e+17
1.0118957e+17
1.0138449e+17
1.0187275e+17
1.0227546e+17
1.0118957e+17
1.0138449e+17
1.0187274e+17
1.0227548e+17
1.0118957e+17
1.0138449e+17
1.0187274e+17
1.0227548e+17
1.0118938e+17
1.0138461e+17
1.018723e+17
1.0227789e+17
1.0118938e+17
1.0138461e+17
1.018723e+17
1.0227788e+17
1.0118939e+17
1.013846e+17
1.0187232e+17
1.0227782e+17
1.0118938e+17
1.013846e+17
1.0187231e+17
1.0227785e+17
1.0205073e+17
1.051159e+17
1.0263372e+17
1.1881351e+17
1.0205073e+17
1.051159e+17
1.0263373e+17
1.1881351e+17
1.0205022e+17
1.0511693e+17
1.026316e+17
1.188214e+17
1.0205023e+17
1.051169e+17
1.0263166e+17
1.1882129e+17
