FiniteElementSpace
FiniteElementCollection: L2_2D_P4
VDim: 1
Ordering: 0

0.071947994
0.058098446
0.037784516
0.01744423
0.0035463602
0.070860505
0.057220288
0.037213403
0.01718056
0.0034927565
0.069226447
0.05590077
0.036355251
0.016784371
0.0034122117
0.067544025
0.054542199
0.035471701
0.016376456
0.0033292831
0.066367942
0.053592503
0.034854064
0.016091307
0.0032713128
0.1467492
0.13308144
0.11298962
0.092818892
0.07900656
0.1445311
0.13106993
0.11128179
0.091415948
0.077812386
0.14119819
0.12804743
0.10871562
0.08930789
0.076018024
0.13776664
0.12493548
0.10607349
0.087137441
0.074170554
0.13536784
0.1227601
0.10422654
0.08562021
0.072879096
0.15795844
0.14324668
0.12162016
0.099908705
0.085041337
0.15600869
0.14147852
0.12011895
0.098675493
0.08399164
0.15306198
0.13880626
0.11785014
0.096811704
0.082405203
0.15000833
0.13603703
0.11549899
0.094880283
0.080761197
0.14786271
0.13409124
0.11384696
0.093523181
0.079606045
0.077443628
0.062536226
0.040670644
0.018776683
0.0038172456
0.076487711
0.061764313
0.040168627
0.018544914
0.0037701275
0.075043006
0.060597699
0.039409914
0.018194636
0.0036989164
0.073545873
0.05938875
0.038623669
0.017831646
0.0036251214
0.072493922
0.058539288
0.038071219
0.017576594
0.0035732696
0.082193432
0.066371738
0.043165091
0.019928306
0.0040513676
0.081378289
0.065713503
0.042737004
0.019730669
0.0040111883
0.080136845
0.064711025
0.042085037
0.019429672
0.0039499962
0.078839417
0.06366334
0.041403668
0.019115102
0.003886045
0.077921723
0.062922293
0.040921724
0.0188926
0.0038408113
0.086151671
0.069568052
0.045243831
0.020888015
0.0042464736
0.085485153
0.069029832
0.044893797
0.020726412
0.0042136201
0.084458925
0.068201144
0.044354855
0.020477594
0.0041630361
0.083373692
0.067324809
0.043784926
0.02021447
0.0041095438
0.082599092
0.066699311
0.043378131
0.020026661
0.004071363
0.17572
0.15935394
0.13529562
0.11114281
0.094603694
0.17436052
0.15812108
0.13424889
0.11028295
0.093871786
0.17226735
0.15622286
0.13263726
0.10895903
0.092744878
0.17005383
0.15421551
0.13093297
0.10755899
0.091553177
0.1684739
0.15278273
0.1297165
0.10655969
0.090702583
0.16764648
0.15203238
0.12907944
0.10603635
0.090257126
0.16598386
0.15052461
0.12779931
0.10498475
0.089362013
0.16345172
0.14822831
0.12584969
0.10338318
0.087998775
0.16080539
0.14582846
0.12381216
0.10170939
0.086574061
0.1589336
0.14413101
0.12237098
0.10052549
0.085566336
0.2514854
0.23622929
0.21375097
0.19112327
0.17559355
0.24899132
0.2338865
0.21163111
0.18922782
0.17385211
0.24519289
0.2303185
0.20840261
0.18634108
0.17119993
0.24122316
0.22658959
0.20502851
0.18332416
0.16842816
0.23841531
0.22395206
0.20264195
0.18119024
0.16646763
0.26359637
0.24760556
0.22404476
0.20032739
0.18404979
0.26155704
0.24568994
0.22231141
0.19877753
0.18262587
0.2584171
0.24274048
0.2196426
0.19639123
0.18043347
0.25509663
0.23962144
0.21682035
0.19386774
0.17811502
0.25272659
0.23739518
0.21480593
0.19206656
0.17646019
0.34893402
0.33347236
0.31063602
0.28758271
0.27172361
0.34623445
0.33089241
0.30823275
0.2853578
0.2696214
0.34207795
0.32692011
0.30453248
0.28193214
0.26638465
0.33768247
0.32271941
0.30061946
0.27830952
0.2629618
0.33454514
0.31972111
0.29782649
0.27572382
0.26051869
0.33290211
0.31815089
0.2963638
0.27436969
0.25923923
0.32960058
0.31499566
0.29342465
0.27164865
0.25666826
0.32457242
0.31019031
0.28894838
0.26750458
0.25275271
0.31931752
0.30516827
0.28427025
0.26317363
0.2486606
0.31560064
0.30161609
0.28096132
0.26011027
0.24576617
0.31366424
0.29976549
0.27923746
0.25851434
0.24425824
0.30979255
0.29606536
0.27579071
0.25532339
0.24124326
0.30394115
0.29047325
0.27058155
0.25050081
0.23668662
0.29787742
0.28467821
0.26518336
0.24550323
0.23196464
0.29361677
0.28060636
0.26139035
0.24199171
0.22864676
0.23695248
0.22257798
0.20139862
0.18007852
0.16544624
0.23402768
0.2198306
0.19891266
0.17785572
0.16340406
0.22960733
0.2156784
0.19515555
0.17449634
0.16031766
0.22502657
0.21137553
0.1912621
0.17101505
0.15711925
0.22180793
0.20835214
0.1885264
0.16856895
0.15487192
0.22013757
0.2067831
0.18710666
0.1672995
0.15370563
0.2168102
0.20365758
0.18427853
0.16477077
0.15138237
0.2118105
0.19896117
0.180029
0.16097111
0.14789147
0.20666283
0.19412577
0.17565371
0.157059
0.14429725
0.2030644
0.19074562
0.1725952
0.15432429
0.14178475
0.29140564
0.2784932
0.2594219
0.24016935
0.22692489
0.28700107
0.2742838
0.25550076
0.2365392
0.22349493
0.28038278
0.26795878
0.24960887
0.23108456
0.21834109
0.27356862
0.26144655
0.2435426
0.22546848
0.21303471
0.26880524
0.25689424
0.23930202
0.22154261
0.20932533
0.35986747
0.34752125
0.32923855
0.31072591
0.29795846
0.35442805
0.34226846
0.32426213
0.30602931
0.29345484
0.34625482
0.33437566
0.31678458
0.29897222
0.28668772
0.33783971
0.32624927
0.30908573
0.29170627
0.27972033
0.33195722
0.32056861
0.30370392
0.28662708
0.27484984
0.3873557
0.3740664
0.3543871
0.33446029
0.32071759
0.38257436
0.3694491
0.35001272
0.33033189
0.31675883
0.37534819
0.36247083
0.34340159
0.32409253
0.31077585
0.36785978
0.35523935
0.33655058
0.31762677
0.30457577
0.3625981
0.35015819
0.33173676
0.31308364
0.30021931
0.4573166
0.44476498
0.42612425
0.40718579
0.39408878
0.45167175
0.43927505
0.4208644
0.40215969
0.38922433
0.44314052
0.43097796
0.41291504
0.3945636
0.38187256
0.4342997
0.42237977
0.40467719
0.38669186
0.37425399
0.42808774
0.4163383
0.39888891
0.38116082
0.36890085
0.42486394
0.41320298
0.39588499
0.37829039
0.36612275
0.41844213
0.40695741
0.38990117
0.37257251
0.36058878
0.40879273
0.39757284
0.3809099
0.36398083
0.35227347
0.39885773
0.38791051
0.37165252
0.35513489
0.34371207
0.39191276
0.38115614
0.36518123
0.34895122
0.33772732
0.48576831
0.47490493
0.4587186
0.44221179
0.43076135
0.47842596
0.46772678
0.45178511
0.43552778
0.4242504
0.46739339
0.45694094
0.44136686
0.4254844
0.41446707
0.45603429
0.44583585
0.43064025
0.41514376
0.40439418
0.44809381
0.43807294
0.4231419
0.40791523
0.39735281
0.54199401
0.53203292
0.51713418
0.50187407
0.49125106
0.53380193
0.52399139
0.50931779
0.4942883
0.48382584
0.52149253
0.51190817
0.49757288
0.48288993
0.47266874
0.50881874
0.49946726
0.48548032
0.47115421
0.46118144
0.49995921
0.49077054
0.47702713
0.46295047
0.45315134
0.58339272
0.5726708
0.55663414
0.5402086
0.52877431
0.57619177
0.5656022
0.54976349
0.53354067
0.5222475
0.56530878
0.55491923
0.53937966
0.52346322
0.51238332
0.55403087
0.54384857
0.52861899
0.51302004
0.50216115
0.5461065
0.53606983
0.52105805
0.50568218
0.49497858
0.52287284
0.51117976
0.49375712
0.47598948
0.46366445
0.51641886
0.50487009
0.48766247
0.47011414
0.45794124
0.50666475
0.49533408
0.47845146
0.46123458
0.4492916
0.49655665
0.48545201
0.46890619
0.45203279
0.44032807
0.48945423
0.47850842
0.46219927
0.44556721
0.43402989
0.55494151
0.54253137
0.52404032
0.50518307
0.49210215
0.54943802
0.53715095
0.51884326
0.50017299
0.48722179
0.54105633
0.52895668
0.51092823
0.49254275
0.4797891
0.53229664
0.52039285
0.50265624
0.48456839
0.47202122
0.52610074
0.5143355
0.49680531
0.47892798
0.46652686
0.61917322
0.60779366
0.59077339
0.57334043
0.56120489
0.61303271
0.60176601
0.58491454
0.56765448
0.5556393
0.60368085
0.59258603
0.57599165
0.5589949
0.54716301
0.59390725
0.58299207
0.56666638
0.54994481
0.53830446
0.58699423
0.57620611
0.56007045
0.54354351
0.53203865
0.64899093
0.63706331
0.61922333
0.6009508
0.58823082
0.64396999
0.63213465
0.61443271
0.59630155
0.58367999
0.63623933
0.62454609
0.60705666
0.58914318
0.57667314
0.62806419
0.61652121
0.59925653
0.58157323
0.56926343
0.62222908
0.61079335
0.59368908
0.57617007
0.56397464
0.58166579
0.56865802
0.54927657
0.52951133
0.51580055
0.57716575
0.56425862
0.54502711
0.52541477
0.51181005
0.57023711
0.55748493
0.53848427
0.51910734
0.50566591
0.5629101
0.55032177
0.53156523
0.51243724
0.49916851
0.55768034
0.54520896
0.52662666
0.50767636
0.49453088
0.50873897
0.49477606
0.47403938
0.4529715
0.43840189
0.50480309
0.49094819
0.47037194
0.44946705
0.43501015
0.49874306
0.48505448
0.46472523
0.44407129
0.42978793
0.4923346
0.4788219
0.45875385
0.43836529
0.42426546
0.48776046
0.4743733
0.45449169
0.43429255
0.42032371
0.48536498
0.47204356
0.45225959
0.43215965
0.41825941
0.48055143
0.46736212
0.44777436
0.42787374
0.41411134
0.4732205
0.46023239
0.44094343
0.42134639
0.40779393
0.46555897
0.45278113
0.43380446
0.41452468
0.40119162
0.46013983
0.44751073
0.42875493
0.40969955
0.39652169
0.4111134
0.39700907
0.37612279
0.35497374
0.34038809
0.4070362
0.39307174
0.3723926
0.3514533
0.33701231
0.40082672
0.38707528
0.36671159
0.34609174
0.33187108
0.3943372
0.3808084
0.3607744
0.34048841
0.326498
0.38974705
0.37637572
0.35657492
0.33652508
0.32269753
0.43091176
0.41612824
0.39423617
0.37206864
0.35678054
0.42757797
0.41290882
0.39118611
0.36919007
0.35402025
0.42244497
0.40795191
0.38648996
0.36475798
0.34977028
0.41701684
0.40270999
0.38152381
0.36007106
0.34527595
0.41314243
0.3989685
0.37797914
0.35672571
0.34206806
0.44656017
0.43123982
0.4085528
0.38558028
0.369737
0.44400187
0.42876929
0.40621223
0.38337132
0.3676188
0.43999478
0.42489967
0.40254617
0.37991139
0.36430103
0.4356803
0.4207332
0.39859888
0.37618604
0.36072876
0.43255894
0.41771892
0.39574317
0.3734909
0.35814436
0.45790793
0.44219829
0.41893479
0.39537854
0.37913267
0.45614977
0.44050045
0.41732626
0.39386046
0.37767695
0.45330718
0.43775537
0.41472559
0.39140601
0.37532335
0.45014789
0.43470447
0.41183518
0.38867812
0.37270755
0.44780963
0.43244642
0.40969593
0.38665914
0.37077153
0.54061057
0.52577302
0.50373734
0.48134964
0.46586728
0.5385349
0.52375431
0.50180322
0.47950148
0.46407857
0.53517894
0.52049045
0.49867614
0.47651336
0.46118656
0.53144911
0.51686297
0.49520068
0.47319235
0.45797236
0.52868857
0.51417819
0.4926284
0.47073439
0.45559346
0.52721345
0.51274355
0.49125389
0.46942096
0.45432228
0.52419314
0.50980613
0.48843956
0.46673171
0.45171952
0.51946238
0.50520519
0.48403144
0.46251949
0.44764278
0.51436871
0.5002513
0.47928516
0.45798415
0.44325331
0.51068364
0.49666736
0.47585141
0.454703
0.4400777
0.60278845
0.58930828
0.56922299
0.54874004
0.53453143
0.59933519
0.58593225
0.56596203
0.54559642
0.5314692
0.5939263
0.58064433
0.56085434
0.54067252
0.52667279
0.5881025
0.57495078
0.55535484
0.53537091
0.52150843
0.5838892
0.57083171
0.55137616
0.53153538
0.51777221
0.67255868
0.66019785
0.64170995
0.62277381
0.60959189
0.66870568
0.65641567
0.6380337
0.61920605
0.60609965
0.66267067
0.65049159
0.63227554
0.61361782
0.60062972
0.65617272
0.64411309
0.62607567
0.60760092
0.59474018
0.65147171
0.63949849
0.62159031
0.60324793
0.59047932
0.68964942
0.67697444
0.65801667
0.63859928
0.62508236
0.68700147
0.67437517
0.6554902
0.63614737
0.62268236
0.68272027
0.67017265
0.65140539
0.63218311
0.61880202
0.67796211
0.66550196
0.6468655
0.62777721
0.61448938
0.67444048
0.66204507
0.64350543
0.6245163
0.6112975
0.61810603
0.6042833
0.58368758
0.56268413
0.54811448
0.61573281
0.60196315
0.58144652
0.56052371
0.54601
0.61189578
0.59821193
0.57782316
0.55703074
0.54260747
0.60763127
0.5940428
0.57379613
0.55314862
0.53882587
0.60447502
0.59095713
0.57081564
0.55027538
0.53602702
0.62747099
0.61343882
0.59253105
0.57120935
0.55641896
0.62620067
0.61219691
0.59133147
0.57005294
0.5552925
0.62397245
0.61001852
0.58922733
0.56802452
0.5533166
0.62130833
0.60741398
0.58671156
0.56559928
0.55095416
0.61923951
0.60539143
0.58475795
0.56371598
0.54911961
0.70009849
0.68723144
0.6679864
0.64827478
0.63455304
0.69868111
0.68584012
0.66663405
0.64696233
0.63326838
0.69619495
0.68339966
0.66426194
0.64466023
0.63101501
0.69322242
0.68048177
0.66142577
0.64190776
0.62832081
0.69091412
0.67821589
0.65922336
0.63977035
0.62622865
0.70380521
0.69087004
0.6715231
0.65170709
0.63791269
0.70363206
0.69070007
0.67135789
0.65154675
0.63775575
0.7029649
0.69004517
0.67072133
0.65092898
0.63715106
0.70180664
0.6889082
0.6696162
0.64985647
0.63610125
0.7007339
0.68785518
0.66859267
0.64886315
0.63512895
0.63079315
0.61668667
0.5956682
0.57423361
0.55936491
0.63063796
0.61653496
0.59552165
0.57409234
0.5592273
0.63004002
0.61595039
0.59495701
0.57354802
0.55869707
0.62900192
0.61493551
0.59397672
0.57260301
0.55777653
0.62804048
0.61399557
0.59306882
0.57172777
0.55692396
0.55170698
0.53656491
0.51407698
0.4912298
0.47542967
0.55157125
0.5364329
0.51395051
0.49110895
0.47531271
0.55104828
0.53592428
0.5134632
0.4906433
0.47486203
0.55014034
0.53504127
0.51261719
0.48983488
0.47407961
0.54929945
0.53422345
0.51183364
0.48908615
0.47335496
0.54880136
0.53373903
0.51136952
0.48864266
0.47292574
0.54769031
0.53265847
0.51033425
0.48765339
0.47196829
0.54574147
0.53076311
0.50851832
0.48591815
0.47028886
0.54341137
0.52849696
0.50634712
0.48384345
0.46828089
0.54160194
0.52673718
0.5046611
0.48223235
0.4667216
0.46484579
0.44889814
0.42528219
0.40136905
0.38487704
0.4639047
0.44798934
0.42442119
0.40055646
0.38409784
0.46225397
0.44639523
0.42291095
0.39913113
0.38273107
0.4602803
0.44448927
0.42110525
0.39742696
0.38109693
0.45874765
0.44300921
0.41970305
0.3961036
0.37982794
0.46730695
0.45127486
0.42753388
0.40349414
0.38691481
0.46719198
0.45116384
0.4274287
0.40339488
0.38681963
0.46674901
0.45073606
0.42702343
0.40301239
0.38645285
0.46597995
0.4499934
0.42631983
0.40234835
0.3858161
0.46526769
0.44930556
0.42566818
0.40173334
0.38522636
0.37840557
0.36163794
0.33687269
0.3118722
0.29467361
0.37831247
0.36154896
0.33678981
0.31179547
0.29460112
0.37795376
0.36120615
0.33647048
0.31149983
0.29432179
0.37733101
0.360611
0.33591608
0.31098658
0.29383684
0.37675424
0.36005978
0.33540262
0.31051123
0.2933877
0.28585995
0.26851855
0.2429678
0.21724726
0.19959487
0.28578962
0.26845249
0.24290802
0.21719382
0.19954576
0.28551864
0.26819795
0.24267771
0.21698788
0.19935656
0.2850482
0.26775605
0.24227785
0.21663036
0.19902808
0.28461249
0.26734677
0.24190752
0.21629923
0.19872386
0.28435441
0.26710435
0.24168817
0.21610309
0.19854366
0.28377873
0.26656359
0.24119886
0.21566558
0.1981417
0.28276895
0.26561506
0.24034059
0.21489817
0.19743664
0.28156162
0.26448097
0.23931441
0.21398062
0.19659365
0.28062407
0.2636003
0.23851754
0.21326811
0.19593903
0.37641261
0.35973329
0.33509848
0.31022966
0.29312166
0.37565054
0.35900499
0.33442006
0.30960159
0.29252823
0.37431383
0.35772751
0.33323007
0.30849992
0.29148731
0.37271562
0.35620012
0.33180728
0.30718273
0.29024276
0.37147454
0.35501404
0.33070242
0.30615987
0.28927631
0.37079456
0.35436419
0.33009708
0.30559945
0.28874679
0.36937086
0.35300358
0.32882965
0.30442608
0.28763814
0.36706902
0.35080374
0.32678046
0.30252898
0.28584566
0.36451075
0.34835883
0.32450299
0.30042053
0.28385348
0.36261731
0.34654929
0.32281738
0.29886002
0.28237903
0.36160553
0.34558235
0.32191666
0.29802615
0.28159114
0.35953392
0.34360253
0.32007243
0.29631879
0.27997794
0.35628912
0.34050152
0.31718379
0.29364454
0.27745116
0.35279541
0.33716264
0.31407357
0.29076514
0.27473054
0.35026785
0.33474708
0.31182344
0.288682
0.27276228
0.27316877
0.25659726
0.23218087
0.20760222
0.19073352
0.27160381
0.25512725
0.23085073
0.20641289
0.18964083
0.26915261
0.25282474
0.22876731
0.20455002
0.18792932
0.26651337
0.25034561
0.22652407
0.20254425
0.18608653
0.26460398
0.24855205
0.22490118
0.20109315
0.18475334
0.2801104
0.26311779
0.23808094
0.21287772
0.19558037
0.2790349
0.26210754
0.23716682
0.21206037
0.19482943
0.27729603
0.26047416
0.23568886
0.21073886
0.1936153
0.27536344
0.2586588
0.23404624
0.20927013
0.19226591
0.27393309
0.25731522
0.2328305
0.20818309
0.19126719
0.18672873
0.16933733
0.14377175
0.11810579
0.1005305
0.18601177
0.16868715
0.14321973
0.11765232
0.10014451
0.1848526
0.16763593
0.14232722
0.11691914
0.099520437
0.18356427
0.1664676
0.14133529
0.11610428
0.09882684
0.18261076
0.1656029
0.14060113
0.11550119
0.098313492
0.18210124
0.16514083
0.14020883
0.11517892
0.098039181
0.181058
0.16419476
0.13940559
0.11451907
0.097477527
0.17942395
0.1627129
0.13814746
0.11348554
0.096597801
0.17766456
0.16111738
0.13679282
0.11237274
0.09565059
0.1763917
0.15996308
0.13581279
0.11156766
0.09496532
0.089280224
0.07209438
0.046886853
0.021646561
0.0044006832
0.08876875
0.071681361
0.046618242
0.02152255
0.0043754721
0.08796762
0.071034443
0.046197513
0.021328308
0.0043359836
0.087105036
0.070337901
0.045744509
0.021119166
0.0042934659
0.086480989
0.069833978
0.045416779
0.02096786
0.004262706
0.091548964
0.073926405
0.048078322
0.022196633
0.0045125103
0.091197458
0.073642561
0.047893723
0.022111408
0.0044951848
0.090629143
0.073183642
0.047595262
0.021973617
0.0044671726
0.089997512
0.072673595
0.04726355
0.021820473
0.0044360392
0.089530028
0.072296098
0.047018042
0.021707128
0.0044129963
0.092936042
0.075046482
0.048806772
0.022532938
0.00458088
0.09274789
0.074894548
0.04870796
0.02248732
0.004571606
0.092417861
0.074628047
0.048534639
0.022407302
0.0045553386
0.092023268
0.074309409
0.048327412
0.022311631
0.0045358887
0.091716849
0.074061973
0.04816649
0.022237338
0.0045207852
0.18955791
0.17190301
0.14595008
0.11989524
0.10205366
0.18917415
0.17155499
0.1456546
0.11965251
0.10184705
0.188501
0.17094453
0.1451363
0.11922674
0.10148464
0.18769616
0.17021465
0.14451662
0.11871768
0.10105134
0.18707116
0.16964787
0.1440354
0.11832238
0.10071486
0.19056153
0.17281316
0.14672282
0.12053004
0.10259399
0.19051465
0.17277064
0.14668672
0.12050038
0.10256875
0.19033402
0.17260683
0.14654764
0.12038613
0.1024715
0.19002041
0.17232243
0.14630618
0.12018777
0.10230266
0.18972995
0.17205903
0.14608254
0.12000406
0.10214629
0.093428098
0.075443822
0.049065186
0.022652239
0.0046051333
0.093405113
0.075425261
0.049053115
0.022646666
0.0046040004
0.093316549
0.075353745
0.049006603
0.022625194
0.0045996351
0.093162794
0.075229586
0.048925855
0.022587915
0.0045920566
0.093020391
0.075114594
0.048851069
0.022553389
0.0045850375
