FiniteElementSpace
FiniteElementCollection: L2_2D_P4
VDim: 1
Ordering: 0

1.145178212684996e+64
-2.183266467143027e+65
1.273726571646463e+65
2.199679050731379e+65
5.009272328588992e+64
-8.798834358508914e+63
-1.977525848817649e+65
1.94010098857691e+65
1.332152275723328e+65
-6.430992242680355e+64
-3.040825852019737e+64
-1.645525667641024e+65
2.369739376548203e+65
6.61346851537102e+63
-2.921722430534291e+64
-4.248039408765374e+64
-1.414159571564126e+65
2.456701104038099e+65
-6.338652477401379e+64
1.306390584674173e+65
-4.655503348938006e+64
-1.3330820876834e+65
2.421291822354091e+65
-6.868326460154626e+64
1.719192941756241e+65
