FiniteElementSpace
FiniteElementCollection: L2_2D_P3
VDim: 1
Ordering: 0

0.0022394594
0.0016134472
0.00079515141
0.00016732264
0.0021910577
0.0015785756
0.00077796562
0.00016370627
0.0021257563
0.0015315282
0.00075477932
0.00015882718
0.0020740994
0.0014943114
0.0007364378
0.00015496762
0.0046246743
0.0040065071
0.0031960918
0.0025724933
0.0045247206
0.003919914
0.0031270143
0.0025168937
0.0043898676
0.0038030864
0.003033818
0.0024418812
0.0042831916
0.0037106694
0.0029600947
0.0023825422
0.0049796169
0.0043140055
0.0034413911
0.0027699315
0.0048916161
0.0042377676
0.0033805742
0.0027209808
0.0047719961
0.0041341369
0.0032979053
0.0026544417
0.0046767082
0.0040515857
0.0032320522
0.0026014373
0.0024113374
0.0017372789
0.00085617914
0.00018016462
0.0023687238
0.0017065773
0.00084104848
0.00017698073
0.0023107988
0.0016648445
0.00082048134
0.00017265278
0.0022646563
0.0016316007
0.00080409795
0.00016920523
0.0025599929
0.0018443797
0.0009089613
0.00019127149
0.0025235777
0.0018181438
0.0008960315
0.00018855073
0.002473587
0.0017821274
0.00087828161
0.0001848156
0.0024334036
0.0017531768
0.00086401408
0.00018181329
0.0026839942
0.0019337179
0.00095298967
0.00020053633
0.0026541282
0.0019122006
0.00094238528
0.00019830489
0.0026125534
0.0018822475
0.00092762355
0.00019519856
0.0025787159
0.001857869
0.0009156092
0.00019267037
0.0055426764
0.0048018025
0.003830519
0.0030831356
0.0054810006
0.0047483707
0.0037878952
0.0030488282
0.005395145
0.0046739912
0.0037285608
0.0030010707
0.0053252678
0.0046134542
0.0036802689
0.0029622012
0.0052866031
0.0045799577
0.0036535479
0.0029406938
0.0052114027
0.0045148092
0.0036015772
0.0028988633
0.0051081678
0.0044253734
0.003530232
0.0028414384
0.0050251856
0.0043534832
0.0034728834
0.0027952793
0.0079623005
0.0072714285
0.006362949
0.0056617956
0.0078490391
0.0071679946
0.006272438
0.0055812582
0.0076935541
0.0070260007
0.0061481846
0.0054706967
0.0075685723
0.0069118633
0.0060483073
0.0053818253
0.0083479797
0.0076236431
0.0066711586
0.0059360426
0.0082550881
0.0075388115
0.0065969257
0.0058699896
0.0081257785
0.0074207219
0.00649359
0.0057780408
0.0080205344
0.0073246096
0.0064094858
0.0057032043
0.011072887
0.010372064
0.0094475513
0.0087317823
0.010949675
0.010256649
0.0093424243
0.00863462
0.010778156
0.010095987
0.0091960824
0.0084993653
0.010638559
0.0099652249
0.0090769759
0.0083892825
0.010561317
0.0098928714
0.0090110716
0.0083283713
0.010411085
0.0097521482
0.0088828917
0.0082099027
0.010204847
0.0095589638
0.0087069267
0.0080472692
0.01003907
0.0094036784
0.0085654827
0.0079165413
0.0099480347
0.0093184052
0.0084878103
0.0078447536
0.009772231
0.0091537285
0.008337812
0.0077061195
0.00953326
0.0089298825
0.0081339185
0.0075176734
0.0093428985
0.0087515693
0.0079714992
0.0073675593
0.0074999401
0.0068491861
0.0059934609
0.0053330226
0.0073673996
0.0067281459
0.0058875432
0.0052387762
0.0071872365
0.0065636151
0.0057435686
0.0051106667
0.0070437206
0.0064325518
0.0056288802
0.0050086162
0.006965351
0.0063609821
0.0055662523
0.0049528894
0.0068148079
0.0062235014
0.0054459481
0.004845842
0.0066117019
0.0060380185
0.0052836392
0.0047014184
0.0064510342
0.0058912916
0.005155244
0.0045871715
0.0092389478
0.0086541978
0.0078828069
0.0072855866
0.0090392651
0.0084671534
0.0077124346
0.0071281222
0.0087698621
0.0082148014
0.0074825761
0.0069156783
0.00855675
0.0080151775
0.0073007456
0.0067476238
0.011423568
0.010864068
0.010123446
0.0095481197
0.011176669
0.010629262
0.0099046462
0.0093417548
0.010843564
0.010312471
0.009609452
0.0090633367
0.01058006
0.010061873
0.0093759374
0.008843093
0.012300324
0.011697883
0.010900418
0.010280935
0.01208295
0.011491156
0.010707783
0.010099249
0.011787473
0.01121015
0.010445934
0.0098522808
0.011552099
0.010986304
0.010237348
0.009655549
0.014534155
0.013964704
0.013208048
0.012618106
0.014277305
0.013717917
0.012974633
0.012395117
0.013928166
0.013382458
0.01265735
0.012092005
0.013650046
0.013115235
0.012404606
0.01185055
0.013498174
0.012969313
0.01226659
0.011718699
0.013206436
0.012689005
0.012001471
0.011465421
0.012812836
0.012310827
0.011643784
0.01112371
0.012501478
0.012011668
0.011360834
0.010853398
0.015442784
0.014949655
0.014291601
0.013776421
0.015109017
0.014626546
0.013982714
0.013478669
0.014658714
0.014190622
0.013565979
0.013076956
0.0143025
0.013845783
0.013236319
0.01275918
0.017238673
0.016786024
0.016178976
0.015701469
0.016866091
0.016423226
0.015829297
0.015362111
0.01636342
0.015933754
0.015357527
0.014904264
0.015965781
0.015546556
0.014984331
0.014542083
0.018561736
0.018074347
0.017420707
0.016906552
0.018233709
0.017754933
0.017112845
0.016607776
0.017787821
0.017320753
0.016694366
0.016201648
0.017432631
0.01697489
0.016361011
0.015878131
0.016628014
0.016097037
0.015388477
0.014833758
0.01633416
0.015812567
0.015116529
0.014571613
0.015934723
0.015425885
0.014746868
0.014215277
0.015616537
0.015117859
0.014452401
0.013931424
0.017653107
0.017089396
0.016337155
0.015748237
0.017401997
0.016846304
0.016104764
0.015524223
0.017057273
0.016512589
0.015785737
0.015216697
0.016780178
0.016244342
0.015529298
0.014969502
0.01970604
0.019188604
0.018494669
0.017948817
0.019425727
0.018915652
0.018231588
0.0176935
0.019040915
0.018540943
0.01787043
0.017343002
0.018731595
0.018239746
0.017580125
0.017061265
0.020660565
0.020118065
0.019390517
0.018818224
0.020430665
0.019894202
0.01917475
0.018608826
0.020110634
0.019582575
0.018874392
0.018317333
0.019850164
0.019328944
0.018629933
0.018080089
0.018508191
0.017917175
0.017128496
0.016511053
0.018302242
0.017717803
0.0169379
0.016327327
0.018015552
0.017440267
0.016672581
0.016071573
0.017782217
0.017214383
0.01645664
0.015863415
0.016177573
0.015543733
0.014701519
0.014044871
0.015997558
0.015370771
0.014537929
0.013888588
0.015746969
0.01513
0.014310204
0.013671034
0.015543016
0.014934038
0.01412486
0.013493969
0.015430165
0.014825608
0.014022305
0.013395994
0.015210675
0.014614718
0.013822842
0.01320544
0.01490936
0.014325209
0.013549019
0.012943848
0.014667158
0.014092496
0.013328915
0.012733575
0.013058621
0.012419041
0.011572413
0.01091474
0.012872866
0.012242383
0.011407798
0.010759481
0.012617862
0.011999869
0.011181816
0.010546342
0.012412885
0.011804931
0.011000168
0.010375017
0.013691157
0.013020596
0.012132959
0.01144343
0.01353881
0.01287571
0.01199795
0.011316094
0.013326735
0.012674022
0.011810012
0.011138836
0.013154128
0.01250987
0.01165705
0.010994567
0.014191839
0.013496756
0.012576658
0.011861913
0.014074367
0.013385037
0.012472555
0.011763727
0.013907263
0.013226118
0.01232447
0.011624057
0.01376869
0.013094332
0.012201668
0.011508234
0.014555846
0.013842935
0.012899237
0.01216616
0.01447438
0.013765458
0.012827043
0.012098068
0.014353857
0.013650839
0.012720237
0.011997332
0.014250652
0.013552688
0.012628777
0.011911071
0.017199296
0.016525424
0.01563002
0.0149319
0.017103035
0.016432935
0.015542541
0.014848329
0.016960625
0.016296104
0.015413125
0.014724693
0.016838677
0.016178934
0.015302303
0.014618821
0.016769183
0.016112163
0.01523915
0.014558489
0.016630377
0.015978795
0.015113009
0.014437981
0.016432926
0.015789081
0.014933574
0.014266561
0.016269187
0.015631757
0.014784774
0.014124408
0.019185031
0.018572401
0.017754881
0.017114858
0.019026227
0.018418669
0.017607916
0.01697319
0.018800331
0.018199986
0.017398859
0.016771669
0.018613003
0.01801864
0.017225495
0.016604555
0.021416117
0.020853778
0.020099623
0.019506402
0.021238845
0.020681161
0.019933249
0.019344938
0.020986678
0.020435616
0.019696584
0.019115258
0.020777566
0.020231994
0.019500325
0.018924792
0.021965418
0.021388656
0.020615158
0.020006722
0.021842482
0.021268948
0.020499779
0.019894748
0.021660609
0.02109185
0.020329086
0.019729092
0.021504868
0.020940199
0.020182918
0.019587239
0.019677108
0.019048765
0.018210276
0.017553837
0.019566979
0.018942153
0.018108357
0.017455592
0.019404052
0.018784429
0.017957576
0.017310246
0.019264536
0.018649368
0.01782846
0.017185784
0.019979684
0.019341679
0.018490297
0.017823764
0.01991929
0.019283214
0.018434405
0.017769887
0.019820902
0.019187968
0.018343351
0.017682115
0.019730541
0.019100492
0.018259726
0.017601505
0.022303183
0.021717551
0.020932159
0.020314366
0.022235765
0.021651904
0.020868886
0.020252961
0.022125935
0.021544958
0.020765808
0.020152925
0.022025065
0.021446737
0.020671138
0.02006105
0.022426153
0.021837293
0.021047571
0.020426373
0.022414904
0.02182634
0.021037014
0.020416127
0.022378177
0.021790577
0.021002544
0.020382674
0.02233315
0.021746732
0.020960285
0.020341662
0.020089845
0.019448322
0.018592246
0.017922038
0.020079767
0.019438567
0.01858292
0.017913048
0.020046866
0.019406716
0.018552471
0.017883696
0.020006529
0.019367667
0.018515141
0.017847713
0.01756006
0.016872053
0.015957867
0.015245104
0.017551251
0.01686359
0.015949862
0.015237457
0.017522493
0.016835958
0.015923728
0.015212489
0.017487236
0.016802083
0.015891688
0.01518188
0.017463771
0.016779537
0.015870363
0.015161509
0.017410982
0.016728816
0.015822391
0.015115679
0.017324983
0.016646187
0.015744239
0.015041018
0.017246001
0.016570299
0.015672463
0.014972447
0.014779672
0.014055798
0.01309759
0.01235324
0.014734996
0.014013311
0.013057998
0.012315899
0.014662216
0.013944095
0.012993501
0.012255067
0.014595372
0.013880525
0.012934265
0.012199197
0.014861162
0.014133297
0.013169805
0.012421351
0.014853707
0.014126207
0.013163199
0.01241512
0.014829369
0.014103061
0.01314163
0.012394778
0.014799531
0.014074684
0.013115188
0.012369838
0.012019143
0.011258429
0.010254911
0.0094779741
0.012013114
0.011252782
0.010249767
0.0094732198
0.01199343
0.011234344
0.010232972
0.0094576975
0.011969298
0.011211739
0.010212382
0.0094386677
0.0090613728
0.0082751366
0.0072412557
0.006443319
0.0090568275
0.0082709857
0.0072376235
0.0064400869
0.0090419875
0.0082574334
0.0072257643
0.0064295345
0.0090237942
0.0082408186
0.0072112253
0.0064165977
0.0090116857
0.0082297607
0.0072015489
0.0064079876
0.0089844454
0.008204884
0.0071797803
0.0063886177
0.0089400684
0.0081643575
0.007144317
0.0063570622
0.0088993115
0.008127137
0.0071117469
0.006328081
0.011953237
0.011196695
0.010198679
0.0094260025
0.011917105
0.01116285
0.01016785
0.0093975099
0.011858243
0.011107713
0.010117628
0.0093510925
0.011804182
0.011057074
0.010071503
0.0093084619
0.011772215
0.01102713
0.010044228
0.0092832534
0.011706328
0.010965413
0.0099880124
0.0092312968
0.011608854
0.010874108
0.0099048461
0.0091544313
0.011525386
0.010795923
0.0098336295
0.0090886103
0.01147782
0.010751368
0.0097930458
0.0090511014
0.011382813
0.010662374
0.0097119842
0.0089761811
0.011247666
0.01053578
0.0095966749
0.0088696079
0.011135593
0.010430801
0.0095010529
0.0087812305
0.0086532632
0.0079024378
0.0069151212
0.0061531221
0.008581636
0.0078370256
0.0068578814
0.0061021899
0.0084797472
0.0077439774
0.0067764586
0.0060297393
0.0083952544
0.0076668159
0.0067089375
0.0059696585
0.0088752111
0.0081051277
0.0070924874
0.0063109438
0.0088255381
0.0080597648
0.007052792
0.0062756226
0.0087520513
0.0079926543
0.0069940662
0.0062233679
0.0086891234
0.0079351866
0.0069437784
0.0061786215
0.0058927339
0.0051050688
0.0040724423
0.0032778566
0.0058597533
0.0050764967
0.0040496497
0.0032595111
0.0058109615
0.0050342267
0.0040159298
0.0032323704
0.0057691803
0.0049980302
0.0039870549
0.0032091293
0.0057453707
0.0049774032
0.0039706002
0.0031958851
0.0056978135
0.0049362028
0.0039377336
0.0031694313
0.0056301641
0.0048775959
0.0038909814
0.003131801
0.0055740647
0.0048289952
0.0038522113
0.0031005954
0.0027821471
0.0020044335
0.00098784024
0.0002078699
0.002759118
0.0019878418
0.00097966338
0.00020614929
0.0027263594
0.0019642404
0.00096803196
0.00020370165
0.0026991937
0.0019446686
0.00095838649
0.00020167195
0.0028535066
0.0020558453
0.0010131773
0.00021320152
0.0028375361
0.0020443391
0.0010075067
0.0002120083
0.0028139091
0.0020273167
0.00099911763
0.00021024295
0.0027936767
0.0020127402
0.000991934
0.00020873131
0.0028973852
0.0020874582
0.001028757
0.00021647995
0.002888627
0.0020811482
0.0010256473
0.00021582558
0.0028743591
0.0020708687
0.0010205813
0.00021475951
0.0028612552
0.0020614278
0.0010159286
0.00021378044
0.0059833468
0.0051835698
0.0041350644
0.0033282603
0.0059652605
0.005167901
0.004122565
0.0033181997
0.0059357962
0.0051423751
0.0041022024
0.00330181
0.0059087355
0.0051189315
0.004083501
0.0032867575
0.0060163369
0.0052121501
0.0041578638
0.0033466112
0.006013319
0.0052095356
0.0041557781
0.0033449325
0.006003466
0.0052009996
0.0041489687
0.0033394516
0.0059913864
0.0051905347
0.0041406205
0.0033327323
0.0029133603
0.0020989677
0.0010344294
0.0002176736
0.0029118989
0.0020979148
0.0010339104
0.00021756435
0.0029071276
0.0020944772
0.0010322163
0.00021720778
0.0029012782
0.0020902631
0.0010301393
0.00021677081
