FiniteElementSpace
FiniteElementCollection: L2_2D_P3
VDim: 1
Ordering: 0

0.034149354
0.038320616
0.042086577
0.044078337
0.034854255
0.038978261
0.04266336
0.04457
0.035412452
0.039495731
0.043109021
0.044941095
0.035579811
0.039649837
0.043240256
0.045047255
0.028790751
0.033085016
0.037294144
0.039666533
0.03064588
0.034944519
0.039041135
0.041300217
0.032556523
0.036808218
0.04074243
0.042871219
0.033669851
0.037868285
0.041688369
0.043722309
0.0014926036
0.010378736
0.020052484
0.026063345
0.0017249396
0.011330437
0.021613953
0.027862798
0.0019830966
0.012373919
0.023285684
0.029743127
0.0021442618
0.013017879
0.024294983
0.030853762
0.0022165651
0.013304766
0.024739193
0.031335979
0.0023258563
0.013736687
0.025401272
0.032049243
0.0024157186
0.014089643
0.025936415
0.032618973
0.0024434036
0.014197885
0.026099179
0.032790693
