FiniteElementSpace
FiniteElementCollection: L2_2D_P3
VDim: 1
Ordering: 0

0.043652525
0.044980068
0.046667758
0.047926191
0.043740536
0.045070755
0.046761847
0.048022818
0.043812324
0.045144727
0.046838594
0.048101634
0.043834312
0.045167384
0.046862101
0.048125775
0.043050341
0.044359571
0.046023979
0.047265052
0.043247502
0.044562728
0.046234758
0.047481515
0.043462176
0.04478393
0.04646426
0.047717206
0.04359395
0.044919712
0.046605137
0.047861882
0.037772239
0.039184761
0.040989016
0.04234108
0.037945228
0.039364218
0.041176736
0.042534992
0.038133582
0.039559616
0.041381131
0.042746129
0.038249201
0.039679558
0.041506596
0.042875733
0.038300594
0.039732873
0.041562366
0.042933343
0.038377814
0.039812981
0.041646162
0.043019903
0.0384408
0.039878323
0.041714513
0.043090508
0.038460093
0.039898337
0.041735449
0.043112134
0.032579807
0.03410303
0.036056707
0.037527023
0.032645493
0.034171786
0.036129403
0.037602683
0.032699072
0.03422787
0.036188699
0.037664398
0.032715482
0.034245048
0.036206861
0.0376833
0.026545258
0.028144754
0.030203801
0.031759298
0.026598777
0.028201498
0.030264697
0.031823329
0.026642432
0.028247783
0.030314368
0.031875558
0.026655803
0.02826196
0.030329582
0.031891556
0.026179068
0.027756499
0.029787141
0.031321179
0.026298962
0.027883617
0.02992356
0.031464623
0.026429506
0.028022027
0.030072096
0.031620809
0.026509639
0.028106988
0.030163272
0.031716682
0.03213037
0.03363258
0.035559307
0.03700934
0.03227752
0.03378661
0.03572216
0.037178834
0.032437741
0.033954321
0.035899479
0.037363384
0.03253609
0.034057269
0.036008324
0.037476668
0.0313715
0.03283823
0.03471945
0.036135236
0.031598697
0.033076049
0.034970893
0.036396932
0.031864016
0.033353773
0.035264528
0.03670254
0.032043357
0.033541499
0.035463008
0.036909114
0.025560758
0.027100933
0.029083615
0.030581421
0.025745873
0.027297202
0.029294242
0.030802896
0.025962049
0.027526403
0.029540212
0.031061534
0.026108172
0.027681331
0.029706474
0.031236358
0.024696285
0.02618437
0.028099997
0.029547147
0.024944837
0.026447899
0.028382805
0.02984452
0.025244563
0.026765685
0.02872384
0.030203119
0.025455268
0.026989086
0.028963586
0.030455211
0.030310505
0.03172763
0.033545227
0.03491313
0.030615561
0.032046948
0.033882838
0.035264508
0.030983424
0.03243201
0.034289959
0.035688231
0.031242029
0.032702706
0.034576162
0.035986105
0.035632819
0.036965335
0.038667398
0.03994288
0.035991441
0.037337368
0.03905656
0.04034488
0.036423898
0.037785997
0.039525846
0.040829646
0.036727912
0.03810138
0.039855751
0.041170433
0.036880117
0.038259277
0.040020918
0.041341048
0.037147208
0.038536356
0.040310755
0.041640446
0.037459116
0.038859928
0.040649226
0.041990081
0.037669948
0.039078643
0.040878012
0.042226415
0.042033558
0.043311866
0.044936963
0.046148724
0.042337971
0.043625537
0.045262403
0.04648294
0.042693463
0.04399184
0.04564245
0.046873235
0.042933756
0.04423944
0.04589934
0.047137052
0.040611969
0.041847044
0.04341718
0.044587958
0.041020703
0.042268208
0.043854146
0.045036707
0.041513589
0.042776083
0.044381077
0.045577848
0.041860085
0.043133117
0.044751507
0.045958267
0.038799265
0.039979213
0.041479265
0.042597787
0.039308382
0.040503813
0.042023549
0.043156747
0.039933916
0.04114837
0.042692291
0.043843522
0.040383278
0.041611398
0.043172692
0.044336878
0.034042358
0.035315398
0.036941489
0.038160041
0.034489056
0.0357788
0.037426229
0.03866077
0.035037897
0.036348166
0.038021811
0.039275998
0.035432166
0.036757179
0.038449657
0.039717957
0.03212405
0.033325353
0.034859813
0.036009699
0.032654522
0.033875663
0.035435462
0.036604336
0.033314463
0.034560283
0.036151604
0.037344101
0.03379519
0.035058987
0.036673271
0.037882976
0.036612902
0.037726359
0.039141884
0.040197375
0.037217501
0.038349344
0.039788243
0.040861165
0.037969658
0.039124376
0.040592355
0.04168696
0.038517559
0.03968894
0.041178101
0.042288501
0.034073938
0.035110181
0.036427544
0.037409842
0.034768194
0.035825551
0.037169755
0.038172067
0.035639731
0.036723592
0.038101492
0.039128929
0.036280894
0.037384255
0.038786943
0.039832863
0.031206823
0.032155872
0.033362387
0.03426203
0.031984051
0.032956738
0.034193302
0.035115351
0.032966574
0.033969141
0.035243691
0.036194066
0.033694825
0.034719539
0.036022245
0.036993614
0.027380771
0.028404696
0.029712585
0.030692685
0.028062709
0.029112136
0.030452599
0.031457109
0.028924772
0.030006436
0.031388077
0.032423445
0.029563737
0.030669296
0.032081458
0.033139697
0.029896369
0.031014367
0.032442418
0.033512564
0.030505508
0.031646285
0.033103432
0.034195382
0.031270192
0.032439565
0.033933239
0.035052561
0.031832747
0.033023157
0.034543702
0.035683161
0.025430884
0.026619868
0.028144854
0.029292542
0.025949038
0.027162248
0.028718305
0.029889377
0.026599504
0.027843126
0.02943819
0.030638617
0.027078033
0.028344028
0.029967786
0.031189809
0.023291029
0.024379968
0.025776635
0.026827752
0.023871109
0.024987169
0.026418621
0.027495917
0.024604409
0.025754753
0.027230179
0.028340568
0.025147935
0.026323691
0.027831709
0.028966628
0.018976981
0.020120447
0.021592442
0.022704454
0.019449617
0.020621562
0.022130218
0.023269925
0.020047093
0.021255039
0.02281004
0.023984757
0.020489945
0.021724575
0.023313927
0.024514594
0.020720484
0.021969006
0.02357624
0.024790417
0.021142664
0.022416624
0.024056606
0.025295522
0.021672649
0.022978544
0.024659635
0.025929606
0.022062543
0.02339193
0.025103265
0.026396083
0.022264438
0.023605991
0.025332986
0.026637635
0.022632096
0.023995803
0.025751316
0.027077509
0.023089486
0.024480753
0.026271744
0.02762474
0.023422666
0.024834009
0.026650845
0.028023364
0.027325825
0.028603405
0.030242023
0.031475229
0.027777064
0.029075741
0.030741417
0.031994987
0.028338432
0.029663355
0.031362694
0.032641599
0.028747355
0.030091396
0.031815257
0.033112616
0.028957604
0.030311476
0.032047944
0.033354792
0.029337581
0.030709218
0.032468472
0.033792468
0.029804444
0.031197909
0.032985159
0.034330224
0.030139823
0.031548968
0.033356329
0.03471653
0.023593973
0.025015638
0.026845761
0.028228318
0.023903569
0.025343889
0.027198027
0.028598725
0.024283959
0.025747199
0.027630842
0.029053831
0.024557217
0.026036923
0.027941762
0.029380764
0.018003119
0.019478886
0.021385039
0.022829991
0.018239353
0.019734485
0.02166565
0.023129562
0.018529605
0.020048529
0.022010426
0.023497634
0.018738112
0.020274128
0.022258102
0.023762045
0.012238885
0.013754541
0.015718367
0.017211798
0.012399482
0.013935026
0.01592462
0.017437648
0.012596801
0.014156782
0.016178037
0.017715142
0.012738548
0.014316083
0.016360082
0.017914484
0.011549217
0.012979464
0.014832626
0.016241902
0.011739932
0.013193798
0.015077562
0.016510109
0.011977193
0.013460441
0.015382276
0.016843775
0.012150023
0.013654675
0.015604242
0.01708683
0.016988632
0.018381239
0.020179978
0.021543507
0.01726917
0.018684773
0.020513216
0.02189926
0.017618176
0.019062388
0.020927783
0.022341839
0.017872406
0.019337458
0.02122977
0.022664231
0.015810535
0.01710657
0.018780574
0.020049547
0.016132675
0.017455116
0.019163228
0.020458056
0.016537074
0.017892665
0.019643594
0.02097088
0.016834578
0.018214556
0.019996985
0.021348149
0.014480175
0.015667156
0.017200303
0.018362499
0.014840814
0.016057358
0.017628689
0.01881983
0.015296711
0.016550626
0.018170227
0.01939796
0.015634625
0.016916239
0.018571618
0.019826472
0.0098439162
0.011062981
0.012642514
0.013843703
0.010089086
0.011338513
0.012957385
0.014188491
0.010399014
0.011686822
0.013355425
0.014624349
0.010628734
0.011944991
0.013650454
0.01494741
0.010748322
0.012079388
0.013804041
0.015115588
0.010967319
0.012325506
0.014085298
0.015423569
0.011242238
0.01263447
0.014438375
0.015810192
0.011444488
0.012861766
0.014698123
0.01609462
0.0055825973
0.0069358757
0.008694567
0.010036059
0.0056963427
0.0070771942
0.0088717189
0.010240543
0.0058391333
0.0072545987
0.0090941073
0.010497244
0.00594418
0.00738511
0.0092577117
0.010686092
0.0051128556
0.0063522638
0.007962972
0.0091915853
0.0052401949
0.0065104715
0.0081612957
0.0094205085
0.0054011694
0.0067104678
0.0084120038
0.0097098986
0.0055204844
0.0068587059
0.0085978298
0.0099243957
0.00033255528
0.0015803708
0.0032067417
0.0044509474
0.00034083781
0.0016197311
0.003286608
0.0045618014
0.00035130806
0.0016694879
0.0033875699
0.0047019362
0.00035906868
0.0017063679
0.0034624034
0.0048058049
0.00036310867
0.0017255668
0.0035013601
0.0048598766
0.00037050697
0.0017607253
0.0035727003
0.0049588966
0.00037979449
0.0018048615
0.0036622574
0.0050832015
0.0003866271
0.0018373312
0.0037281419
0.005174649
0.00039016513
0.0018541447
0.0037622583
0.0052220024
0.00039660798
0.0018847627
0.0038243854
0.0053082346
0.00040462334
0.0019228533
0.0039016754
0.005415513
0.00041046214
0.0019506
0.0039579766
0.0054936588
0.0059985755
0.0074526915
0.0093424294
0.01078388
0.0060976315
0.0075757596
0.0094967031
0.010961957
0.0062208633
0.007728864
0.0096886292
0.011183495
0.0063106303
0.0078403913
0.0098284358
0.011344873
0.0063567844
0.0078977336
0.0099003181
0.011427846
0.006440197
0.0080013664
0.010030228
0.0115778
0.0065426831
0.008128696
0.010189844
0.011762044
0.0066163054
0.0082201651
0.010304507
0.011894398
0.00041346413
0.0019648661
0.0039869242
0.0055338378
0.00041888945
0.0019906488
0.0040392398
0.0056064519
0.00042555545
0.0020223269
0.0041035182
0.0056956702
0.00043034418
0.0020450835
0.0041496936
0.0057597615
0.00043278121
0.0020566649
0.0041731934
0.005792379
0.00043713679
0.0020773639
0.0042151939
0.0058506756
0.00044238921
0.0021023245
0.0042658418
0.0059209747
0.00044608173
0.0021198717
0.004301447
0.0059703945
0.00044793035
0.0021286568
0.0043192729
0.0059951367
0.00045117426
0.0021440728
0.0043505535
0.0060385542
0.00045496252
0.0021620755
0.0043870829
0.006089257
0.00045752327
0.0021742444
0.0044117749
0.0061235293
0.0068866837
0.0085560859
0.010725605
0.012380468
0.0069365581
0.0086180502
0.010803282
0.012470129
0.0069948009
0.0086904117
0.010893991
0.012574834
0.0070341698
0.008739324
0.010955306
0.012645609
0.0066537736
0.008266716
0.010362862
0.011961756
0.0067207397
0.0083499153
0.010467157
0.012082143
0.006801493
0.0084502441
0.010592926
0.012227317
0.0068582621
0.0085207747
0.01068134
0.012329373
0.012810687
0.014397155
0.01645273
0.018015934
0.012939618
0.014542053
0.016618316
0.018197253
0.013095095
0.014716784
0.016817994
0.018415903
0.013204394
0.014839618
0.016958366
0.018569613
0.018844226
0.020388941
0.022384149
0.02389661
0.019033881
0.020594142
0.022609431
0.024137114
0.019262584
0.020841592
0.022881096
0.024427134
0.01942336
0.021015548
0.023072075
0.024631017
0.019503853
0.021102639
0.023167688
0.024733091
0.019645103
0.021255468
0.023335472
0.024912212
0.019810053
0.02143394
0.023531409
0.025121388
0.01992155
0.021554577
0.023663851
0.025262779
0.013259115
0.014901115
0.017028644
0.018646568
0.013355139
0.015009031
0.017151968
0.018781609
0.013467276
0.015135055
0.017295985
0.018939309
0.013543074
0.01522024
0.017393332
0.019045905
0.01357985
0.01526157
0.017440563
0.019097624
0.013642042
0.015331465
0.017520437
0.019185087
0.013709759
0.015407568
0.017607406
0.019280319
0.013751327
0.015454283
0.017660791
0.019338775
0.019975647
0.021613108
0.02372811
0.025331379
0.020067131
0.021712091
0.023836779
0.025447391
0.020166741
0.021819866
0.023955101
0.025573708
0.020227885
0.021886023
0.024027732
0.025651246
0.020255065
0.02191543
0.024060016
0.025685712
0.020295902
0.021959615
0.024108525
0.025737498
0.020329212
0.021995655
0.024148092
0.025779739
0.020339415
0.022006694
0.024160212
0.025792678
0.013769803
0.015475048
0.01768452
0.01936476
0.013797565
0.015506248
0.017720175
0.019403802
0.01382021
0.015531697
0.017749258
0.019435648
0.013827146
0.015539492
0.017758166
0.019445402
0.0071519316
0.008885633
0.011138714
0.012857314
0.0071663509
0.0089035477
0.011161171
0.012883237
0.0071781129
0.0089181605
0.011179489
0.012904381
0.0071817155
0.0089226363
0.011185099
0.012910857
0.007053271
0.0087630555
0.010985055
0.012679948
0.0070855737
0.0088031888
0.011035365
0.01273802
0.0071207456
0.0088468868
0.011090143
0.012801249
0.007142335
0.00887371
0.011123767
0.012840062
0.00045876569
0.0021801485
0.0044237551
0.0061401576
0.00046086668
0.0021901332
0.0044440149
0.0061682784
0.00046315433
0.0022010044
0.0044660741
0.0061988969
0.00046455854
0.0022076775
0.0044796147
0.0062176912
0.00046518274
0.0022106439
0.0044856336
0.0062260453
0.00046612068
0.002215101
0.0044946774
0.0062385979
0.00046688573
0.0022187365
0.0045020544
0.0062488374
0.00046712008
0.0022198501
0.0045043139
0.0062519735
