FiniteElementSpace
FiniteElementCollection: L2_2D_P3
VDim: 1
Ordering: 0

0.033694825
0.032966574
0.031984051
0.031206822
0.034719539
0.033969141
0.032956738
0.032155873
0.036022245
0.035243692
0.034193306
0.033362392
0.036993614
0.036194068
0.035115358
0.03426204
0.036280894
0.035639731
0.034768194
0.034073937
0.037384254
0.036723592
0.03582555
0.035110181
0.038786942
0.038101492
0.037169755
0.036427543
0.039832863
0.039128929
0.038172067
0.037409841
0.031832747
0.031270192
0.030505508
0.029896369
0.033023156
0.032439564
0.031646285
0.031014367
0.034543701
0.033933238
0.033103432
0.032442418
0.03568316
0.03505256
0.034195382
0.033512563
0.029563737
0.028924772
0.028062709
0.027380771
0.030669295
0.030006436
0.029112135
0.028404695
0.032081458
0.031388077
0.030452598
0.029712584
0.033139697
0.032423444
0.031457108
0.030692684
0.025147935
0.024604409
0.023871109
0.023291029
0.026323691
0.025754753
0.024987168
0.024379967
0.027831709
0.027230179
0.026418621
0.025776635
0.028966628
0.028340568
0.027495916
0.026827751
0.020489945
0.020047093
0.019449617
0.018976981
0.021724575
0.021255039
0.020621562
0.020120447
0.023313927
0.02281004
0.022130218
0.021592442
0.024514594
0.023984757
0.023269924
0.022704453
0.022062543
0.021672649
0.021142664
0.020720484
0.023391931
0.022978544
0.022416625
0.021969006
0.025103265
0.024659635
0.024056606
0.02357624
0.026396083
0.025929606
0.025295522
0.024790417
0.027078033
0.026599504
0.025949038
0.025430883
0.028344028
0.027843126
0.027162248
0.026619868
0.029967786
0.029438189
0.028718305
0.028144854
0.031189809
0.030638616
0.029889377
0.029292542
0.028747354
0.028338432
0.027777064
0.027325825
0.030091396
0.029663355
0.029075741
0.028603405
0.031815257
0.031362694
0.030741417
0.030242023
0.033112616
0.032641598
0.031994987
0.031475228
0.023422666
0.023089486
0.022632096
0.022264438
0.024834009
0.024480753
0.023995803
0.023605991
0.026650845
0.026271744
0.025751316
0.025332986
0.028023364
0.02762474
0.027077509
0.026637635
0.024557217
0.024283958
0.023903569
0.023593973
0.026036923
0.025747199
0.025343889
0.025015638
0.027941762
0.027630842
0.027198026
0.026845761
0.029380763
0.029053831
0.028598725
0.028228318
0.030139823
0.029804444
0.029337581
0.028957604
0.031548968
0.031197909
0.030709218
0.030311476
0.033356329
0.032985159
0.032468472
0.032047944
0.03471653
0.034330224
0.033792468
0.033354792
0.035432166
0.035037897
0.034489056
0.034042357
0.036757178
0.036348165
0.0357788
0.035315397
0.038449656
0.03802181
0.037426228
0.036941488
0.039717956
0.039275997
0.038660769
0.03816004
0.033795189
0.033314463
0.032654522
0.03212405
0.035058986
0.034560282
0.033875663
0.033325353
0.03667327
0.036151604
0.035435461
0.034859812
0.037882975
0.037344101
0.036604336
0.036009698
0.038517558
0.037969657
0.0372175
0.036612902
0.039688939
0.039124375
0.038349344
0.037726359
0.0411781
0.040592354
0.039788243
0.039141883
0.042288501
0.04168696
0.040861165
0.040197375
0.040383278
0.039933915
0.039308381
0.038799264
0.041611398
0.041148369
0.040503812
0.039979212
0.043172691
0.04269229
0.042023548
0.041479265
0.044336877
0.043843521
0.043156747
0.042597786
0.041860084
0.041513588
0.041020702
0.040611969
0.043133116
0.042776083
0.042268207
0.041847044
0.044751506
0.044381077
0.043854145
0.043417179
0.045958267
0.045577848
0.045036707
0.044587958
0.036727911
0.036423897
0.03599144
0.035632819
0.038101379
0.037785996
0.037337367
0.036965335
0.03985575
0.039525845
0.039056559
0.038667397
0.041170432
0.040829645
0.040344879
0.03994288
0.037669947
0.037459115
0.037147208
0.036880117
0.039078643
0.038859927
0.038536355
0.038259276
0.040878012
0.040649225
0.040310755
0.040020918
0.042226414
0.04199008
0.041640446
0.041341048
0.042933755
0.042693462
0.042337971
0.042033558
0.044239439
0.043991839
0.043625536
0.043311866
0.045899339
0.045642449
0.045262402
0.044936963
0.047137051
0.046873234
0.046482939
0.046148724
0.043593949
0.043462175
0.043247501
0.04305034
0.044919711
0.044783929
0.044562727
0.04435957
0.046605136
0.046464259
0.046234757
0.046023978
0.047861881
0.047717205
0.047481515
0.047265051
0.04383431
0.043812322
0.043740534
0.043652524
0.045167381
0.045144725
0.045070753
0.044980067
0.046862099
0.046838592
0.046761846
0.046667757
0.048125773
0.048101633
0.048022817
0.04792619
0.038460092
0.0384408
0.038377813
0.038300593
0.039898336
0.039878322
0.03981298
0.039732872
0.041735447
0.041714512
0.041646161
0.041562365
0.043112133
0.043090507
0.043019901
0.042933341
0.038249199
0.038133581
0.037945227
0.037772238
0.039679557
0.039559615
0.039364217
0.03918476
0.041506595
0.04138113
0.041176735
0.040989015
0.042875732
0.042746128
0.042534991
0.042341079
0.032536089
0.03243774
0.032277519
0.03213037
0.034057268
0.03395432
0.033786609
0.033632579
0.036008323
0.035899478
0.035722159
0.035559306
0.037476667
0.037363383
0.037178833
0.037009339
0.032715482
0.032699071
0.032645492
0.032579806
0.034245047
0.034227869
0.034171786
0.034103029
0.036206861
0.036188698
0.036129402
0.036056706
0.0376833
0.037664397
0.037602682
0.037527022
0.026655803
0.026642432
0.026598777
0.026545258
0.02826196
0.028247783
0.028201498
0.028144754
0.030329581
0.030314367
0.030264696
0.030203801
0.031891555
0.031875558
0.031823328
0.031759297
0.026509638
0.026429506
0.026298962
0.026179068
0.028106988
0.028022027
0.027883617
0.027756498
0.030163272
0.030072095
0.029923559
0.029787141
0.031716681
0.031620808
0.031464623
0.031321179
0.026108171
0.025962049
0.025745873
0.025560758
0.02768133
0.027526403
0.027297201
0.027100933
0.029706473
0.029540212
0.029294242
0.029083614
0.031236357
0.031061533
0.030802896
0.030581421
0.032043357
0.031864016
0.031598697
0.0313715
0.033541498
0.033353772
0.033076049
0.03283823
0.035463007
0.035264527
0.034970893
0.03471945
0.036909113
0.03670254
0.036396932
0.036135235
0.031242029
0.030983424
0.030615561
0.030310505
0.032702705
0.03243201
0.032046948
0.03172763
0.034576162
0.034289958
0.033882838
0.033545227
0.035986104
0.03568823
0.035264508
0.03491313
0.025455268
0.025244563
0.024944837
0.024696285
0.026989086
0.026765685
0.026447899
0.02618437
0.028963585
0.02872384
0.028382805
0.028099997
0.030455211
0.030203118
0.02984452
0.029547147
0.01942336
0.019262584
0.019033881
0.018844226
0.021015548
0.020841592
0.020594142
0.020388941
0.023072074
0.022881096
0.022609431
0.022384149
0.024631017
0.024427134
0.024137114
0.02389661
0.013204394
0.013095095
0.012939618
0.012810687
0.014839618
0.014716784
0.014542053
0.014397155
0.016958366
0.016817994
0.016618316
0.01645273
0.018569613
0.018415903
0.018197253
0.018015934
0.013543074
0.013467276
0.013355139
0.013259115
0.01522024
0.015135055
0.015009031
0.014901115
0.017393332
0.017295985
0.017151968
0.017028644
0.019045905
0.018939309
0.018781609
0.018646568
0.01992155
0.019810053
0.019645103
0.019503853
0.021554576
0.021433939
0.021255467
0.021102639
0.023663851
0.023531408
0.023335472
0.023167688
0.025262778
0.025121387
0.024912211
0.024733091
0.020227885
0.020166741
0.020067131
0.019975647
0.021886022
0.021819866
0.02171209
0.021613107
0.024027731
0.023955101
0.023836779
0.023728109
0.025651246
0.025573708
0.025447391
0.025331379
0.020339415
0.020329212
0.020295902
0.020255064
0.022006694
0.021995655
0.021959614
0.021915429
0.024160211
0.024148092
0.024108525
0.024060016
0.025792677
0.025779739
0.025737498
0.025685712
0.013827147
0.013820211
0.013797566
0.013769803
0.015539492
0.015531697
0.015506248
0.015475048
0.017758166
0.017749258
0.017720175
0.017684521
0.019445403
0.019435648
0.019403802
0.01936476
0.013751326
0.013709759
0.013642043
0.01357985
0.015454283
0.015407568
0.015331465
0.01526157
0.017660791
0.017607406
0.017520437
0.017440563
0.019338775
0.019280318
0.019185087
0.019097624
0.0071423352
0.0071207454
0.0070855736
0.0070532712
0.0088737098
0.0088468865
0.0088031888
0.008763056
0.011123767
0.011090142
0.011035365
0.010985056
0.012840062
0.012801249
0.01273802
0.012679949
0.0071817155
0.007178113
0.0071663515
0.007151932
0.0089226365
0.0089181607
0.0089035479
0.0088856329
0.0111851
0.011179489
0.011161171
0.011138713
0.012910857
0.012904381
0.012883237
0.012857314
0.00046712006
0.00046688568
0.00046612066
0.00046518287
0.0022198502
0.0022187367
0.0022151012
0.0022106442
0.0045043139
0.0045020546
0.004494678
0.0044856343
0.0062519735
0.0062488375
0.0062385987
0.0062260461
0.00046455864
0.0004631543
0.00046086662
0.00045876568
0.0022076778
0.0022010046
0.002190133
0.0021801484
0.0044796153
0.0044660743
0.0044440148
0.0044237549
0.0062176915
0.0061988968
0.0061682783
0.0061401578
0.00045752326
0.0004549625
0.00045117422
0.00044793039
0.0021742443
0.0021620755
0.0021440727
0.0021286567
0.0044117748
0.0043870829
0.0043505533
0.0043192727
0.0061235293
0.006089257
0.0060385541
0.0059951366
0.00703417
0.0069948011
0.006936558
0.0068866837
0.0087393246
0.0086904121
0.0086180502
0.0085560859
0.010955307
0.010893992
0.010803281
0.010725605
0.01264561
0.012574834
0.012470128
0.012380467
0.0068582622
0.0068014932
0.0067207397
0.0066537736
0.0085207748
0.0084502443
0.0083499153
0.008266716
0.01068134
0.010592926
0.010467157
0.010362861
0.012329373
0.012227317
0.012082143
0.011961756
0.00044608175
0.00044238919
0.00043713676
0.00043278123
0.0021198716
0.0021023245
0.0020773638
0.0020566648
0.004301447
0.0042658418
0.0042151939
0.0041731934
0.0059703945
0.0059209748
0.0058506757
0.005792379
0.00043034418
0.00042555545
0.00041888942
0.00041346412
0.0020450835
0.0020223269
0.0019906487
0.0019648661
0.0041496936
0.0041035181
0.0040392397
0.0039869241
0.0057597613
0.00569567
0.0056064518
0.0055338378
0.00041046212
0.00040462335
0.00039660796
0.00039016514
0.0019506
0.0019228534
0.0018847627
0.0018541447
0.0039579767
0.0039016755
0.0038243855
0.0037622584
0.0054936588
0.005415513
0.0053082348
0.0052220025
0.0063106302
0.0062208634
0.0060976315
0.0059985754
0.0078403912
0.0077288638
0.0075757593
0.0074526911
0.0098284358
0.0096886291
0.0094967026
0.0093424287
0.011344873
0.011183496
0.010961957
0.01078388
0.0066163053
0.006542683
0.0064401969
0.0063567843
0.0082201651
0.0081286958
0.0080013661
0.0078977335
0.010304507
0.010189844
0.010030228
0.0099003181
0.011894398
0.011762044
0.0115778
0.011427846
0.012738548
0.012596801
0.012399482
0.012238885
0.014316083
0.014156781
0.013935026
0.013754542
0.016360082
0.016178036
0.01592462
0.015718367
0.017914484
0.017715142
0.017437648
0.017211798
0.018738112
0.018529605
0.018239353
0.018003119
0.020274128
0.020048529
0.019734484
0.019478886
0.022258101
0.022010426
0.02166565
0.021385039
0.023762045
0.023497634
0.023129562
0.022829991
0.017872406
0.017618176
0.01726917
0.016988632
0.019337458
0.019062388
0.018684773
0.018381239
0.02122977
0.020927783
0.020513216
0.020179978
0.022664231
0.022341839
0.02189926
0.021543507
0.012150024
0.011977193
0.011739932
0.011549216
0.013654675
0.013460441
0.013193798
0.012979464
0.015604242
0.015382276
0.015077562
0.014832627
0.01708683
0.016843775
0.016510109
0.016241902
0.011444487
0.011242238
0.01096732
0.010748323
0.012861766
0.01263447
0.012325506
0.012079388
0.014698124
0.014438375
0.014085298
0.013804041
0.01609462
0.015810192
0.015423569
0.015115589
0.016834578
0.016537074
0.016132675
0.015810536
0.018214556
0.017892665
0.017455116
0.01710657
0.019996985
0.019643594
0.019163229
0.018780574
0.021348149
0.02097088
0.020458056
0.020049547
0.015634625
0.015296711
0.014840814
0.014480175
0.016916239
0.016550626
0.016057358
0.015667156
0.018571618
0.018170227
0.017628689
0.017200303
0.019826472
0.01939796
0.01881983
0.018362499
0.010628735
0.010399015
0.010089086
0.0098439163
0.011944991
0.011686822
0.011338513
0.011062981
0.013650455
0.013355426
0.012957386
0.012642515
0.01494741
0.014624349
0.014188491
0.013843703
0.0055204842
0.0054011693
0.0052401952
0.0051128559
0.006858706
0.0067104679
0.0065104719
0.0063522642
0.0085978302
0.0084120041
0.0081612959
0.0079629723
0.0099243962
0.0097098988
0.0094205086
0.0091915854
0.00594418
0.0058391334
0.0056963429
0.0055825973
0.0073851097
0.0072545987
0.0070771943
0.0069358758
0.0092577111
0.0090941071
0.0088717192
0.0086945674
0.010686091
0.010497244
0.010240544
0.010036059
0.00038662712
0.00037979453
0.00037050697
0.00036310861
0.0018373313
0.0018048616
0.0017607251
0.0017255666
0.0037281421
0.0036622576
0.0035727003
0.00350136
0.0051746491
0.0050832018
0.0049588968
0.0048598766
0.00035906861
0.00035130807
0.00034083782
0.00033255532
0.0017063678
0.0016694879
0.0016197311
0.0015803708
0.0034624032
0.0033875698
0.0032866081
0.0032067418
0.0048058046
0.0047019361
0.0045618017
0.0044509476
