FiniteElementSpace
FiniteElementCollection: L2_2D_P3
VDim: 1
Ordering: 0

0.4883388
0.47779385
0.46356554
0.45230891
0.50317494
0.4923106
0.4776514
0.46605387
0.52203361
0.51076314
0.49555612
0.48352526
0.53609419
0.5245208
0.5089052
0.49655119
0.52577769
0.51649639
0.50387936
0.49382792
0.54174843
0.53218576
0.51918632
0.50883034
0.56205007
0.5521295
0.53864374
0.52790047
0.57718708
0.56699952
0.55315096
0.54211878
0.46137429
0.45322674
0.44215081
0.43332715
0.47861317
0.47016222
0.45867378
0.44952138
0.50062924
0.49179078
0.4797756
0.47020355
0.51712509
0.50799619
0.49558626
0.48569978
0.42850858
0.41925201
0.40676289
0.3968831
0.44452323
0.43492153
0.42196634
0.41171747
0.4649762
0.4549341
0.44138438
0.4306648
0.48030074
0.4699288
0.45593394
0.44486203
0.3645358
0.35666268
0.3460415
0.33764037
0.38156853
0.37332634
0.36220704
0.35341177
0.40341618
0.39470131
0.38294378
0.3736433
0.41985837
0.4107884
0.39855129
0.38887107
0.29708271
0.29067168
0.28202246
0.27518054
0.31495751
0.30815937
0.29898818
0.29173364
0.33797202
0.33067495
0.32083092
0.3130444
0.3553617
0.3476875
0.33733473
0.32914591
0.31985094
0.31420563
0.30653237
0.30042025
0.3391017
0.3331151
0.32497806
0.31849665
0.36388873
0.35746262
0.34872819
0.34177095
0.38261724
0.37585933
0.36667369
0.35935696
0.39249709
0.38556434
0.37614087
0.36863459
0.41083854
0.40358162
0.39371719
0.38585937
0.43436163
0.42668977
0.41626084
0.40795295
0.45206251
0.44407887
0.43322585
0.42457987
0.41668174
0.41075749
0.40262453
0.39608706
0.43615223
0.42995164
0.42143909
0.41459627
0.46112095
0.45456645
0.44556785
0.43833412
0.47990859
0.47308796
0.46372394
0.45619638
0.33954674
0.33472162
0.32809811
0.32277432
0.35998848
0.3548716
0.34784755
0.34220184
0.3863081
0.38081592
0.37327651
0.36721644
0.40619284
0.40041764
0.39248945
0.38611671
0.35597906
0.35202106
0.34651159
0.34202769
0.37741411
0.37321692
0.36737442
0.36261944
0.40501059
0.40050604
0.39423549
0.38913197
0.42585791
0.42112168
0.41452846
0.40916217
0.43685379
0.43199554
0.42523236
0.41972768
0.45726431
0.45217977
0.44510147
0.43934019
0.48343752
0.47806293
0.47058082
0.46449082
0.5031314
0.49753853
0.48975259
0.4834153
0.51349164
0.50778391
0.49983809
0.49337069
0.53267191
0.52675147
0.51850957
0.51180122
0.55716854
0.55097623
0.54235596
0.53533972
0.57552413
0.56912796
0.56022398
0.55297689
0.48979199
0.48283133
0.4732751
0.46559303
0.5080892
0.50086928
0.49095715
0.48298901
0.53145736
0.52390617
0.51353934
0.50520575
0.54896681
0.54116726
0.53045955
0.52185201
0.5581513
0.55022141
0.53933482
0.53058354
0.57510419
0.56693362
0.55571673
0.54670001
0.59665509
0.58817837
0.57654134
0.567187
0.61272425
0.60401905
0.59206852
0.5824623
0.58515267
0.57864952
0.56959665
0.5622284
0.60292557
0.59622484
0.58689702
0.57930505
0.62551992
0.61856771
0.60889
0.6010134
0.64236829
0.63522819
0.62528919
0.61720009
0.60652444
0.60151014
0.5943773
0.58846224
0.62494717
0.61978031
0.61243057
0.60633571
0.64836924
0.64300797
0.63538193
0.62905811
0.6658364
0.66032975
0.65249712
0.64600216
0.53224829
0.5278477
0.52158773
0.51639636
0.55212785
0.54756316
0.54106978
0.53568489
0.57751829
0.57274384
0.56595213
0.56031989
0.59654414
0.59161238
0.58459696
0.57877924
0.54588349
0.54283195
0.53831739
0.5344514
0.56627171
0.56310631
0.55842332
0.55441313
0.59231234
0.5890014
0.58410312
0.5799086
0.6118258
0.6084057
0.60334596
0.59901322
0.62206208
0.61858467
0.61344017
0.60903486
0.64095805
0.63737465
0.63207343
0.627534
0.66498342
0.66126487
0.65576384
0.65105344
0.6829019
0.67908223
0.67343173
0.66859343
0.63161629
0.62970925
0.62660252
0.62374926
0.65080373
0.64883848
0.64563696
0.64269668
0.67520083
0.67316134
0.66983892
0.66678766
0.69339746
0.69130241
0.68788952
0.68475521
0.63509485
0.63477663
0.63373769
0.632464
0.65438849
0.65406056
0.65298989
0.65167731
0.67892108
0.67858075
0.67746961
0.67610742
0.6972191
0.69686948
0.69572806
0.69432875
0.55731955
0.55704033
0.55612872
0.5550111
0.57813457
0.57784493
0.57689929
0.57573996
0.60472082
0.60441786
0.60342871
0.60221605
0.62464352
0.62433056
0.62330879
0.62205612
0.55426727
0.55259389
0.54986778
0.54736403
0.57496837
0.57323254
0.57040468
0.56780749
0.60140897
0.59959329
0.59663537
0.59391875
0.62122242
0.61934685
0.61629138
0.61348517
0.47156
0.47013576
0.46781552
0.46568451
0.4935865
0.49209596
0.48966768
0.48743746
0.52183217
0.52025656
0.51768969
0.51533219
0.54308601
0.54144635
0.53877517
0.53632186
0.47415781
0.47392016
0.47314428
0.47219307
0.49630526
0.49605655
0.49524455
0.49424905
0.52470611
0.5244432
0.52358486
0.52253254
0.54607675
0.54580316
0.54490993
0.54381484
0.38638001
0.3861863
0.38555386
0.38477851
0.40964953
0.40944414
0.40877358
0.40795148
0.43960251
0.43938213
0.43866262
0.43778052
0.46222597
0.46199429
0.46123789
0.46031055
0.38426247
0.38310157
0.38121034
0.3794734
0.40740435
0.40617346
0.40416822
0.40232656
0.43719343
0.43587267
0.433721
0.43174482
0.45969336
0.45830486
0.45604282
0.45396528
0.37844632
0.37632943
0.37319771
0.37051602
0.40123754
0.398993
0.39567238
0.39282889
0.43057626
0.42816772
0.42460444
0.4215531
0.45273676
0.45020463
0.44645846
0.44325046
0.46442439
0.46182712
0.45798458
0.45469405
0.48611865
0.48340046
0.47937901
0.47593527
0.51393813
0.51106482
0.5068139
0.50317366
0.53487114
0.53188107
0.52745741
0.52366927
0.45281885
0.44907325
0.44374495
0.4393262
0.47397276
0.47005277
0.46447638
0.45985186
0.50109919
0.49695554
0.49106102
0.48617269
0.52151051
0.51719852
0.51106455
0.50597765
0.36898785
0.36593553
0.36159378
0.35799344
0.3912085
0.38797193
0.38336801
0.3795502
0.41981424
0.41634099
0.41140027
0.40730305
0.4414223
0.43777065
0.43257607
0.42826824
0.28164227
0.27931486
0.27600415
0.27325869
0.30469213
0.30217367
0.29859127
0.29562057
0.33446958
0.33170396
0.32777003
0.32450787
0.35704794
0.35409478
0.34989409
0.34641074
0.19157664
0.18999221
0.18773824
0.18586898
0.21527285
0.21349335
0.2109619
0.20886253
0.24595719
0.24392476
0.24103355
0.23863589
0.26928342
0.26705829
0.26389303
0.26126815
0.19648578
0.19538715
0.19376176
0.19236986
0.22078645
0.21955254
0.21772702
0.21616374
0.2522547
0.25084532
0.24876024
0.24697471
0.27617826
0.27463517
0.2723523
0.27039743
0.2888542
0.28724012
0.28485226
0.2828075
0.31249627
0.31074963
0.30816566
0.30595302
0.34303976
0.34112165
0.33828405
0.33585422
0.3661993
0.36415112
0.36112107
0.35852648
0.29328888
0.29240371
0.2909617
0.28963733
0.31729525
0.31633736
0.31477688
0.31334372
0.34830989
0.34725795
0.34554426
0.3439704
0.37182682
0.37070355
0.36887365
0.36719306
0.29490347
0.29475577
0.29427354
0.29368235
0.31904249
0.31888265
0.3183608
0.31772104
0.35022869
0.35005315
0.34948007
0.34877748
0.37387573
0.3736883
0.37307635
0.37232613
0.20060292
0.2005024
0.20017421
0.19977186
0.22541052
0.22529763
0.22492903
0.22447714
0.25753655
0.25740759
0.25698655
0.25647037
0.28196138
0.28182018
0.28135918
0.280794
0.19950408
0.19890164
0.19792021
0.19701881
0.22417639
0.22349978
0.22239749
0.2213851
0.25612683
0.25535396
0.25409488
0.2529385
0.28041785
0.27957163
0.27819306
0.27692694
0.10359712
0.10328361
0.10277287
0.10230379
0.128739
0.12834952
0.12771501
0.12713227
0.16140099
0.16091308
0.16011821
0.15938817
0.18629495
0.18573223
0.1848155
0.18397352
0.10416899
0.10411667
0.10394587
0.10373648
0.12944942
0.12938443
0.12917225
0.12891213
0.16229093
0.16220952
0.16194373
0.16161787
0.18732132
0.18722743
0.18692089
0.18654507
0.0067671757
0.0067637823
0.0067527035
0.006739121
0.03216373
0.032147587
0.032094885
0.032030273
0.065299159
0.065266369
0.065159318
0.065028077
0.090668318
0.090622782
0.090474115
0.090291855
0.006730081
0.0067097439
0.0066766131
0.0066461851
0.031987271
0.03189053
0.031732931
0.03158819
0.06494073
0.064744229
0.064424112
0.064130112
0.090170552
0.089897661
0.089453097
0.089044804
0.0066281926
0.0065911083
0.0065362451
0.0064892652
0.031502601
0.031326197
0.031065224
0.030841752
0.063956265
0.063597953
0.063067871
0.062613958
0.088803372
0.088305765
0.087569606
0.08693923
0.10202641
0.10145472
0.10060896
0.099884722
0.12678767
0.12607744
0.12502669
0.12412692
0.15895647
0.15806669
0.1567503
0.15562302
0.18347563
0.1824494
0.18093112
0.17963093
0.099472007
0.098647657
0.097475038
0.096502636
0.12361417
0.12258999
0.1211331
0.11992494
0.15498061
0.15369742
0.15187204
0.15035825
0.17888997
0.17740992
0.17530443
0.17355831
0.0064624933
0.0064090191
0.0063329524
0.0062698731
0.030714404
0.030460041
0.030098218
0.029798174
0.062355293
0.061838641
0.061103723
0.060494292
0.086580004
0.085862497
0.084841867
0.08399551
0.0062345801
0.0061652312
0.0060686945
0.0059901241
0.029630297
0.029300434
0.028841255
0.028467539
0.060153313
0.059483321
0.058550682
0.057791632
0.083521968
0.082591506
0.081296284
0.08024214
0.0059466496
0.0058620942
0.0057460174
0.0056527129
0.028260756
0.02785858
0.027306483
0.026862705
0.057371639
0.056554794
0.055433464
0.054532143
0.079658867
0.078524459
0.076967188
0.075715464
0.091520072
0.090216682
0.088427431
0.086989236
0.11373402
0.11211444
0.10989109
0.10810393
0.14260055
0.14057092
0.13778452
0.13554466
0.16460929
0.1622678
0.15905313
0.15646891
0.095958569
0.094889527
0.09340139
0.092190228
0.11924895
0.11792068
0.11607165
0.11456673
0.14951124
0.14784689
0.14552992
0.14364407
0.17258128
0.1706614
0.16798864
0.16581312
0.18482306
0.18276779
0.17990653
0.17757756
0.20768787
0.20537962
0.20216619
0.19955059
0.23729433
0.23465818
0.23098834
0.2280013
0.25979949
0.25691362
0.25289626
0.24962643
0.27172257
0.26870418
0.26450241
0.26108255
0.29395845
0.29069253
0.28614629
0.28244619
0.32268269
0.31909645
0.31410442
0.3100416
0.34446181
0.34063243
0.33530198
0.33096378
0.25919024
0.25550974
0.25045699
0.2463953
0.28039884
0.27641691
0.2709505
0.26655645
0.30779361
0.30342151
0.29741972
0.29259552
0.32856344
0.32389509
0.31748673
0.31233584
0.17628881
0.17378211
0.17034058
0.16757393
0.19810324
0.19528805
0.19142298
0.18831582
0.22634844
0.22313357
0.21871984
0.21517169
0.24781713
0.24429802
0.23946675
0.23558302
0.16605455
0.16312016
0.15913101
0.15595297
0.18660943
0.18331384
0.17883356
0.17526414
0.21322314
0.2094599
0.20434391
0.20026805
0.23345023
0.22933122
0.22373173
0.21927076
0.24416479
0.23985712
0.23400126
0.22933613
0.26414349
0.25948357
0.25314908
0.24810285
0.28994641
0.2848306
0.27787676
0.27233741
0.30950738
0.30404534
0.29662109
0.29070723
0.22678848
0.22189424
0.21529035
0.21006558
0.24534714
0.24005334
0.23291054
0.2272596
0.26931252
0.26350183
0.25566203
0.24945999
0.28747791
0.28127469
0.27290564
0.2662852
0.15421741
0.1508833
0.14638461
0.14282558
0.17331482
0.16956995
0.16451683
0.16051898
0.19804215
0.19376592
0.18799573
0.18343046
0.21683458
0.21215444
0.20583934
0.20084297
0.080048345
0.078316287
0.075979576
0.074131194
0.099478391
0.097325838
0.094421784
0.092124594
0.12473302
0.12203461
0.11839396
0.11551396
0.14399378
0.14087987
0.13667842
0.13335465
0.086199481
0.084674367
0.082601338
0.080950044
0.10712253
0.10522729
0.10265111
0.10059898
0.13431463
0.13193917
0.12871008
0.12613773
0.15504973
0.15230891
0.148583
0.14561475
0.005601476
0.0055025293
0.0053680312
0.0052608919
0.026619013
0.026148409
0.025508728
0.024999176
0.054037204
0.053081414
0.051782249
0.050747384
0.075028108
0.07370074
0.071896505
0.070459327
0.0052023862
0.0050900012
0.0049383776
0.0048184359
0.024720928
0.024186442
0.023465355
0.02289495
0.05018229
0.049096809
0.047632387
0.046473998
0.069674547
0.068167081
0.066133366
0.064524663
