FiniteElementSpace
FiniteElementCollection: L2_2D_P3
VDim: 1
Ordering: 0

1.924222e-05
1.8567189e-05
1.7584038e-05
1.6882709e-05
9.1431484e-05
8.8217911e-05
8.3545871e-05
8.0221348e-05
0.00018542617
0.00017890735
0.00016941208
0.0001626675
0.00025717626
0.00024813585
0.00023495433
0.00022559026
1.6531227e-05
1.5884151e-05
1.5066466e-05
1.4470405e-05
7.8552845e-05
7.5467174e-05
7.1581428e-05
6.8746542e-05
0.00015928511
0.00015302095
0.00014512673
0.00013937185
0.00022089607
0.00021219319
0.00020122861
0.00019323905
0.00025359592
0.00024359196
0.00023099533
0.00022181425
0.0003146434
0.00030220945
0.00028654113
0.00027511943
0.00039354595
0.00037794813
0.00035827409
0.00034393721
0.00045333581
0.00043530456
0.00041257317
0.00039600925
0.00029529899
0.00028489333
0.00026974793
0.00025899286
0.00036650783
0.0003535552
0.00033472247
0.00032134822
0.00045863449
0.00044237951
0.00041874324
0.00040195676
0.00052849397
0.00050975246
0.0004824412
0.00046305542
0.00056546193
0.00054536305
0.0005161102
0.00049532914
0.00063426035
0.00061163346
0.00057871441
0.00055530872
0.00072272702
0.00069680771
0.00065909266
0.00063229197
0.00078932348
0.00076093163
0.00071957675
0.0006901961
0.00082439957
0.00079465198
0.00075137591
0.00072061796
0.00088930078
0.00085706328
0.00081016391
0.00077681764
0.0009721544
0.00093668295
0.0008850444
0.00084833934
0.0010341049
0.0009961752
0.00094092955
0.00090164771
0.00070519141
0.00067656904
0.00064050533
0.00061420612
0.00076008715
0.00072907647
0.00068997879
0.00066146004
0.00082991056
0.00079577014
0.00075272958
0.00072132823
0.00088194427
0.00084540832
0.00079934441
0.00076573521
0.00048491577
0.00046558753
0.00044123612
0.00042348154
0.0005435809
0.00052183954
0.00049443172
0.00047444329
0.00061885807
0.00059395344
0.00056255956
0.0005396671
0.00067546222
0.00064812326
0.00061368662
0.000588569
0.00041433936
0.00039773222
0.0003771626
0.00036225259
0.00046415584
0.00044546348
0.0004223073
0.00040552097
0.00052788296
0.00050647173
0.00047994434
0.0004607108
0.00057563742
0.00055214338
0.00052303538
0.00050192743
0.00060066508
0.00057606277
0.00054557899
0.00052347291
0.00064678128
0.00062010076
0.00058703512
0.00056305481
0.0007051581
0.00067576926
0.00063933981
0.00061291216
0.00074842143
0.00071695498
0.00067794824
0.00064964652
0.00051213809
0.00049170188
0.00046667612
0.00044875269
0.00055075896
0.00052858665
0.00050143066
0.00048197961
0.0005993604
0.00057492244
0.00054498469
0.00052353513
0.00063512949
0.00060895206
0.00057687848
0.00055389471
0.00035460984
0.00034083272
0.00032396685
0.00031189219
0.00039691616
0.0003814046
0.00036241382
0.0003488167
0.00045085105
0.00043307625
0.00041131174
0.00039572576
0.00049110489
0.00047159527
0.0004477033
0.00043059295
0.000186204
0.00017908424
0.00017037014
0.00016413244
0.00023084308
0.00022198801
0.00021115071
0.00020339248
0.00028835493
0.00027723717
0.00026362679
0.0002538836
0.00033175666
0.00031890425
0.00030317
0.00029190602
0.00021708388
0.00020849514
0.00019786222
0.00019015449
0.00026924299
0.0002585642
0.00024534137
0.00023575626
0.00033656237
0.00032315986
0.00030655655
0.00029452264
0.00038748214
0.00037198765
0.00035279681
0.0003388865
1.4162893e-05
1.360654e-05
1.291592e-05
1.2415207e-05
6.7291521e-05
6.4642533e-05
6.1358791e-05
5.8980725e-05
0.00013641208
0.00013103521
0.00012436988
0.00011953901
0.0001891234
0.00018165254
0.00017239751
0.00016568927
1.2158233e-05
1.1696687e-05
1.1130942e-05
1.0725864e-05
5.7762334e-05
5.5564204e-05
5.2874866e-05
5.0951053e-05
0.00011706589
0.00011260674
0.00010714579
0.0001032372
0.00016225319
0.00015605892
0.00014847547
0.00014304693
1.0519743e-05
1.0153538e-05
9.7125745e-06
9.4031531e-06
4.9973884e-05
4.8229641e-05
4.6133472e-05
4.4663695e-05
0.00010125349
9.7714964e-05
9.3458035e-05
9.0472706e-05
0.00014029074
0.00013537535
0.00012946315
0.00012531656
0.00016096407
0.00015531429
0.00014852051
0.00014375497
0.00019945242
0.00019242485
0.00018397385
0.00017804628
0.00024893647
0.00024011139
0.00022949636
0.00022205148
0.0002861853
0.00027598095
0.00026370724
0.00025509827
0.000141372
0.00013719713
0.00013233188
0.00012904798
0.00017508275
0.00016988977
0.00016383683
0.00015975177
0.00021833
0.0002118078
0.00020420371
0.00019907147
0.00025079405
0.00024325141
0.00023445787
0.00022852264
9.2480473e-06
8.9775795e-06
8.6619323e-06
8.4488142e-06
4.3928686e-05
4.2640195e-05
4.1139446e-05
4.0126944e-05
8.8980847e-05
8.6366889e-05
8.3318867e-05
8.1261356e-05
0.00012324339
0.00011961199
0.00011537857
0.00011252084
8.3451889e-06
8.1709609e-06
7.9807893e-06
7.8647414e-06
3.9635976e-05
3.8805775e-05
3.7902998e-05
3.7349561e-05
8.0264628e-05
7.8580585e-05
7.674743e-05
7.5623241e-05
0.00011113565
0.00010879576
0.00010625036
0.00010468902
7.8124429e-06
7.7343847e-06
7.6714562e-06
7.6520746e-06
3.7103616e-05
3.673396e-05
3.6431831e-05
3.6338518e-05
7.5124319e-05
7.4374961e-05
7.3761645e-05
7.3572726e-05
0.0001039952
0.00010295361
0.00010210335
0.00010184205
0.00011924824
0.00011805092
0.0001170747
0.00011677457
0.00014756125
0.0001460715
0.00014485778
0.00014448698
0.00018375747
0.00018188659
0.00018036213
0.00017989698
0.00021080939
0.00020864496
0.00020688168
0.00020634245
0.00012745557
0.00012476579
0.00012184098
0.00012004634
0.00015777137
0.00015442513
0.00015078575
0.00014855304
0.00019658411
0.00019238106
0.00018780822
0.00018500338
0.00022564534
0.0002207837
0.00021549474
0.00021225065
0.00024085233
0.00023563885
0.0002299678
0.00022648952
0.0002688007
0.00026292701
0.0002565373
0.00025261833
0.00030397852
0.00029724137
0.0002899114
0.00028541592
0.00032983325
0.00032243179
0.0003143797
0.00030944066
0.00022494384
0.00022262284
0.00022073138
0.00022015223
0.00025087732
0.00024826205
0.00024612975
0.00024547706
0.00028341869
0.00028041821
0.000277972
0.00027722411
0.00030724585
0.00030394899
0.00030126162
0.0003004392
0.00031951166
0.00031605653
0.00031323986
0.00031237762
0.00034165605
0.00033790285
0.00033484292
0.00033390687
0.00036869787
0.00036455339
0.00036117458
0.0003601418
0.00038788154
0.00038343563
0.00037981089
0.00037870165
0.00034318221
0.00033542615
0.00032698806
0.00032181191
0.00036736588
0.00035894199
0.0003497767
0.00034415447
0.00039708256
0.00038778296
0.00037766399
0.00037145675
0.00041832907
0.00040835466
0.00039750068
0.00039084096
0.00038327999
0.00037125743
0.00035723702
0.00034777149
0.00041090778
0.00039785374
0.00038262904
0.00037234983
0.00044513743
0.00043073236
0.00041392981
0.00040258423
0.00046986074
0.00045441552
0.00043639791
0.00042422962
0.00026781672
0.00025972939
0.00025030146
0.0002439376
0.00029917679
0.00029006686
0.00027944544
0.00027227612
0.00033881561
0.0003283691
0.00031618753
0.00030796479
0.00036809954
0.00035662554
0.00034324531
0.00033421238
0.00030575926
0.00029481917
0.00028166117
0.00027243173
0.00034191035
0.00032958983
0.00031476976
0.00030437421
0.00038781007
0.00037368682
0.00035669512
0.00034477535
0.00042190123
0.00040639361
0.00038773557
0.00037464508
0.00043964742
0.00042340089
0.00040385332
0.00039013837
0.00047209744
0.00045446325
0.00043324353
0.00041835395
0.00051263735
0.00049318863
0.00046978115
0.00045335368
0.0005422155
0.00052137168
0.00049628128
0.00047866952
0.00055741374
0.00053582421
0.00050983412
0.00049158984
0.00058481506
0.0005618222
0.00053413864
0.00051470392
0.00061824439
0.00059341242
0.000563508
0.0005425094
0.00064197255
0.00061572368
0.00058410662
0.00056189951
0.00065391218
0.00062690537
0.00059437014
0.00057151582
0.00067493724
0.00064649825
0.00061223026
0.00058815509
0.00069953362
0.00066920917
0.00063265973
0.00060697414
0.00071610227
0.00068432128
0.00064600535
0.00061906794
0.00056007905
0.00054001757
0.00051659932
0.00050077462
0.00057610543
0.00055496492
0.00053028355
0.00051360318
0.00059411328
0.00057154863
0.00054520092
0.0005273892
0.00060558027
0.00058191239
0.00055426779
0.00053557406
0.00048246409
0.00046646291
0.00044779485
0.00043518659
0.00050498127
0.00048793123
0.00046803778
0.00045460059
0.0005320019
0.00051357402
0.00049207072
0.00047754316
0.00055078674
0.00053129547
0.0005085462
0.00049317441
0.00042907235
0.00041873711
0.00040748897
0.00040058734
0.00044808362
0.00043706655
0.00042507596
0.00041771849
0.00047049598
0.00045858158
0.00044561423
0.00043765628
0.00048571743
0.00047310963
0.0004593853
0.00045096136
0.00039752042
0.00039291343
0.00038915642
0.00038800608
0.00041444869
0.00040953629
0.00040553013
0.00040430404
0.00043411886
0.00042880415
0.00042447057
0.00042314452
0.00044721683
0.00044159145
0.00043700382
0.00043559885
0.00045345773
0.00044766544
0.00044294099
0.00044149412
0.00046371267
0.00045760392
0.00045262055
0.00045109563
0.00047409079
0.0004675617
0.00046223623
0.00046060487
0.00047962525
0.0004727692
0.00046717628
0.00046546368
0.00049309825
0.0004801185
0.00046598709
0.00045731309
0.00050551064
0.00049182589
0.00047692505
0.00046777824
0.0005187453
0.00050412703
0.00048820885
0.00047843568
0.00052650259
0.00051115994
0.00049445061
0.00048418867
0.00052975636
0.00051402414
0.0004968862
0.00048636121
0.00053410579
0.00051762717
0.00049967684
0.00048865278
0.0005361979
0.0005187272
0.00049969481
0.000487999
0.00053508389
0.00051684349
0.00049696194
0.00048474617
0.00048168134
0.00047464878
0.00046891258
0.00046715518
0.0004837492
0.00047638142
0.00047036897
0.00046851879
0.00048279775
0.00047498174
0.00046859537
0.00046662745
0.0004793138
0.00047114967
0.00046448489
0.00046243316
0.0004765156
0.00046816522
0.00046135699
0.00045927565
0.00046870005
0.00045998584
0.00045288574
0.00045072706
0.00045349581
0.00044426575
0.00043673937
0.00043443578
0.00044076011
0.00043118341
0.00042333958
0.0004209736
0.00053354965
0.00051489523
0.00049456377
0.00048207276
0.00052822261
0.00050876031
0.0004875402
0.0004745004
0.0005164927
0.00049589642
0.00047343855
0.00045963456
0.0005061333
0.00048476841
0.00046146649
0.00044714575
0.00062949405
0.00060081034
0.00056727114
0.00054457209
0.00062829244
0.00059838747
0.00056340352
0.0005397199
0.00062229298
0.00059069281
0.0005537096
0.00052865922
0.00061584973
0.00058308072
0.0005447399
0.00051877168
0.00061083107
0.00058656971
0.00055822524
0.0005390574
0.00061897829
0.00059358594
0.00056391507
0.00054384667
0.00062613179
0.00059923454
0.00056779784
0.0005465251
0.00062893834
0.00060087643
0.0005680699
0.00054586577
0.00072409076
0.00069152936
0.00065226285
0.00062465429
0.00073743669
0.00070339196
0.00066232531
0.00063344271
0.00075150209
0.00071548905
0.00067203296
0.00064145286
0.00075964882
0.00072211991
0.00067681217
0.00064492002
0.00076304129
0.00072470603
0.00067841548
0.0006458256
0.00076741233
0.00072749538
0.00067927629
0.00064531558
0.00076912798
0.0007270227
0.00067613416
0.00064027292
0.00076791548
0.00072432247
0.00067162221
0.00063448068
0.00093269695
0.00088509607
0.00082656515
0.0007844741
0.00094389225
0.00089440388
0.00083352257
0.00078972356
0.00095499233
0.00090291139
0.00083880232
0.00079265134
0.00096012019
0.00090628964
0.00084000641
0.00079226496
0.0011370688
0.0010805638
0.0010102453
0.00095902889
0.0011561356
0.0010974908
0.0010244644
0.00097125605
0.0011779711
0.0011164148
0.0010397081
0.00098377635
0.0011903011
0.0011268046
0.0010476316
0.00098985885
0.00104366
0.00099517002
0.00093492762
0.00089112529
0.0010710981
0.0010205217
0.00095765629
0.00091193877
0.0011037479
0.0010504257
0.0009841319
0.00093588344
0.0011261408
0.0010707367
0.0010018137
0.0009516177
0.00086863159
0.00082800539
0.00077812438
0.00074231099
0.00088845299
0.00084602256
0.00079391051
0.00075648339
0.00091108364
0.00086626923
0.00081121123
0.00077164547
0.00092581467
0.00087918066
0.00082185146
0.00078063435
0.00077407396
0.00074025507
0.00069878082
0.00066903484
0.00080139885
0.00076581635
0.00072216969
0.0006908594
0.00083426841
0.00079637375
0.00074987502
0.00071650741
0.00085722298
0.00081754893
0.00076884751
0.00073388742
0.00065363253
0.00062652586
0.00059331247
0.00056950956
0.00068724494
0.00065839352
0.00062303683
0.00059769495
0.00072880308
0.00069767283
0.0006595118
0.00063215243
0.00075878871
0.00072590707
0.00068558611
0.00065667161
0.00077091762
0.00073834405
0.00069796338
0.00066866311
0.00081202132
0.00077737287
0.00073441451
0.00070323894
0.00086335407
0.00082600835
0.00077968979
0.00074605803
0.00090084227
0.00086142917
0.00081252939
0.00077701186
0.00092013309
0.00087961482
0.00082933518
0.00079281442
0.00095497955
0.00091238219
0.00085951801
0.0008211127
0.00099768624
0.00095238131
0.00089613735
0.00085525847
0.0010282087
0.00098082884
0.00092197877
0.00087919239
0.0010917855
0.0010448669
0.00098566326
0.00094242081
0.0011352726
0.0010860066
0.0010238315
0.00097839782
0.0011892218
0.0011369129
0.0010708842
0.0010225908
0.0012284129
0.0011737538
0.0011047393
0.0010542542
0.00090911329
0.00087130357
0.00082362496
0.00078883916
0.00095894615
0.00091875738
0.00086807084
0.00083107806
0.0010216354
0.00097836676
0.00092377251
0.00088389627
0.0010678527
0.0010222068
0.00096460662
0.00092252151
0.0010665841
0.0010273018
0.00097012978
0.00092949578
0.0011263368
0.0010845911
0.0010238262
0.00098061657
0.0012018569
0.0011569423
0.0010915346
0.0010449724
0.0012576895
0.0012104665
0.0011415092
0.00109248
0.0012868082
0.0012382617
0.0011674522
0.0011170861
0.0013400297
0.0012890277
0.0012147205
0.0011618331
0.0014065848
0.0013525007
0.0012736194
0.0012174144
0.0014552115
0.0013988876
0.0013165627
0.0012578939
0.0014804246
0.00142276
0.0013386232
0.0012786445
0.0015260417
0.0014659558
0.0013783731
0.0013159531
0.0015823597
0.0015191811
0.0014271199
0.001361484
0.0016226057
0.0015572294
0.0014617791
0.0013937317
0.0012485037
0.0011925637
0.0011219576
0.0010703055
0.0012845508
0.0012262898
0.0011527093
0.0010988751
0.00132847
0.0012671831
0.0011897215
0.0011330219
0.0013594938
0.0012958875
0.0012154614
0.00115656
0.0013749677
0.0013101425
0.0012281373
0.0011680782
0.001402793
0.0013356462
0.001250595
0.0011883033
0.0014364551
0.0013661685
0.0012770595
0.0012117182
0.0014566386
0.0013842941
0.0012924833
0.0012250956
0.0016428976
0.0015763738
0.0014791787
0.0014098429
0.0016801715
0.0016112187
0.0015106712
0.0014389023
0.0017264087
0.0016543547
0.0015492618
0.0014742321
0.0017547465
0.0016809019
0.0015727574
0.0014955204
