FiniteElementSpace
FiniteElementCollection: L2_2D_P3
VDim: 1
Ordering: 0

3.441769203675668e+81
-7.659973247087783e+82
1.316520229113589e+83
4.596367339228251e+83
8.077098868166755e+81
-7.712448393267152e+82
5.430483604643145e+82
3.141622541788485e+83
1.493921305687831e+82
-7.078955037419429e+82
-2.557916872139441e+82
1.247761091129148e+83
2.074077321683093e+82
-5.972969450187539e+82
-6.278707760355993e+82
1.209787556463316e+82
2.400977484748036e+82
-5.14917479034125e+82
-7.252688515014487e+82
-3.026019059952589e+82
3.043099870467715e+82
-3.119020225955107e+82
-7.136578019014012e+82
-7.252688515013621e+82
3.7664425056626e+82
4.475218231222451e+81
-3.119020225955085e+82
-5.149174790340482e+82
4.044545405303522e+82
3.766442505661049e+82
3.043099870465572e+82
2.400977484745919e+82
1.209787556463648e+82
1.247761091129199e+83
3.141622541788491e+83
4.596367339228175e+83
-6.278707760354695e+82
-2.557916872137543e+82
5.430483604645302e+82
1.316520229113785e+83
-5.972969450186312e+82
-7.078955037417289e+82
-7.712448393263861e+82
-7.659973247083698e+82
2.074077321681023e+82
1.4939213056859e+82
8.077098868149696e+81
3.441769203660388e+81
6.472961967955337e+83
8.227031487265565e+83
4.571909541996921e+83
-2.739638593243449e+83
4.849423228917979e+83
7.452308516554967e+83
7.633664709010205e+83
4.571909541996953e+83
2.429692870839958e+83
4.900890514350946e+83
7.45230851655493e+83
8.227031487265525e+83
7.733502386122847e+82
2.429692870839969e+83
4.849423228917934e+83
6.472961967955216e+83
