FiniteElementSpace
FiniteElementCollection: L2_2D_P1
VDim: 1
Ordering: 0

-3.817108375134087e+140
-4.206399801568079e+140
-3.40011091313489e+140
-3.737025669915267e+140
-3.10397269402561e+140
-3.405930904005971e+140
-2.709212000262316e+140
-2.96567964956862e+140
-3.625572792610692e+140
-3.920186386472701e+140
-3.151799742975667e+140
-3.399909067392896e+140
-4.491126267393911e+140
-4.876844882653714e+140
-3.982867590465322e+140
-4.313630361912137e+140
-5.154497757976499e+140
-5.522133604703207e+140
-4.551189232423525e+140
-4.863736692281769e+140
-5.781195390545028e+140
-6.114278260695677e+140
-5.083570273177236e+140
-5.364947243434603e+140
-4.601861337419459e+140
-4.849129020933303e+140
-3.970264960085245e+140
-4.176183654051242e+140
-4.131146356501662e+140
-4.407833382356619e+140
-3.577138347687849e+140
-3.808416066204835e+140
-3.196662931889809e+140
-3.398484004236365e+140
-2.698651233989073e+140
-2.863956773015749e+140
-3.539286720340741e+140
-3.717303515584874e+140
-2.979108817358401e+140
-3.124954572145712e+140
-2.600502511625462e+140
-2.723709372852586e+140
-2.113296229031148e+140
-2.212057966347156e+140
-2.36098701977169e+140
-2.502374174143857e+140
-1.922408129916788e+140
-2.035104421668091e+140
-2.096731505794927e+140
-2.251320847795523e+140
-1.71158734416723e+140
-1.834996395535904e+140
-2.823537967567306e+140
-3.04141619335101e+140
-2.391688640269477e+140
-2.571103090696839e+140
-2.433071822118448e+140
-2.659591218905581e+140
-2.068055424081302e+140
-2.255976201836798e+140
-1.816590651483889e+140
-1.979395840143647e+140
-1.486846826165479e+140
-1.617554112365397e+140
-1.263721347649914e+140
-1.373803273520743e+140
-9.736332667851766e+139
-1.057610081521251e+140
-1.452896456578541e+140
-1.556195843621529e+140
-1.117900767426008e+140
-1.196582168747983e+140
-8.980870989696377e+139
-9.606019158010867e+139
-6.171574416308406e+139
-6.610007715186659e+139
-7.823733666642532e+139
-8.497645922276025e+139
-5.36698955129876e+139
-5.834408676743211e+139
-3.829189849621483e+139
-4.166754813622892e+139
-1.873560391005556e+139
-2.069060932720293e+139
-8.523383665233451e+138
-9.377996491866303e+138
2.899699428318442e+138
2.666040659802544e+138
-1.000994000756164e+139
-1.080930157227219e+139
2.512857719149741e+138
2.311566736751225e+138
-4.409192330963458e+139
-4.717439419767686e+139
-2.210806887190856e+139
-2.396605333410767e+139
-4.933969209352222e+139
-5.206520765618871e+139
-2.526774553038063e+139
-2.695665809240411e+139
-1.137000370239369e+139
-1.209268796272685e+139
2.175986770826383e+138
2.0072734347573e+138
-1.257378291717153e+139
-1.319803526200806e+139
1.891206866954046e+138
1.754485494278605e+138
-5.392367569783402e+139
-5.623775207845729e+139
-2.810251487030243e+139
-2.956167733474304e+139
-1.098775864878382e+140
-1.146458785441549e+140
-7.59340883253956e+139
-7.940619540433232e+139
-1.004604102782862e+140
-1.060455521282894e+140
-6.920093913179551e+139
-7.31883096324203e+139
-1.629191565799305e+140
-1.722545674725636e+140
-1.252180073668106e+140
-1.323658731810733e+140
-1.786990072850797e+140
-1.867450176014357e+140
-1.373061409552818e+140
-1.435423023643775e+140
-1.92114269414816e+140
-1.986210575753401e+140
-1.477176028057434e+140
-1.52844273314004e+140
-2.02749058467064e+140
-2.075253194470081e+140
-1.561183442470922e+140
-1.599448031481059e+140
-1.240451725013696e+140
-1.268466017208692e+140
-8.635759365042905e+139
-8.846437126126511e+139
-1.178034021310407e+140
-1.216343283068157e+140
-8.171585697788264e+139
-8.455612399105887e+139
-5.775550771636296e+139
-5.961037325372906e+139
-3.051837403867274e+139
-3.169984931003818e+139
-1.359195108842553e+139
-1.409837197347948e+139
1.659527863271413e+138
1.554047947766969e+138
-1.439897157275701e+139
-1.47719461426554e+139
1.481547218563401e+138
1.406662533970388e+138
-6.076445167793417e+139
-6.21200174858182e+139
-3.244074917638132e+139
-3.330887023629011e+139
-6.289597117040458e+139
-6.372190026584647e+139
-3.381395868238031e+139
-3.434428674409524e+139
-1.497473753550601e+139
-1.520301530644878e+139
1.357695553855008e+138
1.312944512579619e+138
-1.530511144036167e+139
-1.538195111614512e+139
1.288266328629263e+138
1.273378789717137e+138
-6.411163900698671e+139
-6.438907731543128e+139
-3.460018323180713e+139
-3.477851117512672e+139
-1.309905650305022e+140
-1.315637931023723e+140
-9.16234082642547e+139
-9.206077063969726e+139
-1.284691368077449e+140
-1.301759033287924e+140
-8.969944895511305e+139
-9.099542131834758e+139
-2.103117810517755e+140
-2.132269462345755e+140
-1.622004533139005e+140
-1.645670802584775e+140
-2.146268015001357e+140
-2.156065050490054e+140
-1.657178688433496e+140
-1.66519028851735e+140
-3.15624153168551e+140
-3.171518117802362e+140
-2.567021789171202e+140
-2.57997613493635e+140
-4.351762647249128e+140
-4.374346843494353e+140
-3.655064149337957e+140
-3.674625278739804e+140
-4.252258977358624e+140
-4.319290493193353e+140
-3.56960367518342e+140
-3.626978658419802e+140
-3.088928471385208e+140
-3.134336850304523e+140
-2.510278282903287e+140
-2.548416046111857e+140
-2.97119831538927e+140
-3.045383918870105e+140
-2.412634984869993e+140
-2.473946693605977e+140
-2.806483926687019e+140
-2.906985669177605e+140
-2.278551000954595e+140
-2.360180988965684e+140
-3.837663524900589e+140
-3.984380841832277e+140
-3.223639479287187e+140
-3.3449229445238e+140
-4.078763581595072e+140
-4.187849173858911e+140
-3.423305934794458e+140
-3.514990987573921e+140
-5.357002018589305e+140
-5.5116336086391e+140
-4.600746460009171e+140
-4.732001849321925e+140
-5.017310859665451e+140
-5.223484428999842e+140
-4.316199701769342e+140
-4.48866927586176e+140
-6.341978519460605e+140
-6.623063724433404e+140
-5.557200109283353e+140
-5.794782429189466e+140
-6.806175119452133e+140
-7.018909443667605e+140
-5.949958635604871e+140
-6.131944684016044e+140
-7.146083277711738e+140
-7.27812974083454e+140
-6.241449500574114e+140
-6.356728716726889e+140
-5.603496103523067e+140
-5.698985027328655e+140
-4.810593972271145e+140
-4.893247821384508e+140
-5.745451684509211e+140
-5.777683431991098e+140
-4.933850258714095e+140
-4.962143362928534e+140
-7.342744942789786e+140
-7.38740043678445e+140
-6.413547952928146e+140
-6.453165630875069e+140
