FiniteElementSpace
FiniteElementCollection: L2_2D_P1
VDim: 1
Ordering: 0

-1.964324389712195e+130
-2.164657880013689e+130
-1.749733080126038e+130
-1.923112981600212e+130
-1.597337216725615e+130
-1.75272810905695e+130
-1.39418918354188e+130
-1.526170151644711e+130
-1.86575815074999e+130
-2.017369425853786e+130
-1.621949522562257e+130
-1.749629208169837e+130
-2.311181134334008e+130
-2.509676018172338e+130
-2.049625837167971e+130
-2.219839861845388e+130
-2.652559127916611e+130
-2.841748427586967e+130
-2.342090172152968e+130
-2.502930404602584e+130
-2.975064365820806e+130
-3.146472337859045e+130
-2.616059093178372e+130
-2.760858661610919e+130
-2.368166573957517e+130
-2.495413142244086e+130
-2.043140390123466e+130
-2.149108330538739e+130
-2.125931660313796e+130
-2.268317733694403e+130
-1.840833272513946e+130
-1.959851235493202e+130
-1.645036594639726e+130
-1.748895855579315e+130
-1.388754501388307e+130
-1.473822482213617e+130
-1.821354424265239e+130
-1.912963752141302e+130
-1.533080943592567e+130
-1.608134713386108e+130
-1.338246129550229e+130
-1.401649684991414e+130
-1.087524617435673e+130
-1.138348453259526e+130
-1.214988921181171e+130
-1.287748247988292e+130
-9.892915802922193e+129
-1.047286285383304e+130
-1.079000235452301e+130
-1.158553547812695e+130
-8.808009715364605e+129
-9.443085761654596e+129
-1.453022536929788e+130
-1.56514497905941e+130
-1.230788300192821e+130
-1.323116876225999e+130
-1.252084523784282e+130
-1.368653804014703e+130
-1.064243220147654e+130
-1.160949242298478e+130
-9.348367853754681e+129
-1.018618059425342e+130
-7.651471211658627e+129
-8.324104747209759e+129
-6.503243872167238e+129
-7.069737119418356e+129
-5.010419890228143e+129
-5.442573471275624e+129
-7.476759014714904e+129
-8.008348598946032e+129
-5.752835725201623e+129
-6.157738548081545e+129
-4.621651310965792e+129
-4.94335917815699e+129
-3.175957546285611e+129
-3.401579964517179e+129
-4.026176191441688e+129
-4.372978574336991e+129
-2.761909654894664e+129
-3.002448486412257e+129
-1.970541644442357e+129
-2.144256149438713e+129
-9.641540166123966e+128
-1.064760665560828e+129
-4.386223489520981e+128
-4.826016299721356e+128
1.492216031052704e+128
1.371972754529305e+128
-5.151221124636207e+128
-5.562581050387684e+128
1.293143191193862e+128
1.189556720153413e+128
-2.269017063065821e+129
-2.427644279034621e+129
-1.137704634698675e+129
-1.233318482568564e+129
-2.539072801618e+129
-2.679330718558068e+129
-1.300304941368381e+129
-1.387218170222606e+129
-5.851124303901253e+128
-6.2230252768732e+128
1.119785834013298e+128
1.032964164743027e+128
-6.470601834812017e+128
-6.791848701759995e+128
9.732350799063297e+127
9.028768137657288e+127
-2.774969451938025e+129
-2.894054272891599e+129
-1.446185173376568e+129
-1.521275218923624e+129
-5.654416951530423e+129
-5.899798309955658e+129
-3.907648592872276e+129
-4.086326899814591e+129
-5.169799091814913e+129
-5.457216405596361e+129
-3.561153605548384e+129
-3.766347913790254e+129
-8.383992314885898e+129
-8.864402444810202e+129
-6.443851254135777e+129
-6.811687997906773e+129
-9.196040141664403e+129
-9.610096352570264e+129
-7.065919408882077e+129
-7.38683887854741e+129
-9.88640373645821e+129
-1.022124994532232e+130
-7.601704260540659e+129
-7.86552815359455e+129
-1.043368124240488e+130
-1.067947269007835e+130
-8.034015310768059e+129
-8.230928937701873e+129
-6.383495930029938e+129
-6.527660444135603e+129
-4.444053214486243e+129
-4.552470221234453e+129
-6.062287817280088e+129
-6.259431334903559e+129
-4.205184530120704e+129
-4.351347678215034e+129
-2.972159585190154e+129
-3.067612929885122e+129
-1.570507844366962e+129
-1.631307812911615e+129
-6.994561957264079e+128
-7.255171507274011e+128
8.540106113297479e+127
7.997295298694615e+127
-7.40986324415327e+128
-7.601799907302435e+128
7.624198869008777e+127
7.238834352447294e+127
-3.127003027663942e+129
-3.196761879564549e+129
-1.669435304582538e+129
-1.714109733590594e+129
-3.236693277841215e+129
-3.279196463680108e+129
-1.740102119871386e+129
-1.767393363498811e+129
-7.706158505449631e+128
-7.82363266364168e+128
6.986845087590587e+127
6.756551490435628e+127
-7.876172415263358e+128
-7.915714926087311e+128
6.629554942618892e+127
6.552942090913069e+127
-3.299252831998831e+129
-3.313530101134603e+129
-1.780562067728722e+129
-1.789739012525828e+129
-6.740913184146559e+129
-6.770412107723722e+129
-4.715037610554202e+129
-4.737544741523251e+129
-6.611157817829965e+129
-6.698989830320579e+129
-4.616028627199928e+129
-4.682720737334166e+129
-1.082286695488051e+130
-1.097288444209409e+130
-8.347007083771304e+129
-8.468796212391623e+129
-1.104492247638493e+130
-1.109533905843068e+130
-8.528017011554316e+129
-8.56924555394469e+129
-1.624235314067027e+130
-1.632096807048556e+130
-1.321016595243487e+130
-1.327683038749514e+130
-2.239463139667633e+130
-2.251085206202482e+130
-1.880934715209795e+130
-1.891001079535377e+130
-2.188257497484411e+130
-2.222752625338583e+130
-1.836955850257575e+130
-1.866481624182325e+130
-1.589595300449586e+130
-1.612962933076801e+130
-1.291815786053537e+130
-1.311441882846475e+130
-1.529010115513884e+130
-1.567186812626289e+130
-1.241567510927846e+130
-1.273119165481148e+130
-1.444246346905286e+130
-1.495965607817168e+130
-1.172566472972014e+130
-1.214574129193212e+130
-1.97490228744326e+130
-2.050404572345433e+130
-1.658919011588655e+130
-1.721332767086096e+130
-2.098974929658718e+130
-2.155111530559504e+130
-1.761669483887246e+130
-1.808851582912738e+130
-2.756769964772484e+130
-2.836345018426541e+130
-2.36759284623662e+130
-2.435138259457716e+130
-2.581961297355477e+130
-2.688060399334263e+130
-2.221162071342991e+130
-2.309916740474175e+130
-3.263649302167724e+130
-3.408298725095243e+130
-2.859794022167803e+130
-2.982056399782208e+130
-3.502529787962726e+130
-3.612005123875975e+130
-3.061911718785013e+130
-3.155563666371812e+130
-3.677450125535676e+130
-3.745402633716172e+130
-3.211916004533621e+130
-3.271239909872747e+130
-2.883618431037981e+130
-2.93275804237322e+130
-2.475582598149811e+130
-2.518117144136139e+130
-2.956670276199932e+130
-2.973257074760358e+130
-2.539011588330549e+130
-2.553571519358742e+130
-3.778654300861279e+130
-3.801634490933873e+130
-3.300479690488339e+130
-3.320867367076668e+130
