MFEM mesh v1.0

#
# MFEM Geometry Types (see mesh/geom.hpp):
#
# POINT       = 0
# SEGMENT     = 1
# TRIANGLE    = 2
# SQUARE      = 3
# TETRAHEDRON = 4
# CUBE        = 5
# PRISM       = 6
#

dimension
2

elements
38
1 3 4 5 10 9
1 3 3 4 9 8
1 3 8 9 14 13
1 3 13 14 19 18
1 3 14 15 20 19
1 3 9 10 15 14
1 3 10 23 24 25
1 3 23 11 26 24
1 3 24 26 16 27
1 3 25 24 27 15
1 3 15 27 28 29
1 3 29 28 30 20
1 3 28 31 21 30
1 3 27 16 31 28
1 3 16 32 33 31
1 3 31 33 34 21
1 3 33 35 22 34
1 3 32 17 35 33
1 3 36 37 17 32
1 3 26 36 32 16
1 3 11 38 36 26
1 3 38 12 37 36
1 3 39 40 12 38
1 3 41 7 40 39
1 3 6 41 39 42
1 3 42 39 38 11
1 3 43 42 11 23
1 3 44 43 23 10
1 3 5 45 43 44
1 3 45 6 42 43
1 3 46 47 6 45
1 3 48 46 45 5
1 3 0 49 46 48
1 3 49 1 47 46
1 3 1 50 51 47
1 3 50 2 52 51
1 3 51 52 7 41
1 3 47 51 41 6

boundary
25
3 1 19 18
3 1 20 19
3 1 30 20
3 1 21 30
3 1 34 21
2 1 35 22
3 1 22 34
2 1 17 35
2 1 37 17
2 1 12 37
2 1 40 12
2 1 7 40
1 1 0 49
1 1 49 1
1 1 1 50
1 1 50 2
2 1 2 52
2 1 52 7
20 1 4 5
20 1 3 4
20 1 8 3
20 1 13 8
20 1 18 13
20 1 48 0
20 1 5 48

vertices
53
2
0.875 0
0.9375 0
1 0
0.75 0.125
0.8125 0.125
0.875 0.125
0.9375 0.125
1 0.125
0.75 0.25
0.8125 0.25
0.875 0.25
0.9375 0.25
1 0.25
0.75 0.375
0.8125 0.375
0.875 0.375
0.9375 0.375
1 0.375
0.75 0.5
0.8125 0.5
0.875 0.5
0.9375 0.5
1 0.5
0.90625 0.25
0.90625 0.3125
0.875 0.3125
0.9375 0.3125
0.90625 0.375
0.90625 0.4375
0.875 0.4375
0.90625 0.5
0.9375 0.4375
0.96875 0.375
0.96875 0.4375
0.96875 0.5
1 0.4375
0.96875 0.3125
1 0.3125
0.96875 0.25
0.96875 0.1875
1 0.1875
0.96875 0.125
0.9375 0.1875
0.90625 0.1875
0.875 0.1875
0.90625 0.125
0.90625 0.0625
0.9375 0.0625
0.875 0.0625
0.90625 0
0.96875 0
0.96875 0.0625
1 0.0625
