FiniteElementSpace
FiniteElementCollection: L2_2D_P2
VDim: 1
Ordering: 0

0.032089311
0.018087129
0.0040779201
0.031524389
0.017768718
0.0040061341
0.030948199
0.017443912
0.0039328946
0.033493732
0.018878503
0.0042562929
0.032959223
0.018577332
0.0041884147
0.032412819
0.018269441
0.0041190161
0.071162702
0.056589373
0.041995814
0.070026769
0.055686055
0.041325513
0.068865483
0.05476261
0.040640303
0.068178034
0.054215954
0.040234644
0.066977699
0.053261412
0.039526293
0.065753247
0.052287658
0.038803777
0.10410556
0.090216407
0.076294607
0.10227298
0.088628276
0.074951441
0.10040346
0.08700812
0.073581276
0.1397818
0.1260003
0.11217324
0.1373212
0.1237823
0.11019865
0.13481099
0.1215196
0.10818427
0.14589966
0.13151499
0.11708273
0.14357125
0.12941613
0.11521422
0.14119092
0.12727048
0.11330404
0.10866194
0.094165108
0.079634385
0.10692781
0.092662218
0.078363284
0.10515502
0.091125878
0.077063842
0.11295657
0.097887075
0.082782149
0.11132506
0.096473134
0.081586332
0.10965332
0.09502431
0.080361036
0.15166595
0.13671282
0.12171008
0.14947538
0.13473822
0.11995218
0.14723077
0.13271489
0.11815092
0.15706679
0.14158112
0.12604432
0.15501934
0.13973558
0.12440123
0.15291586
0.13783951
0.12271315
0.11697918
0.10137307
0.085730355
0.11545422
0.10005156
0.084612739
0.11388752
0.098693853
0.08346448
0.076610233
0.060921266
0.045210469
0.075611493
0.060127041
0.044621062
0.07458537
0.059311073
0.044015508
0.073975621
0.058826219
0.043655693
0.072907014
0.05797648
0.043025127
0.071812063
0.057105766
0.042379006
0.03481753
0.019624688
0.0044245311
0.034314615
0.01934119
0.0043606085
0.033799313
0.019050715
0.0042951145
0.036057528
0.020323561
0.0045820907
0.035587463
0.020058639
0.0045223678
0.035104507
0.019786447
0.0044610005
0.03721063
0.020973468
0.0047286082
0.036774533
0.020727677
0.0046731962
0.036325154
0.020474396
0.0046160961
0.079060137
0.062869504
0.046656299
0.078133609
0.062132691
0.046109493
0.077178849
0.061373446
0.04554604
0.081319606
0.064666319
0.047989733
0.080467495
0.063988707
0.047486842
0.079586323
0.063287958
0.046966828
0.038274068
0.021572823
0.0048637284
0.037872996
0.021346799
0.0048127781
0.03745828
0.021113054
0.0047600784
0.039245334
0.022120234
0.0049871364
0.038880308
0.021914489
0.0049407496
0.038501185
0.021700812
0.0048925796
0.040121988
0.02261435
0.0050985382
0.039793819
0.022429382
0.0050568369
0.039451281
0.022236317
0.0050133086
0.085245742
0.067788481
0.050306757
0.084548543
0.067234022
0.049895277
0.083820743
0.066655256
0.049465777
0.083383132
0.066307262
0.049207543
0.082607555
0.065690509
0.048749852
0.081802101
0.06505
0.048274497
0.12732031
0.11033471
0.093309374
0.12613611
0.10930848
0.092441482
0.12490631
0.10824274
0.091540158
0.13016435
0.11279934
0.095393693
0.12909973
0.11187674
0.094613495
0.12798848
0.11091373
0.093799069
0.17477015
0.15753911
0.1402512
0.17334081
0.15625072
0.13910413
0.17184881
0.15490585
0.1379068
0.17095168
0.15409717
0.13718686
0.16936165
0.15266389
0.13591087
0.16771041
0.15117544
0.13458577
0.16672128
0.15028383
0.133792
0.16497445
0.14870917
0.13239016
0.16316802
0.14708078
0.13094048
0.12416964
0.10760434
0.091000234
0.12286863
0.10647688
0.090046701
0.12152322
0.10531092
0.089060652
0.12071982
0.1046147
0.088471847
0.11930518
0.10338878
0.087435055
0.1178474
0.10212547
0.086366654
0.16208931
0.14610839
0.13007481
0.16018983
0.1443962
0.12855053
0.1582325
0.14263188
0.1269798
0.20306868
0.18725071
0.1713651
0.20068906
0.18505644
0.16935695
0.19823687
0.18279526
0.16728759
0.24355859
0.22794202
0.21224282
0.24070461
0.22527102
0.20975571
0.23776365
0.22251855
0.20719276
0.25051838
0.23445546
0.21830786
0.24789371
0.2319991
0.21602061
0.24517942
0.22945889
0.21365527
0.20887169
0.19260171
0.17626209
0.20668327
0.19058374
0.17441531
0.20442011
0.18849687
0.17250553
0.21417135
0.19748859
0.1807345
0.21217943
0.19565182
0.17905352
0.21011083
0.19374434
0.17730781
0.21895503
0.20189972
0.18477151
0.21716437
0.20024852
0.18326037
0.21529523
0.19852494
0.18168296
0.26261216
0.24577383
0.22884671
0.26046448
0.24376381
0.22697514
0.25822267
0.2416657
0.22502155
0.25687469
0.24040415
0.2238469
0.2544856
0.23816828
0.221765
0.25200456
0.23584634
0.21960296
0.29895905
0.28274045
0.26641968
0.29617853
0.28011079
0.26394181
0.29329098
0.27737988
0.26136855
0.30563665
0.28905575
0.27237034
0.30313705
0.28669177
0.27014286
0.30052789
0.28422416
0.26781774
0.34792477
0.33164123
0.3152378
0.34507938
0.32892903
0.3126597
0.34210925
0.32609793
0.3099686
0.34032335
0.32439563
0.30835049
0.33715812
0.32137852
0.30548261
0.33387101
0.31824523
0.30250433
0.33190199
0.31636833
0.30072028
0.32842458
0.31305361
0.29756951
0.32482844
0.30962573
0.2943112
0.29156128
0.27574403
0.25982714
0.28850653
0.27285506
0.25710493
0.28534749
0.26986746
0.25428976
0.28346109
0.26808343
0.2526087
0.28013952
0.26494206
0.24964866
0.27671672
0.26170495
0.24659843
0.322681
0.3075788
0.29236552
0.31889974
0.30397452
0.28893957
0.31500321
0.30026038
0.28540922
0.31268255
0.29804837
0.28330666
0.30860655
0.29416321
0.27961373
0.304419
0.29017174
0.27581975
0.30193072
0.28779996
0.27356534
0.29756986
0.28364331
0.26961443
0.29310144
0.27938419
0.26556613
0.26523372
0.25084505
0.23636532
0.26140318
0.24722226
0.23295159
0.25747821
0.24351017
0.22945367
0.27467821
0.25977703
0.24478184
0.27109779
0.25639091
0.24159119
0.26741943
0.25291217
0.23831318
0.23601211
0.22087924
0.20566634
0.23293569
0.21799994
0.20298536
0.22977503
0.21504185
0.200231
0.19677644
0.18144857
0.16605514
0.19421136
0.17908327
0.16389049
0.19157605
0.17665322
0.16166661
0.19001011
0.17520928
0.16034517
0.18726573
0.17267871
0.15802927
0.18445368
0.17008571
0.15565623
0.22789692
0.21328413
0.19859431
0.22460545
0.21020362
0.19572592
0.22123275
0.20704708
0.1927868
0.21923258
0.20517516
0.19104381
0.21573379
0.20190081
0.18799497
0.212157
0.19855347
0.18487815
0.18278604
0.16854797
0.15424895
0.17986895
0.16585812
0.15178732
0.17688684
0.16310834
0.14927079
0.1751215
0.1614805
0.14778104
0.17203883
0.15863793
0.14517962
0.16889397
0.15573803
0.14252575
0.21003957
0.19657186
0.18303304
0.20634202
0.19311148
0.17981109
0.2025699
0.18958133
0.17652415
0.24445317
0.23119095
0.21784471
0.24015025
0.22712114
0.21400972
0.23576027
0.2229691
0.21009735
0.25515065
0.24130881
0.22737924
0.2510793
0.23745812
0.2237505
0.24691716
0.23352148
0.22004083
0.29045157
0.27685848
0.26316544
0.28581654
0.27244061
0.25896622
0.28107828
0.26792436
0.25467343
0.27827333
0.26525081
0.25213213
0.27337527
0.2605821
0.24769426
0.2683784
0.25581915
0.24316662
0.31142451
0.29866987
0.28580775
0.3059424
0.29341249
0.28077694
0.30034984
0.28804913
0.27564467
0.34382783
0.33137284
0.3187977
0.33777553
0.32553948
0.31318569
0.33160098
0.31958839
0.30746056
0.35887534
0.34587561
0.3327506
0.35314833
0.34035599
0.32744025
0.34729369
0.3347133
0.3220115
0.32505485
0.31174174
0.2983162
0.31986724
0.30676664
0.2935555
0.31456396
0.30168065
0.28868874
0.33790186
0.32406268
0.31010639
0.33302142
0.31938207
0.30562739
0.32802054
0.31458597
0.30103789
0.34993434
0.33560258
0.32114941
0.34537287
0.33122787
0.31696303
0.34068656
0.32673339
0.31266207
0.38634259
0.37234793
0.35821876
0.38130652
0.36749434
0.35354935
0.37613266
0.36250795
0.34875215
0.3730583
0.35954496
0.34590156
0.36767029
0.35435209
0.34090566
0.3621494
0.34903111
0.33578646
0.4073165
0.39416069
0.38086258
0.40143356
0.38846781
0.37536183
0.39540547
0.38263451
0.36972543
0.42182107
0.40819682
0.39442496
0.41632249
0.40287574
0.38928346
0.41067331
0.39740905
0.38400129
0.45628262
0.44306239
0.42968175
0.45033501
0.43728709
0.42408079
0.44422474
0.43135374
0.41832642
0.44059396
0.42782804
0.41490709
0.43423067
0.4216489
0.4089145
0.42771025
0.41531729
0.40277405
0.42384336
0.41156239
0.39913254
0.4170793
0.40499423
0.3927628
0.41016442
0.3982797
0.38625121
0.39183061
0.3791752
0.36638287
0.38557752
0.3731242
0.36053605
0.37918515
0.36693837
0.35455896
0.37540097
0.36327649
0.35102065
0.36879305
0.3568821
0.34484193
0.36205203
0.35035879
0.33853845
0.40607092
0.39430483
0.38239646
0.39892275
0.38736389
0.37566527
0.39163034
0.38028301
0.36879852
0.43576315
0.42438452
0.41285258
0.42809237
0.41691405
0.40558505
0.42026683
0.40929281
0.39817082
0.4548339
0.44295802
0.43092172
0.4475759
0.4358892
0.42404478
0.44015586
0.4286626
0.41701444
0.48472686
0.4732845
0.46167113
0.47699191
0.4657324
0.45430425
0.46908491
0.458012
0.44677295
0.46440424
0.45344157
0.44231434
0.45623038
0.44546007
0.43452831
0.44789099
0.43731708
0.42658507
0.49192379
0.48140287
0.47070816
0.4832655
0.47293013
0.46242363
0.47443301
0.4642865
0.45397149
0.51826037
0.5082052
0.49796654
0.5091374
0.49925962
0.48920158
0.4998309
0.49013415
0.48026039
0.54094327
0.53044775
0.51976058
0.53231039
0.52198236
0.51146583
0.52348495
0.51332826
0.50298622
0.513453
0.50247078
0.49130706
0.50525897
0.49445216
0.48346687
0.4968824
0.48625511
0.47545235
0.53374561
0.52232918
0.51072404
0.52603661
0.51478511
0.5033477
0.51813746
0.507055
0.49578938
0.56232065
0.55141147
0.54030248
0.55419997
0.54344781
0.53249886
0.54587845
0.53528732
0.52450263
0.58234285
0.57104479
0.55954082
0.57475203
0.56360179
0.55224785
0.56695407
0.55595522
0.54475501
0.55275124
0.54092916
0.52891092
0.54554653
0.53387809
0.52201628
0.53814428
0.52663383
0.51493298
0.52182667
0.50950779
0.49700493
0.51502441
0.50286626
0.49052644
0.50803609
0.49604301
0.48387064
0.50388358
0.49198853
0.47991567
0.49660606
0.48488286
0.47298452
0.48914904
0.47760207
0.46588264
0.4728081
0.46046315
0.44795169
0.46597973
0.45381314
0.44148228
0.45898308
0.44699905
0.43485312
0.4896442
0.47685945
0.46390234
0.48326166
0.47064358
0.45785538
0.47670444
0.46425765
0.45164306
0.50530073
0.4921071
0.47873564
0.49937966
0.48634066
0.47312591
0.49327809
0.48039846
0.46734518
0.51974002
0.50616931
0.49241562
0.51429467
0.50086613
0.48725658
0.50866341
0.49538194
0.48192147
0.55389986
0.54082442
0.52755325
0.54809671
0.53515828
0.52202608
0.54209565
0.52929873
0.5163102
0.53851219
0.5257997
0.51289697
0.53220216
0.51963839
0.50688682
0.52569954
0.51328918
0.50069347
0.57042437
0.55822416
0.54582241
0.56374038
0.55168348
0.53942695
0.55685304
0.54494345
0.53283629
0.60096458
0.58930458
0.57743166
0.59392217
0.58239878
0.57066524
0.58666497
0.57528268
0.56369303
0.61813817
0.60614503
0.59393285
0.61166169
0.59979417
0.58770996
0.60496405
0.5932265
0.58127457
0.58672518
0.5741758
0.56141907
0.58057781
0.56815996
0.55553704
0.57422054
0.56193887
0.54945446
0.60161229
0.58874427
0.57566373
0.5960168
0.58326861
0.57030981
0.59020597
0.57758215
0.56474972
0.6338227
0.6215252
0.60900299
0.62792745
0.61574438
0.60333869
0.62180535
0.60974108
0.59745641
0.64798017
0.63540806
0.62260625
0.64268073
0.63021139
0.61751423
0.63714893
0.62478689
0.61219897
0.61505049
0.60189484
0.58852169
0.61002024
0.5969722
0.58370856
0.60476946
0.59183382
0.57868454
0.58063914
0.56693224
0.55302066
0.5758906
0.56229592
0.54849807
0.57093398
0.55745637
0.54377722
0.56795367
0.5545464
0.54093862
0.56267147
0.54938888
0.53590761
0.55718586
0.54403279
0.53068292
0.53292723
0.51901221
0.50490954
0.5279707
0.5141851
0.50021361
0.52282336
0.50917215
0.49533687
0.54483045
0.53060471
0.51618712
0.5403748
0.52626537
0.51196563
0.53572381
0.52173578
0.5075591
0.5077085
0.49299816
0.47810953
0.50355633
0.48896632
0.47419948
0.49922219
0.48475778
0.47011805
0.46936305
0.45420356
0.43887985
0.46552454
0.45048902
0.43529064
0.46151778
0.44661169
0.43154415
0.4591086
0.44428033
0.42929145
0.45483871
0.44014835
0.42529885
0.45040444
0.43585727
0.4211525
0.49661617
0.48222727
0.46766397
0.49199738
0.47774231
0.4633145
0.48720074
0.47308468
0.45879758
0.48432749
0.47029471
0.45609188
0.47925322
0.4653675
0.45131346
0.47400577
0.46027207
0.44637187
0.47087227
0.45722935
0.443421
0.4653547
0.45187162
0.438225
0.45966892
0.44635056
0.43287062
0.43530905
0.42124923
0.40703708
0.43020808
0.41631302
0.40226741
0.42495164
0.41122634
0.39735228
0.44774824
0.43328683
0.41866871
0.4430572
0.42874722
0.41428214
0.43820597
0.4240526
0.40974586
0.41008951
0.39523441
0.38023669
0.40579286
0.39109351
0.37625291
0.40134957
0.38681124
0.37213309
0.3986963
0.38425408
0.36967296
0.39402434
0.37975133
0.36534114
0.38920991
0.37511134
0.36087729
0.3611236
0.34633372
0.33141855
0.356892
0.34227538
0.32753493
0.35253139
0.33809331
0.32353291
0.37144305
0.35623044
0.34088912
0.36755137
0.35249816
0.33731758
0.36352682
0.34863849
0.33362411
0.3808675
0.36526901
0.34953848
0.37732522
0.3618718
0.34628755
0.37364661
0.35834378
0.34291145
0.42049468
0.40526271
0.3898843
0.41658386
0.40149348
0.38625814
0.41252242
0.39757914
0.38249242
0.42988663
0.41431459
0.39859285
0.42637098
0.41092627
0.39533302
0.42270124
0.40738939
0.39193029
0.38937464
0.37342764
0.35734575
0.38619018
0.37037364
0.3544233
0.38286616
0.3671858
0.35137273
0.39694357
0.38068673
0.36429219
0.3941248
0.37798333
0.36170518
0.39116355
0.37514329
0.35898749
0.43824314
0.42236837
0.40634093
0.43513103
0.41936898
0.40345542
0.43186164
0.41621804
0.40042409
0.44554373
0.4294045
0.41311022
0.44284279
0.42680142
0.41060585
0.4399818
0.42404406
0.40795304
0.40355633
0.38702858
0.37036098
0.40110985
0.38468233
0.36811578
0.39851839
0.38219706
0.3657375
0.4091968
0.39243799
0.37553738
0.40712863
0.39045453
0.37363936
0.4049133
0.38832995
0.3716063
0.41385148
0.39690205
0.37980922
0.41216651
0.39528611
0.37826286
0.41033261
0.3935273
0.37657978
0.45690996
0.44035905
0.42364911
0.45504974
0.43856617
0.42192423
0.45302504
0.43661477
0.42004691
0.45177103
0.43540618
0.4188842
0.44948766
0.43320554
0.41676707
0.44704186
0.43084834
0.4144993
0.49325707
0.47732584
0.4612221
0.49076402
0.47491333
0.45889096
0.48809363
0.47232916
0.45639398
0.49886799
0.48275549
0.46646851
0.49683689
0.48079001
0.46456937
0.49462623
0.47865077
0.46250233
0.53962384
0.52398877
0.50816428
0.53742683
0.52185546
0.50609535
0.53503558
0.51953354
0.50384353
0.53355458
0.51809546
0.50244886
0.53085786
0.51547686
0.49990934
0.52796924
0.51267194
0.49718918
0.52619989
0.51095384
0.49552301
0.52301
0.50785634
0.49251907
0.51963105
0.5045753
0.4893371
0.48645795
0.47074627
0.4548645
0.48350898
0.46789252
0.45210702
0.48038521
0.46486967
0.44918616
0.47848686
0.46303266
0.44741113
0.47508899
0.45974454
0.44423395
0.47151941
0.45629027
0.44089618
0.51757763
0.50258139
0.48740338
0.51390219
0.49901243
0.48394218
0.51004103
0.49526312
0.48030608
0.55542097
0.54091882
0.52622104
0.55147687
0.53707767
0.52248422
0.54733347
0.5330424
0.51855859
0.56467374
0.54992988
0.53498726
0.56125053
0.54659609
0.5317441
0.5576245
0.5430648
0.52830873
0.6017877
0.58758114
0.57316241
0.59813938
0.58401901
0.56968772
0.59427489
0.58024579
0.56600714
0.5919264
0.57795278
0.56377045
0.58772279
0.57384847
0.55976701
0.58330678
0.56953682
0.5555613
0.62700679
0.61359546
0.59996229
0.62255405
0.60923795
0.5957016
0.6178763
0.60466023
0.5912256
0.66057656
0.64776004
0.63470939
0.65588537
0.64315992
0.63020196
0.65095721
0.63832737
0.62546677
0.67158162
0.6585515
0.64528343
0.66751031
0.65455908
0.64137142
0.66319751
0.65033005
0.63722761
0.63745249
0.62381769
0.60995746
0.63358798
0.62003584
0.60625962
0.62949446
0.61602991
0.60234266
0.64636233
0.63253707
0.61848316
0.6430954
0.62933996
0.61535704
0.63959599
0.62591536
0.61200853
0.68096745
0.6677559
0.65430267
0.67752605
0.66438102
0.65099565
0.6738397
0.66076592
0.64745327
0.68871272
0.67535133
0.6617453
0.68590895
0.67260184
0.65905115
0.68285739
0.66960931
0.65611881
0.65371471
0.63973235
0.62551875
0.65105324
0.63712776
0.62297196
0.64815647
0.63429288
0.62019999
0.61714058
0.60257152
0.5877849
0.61462788
0.60011813
0.58539168
0.61189302
0.59744781
0.58278689
0.61019917
0.59579395
0.58117363
0.60711492
0.59278255
0.57823615
0.60381128
0.58955692
0.5750897
0.57256626
0.55761624
0.54246473
0.56967231
0.55479788
0.53972298
0.56657248
0.55177902
0.53678614
0.57907958
0.56395936
0.54863542
0.57672181
0.5616632
0.54640169
0.57415562
0.55916406
0.54397048
0.58419774
0.56894393
0.55348447
0.58238199
0.56717555
0.55176414
0.58035571
0.56520215
0.54984441
0.58790842
0.57255761
0.55700006
0.58663895
0.57132136
0.55579737
0.58515749
0.56987863
0.55439379
0.62654954
0.61175854
0.59674652
0.62519671
0.61043763
0.59545795
0.62361791
0.60889608
0.5939542
0.62259508
0.60789738
0.59298002
0.62065998
0.60600792
0.59113696
0.61850055
0.60389941
0.58908021
0.65949237
0.64538634
0.63104718
0.65744262
0.64338046
0.62908585
0.65515524
0.64114206
0.62689716
0.69479904
0.6813199
0.66759391
0.69263989
0.67920247
0.66551899
0.69023029
0.6768395
0.66320352
0.69921139
0.6856464
0.67183367
0.69770181
0.6841663
0.67038329
0.69594024
0.68243901
0.66869059
0.66368106
0.64948567
0.63505538
0.66224813
0.64808325
0.63368413
0.6605758
0.64644661
0.63208389
0.66627073
0.65202015
0.63753361
0.66545796
0.65122473
0.63675585
0.66440472
0.65019394
0.63574792
0.70194026
0.68832205
0.67445515
0.70108377
0.68748219
0.67363235
0.69997389
0.68639398
0.67256617
0.70297803
0.68933995
0.67545219
0.70277698
0.68914272
0.67525909
0.702322
0.68869644
0.67482193
0.66725544
0.65298377
0.63847583
0.66706475
0.65279715
0.63829337
0.666633
0.65237465
0.63788024
0.62992416
0.6150535
0.59996079
0.62974415
0.61487772
0.5997893
0.62933654
0.61447973
0.59940105
0.62899454
0.61414581
0.59907531
0.6282272
0.61339658
0.59834444
0.62723278
0.61242566
0.5973973
0.59020279
0.57479209
0.55917379
0.58948271
0.57409078
0.55849155
0.58854956
0.57318199
0.55760747
0.59107521
0.5756418
0.56000043
0.59090624
0.57547723
0.55984032
0.59052372
0.57510467
0.55947787
0.55080213
0.53484312
0.51869081
0.55064468
0.53469025
0.51854252
0.55028821
0.53434414
0.51820681
0.50920185
0.49275534
0.47613094
0.50905626
0.4926145
0.4759949
0.50872669
0.49229564
0.4756868
0.5084502
0.49202811
0.47542829
0.50782987
0.49142784
0.47484828
0.50702599
0.49064995
0.47409668
0.54998913
0.53405374
0.51792517
0.54931812
0.53340217
0.51729327
0.54844856
0.5325578
0.51647439
0.54785111
0.53197763
0.51591176
0.54666814
0.53082891
0.51479775
0.54528756
0.52948834
0.51349772
0.54439317
0.52861988
0.51265551
0.54270112
0.52697688
0.51106216
0.54081295
0.52514343
0.50928409
0.50327704
0.48702211
0.4705912
0.50171285
0.48550842
0.46912857
0.49996731
0.48381928
0.4674964
0.50647365
0.49011548
0.47358027
0.50538005
0.48905722
0.47255772
0.50410382
0.4878222
0.47136433
0.46387596
0.44707255
0.43010789
0.46287438
0.44610729
0.42917921
0.46170547
0.4449808
0.42809542
0.4609482
0.44425099
0.42739331
0.45951553
0.44287024
0.42606499
0.4579168
0.44132943
0.42458268
0.4175091
0.40040994
0.38316604
0.4162115
0.39916545
0.38197513
0.41476346
0.39777667
0.38064617
0.42016091
0.40295307
0.38559976
0.41925371
0.40208305
0.38476717
0.41819498
0.40106772
0.38379552
0.42180047
0.40452551
0.3871045
0.42128591
0.40403201
0.38663225
0.42061909
0.40339248
0.38602025
0.46568611
0.44881719
0.43178628
0.46511798
0.44826963
0.43125953
0.46438178
0.44756006
0.4305769
0.46637444
0.44948068
0.43242455
0.46624116
0.44935217
0.43230091
0.46593935
0.44906125
0.43202105
0.42242391
0.40512337
0.38767667
0.42230316
0.40500761
0.38756586
0.42202981
0.40474547
0.38731498
0.37745623
0.35979075
0.34199505
0.37734832
0.3596879
0.34189729
0.37710404
0.35945506
0.34167599
0.3768991
0.3592597
0.34149031
0.37643929
0.35882138
0.34107369
0.37584342
0.35825338
0.34053375
0.33108957
0.31312776
0.29505275
0.33068565
0.31274573
0.29469276
0.33016216
0.31225067
0.29422628
0.33157896
0.31359065
0.29548887
0.33148416
0.31350099
0.29540443
0.33126959
0.31329803
0.29521321
0.28490235
0.26663467
0.24827064
0.28482092
0.26655841
0.24819965
0.28463655
0.26638582
0.24803896
0.23753936
0.21903655
0.20045465
0.23747146
0.21897395
0.20039733
0.23731774
0.21883222
0.2002676
0.23718877
0.21871328
0.20015877
0.23689943
0.21844643
0.19991457
0.23652447
0.21810063
0.19959809
0.28448183
0.26624103
0.24790416
0.28413474
0.26591621
0.24760176
0.28368498
0.26549532
0.24720987
0.28337597
0.26520615
0.24694062
0.28276413
0.26463357
0.24640746
0.28205005
0.26396534
0.24578521
0.23626684
0.21786305
0.19938066
0.23575671
0.21739265
0.19895018
0.23516133
0.21684367
0.1984478
0.23477563
0.21648803
0.19812233
0.23404597
0.21581521
0.19750657
0.2332317
0.21506438
0.19681943
0.28158745
0.26353242
0.2453821
0.28071227
0.26271338
0.24461947
0.27973564
0.26179934
0.24376839
0.3277209
0.30994184
0.29205072
0.32670229
0.30897848
0.291143
0.32556561
0.30790346
0.29013007
0.32980248
0.31191053
0.29390578
0.32909034
0.31123703
0.29327118
0.3282593
0.31045105
0.29253054
0.375434
0.35786311
0.34016277
0.37462333
0.35709036
0.33942824
0.37367725
0.35618855
0.33857108
0.37306435
0.35560432
0.33801578
0.37190483
0.35449906
0.33696517
0.37061091
0.35326567
0.33579279
0.36979602
0.35248892
0.33505447
0.36829043
0.35105384
0.33369036
0.36665175
0.34949189
0.33220562
0.32484977
0.30722644
0.28949215
0.32352719
0.30597561
0.28831353
0.32208765
0.30461419
0.28703069
0.32119607
0.30377099
0.28623616
0.31957264
0.30223564
0.28478942
0.31783369
0.30059103
0.28323978
0.36563686
0.34852451
0.33128604
0.36378887
0.34676298
0.32961161
0.36180939
0.34487609
0.32781804
0.36059688
0.34372029
0.32671941
0.35841085
0.34163652
0.3247387
0.35609524
0.33942928
0.32264065
0.35468802
0.33808794
0.32136566
0.35216924
0.33568707
0.31908354
0.34952322
0.33316487
0.31668609
0.31157787
0.29467462
0.27766489
0.30936526
0.29258206
0.27569309
0.30704083
0.29038375
0.27362167
0.31676852
0.29958365
0.28229058
0.31484816
0.29776748
0.28057925
0.31281402
0.29584369
0.27876651
0.27217699
0.25472529
0.23718163
0.270527
0.25318111
0.23574377
0.26877922
0.25154545
0.2342207
0.26771708
0.25055143
0.23329514
0.2658159
0.24877218
0.23163848
0.26381867
0.24690299
0.22989809
0.22321119
0.2058245
0.18836335
0.22162613
0.20436285
0.18702566
0.21996096
0.20282732
0.18562041
0.2269297
0.20925328
0.19150132
0.22555398
0.20798476
0.19034042
0.22409674
0.20664108
0.18911069
0.23010148
0.21217806
0.1941779
0.22893851
0.21110563
0.19319647
0.22769277
0.2099569
0.19214523
0.2759812
0.25828558
0.24049668
0.27458627
0.2569801
0.23928117
0.27309217
0.25558179
0.23797916
0.27912057
0.26122369
0.24323239
0.27798417
0.26016014
0.24224208
0.27674728
0.25900254
0.24116423
0.23271888
0.21459153
0.1963867
0.23177141
0.2137179
0.19558716
0.23074017
0.21276701
0.1947169
0.1857567
0.16744263
0.1490681
0.18500043
0.16676094
0.14846119
0.18417729
0.166019
0.14780062
0.1383472
0.11989058
0.10139072
0.13778393
0.11940245
0.10097791
0.13717084
0.11887117
0.1005286
0.13679112
0.11854212
0.10025032
0.1360997
0.11794296
0.099743606
0.1353591
0.11730115
0.099200857
0.18366748
0.16555947
0.14739149
0.18273919
0.16472269
0.1466465
0.18174486
0.16382636
0.14584851
0.18113579
0.1632773
0.14535971
0.18003768
0.16228739
0.14447845
0.17887446
0.16123882
0.14354497
0.17816756
0.16060161
0.14297769
0.17690227
0.15946107
0.1419623
0.17557309
0.1582629
0.14089559
0.13269477
0.11499219
0.097248172
0.1317524
0.11417553
0.096557501
0.13076241
0.11331762
0.09583197
0.13490545
0.116908
0.098868395
0.13408757
0.1161992
0.098268977
0.13322125
0.11544843
0.09763404
0.088350785
0.070257612
0.05213919
0.087815144
0.069831661
0.051823067
0.087247761
0.069380482
0.051488198
0.086902944
0.069106301
0.051284707
0.086285746
0.068615529
0.050920504
0.085637393
0.06809995
0.050537901
0.040901985
0.023054076
0.0051976975
0.040611502
0.022890327
0.005160775
0.040306341
0.022718278
0.0051219737
0.041583481
0.023438113
0.0052842621
0.04133137
0.023296055
0.0052522444
0.041064288
0.02314555
0.0052183198
0.042164759
0.023765757
0.0053581345
0.041951605
0.023645607
0.0053310434
0.04172331
0.023516916
0.0053020266
0.089585706
0.071239703
0.052868026
0.089132885
0.0708796
0.052600774
0.088647873
0.070493878
0.052314524
0.0906048
0.072050102
0.053469472
0.090235901
0.071756741
0.05325175
0.089834391
0.071437457
0.053014793
0.042644455
0.024036123
0.0054190877
0.042470809
0.023938251
0.0053970224
0.042281819
0.023831735
0.0053730099
0.043021347
0.024248558
0.0054669824
0.042887642
0.02417318
0.0054499848
0.042738434
0.024089086
0.0054310278
0.043294623
0.02440259
0.0055017112
0.043201132
0.024349883
0.0054898253
0.043092025
0.024288397
0.0054759638
0.091986301
0.073148695
0.054284707
0.091787662
0.072990768
0.054167504
0.091555847
0.07280644
0.054030703
0.091405665
0.072687015
0.053942081
0.091121537
0.072461063
0.053774427
0.090804471
0.0722089
0.053587317
0.13956996
0.12095025
0.10228689
0.13913615
0.1205743
0.10196894
0.13865207
0.12015478
0.10161415
0.18739843
0.16892254
0.1503856
0.18681597
0.16839749
0.14991818
0.18616602
0.1678116
0.14939658
0.18858868
0.16999556
0.15134094
0.1881815
0.16962847
0.15101408
0.1877063
0.16920008
0.15063268
0.14045658
0.12171856
0.10293666
0.14015322
0.1214557
0.10271436
0.13979926
0.12114896
0.10245494
0.14100477
0.12219361
0.10333841
0.14083277
0.12204452
0.10321232
0.1406098
0.12185131
0.10304892
0.18932464
0.17065895
0.15193159
0.18909366
0.17045073
0.15174625
0.18879433
0.17018093
0.15150602
0.18960453
0.17091125
0.15215618
0.1895503
0.17086239
0.15211268
0.18942759
0.17075177
0.1520142
0.14121319
0.12237421
0.10349118
0.14117281
0.12233922
0.10346159
0.14108143
0.12226005
0.10339461
0.092481845
0.07354273
0.054577115
0.092455403
0.073521685
0.054561486
0.092395532
0.073474078
0.054526153
0.092345308
0.073434153
0.054496522
0.092232642
0.073344575
0.054430045
0.092086626
0.073228464
0.054343895
0.043463558
0.024497833
0.0055231902
0.04341053
0.024467933
0.0055164453
0.04334183
0.024429206
0.0055077135
0.043527864
0.02453412
0.0055313809
0.043515385
0.024527061
0.0055297823
0.043487197
0.024511162
0.0055261971
