FiniteElementSpace
FiniteElementCollection: L2_2D_P4
VDim: 1
Ordering: 0

-2.065540136491883e+135
-1.884757724897953e+135
-1.34914473788124e+135
-3.903841144378271e+134
5.080893266560788e+134
-5.914579694149111e+135
-6.274301907989498e+135
-7.300820249516023e+135
-8.77382896231576e+135
-9.686652932156921e+135
1.074271688020876e+136
1.089981974759123e+136
1.051399049346429e+136
8.607783434800076e+135
5.651232873144901e+135
-3.047319035284201e+135
-2.812314828725736e+135
2.934244406289937e+134
5.910454331573257e+135
9.759471803927787e+135
7.627665060970812e+135
5.796155612714029e+135
-1.296301279501769e+135
-2.853283866239706e+135
2.222499324752983e+135
