FiniteElementSpace
FiniteElementCollection: L2_2D_P3
VDim: 1
Ordering: 0

2.0044093e+19
2.0036888e+19
2.0028922e+19
2.0023909e+19
2.0044093e+19
2.0036888e+19
2.0028922e+19
2.0023909e+19
2.0044093e+19
2.0036888e+19
2.0028922e+19
2.0023909e+19
2.0044093e+19
2.0036888e+19
2.0028922e+19
2.0023909e+19
2.0044093e+19
2.0036888e+19
2.0028922e+19
2.0023909e+19
2.0044093e+19
2.0036888e+19
2.0028922e+19
2.0023909e+19
2.0044093e+19
2.0036888e+19
2.0028922e+19
2.0023909e+19
2.0044093e+19
2.0036888e+19
2.0028922e+19
2.0023909e+19
2.0086053e+19
2.0072612e+19
2.0057846e+19
2.0048617e+19
2.0086053e+19
2.0072612e+19
2.0057846e+19
2.0048617e+19
2.0086053e+19
2.0072612e+19
2.0057846e+19
2.0048617e+19
2.0086053e+19
2.0072612e+19
2.0057846e+19
2.0048617e+19
2.0086054e+19
2.0072611e+19
2.0057846e+19
2.0048617e+19
2.0086054e+19
2.0072611e+19
2.0057846e+19
2.0048617e+19
2.0086054e+19
2.0072611e+19
2.0057846e+19
2.0048617e+19
2.0086054e+19
2.0072611e+19
2.0057846e+19
2.0048617e+19
2.0086054e+19
2.0072612e+19
2.0057846e+19
2.0048618e+19
2.0086054e+19
2.0072612e+19
2.0057846e+19
2.0048618e+19
2.0086054e+19
2.0072611e+19
2.0057846e+19
2.0048618e+19
2.0086054e+19
2.0072611e+19
2.0057846e+19
2.0048618e+19
2.0044093e+19
2.0036888e+19
2.0028922e+19
2.0023909e+19
2.0044093e+19
2.0036888e+19
2.0028922e+19
2.0023909e+19
2.0044093e+19
2.0036888e+19
2.0028922e+19
2.0023909e+19
2.0044093e+19
2.0036888e+19
2.0028922e+19
2.0023909e+19
2.0044093e+19
2.0036888e+19
2.0028922e+19
2.0023909e+19
2.0044093e+19
2.0036888e+19
2.0028922e+19
2.0023909e+19
2.0044093e+19
2.0036888e+19
2.0028922e+19
2.0023909e+19
2.0044093e+19
2.0036888e+19
2.0028922e+19
2.0023909e+19
2.0021436e+19
2.0017467e+19
2.0013015e+19
2.0010152e+19
2.0021436e+19
2.0017467e+19
2.0013015e+19
2.0010152e+19
2.0021436e+19
2.0017467e+19
2.0013015e+19
2.0010152e+19
2.0021436e+19
2.0017467e+19
2.0013015e+19
2.0010152e+19
2.0021436e+19
2.0017467e+19
2.0013015e+19
2.0010152e+19
2.0021436e+19
2.0017467e+19
2.0013015e+19
2.0010152e+19
2.0021436e+19
2.0017467e+19
2.0013015e+19
2.0010152e+19
2.0021436e+19
2.0017467e+19
2.0013015e+19
2.0010152e+19
2.0008718e+19
2.0006359e+19
2.0003601e+19
2.0001722e+19
2.0008718e+19
2.0006359e+19
2.0003601e+19
2.0001722e+19
2.0008718e+19
2.0006359e+19
2.0003601e+19
2.0001722e+19
2.0008718e+19
2.0006359e+19
2.0003601e+19
2.0001722e+19
2.0008718e+19
2.0006359e+19
2.0003601e+19
2.0001722e+19
2.0008718e+19
2.0006359e+19
2.0003601e+19
2.0001722e+19
2.0008718e+19
2.0006359e+19
2.0003601e+19
2.0001722e+19
2.0008718e+19
2.0006359e+19
2.0003601e+19
2.0001722e+19
2.0008718e+19
2.0006359e+19
2.0003601e+19
2.0001722e+19
2.0008718e+19
2.0006359e+19
2.0003601e+19
2.0001722e+19
2.0008718e+19
2.0006359e+19
2.0003601e+19
2.0001722e+19
2.0008718e+19
2.0006359e+19
2.0003601e+19
2.0001722e+19
2.0021436e+19
2.0017467e+19
2.0013015e+19
2.0010152e+19
2.0021436e+19
2.0017467e+19
2.0013015e+19
2.0010152e+19
2.0021436e+19
2.0017467e+19
2.0013015e+19
2.0010152e+19
2.0021436e+19
2.0017467e+19
2.0013015e+19
2.0010152e+19
2.0021436e+19
2.0017467e+19
2.0013015e+19
2.0010152e+19
2.0021436e+19
2.0017467e+19
2.0013015e+19
2.0010152e+19
2.0021436e+19
2.0017467e+19
2.0013015e+19
2.0010152e+19
2.0021436e+19
2.0017467e+19
2.0013015e+19
2.0010152e+19
