MFEM mesh v1.0

#
# MFEM Geometry Types (see mesh/geom.hpp):
#
# POINT       = 0
# SEGMENT     = 1
# TRIANGLE    = 2
# SQUARE      = 3
# TETRAHEDRON = 4
# CUBE        = 5
# PRISM       = 6
#

dimension
2

elements
14
1 3 6 0 5 4
1 3 0 7 8 5
1 3 5 8 9 3
1 3 8 10 11 9
1 3 7 12 10 8
1 3 12 13 14 10
1 3 13 1 15 14
1 3 14 15 16 17
1 3 10 14 17 11
1 3 11 17 18 19
1 3 17 16 20 18
1 3 18 20 2 21
1 3 19 18 21 22
1 3 23 19 22 24

boundary
20
1 1 6 0
1 1 0 7
1 1 7 12
1 1 12 13
1 1 13 1
6 1 5 4
6 1 4 6
6 1 9 3
6 1 3 5
6 1 11 9
6 1 1 15
6 1 15 16
6 1 19 11
6 1 2 21
6 1 21 22
6 1 23 19
6 1 22 24
6 1 24 23
6 1 20 2
6 1 16 20

vertices
25
2
0.0625 0
0.125 0
0.125 0.125
0.0625 0.0625
0.046875 0.03125
0.0625 0.03125
0.046875 0
0.078125 0
0.078125 0.03125
0.078125 0.0625
0.09375 0.03125
0.09375 0.0625
0.09375 0
0.109375 0
0.109375 0.03125
0.125 0.03125
0.125 0.0625
0.109375 0.0625
0.109375 0.09375
0.09375 0.09375
0.125 0.09375
0.109375 0.125
0.09375 0.125
0.078125 0.09375
0.078125 0.125
