FiniteElementSpace
FiniteElementCollection: L2_2D_P3
VDim: 1
Ordering: 0

4.1842259e+15
4.2584982e+15
4.3608857e+15
4.4438671e+15
4.1842258e+15
4.2584982e+15
4.3608857e+15
4.443867e+15
4.1842258e+15
4.2584982e+15
4.3608857e+15
4.443867e+15
4.1842259e+15
4.2584982e+15
4.3608857e+15
4.4438671e+15
3.928227e+15
3.9910493e+15
4.0768299e+15
4.1460437e+15
3.9282273e+15
3.9910494e+15
4.0768299e+15
4.1460436e+15
3.9282275e+15
3.9910495e+15
4.0768299e+15
4.1460436e+15
3.928227e+15
3.9910493e+15
4.0768299e+15
4.1460437e+15
3.928233e+15
3.9910513e+15
4.0768294e+15
4.146043e+15
3.9282282e+15
3.9910498e+15
4.0768298e+15
4.1460435e+15
3.928227e+15
3.9910493e+15
4.0768299e+15
4.1460437e+15
3.9282269e+15
3.9910493e+15
4.0768299e+15
4.1460437e+15
4.1842253e+15
4.2584981e+15
4.3608858e+15
4.4438662e+15
4.1842258e+15
4.2584982e+15
4.3608857e+15
4.4438669e+15
4.1842259e+15
4.2584982e+15
4.3608857e+15
4.4438671e+15
4.1842259e+15
4.2584982e+15
4.3608857e+15
4.4438671e+15
4.5127982e+15
4.6969531e+15
4.963633e+15
5.1898183e+15
4.5127983e+15
4.696953e+15
4.9636328e+15
5.1898185e+15
4.5127983e+15
4.696953e+15
4.9636329e+15
5.1898184e+15
4.5127983e+15
4.696953e+15
4.9636329e+15
5.1898185e+15
4.5127597e+15
4.696987e+15
4.9636722e+15
5.1897697e+15
4.5127597e+15
4.696987e+15
4.9636722e+15
5.1897697e+15
4.5127597e+15
4.696987e+15
4.9636722e+15
5.1897697e+15
4.5127599e+15
4.6969868e+15
4.963672e+15
5.1897699e+15
3.9458489e+15
4.0741104e+15
4.26144e+15
4.4212663e+15
3.9458486e+15
4.0741104e+15
4.26144e+15
4.4212663e+15
3.9458492e+15
4.0741103e+15
4.26144e+15
4.4212662e+15
3.9458455e+15
4.0741106e+15
4.2614401e+15
4.4212666e+15
4.1841031e+15
4.2585222e+15
4.3609528e+15
4.4436703e+15
4.1841031e+15
4.2585222e+15
4.3609528e+15
4.4436703e+15
4.1841031e+15
4.2585222e+15
4.3609528e+15
4.4436702e+15
4.1841031e+15
4.2585222e+15
4.3609528e+15
4.4436702e+15
3.9296203e+15
3.9914217e+15
4.0766881e+15
4.1458623e+15
3.9296203e+15
3.9914217e+15
4.0766881e+15
4.1458623e+15
3.9296203e+15
3.9914218e+15
4.0766881e+15
4.1458623e+15
3.9296204e+15
3.9914217e+15
4.0766881e+15
4.1458623e+15
3.9296203e+15
3.9914218e+15
4.0766881e+15
4.1458623e+15
3.9296203e+15
3.9914218e+15
4.0766881e+15
4.1458623e+15
3.9296203e+15
3.9914217e+15
4.0766881e+15
4.1458623e+15
3.9296203e+15
3.9914217e+15
4.0766881e+15
4.1458623e+15
4.1841031e+15
4.2585222e+15
4.3609528e+15
4.4436702e+15
4.1841031e+15
4.2585222e+15
4.3609528e+15
4.4436702e+15
4.1841031e+15
4.2585222e+15
4.3609528e+15
4.4436702e+15
4.1841031e+15
4.2585222e+15
4.3609528e+15
4.4436703e+15
4.5127598e+15
4.696987e+15
4.9636722e+15
5.1897697e+15
4.5127598e+15
4.696987e+15
4.9636722e+15
5.1897697e+15
4.5127598e+15
4.696987e+15
4.9636722e+15
5.1897697e+15
4.5127598e+15
4.696987e+15
4.9636722e+15
5.1897697e+15
5.3852596e+15
5.9376881e+15
6.8148861e+15
7.6298775e+15
5.3852596e+15
5.9376881e+15
6.8148861e+15
7.6298775e+15
5.3852596e+15
5.9376881e+15
6.8148861e+15
7.6298775e+15
5.3852596e+15
5.9376881e+15
6.8148861e+15
7.6298775e+15
8.1228043e+15
9.1738259e+15
1.0833208e+16
1.2368812e+16
8.1228043e+15
9.1738259e+15
1.0833208e+16
1.2368812e+16
8.1228043e+15
9.1738259e+15
1.0833208e+16
1.2368812e+16
8.1228043e+15
9.1738259e+15
1.0833208e+16
1.2368812e+16
