FiniteElementSpace
FiniteElementCollection: L2_2D_P3
VDim: 1
Ordering: 0

9.354311102134359e+118
5.170702858944524e+118
-4.895706304097723e+117
-1.367680508435645e+117
9.364009266586856e+118
5.686037560651231e+118
-4.065976976963008e+117
-1.545392939738673e+117
9.314842444644169e+118
6.081666526072856e+118
-3.197674408516956e+117
-1.752022381161187e+117
9.28438559225e+118
6.19790858424871e+118
-2.895003818688949e+117
-1.825440993943109e+117
6.197272113716783e+118
2.032862270787875e+118
-8.636161671825018e+117
1.173379876590705e+116
7.497140614598443e+118
2.983457147663232e+118
-7.909123436530125e+117
-3.435984840301433e+116
8.73776861459768e+118
4.100162196256512e+118
-6.509548953578103e+117
-9.108897467665844e+116
9.209794406708186e+118
4.842210153346907e+118
-5.457084032557412e+117
-1.21811654732231e+117
-9.303105899413555e+118
2.054932882745068e+118
9.335848369951453e+118
8.373119285442446e+118
-2.086127310476822e+119
-5.745033698045738e+118
7.649066288682846e+118
9.401625211052238e+118
-3.189128214754671e+119
-1.668906998034906e+119
3.565296269683142e+118
9.75996198302379e+118
-3.435431418879024e+119
-2.390874893741872e+119
-2.174282446796599e+117
9.337803944815997e+118
-3.351331248837668e+119
-2.68187447803823e+119
-2.267270215976197e+118
9.036913036595047e+118
-2.902260435061883e+119
-3.061039335397008e+119
-5.646400080274311e+118
8.320474611711241e+118
-2.257539825146577e+119
-3.273208054484596e+119
-8.777726721838139e+118
7.608279824093635e+118
-1.998982176774907e+119
-3.310219546936648e+119
-9.820393990260885e+118
7.340876831938156e+118
