FiniteElementSpace
FiniteElementCollection: L2_2D_P3
VDim: 1
Ordering: 0

0.13747719
0.13747698
0.13747635
0.13747566
0.13747698
0.13747675
0.13747606
0.13747531
0.13747635
0.13747606
0.13747519
0.13747421
0.13747566
0.13747531
0.13747421
0.13747295
0.13747525
0.13747448
0.13747367
0.13747342
0.13747485
0.13747398
0.137473
0.1374726
0.1374736
0.13747239
0.13747086
0.13746995
0.13747216
0.13747053
0.13746832
0.13746678
0.13747124
0.13746934
0.13746668
0.13746473
0.13746934
0.1374668
0.13746313
0.13746025
0.13746668
0.13746313
0.1374578
0.13745339
0.13746473
0.13746025
0.13745339
0.13744759
0.13747525
0.13747485
0.1374736
0.13747216
0.13747448
0.13747398
0.13747239
0.13747053
0.13747367
0.137473
0.13747086
0.13746832
0.13747342
0.1374726
0.13746995
0.13746678
0.1374735
0.13747258
0.13746963
0.13746609
0.13747416
0.13747305
0.13746948
0.13746519
0.13747645
0.13747506
0.13747056
0.13746514
0.13747965
0.13747801
0.13747272
0.13746632
0.13748198
0.13748021
0.13747446
0.13746751
0.13748776
0.13748571
0.13747906
0.13747099
0.13749859
0.13749614
0.13748818
0.13747852
0.13750991
0.13750713
0.13749808
0.13748708
0.13746293
0.13745278
0.13743669
0.1374224
0.13746567
0.13745385
0.13743505
0.13741827
0.13747214
0.13745793
0.13743525
0.13741493
0.13747982
0.13746362
0.13743771
0.13741442
0.13746379
0.13745876
0.137451
0.13744437
0.13746238
0.1374562
0.13744659
0.13743825
0.13746157
0.13745371
0.13744134
0.13743046
0.13746212
0.13745279
0.13743805
0.13742501
0.13744066
0.13743353
0.13742425
0.13741751
0.13743353
0.13742431
0.13741195
0.13740256
0.13742425
0.13741195
0.13739501
0.13738171
0.13741751
0.13740256
0.13738171
0.13736506
0.13741416
0.13739771
0.13737463
0.13735607
0.13740857
0.13738909
0.13736155
0.13733917
0.13740313
0.13737933
0.13734542
0.13731759
0.13740087
0.13737347
0.13733425
0.1373019
0.13734598
0.1373269
0.13730223
0.13728397
0.1373269
0.13730348
0.13727263
0.13724923
0.13730223
0.13727263
0.137233
0.13720232
0.13728397
0.13724923
0.13720232
0.13716561
0.13741417
0.13740857
0.13740313
0.13740087
0.13739771
0.13738909
0.13737933
0.13737347
0.13737463
0.13736155
0.13734542
0.13733425
0.13735607
0.13733917
0.13731759
0.1373019
0.13746293
0.13746567
0.13747214
0.13747982
0.13745278
0.13745385
0.13745793
0.13746362
0.13743669
0.13743505
0.13743526
0.13743771
0.1374224
0.13741827
0.13741493
0.13741442
0.13746379
0.13746238
0.13746157
0.13746212
0.13745876
0.1374562
0.13745371
0.13745279
0.137451
0.13744659
0.13744134
0.13743805
0.13744437
0.13743825
0.13743046
0.13742501
0.1374735
0.13747416
0.13747645
0.13747965
0.13747258
0.13747305
0.13747506
0.13747801
0.13746963
0.13746948
0.13747056
0.13747272
0.13746609
0.13746519
0.13746514
0.13746632
0.13748198
0.13748776
0.13749859
0.13750991
0.13748021
0.13748571
0.13749614
0.13750713
0.13747446
0.13747906
0.13748818
0.13749808
0.13746751
0.13747099
0.13747852
0.13748708
0.13751718
0.13753344
0.13756048
0.13758634
0.13751421
0.13753009
0.13755661
0.13758203
0.13750455
0.13751922
0.13754402
0.13756804
0.1374928
0.13750598
0.1375287
0.13755098
0.13748503
0.13749723
0.13751855
0.13753968
0.13746772
0.13747769
0.13749589
0.13751445
0.13743998
0.13744636
0.13745949
0.13747387
0.13741502
0.13741811
0.13742661
0.13743716
0.13755285
0.13758151
0.13762756
0.13767021
0.13752617
0.137552
0.13759408
0.13763346
0.13748325
0.13750449
0.13754013
0.13757423
0.13744442
0.13746146
0.13749124
0.13752053
0.13760215
0.13763602
0.13768937
0.13773802
0.1375976
0.13763099
0.13768367
0.13773177
0.13758281
0.13761464
0.13766514
0.13771144
0.13756478
0.13759472
0.13764254
0.13768664
0.13776692
0.13782762
0.13792052
0.13800173
0.13776036
0.13782045
0.1379125
0.13799301
0.13773903
0.13779713
0.1378864
0.13796463
0.13771301
0.13776869
0.13785455
0.13793001
0.13804823
0.13814819
0.13830346
0.13841854
0.13803912
0.1381383
0.13829241
0.13840668
0.13800949
0.13810611
0.13825648
0.13836809
0.13797335
0.13806685
0.13821265
0.13832101
0.13794939
0.13804082
0.13818359
0.1382898
0.13789579
0.13798259
0.1381186
0.13822
0.13780936
0.13788871
0.13801382
0.1381075
0.13773095
0.13780354
0.13791878
0.13800546
0.13769576
0.13774984
0.13783344
0.13790706
0.13765719
0.13770767
0.13778622
0.13785572
0.13759502
0.1376397
0.13771008
0.13777294
0.13753864
0.13757804
0.137641
0.13769784
0.13750562
0.13754192
0.13760053
0.13765383
0.1374383
0.13746826
0.13751799
0.13756408
0.13734052
0.13736124
0.13739802
0.13743362
0.13725848
0.1372714
0.13729728
0.13732406
0.13768501
0.13775364
0.13786311
0.13794569
0.13759131
0.13765187
0.13774957
0.13782383
0.1374551
0.13750395
0.1375846
0.13764679
0.13734071
0.13737973
0.13744609
0.1374982
0.13727644
0.13730994
0.13736829
0.13741474
0.13714999
0.13717264
0.13721527
0.13725063
0.13697449
0.1369821
0.13700298
0.13702304
0.13683273
0.13682821
0.13683159
0.13683936
0.13721241
0.13722093
0.13724067
0.13726249
0.13712186
0.1371217
0.13712934
0.13714138
0.13699636
0.13698407
0.13697483
0.13697329
0.13689516
0.13687299
0.13685007
0.13683752
0.13722148
0.13721375
0.13720897
0.13721001
0.13716021
0.13714541
0.13713084
0.13712389
0.13707579
0.13705106
0.13702272
0.13700458
0.13700817
0.1369753
0.13693569
0.13690842
0.13742171
0.13743629
0.13746262
0.13748908
0.13737551
0.13738503
0.1374043
0.13742498
0.13730864
0.13731075
0.13731968
0.13733191
0.13725277
0.13724859
0.13724876
0.13725384
0.13740049
0.13740163
0.1374074
0.13741571
0.13737108
0.13736823
0.13736839
0.13737209
0.13732888
0.13732015
0.13731207
0.13730899
0.13729399
0.13728025
0.13726516
0.13725632
0.13727461
0.13725803
0.13723895
0.13722686
0.137237
0.13721476
0.13718777
0.13716919
0.13718601
0.13715575
0.13711757
0.13708984
0.13714593
0.13710905
0.13706165
0.1370264
0.13712437
0.1370838
0.13703125
0.13699182
0.1370838
0.13703598
0.13697337
0.13692575
0.13703125
0.13697337
0.13689681
0.13683788
0.13699182
0.13692575
0.13683788
0.13676979
0.13697127
0.13690067
0.13680655
0.13673341
0.13693388
0.13685446
0.13674818
0.13666525
0.13688802
0.13679644
0.13667346
0.13657711
0.13685569
0.13675429
0.13661785
0.13651072
0.13669425
0.1366207
0.1365252
0.13645292
0.1366207
0.13653673
0.13642702
0.13634338
0.1365252
0.13642702
0.13629801
0.13619901
0.13645292
0.13634338
0.13619901
0.13608783
0.13697127
0.13693388
0.13688802
0.13685569
0.13690067
0.13685446
0.13679644
0.13675429
0.13680655
0.13674818
0.13667346
0.13661785
0.13673341
0.13666525
0.13657711
0.13651072
0.13683964
0.13681202
0.13678155
0.13676295
0.13673282
0.13669463
0.13664956
0.13661928
0.13658897
0.13653638
0.13647148
0.13642536
0.13647593
0.13641186
0.1363312
0.13627257
0.13675487
0.13674369
0.13673748
0.13673854
0.13660485
0.13658085
0.13655623
0.13654441
0.13640235
0.13636107
0.13631172
0.13628263
0.13624278
0.1361879
0.13611916
0.13607658
0.13615643
0.1360942
0.13601501
0.13596518
0.13599232
0.13591611
0.13581713
0.1357536
0.13577486
0.13568016
0.13555511
0.13547363
0.1356064
0.13549739
0.13535228
0.13525705
0.13641489
0.13634456
0.13625533
0.13618989
0.13629914
0.13621679
0.13611117
0.13603277
0.13614638
0.13604787
0.13592029
0.1358246
0.13602858
0.13591733
0.13577254
0.13566337
0.13596573
0.13584758
0.1356935
0.13557708
0.13584758
0.13571623
0.13554445
0.13541426
0.1356935
0.13554445
0.13534907
0.13520063
0.13557708
0.13541426
0.13520063
0.13503816
0.13551624
0.13539956
0.13524377
0.13514123
0.13534608
0.13521494
0.13503908
0.13492288
0.13512276
0.13497264
0.13477064
0.13463677
0.13495288
0.13478831
0.13456657
0.13441944
0.13486369
0.13469153
0.13445947
0.13430545
0.13469153
0.13450471
0.13425287
0.13408569
0.13445947
0.13425287
0.13397459
0.13379002
0.13430545
0.13408569
0.13379002
0.13359408
0.13551624
0.13534608
0.13512276
0.13495288
0.13539956
0.13521494
0.13497264
0.13478831
0.13524377
0.13503908
0.13477064
0.13456657
0.13514123
0.13492288
0.13463677
0.13441944
0.13615643
0.13599232
0.13577486
0.1356064
0.1360942
0.13591611
0.13568016
0.13549739
0.13601501
0.13581713
0.13555511
0.13535228
0.13596518
0.1357536
0.13547363
0.13525705
0.13641489
0.13629914
0.13614638
0.13602858
0.13634456
0.13621679
0.13604787
0.13591733
0.13625533
0.13611117
0.13592029
0.13577254
0.13618989
0.13603277
0.1358246
0.13566337
0.13683964
0.13673281
0.13658897
0.13647593
0.13681202
0.13669463
0.13653638
0.13641186
0.13678155
0.13664956
0.13647148
0.1363312
0.13676295
0.13661928
0.13642536
0.13627257
0.13675487
0.13660485
0.13640235
0.13624278
0.13674369
0.13658085
0.13636107
0.1361879
0.13673748
0.13655623
0.13631172
0.13611916
0.13673854
0.1365444
0.13628263
0.13607658
0.13727643
0.13714999
0.13697449
0.13683273
0.13730993
0.13717264
0.1369821
0.13682821
0.13736828
0.13721526
0.13700298
0.13683159
0.13741473
0.13725063
0.13702304
0.13683936
0.13768501
0.1375913
0.1374551
0.13734071
0.13775364
0.13765187
0.13750395
0.13737973
0.1378631
0.13774957
0.13758459
0.13744609
0.13794569
0.13782383
0.13764679
0.13749819
0.13750561
0.1374383
0.13734052
0.13725848
0.13754191
0.13746826
0.13736123
0.13727139
0.13760052
0.13751798
0.13739802
0.13729728
0.13765383
0.13756408
0.13743362
0.13732405
0.13721241
0.13712186
0.13699636
0.13689516
0.13722093
0.1371217
0.13698406
0.13687299
0.13724067
0.13712933
0.13697483
0.13685007
0.13726249
0.13714138
0.13697329
0.13683752
0.13722148
0.13716021
0.13707578
0.13700817
0.13721374
0.13714541
0.13705106
0.1369753
0.13720897
0.13713083
0.13702272
0.13693569
0.13721001
0.13712389
0.13700458
0.13690842
0.13727461
0.137237
0.13718601
0.13714593
0.13725803
0.13721476
0.13715575
0.13710905
0.13723895
0.13718777
0.13711757
0.13706165
0.13722685
0.13716919
0.13708984
0.1370264
0.13740049
0.13737108
0.13732888
0.13729399
0.13740163
0.13736823
0.13732015
0.13728025
0.1374074
0.13736839
0.13731207
0.13726515
0.13741571
0.13737209
0.13730899
0.13725632
0.13742171
0.13737551
0.13730864
0.13725276
0.13743629
0.13738503
0.13731075
0.13724858
0.13746262
0.1374043
0.13731968
0.13724876
0.13748908
0.13742498
0.1373319
0.13725383
0.13755285
0.13752617
0.13748325
0.13744442
0.13758151
0.137552
0.13750449
0.13746146
0.13762756
0.13759407
0.13754013
0.13749124
0.13767021
0.13763345
0.13757423
0.13752053
0.13748503
0.13746772
0.13743998
0.13741502
0.13749723
0.13747769
0.13744636
0.13741811
0.13751855
0.13749589
0.13745949
0.1374266
0.13753968
0.13751445
0.13747386
0.13743716
0.13751718
0.13751421
0.13750455
0.1374928
0.13753344
0.13753009
0.13751922
0.13750598
0.13756048
0.13755661
0.13754402
0.13752869
0.13758634
0.13758203
0.13756803
0.13755098
0.13760215
0.1375976
0.13758281
0.13756478
0.13763602
0.13763099
0.13761464
0.13759471
0.13768937
0.13768367
0.13766514
0.13764254
0.13773802
0.13773177
0.13771144
0.13768664
0.13776692
0.13776036
0.13773903
0.137713
0.13782761
0.13782044
0.13779713
0.13776869
0.13792052
0.1379125
0.13788639
0.13785454
0.13800172
0.137993
0.13796462
0.13793
0.13769576
0.13765718
0.13759501
0.13753863
0.13774984
0.13770767
0.13763969
0.13757803
0.13783343
0.13778621
0.13771007
0.137641
0.13790705
0.13785571
0.13777293
0.13769783
0.13794938
0.13789578
0.13780936
0.13773095
0.13804081
0.13798258
0.1378887
0.13780354
0.13818358
0.13811859
0.13801381
0.13791878
0.13828979
0.13821999
0.13810749
0.13800545
0.13804822
0.13803911
0.13800948
0.13797334
0.13814819
0.13813829
0.1381061
0.13806684
0.13830345
0.13829241
0.13825647
0.13821264
0.13841854
0.13840667
0.13836808
0.138321
