FiniteElementSpace
FiniteElementCollection: L2_2D_P3
VDim: 1
Ordering: 0

0.000185822
0.00088267125
0.0017881065
0.0024769027
0.00088267125
0.0041927111
0.0084934656
0.011765163
0.0017881065
0.0084934656
0.017205772
0.023833454
0.0024769027
0.011765163
0.023833454
0.033014122
0.0028414357
0.003519568
0.0043902211
0.0050445022
0.013496646
0.016717653
0.020853081
0.023960775
0.027341021
0.033866037
0.042243484
0.04853899
0.037872834
0.046911329
0.058515846
0.067236434
0.043446613
0.053815324
0.067127715
0.077131754
0.053815324
0.066658622
0.083148121
0.095539699
0.067127715
0.083148121
0.10371668
0.11917356
0.077131754
0.095539699
0.11917356
0.1369339
0.0028414357
0.013496646
0.027341021
0.037872834
0.003519568
0.016717653
0.033866037
0.046911329
0.0043902211
0.020853081
0.042243484
0.058515846
0.0050445022
0.023960775
0.04853899
0.067236434
0.0053878875
0.025591786
0.051843058
0.071813278
0.0060212365
0.028600047
0.057937157
0.080254888
0.0068236377
0.032411268
0.065657894
0.090949739
0.0074182528
0.035235549
0.071379311
0.098875083
0.0077272919
0.036703418
0.07435291
0.10299414
0.0082915148
0.039383346
0.079781902
0.11051441
0.0089948242
0.042723912
0.086549209
0.11988852
0.0095069193
0.045156253
0.091476639
0.126714
0.11815198
0.14634944
0.18255189
0.20975738
0.126779
0.15703528
0.19588107
0.22507307
0.13753268
0.17035527
0.2124961
0.24416433
0.14536265
0.18005385
0.2245939
0.25806512
0.082382188
0.10204316
0.12728577
0.14625505
0.092066168
0.11403827
0.14224805
0.1634471
0.104335
0.12923506
0.16120399
0.18522799
0.11342672
0.14049652
0.17525115
0.20136858
0.15621069
0.17457296
0.19783649
0.21507583
0.17457296
0.19509372
0.22109194
0.24035783
0.19783649
0.22109194
0.25055483
0.27238818
0.21507583
0.24035783
0.27238818
0.29612405
0.22403569
0.25037094
0.28373566
0.30846031
0.24039397
0.26865219
0.30445302
0.33098284
0.26078484
0.29143998
0.33027733
0.35905732
0.2756319
0.30803223
0.3490805
0.37949894
0.32131044
0.34477114
0.37401515
0.39530842
0.34477114
0.3699448
0.40132421
0.4241724
0.37401515
0.40132421
0.43536556
0.46015192
0.39530842
0.4241724
0.46015192
0.48634933
0.22403569
0.24039397
0.26078484
0.2756319
0.25037094
0.26865219
0.29143998
0.30803223
0.28373566
0.30445302
0.33027733
0.3490805
0.30846031
0.33098284
0.35905732
0.37949894
0.11815198
0.126779
0.13753268
0.14536265
0.14634944
0.15703528
0.17035527
0.18005385
0.18255189
0.19588107
0.2124961
0.2245939
0.20975738
0.22507307
0.24416433
0.25806512
0.082382188
0.092066168
0.104335
0.11342672
0.10204316
0.11403827
0.12923506
0.14049652
0.12728577
0.14224805
0.16120399
0.17525115
0.14625505
0.1634471
0.18522799
0.20136858
0.0053878875
0.0060212365
0.0068236377
0.0074182528
0.025591786
0.028600047
0.032411268
0.035235549
0.051843058
0.057937157
0.065657894
0.071379311
0.071813278
0.080254888
0.090949739
0.098875083
0.0077272919
0.0082915148
0.0089948242
0.0095069193
0.036703418
0.039383346
0.042723912
0.045156253
0.07435291
0.079781902
0.086549209
0.091476639
0.10299414
0.11051441
0.11988852
0.126714
0.009769735
0.010243148
0.010820337
0.011230233
0.046404576
0.048653188
0.051394725
0.053341652
0.094005482
0.09856071
0.1041145
0.10805857
0.13021697
0.13652688
0.14421998
0.1496833
0.14938113
0.15661964
0.1654449
0.17171223
0.18503133
0.19399731
0.20492874
0.2126918
0.23080271
0.24198672
0.25562243
0.26530596
0.26519928
0.27805009
0.29371794
0.30484458
0.17486952
0.18044137
0.18699913
0.191463
0.21660259
0.22350422
0.23162703
0.23715625
0.27018422
0.27879319
0.28892547
0.29582252
0.31044983
0.32034175
0.33198394
0.33990876
0.011436726
0.011801137
0.012230027
0.012521973
0.054322453
0.056053335
0.058090483
0.059477173
0.11004547
0.11355187
0.1176787
0.12048784
0.15243555
0.15729262
0.16300909
0.1669003
0.012664207
0.012905612
0.013169721
0.013332498
0.060152761
0.061299393
0.062553863
0.063327024
0.12185644
0.12417927
0.12672056
0.12828682
0.16879608
0.17201366
0.17553384
0.17770342
0.013405008
0.013514132
0.01360331
0.013630663
0.063671437
0.064189752
0.064613335
0.064743254
0.12898453
0.13003452
0.13089261
0.1311558
0.17866988
0.18012433
0.18131295
0.18167752
0.20496469
0.20663319
0.20799674
0.20841496
0.25388026
0.25594697
0.25763595
0.25815398
0.31668373
0.31926169
0.32136848
0.32201467
0.36387849
0.36684059
0.3692613
0.37000377
0.19363778
0.19732888
0.20136712
0.203856
0.23985006
0.24442208
0.2494241
0.25250697
0.29918273
0.30488579
0.31112521
0.31497071
0.34376969
0.35032257
0.35749172
0.36191023
0.36716986
0.37416875
0.3818259
0.3865452
0.4103299
0.4181516
0.42670893
0.43198303
0.46501133
0.47387548
0.48357331
0.48955031
0.50553236
0.51516877
0.52571139
0.53220901
0.38864746
0.39181121
0.39439673
0.39518975
0.43433243
0.43786812
0.44075759
0.44164383
0.49221282
0.49621971
0.49949425
0.5004986
0.53510342
0.5394593
0.54301903
0.54411084
0.55739463
0.56193203
0.56564015
0.5667775
0.59809336
0.60296215
0.60694107
0.60816147
0.64882638
0.65410823
0.65842471
0.65974864
0.68576468
0.6913469
0.6959088
0.69730799
0.52659192
0.53662961
0.54761131
0.55437962
0.565041
0.57581172
0.58759547
0.59485813
0.61296957
0.62465421
0.63743782
0.64531667
0.64786754
0.66021728
0.67372831
0.68205536
0.4755522
0.49070481
0.50853846
0.52067775
0.51027505
0.52653382
0.54566938
0.55869498
0.55355725
0.57119521
0.59195424
0.60608507
0.58507219
0.60371456
0.62565571
0.6405911
0.33158224
0.34214739
0.35458195
0.36304614
0.3705589
0.38236595
0.3962622
0.40572141
0.41993965
0.43332033
0.44906868
0.45978862
0.45653329
0.47108002
0.48820064
0.49985462
0.28325169
0.29697721
0.31371152
0.32559548
0.31654763
0.33188646
0.35058767
0.36386846
0.35873059
0.37611341
0.3973068
0.41235754
0.38998998
0.40888764
0.43192801
0.4482904
0.40623656
0.42592155
0.44992188
0.46696594
0.43589854
0.45702097
0.48277365
0.50106201
0.4728727
0.49578664
0.52372337
0.54356278
0.49979425
0.5240125
0.55353959
0.57450857
0.51361076
0.5384984
0.56884183
0.59039068
0.5384984
0.5645921
0.5964062
0.61899945
0.56884183
0.5964062
0.63001329
0.65387953
0.59039068
0.61899945
0.65387953
0.67864955
0.60124643
0.63038124
0.66590247
0.69112777
0.62040425
0.65046727
0.6871199
0.71314888
0.64295193
0.67410708
0.71209154
0.73906689
0.65830003
0.6901985
0.72908992
0.75670963
0.70383539
0.72626158
0.75265653
0.77062383
0.72626158
0.7494028
0.776639
0.79517842
0.75265653
0.776639
0.80486442
0.82407695
0.77062383
0.79517842
0.82407695
0.84374813
0.60124643
0.62040425
0.64295193
0.65830003
0.63038124
0.65046727
0.67410708
0.6901985
0.66590247
0.6871199
0.71209154
0.72908992
0.69112777
0.71314888
0.73906689
0.75670963
0.66577746
0.67846825
0.69235244
0.70090957
0.69803811
0.7113438
0.72590102
0.73487309
0.73737156
0.7514276
0.7668058
0.77628381
0.7653052
0.77989384
0.7958543
0.80569089
0.70472143
0.71045806
0.71514627
0.71658423
0.73886982
0.74488463
0.74980013
0.75130779
0.78050587
0.78685976
0.79205235
0.79364499
0.81007259
0.8166666
0.82205528
0.82370803
0.82496638
0.83168164
0.83716968
0.838853
0.85125185
0.85818152
0.86384473
0.86558173
0.88219081
0.88937271
0.89524196
0.89704214
0.90325015
0.91060262
0.91661091
0.91845363
0.77937738
0.7942339
0.81048721
0.82050425
0.80421049
0.81953981
0.83631076
0.84664725
0.83343712
0.84932387
0.86670549
0.87741854
0.85333207
0.8695988
0.88739581
0.89836434
0.8630252
0.87947695
0.89747573
0.9085681
0.87947695
0.89624191
0.91458248
0.92588567
0.89747573
0.91458248
0.93329799
0.94483366
0.9085681
0.92588567
0.94483366
0.956513
0.91350895
0.92094451
0.92702119
0.9288851
0.93092084
0.93849876
0.94469206
0.9465917
0.9499728
0.95770706
0.96402784
0.96596652
0.96171587
0.96954505
0.97594226
0.97790403
0.96694663
0.97481719
0.9812485
0.98322106
0.97481719
0.98275088
0.98923513
0.99122424
0.9812485
0.98923513
0.99576508
0.9977688
0.98322106
0.99122424
0.9977688
0.99977591
0.91350895
0.93092084
0.9499728
0.96171587
0.92094451
0.93849876
0.95770706
0.96954505
0.92702119
0.94469206
0.96402784
0.97594226
0.9288851
0.9465917
0.96596652
0.97790403
0.82496638
0.85125185
0.88219081
0.90325015
0.83168164
0.85818152
0.88937271
0.91060262
0.83716968
0.86384473
0.89524196
0.91661091
0.838853
0.86558173
0.89704214
0.91845363
0.77937738
0.80421049
0.83343712
0.85333207
0.7942339
0.81953981
0.84932387
0.8695988
0.81048721
0.83631076
0.86670549
0.88739581
0.82050425
0.84664725
0.87741854
0.89836434
0.66577746
0.69803811
0.73737156
0.7653052
0.67846825
0.7113438
0.7514276
0.77989384
0.69235244
0.72590102
0.7668058
0.7958543
0.70090957
0.73487309
0.77628381
0.80569089
0.70472143
0.73886982
0.78050587
0.81007259
0.71045806
0.74488463
0.78685976
0.8166666
0.71514627
0.74980013
0.79205235
0.82205528
0.71658423
0.75130779
0.79364499
0.82370803
0.55739463
0.59809336
0.64882638
0.68576468
0.56193203
0.60296215
0.65410823
0.6913469
0.56564015
0.60694107
0.65842471
0.6959088
0.5667775
0.60816147
0.65974864
0.69730799
0.38864746
0.43433243
0.49221282
0.53510342
0.39181121
0.43786812
0.49621971
0.5394593
0.39439673
0.44075759
0.49949425
0.54301903
0.39518975
0.44164383
0.5004986
0.54411084
0.36716986
0.4103299
0.46501133
0.50553236
0.37416875
0.4181516
0.47387548
0.51516877
0.3818259
0.42670893
0.48357331
0.52571139
0.3865452
0.43198303
0.48955031
0.53220901
0.52659192
0.565041
0.61296957
0.64786754
0.53662961
0.57581172
0.62465421
0.66021728
0.54761131
0.58759547
0.63743782
0.67372831
0.55437962
0.59485813
0.64531667
0.68205536
0.4755522
0.51027505
0.55355725
0.58507219
0.49070481
0.52653382
0.57119521
0.60371456
0.50853846
0.54566938
0.59195424
0.62565571
0.52067775
0.55869498
0.60608507
0.6405911
0.40623656
0.43589854
0.4728727
0.49979425
0.42592155
0.45702097
0.49578664
0.5240125
0.44992188
0.48277365
0.52372337
0.55353959
0.46696594
0.50106201
0.54356278
0.57450857
0.28325169
0.31654763
0.35873059
0.38998998
0.29697721
0.33188646
0.37611341
0.40888764
0.31371152
0.35058767
0.3973068
0.43192801
0.32559548
0.36386846
0.41235754
0.4482904
0.33158224
0.3705589
0.41993965
0.45653329
0.34214739
0.38236595
0.43332033
0.47108002
0.35458195
0.3962622
0.44906868
0.48820064
0.36304614
0.40572141
0.45978862
0.49985462
0.17486952
0.21660259
0.27018422
0.31044983
0.18044137
0.22350422
0.27879319
0.32034175
0.18699913
0.23162703
0.28892547
0.33198394
0.191463
0.23715625
0.29582252
0.33990876
0.14938113
0.18503133
0.23080271
0.26519928
0.15661964
0.19399731
0.24198672
0.27805009
0.1654449
0.20492874
0.25562243
0.29371794
0.17171223
0.2126918
0.26530596
0.30484458
0.009769735
0.046404576
0.094005482
0.13021697
0.010243148
0.048653188
0.09856071
0.13652688
0.010820337
0.051394725
0.1041145
0.14421998
0.011230233
0.053341652
0.10805857
0.1496833
0.011436726
0.054322453
0.11004547
0.15243555
0.011801137
0.056053335
0.11355187
0.15729262
0.012230027
0.058090483
0.1176787
0.16300909
0.012521973
0.059477173
0.12048784
0.1669003
0.012664207
0.060152761
0.12185644
0.16879608
0.012905612
0.061299393
0.12417927
0.17201366
0.013169721
0.062553863
0.12672056
0.17553384
0.013332498
0.063327024
0.12828682
0.17770342
0.19363778
0.23985006
0.29918273
0.34376969
0.19732888
0.24442208
0.30488579
0.35032257
0.20136712
0.2494241
0.31112521
0.35749172
0.203856
0.25250697
0.31497071
0.36191023
0.20496469
0.25388026
0.31668373
0.36387849
0.20663319
0.25594697
0.31926169
0.36684059
0.20799674
0.25763595
0.32136848
0.3692613
0.20841496
0.25815398
0.32201467
0.37000377
0.013405008
0.063671437
0.12898453
0.17866988
0.013514132
0.064189752
0.13003452
0.18012433
0.01360331
0.064613335
0.13089261
0.18131295
0.013630663
0.064743254
0.1311558
0.18167752
0.013630663
0.064743254
0.1311558
0.18167752
0.01360331
0.064613335
0.13089261
0.18131295
0.013514132
0.064189752
0.13003452
0.18012433
0.013405008
0.063671437
0.12898453
0.17866988
0.013332498
0.063327024
0.12828682
0.17770342
0.013169721
0.062553863
0.12672056
0.17553384
0.012905612
0.061299393
0.12417927
0.17201366
0.012664207
0.060152761
0.12185644
0.16879608
0.203856
0.25250697
0.31497071
0.36191023
0.20136712
0.2494241
0.31112521
0.35749172
0.19732888
0.24442208
0.30488579
0.35032257
0.19363778
0.23985006
0.29918273
0.34376969
0.20841496
0.25815398
0.32201467
0.37000377
0.20799674
0.25763595
0.32136848
0.3692613
0.20663319
0.25594697
0.31926169
0.36684059
0.20496469
0.25388026
0.31668373
0.36387849
0.39518975
0.44164383
0.5004986
0.54411084
0.39439673
0.44075759
0.49949425
0.54301903
0.39181121
0.43786812
0.49621971
0.5394593
0.38864746
0.43433243
0.49221282
0.53510342
0.5667775
0.60816147
0.65974864
0.69730799
0.56564015
0.60694107
0.65842471
0.6959088
0.56193203
0.60296215
0.65410823
0.6913469
0.55739463
0.59809336
0.64882638
0.68576468
0.55437962
0.59485813
0.64531667
0.68205536
0.54761131
0.58759547
0.63743782
0.67372831
0.53662961
0.57581172
0.62465421
0.66021728
0.52659192
0.565041
0.61296957
0.64786754
0.3865452
0.43198303
0.48955031
0.53220901
0.3818259
0.42670893
0.48357331
0.52571139
0.37416875
0.4181516
0.47387548
0.51516877
0.36716986
0.4103299
0.46501133
0.50553236
0.36304614
0.40572141
0.45978862
0.49985462
0.35458195
0.3962622
0.44906868
0.48820064
0.34214739
0.38236595
0.43332033
0.47108002
0.33158224
0.3705589
0.41993965
0.45653329
0.52067775
0.55869498
0.60608507
0.6405911
0.50853846
0.54566938
0.59195424
0.62565571
0.49070481
0.52653382
0.57119521
0.60371456
0.4755522
0.51027505
0.55355725
0.58507219
0.46696594
0.50106201
0.54356278
0.57450857
0.44992188
0.48277365
0.52372337
0.55353959
0.42592155
0.45702097
0.49578664
0.5240125
0.40623656
0.43589854
0.4728727
0.49979425
0.32559548
0.36386846
0.41235754
0.4482904
0.31371152
0.35058767
0.3973068
0.43192801
0.29697721
0.33188646
0.37611341
0.40888764
0.28325169
0.31654763
0.35873059
0.38998998
0.17171223
0.2126918
0.26530596
0.30484458
0.1654449
0.20492874
0.25562243
0.29371794
0.15661964
0.19399731
0.24198672
0.27805009
0.14938113
0.18503133
0.23080271
0.26519928
0.191463
0.23715625
0.29582252
0.33990876
0.18699913
0.23162703
0.28892547
0.33198394
0.18044137
0.22350422
0.27879319
0.32034175
0.17486952
0.21660259
0.27018422
0.31044983
0.012521973
0.059477173
0.12048784
0.1669003
0.012230027
0.058090483
0.1176787
0.16300909
0.011801137
0.056053335
0.11355187
0.15729262
0.011436726
0.054322453
0.11004547
0.15243555
0.011230233
0.053341652
0.10805857
0.1496833
0.010820337
0.051394725
0.1041145
0.14421998
0.010243148
0.048653188
0.09856071
0.13652688
0.009769735
0.046404576
0.094005482
0.13021697
0.0095069193
0.045156253
0.091476639
0.126714
0.0089948242
0.042723912
0.086549209
0.11988852
0.0082915148
0.039383346
0.079781902
0.11051441
0.0077272919
0.036703418
0.07435291
0.10299414
0.14536265
0.18005385
0.2245939
0.25806512
0.13753268
0.17035527
0.2124961
0.24416433
0.126779
0.15703528
0.19588107
0.22507307
0.11815198
0.14634944
0.18255189
0.20975738
0.11342672
0.14049652
0.17525115
0.20136858
0.104335
0.12923506
0.16120399
0.18522799
0.092066168
0.11403827
0.14224805
0.1634471
0.082382188
0.10204316
0.12728577
0.14625505
0.0074182528
0.035235549
0.071379311
0.098875083
0.0068236377
0.032411268
0.065657894
0.090949739
0.0060212365
0.028600047
0.057937157
0.080254888
0.0053878875
0.025591786
0.051843058
0.071813278
0.0050445022
0.023960775
0.04853899
0.067236434
0.0043902211
0.020853081
0.042243484
0.058515846
0.003519568
0.016717653
0.033866037
0.046911329
0.0028414357
0.013496646
0.027341021
0.037872834
0.0024769027
0.011765163
0.023833454
0.033014122
0.0017881065
0.0084934656
0.017205772
0.023833454
0.00088267125
0.0041927111
0.0084934656
0.011765163
0.000185822
0.00088267125
0.0017881065
0.0024769027
0.037872834
0.046911329
0.058515846
0.067236434
0.027341021
0.033866037
0.042243484
0.04853899
0.013496646
0.016717653
0.020853081
0.023960775
0.0028414357
0.003519568
0.0043902211
0.0050445022
0.077131754
0.095539699
0.11917356
0.1369339
0.067127715
0.083148121
0.10371668
0.11917356
0.053815324
0.066658622
0.083148121
0.095539699
0.043446613
0.053815324
0.067127715
0.077131754
0.14625505
0.1634471
0.18522799
0.20136858
0.12728577
0.14224805
0.16120399
0.17525115
0.10204316
0.11403827
0.12923506
0.14049652
0.082382188
0.092066168
0.104335
0.11342672
0.071813278
0.080254888
0.090949739
0.098875083
0.051843058
0.057937157
0.065657894
0.071379311
0.025591786
0.028600047
0.032411268
0.035235549
0.0053878875
0.0060212365
0.0068236377
0.0074182528
0.10299414
0.11051441
0.11988852
0.126714
0.07435291
0.079781902
0.086549209
0.091476639
0.036703418
0.039383346
0.042723912
0.045156253
0.0077272919
0.0082915148
0.0089948242
0.0095069193
0.20975738
0.22507307
0.24416433
0.25806512
0.18255189
0.19588107
0.2124961
0.2245939
0.14634944
0.15703528
0.17035527
0.18005385
0.11815198
0.126779
0.13753268
0.14536265
0.30846031
0.33098284
0.35905732
0.37949894
0.28373566
0.30445302
0.33027733
0.3490805
0.25037094
0.26865219
0.29143998
0.30803223
0.22403569
0.24039397
0.26078484
0.2756319
0.21507583
0.24035783
0.27238818
0.29612405
0.19783649
0.22109194
0.25055483
0.27238818
0.17457296
0.19509372
0.22109194
0.24035783
0.15621069
0.17457296
0.19783649
0.21507583
0.2756319
0.30803223
0.3490805
0.37949894
0.26078484
0.29143998
0.33027733
0.35905732
0.24039397
0.26865219
0.30445302
0.33098284
0.22403569
0.25037094
0.28373566
0.30846031
0.39530842
0.4241724
0.46015192
0.48634933
0.37401515
0.40132421
0.43536556
0.46015192
0.34477114
0.3699448
0.40132421
0.4241724
0.32131044
0.34477114
0.37401515
0.39530842
0.49979425
0.5240125
0.55353959
0.57450857
0.4728727
0.49578664
0.52372337
0.54356278
0.43589854
0.45702097
0.48277365
0.50106201
0.40623656
0.42592155
0.44992188
0.46696594
0.58507219
0.60371456
0.62565571
0.6405911
0.55355725
0.57119521
0.59195424
0.60608507
0.51027505
0.52653382
0.54566938
0.55869498
0.4755522
0.49070481
0.50853846
0.52067775
0.45653329
0.47108002
0.48820064
0.49985462
0.41993965
0.43332033
0.44906868
0.45978862
0.3705589
0.38236595
0.3962622
0.40572141
0.33158224
0.34214739
0.35458195
0.36304614
0.38998998
0.40888764
0.43192801
0.4482904
0.35873059
0.37611341
0.3973068
0.41235754
0.31654763
0.33188646
0.35058767
0.36386846
0.28325169
0.29697721
0.31371152
0.32559548
0.26519928
0.27805009
0.29371794
0.30484458
0.23080271
0.24198672
0.25562243
0.26530596
0.18503133
0.19399731
0.20492874
0.2126918
0.14938113
0.15661964
0.1654449
0.17171223
0.13021697
0.13652688
0.14421998
0.1496833
0.094005482
0.09856071
0.1041145
0.10805857
0.046404576
0.048653188
0.051394725
0.053341652
0.009769735
0.010243148
0.010820337
0.011230233
0.15243555
0.15729262
0.16300909
0.1669003
0.11004547
0.11355187
0.1176787
0.12048784
0.054322453
0.056053335
0.058090483
0.059477173
0.011436726
0.011801137
0.012230027
0.012521973
0.31044983
0.32034175
0.33198394
0.33990876
0.27018422
0.27879319
0.28892547
0.29582252
0.21660259
0.22350422
0.23162703
0.23715625
0.17486952
0.18044137
0.18699913
0.191463
0.34376969
0.35032257
0.35749172
0.36191023
0.29918273
0.30488579
0.31112521
0.31497071
0.23985006
0.24442208
0.2494241
0.25250697
0.19363778
0.19732888
0.20136712
0.203856
0.16879608
0.17201366
0.17553384
0.17770342
0.12185644
0.12417927
0.12672056
0.12828682
0.060152761
0.061299393
0.062553863
0.063327024
0.012664207
0.012905612
0.013169721
0.013332498
0.17866988
0.18012433
0.18131295
0.18167752
0.12898453
0.13003452
0.13089261
0.1311558
0.063671437
0.064189752
0.064613335
0.064743254
0.013405008
0.013514132
0.01360331
0.013630663
0.36387849
0.36684059
0.3692613
0.37000377
0.31668373
0.31926169
0.32136848
0.32201467
0.25388026
0.25594697
0.25763595
0.25815398
0.20496469
0.20663319
0.20799674
0.20841496
0.53510342
0.5394593
0.54301903
0.54411084
0.49221282
0.49621971
0.49949425
0.5004986
0.43433243
0.43786812
0.44075759
0.44164383
0.38864746
0.39181121
0.39439673
0.39518975
0.50553236
0.51516877
0.52571139
0.53220901
0.46501133
0.47387548
0.48357331
0.48955031
0.4103299
0.4181516
0.42670893
0.43198303
0.36716986
0.37416875
0.3818259
0.3865452
0.64786754
0.66021728
0.67372831
0.68205536
0.61296957
0.62465421
0.63743782
0.64531667
0.565041
0.57581172
0.58759547
0.59485813
0.52659192
0.53662961
0.54761131
0.55437962
0.68576468
0.6913469
0.6959088
0.69730799
0.64882638
0.65410823
0.65842471
0.65974864
0.59809336
0.60296215
0.60694107
0.60816147
0.55739463
0.56193203
0.56564015
0.5667775
0.81007259
0.8166666
0.82205528
0.82370803
0.78050587
0.78685976
0.79205235
0.79364499
0.73886982
0.74488463
0.74980013
0.75130779
0.70472143
0.71045806
0.71514627
0.71658423
0.90325015
0.91060262
0.91661091
0.91845363
0.88219081
0.88937271
0.89524196
0.89704214
0.85125185
0.85818152
0.86384473
0.86558173
0.82496638
0.83168164
0.83716968
0.838853
0.85333207
0.8695988
0.88739581
0.89836434
0.83343712
0.84932387
0.86670549
0.87741854
0.80421049
0.81953981
0.83631076
0.84664725
0.77937738
0.7942339
0.81048721
0.82050425
0.7653052
0.77989384
0.7958543
0.80569089
0.73737156
0.7514276
0.7668058
0.77628381
0.69803811
0.7113438
0.72590102
0.73487309
0.66577746
0.67846825
0.69235244
0.70090957
0.69112777
0.71314888
0.73906689
0.75670963
0.66590247
0.6871199
0.71209154
0.72908992
0.63038124
0.65046727
0.67410708
0.6901985
0.60124643
0.62040425
0.64295193
0.65830003
0.59039068
0.61899945
0.65387953
0.67864955
0.56884183
0.5964062
0.63001329
0.65387953
0.5384984
0.5645921
0.5964062
0.61899945
0.51361076
0.5384984
0.56884183
0.59039068
0.65830003
0.6901985
0.72908992
0.75670963
0.64295193
0.67410708
0.71209154
0.73906689
0.62040425
0.65046727
0.6871199
0.71314888
0.60124643
0.63038124
0.66590247
0.69112777
0.77062383
0.79517842
0.82407695
0.84374813
0.75265653
0.776639
0.80486442
0.82407695
0.72626158
0.7494028
0.776639
0.79517842
0.70383539
0.72626158
0.75265653
0.77062383
0.82050425
0.84664725
0.87741854
0.89836434
0.81048721
0.83631076
0.86670549
0.88739581
0.7942339
0.81953981
0.84932387
0.8695988
0.77937738
0.80421049
0.83343712
0.85333207
0.70090957
0.73487309
0.77628381
0.80569089
0.69235244
0.72590102
0.7668058
0.7958543
0.67846825
0.7113438
0.7514276
0.77989384
0.66577746
0.69803811
0.73737156
0.7653052
0.71658423
0.75130779
0.79364499
0.82370803
0.71514627
0.74980013
0.79205235
0.82205528
0.71045806
0.74488463
0.78685976
0.8166666
0.70472143
0.73886982
0.78050587
0.81007259
0.838853
0.86558173
0.89704214
0.91845363
0.83716968
0.86384473
0.89524196
0.91661091
0.83168164
0.85818152
0.88937271
0.91060262
0.82496638
0.85125185
0.88219081
0.90325015
0.9288851
0.9465917
0.96596652
0.97790403
0.92702119
0.94469206
0.96402784
0.97594226
0.92094451
0.93849876
0.95770706
0.96954505
0.91350895
0.93092084
0.9499728
0.96171587
0.9085681
0.92588567
0.94483366
0.956513
0.89747573
0.91458248
0.93329799
0.94483366
0.87947695
0.89624191
0.91458248
0.92588567
0.8630252
0.87947695
0.89747573
0.9085681
0.96171587
0.96954505
0.97594226
0.97790403
0.9499728
0.95770706
0.96402784
0.96596652
0.93092084
0.93849876
0.94469206
0.9465917
0.91350895
0.92094451
0.92702119
0.9288851
0.98322106
0.99122424
0.9977688
0.99977591
0.9812485
0.98923513
0.99576508
0.9977688
0.97481719
0.98275088
0.98923513
0.99122424
0.96694663
0.97481719
0.9812485
0.98322106
0.99977591
0.9977688
0.99122424
0.98322106
0.9977688
0.99576508
0.98923513
0.9812485
0.99122424
0.98923513
0.98275088
0.97481719
0.98322106
0.9812485
0.97481719
0.96694663
0.97790403
0.97594226
0.96954505
0.96171587
0.96596652
0.96402784
0.95770706
0.9499728
0.9465917
0.94469206
0.93849876
0.93092084
0.9288851
0.92702119
0.92094451
0.91350895
0.956513
0.94483366
0.92588567
0.9085681
0.94483366
0.93329799
0.91458248
0.89747573
0.92588567
0.91458248
0.89624191
0.87947695
0.9085681
0.89747573
0.87947695
0.8630252
0.97790403
0.96596652
0.9465917
0.9288851
0.97594226
0.96402784
0.94469206
0.92702119
0.96954505
0.95770706
0.93849876
0.92094451
0.96171587
0.9499728
0.93092084
0.91350895
0.91845363
0.89704214
0.86558173
0.838853
0.91661091
0.89524196
0.86384473
0.83716968
0.91060262
0.88937271
0.85818152
0.83168164
0.90325015
0.88219081
0.85125185
0.82496638
0.82370803
0.79364499
0.75130779
0.71658423
0.82205528
0.79205235
0.74980013
0.71514627
0.8166666
0.78685976
0.74488463
0.71045806
0.81007259
0.78050587
0.73886982
0.70472143
0.80569089
0.77628381
0.73487309
0.70090957
0.7958543
0.7668058
0.72590102
0.69235244
0.77989384
0.7514276
0.7113438
0.67846825
0.7653052
0.73737156
0.69803811
0.66577746
0.89836434
0.87741854
0.84664725
0.82050425
0.88739581
0.86670549
0.83631076
0.81048721
0.8695988
0.84932387
0.81953981
0.7942339
0.85333207
0.83343712
0.80421049
0.77937738
0.84374813
0.82407695
0.79517842
0.77062383
0.82407695
0.80486442
0.776639
0.75265653
0.79517842
0.776639
0.7494028
0.72626158
0.77062383
0.75265653
0.72626158
0.70383539
0.75670963
0.72908992
0.6901985
0.65830003
0.73906689
0.71209154
0.67410708
0.64295193
0.71314888
0.6871199
0.65046727
0.62040425
0.69112777
0.66590247
0.63038124
0.60124643
0.67864955
0.65387953
0.61899945
0.59039068
0.65387953
0.63001329
0.5964062
0.56884183
0.61899945
0.5964062
0.5645921
0.5384984
0.59039068
0.56884183
0.5384984
0.51361076
0.75670963
0.73906689
0.71314888
0.69112777
0.72908992
0.71209154
0.6871199
0.66590247
0.6901985
0.67410708
0.65046727
0.63038124
0.65830003
0.64295193
0.62040425
0.60124643
0.80569089
0.7958543
0.77989384
0.7653052
0.77628381
0.7668058
0.7514276
0.73737156
0.73487309
0.72590102
0.7113438
0.69803811
0.70090957
0.69235244
0.67846825
0.66577746
0.89836434
0.88739581
0.8695988
0.85333207
0.87741854
0.86670549
0.84932387
0.83343712
0.84664725
0.83631076
0.81953981
0.80421049
0.82050425
0.81048721
0.7942339
0.77937738
0.91845363
0.91661091
0.91060262
0.90325015
0.89704214
0.89524196
0.88937271
0.88219081
0.86558173
0.86384473
0.85818152
0.85125185
0.838853
0.83716968
0.83168164
0.82496638
0.82370803
0.82205528
0.8166666
0.81007259
0.79364499
0.79205235
0.78685976
0.78050587
0.75130779
0.74980013
0.74488463
0.73886982
0.71658423
0.71514627
0.71045806
0.70472143
0.69730799
0.6959088
0.6913469
0.68576468
0.65974864
0.65842471
0.65410823
0.64882638
0.60816147
0.60694107
0.60296215
0.59809336
0.5667775
0.56564015
0.56193203
0.55739463
0.68205536
0.67372831
0.66021728
0.64786754
0.64531667
0.63743782
0.62465421
0.61296957
0.59485813
0.58759547
0.57581172
0.565041
0.55437962
0.54761131
0.53662961
0.52659192
0.53220901
0.52571139
0.51516877
0.50553236
0.48955031
0.48357331
0.47387548
0.46501133
0.43198303
0.42670893
0.4181516
0.4103299
0.3865452
0.3818259
0.37416875
0.36716986
0.54411084
0.54301903
0.5394593
0.53510342
0.5004986
0.49949425
0.49621971
0.49221282
0.44164383
0.44075759
0.43786812
0.43433243
0.39518975
0.39439673
0.39181121
0.38864746
0.37000377
0.3692613
0.36684059
0.36387849
0.32201467
0.32136848
0.31926169
0.31668373
0.25815398
0.25763595
0.25594697
0.25388026
0.20841496
0.20799674
0.20663319
0.20496469
0.18167752
0.18131295
0.18012433
0.17866988
0.1311558
0.13089261
0.13003452
0.12898453
0.064743254
0.064613335
0.064189752
0.063671437
0.013630663
0.01360331
0.013514132
0.013405008
0.17770342
0.17553384
0.17201366
0.16879608
0.12828682
0.12672056
0.12417927
0.12185644
0.063327024
0.062553863
0.061299393
0.060152761
0.013332498
0.013169721
0.012905612
0.012664207
0.36191023
0.35749172
0.35032257
0.34376969
0.31497071
0.31112521
0.30488579
0.29918273
0.25250697
0.2494241
0.24442208
0.23985006
0.203856
0.20136712
0.19732888
0.19363778
0.33990876
0.33198394
0.32034175
0.31044983
0.29582252
0.28892547
0.27879319
0.27018422
0.23715625
0.23162703
0.22350422
0.21660259
0.191463
0.18699913
0.18044137
0.17486952
0.1669003
0.16300909
0.15729262
0.15243555
0.12048784
0.1176787
0.11355187
0.11004547
0.059477173
0.058090483
0.056053335
0.054322453
0.012521973
0.012230027
0.011801137
0.011436726
0.1496833
0.14421998
0.13652688
0.13021697
0.10805857
0.1041145
0.09856071
0.094005482
0.053341652
0.051394725
0.048653188
0.046404576
0.011230233
0.010820337
0.010243148
0.009769735
0.30484458
0.29371794
0.27805009
0.26519928
0.26530596
0.25562243
0.24198672
0.23080271
0.2126918
0.20492874
0.19399731
0.18503133
0.17171223
0.1654449
0.15661964
0.14938113
0.4482904
0.43192801
0.40888764
0.38998998
0.41235754
0.3973068
0.37611341
0.35873059
0.36386846
0.35058767
0.33188646
0.31654763
0.32559548
0.31371152
0.29697721
0.28325169
0.49985462
0.48820064
0.47108002
0.45653329
0.45978862
0.44906868
0.43332033
0.41993965
0.40572141
0.3962622
0.38236595
0.3705589
0.36304614
0.35458195
0.34214739
0.33158224
0.6405911
0.62565571
0.60371456
0.58507219
0.60608507
0.59195424
0.57119521
0.55355725
0.55869498
0.54566938
0.52653382
0.51027505
0.52067775
0.50853846
0.49070481
0.4755522
0.57450857
0.55353959
0.5240125
0.49979425
0.54356278
0.52372337
0.49578664
0.4728727
0.50106201
0.48277365
0.45702097
0.43589854
0.46696594
0.44992188
0.42592155
0.40623656
0.48634933
0.46015192
0.4241724
0.39530842
0.46015192
0.43536556
0.40132421
0.37401515
0.4241724
0.40132421
0.3699448
0.34477114
0.39530842
0.37401515
0.34477114
0.32131044
0.37949894
0.3490805
0.30803223
0.2756319
0.35905732
0.33027733
0.29143998
0.26078484
0.33098284
0.30445302
0.26865219
0.24039397
0.30846031
0.28373566
0.25037094
0.22403569
0.29612405
0.27238818
0.24035783
0.21507583
0.27238818
0.25055483
0.22109194
0.19783649
0.24035783
0.22109194
0.19509372
0.17457296
0.21507583
0.19783649
0.17457296
0.15621069
0.37949894
0.35905732
0.33098284
0.30846031
0.3490805
0.33027733
0.30445302
0.28373566
0.30803223
0.29143998
0.26865219
0.25037094
0.2756319
0.26078484
0.24039397
0.22403569
0.25806512
0.24416433
0.22507307
0.20975738
0.2245939
0.2124961
0.19588107
0.18255189
0.18005385
0.17035527
0.15703528
0.14634944
0.14536265
0.13753268
0.126779
0.11815198
0.126714
0.11988852
0.11051441
0.10299414
0.091476639
0.086549209
0.079781902
0.07435291
0.045156253
0.042723912
0.039383346
0.036703418
0.0095069193
0.0089948242
0.0082915148
0.0077272919
0.098875083
0.090949739
0.080254888
0.071813278
0.071379311
0.065657894
0.057937157
0.051843058
0.035235549
0.032411268
0.028600047
0.025591786
0.0074182528
0.0068236377
0.0060212365
0.0053878875
0.20136858
0.18522799
0.1634471
0.14625505
0.17525115
0.16120399
0.14224805
0.12728577
0.14049652
0.12923506
0.11403827
0.10204316
0.11342672
0.104335
0.092066168
0.082382188
0.1369339
0.11917356
0.095539699
0.077131754
0.11917356
0.10371668
0.083148121
0.067127715
0.095539699
0.083148121
0.066658622
0.053815324
0.077131754
0.067127715
0.053815324
0.043446613
0.067236434
0.058515846
0.046911329
0.037872834
0.04853899
0.042243484
0.033866037
0.027341021
0.023960775
0.020853081
0.016717653
0.013496646
0.0050445022
0.0043902211
0.003519568
0.0028414357
0.033014122
0.023833454
0.011765163
0.0024769027
0.023833454
0.017205772
0.0084934656
0.0017881065
0.011765163
0.0084934656
0.0041927111
0.00088267125
0.0024769027
0.0017881065
0.00088267125
0.000185822
0.067236434
0.04853899
0.023960775
0.0050445022
0.058515846
0.042243484
0.020853081
0.0043902211
0.046911329
0.033866037
0.016717653
0.003519568
0.037872834
0.027341021
0.013496646
0.0028414357
0.098875083
0.071379311
0.035235549
0.0074182528
0.090949739
0.065657894
0.032411268
0.0068236377
0.080254888
0.057937157
0.028600047
0.0060212365
0.071813278
0.051843058
0.025591786
0.0053878875
0.20136858
0.17525115
0.14049652
0.11342672
0.18522799
0.16120399
0.12923506
0.104335
0.1634471
0.14224805
0.11403827
0.092066168
0.14625505
0.12728577
0.10204316
0.082382188
0.25806512
0.2245939
0.18005385
0.14536265
0.24416433
0.2124961
0.17035527
0.13753268
0.22507307
0.19588107
0.15703528
0.126779
0.20975738
0.18255189
0.14634944
0.11815198
0.126714
0.091476639
0.045156253
0.0095069193
0.11988852
0.086549209
0.042723912
0.0089948242
0.11051441
0.079781902
0.039383346
0.0082915148
0.10299414
0.07435291
0.036703418
0.0077272919
0.1496833
0.10805857
0.053341652
0.011230233
0.14421998
0.1041145
0.051394725
0.010820337
0.13652688
0.09856071
0.048653188
0.010243148
0.13021697
0.094005482
0.046404576
0.009769735
0.1669003
0.12048784
0.059477173
0.012521973
0.16300909
0.1176787
0.058090483
0.012230027
0.15729262
0.11355187
0.056053335
0.011801137
0.15243555
0.11004547
0.054322453
0.011436726
0.33990876
0.29582252
0.23715625
0.191463
0.33198394
0.28892547
0.23162703
0.18699913
0.32034175
0.27879319
0.22350422
0.18044137
0.31044983
0.27018422
0.21660259
0.17486952
0.30484458
0.26530596
0.2126918
0.17171223
0.29371794
0.25562243
0.20492874
0.1654449
0.27805009
0.24198672
0.19399731
0.15661964
0.26519928
0.23080271
0.18503133
0.14938113
0.4482904
0.41235754
0.36386846
0.32559548
0.43192801
0.3973068
0.35058767
0.31371152
0.40888764
0.37611341
0.33188646
0.29697721
0.38998998
0.35873059
0.31654763
0.28325169
0.57450857
0.54356278
0.50106201
0.46696594
0.55353959
0.52372337
0.48277365
0.44992188
0.5240125
0.49578664
0.45702097
0.42592155
0.49979425
0.4728727
0.43589854
0.40623656
0.6405911
0.60608507
0.55869498
0.52067775
0.62565571
0.59195424
0.54566938
0.50853846
0.60371456
0.57119521
0.52653382
0.49070481
0.58507219
0.55355725
0.51027505
0.4755522
0.49985462
0.45978862
0.40572141
0.36304614
0.48820064
0.44906868
0.3962622
0.35458195
0.47108002
0.43332033
0.38236595
0.34214739
0.45653329
0.41993965
0.3705589
0.33158224
0.53220901
0.48955031
0.43198303
0.3865452
0.52571139
0.48357331
0.42670893
0.3818259
0.51516877
0.47387548
0.4181516
0.37416875
0.50553236
0.46501133
0.4103299
0.36716986
0.68205536
0.64531667
0.59485813
0.55437962
0.67372831
0.63743782
0.58759547
0.54761131
0.66021728
0.62465421
0.57581172
0.53662961
0.64786754
0.61296957
0.565041
0.52659192
0.69730799
0.65974864
0.60816147
0.5667775
0.6959088
0.65842471
0.60694107
0.56564015
0.6913469
0.65410823
0.60296215
0.56193203
0.68576468
0.64882638
0.59809336
0.55739463
0.54411084
0.5004986
0.44164383
0.39518975
0.54301903
0.49949425
0.44075759
0.39439673
0.5394593
0.49621971
0.43786812
0.39181121
0.53510342
0.49221282
0.43433243
0.38864746
0.37000377
0.32201467
0.25815398
0.20841496
0.3692613
0.32136848
0.25763595
0.20799674
0.36684059
0.31926169
0.25594697
0.20663319
0.36387849
0.31668373
0.25388026
0.20496469
0.36191023
0.31497071
0.25250697
0.203856
0.35749172
0.31112521
0.2494241
0.20136712
0.35032257
0.30488579
0.24442208
0.19732888
0.34376969
0.29918273
0.23985006
0.19363778
0.17770342
0.12828682
0.063327024
0.013332498
0.17553384
0.12672056
0.062553863
0.013169721
0.17201366
0.12417927
0.061299393
0.012905612
0.16879608
0.12185644
0.060152761
0.012664207
0.18167752
0.1311558
0.064743254
0.013630663
0.18131295
0.13089261
0.064613335
0.01360331
0.18012433
0.13003452
0.064189752
0.013514132
0.17866988
0.12898453
0.063671437
0.013405008
0.17866988
0.12898453
0.063671437
0.013405008
0.18012433
0.13003452
0.064189752
0.013514132
0.18131295
0.13089261
0.064613335
0.01360331
0.18167752
0.1311558
0.064743254
0.013630663
0.36387849
0.31668373
0.25388026
0.20496469
0.36684059
0.31926169
0.25594697
0.20663319
0.3692613
0.32136848
0.25763595
0.20799674
0.37000377
0.32201467
0.25815398
0.20841496
0.34376969
0.29918273
0.23985006
0.19363778
0.35032257
0.30488579
0.24442208
0.19732888
0.35749172
0.31112521
0.2494241
0.20136712
0.36191023
0.31497071
0.25250697
0.203856
0.16879608
0.12185644
0.060152761
0.012664207
0.17201366
0.12417927
0.061299393
0.012905612
0.17553384
0.12672056
0.062553863
0.013169721
0.17770342
0.12828682
0.063327024
0.013332498
0.15243555
0.11004547
0.054322453
0.011436726
0.15729262
0.11355187
0.056053335
0.011801137
0.16300909
0.1176787
0.058090483
0.012230027
0.1669003
0.12048784
0.059477173
0.012521973
0.13021697
0.094005482
0.046404576
0.009769735
0.13652688
0.09856071
0.048653188
0.010243148
0.14421998
0.1041145
0.051394725
0.010820337
0.1496833
0.10805857
0.053341652
0.011230233
0.26519928
0.23080271
0.18503133
0.14938113
0.27805009
0.24198672
0.19399731
0.15661964
0.29371794
0.25562243
0.20492874
0.1654449
0.30484458
0.26530596
0.2126918
0.17171223
0.31044983
0.27018422
0.21660259
0.17486952
0.32034175
0.27879319
0.22350422
0.18044137
0.33198394
0.28892547
0.23162703
0.18699913
0.33990876
0.29582252
0.23715625
0.191463
0.45653329
0.41993965
0.3705589
0.33158224
0.47108002
0.43332033
0.38236595
0.34214739
0.48820064
0.44906868
0.3962622
0.35458195
0.49985462
0.45978862
0.40572141
0.36304614
0.38998998
0.35873059
0.31654763
0.28325169
0.40888764
0.37611341
0.33188646
0.29697721
0.43192801
0.3973068
0.35058767
0.31371152
0.4482904
0.41235754
0.36386846
0.32559548
0.49979425
0.4728727
0.43589854
0.40623656
0.5240125
0.49578664
0.45702097
0.42592155
0.55353959
0.52372337
0.48277365
0.44992188
0.57450857
0.54356278
0.50106201
0.46696594
0.58507219
0.55355725
0.51027505
0.4755522
0.60371456
0.57119521
0.52653382
0.49070481
0.62565571
0.59195424
0.54566938
0.50853846
0.6405911
0.60608507
0.55869498
0.52067775
0.64786754
0.61296957
0.565041
0.52659192
0.66021728
0.62465421
0.57581172
0.53662961
0.67372831
0.63743782
0.58759547
0.54761131
0.68205536
0.64531667
0.59485813
0.55437962
0.50553236
0.46501133
0.4103299
0.36716986
0.51516877
0.47387548
0.4181516
0.37416875
0.52571139
0.48357331
0.42670893
0.3818259
0.53220901
0.48955031
0.43198303
0.3865452
0.53510342
0.49221282
0.43433243
0.38864746
0.5394593
0.49621971
0.43786812
0.39181121
0.54301903
0.49949425
0.44075759
0.39439673
0.54411084
0.5004986
0.44164383
0.39518975
0.68576468
0.64882638
0.59809336
0.55739463
0.6913469
0.65410823
0.60296215
0.56193203
0.6959088
0.65842471
0.60694107
0.56564015
0.69730799
0.65974864
0.60816147
0.5667775
0.81007259
0.78050587
0.73886982
0.70472143
0.8166666
0.78685976
0.74488463
0.71045806
0.82205528
0.79205235
0.74980013
0.71514627
0.82370803
0.79364499
0.75130779
0.71658423
0.7653052
0.73737156
0.69803811
0.66577746
0.77989384
0.7514276
0.7113438
0.67846825
0.7958543
0.7668058
0.72590102
0.69235244
0.80569089
0.77628381
0.73487309
0.70090957
0.85333207
0.83343712
0.80421049
0.77937738
0.8695988
0.84932387
0.81953981
0.7942339
0.88739581
0.86670549
0.83631076
0.81048721
0.89836434
0.87741854
0.84664725
0.82050425
0.90325015
0.88219081
0.85125185
0.82496638
0.91060262
0.88937271
0.85818152
0.83168164
0.91661091
0.89524196
0.86384473
0.83716968
0.91845363
0.89704214
0.86558173
0.838853
0.96171587
0.9499728
0.93092084
0.91350895
0.96954505
0.95770706
0.93849876
0.92094451
0.97594226
0.96402784
0.94469206
0.92702119
0.97790403
0.96596652
0.9465917
0.9288851
0.98322106
0.9812485
0.97481719
0.96694663
0.99122424
0.98923513
0.98275088
0.97481719
0.9977688
0.99576508
0.98923513
0.9812485
0.99977591
0.9977688
0.99122424
0.98322106
0.9288851
0.92702119
0.92094451
0.91350895
0.9465917
0.94469206
0.93849876
0.93092084
0.96596652
0.96402784
0.95770706
0.9499728
0.97790403
0.97594226
0.96954505
0.96171587
0.9085681
0.89747573
0.87947695
0.8630252
0.92588567
0.91458248
0.89624191
0.87947695
0.94483366
0.93329799
0.91458248
0.89747573
0.956513
0.94483366
0.92588567
0.9085681
0.82050425
0.81048721
0.7942339
0.77937738
0.84664725
0.83631076
0.81953981
0.80421049
0.87741854
0.86670549
0.84932387
0.83343712
0.89836434
0.88739581
0.8695988
0.85333207
0.838853
0.83716968
0.83168164
0.82496638
0.86558173
0.86384473
0.85818152
0.85125185
0.89704214
0.89524196
0.88937271
0.88219081
0.91845363
0.91661091
0.91060262
0.90325015
0.71658423
0.71514627
0.71045806
0.70472143
0.75130779
0.74980013
0.74488463
0.73886982
0.79364499
0.79205235
0.78685976
0.78050587
0.82370803
0.82205528
0.8166666
0.81007259
0.70090957
0.69235244
0.67846825
0.66577746
0.73487309
0.72590102
0.7113438
0.69803811
0.77628381
0.7668058
0.7514276
0.73737156
0.80569089
0.7958543
0.77989384
0.7653052
0.65830003
0.64295193
0.62040425
0.60124643
0.6901985
0.67410708
0.65046727
0.63038124
0.72908992
0.71209154
0.6871199
0.66590247
0.75670963
0.73906689
0.71314888
0.69112777
0.77062383
0.75265653
0.72626158
0.70383539
0.79517842
0.776639
0.7494028
0.72626158
0.82407695
0.80486442
0.776639
0.75265653
0.84374813
0.82407695
0.79517842
0.77062383
0.69112777
0.66590247
0.63038124
0.60124643
0.71314888
0.6871199
0.65046727
0.62040425
0.73906689
0.71209154
0.67410708
0.64295193
0.75670963
0.72908992
0.6901985
0.65830003
0.59039068
0.56884183
0.5384984
0.51361076
0.61899945
0.5964062
0.5645921
0.5384984
0.65387953
0.63001329
0.5964062
0.56884183
0.67864955
0.65387953
0.61899945
0.59039068
0.46696594
0.44992188
0.42592155
0.40623656
0.50106201
0.48277365
0.45702097
0.43589854
0.54356278
0.52372337
0.49578664
0.4728727
0.57450857
0.55353959
0.5240125
0.49979425
0.32559548
0.31371152
0.29697721
0.28325169
0.36386846
0.35058767
0.33188646
0.31654763
0.41235754
0.3973068
0.37611341
0.35873059
0.4482904
0.43192801
0.40888764
0.38998998
0.36304614
0.35458195
0.34214739
0.33158224
0.40572141
0.3962622
0.38236595
0.3705589
0.45978862
0.44906868
0.43332033
0.41993965
0.49985462
0.48820064
0.47108002
0.45653329
0.52067775
0.50853846
0.49070481
0.4755522
0.55869498
0.54566938
0.52653382
0.51027505
0.60608507
0.59195424
0.57119521
0.55355725
0.6405911
0.62565571
0.60371456
0.58507219
0.55437962
0.54761131
0.53662961
0.52659192
0.59485813
0.58759547
0.57581172
0.565041
0.64531667
0.63743782
0.62465421
0.61296957
0.68205536
0.67372831
0.66021728
0.64786754
0.5667775
0.56564015
0.56193203
0.55739463
0.60816147
0.60694107
0.60296215
0.59809336
0.65974864
0.65842471
0.65410823
0.64882638
0.69730799
0.6959088
0.6913469
0.68576468
0.39518975
0.39439673
0.39181121
0.38864746
0.44164383
0.44075759
0.43786812
0.43433243
0.5004986
0.49949425
0.49621971
0.49221282
0.54411084
0.54301903
0.5394593
0.53510342
0.3865452
0.3818259
0.37416875
0.36716986
0.43198303
0.42670893
0.4181516
0.4103299
0.48955031
0.48357331
0.47387548
0.46501133
0.53220901
0.52571139
0.51516877
0.50553236
0.203856
0.20136712
0.19732888
0.19363778
0.25250697
0.2494241
0.24442208
0.23985006
0.31497071
0.31112521
0.30488579
0.29918273
0.36191023
0.35749172
0.35032257
0.34376969
0.20841496
0.20799674
0.20663319
0.20496469
0.25815398
0.25763595
0.25594697
0.25388026
0.32201467
0.32136848
0.31926169
0.31668373
0.37000377
0.3692613
0.36684059
0.36387849
0.013630663
0.01360331
0.013514132
0.013405008
0.064743254
0.064613335
0.064189752
0.063671437
0.1311558
0.13089261
0.13003452
0.12898453
0.18167752
0.18131295
0.18012433
0.17866988
0.013332498
0.013169721
0.012905612
0.012664207
0.063327024
0.062553863
0.061299393
0.060152761
0.12828682
0.12672056
0.12417927
0.12185644
0.17770342
0.17553384
0.17201366
0.16879608
0.012521973
0.012230027
0.011801137
0.011436726
0.059477173
0.058090483
0.056053335
0.054322453
0.12048784
0.1176787
0.11355187
0.11004547
0.1669003
0.16300909
0.15729262
0.15243555
0.191463
0.18699913
0.18044137
0.17486952
0.23715625
0.23162703
0.22350422
0.21660259
0.29582252
0.28892547
0.27879319
0.27018422
0.33990876
0.33198394
0.32034175
0.31044983
0.17171223
0.1654449
0.15661964
0.14938113
0.2126918
0.20492874
0.19399731
0.18503133
0.26530596
0.25562243
0.24198672
0.23080271
0.30484458
0.29371794
0.27805009
0.26519928
0.011230233
0.010820337
0.010243148
0.009769735
0.053341652
0.051394725
0.048653188
0.046404576
0.10805857
0.1041145
0.09856071
0.094005482
0.1496833
0.14421998
0.13652688
0.13021697
0.0095069193
0.0089948242
0.0082915148
0.0077272919
0.045156253
0.042723912
0.039383346
0.036703418
0.091476639
0.086549209
0.079781902
0.07435291
0.126714
0.11988852
0.11051441
0.10299414
0.14536265
0.13753268
0.126779
0.11815198
0.18005385
0.17035527
0.15703528
0.14634944
0.2245939
0.2124961
0.19588107
0.18255189
0.25806512
0.24416433
0.22507307
0.20975738
0.11342672
0.104335
0.092066168
0.082382188
0.14049652
0.12923506
0.11403827
0.10204316
0.17525115
0.16120399
0.14224805
0.12728577
0.20136858
0.18522799
0.1634471
0.14625505
0.0074182528
0.0068236377
0.0060212365
0.0053878875
0.035235549
0.032411268
0.028600047
0.025591786
0.071379311
0.065657894
0.057937157
0.051843058
0.098875083
0.090949739
0.080254888
0.071813278
0.0050445022
0.0043902211
0.003519568
0.0028414357
0.023960775
0.020853081
0.016717653
0.013496646
0.04853899
0.042243484
0.033866037
0.027341021
0.067236434
0.058515846
0.046911329
0.037872834
0.0024769027
0.0017881065
0.00088267125
0.000185822
0.011765163
0.0084934656
0.0041927111
0.00088267125
0.023833454
0.017205772
0.0084934656
0.0017881065
0.033014122
0.023833454
0.011765163
0.0024769027
0.037872834
0.027341021
0.013496646
0.0028414357
0.046911329
0.033866037
0.016717653
0.003519568
0.058515846
0.042243484
0.020853081
0.0043902211
0.067236434
0.04853899
0.023960775
0.0050445022
0.077131754
0.067127715
0.053815324
0.043446613
0.095539699
0.083148121
0.066658622
0.053815324
0.11917356
0.10371668
0.083148121
0.067127715
0.1369339
0.11917356
0.095539699
0.077131754
0.14625505
0.12728577
0.10204316
0.082382188
0.1634471
0.14224805
0.11403827
0.092066168
0.18522799
0.16120399
0.12923506
0.104335
0.20136858
0.17525115
0.14049652
0.11342672
0.071813278
0.051843058
0.025591786
0.0053878875
0.080254888
0.057937157
0.028600047
0.0060212365
0.090949739
0.065657894
0.032411268
0.0068236377
0.098875083
0.071379311
0.035235549
0.0074182528
0.10299414
0.07435291
0.036703418
0.0077272919
0.11051441
0.079781902
0.039383346
0.0082915148
0.11988852
0.086549209
0.042723912
0.0089948242
0.126714
0.091476639
0.045156253
0.0095069193
0.20975738
0.18255189
0.14634944
0.11815198
0.22507307
0.19588107
0.15703528
0.126779
0.24416433
0.2124961
0.17035527
0.13753268
0.25806512
0.2245939
0.18005385
0.14536265
0.30846031
0.28373566
0.25037094
0.22403569
0.33098284
0.30445302
0.26865219
0.24039397
0.35905732
0.33027733
0.29143998
0.26078484
0.37949894
0.3490805
0.30803223
0.2756319
0.21507583
0.19783649
0.17457296
0.15621069
0.24035783
0.22109194
0.19509372
0.17457296
0.27238818
0.25055483
0.22109194
0.19783649
0.29612405
0.27238818
0.24035783
0.21507583
0.2756319
0.26078484
0.24039397
0.22403569
0.30803223
0.29143998
0.26865219
0.25037094
0.3490805
0.33027733
0.30445302
0.28373566
0.37949894
0.35905732
0.33098284
0.30846031
0.39530842
0.37401515
0.34477114
0.32131044
0.4241724
0.40132421
0.3699448
0.34477114
0.46015192
0.43536556
0.40132421
0.37401515
0.48634933
0.46015192
0.4241724
0.39530842
