FiniteElementSpace
FiniteElementCollection: L2_2D_P3
VDim: 1
Ordering: 0

7.5733376e+16
7.7662769e+16
7.9950431e+16
8.1546336e+16
7.5733376e+16
7.7662769e+16
7.9950431e+16
8.1546336e+16
7.5733376e+16
7.7662769e+16
7.9950431e+16
8.1546336e+16
7.5733376e+16
7.7662769e+16
7.9950431e+16
8.1546336e+16
8.234428e+16
8.375098e+16
8.5423186e+16
8.6593262e+16
8.234428e+16
8.375098e+16
8.5423186e+16
8.6593262e+16
8.234428e+16
8.375098e+16
8.5423186e+16
8.6593262e+16
8.234428e+16
8.375098e+16
8.5423186e+16
8.6593262e+16
8.234428e+16
8.375098e+16
8.5423186e+16
8.6593262e+16
8.234428e+16
8.375098e+16
8.5423186e+16
8.6593262e+16
8.234428e+16
8.375098e+16
8.5423186e+16
8.6593262e+16
8.234428e+16
8.375098e+16
8.5423186e+16
8.6593262e+16
7.5733377e+16
7.7662769e+16
7.9950431e+16
8.1546336e+16
7.5733375e+16
7.766277e+16
7.9950431e+16
8.1546336e+16
7.5733379e+16
7.7662769e+16
7.9950432e+16
8.1546336e+16
7.5733362e+16
7.7662773e+16
7.9950429e+16
8.1546337e+16
7.5458399e+16
7.6462654e+16
7.769648e+16
7.8602662e+16
7.5458336e+16
7.6462686e+16
7.7696461e+16
7.8602662e+16
7.545834e+16
7.6462684e+16
7.7696463e+16
7.8602662e+16
7.5458339e+16
7.6462684e+16
7.7696462e+16
7.8602662e+16
7.9069411e+16
7.9918865e+16
8.0976172e+16
8.1749038e+16
7.9069409e+16
7.9918868e+16
8.0976177e+16
8.1749033e+16
7.9069409e+16
7.9918868e+16
8.0976176e+16
8.1749033e+16
7.9069409e+16
7.9918868e+16
8.0976176e+16
8.1749033e+16
7.9069409e+16
7.9918868e+16
8.0976176e+16
8.1749033e+16
7.9069409e+16
7.9918868e+16
8.0976176e+16
8.1749033e+16
7.9069409e+16
7.9918868e+16
8.0976176e+16
8.1749033e+16
7.9069409e+16
7.9918868e+16
8.0976176e+16
8.1749033e+16
7.5458339e+16
7.6462684e+16
7.7696462e+16
7.8602662e+16
7.5458339e+16
7.6462684e+16
7.7696462e+16
7.8602662e+16
7.5458339e+16
7.6462684e+16
7.7696462e+16
7.8602662e+16
7.5458339e+16
7.6462684e+16
7.7696462e+16
7.8602662e+16
7.5458339e+16
7.6462684e+16
7.7696462e+16
7.8602662e+16
7.5458339e+16
7.6462684e+16
7.7696462e+16
7.8602662e+16
7.5458339e+16
7.6462684e+16
7.7696462e+16
7.8602662e+16
7.5458339e+16
7.6462684e+16
7.7696462e+16
7.8602662e+16
7.5458339e+16
7.6462684e+16
7.7696462e+16
7.8602662e+16
7.5458339e+16
7.6462684e+16
7.7696462e+16
7.8602662e+16
7.5458339e+16
7.6462684e+16
7.7696462e+16
7.8602662e+16
7.5458339e+16
7.6462684e+16
7.7696463e+16
7.8602662e+16
7.9069409e+16
7.9918868e+16
8.0976176e+16
8.1749033e+16
7.9069409e+16
7.9918868e+16
8.0976176e+16
8.1749033e+16
7.9069409e+16
7.9918868e+16
8.0976176e+16
8.1749033e+16
7.9069409e+16
7.9918868e+16
8.0976176e+16
8.1749033e+16
7.9069409e+16
7.9918868e+16
8.0976176e+16
8.1749033e+16
7.9069409e+16
7.9918868e+16
8.0976176e+16
8.1749033e+16
7.9069409e+16
7.9918868e+16
8.0976176e+16
8.1749033e+16
7.9069409e+16
7.9918868e+16
8.0976176e+16
8.1749033e+16
8.2148019e+16
8.287362e+16
8.37768e+16
8.4437364e+16
8.2148019e+16
8.287362e+16
8.37768e+16
8.4437364e+16
8.2148019e+16
8.287362e+16
8.37768e+16
8.4437364e+16
8.2148019e+16
8.287362e+16
8.37768e+16
8.4437364e+16
8.2148019e+16
8.287362e+16
8.37768e+16
8.4437364e+16
8.2148019e+16
8.287362e+16
8.37768e+16
8.4437364e+16
8.2148019e+16
8.287362e+16
8.37768e+16
8.4437364e+16
8.2148018e+16
8.287362e+16
8.37768e+16
8.4437364e+16
8.4778676e+16
8.5399876e+16
8.6174584e+16
8.674241e+16
8.4778676e+16
8.5399876e+16
8.6174584e+16
8.674241e+16
8.4778676e+16
8.5399876e+16
8.6174584e+16
8.6742409e+16
8.4778676e+16
8.5399876e+16
8.6174584e+16
8.674241e+16
8.4778676e+16
8.5399876e+16
8.6174584e+16
8.6742409e+16
8.4778676e+16
8.5399876e+16
8.6174584e+16
8.6742409e+16
8.4778676e+16
8.5399876e+16
8.6174584e+16
8.6742409e+16
8.4778676e+16
8.5399876e+16
8.6174584e+16
8.674241e+16
8.4778676e+16
8.5399876e+16
8.6174584e+16
8.674241e+16
8.4778676e+16
8.5399876e+16
8.6174584e+16
8.6742409e+16
8.4778676e+16
8.5399876e+16
8.6174584e+16
8.6742409e+16
8.4778676e+16
8.5399876e+16
8.6174584e+16
8.6742409e+16
8.2148019e+16
8.287362e+16
8.37768e+16
8.4437364e+16
8.2148019e+16
8.287362e+16
8.37768e+16
8.4437364e+16
8.2148019e+16
8.287362e+16
8.37768e+16
8.4437364e+16
8.2148019e+16
8.287362e+16
8.37768e+16
8.4437364e+16
8.2148019e+16
8.287362e+16
8.37768e+16
8.4437364e+16
8.2148019e+16
8.287362e+16
8.37768e+16
8.4437364e+16
8.2148019e+16
8.287362e+16
8.37768e+16
8.4437364e+16
8.2148019e+16
8.287362e+16
8.37768e+16
8.4437364e+16
8.4778676e+16
8.5399876e+16
8.6174584e+16
8.674241e+16
8.4778676e+16
8.5399876e+16
8.6174584e+16
8.674241e+16
8.4778676e+16
8.5399876e+16
8.6174584e+16
8.674241e+16
8.4778676e+16
8.5399876e+16
8.6174584e+16
8.674241e+16
8.6961217e+16
8.723033e+16
8.7573913e+16
8.7831214e+16
8.6961227e+16
8.723033e+16
8.7573912e+16
8.7831212e+16
8.6961228e+16
8.7230331e+16
8.7573912e+16
8.7831212e+16
8.6961228e+16
8.7230331e+16
8.7573912e+16
8.7831212e+16
8.6961228e+16
8.7230331e+16
8.7573912e+16
8.7831212e+16
8.6961228e+16
8.7230331e+16
8.7573912e+16
8.7831212e+16
8.6961228e+16
8.7230331e+16
8.7573912e+16
8.7831212e+16
8.6961228e+16
8.7230331e+16
8.7573912e+16
8.7831212e+16
8.7966265e+16
8.8215849e+16
8.8534034e+16
8.877231e+16
8.7966265e+16
8.8215849e+16
8.8534034e+16
8.877231e+16
8.7966264e+16
8.8215849e+16
8.8534034e+16
8.877231e+16
8.7966264e+16
8.8215849e+16
8.8534034e+16
8.877231e+16
8.7966267e+16
8.8215851e+16
8.8534036e+16
8.8772311e+16
8.7966265e+16
8.8215849e+16
8.8534035e+16
8.877231e+16
8.7966265e+16
8.8215849e+16
8.8534034e+16
8.877231e+16
8.7966265e+16
8.8215849e+16
8.8534034e+16
8.877231e+16
8.8959347e+16
8.9414237e+16
8.9980534e+16
9.0394548e+16
8.8959347e+16
8.9414238e+16
8.9980535e+16
9.0394548e+16
8.8959347e+16
8.9414238e+16
8.9980536e+16
9.0394548e+16
8.8959347e+16
8.9414238e+16
8.9980536e+16
9.0394548e+16
8.8959347e+16
8.9414238e+16
8.9980536e+16
9.0394548e+16
8.8959347e+16
8.9414238e+16
8.9980535e+16
9.0394548e+16
8.8959347e+16
8.9414238e+16
8.9980535e+16
9.0394548e+16
8.8959347e+16
8.9414238e+16
8.9980536e+16
9.0394548e+16
8.7966265e+16
8.8215849e+16
8.8534034e+16
8.877231e+16
8.7966265e+16
8.8215849e+16
8.8534034e+16
8.877231e+16
8.7966265e+16
8.8215849e+16
8.8534034e+16
8.877231e+16
8.7966264e+16
8.8215849e+16
8.8534034e+16
8.877231e+16
8.7966264e+16
8.8215849e+16
8.8534034e+16
8.877231e+16
8.7966265e+16
8.8215849e+16
8.8534034e+16
8.877231e+16
8.7966265e+16
8.8215849e+16
8.8534034e+16
8.877231e+16
8.7966265e+16
8.8215849e+16
8.8534034e+16
8.877231e+16
8.6961228e+16
8.7230331e+16
8.7573912e+16
8.7831212e+16
8.6961228e+16
8.7230331e+16
8.7573912e+16
8.7831212e+16
8.6961228e+16
8.7230331e+16
8.7573912e+16
8.7831212e+16
8.6961228e+16
8.7230331e+16
8.7573912e+16
8.7831212e+16
8.6961228e+16
8.7230331e+16
8.7573912e+16
8.7831212e+16
8.6961228e+16
8.7230331e+16
8.7573912e+16
8.7831212e+16
8.6961228e+16
8.7230331e+16
8.7573912e+16
8.7831212e+16
8.6961228e+16
8.7230331e+16
8.7573912e+16
8.7831212e+16
8.6961228e+16
8.7230331e+16
8.7573912e+16
8.7831212e+16
8.6961228e+16
8.7230331e+16
8.7573912e+16
8.7831212e+16
8.6961228e+16
8.7230331e+16
8.7573912e+16
8.7831212e+16
8.6961228e+16
8.7230331e+16
8.7573912e+16
8.7831212e+16
8.7966264e+16
8.8215849e+16
8.8534034e+16
8.877231e+16
8.7966265e+16
8.8215849e+16
8.8534034e+16
8.877231e+16
8.7966265e+16
8.8215849e+16
8.8534034e+16
8.877231e+16
8.7966265e+16
8.8215849e+16
8.8534034e+16
8.877231e+16
8.7966265e+16
8.8215849e+16
8.8534034e+16
8.877231e+16
8.7966265e+16
8.8215849e+16
8.8534034e+16
8.877231e+16
8.7966265e+16
8.8215849e+16
8.8534034e+16
8.877231e+16
8.7966264e+16
8.8215849e+16
8.8534034e+16
8.877231e+16
8.6961228e+16
8.7230331e+16
8.7573912e+16
8.7831212e+16
8.6961228e+16
8.7230331e+16
8.7573912e+16
8.7831212e+16
8.6961228e+16
8.7230331e+16
8.7573912e+16
8.7831212e+16
8.6961228e+16
8.7230331e+16
8.7573912e+16
8.7831212e+16
8.6961228e+16
8.7230331e+16
8.7573912e+16
8.7831212e+16
8.6961228e+16
8.7230331e+16
8.7573912e+16
8.7831212e+16
8.6961228e+16
8.7230331e+16
8.7573912e+16
8.7831212e+16
8.6961228e+16
8.7230331e+16
8.7573912e+16
8.7831212e+16
8.6961228e+16
8.7230331e+16
8.7573912e+16
8.7831212e+16
8.6961228e+16
8.7230331e+16
8.7573912e+16
8.7831212e+16
8.6961227e+16
8.723033e+16
8.7573912e+16
8.7831212e+16
8.6961218e+16
8.7230331e+16
8.7573911e+16
8.7831214e+16
8.7966265e+16
8.8215849e+16
8.8534034e+16
8.877231e+16
8.7966265e+16
8.8215849e+16
8.8534034e+16
8.877231e+16
8.7966265e+16
8.8215849e+16
8.8534035e+16
8.877231e+16
8.7966268e+16
8.8215852e+16
8.8534037e+16
8.8772311e+16
8.7966264e+16
8.8215849e+16
8.8534034e+16
8.877231e+16
8.7966264e+16
8.8215849e+16
8.8534034e+16
8.877231e+16
8.7966265e+16
8.8215849e+16
8.8534034e+16
8.877231e+16
8.7966265e+16
8.8215849e+16
8.8534034e+16
8.877231e+16
8.8959347e+16
8.9414238e+16
8.9980536e+16
9.0394548e+16
8.8959347e+16
8.9414238e+16
8.9980535e+16
9.0394548e+16
8.8959347e+16
8.9414238e+16
8.9980535e+16
9.0394548e+16
8.8959347e+16
8.9414237e+16
8.9980534e+16
9.0394549e+16
8.8959347e+16
8.9414238e+16
8.9980536e+16
9.0394548e+16
8.8959347e+16
8.9414238e+16
8.9980535e+16
9.0394548e+16
8.8959347e+16
8.9414238e+16
8.9980535e+16
9.0394548e+16
8.8959347e+16
8.9414238e+16
8.9980536e+16
9.0394548e+16
