FiniteElementSpace
FiniteElementCollection: L2_2D_P3
VDim: 1
Ordering: 0

2.4919161e-05
0.00011952984
0.00024974015
0.00035910409
2.4864e-05
0.00011926551
0.00024918931
0.0003583146
2.4684953e-05
0.00011840746
0.00024740125
0.00035575194
2.4467208e-05
0.00011736396
0.00024522669
0.00035263523
0.00042212888
0.00055165446
0.00074848933
0.00092608269
0.00042120283
0.00055044996
0.0007468674
0.00092408954
0.00041819685
0.00054653999
0.00074160196
0.00091761874
0.00041454091
0.00054178434
0.00073519714
0.00090974716
0.00041212401
0.00053864032
0.00073096254
0.00090454246
0.00040673571
0.00053163055
0.00072152038
0.0008929362
0.00039810562
0.00052040226
0.0007063933
0.00087433917
0.00039033783
0.00051029466
0.00069277342
0.00085759208
2.4323272e-05
0.00011667417
0.0002437892
0.00035057486
2.4002413e-05
0.00011513649
0.0002405846
0.00034598151
2.348861e-05
0.00011267409
0.00023545258
0.000338625
2.302625e-05
0.00011045817
0.00023083399
0.00033200389
2.2757024e-05
0.00010916787
0.00022814449
0.00032814802
2.2211861e-05
0.00010655502
0.00022269798
0.000320339
2.1429058e-05
0.00010280309
0.00021487638
0.00030912346
2.0780669e-05
9.9695309e-05
0.00020839704
0.00029983152
2.0420008e-05
9.7966593e-05
0.00020479265
0.00029466208
1.9718478e-05
9.4603945e-05
0.00019778101
0.00028460509
1.8762713e-05
9.0022494e-05
0.00018822699
0.00027089978
1.8006413e-05
8.6397048e-05
0.00018066585
0.00026005187
0.00034652158
0.00045325921
0.00061587291
0.00076298297
0.00033471881
0.00043788968
0.00059513734
0.00073745787
0.00031863306
0.00041693901
0.00056686366
0.00070264405
0.00030589993
0.00040035185
0.00054447205
0.00067506542
0.00038581398
0.00050440763
0.00068483957
0.00084783529
0.00037665177
0.00049248336
0.00066876685
0.00082806664
0.00036349177
0.00047535342
0.00064567145
0.00079965374
0.00035258804
0.00046115799
0.00062652732
0.00077609599
0.00094505304
0.0011498454
0.001468028
0.0017576375
0.00092310086
0.0011233394
0.0014345618
0.0017179457
0.00089154528
0.001085227
0.0013864212
0.0016608288
0.00086537805
0.0010536131
0.0013464713
0.0016134115
0.00085081101
0.0010360103
0.0013242201
0.001586994
0.00082245263
0.0010017347
0.0012808793
0.0015355239
0.00078376833
0.00095496345
0.0012217095
0.0014652264
0.00075311873
0.00091789459
0.0011747917
0.001409462
0.0017438449
0.0020733496
0.0025807136
0.0030367086
0.0016875775
0.0020071271
0.0024994717
0.0029422634
0.0016107096
0.0019166159
0.0023883536
0.0028130073
0.0015497187
0.0018447654
0.0023000831
0.0027102664
0.0019303061
0.0022925943
0.0028493116
0.0033485847
0.0018869474
0.0022416413
0.0027869414
0.003276218
0.0018245404
0.0021682726
0.0026970759
0.0031718919
0.0017727199
0.0021073224
0.0026223718
0.0030851172
0.0020543936
0.0024383134
0.0030274983
0.0035551446
0.002029032
0.0024085432
0.0029911176
0.0035129939
0.001988356
0.0023607828
0.0029327276
0.003445318
0.0019516866
0.0023177128
0.0028800464
0.0033842332
0.0010080095
0.0012258268
0.0015638951
0.0018712698
0.00099512594
0.0012102821
0.0015442902
0.0018480403
0.00097448036
0.0011853675
0.0015128591
0.001810789
0.00095588656
0.001162924
0.0014845365
0.0017772124
0.0010319179
0.0012546677
0.0016002579
0.001914344
0.0010297057
0.0012519995
0.0015968946
0.0019103606
0.0010225238
0.0012433365
0.0015859733
0.0018974247
0.0010137867
0.0012327966
0.001572684
0.0018816822
0.0021014139
0.00249349
0.0030948955
0.0036331999
0.002097066
0.002488389
0.0030886666
0.0036259879
0.0020829457
0.0024718211
0.0030684323
0.003602557
0.0020657608
0.0024516544
0.0030437977
0.0035740254
0.0039501117
0.0046057769
0.0055904557
0.0064524141
0.0039423319
0.004596847
0.0055798605
0.0064404206
0.0039170542
0.0045678278
0.0055454216
0.0064014282
0.0038862707
0.0045324804
0.005503459
0.0063539038
0.0038658979
0.0045090829
0.0054756754
0.0063224301
0.0038204108
0.0044568299
0.0054136043
0.0062520929
0.0037473628
0.0043728801
0.005313816
0.0061389506
0.0036814129
0.0042970502
0.0052236129
0.0060366094
0.0068136449
0.0078148399
0.0092838832
0.010538321
0.0067386506
0.0077306662
0.0091870096
0.01043132
0.0066179766
0.0075951271
0.0090308545
0.010258675
0.0065087809
0.0074723833
0.0088892696
0.010101968
0.0069521842
0.0079702176
0.0094624938
0.010735394
0.0069394043
0.0079558918
0.0094460388
0.010717251
0.0068978507
0.0079092995
0.0093925008
0.0106582
0.0068471962
0.0078524833
0.0093271802
0.010586118
0.011460058
0.012913874
0.014990001
0.016688885
0.011441006
0.012893127
0.014967142
0.016664563
0.011378985
0.012825556
0.014892637
0.016585236
0.011303256
0.012743
0.01480152
0.016488135
0.017619787
0.019497257
0.022156949
0.02397073
0.017594768
0.019471179
0.022130141
0.023943923
0.017513136
0.019386007
0.022042433
0.023856085
0.017413158
0.019281557
0.021934618
0.023747888
0.017346678
0.019212029
0.021862708
0.023675602
0.017197301
0.019055577
0.021700473
0.023512156
0.016954688
0.018800826
0.021435089
0.023243751
0.016732832
0.018567209
0.021190483
0.022995304
0.011253028
0.012688215
0.014741005
0.016423596
0.011140551
0.012565451
0.014605249
0.016278669
0.010958966
0.012367018
0.014385387
0.016043532
0.010794039
0.012186539
0.014184977
0.015828769
0.010697347
0.012080623
0.014067177
0.015702349
0.010500062
0.011864277
0.01382613
0.015443249
0.010213353
0.01154932
0.013474241
0.015064064
0.0099728755
0.011284672
0.013177719
0.014743722
0.016602124
0.018429291
0.021045553
0.022847652
0.016333984
0.018145727
0.020746392
0.022541878
0.015940994
0.01772869
0.020303735
0.02208718
0.015608494
0.0173746
0.019925582
0.021696809
0.015420823
0.017174268
0.019710757
0.021474311
0.015050263
0.016777753
0.019283791
0.021030632
0.014534072
0.016223454
0.01868332
0.020403681
0.014116645
0.015773685
0.018193271
0.019889707
0.0098379461
0.011135998
0.013010815
0.014563098
0.0095731326
0.01084384
0.012682181
0.014206819
0.0092075144
0.010439715
0.012226272
0.01371127
0.0089143906
0.010115132
0.011859056
0.013311122
0.0058828045
0.006767064
0.0080727257
0.0091952714
0.005711362
0.0065734253
0.00784773
0.0089446197
0.0054758817
0.0063071613
0.0075378255
0.0085988588
0.0052880446
0.0060945371
0.007289944
0.0083218925
0.0064449376
0.0074005772
0.008806368
0.010010139
0.0063150682
0.0072544157
0.0086374552
0.0098228721
0.0061272331
0.0070428013
0.0083925215
0.0095509465
0.0059704655
0.0068659998
0.0081875517
0.0093230611
0.0036429184
0.0042527727
0.005170914
0.0059767905
0.0035647586
0.0041628344
0.0050638049
0.0058551452
0.0034520454
0.0040330521
0.0049090964
0.0056792919
0.0033582634
0.0039249952
0.0047801565
0.0055325997
0.0033059338
0.0038646721
0.0047081254
0.0054506017
0.0032038143
0.0037468971
0.004567391
0.0052902932
0.0030640062
0.0035855402
0.0043743736
0.005070225
0.0029528393
0.0034571488
0.0042206297
0.0048947746
0.0028924938
0.0033874211
0.0041370766
0.0047993681
0.0027777353
0.0032547619
0.0039780099
0.0046176315
0.0026262143
0.0030794977
0.0037676659
0.0043771196
0.0025097588
0.0029447186
0.0036057782
0.0041918827
0.0024479009
0.0028731037
0.0035197172
0.0040933678
0.0023327053
0.0027396997
0.0033593366
0.0039097134
0.0021851712
0.0025687849
0.0031537571
0.0036742032
0.0020751409
0.0024412838
0.003000342
0.0034984025
0.0044291041
0.0051200296
0.0061499187
0.0070442012
0.0042320926
0.004896111
0.0058872621
0.0067491242
0.0039793943
0.0046087647
0.0055499706
0.0063699694
0.0037907344
0.0043941737
0.0052979763
0.0060866
0.0051858671
0.0059787943
0.0071548639
0.0081708194
0.0049911682
0.0057580961
0.006897028
0.0078821933
0.0047333837
0.0054656134
0.0065548431
0.007498663
0.0045347626
0.0052400692
0.0062906386
0.007202204
0.0087544151
0.0099377788
0.011658037
0.013091718
0.0084486175
0.0095983784
0.011272667
0.012670441
0.0080419698
0.00914634
0.010758141
0.012106748
0.0077274356
0.0087962097
0.010358734
0.011668316
0.013887552
0.015526299
0.01792273
0.019605138
0.013447269
0.015049852
0.017399829
0.019053603
0.012857401
0.014409652
0.016693712
0.018305958
0.012398088
0.013909815
0.016139911
0.017717536
0.012152218
0.013641816
0.015842157
0.01740049
0.011691333
0.013138733
0.015281822
0.016802689
0.011096608
0.012488426
0.014555235
0.016025575
0.010651005
0.012000591
0.014008879
0.015440059
0.0075597344
0.0086093762
0.010145327
0.011433784
0.0072464451
0.0082601044
0.0097459344
0.010994412
0.0068437449
0.0078108084
0.0092315175
0.010427842
0.0065427183
0.0074748057
0.0088465307
0.010003522
0.00638589
0.0072997434
0.0086459174
0.009782374
0.006099078
0.0069796484
0.008279215
0.0093782345
0.0057419421
0.0065813444
0.0078234561
0.0088764983
0.0054852603
0.0062953958
0.0074969202
0.0085177356
0.010418737
0.011746198
0.013723659
0.015134086
0.0099943284
0.011281408
0.013202385
0.014574594
0.0094677668
0.010705471
0.012557303
0.013882525
0.0090917107
0.010295237
0.012099424
0.013392284
0.0089033025
0.010090294
0.011871614
0.013148987
0.0085614053
0.0097204392
0.011464693
0.01271762
0.0081409181
0.0092695368
0.010978991
0.012213168
0.007884693
0.0089968585
0.010692521
0.011925282
0.0053558773
0.0061514059
0.0073328026
0.0083377696
0.0051190783
0.0058882
0.0070335809
0.008010579
0.0048244158
0.0055611844
0.0066631132
0.0076071013
0.0046431742
0.0053602673
0.0064361046
0.0073606862
0.0030456448
0.0035468221
0.0043034186
0.0049689012
0.0028961243
0.0033769225
0.0041043432
0.0047456085
0.0027095985
0.0031650451
0.0038562615
0.004467588
0.0025946616
0.0030345174
0.0037035078
0.0042965073
0.0036924751
0.004282399
0.005166706
0.0059389756
0.0035127172
0.0040779204
0.0049265848
0.005668973
0.0032885941
0.0038230201
0.0046273681
0.0053326691
0.0031271671
0.0036394836
0.0044120598
0.0050908456
0.0020178586
0.0023748981
0.0029204517
0.0034068455
0.0019130817
0.0022534611
0.002774302
0.003239349
0.0017824333
0.0021020326
0.0025920582
0.0030305005
0.0016882925
0.0019929207
0.0024607567
0.0028800563
0.0016407288
0.0019377957
0.0023944294
0.0028040715
0.0015534525
0.0018366492
0.0022727433
0.0026646906
0.0014445262
0.0017104163
0.0021208941
0.002490791
0.0013773824
0.0016326073
0.0020273042
0.0023836242
0.00083577434
0.0010020833
0.0012619764
0.0014991888
0.00078845962
0.00094618178
0.0011930232
0.0014186711
0.00072941203
0.00087641553
0.0011069651
0.0013181794
0.000693012
0.00083340835
0.0010539157
0.0012562337
0.00039652824
0.00048601716
0.00062705689
0.00075733054
0.0003729798
0.00045747229
0.00059081091
0.00071413474
0.00034359649
0.00042185314
0.00054557964
0.00066022857
0.00032548218
0.00039989488
0.00051769624
0.00062699781
0.00049837461
0.00060945207
0.00078375867
0.00094404873
0.00047005568
0.00057513467
0.00074019976
0.00089215263
0.00043477373
0.00053237422
0.00068591534
0.00082747018
0.00040936398
0.00050157571
0.00064681194
0.00078087258
0.0010402809
0.0012436717
0.0015599343
0.0018471088
0.00098344442
0.0011765372
0.0014771459
0.0017504449
0.00091259982
0.0010928467
0.0013739273
0.0016299169
0.00086156074
0.0010325485
0.0012995538
0.0015430687
0.0012739498
0.0015195593
0.0018999564
0.0022439448
0.0012112751
0.0014455841
0.0018088244
0.0021376234
0.0011311014
0.0013509279
0.0016921685
0.0020014794
0.0010713648
0.0012803839
0.0016052011
0.0018999578
0.0015166568
0.0018058045
0.0022521965
0.0026545075
0.0014538682
0.0017317904
0.0021611856
0.0025484945
0.0013711225
0.0016342092
0.0020411208
0.0024085635
0.0013076363
0.0015593109
0.0019489124
0.0023010457
0.00073652016
0.00089781532
0.0011493694
0.001379238
0.00070502698
0.00085971005
0.0011011096
0.0013218477
0.00066357914
0.00080954506
0.0010375484
0.0012462323
0.00063181808
0.00077109329
0.00098880819
0.0011882284
0.00061497834
0.00075070253
0.0009629549
0.0011574547
0.00058366961
0.00071278551
0.00091486891
0.0011002056
0.00054365708
0.00066431693
0.00085338218
0.001026983
0.00051386818
0.00062822566
0.00080758479
0.00097243228
0.00024862753
0.00032571344
0.00044364768
0.00055080998
0.00023567074
0.0003088216
0.00042081588
0.000522657
0.0002191228
0.000287245
0.00039164564
0.00048668147
0.00020681017
0.00027118879
0.00036993448
0.00045990066
0.00029900837
0.00039137327
0.00053234913
0.00066013154
0.00028594051
0.00037434591
0.00050935423
0.00063179976
0.00026875679
0.0003519517
0.00047910308
0.00059451813
0.00025559979
0.00033480234
0.00045593073
0.00056595359
1.7597176e-05
8.4435256e-05
0.00017657411
0.00025418098
1.6821354e-05
8.0716058e-05
0.00016881639
0.00024304914
1.5801526e-05
7.5826947e-05
0.00015861735
0.00022841238
1.5020928e-05
7.2084586e-05
0.00015080978
0.00021720635
1.460735e-05
7.0101759e-05
0.00014667284
0.00021126825
1.3838927e-05
6.6417628e-05
0.00013898591
0.00020023379
1.2857788e-05
6.1713526e-05
0.00012917001
0.00018614185
1.2127939e-05
5.8214149e-05
0.00012186744
0.00017565721
1.1748519e-05
5.6394925e-05
0.00011807089
0.00017020607
1.1055307e-05
5.3071128e-05
0.00011113423
0.00016024582
1.0192123e-05
4.8932284e-05
0.00010249612
0.00014784175
9.5707311e-06
4.5952755e-05
9.6277336e-05
0.00013891135
0.00020040841
0.00026284
0.00035864399
0.00044597242
0.00018871084
0.0002475838
0.00033801019
0.00042051582
0.00017414266
0.00022858209
0.00031230737
0.00038880192
0.00016365388
0.00021490038
0.00029379886
0.00036596293
0.00015835624
0.00020798984
0.00028444989
0.00035442608
0.00014863844
0.00019531305
0.00026729926
0.00033326101
0.00013651413
0.00017949663
0.00024590016
0.00030685214
0.0001290392
0.00016974561
0.00023270765
0.00029057138
9.2569011e-06
4.4447942e-05
9.3136488e-05
0.00013440088
8.6812456e-06
4.1687686e-05
8.7375228e-05
0.00012612715
7.9630753e-06
3.8244074e-05
8.0187482e-05
0.00011580463
7.5202951e-06
3.6120985e-05
7.5755999e-05
0.00010944051
