FiniteElementSpace
FiniteElementCollection: L2_2D_P4
VDim: 1
Ordering: 0

3.325401978590136e+44
6.049706502886984e+44
1.914309174191596e+44
-5.536357674910386e+44
5.710521103619856e+43
6.04970650288677e+44
5.184260552384468e+44
-1.001076058907316e+44
-5.523166747930179e+44
1.202870408891828e+44
1.914309174189917e+44
-1.001076058908432e+44
-4.911999899838156e+44
-4.239865393615594e+44
2.310553901038712e+44
-5.536357674912247e+44
-5.523166747931221e+44
-4.239865393615649e+44
-6.645910045269608e+43
3.519791320723725e+44
5.710521103631411e+43
1.202870408892883e+44
2.310553901039805e+44
3.519791320724503e+44
4.214231705650197e+44
