FiniteElementSpace
FiniteElementCollection: L2_2D_P2
VDim: 1
Ordering: 0

0.3611884061825597
0.3019936976801686
0.234364811038226
0.301995598201273
0.2520237516402291
0.195058228580454
0.2343662462768645
0.1950581069131877
0.15046546341156
0.1912133500056473
0.1588405819543788
0.1222667729545156
0.1118553976444957
0.09266196132342761
0.07110678154998848
0.0260926494550287
0.02153652504765399
0.01645417934272157
0.09922591247921549
0.05759556430232836
0.01328452999160066
0.05759631454358865
0.03332818134152406
0.007642075532179427
0.01328575113175133
0.007642836577998887
0.001728027426372559
0.1912138884499256
0.1118579128165764
0.02609283135791259
0.1588414933830113
0.09266297631580944
0.02153600545929258
0.1222669154093975
0.0711062522486027
0.01645304847585482
