FiniteElementSpace
FiniteElementCollection: L2_2D_P3
VDim: 1
Ordering: 0

24.747581
29.138976
36.053372
42.439802
24.747581
29.138976
36.053372
42.439802
24.747581
29.138976
36.053372
42.439802
24.747581
29.138976
36.053372
42.439802
24.747581
29.138976
36.053372
42.439802
24.747581
29.138976
36.053372
42.439802
24.747581
29.138976
36.053372
42.439802
24.747581
29.138976
36.053372
42.439802
13.188097
15.547497
19.258141
22.682728
13.188097
15.547497
19.258141
22.682728
13.188097
15.547497
19.258141
22.682728
13.188097
15.547497
19.258141
22.682728
13.188097
15.547497
19.258141
22.682728
13.188097
15.547497
19.258141
22.682728
13.188097
15.547497
19.258141
22.682728
13.188097
15.547497
19.258141
22.682728
13.188097
15.547497
19.258141
22.682728
13.188097
15.547497
19.258141
22.682728
13.188097
15.547497
19.258141
22.682728
13.188097
15.547497
19.258141
22.682728
24.747581
29.138976
36.053372
42.439802
24.747581
29.138976
36.053372
42.439802
24.747581
29.138976
36.053372
42.439802
24.747581
29.138976
36.053372
42.439802
24.747581
29.138976
36.053372
42.439802
24.747581
29.138976
36.053372
42.439802
24.747581
29.138976
36.053372
42.439802
24.747581
29.138976
36.053372
42.439802
46.291989
54.486979
67.394474
79.318958
46.291989
54.486979
67.394474
79.318958
46.291989
54.486979
67.394474
79.318958
46.291989
54.486979
67.394474
79.318958
46.291989
54.486979
67.394474
79.318958
46.291989
54.486979
67.394474
79.318958
46.291989
54.486979
67.394474
79.318958
46.291989
54.486979
67.394474
79.318958
86.512385
101.81646
125.92301
148.1945
86.512385
101.81646
125.92301
148.1945
86.512385
101.81646
125.92301
148.1945
86.512385
101.81646
125.92301
148.1945
86.512385
101.81646
125.92301
148.1945
86.512385
101.81646
125.92301
148.1945
86.512385
101.81646
125.92301
148.1945
86.512385
101.81646
125.92301
148.1945
86.512385
101.81646
125.92301
148.1945
86.512385
101.81646
125.92301
148.1945
86.512385
101.81646
125.92301
148.1945
86.512385
101.81646
125.92301
148.1945
46.291989
54.486979
67.394474
79.318958
46.291989
54.486979
67.394474
79.318958
46.291989
54.486979
67.394474
79.318958
46.291989
54.486979
67.394474
79.318958
46.291989
54.486979
67.394474
79.318958
46.291989
54.486979
67.394474
79.318958
46.291989
54.486979
67.394474
79.318958
46.291989
54.486979
67.394474
79.318958
86.512385
101.81646
125.92301
148.1945
86.512385
101.81646
125.92301
148.1945
86.512385
101.81646
125.92301
148.1945
86.512385
101.81646
125.92301
148.1945
161.63009
190.21418
235.23885
276.83479
161.63009
190.21418
235.23885
276.83479
161.63009
190.21418
235.23885
276.83479
161.63009
190.21418
235.23885
276.83479
301.92802
355.31075
439.39298
517.06516
301.92802
355.31075
439.39298
517.06516
301.92802
355.31075
439.39298
517.06516
301.92802
355.31075
439.39298
517.06516
