FiniteElementSpace
FiniteElementCollection: L2_2D_P3
VDim: 1
Ordering: 0

1.824503919862124e+19
1.808508022924339e+19
1.789233128499841e+19
1.764805420517998e+19
1.824503919862124e+19
1.808508022924339e+19
1.789233128499841e+19
1.764805420517998e+19
1.824503919862124e+19
1.808508022924339e+19
1.789233128499841e+19
1.764805420517998e+19
1.824503919862124e+19
1.808508022924339e+19
1.789233128499841e+19
1.764805420517998e+19
1.824503919862123e+19
1.808508022924339e+19
1.789233128499841e+19
1.764805420517998e+19
1.824503919862123e+19
1.808508022924339e+19
1.789233128499841e+19
1.764805420517998e+19
1.824503919862123e+19
1.808508022924339e+19
1.789233128499841e+19
1.764805420517998e+19
1.824503919862123e+19
1.808508022924339e+19
1.789233128499841e+19
1.764805420517998e+19
1.871342889176766e+19
1.860424720896703e+19
1.844774802405808e+19
1.831602024002832e+19
1.871342889176766e+19
1.860424720896703e+19
1.844774802405808e+19
1.831602024002832e+19
1.871342889176766e+19
1.860424720896704e+19
1.844774802405808e+19
1.831602024002832e+19
1.871342889176766e+19
1.860424720896704e+19
1.844774802405808e+19
1.831602024002832e+19
1.871342889177795e+19
1.860424720896406e+19
1.844774802405955e+19
1.831602024002754e+19
1.871342889177795e+19
1.860424720896406e+19
1.844774802405955e+19
1.831602024002754e+19
1.871342889177795e+19
1.860424720896406e+19
1.844774802405955e+19
1.831602024002754e+19
1.871342889177795e+19
1.860424720896406e+19
1.844774802405956e+19
1.831602024002754e+19
1.905881005848419e+19
1.897893610899952e+19
1.886444659055819e+19
1.876807999542761e+19
1.905881005848419e+19
1.897893610899952e+19
1.886444659055819e+19
1.876807999542761e+19
1.905881005848419e+19
1.897893610899952e+19
1.886444659055819e+19
1.876807999542761e+19
1.905881005848419e+19
1.897893610899952e+19
1.886444659055819e+19
1.876807999542761e+19
1.931148228482775e+19
1.925304910852159e+19
1.916929061718371e+19
1.909879139820027e+19
1.931148228482775e+19
1.925304910852159e+19
1.916929061718371e+19
1.909879139820027e+19
1.931148228482775e+19
1.925304910852159e+19
1.916929061718371e+19
1.909879139820027e+19
1.931148228482775e+19
1.925304910852159e+19
1.916929061718371e+19
1.909879139820027e+19
1.931148228257352e+19
1.925304911274709e+19
1.916929060860544e+19
1.909879142839889e+19
1.931148228257352e+19
1.925304911274709e+19
1.916929060860544e+19
1.909879142839889e+19
1.931148228257352e+19
1.925304911274709e+19
1.916929060860544e+19
1.909879142839889e+19
1.931148228257352e+19
1.925304911274709e+19
1.916929060860544e+19
1.909879142839889e+19
1.905881002826366e+19
1.897893611759722e+19
1.886444658632073e+19
1.876807999769445e+19
1.905881002826366e+19
1.897893611759722e+19
1.886444658632073e+19
1.876807999769445e+19
1.905881002826367e+19
1.897893611759722e+19
1.886444658632073e+19
1.876807999769445e+19
1.905881002826367e+19
1.897893611759722e+19
1.886444658632073e+19
1.876807999769445e+19
1.905881005545307e+19
1.897893611468832e+19
1.886444657900703e+19
1.876808003610418e+19
1.905881005545307e+19
1.897893611468832e+19
1.886444657900703e+19
1.876808003610418e+19
1.905881005545307e+19
1.897893611468832e+19
1.886444657900703e+19
1.876808003610418e+19
1.905881005545307e+19
1.897893611468832e+19
1.886444657900703e+19
1.876808003610418e+19
1.931148228482775e+19
1.925304910852159e+19
1.916929061718372e+19
1.909879139820002e+19
1.931148228482775e+19
1.925304910852159e+19
1.916929061718372e+19
1.909879139820002e+19
1.931148228482775e+19
1.925304910852159e+19
1.916929061718372e+19
1.909879139820002e+19
1.931148228482775e+19
1.925304910852159e+19
1.916929061718372e+19
1.909879139820002e+19
1.931148228257351e+19
1.925304911274709e+19
1.916929060860544e+19
1.909879142839866e+19
1.931148228257351e+19
1.925304911274709e+19
1.916929060860544e+19
1.909879142839866e+19
1.931148228257351e+19
1.925304911274709e+19
1.916929060860544e+19
1.909879142839866e+19
1.931148228257351e+19
1.925304911274709e+19
1.916929060860544e+19
1.909879142839866e+19
1.905881002523249e+19
1.897893612328607e+19
1.886444657476957e+19
1.876808003836894e+19
1.905881002523249e+19
1.897893612328607e+19
1.886444657476957e+19
1.876808003836894e+19
1.905881002523249e+19
1.897893612328607e+19
1.886444657476957e+19
1.876808003836894e+19
1.905881002523249e+19
1.897893612328607e+19
1.886444657476957e+19
1.876808003836895e+19
1.871342881134461e+19
1.860424729506926e+19
1.84477478670582e+19
1.831602077546719e+19
1.871342881134461e+19
1.860424729506926e+19
1.84477478670582e+19
1.83160207754672e+19
1.871342881134461e+19
1.860424729506927e+19
1.84477478670582e+19
1.83160207754672e+19
1.871342881134461e+19
1.860424729506927e+19
1.844774786705821e+19
1.83160207754672e+19
1.824503866607423e+19
1.808508038066512e+19
1.789233121041127e+19
1.764805424492789e+19
1.824503866607424e+19
1.808508038066512e+19
1.789233121041128e+19
1.764805424492789e+19
1.824503866607424e+19
1.808508038066512e+19
1.789233121041127e+19
1.764805424492789e+19
1.824503866607424e+19
1.808508038066512e+19
1.789233121041128e+19
1.764805424492789e+19
1.824503919860221e+19
1.808508022924887e+19
1.789233128499571e+19
1.764805420518142e+19
1.824503919860221e+19
1.808508022924887e+19
1.789233128499571e+19
1.764805420518142e+19
1.824503919860221e+19
1.808508022924887e+19
1.789233128499571e+19
1.764805420518142e+19
1.824503919860221e+19
1.808508022924887e+19
1.789233128499571e+19
1.764805420518142e+19
1.87134288510607e+19
1.860424722055169e+19
1.844774801834717e+19
1.831602024308777e+19
1.87134288510607e+19
1.860424722055169e+19
1.844774801834717e+19
1.831602024308777e+19
1.87134288510607e+19
1.860424722055169e+19
1.844774801834717e+19
1.831602024308777e+19
1.87134288510607e+19
1.86042472205517e+19
1.844774801834718e+19
1.831602024308777e+19
