FiniteElementSpace
FiniteElementCollection: L2_2D_P3
VDim: 1
Ordering: 0

7.7739676e+15
8.8569247e+15
1.056572e+16
1.2146367e+16
7.7739676e+15
8.8569247e+15
1.056572e+16
1.2146367e+16
7.7739676e+15
8.8569247e+15
1.056572e+16
1.2146367e+16
7.7739676e+15
8.8569247e+15
1.056572e+16
1.2146367e+16
7.7739676e+15
8.8569247e+15
1.056572e+16
1.2146367e+16
7.7739676e+15
8.8569247e+15
1.056572e+16
1.2146367e+16
7.7739676e+15
8.8569247e+15
1.056572e+16
1.2146367e+16
7.7739676e+15
8.8569247e+15
1.056572e+16
1.2146367e+16
7.7739676e+15
8.8569247e+15
1.056572e+16
1.2146367e+16
7.7739676e+15
8.8569247e+15
1.056572e+16
1.2146367e+16
7.7739676e+15
8.8569247e+15
1.056572e+16
1.2146367e+16
7.7739676e+15
8.8569247e+15
1.056572e+16
1.2146367e+16
1.3100466e+16
1.5131329e+16
1.8332053e+16
2.1290356e+16
1.3100466e+16
1.5131329e+16
1.8332053e+16
2.1290356e+16
1.3100466e+16
1.5131329e+16
1.8332053e+16
2.1290356e+16
1.3100466e+16
1.5131329e+16
1.8332053e+16
2.1290356e+16
1.3100466e+16
1.5131329e+16
1.8332053e+16
2.1290356e+16
1.3100466e+16
1.5131329e+16
1.8332053e+16
2.1290356e+16
1.3100466e+16
1.5131329e+16
1.8332053e+16
2.1290356e+16
1.3100466e+16
1.5131329e+16
1.8332053e+16
2.1290356e+16
2.3075331e+16
2.6873614e+16
3.2857868e+16
3.8387623e+16
2.3075331e+16
2.6873614e+16
3.2857868e+16
3.8387623e+16
2.3075331e+16
2.6873614e+16
3.2857868e+16
3.8387623e+16
2.3075331e+16
2.6873614e+16
3.2857868e+16
3.8387623e+16
