FiniteElementSpace
FiniteElementCollection: L2_2D_P5
VDim: 1
Ordering: 0

0.016017176
0.016089602
0.016112178
0.016138285
0.016189417
0.016209924
0.01608936
0.016108756
0.016149495
0.016315077
0.016475461
0.016522664
0.016111723
0.016149538
0.016441657
0.017071667
0.017577509
0.017719949
0.016138378
0.016315532
0.017071977
0.018305005
0.01898296
0.019083888
0.016189827
0.016476136
0.017578083
0.018983196
0.019032313
0.018670853
0.016210308
0.016523417
0.017720707
0.01908433
0.018670611
0.017323935
