FiniteElementSpace
FiniteElementCollection: L2_2D_P3
VDim: 1
Ordering: 0

0.017414294
0.017459854
0.017607638
0.017787204
0.017628868
0.017670595
0.017805944
0.017970393
0.017875247
0.017911649
0.018029714
0.018173149
0.01799401
0.018026844
0.018133331
0.018262687
0.018033614
0.018064733
0.018165654
0.018288241
0.018079454
0.018107492
0.018198412
0.018308836
0.018085006
0.018109343
0.01818825
0.018284061
0.018050162
0.018071937
0.018142524
0.018228214
0.018369194
0.018549408
0.018837225
0.019095376
0.018381747
0.018544034
0.018803139
0.019035446
0.018347312
0.01848806
0.018712659
0.018913901
0.018284774
0.018410599
0.018611289
0.018790999
0.017905815
0.018169954
0.018592099
0.018971063
0.018079013
0.018320893
0.018707424
0.01905437
0.018267882
0.018478813
0.018815811
0.019118212
0.018348114
0.018538302
0.018842091
0.019114615
0.019191313
0.019636311
0.020272749
0.02079742
0.01925599
0.019663296
0.020245689
0.020725665
0.019293907
0.019648745
0.020155867
0.020573561
0.019272916
0.019592539
0.020049113
0.020424953
0.021088209
0.021651471
0.022413269
0.023010886
0.020991622
0.021506642
0.022202847
0.022748671
0.020804899
0.021252634
0.021857284
0.022330754
0.020633015
0.021035488
0.021578496
0.022003205
0.020532742
0.020913397
0.021426674
0.02182785
0.020327027
0.020668404
0.021128137
0.021486916
0.020030086
0.020324161
0.020719383
0.021027055
0.019785517
0.02004675
0.02039716
0.020669317
0.019245307
0.019547982
0.019980218
0.020335896
0.019170327
0.019442519
0.01983097
0.020150368
0.019030686
0.01926622
0.019601996
0.019877729
0.01889524
0.019105356
0.019404595
0.019650028
0.018814427
0.019011892
0.019292943
0.01952329
0.018649226
0.018824411
0.019073423
0.019277191
0.018411711
0.018560548
0.018771665
0.018943988
0.018216814
0.018347417
0.018532303
0.018682856
0.019650379
0.019895255
0.020223341
0.020477799
0.019389478
0.019605528
0.019894267
0.020117528
0.019038762
0.0192207
0.019462866
0.019649195
0.018765504
0.01892382
0.019133732
0.019294481
0.0186193
0.018765865
0.018959731
0.019107755
0.01834538
0.018471367
0.018637133
0.018762872
0.017991972
0.018093821
0.018226629
0.018326233
0.017726827
0.017812105
0.017922286
0.018003951
0.018109585
0.018231119
0.018402959
0.018542684
0.017903914
0.018009569
0.018158564
0.018279327
0.017630553
0.017717586
0.017839787
0.017938309
0.017420369
0.017494617
0.01759842
0.017681671
0.017752977
0.017826873
0.017944325
0.018049047
0.017592781
0.017657378
0.017759922
0.017851207
0.017372747
0.017426441
0.017511502
0.017587031
0.017199175
0.017245383
0.017318442
0.017383154
0.018240234
0.018358637
0.018547432
0.018716429
0.018138903
0.018244239
0.01841209
0.018562221
0.017976889
0.01806678
0.018209876
0.018337704
0.01783423
0.017913438
0.018039407
0.018151802
0.018019397
0.018039897
0.018106346
0.018187003
0.017942313
0.017960569
0.018019735
0.018091531
0.017808951
0.017824557
0.017875116
0.017936442
0.017686109
0.017699882
0.017744489
0.017798572
0.017614709
0.01762757
0.017669218
0.0177197
0.01747176
0.017483027
0.017519495
0.017563674
0.017271948
0.017281344
0.017311739
0.017348527
0.017112256
0.017120369
0.017146595
0.01717831
0.017025898
0.017033376
0.017057541
0.017086749
0.016863113
0.016869487
0.016890069
0.016914915
0.016652534
0.01665763
0.016674058
0.016693851
0.016495277
0.016499507
0.016513123
0.016529495
0.017105954
0.017148462
0.017215587
0.017274951
0.016931237
0.01696731
0.017024117
0.017074182
0.01670683
0.016735446
0.016780295
0.016819583
0.01654021
0.016563778
0.016600533
0.016632525
0.016454088
0.016475187
0.016507983
0.016536408
0.016298634
0.016315495
0.016341495
0.016363795
0.016110129
0.01612219
0.016140494
0.016155859
0.015978491
0.015987398
0.016000645
0.016011453
0.016413732
0.016417538
0.01642978
0.016444478
0.016266139
0.016269218
0.0162791
0.016290925
0.016086536
0.016088792
0.016096
0.016104572
0.015960748
0.015962463
0.015967913
0.015974347
0.015898466
0.015899922
0.015904535
0.015909949
0.015791292
0.015792319
0.015795535
0.015799249
0.015671927
0.015672495
0.01567422
0.015676121
0.015597276
0.015597567
0.015598393
0.0155992
0.01556377
0.015563938
0.015564368
0.015564693
0.015513061
0.015513047
0.015512886
0.015512491
0.015471344
0.015471184
0.015470544
0.015469567
0.015458488
0.015458283
0.015457498
0.015456344
0.015564796
0.01556469
0.015563487
0.015561277
0.015512119
0.015510951
0.015508048
0.015504305
0.01546881
0.015466784
0.015462505
0.015457522
0.015455469
0.015453182
0.015448484
0.015443124
0.015913418
0.01592082
0.015931654
0.015940289
0.015801595
0.015806489
0.015813304
0.015818317
0.015677267
0.015679486
0.015682012
0.01568316
0.015599621
0.015600226
0.015600164
0.01559898
0.015944815
0.015952787
0.015961248
0.01596538
0.015820732
0.015824426
0.015826735
0.015825764
0.015683323
0.015682452
0.015678197
0.015671784
0.015597784
0.01559416
0.015585945
0.015576249
0.015559483
0.015554645
0.015544687
0.015533545
0.015501618
0.01549497
0.015482411
0.015469112
0.015454113
0.015446001
0.015431337
0.015416294
0.015439494
0.015430937
0.015415632
0.015400058
0.015526136
0.015509057
0.015479606
0.015450692
0.015460502
0.015441087
0.015408456
0.015377026
0.015406713
0.01538541
0.015350205
0.015316742
0.015390182
0.015368303
0.015332316
0.015298234
0.015966472
0.015965939
0.015959035
0.015947953
0.015824017
0.015817955
0.015803516
0.015786473
0.015667007
0.015655049
0.015632576
0.015609178
0.015569645
0.015554131
0.015526814
0.015499586
0.01667459
0.016704306
0.016738654
0.016760227
0.016467307
0.016487655
0.016509226
0.01652068
0.016220123
0.01622987
0.016236984
0.016236993
0.016049934
0.01605272
0.016050341
0.01604284
0.01655247
0.016583828
0.016625923
0.01665796
0.016376286
0.016400406
0.01643209
0.016455488
0.016164308
0.016180233
0.01620013
0.016213749
0.016017246
0.016027786
0.01603994
0.016047136
0.017309049
0.017376975
0.017471682
0.017547384
0.017102859
0.017159793
0.017238686
0.01730126
0.016841978
0.016886174
0.01694674
0.016994104
0.016650667
0.016686241
0.016734402
0.016771471
0.017588334
0.017665419
0.017764415
0.017837214
0.017334899
0.01739774
0.017477293
0.017534681
0.01701927
0.017065611
0.017122642
0.017162183
0.016790904
0.016826078
0.016867873
0.016895344
0.017874339
0.017939869
0.018015073
0.018062894
0.01756346
0.017613158
0.017667548
0.017699454
0.017181299
0.017212671
0.017242981
0.017256487
0.016907926
0.01692691
0.016940951
0.016942033
0.018084315
0.018115888
0.018138148
0.018139068
0.017712455
0.017728424
0.017730879
0.017717198
0.017259759
0.017257707
0.017237317
0.01720682
0.01693874
0.016924535
0.016888757
0.016846949
0.016777169
0.016757037
0.01671376
0.016666446
0.016492271
0.016461991
0.016405883
0.016349155
0.016157348
0.016115623
0.016045059
0.01597774
0.015929605
0.015880388
0.015800373
0.015726139
0.016769617
0.016782549
0.016788646
0.016783665
0.016524594
0.016527149
0.016519626
0.016504255
0.016234715
0.016225539
0.016202629
0.016175525
0.016036498
0.016019626
0.015986628
0.015951837
0.015939675
0.015919137
0.015881332
0.015842881
0.015774972
0.01574833
0.01570253
0.01565799
0.015594242
0.015561097
0.01550678
0.015455759
0.015482579
0.015445516
0.015386069
0.015331146
0.015432774
0.015393986
0.015332282
0.015275642
0.015357749
0.015316389
0.015251319
0.015192119
0.015296365
0.015252926
0.015185136
0.015123868
0.015277523
0.015233451
0.015164833
0.015102936
0.015241894
0.015171425
0.015064648
0.014970876
0.015157024
0.01508407
0.014974169
0.01487812
0.015087684
0.015012723
0.014900299
0.014802413
0.01506642
0.014990849
0.014877658
0.014779214
0.015818718
0.015765936
0.015681427
0.015603907
0.015630618
0.015571911
0.015479936
0.015396961
0.015424971
0.015359962
0.015260052
0.015171286
0.015298302
0.015229501
0.015124821
0.015032577
0.015557874
0.015461684
0.015316321
0.015191263
0.015348136
0.015246947
0.0150956
0.014966443
0.015119499
0.015013012
0.014855335
0.014721853
0.014979012
0.014869348
0.014707881
0.014571814
0.01491653
0.014805471
0.014642343
0.014505143
0.014822612
0.014709478
0.014543877
0.014404995
0.014745967
0.014631159
0.014463566
0.01432333
0.014722483
0.014607167
0.014438969
0.014298322
0.014428526
0.014269435
0.014033866
0.013866181
0.014327566
0.014167095
0.013930038
0.013761581
0.014245248
0.01408367
0.013845421
0.013676348
0.014220042
0.014058129
0.013819519
0.013650262
0.015120521
0.014971473
0.014746861
0.014584947
0.014893714
0.014741259
0.014512907
0.014349008
0.01464703
0.014490997
0.014258743
0.014092788
0.014495743
0.014337582
0.014103019
0.013935857
0.016294139
0.016164509
0.015961554
0.015811375
0.01594205
0.015806276
0.015596414
0.015442455
0.015531673
0.015389084
0.015171615
0.015013531
0.01525475
0.01510777
0.014885438
0.014724742
0.01663591
0.016567537
0.016455639
0.016353644
0.016313785
0.01623672
0.016114339
0.016005096
0.015936935
0.015850116
0.015715996
0.015598662
0.015681789
0.015588614
0.015446866
0.015324288
0.018133369
0.018109782
0.018052209
0.017988034
0.017703971
0.017666788
0.017592675
0.017516944
0.017184933
0.01713213
0.017039065
0.016950135
0.016819244
0.016755964
0.016650218
0.016552485
0.017947107
0.017849997
0.017684215
0.017554805
0.017470325
0.017363206
0.017185889
0.017049971
0.01689703
0.016778554
0.016588243
0.016445058
0.016495066
0.016369064
0.016170207
0.016022287
0.020077102
0.020031049
0.019925038
0.019829971
0.019476307
0.019414788
0.01929053
0.019184885
0.018740857
0.01866155
0.018516449
0.018398817
0.018214422
0.018123148
0.017964123
0.017838547
0.022679692
0.02271065
0.022696864
0.02265614
0.021956767
0.021964672
0.021923067
0.021865816
0.021060442
0.021041549
0.02096782
0.020891623
0.02041037
0.020373263
0.020277852
0.020188961
0.022282037
0.022423601
0.022569219
0.022648952
0.021661864
0.021774623
0.021884556
0.021938803
0.020886113
0.020964947
0.021032971
0.021057391
0.020318749
0.020374228
0.02041348
0.020417493
0.020026348
0.02007026
0.020095289
0.020089234
0.019496633
0.019520381
0.019520658
0.019497125
0.018843661
0.01884393
0.018815466
0.018771701
0.018373217
0.018357493
0.018309503
0.018252038
0.019693935
0.019802096
0.019921808
0.019994793
0.019248518
0.019333934
0.019424667
0.019476188
0.018694056
0.018752852
0.018809708
0.018836172
0.018290966
0.018331532
0.018365217
0.018374566
0.019185636
0.019328513
0.019505498
0.019631244
0.018828678
0.018948635
0.019095445
0.019198076
0.01837788
0.018470962
0.018582406
0.018657956
0.018045879
0.01812052
0.018207706
0.018264693
0.020613355
0.020865723
0.021186911
0.021423211
0.02023618
0.020456457
0.020735377
0.020939263
0.019747833
0.019930116
0.020158993
0.02032451
0.019379258
0.019535225
0.019729447
0.019868401
0.021544525
0.021761664
0.022020507
0.022196849
0.021043384
0.021228548
0.021446527
0.02159247
0.020408283
0.020555619
0.020725295
0.020835347
0.019938092
0.020059258
0.020195549
0.020280826
0.023556181
0.023923472
0.024374404
0.024693923
0.023024281
0.023348261
0.023743773
0.024021956
0.022333968
0.022605642
0.02293423
0.023162519
0.021815943
0.022051222
0.02233326
0.02252687
0.022042863
0.022446004
0.022965679
0.02335415
0.021678977
0.02203858
0.022500968
0.022845535
0.021191438
0.021498524
0.021891775
0.022183338
0.020814461
0.02108503
0.021430191
0.021684876
0.023332115
0.023936468
0.024720376
0.025310932
0.023041917
0.023593302
0.024307741
0.024845241
0.022584884
0.023062179
0.023679348
0.024142472
0.022230956
0.02265825
0.023209696
0.023622507
0.02561999
0.026186107
0.026891016
0.027399739
0.025126226
0.025640243
0.026278699
0.026737985
0.024384073
0.024824938
0.025369966
0.025759663
0.023837443
0.024228737
0.02471038
0.02505281
0.027657987
0.028116395
0.028658243
0.029024881
0.026970511
0.027381832
0.027864653
0.028188305
0.025955952
0.026300875
0.026700413
0.026963457
0.025224471
0.025524248
0.025867187
0.026089117
0.024853645
0.025131541
0.025447082
0.025649155
0.024160142
0.024398593
0.02466482
0.024831236
0.023274727
0.023465649
0.023672604
0.023796319
0.022621036
0.02277899
0.022944948
0.023039243
0.02574164
0.025885151
0.026009478
0.026052192
0.024905658
0.025016051
0.025099345
0.025117027
0.02384918
0.023920242
0.023955227
0.023943704
0.023077295
0.023121484
0.023123735
0.023092584
0.029201233
0.029500775
0.029824586
0.029993887
0.028342708
0.028601164
0.028871363
0.029005469
0.027086948
0.027287757
0.027484017
0.027571183
0.026191684
0.02635375
0.0265012
0.026558109
