FiniteElementSpace
FiniteElementCollection: L2_2D_P3
VDim: 1
Ordering: 0

3.3108547e+19
3.5998906e+19
3.2829875e+19
3.2237565e+19
3.3108547e+19
3.5998906e+19
3.2829875e+19
3.2237565e+19
3.3108547e+19
3.5998906e+19
3.2829875e+19
3.2237565e+19
3.3108547e+19
3.5998906e+19
3.2829875e+19
3.2237565e+19
3.3108547e+19
3.5998906e+19
3.2829875e+19
3.2237565e+19
3.3108547e+19
3.5998906e+19
3.2829875e+19
3.2237565e+19
3.3108547e+19
3.5998906e+19
3.2829875e+19
3.2237565e+19
3.3108547e+19
3.5998906e+19
3.2829875e+19
3.2237565e+19
3.0348968e+19
2.4802628e+19
1.9110361e+19
1.6045404e+19
3.0348968e+19
2.4802628e+19
1.9110361e+19
1.6045404e+19
3.0348968e+19
2.4802628e+19
1.9110361e+19
1.6045404e+19
3.0348968e+19
2.4802628e+19
1.9110361e+19
1.6045404e+19
3.0348968e+19
2.4802628e+19
1.9110361e+19
1.6045404e+19
3.0348968e+19
2.4802628e+19
1.9110361e+19
1.6045404e+19
3.0348968e+19
2.4802628e+19
1.9110361e+19
1.6045404e+19
3.0348968e+19
2.4802628e+19
1.9110361e+19
1.6045404e+19
1.4536571e+19
1.216738e+19
9.8191984e+18
8.4327863e+18
1.4536571e+19
1.216738e+19
9.8191984e+18
8.4327863e+18
1.4536571e+19
1.216738e+19
9.8191984e+18
8.4327863e+18
1.4536571e+19
1.216738e+19
9.8191984e+18
8.4327863e+18
8.3589123e+18
7.3161054e+18
6.1982856e+18
8.9008036e+18
8.3589123e+18
7.3161054e+18
6.1982856e+18
8.9008036e+18
8.3589123e+18
7.3161054e+18
6.1982856e+18
8.9008036e+18
8.3589123e+18
7.3161054e+18
6.1982856e+18
8.9008036e+18
8.3589123e+18
7.3161054e+18
6.1982856e+18
8.9008036e+18
8.3589123e+18
7.3161054e+18
6.1982856e+18
8.9008036e+18
8.3589123e+18
7.3161054e+18
6.1982856e+18
8.9008036e+18
8.3589123e+18
7.3161054e+18
6.1982856e+18
8.9008036e+18
1.4536571e+19
1.216738e+19
9.8191984e+18
8.4327863e+18
1.4536571e+19
1.216738e+19
9.8191984e+18
8.4327863e+18
1.4536571e+19
1.216738e+19
9.8191984e+18
8.4327863e+18
1.4536571e+19
1.216738e+19
9.8191984e+18
8.4327863e+18
1.4536571e+19
1.216738e+19
9.8191984e+18
8.4327863e+18
1.4536571e+19
1.216738e+19
9.8191984e+18
8.4327863e+18
1.4536571e+19
1.216738e+19
9.8191984e+18
8.4327863e+18
1.4536571e+19
1.216738e+19
9.8191984e+18
8.4327863e+18
8.3589123e+18
7.3161054e+18
6.1982856e+18
8.9008036e+18
8.3589123e+18
7.3161054e+18
6.1982856e+18
8.9008036e+18
8.3589123e+18
7.3161054e+18
6.1982856e+18
8.9008036e+18
8.3589123e+18
7.3161054e+18
6.1982856e+18
8.9008036e+18
8.3589123e+18
7.3161054e+18
6.1982856e+18
8.9008036e+18
8.3589123e+18
7.3161054e+18
6.1982856e+18
8.9008036e+18
8.3589123e+18
7.3161054e+18
6.1982856e+18
8.9008036e+18
8.3589123e+18
7.3161054e+18
6.1982856e+18
8.9008036e+18
1.4536571e+19
1.216738e+19
9.8191984e+18
8.4327863e+18
1.4536571e+19
1.216738e+19
9.8191984e+18
8.4327863e+18
1.4536571e+19
1.216738e+19
9.8191984e+18
8.4327863e+18
1.4536571e+19
1.216738e+19
9.8191984e+18
8.4327863e+18
3.0348968e+19
2.4802628e+19
1.9110361e+19
1.6045404e+19
3.0348968e+19
2.4802628e+19
1.9110361e+19
1.6045404e+19
3.0348968e+19
2.4802628e+19
1.9110361e+19
1.6045404e+19
3.0348968e+19
2.4802628e+19
1.9110361e+19
1.6045404e+19
3.0348968e+19
2.4802628e+19
1.9110361e+19
1.6045404e+19
3.0348968e+19
2.4802628e+19
1.9110361e+19
1.6045404e+19
3.0348968e+19
2.4802628e+19
1.9110361e+19
1.6045404e+19
3.0348968e+19
2.4802628e+19
1.9110361e+19
1.6045404e+19
3.3108547e+19
3.5998906e+19
3.2829875e+19
3.2237565e+19
3.3108547e+19
3.5998906e+19
3.2829875e+19
3.2237565e+19
3.3108547e+19
3.5998906e+19
3.2829875e+19
3.2237565e+19
3.3108547e+19
3.5998906e+19
3.2829875e+19
3.2237565e+19
3.3108547e+19
3.5998906e+19
3.2829875e+19
3.2237565e+19
3.3108547e+19
3.5998906e+19
3.2829875e+19
3.2237565e+19
3.3108547e+19
3.5998906e+19
3.2829875e+19
3.2237565e+19
3.3108547e+19
3.5998906e+19
3.2829875e+19
3.2237565e+19
