FiniteElementSpace
FiniteElementCollection: L2_2D_P1
VDim: 1
Ordering: 0

0.013171726
0.033348889
0.013149821
0.033282592
0.043178876
0.054902112
0.043115594
0.054812176
0.04301766
0.054670535
0.042826617
0.054399946
0.013119818
0.033177338
0.013054467
0.032978042
0.012994651
0.032768195
0.012886949
0.032434658
0.012797707
0.032121483
0.012649476
0.031651613
0.042007098
0.053247299
0.041546061
0.052607665
0.04262931
0.054118597
0.042306726
0.053665131
0.059656264
0.066194033
0.059312604
0.065804647
0.05898393
0.065441107
0.058468025
0.064883777
0.06826246
0.070893853
0.067911278
0.070630379
0.068681858
0.07123042
0.068478695
0.071064154
0.068907214
0.071436964
0.068806564
0.07134453
0.060061863
0.066669982
0.059865961
0.066439458
0.060227365
0.066870606
0.060163808
0.066794246
0.068993094
0.071525603
0.068963311
0.071495843
0.070799464
0.069509072
0.070840337
0.069563917
0.070883303
0.06962576
0.070984906
0.069784037
0.066369757
0.061383851
0.066797906
0.061929337
0.066010828
0.060948199
0.066165599
0.061133978
0.054646692
0.045758689
0.054968869
0.046132957
0.036637101
0.023926464
0.037190683
0.024556486
0.037960932
0.025451514
0.039528148
0.027306347
0.055410537
0.046655097
0.056317586
0.047756617
0.057135702
0.048791969
0.058478602
0.050538163
0.040966951
0.029069619
0.043321325
0.032009872
0.045261726
0.034502772
0.048139018
0.038248974
0.059564411
0.052013952
0.061163408
0.054235854
0.068239104
0.064004877
0.06890773
0.065084333
0.067166458
0.062428785
0.067774154
0.063288765
0.071047692
0.069910739
0.071153451
0.07014918
0.071195218
0.070329382
0.0712293
0.07059838
0.071199477
0.070788992
0.071084116
0.071007601
0.070928554
0.071133082
0.070591798
0.071194447
0.070406122
0.067922519
0.070847923
0.06897293
0.069387297
0.065928467
0.069999448
0.067081686
0.062388138
0.05599179
0.064065909
0.058446746
0.050383069
0.041207463
0.053516051
0.045378586
0.055847167
0.048491434
0.058949649
0.052680643
0.065290539
0.060274188
0.066865321
0.062688654
0.067941636
0.064377805
0.069216951
0.066482303
0.061140648
0.055649937
0.063912637
0.05947324
0.065742287
0.062029232
0.067898794
0.065144541
0.069992478
0.067838783
0.070767133
0.069382214
0.07121362
0.070842803
0.070937541
0.071143144
0.071088689
0.069667378
0.071238253
0.070431578
0.070254286
0.071162059
0.069624819
0.070946546
0.069045017
0.070662391
0.068043059
0.070048978
0.06308291
0.066925355
0.061675401
0.065720355
0.052719598
0.05916534
0.051216156
0.057684474
0.054922571
0.06132222
0.053703024
0.060130864
0.065061169
0.068525437
0.063981351
0.067664519
0.066533216
0.069635334
0.06573915
0.069040338
0.067573812
0.0703877
0.067024474
0.069987205
0.058004595
0.064400047
0.057285502
0.063659394
0.056668411
0.063043392
0.055713356
0.06209514
0.040009107
0.050545001
0.03923365
0.049521599
0.0411395
0.052056713
0.04052913
0.051227134
0.012531406
0.031236905
0.012345171
0.030627834
0.012199098
0.030113894
0.011978002
0.029362332
0.011804954
0.028752083
0.01155253
0.027855198
0.038591358
0.048706829
0.037629628
0.047484904
0.036853628
0.046530088
0.035679653
0.045101004
0.01135365
0.027152545
0.011073351
0.026109569
