FiniteElementSpace
FiniteElementCollection: L2_2D_P5
VDim: 1
Ordering: 0

0.002620864508246891
0.002794305411586495
0.002728541058056814
0.002770808852082414
0.002778487534968738
0.002751540261539674
0.002620656276196092
0.002794528450944178
0.002728647105884533
0.002770389518056034
0.002778998190159824
0.002751406970535652
0.002619789424842822
0.002794903243913898
0.002729192335862455
0.002768658934800187
0.002780898039037954
0.002751383848461661
0.002617891484472446
0.002795231397747824
0.002730436778299066
0.002765102070695113
0.002784206782856366
0.002752995886486812
0.002615463215597366
0.002795385064423669
0.002732279195044953
0.002760484287058009
0.002787441245039726
0.002756955495249357
0.002613448932176422
0.002795356048748692
0.002733925683456528
0.002756814133145366
0.002789243953052889
0.002760951985343258
0.002754663842747418
0.002763059946391048
0.002780289659834095
0.002776101494638822
0.002762377588231911
0.002772343730892328
0.002754773463339948
0.002762791490676495
0.002780209444230325
0.002776263342277607
0.002762380915214802
0.002771385028803048
0.002754763582689339
0.002761790147459103
0.002779595634796538
0.00277731406795414
0.002762706388798859
0.002768189452585872
0.002754131604640525
0.002760008146029305
0.002777906768741491
0.00277942095494643
0.002764244241136162
0.00276383679216072
0.002753860591556467
0.002757805254995547
0.002775346885516874
0.002781458760763383
0.002767508740487072
0.002761581887946732
0.002754607975978775
0.002756160201299099
0.002773072228326045
0.002782404331195354
0.002770678264419059
0.002762028346074145
0.002755441090304825
0.002755357858905437
0.002771705653753945
0.002782653014335021
0.002772499785602604
0.002763005982960891
0.002758162849550455
0.002754091188238529
0.002768569659117267
0.002782566400075418
0.002776289242444138
0.002766401618607501
0.002765471142017916
0.002754062473344858
0.00276253173625911
0.002780266529671919
0.002781409053189704
0.002773948979976449
0.002776831785678963
0.002759283198431526
0.002755786462100281
0.002773330968989227
0.002783181834360794
0.002781405089824166
0.00278587850336935
0.002769283778861529
0.002753683816203001
0.002763720140306806
0.002778646582588602
0.00278268902529598
0.0027885943132242
0.002777102089382012
0.002756333418038771
0.002757443817045949
0.002772284201551337
0.00277957693256017
0.002612273742940566
0.002795279027660837
0.002734903797813718
0.002754795976096058
0.002789950877532911
0.002763325382955744
0.002609788640964765
0.002794979687953628
0.00273723414205994
0.002750371375825841
0.00279076990601987
0.00276872320160475
0.002605236640426127
0.002793948892523865
0.002742014320225659
0.002742740806616846
0.002789723389393256
0.002778025011361465
0.002598989712109946
0.002791573495464081
0.00274936278176084
0.002733914786912618
0.002783685258981077
0.002786804905188746
0.002592611620880035
0.002787927088327537
0.002757731120723592
0.002727275358387792
0.00277315705223283
0.002789275349200849
0.002587982264939005
0.002784483398788193
0.00276398380732127
0.002724413085660547
0.002764020630885551
0.002786676122054381
