FiniteElementSpace
FiniteElementCollection: L2_2D_P3
VDim: 1
Ordering: 0

0.518526340217265
0.518792037654349
0.519008739848867
0.5190751748439193
0.5123249123285678
0.5125869366384695
0.5128006173654367
0.5128660857136238
0.5041213066327326
0.5043785736899055
0.5045882929941081
0.5046524622235463
0.4977461609547986
0.4979999396867588
0.4982068080770399
0.4982700938267248
0.5416001814944156
0.5418787662815158
0.5421059065795947
0.5421754575577232
0.5357027961225066
0.5359780946211088
0.5362025518681695
0.5362712806209883
0.5278848749532439
0.5281558470126447
0.5283768075966419
0.5284445040723453
0.5218006327915793
0.5220682134769314
0.5222864395544654
0.5223533346793243
0.5396907063506657
0.5403165388919419
0.540997238642726
0.5414147034231658
0.5338157751077344
0.5344342499987944
0.5351069485209663
0.5355195030298249
0.5260277089164557
0.5266363741283678
0.5272984258757266
0.5277044691950432
0.5199670501929955
0.5205679485826561
0.5212215915549566
0.5216224987002125
0.5167058448455487
0.517302438847118
0.5179514110883319
0.5183494664385994
0.5105293457307383
0.5111177971779498
0.511757885134391
0.5121504751694306
0.5023576388126763
0.5029356978909859
0.503564423539221
0.5039500044307214
0.4960063240097157
0.4965766241753792
0.4971968499886018
0.4975771870822082
0.5136203777009025
0.5145456981929775
0.5156245827061253
0.5163528134245575
0.5074856465148847
0.5083985087568901
0.5094627881075805
0.5101811215234492
0.4993668980096204
0.5002640103939834
0.5013097859381273
0.5020155410305637
0.4930552115891637
0.4939404922111322
0.4949724319034089
0.4956687979182364
0.5092811002310543
0.5105318590192346
0.5120367330638065
0.5130924736594599
0.503203771332744
0.5044381753475481
0.5059231683720353
0.5069648235866065
0.4951575759523008
0.4963712582766727
0.4978311224020709
0.4988550096831093
0.488901371843358
0.4900990305073232
0.4915396710283733
0.4925500719994568
0.5318975345628125
0.5332108955569298
0.5347908680507578
0.5358990984943143
0.5261145368841013
0.5274122812703109
0.5289735687745198
0.5300687475295187
0.518450528940251
0.5197270639921456
0.5212630001502921
0.5223405098493227
0.5124884311178588
0.5137482042526285
0.5152640006159139
0.5163274324589141
0.5364531717839457
0.537424250375643
0.5385563150474887
0.5393203452708476
0.5306163061917549
0.5315759687119654
0.5326947256666742
0.5334497706683407
0.5228792704025386
0.5238235631257431
0.5249244763729378
0.5256675164521868
0.5168591828980945
0.5177912379553319
0.5188779579237532
0.5196114663773039
0.5580797498923288
0.5590952018034739
0.5602792668807206
0.5610785504663217
0.5525619540046705
0.5535655791514057
0.5547358062767854
0.5555257263689219
0.5452386128875715
0.5462270891272891
0.5473795458308069
0.548157407779201
0.5395297191691638
0.5405068034827754
0.5416458957556956
0.5424146866762959
0.5533188880586596
0.554690947725278
0.5563420184936464
0.5575004584906204
0.5478558009087889
0.5492122299541443
0.5508443387315813
0.5519893866149095
0.540602280539064
0.5419388043117521
0.5435467209508735
0.5446746487995721
0.5349460807656001
0.5362675166551691
0.5378571851404425
0.5389722280346281
0.5735095130632366
0.5749403425884742
0.5766618687673589
0.5778695302719951
0.568369550649243
0.569785763920851
0.5714898572234901
0.5726853940741865
0.5615331027149144
0.5629293817905059
0.5646096211301997
0.5657885227759288
0.5561963576207095
0.5575768966679497
0.5592382094908029
0.5604038560857155
0.5784733535247989
0.5795316571499141
0.580765442282372
0.581598132848216
0.5732831895564275
0.5743309896385117
0.5755526194204604
0.5763771504952164
0.5663780343286272
0.567411369857855
0.5686162324969393
0.5694295091325882
0.5609867530290111
0.5620085241238906
0.5631999550392491
0.5640042029717793
0.5820017735848915
0.5826838424154956
0.5834257107325329
0.583880687597201
0.5767768428516989
0.5774522459765306
0.578186879169288
0.5786374276448746
0.5698237649974729
0.5704900073545607
0.5712147061817715
0.5716591702210979
0.5643940950146548
0.5650529823072128
0.5657697146971267
0.5662093133358304
0.5614660402783392
0.5621208747882787
0.5628332111498083
0.5632701278974425
0.5559086733288499
0.5565558275165784
0.5572598060480388
0.557691595778798
0.5485344909797271
0.5491717105345711
0.5498648509137074
0.5502899814311969
0.5427873592557224
0.5434171032162486
0.5441020722386444
0.5445221678078493
0.5634642601522165
0.5637558577384638
0.5639936190331685
0.5640664177778397
0.5578834534334718
0.5581716444598465
0.558406646919826
0.5584786253671326
0.5504788765123537
0.5507626114766364
0.5509939754544692
0.5510648408717568
0.5447088199638045
0.5449891766391846
0.5452177755613147
0.5452877877229425
0.5840828306329706
0.5843864423955241
0.584633983822277
0.5847097800851366
0.5788376056175274
0.5791382687314343
0.5793834021523249
0.5794584505478135
0.5718566433068127
0.5721532387176994
0.5723950452127677
0.5724690604947859
0.5664046306121494
0.5666979940240628
0.5669371712474955
0.5670103866831153
0.6033334787964026
0.6036482714182517
0.6039049628408605
0.6039835815598534
0.5984512291473674
0.5987630286189585
0.599017271272117
0.5990951414293423
0.5919395203693043
0.5922475361270654
0.5924987006357437
0.5925756287545372
0.5868395273568973
0.5871446603619946
0.5873934502979579
0.5874696317670985
0.6011764577017703
0.601883315111044
0.602652258608517
0.6031239085139641
0.5963144522277263
0.5970147097641791
0.5977764375224396
0.59824364223602
0.5898286020746293
0.5905204415873493
0.5912729461210621
0.5917344612954782
0.5847480814059458
0.5854335627219984
0.586179131191606
0.586636375558545
0.6189645461314279
0.6196971574661081
0.6204941488661524
0.6209830096982675
0.6144638125553551
0.6151899177469893
0.6159798547082356
0.6164644107448263
0.6084479989182061
0.6091653127398019
0.6099456887978594
0.6104243785865733
0.6037290380312833
0.6044395076258432
0.6052123971614226
0.6056864782223509
0.621200225293108
0.6215265060669948
0.6217925774433539
0.6218740863235568
0.6166797275169275
0.6170031764699012
0.6172669607265002
0.6173477861225907
0.610637086137376
0.6109566042730437
0.611217157992732
0.6112969672851555
0.605897135291713
0.6062135780368217
0.6064716360446035
0.60655068557687
0.6376247873506514
0.6379614398587299
0.6382359359825863
0.6383199852676408
0.6334872870098693
0.633821381823907
0.6340937876466248
0.634177175012859
0.627936934556713
0.6282673183395066
0.6285366857728946
0.6286191311662026
0.6235686518988262
0.6238962925170287
0.6241634209153595
0.6242452092940715
0.6524950865786721
0.6528396488190199
0.6531205323463203
0.6532064805891514
0.6487754535079706
0.6491179312610041
0.6493972140740806
0.6494827706833688
0.6437583698757157
0.6440980699275612
0.6443750508789036
0.644459871493828
0.6397867195545567
0.6401244293684755
0.6403997397357857
0.6404840049831958
0.6501334495551485
0.6509073975671362
0.6517492841320494
0.6522656587767165
0.6464285168141641
0.6471977181595885
0.6480343248884861
0.6485474480027885
0.6414295870017539
0.6421929768413275
0.6430231260326721
0.64353219607287
0.6374714496939018
0.6382303633671952
0.6390557255620051
0.6395618608562299
0.6353175557819204
0.6360736835120876
0.6368961957990199
0.6374006578688635
0.6311981781965857
0.631948237383522
0.6327642837841964
0.6332648630313316
0.6256728736308961
0.6264148106140951
0.6272219203315087
0.6277169738996871
0.6213231825583654
0.6220590483466135
0.622859529990029
0.6233505070204746
0.6314087281430504
0.6325806504140413
0.6339474003826508
0.6348701504374855
0.6273208209667585
0.628483384465627
0.6298391147509951
0.6307543971192697
0.621836317025603
0.6229867607734602
0.6243282660087985
0.6252338477157656
0.6175181953767426
0.6186591471380866
0.6199896155869392
0.6208877543027022
0.6461296827554357
0.647330524852785
0.6487304813911553
0.6496754078280259
0.6424477121968128
0.6436419627297091
0.6450339516527601
0.6459732570598116
0.637478447556898
0.6386636246023121
0.6400453087656414
0.640977712035998
0.6335463255952062
0.6347232684356556
0.63609577827071
0.6370222990733604
0.6404942815865085
0.6421193385629386
0.6440738338841624
0.6454444887021816
0.6368437624436916
0.6384593844296517
0.6404030099238986
0.64176622237502
0.6319214227495388
0.6335228135095514
0.6354500464695936
0.6368022738572837
0.6280305149382064
0.6296197815324929
0.6315326258447822
0.6328749822395253
0.6259161166151572
0.6274987805589666
0.6294035789327627
0.6307402472482059
0.6218709434124184
0.6234414149299927
0.6253314179453243
0.6266576196059673
0.6164431807472655
0.6179972945072061
0.6198676377677664
0.6211800253485075
0.6121700945914577
0.6137111150745409
0.6155658416163732
0.6168673363418651
0.609853637904797
0.611387371180137
0.613233428705889
0.6145289115782394
0.605434660316575
0.606954531334896
0.6087838883841156
0.6100676960337236
0.5995272298510606
0.6010292166434031
0.6028367460091819
0.6041050911725984
0.5948905006263814
0.5963791437930888
0.5981703190066306
0.5994269945442973
0.6151767836404762
0.6163125196056323
0.6176369539662352
0.6185310598922438
0.6107097576763449
0.6118353400452367
0.6131479905052802
0.6140341719553497
0.6047393944340586
0.6058513586620503
0.6071481126114397
0.6080235608572679
0.6000554051324491
0.6011569717458585
0.6024414975201429
0.603308636917674
0.5975211756861248
0.5986173161798185
0.5998954242178899
0.6007581871400172
0.5926926840784561
0.5937789019534317
0.5950453017336331
0.5959000754058081
0.5862495874549302
0.5873230865791111
0.5885745574014566
0.5894191776656396
0.5812018779383566
0.5822655427391581
0.5835055459121238
0.5843424165707606
0.5923808016517046
0.5938625088511239
0.5956452036028398
0.5968958267845277
0.587597599328759
0.5890664166428986
0.5908334429182234
0.5920729459292553
0.5812135772886495
0.5826654049421026
0.5844119732733317
0.5856370765255414
0.5762123734633365
0.5776506905914848
0.5793811287029653
0.5805949804419762
0.5857709661968643
0.587633905927923
0.5899158347800342
0.5915504079834616
0.5810446345436835
0.5828915656039586
0.5851538971906357
0.5867743885507775
0.574737147188469
0.5765623036491311
0.5787982082278967
0.5803998948960692
0.5697976656884014
0.5716051841139989
0.573819743726925
0.5754063131386783
0.5777116372179895
0.5799499478282242
0.5827242271499015
0.5847379452076518
0.5730557172940516
0.575274195631593
0.5780242231479948
0.5800205132216288
0.5668451374798817
0.5690362449207759
0.5717528433186642
0.5737251966571131
0.5619839000719689
0.564152980497823
0.5668425819058108
0.5687955718988672
0.5947017743591125
0.5970111545443805
0.5998742373648653
0.601953216788412
0.5904105956693986
0.5927016266235771
0.595541491996782
0.5976032049608855
0.5846671468983531
0.5869342636036976
0.5897441537001246
0.5917837681380103
0.5801549581806799
0.5824034281658871
0.5851901969015189
0.5872129485054158
0.6030200722541414
0.6049447438267396
0.6073036596035997
0.6089943770904566
0.5986610454486425
0.6005692028845823
0.6029074602050717
0.6045831262696378
0.5928301231984133
0.5947172601257924
0.5970292005648161
0.5986856079036834
0.5882506052097882
0.5901219262776644
0.5924141966510589
0.5940562613611344
0.6188618541450522
0.6208490522017126
0.6232842802923536
0.6250293648450478
0.6148710757211501
0.6168427851913253
0.6192592619078199
0.6209909859667366
0.609517645278072
0.6114681284551826
0.6138588817374773
0.6155724037367193
0.6053041242182162
0.6072377977825131
0.6096079150151898
0.6113067225410411
0.6332439713179482
0.6352870261087779
0.6377902501552599
0.6395833997575604
0.6296404585744816
0.6316695143422243
0.6341563094759511
0.6359383294590184
0.6247855954233059
0.6267954552067978
0.6292587494091541
0.6310242051680177
0.6209480340807866
0.6229431019929974
0.6253880024528388
0.6271401184138203
0.62441765053772
0.6268670172103568
0.6299048997335772
0.6321114621489149
0.6208748926163656
0.623307677783914
0.6263246492886957
0.6285158577986042
0.6161008254846095
0.6185112455201917
0.6215005729889636
0.6236715364301162
0.612327408499438
0.6147197344282938
0.617686994367569
0.6198420968615079
0.6102765622375774
0.612658859333696
0.615613883906991
0.6177602994790765
0.6063543271311091
0.6087175067966349
0.6116488313110959
0.6137781890629337
0.6010925611506693
0.6034306565616206
0.6063303619569476
0.6084366011870966
0.5969490920644945
0.5992683235661763
0.6021439746257927
0.6042323508243554
0.6002021886695661
0.6029687966136413
0.6064289313293842
0.6089657201413503
0.5963575952751448
0.5991036303736648
0.6025371780534858
0.605053957918542
0.5911955868334
0.5939151653401195
0.5973146874442511
0.5998057643778149
0.5871276333296696
0.5898269748971789
0.5932007178359165
0.5956724620600169
0.6140551706981786
0.6169009639380337
0.6204604512520058
0.6230696991422193
0.6105838673622802
0.6134096267672219
0.6169444827196565
0.6195359903518028
0.605907474462377
0.6087062055516015
0.6122073142751465
0.6147743640131403
0.6022113252791013
0.6049890715269771
0.6084635447232393
0.6110110193026683
0.6022072460520894
0.6054347733904972
0.6094976300066776
0.6124973450712993
0.5988177788680765
0.602023774799706
0.6060585792104051
0.609037113522832
0.5942484555710722
0.5974264546358237
0.601424774026299
0.6043754580459244
0.5906338661334006
0.5937904839188616
0.5977610869573909
0.6006905948635886
0.5886678662169739
0.5918130924490322
0.5957690286986794
0.5986873914409411
0.5849041431410648
0.5880278238783732
0.5919562304574928
0.5948538001260387
0.5798486499468029
0.582943537610213
0.5868356207138954
0.5897060526250882
0.5758642063420487
0.5789361388371378
0.5827996695902584
0.5856490716809511
0.5737024558873733
0.5767617658673547
0.5806096873530514
0.583447705130102
0.5695752346177144
0.5726099179980207
0.5764274700932795
0.5792434590588639
0.5640544551990824
0.5670551263878302
0.570830810264932
0.5736165452073493
0.5597213515003697
0.5626946682788481
0.5664364507574464
0.5691976519403001
0.5849203733263415
0.5876088910907725
0.5909689372841632
0.593430478720794
0.5807047967052463
0.583372688187702
0.5867068893709969
0.5891492915079326
0.5750623766443864
0.5777022559547051
0.5810018259053492
0.583418939000183
0.5706309302814396
0.5732481799837199
0.5765199714635625
0.5789170344039885
0.5682322302447445
0.5708369369141623
0.5740933491862718
0.5764793541756495
0.5636634611456723
0.5662437380024274
0.5694701042340126
0.5718344728533874
0.5575721314015549
0.5601192560132965
0.5633045015438439
0.5656391088174817
0.5528052388465616
0.5553264981961492
0.5584792441366538
0.5607900827453826
0.5573768385890151
0.5603352213301963
0.5640583069032397
0.5668059095427006
0.5529115877904112
0.5558418297927226
0.559529277397778
0.5622506541412385
0.5469568336848865
0.5498504902452985
0.5534910854008392
0.5561775193866157
0.5422939997999758
0.5451600474587546
0.5487650616992994
0.551424694825574
0.5397740386629668
0.5426256326194396
0.5462119917884217
0.5488575042131191
0.5349787131593983
0.5378032503612011
0.5413550730514773
0.5439745897990828
0.5285939793283088
0.5313824027005897
0.534888962073912
0.5374748805878876
0.5236048155058205
0.5263642186655745
0.5298349535337208
0.5323947220247149
0.5209131442378132
0.5236563554100606
0.527107252571216
0.5296527187406377
0.515803137555088
0.5185151496986878
0.5219273059481491
0.5244447278890831
0.509019781636073
0.5116908589444716
0.5150510935582662
0.5175303420690474
0.5037310605485459
0.5063715200356936
0.5096922376384107
0.5121418141903122
0.5309736214249643
0.5333850712137908
0.5363986997069129
0.5386061948519868
0.5257512869493706
0.5281367898790901
0.5311183304884349
0.533302440937126
0.518817255032382
0.5211672409788874
0.5241050320469308
0.52625748548854
0.5134132432917415
0.5157350393580623
0.5186378437255588
0.5207649556896697
0.5502306003768581
0.5527380752982153
0.5558733194369397
0.5581712202816681
0.545333975063326
0.5478160516337545
0.5509189150178323
0.5531926947446936
0.5388166680388492
0.5412662614405878
0.5443277753080539
0.5465706682270346
0.5337229616240315
0.5361477511448657
0.5391780120455304
0.5413977310409687
0.559358347974574
0.5615153297036273
0.5641900556772665
0.5661323617985916
0.5543672481582556
0.5565012898923435
0.559147541969266
0.5610692514673866
0.5477290557856843
0.5498333773200625
0.5524422663605713
0.5543366149670942
0.542544028190342
0.5446261167141413
0.5472069263861014
0.5490805163038086
0.5671290122675382
0.5689267694186309
0.5711294970207896
0.5727076812326016
0.5620553895772001
0.563834275946162
0.5660140643188654
0.567575953237671
0.5553086832536593
0.5570622001746931
0.5592109657415554
0.5607507138413915
0.550041814330728
0.5517757764498503
0.5539004067719643
0.5554227923336035
0.5472014071516744
0.5489251016214286
0.5510369479948329
0.5525500603241404
0.5418061376757737
0.54351104603003
0.5455995297779843
0.5470956719402724
0.5346395747870784
0.5363201864260709
0.5383787275593315
0.5398532278962692
0.5290505686057553
0.5307121867932458
0.5327475563255556
0.5342054662993656
0.5397461527793783
0.5418166585000608
0.5443829039560036
0.5462457229037972
0.5344303313962987
0.5364789183891427
0.539017894139136
0.5408607646402106
0.5273691257646925
0.5293883145749074
0.5318910320997798
0.5337076535807557
0.5218636244661798
0.5238593886646867
0.5263333301253201
0.5281292273870563
0.518897469119067
0.5208803359834803
0.5233384594538744
0.5251229895914001
0.5132735090571994
0.5152317344715821
0.517659442738359
0.519422020083833
0.5058215133328539
0.5077476687725005
0.5101352927459077
0.5118686511699421
0.5000211743968509
0.5019235062568828
0.5042810292138741
0.5059922108552465
0.52603852936142
0.527689746645551
0.5297125011985256
0.5311614536495882
0.5203263445989151
0.5219574181948952
0.5239556842423639
0.5253872431010069
0.5127579799829648
0.5143620168847381
0.5163272205183741
0.5177351777774543
0.5068700821862175
0.5084533449301953
0.5103929344605809
0.5117824639760516
0.5037019776205192
0.5052743660575036
0.5072004380850058
0.5085801550975405
0.4976956569049231
0.499248340894151
0.5011499547444489
0.5025119225716119
0.4897409547885389
0.4912678892466023
0.4931379660460988
0.4944772800747294
0.4835580232995429
0.4850639191903902
0.4869086855934461
0.4882301029419366
0.4968981346468008
0.4987882793372885
0.5011303529623961
0.5028300706204342
0.4909752810762609
0.4928423570741652
0.495155807212246
0.4968345845785306
0.4831345546633802
0.4849692321939622
0.4872434545070094
0.4888941914148088
0.4770480708204732
0.4788549553837135
0.4810958348910427
0.4827230923369352
0.4888843414348479
0.4910879233570548
0.4938411535045947
0.4958572688796255
0.4830632286224813
0.4852377806183598
0.4879559959932349
0.4899471536368737
0.47537034633116
0.4775025535202581
0.4801696322973622
0.4821246367290293
0.4694085201588042
0.4715056529288048
0.474129623096983
0.4760537830744624
0.5105026604830878
0.5128091984657474
0.5156928319621072
0.5178059583301406
0.5049817943351683
0.5072605361246819
0.5101087338720116
0.5121955937978961
0.4976601317953657
0.4999040681553505
0.5027076702316879
0.5047611039485177
0.49195660881154
0.4941743319052059
0.4969449026678495
0.4989736974660052
0.5008807889552662
0.5035054435027496
0.5068056024618367
0.5092395168354718
0.4954693389832731
0.498064966606458
0.5013278850791205
0.5037336005541121
0.4882891356127911
0.4908460595732892
0.494060741802609
0.4964306989550961
0.4826992464803994
0.4852239254048191
0.4883996049897528
0.4907415554304894
0.4796916983757774
0.4821976420285498
0.4853509404169195
0.4876771927408076
0.4740027768338074
0.4764711019333836
0.4795786194591219
0.4818724201091354
0.4664959732309711
0.4689127095606928
0.4719559874682873
0.4742032564967103
0.4606808022085504
0.4630577846913819
0.4660507029979153
0.4682607484620149
0.469381018510767
0.4721715221694134
0.475703337487626
0.4783251545797259
0.4638527488936991
0.4665994098941117
0.4700758973381235
0.4726571230309158
0.4565570367097072
0.459247214866388
0.4626513436684491
0.4651785203856401
0.4509010132857857
0.4535489708876941
0.4568986835166651
0.4593848774648611
0.4580188040636754
0.4610781946776523
0.464965693556447
0.4678647998551561
0.4526634855616581
0.4556775788511102
0.4595060850260422
0.462360278313701
0.4455879974987394
0.4485442808444548
0.4522978557500777
0.4550949114733548
0.4400972030122303
0.443009723132883
0.4467070823976029
0.4494615090723445
0.4780368419614271
0.481274139538874
0.485384938057476
0.4884464487053086
0.4729028596582939
0.476095496699972
0.4801521856780355
0.4831755416498197
0.4661159034918802
0.4692472561593429
0.4732275831012233
0.4761959668796543
0.4608486377777945
0.4639327123094105
0.4678524000164955
0.470775867476681
0.4900455957493586
0.4929847429568314
0.4966973668008957
0.4994484210776549
0.4847555314549621
0.4876605864958576
0.4913317209062822
0.4940526471980624
0.4777481105761081
0.4806036388633962
0.4842151843794494
0.4868938704848972
0.472304859904656
0.4751187004910373
0.4786794749201869
0.4813221350800249
0.5096110088738808
0.5126733474924059
0.5165449654831503
0.5194168015007534
0.5046266745784785
0.5076559738059978
0.511484584573814
0.514323880420725
0.4980030280186269
0.5009906233671941
0.5047648596711297
0.5075625920747396
0.4928334789883621
0.4957895435445461
0.4995233304363056
0.5022902597798335
0.5280103140967959
0.5311997761196332
0.5352303233378867
0.538218092033055
0.5233282315748515
0.5264861750943761
0.5304779218049243
0.5334374268692355
0.5170991900508299
0.5202137485964925
0.5241518174020524
0.5270725380135163
0.5122347709788181
0.5153152427052663
0.5192102368987744
0.5220994758335278
0.5149869623944014
0.5184979927235397
0.5229553061900752
0.5262754836355954
0.5104383131014434
0.5139134135246367
0.5183247519631382
0.5216109172286184
0.5043845493995985
0.507813660137871
0.5121649190167102
0.5154056770550501
0.499651956274989
0.5030470869875836
0.507353444566246
0.5105596413720788
0.4970966541444144
0.5004742435213629
0.5047574080697476
0.5079455601643632
0.492238525763659
0.4955829181840923
0.4998234279786014
0.5029788089999859
0.4857816580787265
0.4890801328552626
0.4932640531016129
0.496377407378239
0.4807477139294272
0.4840073903766
0.4881448186875568
0.4912249578389642
0.4833823529765618
0.4870679440848813
0.4917596324120451
0.4952631273354257
0.4786714677850921
0.4823143845308473
0.4869553298465498
0.4904231075888714
0.472426243940091
0.4760082247745959
0.4805756863694068
0.4839919739268713
0.4675687526622901
0.4711013678051254
0.4756074665059437
0.4789799921715167
0.5007596184974462
0.5045824326126318
0.5094474646075883
0.5130827300267101
0.4963453288919088
0.5001339921520667
0.5049536488992149
0.5085533193694175
0.4904634178021508
0.4942069281219284
0.4989687987963866
0.5025238138681337
0.4858643371242305
0.4895709375629104
0.4942876551167071
0.4978091097765631
0.4853316179267282
0.4894650418308255
0.4947397406927972
0.4986889446565389
0.4810613701423508
0.4851532019373639
0.4903786043338916
0.4942927521169508
0.4753845734998906
0.4794166619601371
0.484571004769396
0.4884356450061731
0.4709576353116115
0.4749404187248846
0.4800347686069022
0.4838574122648927
0.4685728751424543
0.4725284911711968
0.4775888994828798
0.4813874258745049
0.4640501251269674
0.4679548574762849
0.4729499941628523
0.4767007642005591
0.458055732336739
0.4618947672118891
0.4668038421745841
0.4704895144777378
0.4533898042407422
0.4571793623348376
0.4620233617802066
0.4656588277899344
0.4508778845226493
0.4546413644119988
0.4594513606047332
0.4630605327939583
0.4461169954408222
0.4498314268194995
0.4545779138479283
0.4581384723674905
0.4398129344967845
0.4434636830583816
0.4481277306364176
0.4516256600398861
0.4349101817303838
0.4385127335115087
0.4431139291448875
0.4465641583196355
0.4649562825168748
0.4684622232956257
0.4729342018551445
0.4762817831600715
0.4600082183752755
0.4634649965926159
0.4678730479232399
0.4711726753291284
0.4534622143910534
0.4568563842299106
0.4611823168485135
0.4644190632653276
0.4483755773152672
0.4517227730691797
0.455987447166492
0.4591770398464934
0.4456401133270252
0.4489624346190637
0.4531951027094966
0.4563602756757386
0.4404612081576474
0.4437367961261861
0.4479093672193532
0.4510290573138391
0.4336135800557183
0.4368290816220817
0.4409237850143163
0.4439845764043092
0.4282946513208882
0.4314653186607572
0.4355014299553129
0.4385174505831653
0.432272169588661
0.4358494697767157
0.4404173839646684
0.4438421467281972
0.4272731793687353
0.4308039108031486
0.435310725628497
0.4386883887799254
0.4206559302511663
0.4241262550157895
0.428554986216428
0.431872798524191
0.4155123109274282
0.4189357938059978
0.4233048549974183
0.4265776936581337
0.4179313011527148
0.4217606217952242
0.4266596586657531
0.430338759090665
0.41311638755492
0.4168963710823363
0.4217324540259672
0.4253644954828227
0.4067407672486479
0.4104571117990715
0.4152102366094249
0.4187798370515455
0.401780502232826
0.4054497995117677
0.4101402921000518
0.4136616851046647
0.4358282072511892
0.4398420412383213
0.4449812628456373
0.4488452911194867
0.4312551747841009
0.4352207594304244
0.4402961002200721
0.4441107453554539
0.4251923260723393
0.4290956530602026
0.4340893718884055
0.4378407333917607
0.4204722955301964
0.4243276293957881
0.4292595771151473
0.4329635084447408
0.4198188975689488
0.4240819983909426
0.429548143332927
0.4336625917821251
0.4154338518298792
0.4196466928538757
0.4250486635799562
0.4291149625041208
0.4096189035205055
0.413766120588102
0.4190829847454347
0.4230854171793776
0.4050891936073133
0.4091872591487399
0.4144388168940624
0.4183914523296698
0.4026491157844833
0.4067218780930567
0.4119389479535646
0.4158647003091347
0.3980176229260717
0.4020444835367908
0.4071996819224741
0.4110763907615107
0.3918762645880428
0.3958418332860445
0.4009188000255259
0.4047343617154017
0.3870998229474013
0.3910135206169982
0.396028667199439
0.3997986125439717
0.3864149562858673
0.3907326173058118
0.3962769108105955
0.4004520039530883
0.3819863189991112
0.3862428420591686
0.3917171597279997
0.3958445574973187
0.3761416069770598
0.380310413410107
0.385680415750788
0.3897372598597701
0.371614867435519
0.3757140739892465
0.38099606576548
0.3849909376718134
0.3694125596839193
0.3739032635053352
0.3796991461179273
0.3840920370025432
0.3652434234637775
0.3696681847761219
0.375374617701233
0.3796989367240086
0.3597314922159978
0.3640742628138844
0.3696682155706928
0.3739028508830671
0.3554491020324734
0.3597318377298373
0.3652439711310939
0.3694126913872208
0.3849922688854159
0.3897378093712127
0.3958450898293184
0.4004528481974796
0.3809977632597878
0.3856812996022551
0.3917174218869471
0.3962771958419867
0.375715322206192
0.3803115281768906
0.3862431588211107
0.3907326139878117
0.3716152601284034
0.3761424077938675
0.3819866306435217
0.3864149352029009
0.4028800875914793
0.4073840017843643
0.4131637313604965
0.4175215418491046
0.3986806106625762
0.4031387135667858
0.4088558714508131
0.4131636624842163
0.3931024593138031
0.397499896835439
0.4031383963913515
0.4073835070580644
0.3887553705184885
0.3931023861781474
0.3986801980001656
0.4028792368531408
0.4183881313236725
0.4230814424074107
0.4291123974442584
0.4336615064967304
0.414437617056669
0.4190804452663209
0.4250461896427944
0.4295466881750108
0.4091879846816362
0.4137656524975777
0.4196454339685139
0.4240809477195916
0.4050902948365123
0.4096193519083791
0.4154336562515519
0.4198186090284822
0.3998014773342642
0.4047370599958157
0.4110769007086603
0.4158626782543933
0.396030477484498
0.4009211357113719
0.4072014264580454
0.4119390068910141
0.3910143342652715
0.3958429590980033
0.4020461794876317
0.4067232690173055
0.3871007209121479
0.391876763115361
0.3980185592364049
0.4026503818388218
0.4136593811695375
0.4187738230245983
0.4253572201380841
0.4303335938120252
0.4101410446761983
0.415207133346395
0.4217260224545445
0.4266534158364078
0.4054529901305268
0.4104577553324348
0.4168929003751335
0.421755124051952
0.4017838760123355
0.4067431874678744
0.4131156395247624
0.417927843634782
0.432960308283825
0.4378398340750582
0.4441105109981516
0.448844144007658
0.4292547331946211
0.4340871245851377
0.4402958641935256
0.4449810134859805
0.4243221334441667
0.4290917093314301
0.435219491753508
0.4398419143458666
0.4204678260132765
0.4251879684854119
0.4312529817660947
0.4358275523915783
0.4513413983130118
0.4559810011189121
0.4619419339058259
0.4664386078352603
0.4474518799908936
0.4520412726366094
0.4579360979025284
0.4623821933926816
0.4422787941155535
0.4468034786888376
0.4526124832336509
0.4569924144176189
0.4382386714789195
0.4427142692960986
0.4484581311215973
0.4527875632526724
0.4360590779817042
0.4405086837776631
0.446218030219102
0.4505206778060825
0.4319188704231244
0.4363201669646793
0.4419653475385322
0.4462180258594557
0.4264193545148412
0.4307577633991885
0.4363203869373957
0.440508775838904
0.422130410876196
0.4264199644058272
0.4319197021623476
0.4360596434790444
0.4527877308109198
0.4569928964187572
0.4623825092265072
0.4664383192635015
0.4484582555237573
0.4526131282209219
0.4579370978183736
0.4619425298065313
0.4427142787714877
0.4468038539050917
0.4520426015965661
0.4559828231415156
0.4382389507022875
0.4422789347048988
0.4474526969143131
0.4513432076697007
0.4688089539355397
0.4732087320287525
0.4788515099594814
0.4830978099790177
0.4647256359037016
0.4690745711660987
0.4746522879398322
0.4788513415995522
0.4593007381764429
0.4635833387191812
0.4690743856493084
0.4732082863338129
0.4550689503178078
0.4593009510270581
0.4647256216805369
0.4688084976775715
0.4838570768603508
0.4884349597628474
0.4942922618062454
0.4986887063531141
0.4800350996579096
0.4845707352368785
0.4903781572285109
0.4947394615677703
0.4749412357852847
0.4794169844952101
0.4851530782226301
0.4894648525763949
0.4709583496238024
0.4753850946975969
0.4810615062064016
0.4853315793896938
0.4978086412023421
0.5025236118981323
0.5085532023500918
0.5130823686403062
0.4942868804709042
0.4989683964314217
0.5049535570910267
0.5094473528279425
0.4895700251315033
0.4942062288594586
0.5001337185406578
0.5045823407915896
0.4858636687586415
0.4904626397039201
0.4963449045404564
0.5007594346570209
0.4789808162217214
0.4839914035515095
0.4904219861621181
0.4952623766532512
0.4756094335151134
0.4805760902809463
0.4869543875359294
0.4917585965480071
0.4711038874319924
0.4760099594485602
0.4823143660902364
0.4870670628274463
0.467570583758174
0.4724284268636049
0.4786723918343142
0.4833820565954443
0.4656598201061193
0.4704915345642106
0.476702148033216
0.4813876245050241
0.462022680662364
0.4668048635480188
0.4729515893829531
0.4775898061467102
0.4571771359866187
0.4618940170755871
0.4679557361038488
0.472529614223853
0.4533874807486513
0.4580540035758243
0.4640500544985735
0.4685735909505712
0.4465619802033037
0.4516225107059354
0.4581360354310634
0.4630601651004691
0.4431129614408664
0.4481256135801193
0.454575021763108
0.4594494310984498
0.4385119635774377
0.443463042323227
0.4498294512406907
0.4546387423392203
0.4349081315060512
0.4398124999472376
0.4461162439563158
0.4508759686022192
0.426569797560718
0.431868038733711
0.438687066305939
0.4438409840561098
0.4232964806116439
0.4285483194292486
0.4353081718620049
0.4404166915333745
0.4189289583367333
0.424118380020911
0.430798775722768
0.4358475424620309
0.4155081572816817
0.4206487584536959
0.4272663088353813
0.4322682108225839
0.4385165185171431
0.443982765832903
0.4510252546581786
0.4563571778873124
0.4354993273741878
0.4409225605267005
0.4479063628512827
0.4531913008754389
0.4314605056337911
0.4368271710073953
0.4437351869880259
0.448959322444276
0.4282876472834341
0.4336100067588325
0.4404600580697468
0.4456382198661979
0.4591757172458354
0.4644205258982312
0.4711756375517026
0.4762837659939551
0.455984430675317
0.4611818704270577
0.467875388235296
0.4729369209099212
0.451719066358512
0.4568537394652279
0.4634652722725581
0.4684644444545115
0.4483725859396008
0.4534588754129695
0.4600066109546883
0.4649570140024341
0.4707792317579046
0.4761976695373229
0.4831749771031029
0.4884454412452072
0.4678556584167206
0.4732302892135253
0.4801525328098578
0.4853839983507077
0.4639344986361166
0.4692503340337822
0.4760973977865365
0.4812741813308257
0.4608485165368379
0.4661182147492177
0.4729056467288706
0.4780380987012925
0.449459023151723
0.4550926074115982
0.4623612040508551
0.4678680964799503
0.4467050287502587
0.4522949187569595
0.459505359385003
0.4649679042905788
0.4430085306507752
0.4485413505240968
0.4556748049471654
0.4610780444352561
0.4400963701227687
0.4455856435032661
0.4526597274387337
0.4580166432839508
0.459384969013954
0.4651803738358334
0.4726595307137343
0.4783263365531805
0.456897775029131
0.4626524299177415
0.4700786272755037
0.4757053316087902
0.4535469348201404
0.4592468197241558
0.4666019543516819
0.4721745662157654
0.4508985327494579
0.4565553438159727
0.4638544325856663
0.4693844464995386
0.4813222992235124
0.4868933279986118
0.4940525533885598
0.4994490313976056
0.4786802972068978
0.4842147809036742
0.4913312728093026
0.4966976658880007
0.4751207407668386
0.4806038562691841
0.4876597860132906
0.49298442897
0.4723078486415822
0.4777491884733303
0.4847547561853307
0.4900448053313312
0.5022909258718052
0.5075623672326475
0.5143221795449581
0.5194145724584373
0.4995239869811001
0.504765141037299
0.5114835389135283
0.5165431110136306
0.4957898129791922
0.5009911603118608
0.5076557640200684
0.5126721959803472
0.4928332529115327
0.498003401256004
0.504626914553167
0.5096104608513644
0.4912244077519571
0.496377542810376
0.5029791621896178
0.5079453335103019
0.4881438850714275
0.4932636181776723
0.4998236269315458
0.504757525474988
0.4840066907003148
0.4890791602354905
0.4955824860177662
0.5004742434173233
0.480747846954841
0.4857807708487034
0.4922375751521046
0.4970961980126212
0.5105589203016558
0.51540441312639
0.5216094238634608
0.5262741109879402
0.5073532329891935
0.5121641576478879
0.5183235189235238
0.5229540077818775
0.5030471008792765
0.5078134374564944
0.5139127266475428
0.5184969905641963
0.4996517193918908
0.5043844237074171
0.5104380513014483
0.5149863536725114
0.5220973030655234
0.5270705685584459
0.533436018139986
0.538217281275378
0.5192082567475758
0.5241498761392942
0.5304763695456599
0.5352292420097707
0.5153137169926864
0.520211995672218
0.5264845704689751
0.5311984933029684
0.5122337284400343
0.5170977114165164
0.5233266803758182
0.5280089544304744
0.5407298829474992
0.5453785222205488
0.5513139069116044
0.5557638506993881
0.5377270549762408
0.5423477944223838
0.5482463594936404
0.5526676426351905
0.5336763560362765
0.5382599394007331
0.5441100360539517
0.5484936742778109
0.5304707606640563
0.535024950805745
0.5408373936053364
0.5451920738880489
0.5581001518791013
0.562418128529147
0.567919983957358
0.572033597265913
0.554988519319373
0.5592777433381566
0.5647430455987469
0.5688298915159317
0.5507942189288396
0.5550451880032565
0.5604610989535999
0.5645111770735877
0.5474769844610257
0.5516983444190411
0.5570755650794692
0.5610963941999123
0.5456730400219644
0.549878589782385
0.5552350123806631
0.5592399843157578
0.5422199337751319
0.5463959209712737
0.5517133054041133
0.5556882681302889
0.5375817299169169
0.5417190804844401
0.546985650644695
0.5509212916372138
0.5339256236633904
0.5380329543308057
0.543260622001509
0.547166255008686
0.5287270058621494
0.5332650950537946
0.5390572172985179
0.5433964444685234
0.5253893632051982
0.5298959895536677
0.5356489652552694
0.5399589123878021
0.5209081296539286
0.5253712528986036
0.5310706256555064
0.5353412580222804
0.5173782017403652
0.5218062237401259
0.527462171588122
0.5317013438004619
0.5154637939454202
0.5198725561005958
0.5255044252499035
0.5297262233073978
0.5118093489630161
0.5161816313363039
0.5217669282705097
0.5259547061689738
0.5069194440467297
0.5112441978865745
0.5167672051125277
0.5209083814881794
0.5030779830876153
0.507366911995926
0.5128420420066282
0.5169464555522185
0.5009976256691064
0.5052678277433036
0.5107176452680673
0.5148022856926588
0.4970303306506088
0.5012660769142747
0.5066695781551067
0.5107176493234005
0.4917310480671688
0.4959215518850461
0.5012661448712399
0.5052678915576964
0.4875771649795429
0.4917311611700446
0.4970305025493471
0.5009977904960632
0.5169464951015569
0.5209085948679325
0.5259551043260742
0.529726661344768
0.5128420707885174
0.5167674234166353
0.521767445359862
0.5255050911831445
0.5073669482864975
0.5112443099097503
0.5161820730050596
0.5198733139309022
0.5030781088119398
0.506919523561276
0.5118095885570446
0.515464372180011
0.5319416486068166
0.5360327252890598
0.541239619732462
0.5451293613340777
0.5281528038081512
0.5322124280777841
0.5373797174223649
0.5412396121157755
0.5230824748713279
0.5270988646007173
0.5322125416393031
0.5360328341112381
0.5191012179261781
0.5230826171731008
0.5281530858066164
0.5319419473994851
0.5471662271954464
0.5509212329883285
0.555688201908657
0.5592399349736226
0.5432605835545299
0.5469855598231509
0.5517131674173513
0.5552348791134141
0.5380330265164661
0.5417190576884824
0.5463957565312276
0.5498783525205773
0.5339258961147928
0.5375819008634711
0.542219892118603
0.5456728319615568
0.5317017616890969
0.5353415849981229
0.5399590150449521
0.5433963369862191
0.5274628574628953
0.5310712736268318
0.5356494396506997
0.5390574794343128
0.521807114514838
0.5253722560136532
0.5298969672761094
0.5332659571630218
0.5173790108798823
0.5209092135991934
0.5253905923329415
0.5287282433829079
0.5451918614814615
0.548493321672858
0.5526672118498814
0.5557634489731068
0.5408375241468713
0.5441099245453038
0.5482459859588195
0.5513134179879524
0.535025717892434
0.5382604609735552
0.5423479250756105
0.5453783322319615
0.530471963546974
0.5336774101378389
0.5377278069762894
0.5407302999456444
0.5610963532933031
0.5645111314227679
0.5688298081555667
0.5720334495531602
0.5570754450545942
0.5604609933381876
0.5647429492389489
0.5679198715391499
0.5516980939116845
0.5550449428402154
0.5592775286022432
0.5624179311184873
0.5474767091412428
0.550793876214057
0.5549881707697892
0.5580998402455298
0.5756961840472403
0.5792126977905692
0.583656889321806
0.5869517765460746
0.5720217771934148
0.5755136941550277
0.5799273484562326
0.5831997585001122
0.5670886332197085
0.5705464434654448
0.5749181590281575
0.5781600419163623
0.5632032511710118
0.5666333328130976
0.5709709598586084
0.5741882392114197
0.5613384957261796
0.5652085286266715
0.5701226813903154
0.5737834555327048
0.5577708572277195
0.5616114991191127
0.5664887270364208
0.5701226885694906
0.5529828445454973
0.5567842988138422
0.5616114899654767
0.5652085235990133
0.5492116665902992
0.5529828129694488
0.5577708192042211
0.5613384660633709
0.574188452722607
0.5781602023243757
0.583199633682343
0.5869514930856908
0.5709710862377616
0.5749183116881494
0.5799273893654562
0.5836568011312886
0.566633378265388
0.5705465036336831
0.5755137581686253
0.5792127278537941
0.5632032756636964
0.5670886392580005
0.5720217839737348
0.5756961989370557
0.5889113473960516
0.5925145491350619
0.5970690896811913
0.6004471595854927
0.5856048760255719
0.5891862578882607
0.5937126242167698
0.5970691534300528
0.5811449856196285
0.5846972139574287
0.589186377999301
0.5925147624060642
0.5776158571563375
0.5811449924450183
0.5856050144835906
0.5889116352991314
0.6006909457648899
0.6043758905358924
0.6090370404884495
0.6124969427592399
0.5977610492603492
0.6014250516553568
0.6060587657395159
0.6094975487590047
0.5937901337218532
0.5974263823766495
0.6020239191423254
0.6054348925415431
0.5906335001531382
0.5942482266701318
0.598817757735999
0.6022073006712487
0.5856486355587105
0.5897053800249556
0.5948533197648542
0.5986874107221243
0.5827995411751851
0.586835148934884
0.5919556340501658
0.5957686955508661
0.5789363091285537
0.582943415532895
0.5880273633013221
0.5918126096084113
0.5758644546241343
0.5798487522949297
0.5849038877759949
0.5886674686949535
0.5956719542752409
0.5998060366164539
0.6050546337453891
0.60896577281511
0.5931999089946821
0.5973145111193521
0.60253776859952
0.6064294430883321
0.5898261254523799
0.59391453717898
0.5991037538151938
0.6029693837222128
0.5871270138369542
0.5911948572363731
0.5963572919115944
0.6002024697634861
0.6110104589428201
0.6147732292388798
0.6195350251490451
0.6230695077593155
0.6084636157285161
0.6122066318475127
0.6169434332271073
0.6204597288385451
0.6049896231650265
0.6087062240689103
0.613408929425713
0.6169001512971629
0.6022118653781129
0.6059078600367738
0.6105835653841926
0.6140545821445447
0.6198408921550261
0.6236718208167593
0.6285179562499028
0.6321136895213261
0.6176854202565115
0.6214999918517216
0.6263259264026696
0.6299069568595912
0.6147182857253917
0.6185099874307816
0.6233077063559138
0.6268682335795742
0.612326468480394
0.616099531987516
0.6208741627150111
0.624417947910427
0.6271416430824035
0.6310266631308297
0.6359400750794275
0.6395839658793713
0.6253888964604064
0.6292609134352769
0.6341583840169048
0.6377912882334686
0.622943034020936
0.626796977406663
0.6316718611478505
0.6352886740061758
0.6209472004901307
0.624786381908726
0.629642775040607
0.633246046328754
0.6113059178966963
0.6155709244983646
0.6209901108911747
0.6250298580376138
0.6096075619980466
0.6138575691479777
0.6192579780944839
0.623284126735643
0.6072380440395138
0.611467291467039
0.616841193222649
0.6208480597603524
0.6053047097460984
0.6095173163185162
0.6148695340249352
0.6188603628182031
0.6042330362147521
0.6084365723191821
0.6137768129126023
0.6177586502635695
0.6021446123656832
0.6063307822365677
0.6116479818563672
0.6156122847297169
0.5992685421738941
0.6034313119045424
0.6087175003379466
0.612657836448061
0.596948837473015
0.6010930534898959
0.6063548601205152
0.6102762252893307
0.5872121134531011
0.5917828514519679
0.5976030289196482
0.6019537626623905
0.5851895913086439
0.5897432201061742
0.595540954140811
0.5998744625988374
0.5824031895046694
0.586933514688785
0.5927007631522103
0.5970108183924007
0.5801549775064379
0.5846666573949576
0.5904096640273245
0.5947010583185006
0.5940555433112578
0.5986856626654122
0.6045836755601124
0.6089943168519355
0.5924133072522567
0.5970289584077629
0.6029080165897706
0.6073039724834886
0.5901209522731269
0.5947166369134685
0.6005695353034437
0.6049453593513632
0.5882496893787579
0.5928292793029725
0.5986610707655708
0.6030207045853205
0.5754066157254959
0.580399716465135
0.5867736423409823
0.5915494816363467
0.5738201602740453
0.5787982275446421
0.5851532890554253
0.5899149000814292
0.57160568024092
0.5765625576042682
0.5828912155946187
0.5876330894256108
0.5697981725639077
0.5747375279106275
0.5810445123295507
0.5857703318638312
0.5687960691068874
0.5737256069913375
0.58002051094468
0.5847374388697127
0.5668430969291662
0.5717532614002355
0.5780243874371194
0.5827239755233274
0.5641535907136701
0.5690366682376538
0.5752744729213044
0.5799499886045273
0.5619846183068603
0.5668455991882209
0.5730560223838231
0.5777118201486846
0.5607908575353265
0.5656396107947214
0.5718347809000758
0.5764795733335921
0.5584800879945626
0.5633050868767303
0.5694704366085709
0.5740936049171385
0.5553273641572898
0.5601199406834176
0.5662441360515876
0.5708372102166731
0.5528060658812377
0.5575728632267651
0.5636639235021129
0.5682325239592918
0.5789171582136123
0.5834186123013247
0.5891484121157891
0.5934296277704514
0.5765202130698185
0.5810017697245056
0.5867062360710983
0.5909680238003078
0.5732484703895685
0.5777024432417631
0.5833724348219659
0.5876082011460624
0.5706312141805805
0.575062640481003
0.5807048243137182
0.5849200079015897
0.5691979302792778
0.573616810693556
0.5792435930226583
0.5834475217803406
0.5664367238162481
0.5708310558651222
0.5764276993014337
0.5806097564138784
0.5626949436235407
0.5670553295231829
0.572610130923201
0.5767619973540021
0.559721641660101
0.564054647361745
0.5695753774070232
0.5737026596733141
0.5514254710948405
0.556178259775794
0.5622511440017542
0.56680621981959
0.5487656461356171
0.553491794596132
0.5595297973638118
0.5640586395680387
0.5451602367437135
0.5498510480044494
0.5558423642918243
0.5603355780869973
0.5422938013776032
0.5469571800222579
0.5529121004895661
0.5573772145840662
0.5323928619339665
0.5374738080068544
0.5439745814108362
0.5488581308935099
0.5298328515132659
0.5348875299794073
0.5413546607873408
0.5462123097807801
0.5263619685338824
0.5313806112063859
0.5378023056586321
0.5426254362736875
0.5236025879324183
0.5285920362188138
0.534977430582616
0.5397734272089588
0.5413972022441151
0.5465709381028728
0.5531936154078919
0.5581721734083788
0.5391771475333668
0.5443277506476133
0.550919682812588
0.5558742692958445
0.5361464095411782
0.5412657876782176
0.5478165361288498
0.5527389429189407
0.5337212697585337
0.5388158073031453
0.5453341598498478
0.5502313354867028
0.5207614603948428
0.5262543507235534
0.5333005207210035
0.5386052318123833
0.5186346826292927
0.5241017849771363
0.531116070413879
0.5363973899001805
0.5157325911037862
0.5211641131997476
0.5281341657509682
0.5333832851000421
0.5134114783822646
0.5188144293424083
0.5257485013987334
0.5309715074770841
0.5121404244280028
0.5175277609351231
0.5244419191080912
0.5296504583599159
0.509691517924455
0.5150490654309215
0.5219245859711719
0.5271048117429059
0.5063715803280405
0.5116896412580527
0.5185127650356202
0.5236538811931173
0.5037315818972795
0.509019211033517
0.5158011537361316
0.5209107961272375
0.4907411518359988
0.496430761285424
0.5037339155328067
0.5092390570354007
0.4883991424822005
0.4940605998191921
0.5013283072985808
0.5068056571285033
0.4852235834887659
0.4908456661632039
0.4980653031629552
0.5035059680549385
0.4826991947062862
0.488288616329179
0.4954694245618902
0.5008814474048633
0.4682635127867078
0.474205599291655
0.4818730315428409
0.4876767911372792
0.466053099161894
0.4719585477455751
0.4795797145118462
0.4853507503745219
0.4630592942381342
0.4689152072546184
0.4764728342701564
0.4821979373341865
0.4606814104061671
0.4664981038252637
0.4740049530694189
0.4796925366791223
0.4760559116403514
0.4821251805026837
0.4899466761619858
0.4958573405535333
0.4741321511716858
0.4801706851411787
0.4879555963819897
0.4938408809429151
0.4715084765876841
0.4775042691307724
0.4852377432151105
0.4910874258644152
0.4694113582217179
0.4753724988358
0.4830635976943359
0.4888838686451147
0.4989744027123245
0.5047615649995348
0.5121941406172981
0.517802857942628
0.4969452579854254
0.5027082541459863
0.5101079631484641
0.5156903683292487
0.4941742263073022
0.499904487583338
0.5072604485390556
0.5128076943163435
0.4919562685281734
0.4976603101396192
0.5049820130196024
0.5105018742932261
0.5059921071162029
0.5118666615703323
0.5194183053164823
0.5251192675037922
0.504281462103598
0.5101340271716304
0.5176560902807495
0.5233346664662081
0.5019243362328472
0.5077473561894107
0.5152291295606379
0.5208766568692004
0.5000220086678723
0.5058217771378776
0.5132716418601594
0.5188941023971818
0.482723145266293
0.4888939366714803
0.4968351934586723
0.5028307266725215
0.4810963513946475
0.4872431401630757
0.4951561197986422
0.5011311530495699
0.4788562328666137
0.4849691309693863
0.4928422061683131
0.4987889109256464
0.4770499303295347
0.4831348363761844
0.4909748621136639
0.4968984314422546
0.4882301286195364
0.4944778775140756
0.5025122039018065
0.5085789880480099
0.4869085619824953
0.4931383783711978
0.5011504889453058
0.5071997913673424
0.485063721139971
0.4912679815162457
0.499249061440319
0.505274399665075
0.4835579259328398
0.4897408051936143
0.4976963555007643
0.5037024516932345
0.511780187592762
0.5177315654025912
0.5253832829022211
0.5311584160027563
0.5103911490287835
0.5163238951350297
0.5239517150360746
0.5297092623865751
0.5084522993907555
0.514359185940413
0.5219534862211104
0.5276862660606487
0.5068696447173492
0.5127556577072359
0.52032252230292
0.5260348825485242
0.5342031641349075
0.5398520894893255
0.5470959318699785
0.5525511183390666
0.5327450180747493
0.5383773362620871
0.5455995228538449
0.55103781716023
0.5307093572830535
0.5363184615024147
0.5435106654307867
0.548925654970716
0.5290475235505427
0.5346375971611553
0.5418054672345765
0.5472016719124089
0.5281260666061716
0.533705539903648
0.5408599481082137
0.5462458278005522
0.5263299540214244
0.5318886398879912
0.5390168144559723
0.5443827302667021
0.5238558207673893
0.5293855534847288
0.5364774801646289
0.5418161312310193
0.5218600517163129
0.5273661103268429
0.5344285905111815
0.539745349222534
0.5490811127059151
0.5543376965510195
0.5610701849785242
0.5661329350387859
0.5472072365830011
0.5524432057973843
0.5591485514192138
0.5641907244523884
0.5446260430270761
0.5498340462534236
0.5565023303120423
0.5615161567500807
0.5425436576932702
0.5477294694266568
0.5543682323080221
0.5593592762551884
0.5554240218550888
0.5607518049898582
0.5675766313946445
0.5727081197140473
0.5539015558363529
0.5592121008264482
0.5660147895120563
0.571129988372743
0.5517767356539615
0.5570633571620511
0.5638350778953134
0.5689272934272346
0.5500425551225262
0.5553098087725764
0.5620562719831298
0.5671295599896558
0.5604050389057151
0.5657893748762981
0.5726857736322768
0.5778695150989067
0.5592394317700928
0.5646105389528007
0.5714903324956754
0.5766619661887713
0.5575781471037909
0.5629303817193559
0.569786351516955
0.5749406093667858
0.5561976049738936
0.561534164149633
0.5683702036368068
0.5735099018673682
0.5640051765609512
0.5694301226180279
0.576377309355096
0.5815979879936181
0.5632009811213705
0.5686168966515669
0.5755528104658922
0.5807653170945851
0.5620096249220891
0.5674121170948915
0.5743312485234138
0.5795315581648538
0.5609879096587285
0.5663788501577941
0.5732835209193488
0.5784732964627142
0.5424139155604973
0.5481578863483495
0.5555270183670878
0.561079756267528
0.541644958622695
0.5473798735978409
0.5547370615183521
0.5602805108481118
0.5405056259788814
0.5462271881491056
0.5535667538490545
0.5590964913511218
0.5395283388523482
0.5452385125131255
0.5525630350024167
0.5580810640692203
0.5389707347844533
0.5446744341956002
0.5519904028942363
0.5575017765789394
0.5378554803961449
0.5435462781303768
0.5508452048116005
0.5563433200970206
0.5362655386239259
0.5419380446228136
0.5492128512772992
0.5546921821365172
0.5349438976123129
0.5406012736016954
0.5478561940228214
0.5533200226137938
0.5163237720145087
0.5223360749251428
0.5300650340122322
0.5358967996627438
0.5152606563642116
0.5212587258279227
0.528969760442198
0.5347883725051511
0.5137453167526249
0.5197230598381926
0.5274083814487062
0.5332081546163925
0.5124859301471897
0.5184467759853837
0.5261105892833273
0.5318946042434189
0.4925507277189966
0.4988556389107588
0.5069639633404297
0.5130897977530992
0.4915401814766874
0.4978318224152699
0.5059226140285195
0.5120344120277623
0.49009932502311
0.4963719721799672
0.5044380153791608
0.5105300261961325
0.4889014903270011
0.4951582330450502
0.5032039009411642
0.5092796839746301
0.495669615110076
0.502015510895542
0.5101790597703322
0.5163489788075516
0.494973246936711
0.5013099537582535
0.50946100498727
0.5156210056477845
0.49394127465939
0.5002644259631839
0.5083971370178462
0.51454250835924
0.4930559272642178
0.4993674675874684
0.5074846130445286
0.513617516160715
0.519606863244907
0.5256627987690873
0.5334466048843548
0.5393187744272701
0.5188735621160486
0.5249197954626873
0.5326914166800756
0.5385545794043535
0.5177871501062506
0.5238189643678383
0.5315724648105891
0.5374222716495425
0.5168553652922186
0.5228747682125606
0.5306126578751684
0.5364509859447817
0.5216173930403982
0.527699737964713
0.535516771314604
0.5414136362060586
0.5212165874979369
0.5272937018658399
0.5351041290542687
0.5409960718665222
0.5205631045697713
0.5266316493620339
0.5344312839025034
0.5403152039166822
0.519962352494393
0.5260229833481043
0.5338126805757122
0.5396892190522884
0.4975780132295461
0.503949514707539
0.5121476329921061
0.5183449069238529
0.4971976751593933
0.5035640358794388
0.511755212504036
0.5179470054548725
0.4965774423133613
0.5029354560203551
0.511115380382175
0.5172982668120059
0.4960071398356842
0.5023575217871444
0.5105271526462217
0.5167018853708547
0.4982709311313517
0.504651896392609
0.5128628040651828
0.5190701681508769
0.4982076257906965
0.5045877122427175
0.5127974173953886
0.5190038272805156
0.4980007550569628
0.5043780065751808
0.5125838806473776
0.5187872709862742
0.4977469834858373
0.5041207767741943
0.5123219900999361
0.5185217044571413
0.5223479075220414
0.5284396696047809
0.5362686200331113
0.5421746196564114
0.5222810910577199
0.5283720190497253
0.5361999042972025
0.5421050419397697
0.5220629702758002
0.5281510964631405
0.5359754331187679
0.5418778274360615
0.5217954775692105
0.5278801382121953
0.5357000974330605
0.5415991605915701
0.5452877566514404
0.5510658184985556
0.5584799796429905
0.5640675030338816
0.5452177152526312
0.5509949464110147
0.5584079937741022
0.5639946930859761
0.5449890403839737
0.5507635585169243
0.5581729929976172
0.5637569474816602
0.5447085998554281
0.5504797857030888
0.5578848047548848
0.5634653672185675
0.5445218968369645
0.5502908588266398
0.557692946607771
0.563271242645451
0.5441016975088858
0.5498656511111827
0.5572611513720424
0.5628343441289352
0.5434165658402585
0.5491723801404431
0.5565571571323054
0.5621220359318743
0.542786673247972
0.5485350405751473
0.5559099801520636
0.5614672282002121
0.566210198788222
0.5716597226419713
0.5786375519230597
0.5838803832862215
0.5657706088213343
0.5712152578699852
0.5781870111734837
0.5834254404720134
0.5650539032983307
0.570490574974909
0.5774523861782778
0.5826836332244459
0.5643950461917028
0.5698243587974079
0.5767769923107096
0.5820016107525952
0.5670112924949965
0.5724696574777451
0.5794584902205818
0.5847094120551751
0.5669380578826733
0.5723956286086684
0.5793834653626903
0.5846336211171106
0.5666988710710901
0.5721538047075858
0.5791383622681316
0.5843860963008174
0.56640551278403
0.5718571992697339
0.5788377215523086
0.5840825108011365
0.5874691800799057
0.5925751413512398
0.5990947068990514
0.6039831740779192
0.5873929782715923
0.5924982159726435
0.5990168632500161
0.6039046183261896
0.5871441732344036
0.5922470574754004
0.5987626475961612
0.603648010736175
0.5868390333948068
0.5919390341815139
0.5984508673641052
0.6033332816610012
0.6065501565709754
0.61129601531214
0.6173462271247656
0.6218728201760234
0.606471198350792
0.6112162375528928
0.6172654373268412
0.6217913380124434
0.6062132613240991
0.6109557447092365
0.6170017003413514
0.6215252680631242
0.6058969068838551
0.6106362919488753
0.616678286209796
0.6211989624480495
0.6056862914548031
0.6104236235792405
0.6164629816034205
0.6209817249435174
0.6052122855998503
0.609945015653659
0.6159784480730842
0.6204928151921545
0.6044395054863954
0.6091647747127299
0.6151885642310738
0.6196957548742127
0.6037291328394874
0.6084475866610672
0.6144625191903977
0.6189630992609596
0.5866358804704884
0.591733960340917
0.5982432965429149
0.6031237458452492
0.5861786448788632
0.5912724029671784
0.5977761248942676
0.602652165187871
0.5854331067919929
0.5905198384499049
0.5970144104955979
0.6018833091018619
0.5847476643031854
0.5898279601205043
0.5963141279342337
0.6011765045928247
0.5843420225055939
0.589418522539775
0.5958997188939428
0.6007582534272869
0.5835051887867562
0.5885738953706527
0.5950448512330458
0.5998954853197553
0.582265238412796
0.5873224426137672
0.5937783001264753
0.5986172850244121
0.5812016238887928
0.5862489774286959
0.5926919699804071
0.5975210058989864
0.5805947648807328
0.5856364901236424
0.5920721823247882
0.5968955558807921
0.5793810214157123
0.5844114463209962
0.5908326163455314
0.5956447219848563
0.5776507613082714
0.5826649997499548
0.5890655743264046
0.5938617694963602
0.5762125961292082
0.5812133053182383
0.5875968054377351
0.5923799185300707
0.5994272304831152
0.6041054688428772
0.6100671832177812
0.6145275667713648
0.5981703546734209
0.6028371949160941
0.6087836907662391
0.613232292937569
0.5963788313982573
0.6010295977957513
0.6069547557028803
0.6113866603920648
0.5948899106517836
0.599527426175723
0.6054351319019287
0.6098533441222536
0.6033087886324828
0.6080232286373367
0.6140329261367665
0.6185295906006686
0.6024417488585834
0.6071479614229376
0.613146867684331
0.6176354579764929
0.6011572955716634
0.6058514676007415
0.6118344389046013
0.6163110354940727
0.6000557023467409
0.6047396912860789
0.6107090953742996
0.6151753715785958
0.6208865407250651
0.625234154041907
0.6307569629476868
0.6348728792470113
0.6199882369811883
0.6243281955044928
0.6298413867167019
0.6339503093865184
0.6186576313618688
0.6229862035731514
0.6284850803535202
0.632583574835456
0.6175166258098126
0.6218354319121545
0.6273219856236171
0.6314114624279676
0.6168657573233388
0.6211789952096715
0.6266585028250224
0.630742791482514
0.6155643130470443
0.6198663818374432
0.6253318121179983
0.6294056763665687
0.613709799679155
0.6179958466539179
0.6234412028937669
0.6275001916376356
0.6121690810071888
0.6164416873229198
0.621870298905732
0.6259169338861195
0.6328779199589222
0.636804349991797
0.641765959910543
0.645442318065847
0.6315353509552416
0.635452430569317
0.6404034427800948
0.6440724284407319
0.6296220484358599
0.6335253579324746
0.6384605372930746
0.6421189413689457
0.6280323193619246
0.631923952668866
0.6368453266799479
0.6404945661188998
0.6370240703548307
0.6409771935013603
0.6459702174094433
0.6496716889413769
0.6360980519877953
0.6400454930917616
0.6450314426081284
0.6487269030683223
0.6347260442138429
0.638664788754692
0.6436404111684357
0.6473274094357042
0.6335492864062787
0.6374802651008941
0.642447010335478
0.6461271372391095
0.6395623395209005
0.6435306639731718
0.6485440732680083
0.6522632659926183
0.6390564159584509
0.6430217374556135
0.6480309420697989
0.6517464783527293
0.6382314437614273
0.6421918475153069
0.6471943565605192
0.6509040720708917
0.6374729476023057
0.6414287887736846
0.6464253041981036
0.6501297955151717
0.6233499203073061
0.6277182283216778
0.633267338969391
0.6374021846588098
0.6228588036953573
0.6272230099369068
0.6327668730328572
0.6368979833629353
0.6220581003430516
0.6264155990549254
0.6319509189292757
0.6360758898841383
0.6213220640550156
0.6256733650106764
0.6312008255444944
0.6353201178694926
0.6242449180801642
0.6286206122765881
0.6341792369781515
0.6383209282707873
0.6241631102866292
0.6285381722720023
0.6340959323598583
0.6382369482842829
0.6238958888098197
0.6282687450384339
0.633823668101234
0.6379626375175683
0.6235681314534746
0.6279382591029352
0.6334896986491555
0.6376261922730088
0.6404841364321403
0.6444579766990204
0.6494793820334305
0.6532053807951035
0.6403998679656289
0.64437318712909
0.6493938337138718
0.6531191963765401
0.6401246590261431
0.644096324124614
0.6491145517690073
0.6528378650220121
0.6397871006563514
0.6437567584998007
0.6487720722256625
0.652492906982209
0.655147562841621
0.6587059109014078
0.663172566834461
0.6664550197411218
0.6550611957778716
0.6586191493051803
0.6630852721966297
0.6663674546232242
0.6547790032974359
0.6583356815447944
0.6628004231260772
0.666081911199437
0.6544328617374916
0.6579879301586578
0.662451092367646
0.6657317500505586
0.6542023961970819
0.6577563627334589
0.6622184916219465
0.6654985786282855
0.6536836812319418
0.6572350319399262
0.6616948781257593
0.6649737006113913
0.6528380074265194
0.6563847221868594
0.6608407109405836
0.6641175612007112
0.6520606638568507
0.6556027562153985
0.66005487204832
0.6633299565852276
0.6671961715854891
0.6702942025473618
0.6741627932799398
0.6769929403535697
0.6666704435181295
0.6697663994133
0.6736325255872094
0.6764613924127284
0.6658130161984592
0.6689056303310033
0.6727674890719948
0.6755939964985253
0.6650244083107355
0.6681140821353194
0.6719718272517138
0.6747958607117216
0.6681541780693894
0.6712557767372506
0.6751281022147735
0.6779604974219515
0.6680664713810851
0.6711678527382832
0.6750400267121792
0.6778721601873468
0.6677804478925052
0.6708807810064124
0.6747519086960007
0.6775833557872984
0.6674297158878451
0.6705286674254256
0.6743983037947449
0.6772289733738213
0.6794189854526776
0.6820560490535537
0.6853134158803188
0.6876766766437103
0.679330608454441
0.6819676130515122
0.6852247609817139
0.6875877038703324
0.6790418180468254
0.6816788882556503
0.6849353041894474
0.6872970110703748
0.6786874458617537
0.6813246579524805
0.6845802659053304
0.686940496661037
0.6888907508821134
0.6910767350884554
0.693741993485287
0.6956375456958233
0.6888015708769011
0.6909875090451443
0.693652913556852
0.6955488059316807
0.6885102000911564
0.6906958970622175
0.6933619816198578
0.6952587917687125
0.6881527990744037
0.690338001491008
0.6930048547204533
0.6949027832099185
0.6879148403694465
0.6900996225002292
0.6927669075513602
0.6946655565129212
0.6873792688292552
0.6895627998233924
0.6922307492735666
0.6941310301762013
0.6865061264016868
0.6886869180326829
0.6913549021161061
0.6932576073186346
0.6857035656128186
0.6878812838139128
0.6905480790783537
0.6924524487456258
0.6784514170655396
0.6810887343350439
0.6843438465656941
0.6867031514674022
0.6779198499127317
0.6805574636244072
0.6838116968741178
0.6861690165261337
0.6770521741905031
0.6796902315255793
0.6829437201067993
0.6852982346892373
0.6762534871598134
0.6788917765680057
0.6821452154998369
0.684497758559848
0.6757804373907452
0.678418745220268
0.6816723743141526
0.6840240473348161
0.6748036957628746
0.6774415923482975
0.6806959298678193
0.6830467330407163
0.6733549374509302
0.6759909827956805
0.6792461877290251
0.681597219433166
0.6721112531225073
0.6747444627494288
0.6779994665034961
0.6803514804802915
0.6852286956855624
0.6874044012606085
0.6900700062626546
0.6919750441096795
0.684249537835056
0.6864209691971375
0.6890827791956023
0.6909879653114962
0.6827986579070089
0.6849646392148331
0.687619046182975
0.6895218189096041
0.6815529657524858
0.6837158795967346
0.6863637218241174
0.6882623628552234
0.6808414512686122
0.6830034672576263
0.6856478416402878
0.6875434020872108
0.6794151148788701
0.6815772106039616
0.6842172524800476
0.6861070510172121
0.677374501132565
0.6795383941779962
0.6821770381710753
0.6840614150165814
0.6756724869043299
0.6778373790626074
0.6804775561491712
0.6823606990283955
0.6714013875827894
0.6740324428745074
0.6772867979587095
0.6796394970056692
0.669981895814673
0.6726075339282624
0.6758587081551155
0.6782119584545147
0.6679586337408017
0.6705755699526574
0.673818757314314
0.6761702525289258
0.6662767136571923
0.6688867447872624
0.6721212783060534
0.6744687303239828
0.6602362697302462
0.6633136109264794
0.6671481454521638
0.6699527693462328
0.6588325285141168
0.6619073330605497
0.6657377046481565
0.6685370306655807
0.6568290050216771
0.6598989768795891
0.6637247610467868
0.666518453956194
0.6551626218804142
0.6582268013555405
0.6620486076990725
0.6648392714991156
0.6645575576759354
0.6676455756538069
0.6715008115320582
0.6743232602303266
0.6635939883937501
0.6666789434470182
0.6705289436487375
0.6733477886466043
0.6621648174231989
0.6652460036945453
0.6690887061634406
0.6719016578071931
0.6609373227337005
0.6640159108055176
0.6678531522096866
0.6706608060311572
0.651600727638003
0.6551399353411831
0.659589579283459
0.6628636108445672
0.6506522122617968
0.6541851539577255
0.6586291438714076
0.6619008677907745
0.6492474517368376
0.6527707427471819
0.6572050978484926
0.6604727494738769
0.6480430045081681
0.6515579635619755
0.6559830019770966
0.6592462581043614
0.647355963807696
0.6508662142854637
0.6552855795578354
0.6585458918532854
0.6459819946416295
0.6494832319201197
0.6538908485785804
0.6571442160817706
0.6440231742435178
0.6475125616150913
0.6519033478425815
0.6551451702799572
0.6423945070024144
0.6458748962044097
0.6502522985383787
0.6534837070808034
0.6414814649665505
0.6449570979139667
0.6493274245992088
0.6525529044285714
0.6396836734123081
0.6431500717663492
0.6475074466913644
0.650721805952163
0.6371732850543327
0.6406265470728398
0.6449670978993289
0.6481672178253415
0.6351237996248478
0.6385657178304189
0.6428929554631955
0.6460826297049123
0.6542286577501067
0.657288711148496
0.6611078291425706
0.6638973607644569
0.6523911547233107
0.655441572138358
0.6592530793201792
0.6620397966955668
0.6498279654550434
0.6528632808996057
0.6566599568455783
0.6594401897341016
0.647737095832749
0.6507598779949696
0.6545418448371684
0.6573139759074722
0.6465782085258502
0.6495943669872347
0.6533675220417605
0.6561340072911834
0.6443190522775575
0.6473235639131603
0.6510801843683102
0.6538346460459457
0.6412056275305017
0.644195760080067
0.6479317153189652
0.6506693982179859
0.6386921834075727
0.6416713948035988
0.6453926565676411
0.6481180420570446
0.6339874970618994
0.6374227816084518
0.6417425756385112
0.6449268247958552
0.6317730544030686
0.6351948778886066
0.6394993780452357
0.6426731175746772
0.62872364724861
0.6321262000635952
0.6364080889097307
0.6395668579949945
0.6262647423555094
0.6296514048169443
0.6339138841155624
0.6370595159886956
0.6249115493468854
0.6282894229407295
0.6325409003428601
0.6356787641507824
0.6222924949944009
0.6256533331032867
0.6298834449659065
0.6330057948540316
0.6187201151348879
0.6220575974805838
0.6262584146614893
0.6293591496818465
0.6158641523687337
0.6191828567649006
0.6233602520544513
0.6264436614726949
0.6143007195724669
0.617609077034196
0.6217737014339946
0.6248477239872428
0.6112901121797546
0.6145782283473262
0.6187179183423941
0.6217738391576696
0.6072125407911404
0.6104731043026865
0.6145783920004552
0.6176094117033905
0.6039734850013516
0.6072125084718502
0.6112902937819192
0.6143011372801742
0.6264436038473566
0.6293588098194151
0.63300522861043
0.6356781993133491
0.6233603616967981
0.6262581819413515
0.6298826968212419
0.6325399331818645
0.6191832673390844
0.6220578515880028
0.6256529190333863
0.6282883714060393
0.6158647053987981
0.6187207650673464
0.6222927771070189
0.6249111352739855
0.6373077475782647
0.6402809174899057
0.643994794341383
0.6467141913447988
0.6346270016430139
0.6375873028421798
0.6412864480092303
0.6439949681525312
0.6309690861702686
0.633909959452188
0.6375871677374375
0.640280862942336
0.628044469961224
0.6309688557835222
0.634626618629226
0.6373073778484013
0.6481182667845831
0.6506697867512394
0.6538348241989393
0.6561338054868036
0.6453930328854182
0.6479323463395142
0.6510808389806877
0.6533679381509779
0.6416715066729513
0.6441962863749671
0.6473245371674703
0.6495955277392609
0.6386919050291047
0.6412057529073512
0.644319850852044
0.6465794378977414
0.6370590300687784
0.6395667305738338
0.6426736837523681
0.644927883256341
0.6339129185320534
0.6364073593746441
0.639499283568795
0.641743070291391
0.6296500628563739
0.6321246679824456
0.6351936589453218
0.6374220764515518
0.6262638272440467
0.6287220344153677
0.6317711294176931
0.6339857964281244
0.6460839252415344
0.6481688973581506
0.6507236788172609
0.6525546634847355
0.6428937348032772
0.644968357233375
0.6475092833145157
0.6493296053300248
0.6385653053760166
0.6406266468170478
0.6431508859728651
0.6449585303025477
0.6351223621942038
0.6371723285936847
0.6396833254378488
0.6414816244251254
0.657313537866362
0.6594394379531864
0.6620391086533854
0.6638972603728115
0.6545420472913565
0.6566596653700668
0.6592522188190422
0.6611068620753088
0.6507610412055066
0.6528641953776371
0.6554418131380698
0.6572882714171929
0.6477385087346814
0.6498295788412205
0.6523925941711072
0.6542296301987111
0.6668697939997147
0.6690114789342482
0.6716343023119262
0.6735132676125066
0.6645477310996967
0.666684207704568
0.6692980308432176
0.6711697587464185
0.6613401664788348
0.6634722617113935
0.6660779103698171
0.6679413316300076
0.6587448869359454
0.6608735343506118
0.6634751503272941
0.6653344800542411
0.6575632942886459
0.6601561536882956
0.6633617850388996
0.6656818354394595
0.6552583623817545
0.6578438783919807
0.6610442075620941
0.6633615193546963
0.6520841446445121
0.654655699796631
0.6578437170836076
0.6601557275068058
0.6495256648512423
0.6520843160078571
0.6552583197948207
0.6575629265726602
0.6653338819297561
0.6679405372472127
0.6711697165945072
0.6735138114517939
0.6634752946613613
0.6660774593018539
0.6692976237776685
0.6716343163682662
0.6608741847801167
0.6634725147873748
0.6666839810340875
0.6690111888284762
0.6587454506895725
0.661340688699424
0.6645479417619816
0.6668697326495083
0.6747165552799528
0.6768813003553715
0.6795228620179113
0.681406681681703
0.6728337171247254
0.6749953856195493
0.6776372744271038
0.6795227776302879
0.6702048345722005
0.6723583141390629
0.6749951422099277
0.676880915523341
0.6680592763235386
0.6702049505237976
0.6728334913380002
0.6747159684985948
0.6823607780045772
0.6840615700672396
0.6861071412229466
0.6875435395137279
0.6804775579223321
0.6821771830765444
0.6842174183152119
0.685647940431045
0.6778370394986745
0.679538292963746
0.6815774288917927
0.6830037290484684
0.6756717879578327
0.6773739462972427
0.6794150816093798
0.6808417676201496
0.6882626406556622
0.6895224221576104
0.6909887101539248
0.6919753839999346
0.6863638055319772
0.6876193812184999
0.689083667299126
0.6900712106489647
0.6837160247999639
0.6849646250558862
0.6864211129796999
0.6874050006878438
0.6815533441601805
0.6827988734178048
0.6842493753454923
0.685228418446026
0.6803518322353712
0.6815976952328696
0.683046869861644
0.6840237791167317
0.6779992144756847
0.6792464941617348
0.6806965569990572
0.6816728481746591
0.6747435583121336
0.6759905684881496
0.677442012405716
0.6784196592501911
0.6721105552157073
0.6733540901529724
0.674803353017831
0.6757807381469632
0.6744679104878495
0.6761693667447062
0.6782115511890962
0.6796396056136709
0.6721209324210865
0.6738179110286638
0.6758577708201605
0.6772862096245615
0.6688874580965963
0.6705757339917338
0.6726068736994212
0.6740314599190733
0.6662777206561491
0.6679597480292869
0.6699822952515839
0.6714010234438015
0.6648397046409191
0.6665195497886973
0.6685381578600302
0.6699533678140076
0.6620478207343397
0.6637246536220835
0.665738533355055
0.6671493238542001
0.6582259898477155
0.6598978246388895
0.6619064105647028
0.6633132767175914
0.6551631867670576
0.6568286788567107
0.6588312834389175
0.6602347749828881
0.6534852453422366
0.6551459642638148
0.6571438510888917
0.6585447568584224
0.6502545801455392
0.6519055041473991
0.6538923704549471
0.6552863749514071
0.6458766972979247
0.6475149411444812
0.6494860046458841
0.6508689796663727
0.6423950079006241
0.6440244476968373
0.6459842610651026
0.6473588497922825
0.6592448436378439
0.6604711719461284
0.6618995590208219
0.662862668733476
0.6559833442064789
0.6572046245888007
0.6586279216452268
0.6595881080613361
0.6515606098164575
0.6527729469518058
0.6541864985437612
0.6551405627116808
0.6480461318308227
0.6492508203847501
0.6506555189649648
0.6516037366810183
0.6706609616844267
0.6719012099511033
0.673347156447912
0.6743229030951485
0.6678542446756099
0.6690893357454142
0.670528880688715
0.6715004185448054
0.6640159567178918
0.6652464897367679
0.6666795611336546
0.667646021126686
0.6609359392845188
0.6621638816147241
0.6635937331648363
0.6645576586430862
0.6747957825476214
0.6755944379907811
0.6764623911787334
0.6769942544746234
0.6719714117984777
0.6727672332760626
0.6736326953205481
0.6741633525649697
0.6681143595464741
0.668905621307477
0.6697661455984271
0.670293891277338
0.6650245950489768
0.6658131697168487
0.6666703025976615
0.6671957798596106
0.6633292154661684
0.6641170938948739
0.6649733561502389
0.6654981603080317
0.6600533936311903
0.6608393391116607
0.6616937298576472
0.6622174550321822
0.6556030276804099
0.6563844705297354
0.6572343535289439
0.6577555172846062
0.6520633954263435
0.652840113124584
0.6536850057456959
0.6542032063716013
0.6657312524677591
0.6660812796428067
0.6663666180285621
0.6664540210939556
0.6624500653619065
0.6627993578259054
0.6630840919822841
0.6631712883055445
0.6579870354421729
0.6583347297455158
0.6586181747685601
0.6587049295025881
0.6544334326948487
0.6547791848005556
0.65506104343881
0.6551472909107978
0.6772304190805734
0.6775850020518486
0.677874010296332
0.6779625065777622
0.6743990569205459
0.6747529796421758
0.675041455800159
0.6751297741621444
0.6705283727642719
0.6708805364122404
0.6711676957224356
0.6712556701368928
0.6674292202635921
0.6677798016178549
0.6680656638567981
0.6681532406122124
0.6869412223495484
0.6872984154380043
0.6875898910082929
0.6876793139463828
0.6845793018601033
0.6849344133950335
0.685224050470891
0.6853127843807788
0.6813245208647394
0.681678345666291
0.6819666408938579
0.6820548295100808
0.6786886875389307
0.6790429246628178
0.6793315334267633
0.6794198441932457
0.6844973102234871
0.685297701540262
0.6861688342196663
0.6867035154214313
0.6821454536930385
0.6829434716994748
0.6838109330308318
0.6843428941612176
0.6788927981895206
0.6796911480150547
0.6805579304589489
0.6810888065232142
0.6762541288749249
0.6770532447856138
0.6779211360101919
0.6784527000825286
0.6924523237588319
0.6932565093317866
0.6941287489307532
0.694662621560605
0.6905493214602171
0.6913559062229413
0.6922310176809836
0.6927664601346246
0.6878822405932964
0.6886885122503684
0.6895650220607626
0.690102074171821
0.6857033763967053
0.686506388013189
0.6873804722488041
0.6879168405902086
0.6948996432897561
0.6952554403113118
0.6955453627775211
0.695634040664769
0.6930040128965526
0.6933604733732379
0.6936507612752708
0.6937395279636387
0.6903404529916753
0.6906982375919247
0.6909896960276091
0.6910789168494708
0.6881551932823082
0.6885132256086975
0.688805205077113
0.6888947235744899
0.7010928085994059
0.7014530211811189
0.7017464790222583
0.7018363614900762
0.6996426508902071
0.7000028232605784
0.7002965410223798
0.7003866298151263
0.6975751507133322
0.6979337635249033
0.6982265339291858
0.6983163666295369
0.6958592317522594
0.6962157217914067
0.696506533687193
0.6965956407609082
0.7055198736166503
0.7058743470396582
0.7061632369246835
0.706251715857994
0.7045408955594462
0.7048961763357534
0.7051854201278754
0.7052739511506368
0.70308007216637
0.7034377603167671
0.7037287155720325
0.7038176978374941
0.7018170045218716
0.7021766290093329
0.7024693893830783
0.7025589521601826
0.7030738183623211
0.7038797093948841
0.7047514254017282
0.7052837462270884
0.7020837712832708
0.7028931349382128
0.703769211806459
0.7043039965725358
0.700609934040042
0.7014219539705813
0.7023028580976149
0.7028414321223094
0.6993429563686657
0.7001547110246676
0.7010370198989968
0.7015773183368548
0.6986199008996198
0.6994303574810119
0.7003122687197381
0.7008528577728925
0.6971773735852221
0.6979842069602378
0.6988631850156242
0.6994028387273556
0.6951237680216124
0.6959266334962406
0.6968002201444672
0.6973365662071043
0.6934139589881869
0.6942165701530832
0.6950879365876372
0.6956219221390342
0.6944426207796524
0.6956951957030234
0.6971543230230959
0.6981406323083448
0.6930063970401611
0.6942605585625682
0.6957179114998731
0.6967005280385993
0.6909478485998065
0.6922062167736962
0.6936667218428845
0.6946486338688124
0.6892285852557765
0.6904889200565897
0.6919536183473139
0.6929381787909372
0.6885080647837749
0.6902275022317972
0.6922887124391486
0.6937267709554515
0.6870683402818553
0.688784647022429
0.6908470426606523
0.6922885244728646
0.6850180447840772
0.6867269355440382
0.6887847039349718
0.6902275541308683
0.6833150856349456
0.6850181486321503
0.687068444792343
0.6885082712592082
0.6929390825281808
0.6946507151297592
0.6967016485792251
0.6981403304442737
0.6919536310578593
0.6936679185069402
0.6957191906463942
0.6971547605547529
0.6904884711048379
0.6922064393210291
0.6942613274790937
0.6956957324645108
0.6892282322801672
0.6909477820467897
0.6930067495349931
0.6944428655084091
0.6988616369938145
0.7001275762755063
0.701602812348591
0.7025949771935823
0.6978732941816846
0.6991355474338788
0.7006093637288934
0.7016032045157
0.6964115024058132
0.6976679218476453
0.6991359302972198
0.7001285617985656
0.6951581322678902
0.696411307090072
0.6978733963432321
0.6988624744731028
0.7015748342946592
0.7028401153477742
0.7043038445508066
0.7052838622341564
0.7010346005896675
0.7023013996663166
0.7037688780897743
0.7047514888318676
0.7001527125569665
0.7014204570648036
0.7028926228647535
0.7038796521453508
0.6993416089780933
0.7006086521181826
0.702083274408225
0.7030737662097792
0.6956248518736088
0.6973369395198469
0.6993999448029472
0.7008496106552119
0.6950908319852931
0.6968015049973325
0.6988612962167217
0.7003094096561258
0.6942189124805705
0.695928781119032
0.6979838070600567
0.6994284239759664
0.6934154719518664
0.6951261084173281
0.6971780514788297
0.6986189651731388
0.6965971839289399
0.6983136661394417
0.7003815213392852
0.7018326684982333
0.6965083061591396
0.6982243153310448
0.7002918796618695
0.7017429603196255
0.6962180733506024
0.6979325841390432
0.6999988362198828
0.7014495790977687
0.6958620237101434
0.6975749793237849
0.6996393240096724
0.7010894600375708
0.7025567903341298
0.7038170497014258
0.7052741348208345
0.7062515384449315
0.7024672449492855
0.7037280471234605
0.7051855606238054
0.7061630959349271
0.7021743147700391
0.7034368545409926
0.7048962433241901
0.705874360001605
0.7018145509405979
0.7030788800038789
0.7045408342539284
0.705519971716566
0.70672458208051
0.7075246540052433
0.7083952002685834
0.7089283243719469
0.7066361557853685
0.7074360791302023
0.7083063811174127
0.7088395502074363
0.7063472855927327
0.7071468121209076
0.7080165406952323
0.7085498095829018
0.70599288122276
0.7067920758639874
0.7076611608516319
0.7081942208612393
0.705756839690323
0.7065558452308289
0.707424523137791
0.7079573454461747
0.7052251538923962
0.7060243292467662
0.7068923015579717
0.707424531675137
0.7043552595013747
0.7051562633114594
0.70602436173205
0.706555943377852
0.7035514282181922
0.7043552858446591
0.705225126299696
0.7057568502138371
0.7081941216253878
0.7085494685640428
0.7088389121864457
0.708927368318461
0.7076611124483856
0.708016250461163
0.7083056809549456
0.7083942158814882
0.7067922181818098
0.7071469239440542
0.7074360162025652
0.7075244715489618
0.7059929686410571
0.7063474887095029
0.7066364395999067
0.7067249082931905
0.7091641950498569
0.7095176178384166
0.7098057221767597
0.7098943291788333
0.7090757219054666
0.7094295652047055
0.7097175566966371
0.7098057248443539
0.7087864801069785
0.7091411312541464
0.7094294402841349
0.7095174031344672
0.7084310537640653
0.7087862933603712
0.7090753415222864
0.7091636176707753
