FiniteElementSpace
FiniteElementCollection: L2_2D_P3
VDim: 1
Ordering: 0

8.04899e+16
8.0360124e+16
8.0169582e+16
8.000779e+16
8.04899e+16
8.0360124e+16
8.0169582e+16
8.000779e+16
8.0489899e+16
8.0360124e+16
8.0169582e+16
8.000779e+16
8.0489899e+16
8.0360124e+16
8.0169582e+16
8.000779e+16
8.0489899e+16
8.0360124e+16
8.0169582e+16
8.000779e+16
8.0489899e+16
8.0360124e+16
8.0169582e+16
8.0007789e+16
8.0489899e+16
8.0360124e+16
8.0169582e+16
8.0007789e+16
8.0489899e+16
8.0360124e+16
8.0169582e+16
8.0007789e+16
7.9916153e+16
7.9734344e+16
7.947855e+16
7.9268944e+16
7.9916153e+16
7.9734344e+16
7.9478549e+16
7.9268944e+16
7.9916153e+16
7.9734344e+16
7.9478549e+16
7.9268944e+16
7.9916153e+16
7.9734344e+16
7.9478549e+16
7.9268944e+16
7.9916153e+16
7.9734345e+16
7.947855e+16
7.9268944e+16
7.9916153e+16
7.9734345e+16
7.947855e+16
7.9268944e+16
7.9916153e+16
7.9734345e+16
7.947855e+16
7.9268944e+16
7.9916153e+16
7.9734344e+16
7.947855e+16
7.9268944e+16
7.9916153e+16
7.9734345e+16
7.947855e+16
7.9268944e+16
7.9916153e+16
7.9734345e+16
7.947855e+16
7.9268944e+16
7.9916153e+16
7.9734345e+16
7.947855e+16
7.9268944e+16
7.9916153e+16
7.9734345e+16
7.947855e+16
7.9268944e+16
8.04899e+16
8.0360124e+16
8.0169582e+16
8.000779e+16
8.04899e+16
8.0360124e+16
8.0169582e+16
8.000779e+16
8.04899e+16
8.0360124e+16
8.0169582e+16
8.000779e+16
8.04899e+16
8.0360124e+16
8.0169582e+16
8.000779e+16
8.04899e+16
8.0360124e+16
8.0169582e+16
8.000779e+16
8.04899e+16
8.0360124e+16
8.0169582e+16
8.000779e+16
8.04899e+16
8.0360124e+16
8.0169582e+16
8.000779e+16
8.04899e+16
8.0360124e+16
8.0169582e+16
8.000779e+16
7.9916153e+16
7.9734345e+16
7.947855e+16
7.9268945e+16
7.9916153e+16
7.9734345e+16
7.947855e+16
7.9268945e+16
7.9916153e+16
7.9734345e+16
7.947855e+16
7.9268944e+16
7.9916153e+16
7.9734345e+16
7.947855e+16
7.9268944e+16
7.915266e+16
7.8926247e+16
7.8615662e+16
7.8366827e+16
7.915266e+16
7.8926247e+16
7.8615662e+16
7.8366827e+16
7.915266e+16
7.8926247e+16
7.8615662e+16
7.8366827e+16
7.915266e+16
7.8926247e+16
7.8615662e+16
7.8366827e+16
7.8230661e+16
7.7968932e+16
7.7616324e+16
7.7338507e+16
7.8230661e+16
7.7968932e+16
7.7616324e+16
7.7338507e+16
7.8230661e+16
7.7968932e+16
7.7616324e+16
7.7338507e+16
7.8230661e+16
7.7968932e+16
7.7616323e+16
7.7338507e+16
7.8230661e+16
7.7968932e+16
7.7616323e+16
7.7338507e+16
7.8230661e+16
7.7968932e+16
7.7616323e+16
7.7338507e+16
7.823066e+16
7.7968932e+16
7.7616322e+16
7.7338506e+16
7.823066e+16
7.7968931e+16
7.7616322e+16
7.7338506e+16
7.915266e+16
7.8926247e+16
7.8615662e+16
7.8366827e+16
7.915266e+16
7.8926247e+16
7.8615662e+16
7.8366826e+16
7.915266e+16
7.8926247e+16
7.8615662e+16
7.8366826e+16
7.915266e+16
7.8926247e+16
7.8615662e+16
7.8366826e+16
7.915266e+16
7.8926247e+16
7.8615662e+16
7.8366826e+16
7.915266e+16
7.8926246e+16
7.8615662e+16
7.8366826e+16
7.915266e+16
7.8926246e+16
7.8615661e+16
7.8366825e+16
7.915266e+16
7.8926246e+16
7.8615661e+16
7.8366825e+16
7.915266e+16
7.8926246e+16
7.8615661e+16
7.8366825e+16
7.9152659e+16
7.8926246e+16
7.8615661e+16
7.8366825e+16
7.9152659e+16
7.8926246e+16
7.8615661e+16
7.8366825e+16
7.9152659e+16
7.8926246e+16
7.8615661e+16
7.8366825e+16
7.8230659e+16
7.796893e+16
7.7616321e+16
7.7338503e+16
7.8230659e+16
7.796893e+16
7.761632e+16
7.7338502e+16
7.8230659e+16
7.7968929e+16
7.761632e+16
7.7338502e+16
7.8230658e+16
7.7968929e+16
7.761632e+16
7.7338501e+16
7.823066e+16
7.7968931e+16
7.7616322e+16
7.7338505e+16
7.823066e+16
7.7968931e+16
7.7616322e+16
7.7338505e+16
7.8230659e+16
7.796893e+16
7.7616321e+16
7.7338504e+16
7.8230659e+16
7.796893e+16
7.7616321e+16
7.7338503e+16
