FiniteElementSpace
FiniteElementCollection: L2_2D_P3
VDim: 1
Ordering: 0

6.1269012
6.1265282
6.1253137
6.1238308
6.0713728
6.0709875
6.0697338
6.0682036
5.970959
5.9705592
5.9692587
5.9676724
5.8817156
5.8813083
5.8799838
5.8783687
5.8300284
5.8296185
5.8282853
5.82666
5.723211
5.7227976
5.7214536
5.7198153
5.5658186
5.565404
5.5640563
5.5624141
5.4322821
5.4318691
5.4305269
5.4288915
5.8255834
5.8231764
5.8193019
5.8157945
5.7187303
5.7163053
5.7124038
5.7088739
5.5613266
5.5588969
5.55499
5.5514576
5.4278088
5.4253901
5.4215022
5.4179885
6.1228474
6.1206453
6.11709
6.1138601
6.0671892
6.0649188
6.0612566
6.0579331
5.9666212
5.9642698
5.9604813
5.9570478
5.8772988
5.8749063
5.8710542
5.8675657
6.111966
6.1080995
6.1024745
6.0977495
6.0559856
6.052014
6.046245
6.0414076
5.9550379
5.9509436
5.9450081
5.9400418
5.8655249
5.8613705
5.8553549
5.8503279
6.0950952
6.0898778
6.082656
6.0768502
6.0386934
6.033366
6.0260083
6.0201077
5.9372597
5.9318085
5.9243009
5.9182982
5.8475146
5.8420076
5.8344359
5.8283928
5.7956581
5.7901352
5.7825471
5.7764956
5.6886492
5.6831146
5.67552
5.6694713
5.531262
5.5257493
5.5181948
5.5121868
5.3979271
5.3924597
5.3849735
5.3790254
5.8137431
5.8095686
5.8035267
5.7984809
5.7068104
5.7026132
5.696544
5.69148
5.5493936
5.5451978
5.5391363
5.5340842
5.415936
5.4117652
5.4057433
5.4007276
5.3403868
5.3362374
5.330248
5.325261
5.1903327
5.1862375
5.1803292
5.1754122
4.9787658
4.9747678
4.9690028
4.9642077
4.8049271
4.8010228
4.7953947
4.7907152
5.3224772
5.3170435
5.3096067
5.3037003
5.1726685
5.1673155
5.1599938
5.1541832
4.9615332
4.9563174
4.9491889
4.9435361
4.7881059
4.7830188
4.7760695
4.7705618
4.6916916
4.686681
4.6798377
4.6744155
4.5034798
4.4986268
4.4920014
4.4867541
4.2441298
4.2395086
4.2332026
4.2282108
4.0352637
4.030839
4.024803
4.0200265
4.7082664
4.7044184
4.6988724
4.6942621
4.5195438
4.5158131
4.5104374
4.50597
4.2594376
4.255881
4.2507579
4.2465017
4.0499276
4.0465197
4.0416117
4.0375351
4.7192489
4.7170082
4.71341
4.710162
4.530196
4.5280222
4.524532
4.5213819
4.269597
4.2675232
4.2641942
4.2611902
4.0596651
4.0576771
4.0544861
4.0516072
5.3522037
5.3497958
5.345926
5.3424291
5.2020034
5.1996243
5.1958018
5.1923489
4.9901682
4.9878428
4.9841076
4.9807347
4.8160678
4.8137951
4.8101453
4.8068502
5.3566578
5.3562466
5.35491
5.3532817
5.2064054
5.2059989
5.2046779
5.2030686
4.9944723
4.9940748
4.992783
4.9912096
4.8202752
4.8198865
4.8186237
4.8170857
4.7233975
4.7230142
4.721769
4.7202525
4.5342214
4.5338495
4.5326411
4.5311697
4.2734378
4.2730829
4.2719299
4.270526
4.0633474
4.0630071
4.0619017
4.0605557
3.9479221
3.9475901
3.9465117
3.9451987
3.7250963
3.7247808
3.7237561
3.7225086
3.4227902
3.422498
3.4215489
3.4203934
3.1828018
3.1825286
3.1816413
3.1805611
3.9443299
3.9423906
3.9392781
3.93647
3.7216831
3.7198407
3.7168838
3.7142165
3.4196289
3.4179227
3.4151846
3.4127149
3.1798465
3.1782515
3.1756921
3.1733837
3.0493161
3.0477827
3.0453221
3.043103
2.7995425
2.7981284
2.7958596
2.7938136
2.4649141
2.4636629
2.4616555
2.4598454
2.202409
2.2012874
2.1994881
2.1978656
3.0521575
3.0518949
3.0510418
3.0500032
2.8021627
2.8019205
2.8011338
2.8001761
2.4672327
2.4670184
2.4663222
2.4654748
2.2044875
2.2042953
2.2036712
2.2029116
2.0625366
2.0623565
2.0617717
2.0610599
1.7929012
1.7927443
1.7922346
1.7916142
1.4355066
1.4353806
1.4349714
1.4344733
1.1580226
1.1579208
1.1575902
1.1571877
1.0091119
1.0090231
1.0087348
1.0083838
0.72811692
0.7280528
0.72784452
0.727591
0.35927453
0.35924286
0.35914
0.35901479
0.075629754
0.075623085
0.075601426
0.075575063
1.0081516
1.0076335
1.0068024
1.006053
0.72742329
0.72704904
0.72644869
0.72590744
0.35893197
0.35874714
0.35845066
0.35818336
0.075557622
0.075518705
0.075456277
0.075399994
2.0605889
2.059538
2.057852
2.0563317
1.7912038
1.7902879
1.7888186
1.7874937
1.4341438
1.4334085
1.4322289
1.4311653
1.1569214
1.1563273
1.1553742
1.1545149
2.0554452
2.0536474
2.0510606
2.0489142
1.7867212
1.7851547
1.7829007
1.7810306
1.4305452
1.4292876
1.4274784
1.4259774
1.1540138
1.1529978
1.151536
1.1503233
1.0056161
1.0047301
1.0034554
1.002398
0.72559185
0.72495191
0.72403128
0.72326756
0.35802751
0.35771148
0.35725685
0.35687971
0.075367178
0.075300635
0.075204908
0.075125499
1.0018094
1.0006639
0.99910402
0.99787208
0.72284243
0.72201515
0.7208886
0.71999895
0.35666978
0.35626127
0.35570499
0.35526571
0.075081296
0.074995281
0.074878155
0.074785664
2.0477192
2.0453934
2.0422252
2.0397224
1.7799894
1.7779632
1.7752034
1.7730234
1.4251418
1.4235156
1.4213009
1.4195517
1.1496483
1.1483346
1.1465456
1.1451326
3.0305229
3.0271227
3.0224888
3.0188258
2.782217
2.7790836
2.7748137
2.7714392
2.4495883
2.4468176
2.4430427
2.44006
2.1886735
2.1861909
2.182809
2.1801372
3.0418088
3.0391837
3.0354054
3.0322694
2.7926204
2.7902003
2.7867173
2.7838267
2.4587898
2.456649
2.4535682
2.4510117
2.1969195
2.1950008
2.1922399
2.189949
3.9348319
3.9315083
3.9267221
3.9227472
3.7126606
3.7095041
3.7049593
3.7011855
3.4112745
3.4083524
3.404146
3.4006538
3.1720375
3.1693067
3.165376
3.1621133
3.9205325
3.9162189
3.9103352
3.9056799
3.6990833
3.6949891
3.689406
3.68499
3.3987087
3.3949213
3.3897581
3.3856755
3.1602961
3.1567582
3.1519362
3.1481241
3.9031634
3.8984026
3.8921807
3.8874642
3.6826033
3.6780891
3.6721921
3.6677241
3.3834695
3.3792983
3.3738519
3.3697277
3.1460647
3.1421712
3.1370892
3.1332424
3.8849881
3.8804445
3.8747941
3.8707452
3.6653792
3.6610786
3.6557347
3.6519094
3.3675642
3.3635984
3.3586752
3.3551554
3.1312251
3.1275285
3.1229424
3.1196664
3.0025935
2.9990444
2.9946429
2.9914999
2.756494
2.7532291
2.7491821
2.7462944
2.4268588
2.4239776
2.4204084
2.4178636
2.1683169
2.1657387
2.1625461
2.1602709
3.0168471
3.0131066
3.008225
3.0045306
2.7696166
2.7661717
2.761677
2.7582765
2.4384492
2.4354053
2.431435
2.4284323
2.1786944
2.1759683
2.1724132
2.1697253
2.038371
2.0358176
2.0324881
2.0299709
1.7718463
1.7696226
1.7667235
1.7645321
1.4186074
1.4168234
1.414498
1.4127406
1.1443699
1.1429291
1.1410511
1.139632
0.99720704
0.99595084
0.99431359
0.99307647
0.7195187
0.71861159
0.7174294
0.71653619
0.35502858
0.3545807
0.35399703
0.35355607
0.074735737
0.074641437
0.074518549
0.074425708
0.99242861
0.99124335
0.98977723
0.98873381
0.71606846
0.71521281
0.71415453
0.71340147
0.35332517
0.35290279
0.35238044
0.35200878
0.074377096
0.07428817
0.0741782
0.074099961
2.0286521
2.0262382
2.0232496
2.0211203
1.7633842
1.7612833
1.7586832
1.7568313
1.4118202
1.410136
1.4080521
1.4065685
1.1388889
1.1375292
1.1358471
1.1346499
2.0200545
2.0182064
2.0161416
2.0148644
1.7559046
1.7542985
1.7525055
1.7513978
1.4058265
1.4045407
1.4031067
1.4022218
1.1340512
1.1330141
1.131858
1.1311451
0.98821204
0.98730832
0.98630111
0.98568028
0.71302495
0.71237292
0.71164644
0.71119887
0.35182298
0.35150126
0.35114289
0.3509222
0.074060847
0.073993122
0.073917692
0.073871243
0.98540878
0.98503332
0.98482983
0.98487428
0.71100323
0.71073296
0.71058725
0.71062019
0.35082576
0.35069265
0.35062118
0.35063777
0.073850949
0.073822945
0.07380793
0.073811444
2.0143038
2.0135224
2.0130821
2.013154
1.7509122
1.7502372
1.7498619
1.7499301
1.4018345
1.4012975
1.401003
1.4010624
1.1308333
1.1304017
1.130167
1.130217
2.9813464
2.9801469
2.9794191
2.9794655
2.7369923
2.7359039
2.7352584
2.7353189
2.4096923
2.4087463
2.4081997
2.40827
2.1529804
2.1521421
2.1516658
2.1517382
2.9899239
2.9871846
2.9841093
2.9821934
2.7448472
2.7423336
2.7395161
2.7377647
2.416589
2.4143771
2.4119021
2.4103674
2.1591319
2.1571562
2.1549479
2.1535808
3.8687089
3.8651557
3.8611346
3.8585996
3.6499873
3.6466372
3.6428552
3.6404795
3.3533887
3.3503135
3.3468516
3.3446859
3.1180231
3.1151656
3.1119547
3.1099516
3.8574656
3.8558172
3.8547018
3.8546224
3.6394205
3.6378932
3.6368914
3.6368575
3.3437246
3.3423506
3.3414831
3.3414943
3.1090649
3.1078054
3.107031
3.1070671
4.6172644
4.6151246
4.6134753
4.6131211
4.431727
4.4297185
4.4282229
4.4279562
4.1761805
4.1743405
4.1730305
4.1728611
3.9704515
3.9687375
3.9675573
3.9674495
5.2400586
5.2374366
5.2351547
5.2343901
5.0919494
5.0894429
5.0873225
5.0866697
4.8834527
4.8811112
4.8792103
4.8787018
4.712345
4.7101349
4.7084
4.7079948
5.2557338
5.2509289
5.2453642
5.2417362
5.107171
5.1024882
5.0970798
5.0935674
4.8980047
4.8935036
4.8883262
4.8849836
4.7263371
4.7219904
4.7170069
4.7138048
4.630945
4.6266853
4.6218101
4.6186854
4.4448022
4.4407138
4.4360495
4.4330739
4.1884316
4.1845811
4.1802052
4.1774297
3.9820495
3.9783909
3.9742448
3.9716256
4.6502061
4.6448577
4.6381808
4.6333729
4.4633571
4.4581973
4.4517629
4.447136
4.2059873
4.2010967
4.1950061
4.1906338
3.9987843
3.9941166
3.9883089
3.9841448
4.6714812
4.6659232
4.658645
4.6531148
4.4839154
4.4785404
4.4715061
4.4661649
4.2255112
4.220402
4.2137201
4.2086506
4.0174441
4.0125579
4.0061707
4.0013275
5.3004986
5.2944232
5.2864438
5.2803608
5.151035
5.1450646
5.13723
5.1312632
4.9404753
4.9346741
4.9270694
4.9212842
4.7675807
4.7619329
4.7545346
4.7489108
5.2771537
5.2712409
5.2638258
5.2584569
5.1281195
5.1223279
5.1150736
5.1098285
4.9182388
4.9126333
4.9056231
4.9005641
4.745952
4.7405097
4.7337115
4.7288125
5.7489964
5.7427993
5.7349902
5.7293113
5.6420805
5.6359299
5.6281895
5.6225661
5.4850849
5.479024
5.4714088
5.4658844
5.3522598
5.3462902
5.338799
5.3333713
5.7732056
5.7669431
5.7586783
5.7523462
5.6661859
5.6599384
5.651706
5.6454085
5.5089269
5.5027346
5.4945887
5.4883683
5.3758001
5.3696778
5.3616327
5.3554963
6.0736758
6.0675964
6.0594972
6.0532317
6.0168869
6.0107302
6.0025515
5.9962434
5.9150287
5.9087933
5.9005396
5.894197
5.8251055
5.8188445
5.810574
5.8042319
6.0498954
6.0436833
6.0357895
6.0300151
5.9928913
5.9866624
5.9787691
5.9730073
5.8908348
5.8846027
5.8767303
5.8709966
5.8008747
5.7946604
5.7868239
5.7811224
6.0270735
6.0218887
6.0159837
6.0122971
5.9700748
5.9649035
5.9589825
5.9552335
5.8680803
5.8629312
5.8569898
5.8531605
5.778223
5.7730989
5.7671607
5.7632982
5.7264237
5.7213188
5.7153943
5.7115291
5.6197077
5.6146535
5.60878
5.6049359
5.4630785
5.45812
5.4523603
5.4485904
5.3306169
5.3257537
5.3201144
5.3164314
5.7097425
5.7069279
5.7043716
5.703391
5.6031525
5.6003299
5.5977528
5.5967627
5.4468406
5.4440773
5.4415878
5.4406701
5.3147256
5.3120481
5.3096861
5.3088641
6.010687
6.0085029
6.0074288
6.007841
5.9535641
5.9511603
5.9495084
5.9493106
5.8514163
5.8487473
5.8464814
5.8457252
5.7615192
5.7587321
5.7562273
5.7552831
