FiniteElementSpace
FiniteElementCollection: L2_2D_P1
VDim: 1
Ordering: 0

0.69301874
0.70315674
0.69313928
0.70327905
0.69248081
0.7026109
0.6928423
0.70297771
0.674608
0.68497745
0.67496018
0.68533502
0.67513205
0.68550954
0.67524943
0.68562877
0.6568384
0.66744964
0.6569526
0.66756568
0.63814907
0.64898734
0.63826007
0.64910019
0.63765372
0.64848362
0.6379866
0.64882213
0.65632859
0.66693156
0.6566712
0.66727973
0.65542342
0.66601172
0.65599425
0.6665918
0.6367743
0.64758928
0.63732889
0.64815328
0.63551137
0.6463049
0.6362873
0.64709401
0.65412349
0.66469075
0.65492215
0.66550233
0.67234143
0.68267622
0.67316235
0.68350973
0.67367759
0.68403285
0.67426433
0.68462853
0.69152589
0.70164199
0.69212807
0.702253
0.69015441
0.70025044
0.69099705
0.70110541
0.68836718
0.6984371
0.68944974
0.69953547
0.67060036
0.68090835
0.67165495
0.68197918
0.66845542
0.67873041
0.66974305
0.68003784
0.68616537
0.69620308
0.68748713
0.69754419
0.68355035
0.69354979
0.68511052
0.69513278
0.68052363
0.69047878
0.68232129
0.69230275
0.66295919
0.67314977
0.66471048
0.67492797
0.66590783
0.67614371
0.66742777
0.67768698
0.64786416
0.65833035
0.64934289
0.659833
0.64499544
0.65541526
0.64669926
0.65714662
0.62664312
0.63728597
0.62829846
0.63896942
0.62943022
0.64012039
0.6308669
0.64158145
0.63183826
0.6425693
0.63305536
0.64380709
0.65034269
0.66084895
0.65159546
0.66212194
0.65242956
0.6629695
0.65345561
0.66401208
0.63386571
0.64463123
0.63486251
0.645645
0.61492002
0.62590462
0.61588704
0.62688889
0.59560393
0.60680098
0.59654055
0.60775523
0.59369888
0.60486009
0.59484251
0.60602523
0.61295317
0.62390264
0.61413389
0.62510445
0.61061712
0.62152484
0.61201085
0.62294348
0.60791335
0.61877275
0.6095192
0.62040729
0.58881742
0.59988684
0.59037284
0.60147149
0.59143627
0.60255491
0.59278618
0.60393022
0.57189913
0.58322208
0.57320445
0.58455324
0.56936685
0.58063961
0.57087085
0.58217342
0.54957329
0.56104265
0.55102499
0.56252465
0.55201751
0.5635379
0.55327743
0.56482412
0.55412927
0.56569375
0.55519663
0.56678339
0.57408699
0.58545325
0.57519281
0.58658099
0.57592905
0.58733182
0.5768347
0.58825542
0.55590729
0.56750888
0.55678149
0.56840129
0.55735055
0.56898221
0.55803103
0.56967691
0.55845812
0.57011293
0.55894446
0.57060943
0.57857172
0.59002679
0.5790756
0.59054063
0.57742424
0.58885663
0.57812924
0.58957556
0.59715023
0.60837637
0.59787927
0.60911913
0.6165165
0.62752959
0.6172692
0.62829577
0.61774163
0.62877665
0.61827962
0.62932426
0.59833685
0.60958531
0.59885793
0.61011619
0.59916314
0.61042715
0.59947592
0.61074581
0.61859474
0.62964502
0.61891767
0.62997372
0.61907528
0.63013416
0.61918296
0.63024377
0.59962858
0.61090134
0.59973286
0.61100758
0.57982075
0.59130056
0.57992157
0.59140339
0.57937073
0.5908416
0.57967315
0.59115003
0.55922932
0.57090024
0.55952123
0.57119824
0.5596637
0.57134368
0.55976102
0.57144302
0.53916951
0.55104266
0.53926327
0.55113849
0.51835052
0.53040968
0.51844062
0.53050191
0.5179482
0.529998
0.51821857
0.53027466
0.53875104
0.55061497
0.53903226
0.55090238
0.53800807
0.54985565
0.53847661
0.5503345
0.53694107
0.54876515
0.53759663
0.54943514
0.51620813
0.52821745
0.51683836
0.52886235
0.51723391
0.52926711
0.51768436
0.52972803
0.49614829
0.50835976
0.49658036
0.50880247
0.49516433
0.50735158
0.49576887
0.50797099
0.47382213
0.48618014
0.47440059
0.48677371
0.47476365
0.48714624
0.47517711
0.48757047
0.47541928
0.48781894
0.47566745
0.48807357
0.49683342
0.50906178
0.49709276
0.50932751
0.49721932
0.50945719
0.49730578
0.50954574
0.47578857
0.48819785
0.4758713
0.48828274
0.4540711
0.46664434
0.45415007
0.46672548
0.45371869
0.46628214
0.45395551
0.46652555
0.43174468
0.4444644
0.43197003
0.44469639
0.43208002
0.44480962
0.43215517
0.44488698
0.40982861
0.42270689
0.40989989
0.42278041
0.38733029
0.40034948
0.38739767
0.40041911
0.38702968
0.40003878
0.38723168
0.40024757
0.40951055
0.42237882
0.40972429
0.42259929
0.40894585
0.42179638
0.40930197
0.42216368
0.386496
0.39948715
0.38683255
0.39983502
0.38572954
0.39869491
0.38620044
0.39918165
0.40813486
0.42095992
0.40863313
0.42147383
0.4302943
0.44297125
0.43081961
0.44351206
0.43114931
0.44385149
0.43152477
0.44423801
0.453093
0.46563911
0.45348758
0.46604462
0.45219443
0.46471569
0.45274651
0.46528303
0.45102353
0.4635124
0.45173276
0.46424125
0.44958102
0.46202993
0.45044698
0.46291988
0.42780747
0.44041114
0.4286315
0.44125943
0.42918014
0.44182423
0.429855
0.44251899
0.40707807
0.41986993
0.40771819
0.42053016
0.38473078
0.39766256
0.38533574
0.39828787
0.3835003
0.39639074
0.38423897
0.39715423
0.40577613
0.41852705
0.4065577
0.4193332
0.4042298
0.4169321
0.40515237
0.41788368
0.38203882
0.39488018
0.38291077
0.39578141
0.38034729
0.39313178
0.38135194
0.39417021
0.40244001
0.41508607
0.40350303
0.41618248
0.42429019
0.43679025
0.42541091
0.437944
0.42617715
0.43873281
0.42714983
0.43973413
0.44786774
0.46026917
0.44888991
0.46131967
0.44588472
0.45823121
0.4470625
0.45944162
0.46721056
0.4793961
0.46844468
0.4806624
0.48825493
0.50027216
0.48954463
0.50159361
0.49042639
0.50249708
0.4915457
0.50364395
0.46928845
0.48152817
0.47035955
0.48262717
0.47108373
0.48337024
0.47199112
0.4843013
0.47259526
0.48492121
0.4733384
0.48568377
0.49388213
0.50603784
0.49465878
0.50683359
0.49230249
0.50441936
0.49325076
0.50539095
0.51322473
0.52516459
0.51421329
0.52617616
0.51487147
0.52684967
0.51568111
0.52767815
0.53555069
0.54734412
0.53639286
0.54820486
0.53383777
0.54559348
0.53486605
0.5466444
0.53180338
0.54351427
0.53301713
0.54475477
0.5112689
0.52316325
0.51243579
0.52435728
0.50900514
0.52084685
0.51034966
0.52222263
0.52944871
0.54110772
0.53084722
0.54253705
0.52677513
0.53837525
0.5283576
0.53999256
0.50643482
0.51821672
0.50795617
0.51977347
0.50355947
0.51527444
0.50525673
0.5170112
0.52378426
0.53531853
0.5255497
0.53712285
0.52047792
0.53193935
0.52242527
0.53392961
0.51685809
0.52823983
0.51898619
0.53041478
0.49690082
0.50846083
0.49894672
0.51055435
0.50038083
0.51202184
0.50225297
0.51393754
0.4799823
0.49179586
0.48177812
0.49363588
0.47664416
0.48837557
0.47860666
0.49038636
0.45610031
0.46799603
0.45797822
0.46992292
0.45929455
0.4712736
0.46101294
0.47303683
0.46221213
0.47426731
0.46376998
0.4758658
0.48303134
0.49491996
0.48465939
0.49658809
0.48578943
0.49774596
0.48724873
0.49924119
0.46485131
0.47697534
0.46624772
0.47840815
0.44363317
0.4559173
0.44496584
0.45728688
0.44111442
0.45332884
0.44260119
0.45485675
0.41975094
0.43211725
0.42116568
0.43357369
0.42214768
0.43458463
0.4234158
0.43589011
0.40040785
0.41299004
0.40161066
0.41423065
0.3784267
0.39114663
0.37956347
0.39232162
0.37627821
0.38892591
0.37754642
0.39023676
0.39813454
0.4106453
0.39947643
0.41202935
0.39562146
0.40805323
0.39710161
0.4095799
0.37390309
0.38647096
0.37530198
0.38791687
0.3713028
0.38378324
0.37283151
0.38536335
0.39287011
0.40521544
0.39448763
0.40688377
0.41420068
0.42640348
0.41590601
0.42815906
0.41710139
0.42938966
0.41866191
0.43099614
0.43833004
0.45046735
0.43996997
0.4521527
0.43528167
0.44733453
0.43707381
0.44917632
0.43197109
0.44393229
0.4339144
0.44592939
0.42840036
0.44026265
0.43049361
0.44241389
0.4076527
0.41966255
0.40964458
0.4217131
0.41105049
0.42316044
0.41289965
0.42506411
0.38988218
0.40213361
0.39163608
0.40394263
0.36847887
0.38086442
0.37013651
0.38257775
0.36543304
0.3777162
0.36721858
0.37956176
0.3866594
0.39880954
0.38854868
0.4007582
0.38320373
0.39524528
0.38522723
0.39733235
0.36216711
0.37434047
0.36407951
0.37631715
0.35868306
0.3707393
0.36072114
0.37284588
0.37951729
0.39144296
0.38167376
0.39366722
0.40012275
0.41191071
0.40239634
0.41425129
0.4040094
0.41591189
0.40614276
0.41810812
0.42457159
0.43632784
0.42681355
0.4386319
0.42048709
0.43213026
0.42287641
0.43458573
0.44059809
0.45208945
0.44310167
0.45465835
0.46044361
0.47177624
0.46305998
0.474457
0.46491624
0.47635894
0.46737125
0.47887439
0.44487792
0.45648092
0.44722713
0.45889139
0.44888984
0.46059746
0.45108324
0.46284807
0.45263139
0.46443661
0.45466764
0.46652598
0.47301894
0.4846611
0.47514693
0.48684148
0.46910884
0.48065476
0.47140104
0.48300337
0.48904523
0.50042251
0.49143484
0.50286772
0.49312151
0.50459362
0.49533995
0.50686365
0.51292701
0.52422217
0.51523454
0.52658052
0.50868701
0.51988878
0.51117261
0.52242912
0.50414064
0.51524228
0.5068028
0.51796307
0.48467442
0.49595001
0.48723378
0.49856891
0.48001171
0.4911788
0.48273927
0.49396983
0.49929062
0.51028544
0.50212776
0.51318506
0.51826873
0.52908465
0.52121372
0.53209112
0.52330313
0.53422414
0.5260665
0.53704519
0.54215036
0.55288417
0.54501327
0.55580378
0.5369346
0.54756514
0.53998569
0.55067663
0.55527704
0.56571578
0.55843236
0.56893043
0.57328497
0.58352566
0.57654265
0.58684154
0.5788539
0.58919408
0.58191068
0.59230547
0.56067099
0.57121116
0.56363173
0.57422758
0.56572726
0.57636252
0.56849163
0.57917886
0.58407419
0.59450763
0.58692822
0.59741265
0.58894269
0.59946311
0.59159227
0.60216004
0.57044281
0.58116672
0.57300914
0.58378131
0.55159931
0.56252024
0.55408086
0.56505093
0.54703957
0.5578702
0.5497126
0.56059617
0.52802234
0.53904186
0.53060243
0.5416758
0.53242353
0.54353492
0.53481879
0.54598018
0.53650406
0.54770063
0.53871304
0.54995572
0.55582684
0.56683149
0.5581154
0.56916537
0.5597196
0.57080133
0.56181379
0.572937
0.54026146
0.55153646
0.54228287
0.55360003
0.54369351
0.55504012
0.54552606
0.55691092
0.54679806
0.55820948
0.54844068
0.5598864
0.56649163
0.57770746
0.56819344
0.57944296
0.56327524
0.57442739
0.5651738
0.57636354
0.58251769
0.59346866
0.58448111
0.59546901
0.58584396
0.59685749
0.58760391
0.59865052
0.60484346
0.61564801
0.60666048
0.6174975
0.60140927
0.61215245
0.6034364
0.6142158
0.59761284
0.60828819
0.59984885
0.61056415
0.57884055
0.58972237
0.58100631
0.59192885
0.57481478
0.5856209
0.57718154
0.58803216
0.59345648
0.60405756
0.59590001
0.60654475
0.61174071
0.62213038
0.61425954
0.624692
0.62965647
0.63982846
0.63224909
0.64246298
0.63406642
0.64430969
0.63643885
0.64672047
0.61602516
0.62648761
0.61833007
0.62883167
0.61993858
0.6304675
0.62202819
0.63259261
0.62347862
0.63406769
0.62535165
0.63597255
0.64173822
0.65210545
0.64366613
0.65406448
0.63809448
0.64840285
0.6402453
0.65058842
0.65586605
0.66594755
0.65807679
0.66819227
0.65961128
0.66975036
0.66159286
0.67176244
0.67708695
0.68699181
0.67912109
0.68905572
0.67324247
0.68309107
0.67551178
0.68539359
0.66899249
0.67877891
0.67149563
0.68131867
0.65172577
0.66174362
0.6541643
0.66421964
0.64719295
0.65714113
0.6498578
0.65984694
0.66433958
0.67405791
0.66707503
0.67683339
0.65928653
0.66893094
0.66225265
0.67194046
0.6538364
0.66340105
0.6570314
0.66664281
0.63696091
0.64675179
0.64007343
0.64991216
0.64227034
0.65214284
0.6451599
0.65507682
0.62486728
0.63496187
0.62767852
0.63781854
0.60708781
0.61739844
0.60981905
0.62017608
0.60206928
0.61229466
0.60501126
0.61528662
0.61970174
0.62971287
0.6227299
0.63278996
0.61416295
0.62408461
0.61740623
0.62738027
0.59668813
0.60682209
0.5998391
0.6100266
0.5909476
0.60098403
0.59430566
0.60439914
0.60825425
0.61808044
0.61171069
0.62159272
0.62519455
0.63480447
0.62874727
0.63841182
0.63126785
0.64097116
0.63460146
0.64435605
0.64799244
0.6574716
0.65141442
0.66094363
0.64175818
0.65114614
0.64540506
0.65484637
0.63513745
0.64442849
0.63900698
0.64835468
0.61874471
0.6282555
0.62251437
0.63208309
0.6119222
0.62132813
0.61590655
0.62537372
0.62813419
0.63732275
0.63222409
0.6414725
0.62075251
0.62983312
0.62506039
0.63420399
0.61299701
0.62196413
0.61752014
0.62655346
0.5971758
0.606355
0.60158218
0.6108291
0.6047311
0.61402645
0.60892774
0.61828764
0.58834543
0.5978499
0.59242832
0.60199876
0.58099488
0.59038057
0.58528185
0.59473681
0.56446399
0.57405056
0.56862896
0.57828627
0.57160535
0.58131322
0.57557203
0.5853473
0.57840241
0.58822576
0.58216845
0.59205578
0.59534162
0.60495913
0.59921798
0.60889814
0.60197922
0.611704
0.60564671
0.61543076
0.58485112
0.59478401
0.58841427
0.59840766
0.56737077
0.57750577
0.57082737
0.58102415
0.56111483
0.57113805
0.5647683
0.57485679
0.54348924
0.55370635
0.54702792
0.55731157
0.54954863
0.55987967
0.55289665
0.56329063
0.53139547
0.54191631
0.53463286
0.54521782
0.51292217
0.52362651
0.51604701
0.52681656
0.50726669
0.51785299
0.51056948
0.52122472
0.52553627
0.53594109
0.52895804
0.53943061
0.51936055
0.52964308
0.52296463
0.53331853
0.50130569
0.51176756
0.50478446
0.51531895
0.49504276
0.5053739
0.49869541
0.50910279
0.51287201
0.52302607
0.51665623
0.52688523
0.5303923
0.54036316
0.53430582
0.54435026
0.53710252
0.54719955
0.54082974
0.55099684
0.55452095
0.56442638
0.55836906
0.56834323
0.54759308
0.55737473
0.55163353
0.56148738
0.54033539
0.54998738
0.54456575
0.55429332
0.53275224
0.54226875
0.53716997
0.54676541
0.51601772
0.5257183
0.52029665
0.53007769
0.52336263
0.53320131
0.52746008
0.5373758
0.50607457
0.51609404
0.51003666
0.52013458
0.48848166
0.49867585
0.49230599
0.50258001
0.48162636
0.49167747
0.48562006
0.49575452
0.49897233
0.50885116
0.50310989
0.51307065
0.49156955
0.50130181
0.4958801
0.50569771
0.47448098
0.48438293
0.47864165
0.48863045
0.46704978
0.47679663
0.47137494
0.48121207
0.48387068
0.49345049
0.48835163
0.49802017
0.50040011
0.50980704
0.50503417
0.51452822
0.50836203
0.51791865
0.51281985
0.52246029
0.52484821
0.5342235
0.52945063
0.53890815
0.51662805
0.52585648
0.52141241
0.53072631
0.53254478
0.54158916
0.53747657
0.54660471
0.54814073
0.55699558
0.55321697
0.56215384
0.55686238
0.56585816
0.56174558
0.57082025
0.54101824
0.55020654
0.54576249
0.55503138
0.54916584
0.55849253
0.5537197
0.56312375
0.55698266
0.56644214
0.56134338
0.57087693
0.5732944
0.58255566
0.57778285
0.58711664
0.56524861
0.57437988
0.56993586
0.57914285
0.58099089
0.58992125
0.5858087
0.59481314
0.5892608
0.59831831
0.59387429
0.60300274
0.60487229
0.61372056
0.60960803
0.61852556
0.59638322
0.60510729
0.60132871
0.61012515
0.58753493
0.59612954
0.59268719
0.60135718
0.57237106
0.58116887
0.57739029
0.58626528
0.56340645
0.57206643
0.5686241
0.5773643
0.57833277
0.58679274
0.58368868
0.59222701
0.56878234
0.57710255
0.57433863
0.58274015
0.55888933
0.56706477
0.56464271
0.57290235
0.54446483
0.55283369
0.5500697
0.55852472
0.55410249
0.56261949
0.55951539
0.56811557
0.53908891
0.54779749
0.54435512
0.5531488
0.52375054
0.53264554
0.5288669
0.53784881
0.51464087
0.52338112
0.51993868
0.52876894
0.52971239
0.53826949
0.5351654
0.54381059
0.52001685
0.52841732
0.52565335
0.53414488
0.50522127
0.51380149
0.51069734
0.5193706
0.49549732
0.50391237
0.50114843
0.50965947
0.51000809
0.51824684
0.51582472
0.52415745
0.52421166
0.53226909
0.53019031
0.53833966
0.53449922
0.54271483
0.54029273
0.54859744
0.5486596
0.55668541
0.55460666
0.56271945
0.53809941
0.54597072
0.5442365
0.5521976
0.52721511
0.53492717
0.53353854
0.54134312
0.51360833
0.52150274
0.51976853
0.52775765
0.50269571
0.51042232
0.50903367
0.51685775
0.51601327
0.52356141
0.52251922
0.53016257
0.50450077
0.5118804
0.51118524
0.51866272
0.4926844
0.49989118
0.49954348
0.50685058
0.47996887
0.48734623
0.48665099
0.49413102
0.49148035
0.49903459
0.49799231
0.50564662
0.47816373
0.48588802
0.48449928
0.49232589
0.46696413
0.4745075
0.4734652
0.4811136
0.45367805
0.46138289
0.45999416
0.46780626
0.46455902
0.47244864
0.47071432
0.47870848
0.4751601
0.48322975
0.48115087
0.48932227
0.48907525
0.49697577
0.49524146
0.5032416
0.49969213
0.50776419
0.50568537
0.51385428
0.48547491
0.49371974
0.49129761
0.49964133
0.47096518
0.47937784
0.47661383
0.48512741
0.45617169
0.46474711
0.46164292
0.47032118
0.44647953
0.45487271
0.45210867
0.4606077
0.46095865
0.46919257
0.46677038
0.47510811
0.45067445
0.45872464
0.45664576
0.46480263
0.44011875
0.44798034
0.44624605
0.45421712
0.42629434
0.434308
0.43222915
0.44035439
0.43651843
0.44472431
0.44230214
0.45061677
0.42209941
0.43045611
0.42769206
0.43615948
0.41221312
0.42037403
0.41795183
0.42622641
0.39788346
0.40618678
0.40342268
0.41184159
0.40742606
0.41592852
0.41282427
0.42143941
0.41672323
0.42541974
0.42197717
0.43078332
0.43173145
0.44027885
0.43717461
0.44582979
0.4411034
0.44983638
0.44639387
0.45523162
0.42576938
0.43465466
0.43087591
0.43986778
0.43455907
0.44362781
0.43951512
0.44868731
0.44308702
0.45233376
0.44788959
0.45723655
0.45904483
0.46813307
0.46402037
0.47320711
0.4502097
0.45912301
0.45534427
0.46435924
0.46558913
0.47434157
0.47089911
0.47975138
0.48068801
0.48927437
0.48617021
0.4948545
0.49012131
0.49887618
0.49543371
0.50428347
0.47472609
0.48365031
0.4798716
0.48889257
0.48357707
0.4926677
0.48855505
0.49773928
0.49925935
0.50817746
0.5043988
0.51340872
0.50809671
0.5171727
0.51306012
0.52222479
0.49213679
0.50138836
0.49694427
0.50628622
0.47588037
0.48530194
0.48052901
0.49004264
0.46760342
0.47686111
0.47241696
0.48176996
0.45134807
0.46076722
0.45599426
0.46551039
0.45933726
0.46892315
0.46382429
0.47350382
0.4425174
0.45226186
0.4468401
0.45667977
0.4348208
0.44439575
0.43929683
0.44897036
0.41803151
0.42775652
0.42233469
0.43215983
0.4254309
0.43532806
0.42958668
0.43958053
0.40808806
0.41813196
0.41207441
0.42221644
0.39049931
0.40068392
0.39431384
0.40459793
0.38370752
0.39371497
0.38765735
0.39776783
0.40099033
0.41085953
0.40511809
0.41508888
0.39365106
0.40333963
0.39791774
0.40771133
0.37668462
0.38650887
0.38076739
0.39069814
0.36943479
0.37906994
0.37364806
0.3833931
0.38607467
0.39557678
0.39047771
0.40008819
0.40248197
0.41184518
0.40707213
0.41654215
0.41038034
0.41992732
0.41482835
0.42447883
0.42686229
0.43626196
0.43148897
0.44099054
0.41864665
0.42786539
0.4234212
0.43274509
0.41017885
0.4192111
0.41509837
0.42423897
0.39434116
0.40351496
0.39907071
0.40835456
0.38596278
0.39494167
0.3908289
0.39992099
0.40146396
0.4103043
0.40652551
0.41547731
0.39250724
0.40115035
0.39770777
0.4064654
0.38331406
0.39175473
0.38865046
0.39720863
0.36851366
0.37708663
0.373644
0.38233633
0.37735188
0.38613046
0.38235163
0.39124651
0.36196911
0.37087786
0.36676504
0.37579184
0.35349121
0.36219128
0.35841239
0.3672336
0.33825567
0.34707768
0.34296473
0.35190957
0.34636814
0.35540175
0.35095736
0.36011067
0.354272
0.36351176
0.35873854
0.36809478
0.37022899
0.37934104
0.3748967
0.38412366
0.37826576
0.38757565
0.38280248
0.39222405
0.36196241
0.37140272
0.36630363
0.37585713
0.34544098
0.35500598
0.34958403
0.35926377
0.32871136
0.33839536
0.33265374
0.34245389
0.32172747
0.33120571
0.32578368
0.33538142
0.33810163
0.34746338
0.34236428
0.35184407
0.33055859
0.33971143
0.3349383
0.34421245
0.32281644
0.33175489
0.32731054
0.33637344
0.3071826
0.31623231
0.31145906
0.32063475
0.31454979
0.32381654
0.31871736
0.32810691
0.29835137
0.30772642
0.30230433
0.31180358
0.2913636
0.30051905
0.29541981
0.30470273
0.27536889
0.28462464
0.27920242
0.28858702
0.28197305
0.29145078
0.28570901
0.29531231
0.28840737
0.29810136
0.29204347
0.30185966
0.30515942
0.31474839
0.3090067
0.31871659
0.3117836
0.32158076
0.31552292
0.32543761
0.29466794
0.30457233
0.29820201
0.30822516
0.300751
0.31085983
0.30418091
0.31440504
0.30665289
0.31696013
0.30997657
0.32039553
0.32446471
0.33466035
0.32798145
0.33828761
0.31821997
0.32821941
0.32184912
0.33196259
0.33549723
0.34538116
0.33932341
0.34932007
0.35257225
0.36233476
0.35659319
0.36646704
0.35949114
0.36944524
0.36338754
0.37344953
0.342081
0.35215891
0.34578869
0.35597584
0.34845872
0.35872453
0.35204567
0.36241718
0.36619347
0.37633316
0.36996301
0.38020707
0.37267523
0.3829944
0.37631562
0.38673562
0.35462654
0.36507408
0.35809065
0.36864022
0.33636418
0.34693375
0.33964987
0.3503227
0.33051398
0.34089972
0.33391623
0.34440887
0.31237006
0.32286948
0.31558551
0.32619303
0.31789908
0.32858436
0.32100439
0.33179405
0.32323663
0.33410132
0.3262299
0.33719522
0.34201178
0.35275884
0.34517893
0.35602552
0.34745336
0.35837142
0.35050006
0.36151387
0.32837946
0.33941704
0.33125891
0.34239327
0.3333245
0.3445283
0.33608837
0.34738508
0.33806876
0.34943204
0.34071541
0.35216766
0.35770551
0.36894574
0.3605059
0.37183415
0.35268565
0.36376814
0.35561007
0.36678446
0.37183424
0.38278875
0.37491745
0.38596281
0.37712666
0.38823711
0.38007912
0.39127655
0.39632055
0.40729449
0.39942328
0.41048314
0.39075874
0.40157867
0.39399889
0.40490854
0.38496157
0.39562096
0.3883372
0.39909007
0.36631785
0.37710982
0.36952998
0.3804166
0.3605808
0.37120374
0.36391992
0.37464124
0.37893251
0.38942497
0.38244159
0.39303121
0.3970559
0.40741151
0.4007328
0.41118433
0.4033733
0.4138937
0.40691039
0.41752304
0.42154198
0.43191705
0.42523838
0.43570444
0.41493999
0.42515255
0.41878253
0.42908967
0.43257405
0.4426374
0.43657991
0.44673646
0.44994747
0.45985557
0.45411423
0.4641141
0.45710651
0.46717228
0.46111481
0.47126885
0.43945664
0.44968013
0.44331015
0.45362329
0.44607452
0.45645198
0.44977338
0.46023691
0.46399021
0.47420758
0.46783766
0.47813975
0.47059446
0.48095727
0.47427873
0.48472268
0.45242372
0.46294892
0.45596572
0.46657332
0.4339804
0.44466163
0.437378
0.44814286
0.42789005
0.43842137
0.43143811
0.44205677
0.40944776
0.42012659
0.41284288
0.42361028
0.41527559
0.42610644
0.41852674
0.42944238
0.42085332
0.43182965
0.42395851
0.43501584
0.42617756
0.43729277
0.42913492
0.44032728
0.44537347
0.45633513
0.44846406
0.45950179
0.43980938
0.45063409
0.44305445
0.45395903
0.45850045
0.46916702
0.46188344
0.47262873
0.47691527
0.48741729
0.48043415
0.49101367
0.48294884
0.49358374
0.4863002
0.49700891
0.46430101
0.47510256
0.46752296
0.47839946
0.46982194
0.48075193
0.47288089
0.48388207
0.48869152
0.4994529
0.49187336
0.50270481
0.49413988
0.50502125
0.49715027
0.50809795
0.47505988
0.48611175
0.47795402
0.48907323
0.45569368
0.46690938
0.45846981
0.46975386
0.4506693
0.46176132
0.45360354
0.46476778
0.4312451
0.4424925
0.43405286
0.4453735
0.43605291
0.44742571
0.43870938
0.45015147
0.41614938
0.42767244
0.41868459
0.43027785
0.39599513
0.40766147
0.39840755
0.41014497
0.39162902
0.40316673
0.39417882
0.40579166
0.41156105
0.42295704
0.41424064
0.42571083
0.40672485
0.41798691
0.4095472
0.42088742
0.40164366
0.41276501
0.4046071
0.41581051
0.38219194
0.39345163
0.38501184
0.39635462
0.38702702
0.39842917
0.3897127
0.40119396
0.367096
0.37863132
0.36964334
0.38125873
0.36250992
0.37390114
0.3651846
0.37665986
0.34260941
0.35412533
0.34513725
0.35673815
0.34694372
0.35860533
0.34935125
0.36109375
0.3510691
0.36286934
0.35335482
0.3652319
0.37146097
0.38313348
0.37387947
0.38562798
0.37560224
0.38740488
0.37789043
0.38976497
0.35498299
0.36691482
0.35714552
0.36915008
0.33414978
0.34620362
0.3361854
0.34831267
0.31311513
0.32528374
0.3150226
0.32726535
0.30966289
0.32169733
0.31167899
0.32379179
0.33046561
0.34238654
0.33261716
0.34461572
0.32658237
0.33836319
0.32884859
0.34071118
0.32250243
0.33413608
0.32488192
0.3366014
0.30220109
0.31394547
0.30443077
0.31626182
0.30602416
0.31791715
0.30814768
0.32012322
0.28528148
0.29727946
0.28726107
0.29934229
0.28171757
0.29356565
0.2837961
0.29573161
0.26106419
0.27300883
0.26299034
0.2750231
0.26436681
0.27646256
0.26620124
0.27838095
0.26751018
0.27974979
0.26925181
0.28157112
0.28867357
0.3008142
0.29055302
0.30277269
0.29189179
0.30416778
0.29366994
0.30602074
0.27049244
0.28286851
0.27214025
0.28459168
0.24893006
0.26139866
0.2504465
0.26299107
0.24618552
0.25851666
0.24778833
0.26019974
0.22471245
0.23712771
0.22617545
0.23867155
0.2272176
0.23977127
0.22860179
0.24123192
0.20536815
0.21799931
0.20661921
0.21932734
0.18339485
0.19609591
0.18451205
0.19729048
0.18137288
0.19393391
0.18255371
0.19519652
0.20310391
0.2155958
0.20442622
0.21699944
0.20071735
0.21306244
0.20211012
0.21454088
0.17924166
0.19165509
0.18048542
0.19298498
0.17700251
0.18926086
0.17830842
0.19065722
0.1982099
0.2104008
0.19967229
0.21195311
0.21929779
0.23141391
0.22091574
0.23312125
0.22207197
0.23434137
0.22361292
0.23596744
0.24329275
0.25547898
0.24498093
0.25725174
0.24025345
0.25228741
0.24202602
0.2541488
0.23706941
0.24894389
0.23892533
0.25089276
0.23374257
0.2454504
0.23568069
0.24748561
0.21335487
0.2251426
0.21512393
0.2270094
0.21639151
0.22834702
0.21808553
0.23013465
0.19558312
0.20761245
0.19711421
0.20923772
0.17465675
0.18675266
0.17602404
0.18821463
0.17220582
0.18413198
0.17363365
0.18565872
0.1928385
0.20469902
0.19443744
0.2063963
0.18997774
0.2016623
0.19164353
0.20343054
0.16965116
0.18140038
0.17113871
0.18299096
0.16699432
0.17855953
0.16854067
0.18021298
0.18700255
0.19850407
0.18873419
0.20034225
0.20689793
0.21832885
0.20881385
0.22035064
0.21018973
0.22180254
0.21203276
0.22374743
0.23027491
0.24180902
0.23229409
0.24392936
0.22666853
0.23802203
0.22876754
0.24022616
0.24630251
0.2575717
0.24858332
0.25995688
0.26578799
0.2769661
0.26824926
0.27953087
0.27001677
0.28137271
0.27238442
0.28383996
0.25022125
0.26166976
0.25241534
0.26396422
0.2539893
0.26561018
0.25609533
0.26781257
0.25760434
0.26939064
0.25962101
0.27149961
0.27798394
0.28967498
0.2801602
0.29194277
0.27408289
0.28560986
0.27635553
0.28797808
0.29401128
0.30543738
0.29644916
0.30797002
0.29819597
0.30978472
0.30053048
0.31220993
0.31822827
0.32970773
0.32071959
0.33228893
0.31376244
0.32508082
0.31636411
0.32777632
0.30910763
0.32025808
0.31181807
0.32306631
0.28964948
0.30090608
0.29218931
0.3035446
0.28511325
0.29619354
0.28775345
0.29893637
0.30426663
0.31524245
0.30708423
0.31816168
0.29924237
0.31003691
0.30216541
0.31306542
0.29403785
0.30464465
0.2970646
0.30778057
0.27552838
0.28623617
0.27836459
0.28918261
0.28040527
0.2913026
0.28314431
0.29414807
0.26139916
0.27239267
0.26395251
0.27505343
0.24223542
0.25331855
0.24460159
0.25579296
0.23802245
0.2489128
0.24047254
0.25147501
0.25685286
0.26765515
0.25949681
0.2704103
0.25215183
0.2627564
0.25488477
0.26560429
0.23366613
0.24435711
0.23619868
0.24700556
0.22916904
0.23965425
0.23178254
0.24238733
0.24729894
0.25769941
0.25011921
0.2606383
0.26527977
0.27558923
0.26830512
0.27873217
0.27048554
0.28099734
0.2734172
0.28404293
0.28865622
0.29906888
0.29178483
0.30231036
0.2831007
0.29331296
0.28632931
0.29665804
0.27737469
0.28738035
0.28070131
0.29082701
0.25991421
0.27001516
0.26303143
0.27325351
0.25439208
0.26427843
0.2575993
0.26761029
0.27148158
0.28127462
0.27490427
0.2848208
0.26542489
0.27499943
0.26894159
0.278643
0.25920829
0.2685586
0.26281686
0.27229732
0.24289147
0.2523308
0.24627284
0.25584362
0.24871668
0.25838244
0.25201198
0.26180583
0.2318586
0.24160964
0.23493051
0.24481076
0.22642825
0.2359509
0.22958042
0.23923564
0.20982845
0.21942876
0.21274952
0.22248348
0.21486067
0.22469123
0.21770737
0.22766818
0.21976345
0.22981834
0.22253408
0.23271573
0.23714926
0.24712284
0.24013908
0.25023841
0.24229707
0.25248717
0.245203
0.25551532
0.22453387
0.23480701
0.22722677
0.2376231
0.20663528
0.21698528
0.20911347
0.21958763
0.18861202
0.19903269
0.19087407
0.20141969
0.18460481
0.19480409
0.18693218
0.19726004
0.20224516
0.21237524
0.20479492
0.21505272
0.19773319
0.20763728
0.20035297
0.21038828
0.19310209
0.20277424
0.19579033
0.20559711
0.17625921
0.18599741
0.17871299
0.18858675
0.1804864
0.19045814
0.18287767
0.19298153
0.16313077
0.17316406
0.16529209
0.17545831
0.15931012
0.16910837
0.16152791
0.17146259
0.14226489
0.15211743
0.14424536
0.15423507
0.14567672
0.15576556
0.14760679
0.15782929
0.14900083
0.15931986
0.15087931
0.16132843
0.16685313
0.17711538
0.16895667
0.17934831
0.17047497
0.18096001
0.1725195
0.18313029
0.15223517
0.16277817
0.15406096
0.16473039
0.15537783
0.16613847
0.15714979
0.16803317
0.15842687
0.1693987
0.16014396
0.1712347
0.17740853
0.18831997
0.17933134
0.19036104
0.17399415
0.18469563
0.17597843
0.18680192
0.1925056
0.20314136
0.19470095
0.20545802
0.2109009
0.22146461
0.21330606
0.22399024
0.21503949
0.2258105
0.21737016
0.2282579
0.19628319
0.20712767
0.19841057
0.20937259
0.19994256
0.21098923
0.20200066
0.21316105
0.21904855
0.23002035
0.22130334
0.23238807
0.22292568
0.23409168
0.22510321
0.2363783
0.2034815
0.2147237
0.20546913
0.21682112
0.18391468
0.19522625
0.18571116
0.19713324
0.18071602
0.19183088
0.18257624
0.19380548
0.16138049
0.17255686
0.16304167
0.17433309
0.16423689
0.17561111
0.16584112
0.17732646
0.14446001
0.15588998
0.14587106
0.15741267
0.14194761
0.15317876
0.14340873
0.15475551
0.12242905
0.13370824
0.12368927
0.13508455
0.12459599
0.13607481
0.12581299
0.13740395
0.10465676
0.11617755
0.10567899
0.11731231
0.084654412
0.096210157
0.085481288
0.097149895
0.083182148
0.094536932
0.084038359
0.095510015
0.10283662
0.11415702
0.10389515
0.11533209
0.1009545
0.11206773
0.10204868
0.11328234
0.081659756
0.09280671
0.082544803
0.093812582
0.080088132
0.091020594
0.081001493
0.092058598
0.09901158
0.1099109
0.10014071
0.11116436
0.11787522
0.12873483
0.11921952
0.13020298
0.12018836
0.13126109
0.12149098
0.13268375
0.13934964
0.15037525
0.14085998
0.15200507
0.13666772
0.14748117
0.13822633
0.14916307
0.13390355
0.14449824
0.13550943
0.14623123
0.11549106
0.1261311
0.11687618
0.12764377
0.1130374
0.12345141
0.11446247
0.12500776
0.13105872
0.14142828
0.13271099
0.14321129
0.12813486
0.13827309
0.12983255
0.14010509
0.12513377
0.13503464
0.12687583
0.13691447
0.10792723
0.11787036
0.10942971
0.1195113
0.1105156
0.12069726
0.11197984
0.12229642
0.092829662
0.1030485
0.094059549
0.1044138
0.090655522
0.10063503
0.091917554
0.10203598
0.073329143
0.08333893
0.074349947
0.084499103
0.075087732
0.085337596
0.07608259
0.086468225
0.076801147
0.087284861
0.077769421
0.088385319
0.094947875
0.1053999
0.096144934
0.10672869
0.09700895
0.10768781
0.098172425
0.10897936
0.078468291
0.089179604
0.079409362
0.090249169
0.059880337
0.070617576
0.060598517
0.071464494
0.041256253
0.052012994
0.041751022
0.052636816
0.040379689
0.050907883
0.040888805
0.051549728
0.058608084
0.069117227
0.059347002
0.069988627
0.057300555
0.067575229
0.058059739
0.068470558
0.055958534
0.065992588
0.056737538
0.066911258
0.038554205
0.048606441
0.039090918
0.0492831
0.039478823
0.049772145
0.040001885
0.050431581
0.021633257
0.03193903
0.021919895
0.032362201
0.021126533
0.031190985
0.021420676
0.031625203
0.0036860744
0.013756614
0.0037373991
0.013948161
0.0037744909
0.014086591
0.0038245042
0.014273241
0.0038606207
0.01440803
0.0039092798
0.01458963
0.022126904
0.032667848
0.022405826
0.03307972
0.022607157
0.033376983
0.02287828
0.033777246
0.0039444056
0.014720721
0.0039917117
0.01489727
0.0040258291
0.015024598
0.0040717335
0.015195915
0.0041048179
0.015319387
0.0041493018
0.015485404
0.02352656
0.034734402
0.023781528
0.035110855
0.023073823
0.034065945
0.023336931
0.034454419
0.042107878
0.053086725
0.042588056
0.053692075
0.061116485
0.07207535
0.061813419
0.072897322
0.062315723
0.073489721
0.062991108
0.074286213
0.042934135
0.054128378
0.043399462
0.054715027
0.043734553
0.055137494
0.044184713
0.055705044
0.063477477
0.074859792
0.064130875
0.075630343
0.064600998
0.076184763
0.065231997
0.076928913
0.044508617
0.0561134
0.044943381
0.0566615
0.024389346
0.036008183
0.024627568
0.036359914
0.023965151
0.035381949
0.024211852
0.035746137
0.0041813401
0.015604973
0.0042243864
0.015765624
0.0042553553
0.015881201
0.0042969178
0.016036313
0.0043267975
0.016147826
0.0043668673
0.01629737
0.024798821
0.036612749
0.02502847
0.036951775
0.025193377
0.037195241
0.025414261
0.037521375
0.0043956397
0.016404749
0.0044341773
0.016548573
0.0044618249
0.016651755
0.0044988214
0.016789829
0.0045253276
0.016888751
0.004560747
0.017020939
0.025936689
0.038292688
0.026139707
0.038592451
0.025572724
0.037755333
0.025784766
0.038068383
0.046668216
0.058836056
0.047055167
0.059323903
0.047332426
0.059673449
0.047702958
0.060140578
0.068699526
0.081018204
0.069237317
0.081652449
0.067735472
0.079881289
0.068297108
0.080543623
0.066730627
0.078696254
0.067315734
0.079386287
0.045975899
0.057963234
0.046379027
0.058471465
0.045255901
0.0570555
0.045674957
0.057583827
0.065685591
0.07746384
0.066293832
0.078181135
0.086075685
0.097825433
0.086872728
0.098731296
0.087445115
0.09938182
0.08821186
0.10025322
0.10810686
0.12000739
0.10905476
0.12105966
0.10641384
0.11812804
0.10739922
0.11922186
0.12668782
0.1383594
0.12786091
0.13964057
0.14688539
0.15850726
0.14824552
0.15997502
0.14922227
0.16102906
0.15053067
0.162441
0.12870335
0.14056062
0.12983187
0.14179308
0.13064142
0.1426772
0.13172463
0.14386022
0.15146927
0.16345387
0.15272519
0.16480914
0.15362509
0.16578024
0.15482774
0.16707805
0.13250078
0.14470789
0.13353807
0.14584072
0.11129656
0.12354825
0.11216783
0.12451544
0.10973475
0.12181451
0.11064462
0.12282453
0.088761891
0.10087833
0.089497856
0.10171476
0.090025198
0.10231408
0.090729955
0.10311503
0.091234286
0.10368821
0.091907384
0.10445322
0.092388403
0.10499991
0.093029471
0.10572848
0.11421819
0.1267915
0.11501073
0.12767128
0.11279133
0.12520758
0.11362351
0.12613135
0.13428037
0.14665141
0.13527107
0.14773341
0.15568838
0.16800679
0.15683705
0.16924633
0.15765792
0.17013214
0.15875189
0.17131269
0.13597905
0.14850662
0.1369226
0.14953709
0.13759585
0.15027237
0.13849165
0.15125072
0.15953248
0.17215505
0.16057112
0.17327586
0.16131096
0.17407425
0.16229362
0.17513467
0.13912976
0.15194762
0.1399773
0.15287323
0.11686467
0.12972931
0.11757656
0.13051958
0.11557623
0.12829904
0.11632868
0.12913432
0.093486895
0.10624834
0.09409553
0.10694007
0.094529082
0.10743279
0.095104932
0.10808723
0.072136483
0.085071464
0.072575918
0.085589704
0.049700413
0.062658838
0.050003185
0.063040538
0.049152458
0.061968015
0.049472461
0.062371456
0.071341169
0.084133545
0.071805633
0.084681286
0.070502912
0.08314496
0.070992106
0.083721887
0.069622177
0.082106319
0.07013584
0.082712069
0.047968112
0.060474872
0.048321993
0.060921047
0.048574895
0.061239891
0.048911955
0.061664812
0.026617538
0.039297863
0.026802237
0.039570556
0.026285005
0.038806964
0.026478946
0.039093259
0.0045860982
0.017115551
0.0046199394
0.017241847
0.0046441216
0.017332096
0.0046763466
0.017452362
0.0046993403
0.017538176
0.0047299347
0.017652356
0.026934026
0.039765128
0.027109377
0.040024015
0.027234283
0.040208432
0.027400179
0.040453379
0.0047517273
0.017733687
0.0047806709
0.017841705
0.0048012505
0.017918509
0.0048285306
0.018020321
0.0048478851
0.018092553
0.0048734821
0.018188081
0.027785412
0.041022126
0.027932121
0.041238732
0.027518131
0.040627525
0.027674484
0.040858353
0.050218444
0.063311926
0.05050377
0.063671669
0.072888355
0.085958164
0.073302514
0.086446572
0.073596345
0.086793086
0.073984946
0.087251366
0.050706207
0.063926895
0.050973948
0.064264441
0.051163446
0.064503346
0.051413418
0.064818498
0.074259987
0.087575725
0.07462281
0.088003607
0.074878902
0.088305619
0.075215732
0.088702851
0.051589857
0.065040942
0.051821923
0.065333516
0.028269636
0.041737015
0.028396795
0.041924758
0.028035962
0.041392039
0.028172951
0.041594273
0.0048916002
0.018255699
0.0049155026
0.018344904
0.0049323721
0.018407861
0.0049545578
0.01849066
0.0049701678
0.018548918
0.0049906294
0.018625281
0.028486265
0.042056851
0.02860354
0.042229997
0.028685742
0.042351368
0.028793047
0.042509813
0.0050049712
0.018678804
0.0050236914
0.01874867
0.0050367577
0.018797435
0.0050537348
0.018860794
0.0050655173
0.018904766
0.0050807305
0.018961543
0.029032769
0.042863737
0.029119975
0.042992512
0.028867937
0.042620384
0.028965236
0.042764025
0.052681768
0.066417533
0.052859323
0.0666414
0.052982574
0.066796782
0.053141746
0.066997429
0.076900329
0.090689522
0.077131322
0.09096195
0.076463722
0.090174655
0.076721446
0.090478567
0.07598109
0.089605473
0.076265344
0.08994071
0.052349241
0.065998312
0.052545092
0.066245218
0.0519852
0.065539365
0.052199218
0.065809179
0.075452718
0.088982339
0.075763347
0.089348679
0.098874738
0.11237165
0.099281807
0.11283429
0.12223713
0.13569322
0.12274039
0.13625187
0.12309315
0.13664346
0.12355366
0.13715467
0.099567152
0.11315858
0.099939658
0.11358192
0.10019961
0.11387736
0.10053731
0.11426118
0.10077171
0.11452758
0.10107443
0.1148716
0.12458233
0.13829653
0.12495654
0.13871194
0.12387503
0.13751141
0.12429254
0.13797484
0.14747577
0.16106252
0.14797279
0.16160536
0.14831778
0.16198215
0.1487633
0.16246871
0.17196386
0.18557003
0.17248041
0.18612746
0.17098756
0.18451651
0.17156385
0.18513837
0.1699083
0.18335187
0.17054395
0.18403781
0.14654493
0.16004591
0.14709317
0.16064466
0.14552583
0.15893292
0.14612496
0.15958725
0.16872673
0.1820768
0.16942137
0.18282641
0.16744355
0.18069207
0.16819677
0.18150491
0.16605948
0.17919853
0.16687086
0.18007408
0.14322532
0.15642049
0.14392511
0.15718478
0.14441906
0.15772422
0.14506873
0.15843373
0.1213075
0.13466122
0.12185319
0.135267
0.098122783
0.11151706
0.098564177
0.1120187
0.09731174
0.11059529
0.097787194
0.11113565
0.1203048
0.13354815
0.12089261
0.13420066
0.11922966
0.13235465
0.11985921
0.13305352
0.096442088
0.10960691
0.096951319
0.11018566
0.095514351
0.10855253
0.096057053
0.10916932
0.11808271
0.13108146
0.11875364
0.13182624
0.14057989
0.15353133
0.14137864
0.15440367
0.14194534
0.15502258
0.14269484
0.15584113
0.16457543
0.17759704
0.16544442
0.17853481
0.16299227
0.17588861
0.16391838
0.17688799
0.18530636
0.1981398
0.18635926
0.19926564
0.2075087
0.22027154
0.20868777
0.22152312
0.20952429
0.22241109
0.21063063
0.22358549
0.18710628
0.20006439
0.18809426
0.20112078
0.18879352
0.20186847
0.18971595
0.20285481
0.19036703
0.20355098
0.19122339
0.20446663
0.21317574
0.22628713
0.2141347
0.22730508
0.21141367
0.22441669
0.21244665
0.22551319
0.23390636
0.2468296
0.23504923
0.24803562
0.2358559
0.24888686
0.23691689
0.25000647
0.25839386
0.2713365
0.25955624
0.27255712
0.25625801
0.26909367
0.2575101
0.27040847
0.25396782
0.26668876
0.25530886
0.26809697
0.23181594
0.24462368
0.23304
0.24591537
0.22958592
0.24227042
0.23089042
0.24364702
0.25152468
0.26412325
0.25295385
0.265624
0.27331181
0.28581685
0.27486477
0.28744086
0.27596657
0.28859307
0.27742377
0.29011694
0.29779897
0.31032344
0.29937145
0.31196206
0.29493418
0.30733816
0.29661001
0.30908447
0.31637879
0.32867424
0.31817647
0.33054179
0.33763269
0.34981217
0.33955114
0.35179984
0.34091224
0.35321004
0.34271237
0.35507513
0.31945188
0.33186677
0.3211387
0.33361913
0.32233258
0.33485942
0.32390751
0.33649558
0.34398647
0.35639519
0.34566723
0.35813657
0.34685355
0.35936569
0.34841388
0.36098233
0.32501915
0.33765042
0.32648129
0.33916936
0.30298892
0.31573163
0.30435193
0.31715199
0.30048441
0.31312182
0.30195262
0.31465175
0.27845514
0.2911955
0.27981569
0.29261832
0.28077601
0.29362259
0.2820391
0.29494346
0.28292778
0.29587281
0.28409262
0.29709097
0.28490914
0.29794485
0.28597507
0.29905953
0.30744907
0.32037938
0.30859931
0.321578
0.30531093
0.31815132
0.30656795
0.3194612
0.32751002
0.34023806
0.32885843
0.34163889
0.34951172
0.36211977
0.35095072
0.36361067
0.35195941
0.36465575
0.3532762
0.36602005
0.32980362
0.34262081
0.33103751
0.34390265
0.33189859
0.3447972
0.33301721
0.34595931
0.35419513
0.36697213
0.35538892
0.36820896
0.35621754
0.36906748
0.35728759
0.37017613
0.33379367
0.34676595
0.33479636
0.34780761
0.31116862
0.32425539
0.31210333
0.32522942
0.30940202
0.32241447
0.31044481
0.32350113
0.28671894
0.29983743
0.28768529
0.30084798
0.28835604
0.30154942
0.28922223
0.30245523
0.26536961
0.27866169
0.26616673
0.27949876
0.24222316
0.25560593
0.24295079
0.25637373
0.24084798
0.25415477
0.24165971
0.25501136
0.26386301
0.27707962
0.26475233
0.27801348
0.2621975
0.27533067
0.26317845
0.27636077
0.26037408
0.27341593
0.26144607
0.2745416
0.23766339
0.25079422
0.23864187
0.25182677
0.23932774
0.25255055
0.24022313
0.25349539
0.21631371
0.22961811
0.21712299
0.23047717
0.2148094
0.22802129
0.21569379
0.22896006
0.19182591
0.20511088
0.19261566
0.20595533
0.19316925
0.20654727
0.19389193
0.20732
0.19439625
0.20785926
0.19505141
0.20855983
0.21768775
0.23107667
0.21842145
0.23185547
0.21893071
0.23239606
0.21958835
0.23309417
0.19550618
0.20904609
0.19609346
0.20967403
0.19649839
0.210107
0.19701742
0.21066196
0.22004179
0.23357552
0.22062298
0.23419247
0.22102034
0.23461427
0.22152473
0.23514972
0.19737227
0.21104137
0.19782274
0.211523
0.19812729
0.21184864
0.19850889
0.2122567
0.19876295
0.21252837
0.19907546
0.21286256
0.22257765
0.23626734
0.22292764
0.23663885
0.22186577
0.23551173
0.22229312
0.23596533
0.24547059
0.25903275
0.24594337
0.25953168
0.24625816
0.25986387
0.24664537
0.26027248
0.26979016
0.28330359
0.27021439
0.28374908
0.2689273
0.28239756
0.26944529
0.28294145
0.2679025
0.28132146
0.26851391
0.28196348
0.24453517
0.25804564
0.24509326
0.25863456
0.24345249
0.25690314
0.24409553
0.25758171
0.26671636
0.28007592
0.26742085
0.28081569
0.28981948
0.3030798
0.29058498
0.30388034
0.29110835
0.30442767
0.29177271
0.30512245
0.3141387
0.3273504
0.31485565
0.32809751
0.31274783
0.32590103
0.3135739
0.32676185
0.33548772
0.34852585
0.33637387
0.34944644
0.35802541
0.37094056
0.35897109
0.37192036
0.35961765
0.37259026
0.3604384
0.37344064
0.33697973
0.35007584
0.33774881
0.3508748
0.33826879
0.35141499
0.33892032
0.35209186
0.36099332
0.37401559
0.36168864
0.37473599
0.36215159
0.37521564
0.36272105
0.37580564
0.33935411
0.35254252
0.33988771
0.35309687
0.3163522
0.32965694
0.31684963
0.33017529
0.3153404
0.32860263
0.31594781
0.32923555
0.29222189
0.30559221
0.29278471
0.30618083
0.29315945
0.30657273
0.29362044
0.30705479
0.29392051
0.30736858
0.29427935
0.30774379
0.29450456
0.30797929
0.29476101
0.30824747
0.31780362
0.33116945
0.31808035
0.33145784
0.31717342
0.3305127
0.31756061
0.3309162
0.34023505
0.35345772
0.34065042
0.35388923
0.36309174
0.3761897
0.36353501
0.37664895
0.36381321
0.37693719
0.36413
0.37726542
0.34091112
0.35416005
0.341208
0.35446844
0.34138188
0.35464908
0.34156007
0.35483418
0.36431555
0.37745767
0.3645057
0.37765468
0.36459851
0.37775084
0.36466191
0.37781656
0.34164703
0.35492452
0.34170641
0.35498623
0.31848961
0.33188432
0.31854499
0.33194201
0.31824244
0.33162675
0.31840855
0.33179985
0.29491122
0.30840454
0.29506514
0.30856551
0.29514026
0.30864407
0.29519157
0.30869774
0.27161299
0.28521782
0.27166023
0.2852674
0.24792198
0.2616196
0.24796512
0.26166512
0.24772956
0.26141656
0.24785886
0.261553
0.27140219
0.28499647
0.27154385
0.28514522
0.27102797
0.28460348
0.27126396
0.28485131
0.27049053
0.28403907
0.27082073
0.28438584
0.24689741
0.26053846
0.24719881
0.26085649
0.24738797
0.26105611
0.24760339
0.26128341
0.22359886
0.23735133
0.22379355
0.23755801
0.22315546
0.23688067
0.22342788
0.23716984
0.19927888
0.21308009
0.19952214
0.21334021
0.19967482
0.21350347
0.19984871
0.21368937
0.19995055
0.21379826
0.20005491
0.21390984
0.22390759
0.23767907
0.22402445
0.23780312
0.2240815
0.23786368
0.22412052
0.23790508
0.20010585
0.21396432
0.20014068
0.21400158
0.17600957
0.18993591
0.1760402
0.18996896
0.17587298
0.1897885
0.17596476
0.18988755
0.15168941
0.16566436
0.15176857
0.16575081
0.15180722
0.16579302
0.15183364
0.16582187
0.1275133
0.1415502
0.1275355
0.14157484
0.10314251
0.11722199
0.10316043
0.11724239
0.10306248
0.11713102
0.10311627
0.11719215
0.12741434
0.14144035
0.12748084
0.14151416
0.12723868
0.14124532
0.12734945
0.14136831
0.10292033
0.11696953
0.10300998
0.11707137
0.10271623
0.11673756
0.10284162
0.11688008
0.12698635
0.14096524
0.12714138
0.14113732
0.15117988
0.16510789
0.15136442
0.16530945
0.15148025
0.16543595
0.15161215
0.16557999
0.17563049
0.18952679
0.17578341
0.18969183
0.17528222
0.18915097
0.17549619
0.18938186
0.17482838
0.18866127
0.17510328
0.18895789
0.15078844
0.16468038
0.15102555
0.16493934
0.15030619
0.16415368
0.15059569
0.16446987
0.17426922
0.18805792
0.17460489
0.18842012
0.17360516
0.18734127
0.17400135
0.18776884
0.17283657
0.18651181
0.17329306
0.18700445
0.14907049
0.16280419
0.14946422
0.16323418
0.14973341
0.16352817
0.15007514
0.16390135
0.1257714
0.13961652
0.12605843
0.13993516
0.12521456
0.13899837
0.12554528
0.1393655
0.10128315
0.1151088
0.10155066
0.11541283
0.10173356
0.11562069
0.10196572
0.11588455
0.10212268
0.11606294
0.10231935
0.11628648
0.12625249
0.14015059
0.12649566
0.14042053
0.12665756
0.14060025
0.12685671
0.14082134
0.1024503
0.11643531
0.10261138
0.11661838
0.078181329
0.092200171
0.078304245
0.092345133
0.053865107
0.067909479
0.053949821
0.068016252
0.053692853
0.067692284
0.053796252
0.067822672
0.077931288
0.091905334
0.078081396
0.092082328
0.077634317
0.091555139
0.077811494
0.091764074
0.077290595
0.091149788
0.077494742
0.091390542
0.053251488
0.067135776
0.053392135
0.067313099
0.053488287
0.067434334
0.053610334
0.067588229
0.029309912
0.043272879
0.029376797
0.043371611
0.029180114
0.043081298
0.029257211
0.043195089
0.0050912236
0.019000704
0.0051046777
0.019050915
0.0051138741
0.019085237
0.0051255455
0.019128794
0.0051334386
0.019158252
0.0051433314
0.019195174
0.029422027
0.043438368
0.029478714
0.043522019
0.029516451
0.043577726
0.029562866
0.043646266
0.0051499162
0.01921975
0.0051580141
0.019249969
0.0051632844
0.019269637
0.0051695846
0.019293152
0.0051735381
0.019307906
0.0051780383
0.019324701
0.029651863
0.043777711
0.029677668
0.043815835
0.029593077
0.043690881
0.029629197
0.043744229
0.054004963
0.068085753
0.054070901
0.068168858
0.078384254
0.092439494
0.078479927
0.092552331
0.078539975
0.092623164
0.078608354
0.092703849
0.054112284
0.068221015
0.054159406
0.068280402
0.054187002
0.068315194
0.054215275
0.068350864
0.078648414
0.092751101
0.078689478
0.092799507
0.078709519
0.092823126
0.078723205
0.092839246
0.05422907
0.068368272
0.054238489
0.068380164
0.02971586
0.043872187
0.029721019
0.043879802
0.029692789
0.04383816
0.029708296
0.043861029
0.0051806765
0.019334547
0.0051833842
0.019344651
0.0051847047
0.019349579
0.0051856049
0.01935294
