FiniteElementSpace
FiniteElementCollection: L2_2D_P5
VDim: 1
Ordering: 0

0.50015901
0.51312772
0.53260098
0.55348664
0.57096683
0.58167099
0.48648092
0.49909632
0.51803885
0.53835487
0.55535801
0.56576994
0.46448554
0.47653261
0.49462194
0.51402261
0.5302592
0.54020152
0.43868303
0.45006269
0.46715053
0.4854776
0.50081564
0.51020757
0.41502718
0.42579431
0.44196286
0.45930475
0.47381879
0.48270628
0.39946274
0.40982662
0.42538983
0.44208282
0.45605418
0.46460954
0.5868472
0.59693059
0.61179342
0.62731156
0.63990487
0.64740965
0.57080478
0.58061269
0.59506917
0.61016269
0.6224112
0.62971047
0.54500923
0.55437456
0.5681784
0.58259
0.59428475
0.60125385
0.51474907
0.52359575
0.53663484
0.55024766
0.56129386
0.56787631
0.48700385
0.49537533
0.50771388
0.52059509
0.53104741
0.53727588
0.46874656
0.47680533
0.48868306
0.50108313
0.51114494
0.51714066
0.4595306
0.46743144
0.47907649
0.49123372
0.50109849
0.50697677
0.44077728
0.44835654
0.4595278
0.47119064
0.48065436
0.48629368
0.41094147
0.41800859
0.42842527
0.43930067
0.4481257
0.45338455
0.37639798
0.38287155
0.39241354
0.40237603
0.41046049
0.41527814
0.34511889
0.35105448
0.35980366
0.36893859
0.37635164
0.38076926
0.32472603
0.33031071
0.33854268
0.34713769
0.35411268
0.35826927
0.39160668
0.40176696
0.41702454
0.43338984
0.44708708
0.45547468
0.37562168
0.3853675
0.40000295
0.41570125
0.42884048
0.43688649
0.35019312
0.35927919
0.37292421
0.38756064
0.39981147
0.40731362
0.32075609
0.32907802
0.34157567
0.3549817
0.36620301
0.37307488
0.29410308
0.30173299
0.31319144
0.32548285
0.33577131
0.34207198
0.27672687
0.28390554
0.29468639
0.30625099
0.31593111
0.32185927
0.26800198
0.27495404
0.28539459
0.2965942
0.30596884
0.31170993
0.25033953
0.25683283
0.26658442
0.27704504
0.28580116
0.29116349
0.2224792
0.22824893
0.23691382
0.2462087
0.25398903
0.25875379
0.19056527
0.1955064
0.20292682
0.21088664
0.21754937
0.22162967
0.16196023
0.166159
0.17246448
0.17922819
0.18488964
0.1883567
0.14345092
0.14716957
0.15275396
0.15874408
0.16375794
0.16682839
0.13419676
0.13767543
0.14289941
0.14850289
0.1531931
0.15606532
0.11554128
0.11853627
0.12303386
0.12785814
0.13189609
0.13436886
0.086320243
0.088557767
0.091917853
0.09552197
0.098538612
0.10038594
0.053143468
0.054521048
0.056589758
0.05880871
0.06066597
0.061803317
0.023664906
0.024278362
0.02519959
0.026187725
0.027014794
0.027521275
0.0047178791
0.0048401753
0.0050238316
0.0052208282
0.0053857115
0.0054866835
0.15745428
0.16016003
0.16414833
0.16831245
0.17169168
0.17370545
0.13556464
0.13789407
0.14132763
0.14491253
0.14782167
0.14955529
0.10127927
0.10301949
0.10558456
0.10826264
0.11043589
0.11173097
0.062353309
0.063424713
0.065003942
0.066652753
0.067990749
0.068788084
0.027766197
0.028243314
0.028946575
0.029680825
0.030276663
0.030631734
0.0055355113
0.0056306309
0.0057708356
0.0059172171
0.0060360043
0.0061067908
0.31448624
0.3198947
0.32786693
0.33619074
0.34294568
0.34697115
0.29375664
0.2988083
0.30625464
0.31402941
0.3203388
0.32409877
0.26105797
0.26554671
0.2721633
0.27907178
0.28467819
0.28801924
0.22360285
0.22744676
0.23311284
0.23902885
0.24382985
0.24669094
0.19003332
0.19329949
0.1981139
0.20314063
0.20721993
0.20965091
0.16831321
0.17120572
0.17546932
0.17992091
0.18353343
0.18568625
0.3488838
0.35253944
0.35773508
0.36286139
0.36673564
0.36889002
0.32588528
0.32929982
0.33415284
0.33894111
0.3425599
0.34457222
0.2896067
0.29264084
0.29695319
0.30120803
0.30442369
0.30621186
0.24805036
0.25064862
0.25434149
0.25798512
0.26073885
0.26227015
0.21080596
0.21301361
0.2161513
0.21924714
0.22158687
0.22288794
0.18670912
0.18866415
0.19144277
0.19418432
0.19625628
0.19740844
0.17466227
0.17649103
0.17909019
0.18165466
0.18359279
0.18467054
0.15037899
0.15195332
0.15419086
0.15639852
0.15806696
0.15899475
0.1123463
0.11352238
0.11519387
0.11684303
0.11808939
0.11878245
0.069166922
0.069890986
0.070920061
0.071935386
0.072702714
0.073129404
0.030800439
0.031122881
0.031581152
0.0320333
0.032375011
0.032565026
0.0061404249
0.0062047081
0.0062960701
0.0063862113
0.0064543358
0.0064922172
0.18515836
0.18603965
0.1871495
0.18801546
0.18843775
0.18853791
0.15941468
0.16017334
0.16112874
0.1618742
0.16223772
0.16232394
0.11909615
0.11966287
0.12037656
0.12093342
0.12120497
0.12126938
0.073322532
0.07367144
0.074110826
0.074453658
0.07462084
0.074660491
0.032651031
0.032806408
0.033002078
0.033154749
0.0332292
0.033246858
0.0065093638
0.006540341
0.0065793492
0.0066097866
0.0066246286
0.0066281492
0.36986513
0.3716268
0.37384531
0.37557631
0.37642044
0.37662065
0.34548305
0.34712857
0.34920081
0.35081769
0.35160617
0.35179318
0.30702122
0.30848344
0.31032486
0.31176164
0.3124623
0.31262848
0.26296326
0.26421543
0.26579234
0.26702274
0.26762275
0.26776506
0.22347684
0.22454076
0.22588058
0.22692599
0.22743579
0.22755671
0.19792994
0.19887209
0.20005856
0.20098431
0.20143576
0.20154283
0.54040284
0.54297463
0.54621329
0.54874025
0.54997251
0.55026478
0.51836069
0.52082787
0.52393477
0.5263589
0.52754102
0.52782139
0.48328903
0.48558985
0.48848726
0.49074794
0.49185035
0.49211182
0.44267543
0.44478347
0.44743812
0.44950941
0.45051947
0.45075903
0.40589266
0.40782582
0.41026027
0.41215976
0.41308605
0.41330574
0.38190875
0.38372776
0.38601847
0.38780581
0.38867741
0.38888413
0.50976964
0.51510747
0.52269356
0.53017798
0.53583412
0.53897929
0.48897302
0.49409386
0.50137156
0.50855167
0.5139778
0.51699505
0.45588314
0.46065858
0.46744545
0.47414139
0.47920166
0.48201546
0.41756714
0.42194205
0.42815982
0.43429443
0.43893058
0.44150858
0.38286821
0.38687992
0.39258157
0.39820705
0.4024585
0.40482261
0.36024422
0.36401892
0.36938377
0.374677
0.37867738
0.38090189
0.65097546
0.65779083
0.66747744
0.67703497
0.6842583
0.68827509
0.63317862
0.63980732
0.64922857
0.65852421
0.66554957
0.66945625
0.60456509
0.61089385
0.61988869
0.62876352
0.63547077
0.63920054
0.5710038
0.57698126
0.58547663
0.59385845
0.60019299
0.60371546
0.54023515
0.54589105
0.55392927
0.56185988
0.5678533
0.57118604
0.51998934
0.52543383
0.53317154
0.5408056
0.54657486
0.54978293
0.6900932
0.69337786
0.69751437
0.70074194
0.70231589
0.70268921
0.67122452
0.67441912
0.6784422
0.68158126
0.68311205
0.68347512
0.64088872
0.64393863
0.64777948
0.65077634
0.65223777
0.6525844
0.60530981
0.60819018
0.61181751
0.61464775
0.61602792
0.61635527
0.57269449
0.57541968
0.57885154
0.58152925
0.58283504
0.58314474
0.55123496
0.55385818
0.55716163
0.55973912
0.56099602
0.56129413
