FiniteElementSpace
FiniteElementCollection: L2_2D_P1
VDim: 1
Ordering: 0

-1.066625829847414e+135
-9.517363423965046e+134
-9.517363423964694e+134
-8.513697632425474e+134
-8.698712663861782e+134
-7.793615529373252e+134
-7.604321942328923e+134
-6.828833171013233e+134
-7.142207825978088e+134
-6.266968238985654e+134
-6.266968238985775e+134
-5.510558644725734e+134
-8.69871266386239e+134
-7.604321942328953e+134
-7.793615529373269e+134
-6.82883317101299e+134
-6.836203458116212e+134
-5.818389598026537e+134
-6.147332135882253e+134
-5.242378685081749e+134
-5.114917339344431e+134
-4.190598928223212e+134
-4.613290909045524e+134
-3.785088990501172e+134
-4.245465624587998e+134
-3.485974411788937e+134
-3.74699770137089e+134
-3.080195969348146e+134
-5.646769339111192e+134
-4.821169369465711e+134
-4.971084769232655e+134
-4.251684115723485e+134
-4.487803302314932e+134
-3.84176028125186e+134
-3.841760281251966e+134
-3.29306815511603e+134
-3.3872698770948e+134
-2.785546224661985e+134
-2.904695546834294e+134
-2.39003000886114e+134
-2.562307804478888e+134
-2.107681115521609e+134
-2.107681115522288e+134
-1.73273778423962e+134
-3.387269877095163e+134
-2.90469554683466e+134
-2.785546224663349e+134
-2.390030008862376e+134
-4.245465624588213e+134
-3.746997701371051e+134
-3.485974411789679e+134
-3.080195969349429e+134
-5.646769339111442e+134
-4.971084769232715e+134
-4.821169369466004e+134
-4.251684115723596e+134
-6.83620345811678e+134
-6.147332135882666e+134
-5.818389598027119e+134
-5.242378685082121e+134
-5.114917339344825e+134
-4.613290909045712e+134
-4.190598928223502e+134
-3.785088990501674e+134
-3.563216367345872e+134
-3.220116746547338e+134
-2.746331637417466e+134
-2.483240131617753e+134
-2.96634831905772e+134
-2.621521005967034e+134
-2.287556242416593e+134
-2.021693861304414e+134
-1.836088752300146e+134
-1.621034038399239e+134
-1.254292396695754e+134
-1.104077632635313e+134
-2.206354979472999e+134
-1.994224881619216e+134
-1.511931454082414e+134
-1.364930202475599e+134
-1.076356630379945e+134
-9.681038498208462e+133
-5.20431670418177e+133
-4.608784289414955e+133
-2.361953795256678e+133
-2.092608924941838e+133
9.2568642453421e+132
1.005299830760196e+133
-1.86580720493611e+133
-1.58761380362371e+133
1.059593290901121e+133
1.14656829868307e+133
-8.858789213284644e+133
-7.745129249261576e+133
-4.154522661828659e+133
-3.57555159333515e+133
-6.922740391732164e+133
-5.820615775622427e+133
-3.130795140827242e+133
-2.584462375688957e+133
-1.345259229244556e+133
-1.057686097010607e+133
1.202792643004328e+133
1.293699723496647e+133
-8.015259825619972e+132
-5.017049584514064e+132
1.349541470016915e+133
1.438811474289623e+133
-5.033119410346642e+133
-3.990674458443074e+133
-2.16186185409821e+133
-1.653309564514324e+133
-1.097007605577813e+134
-8.928563973238075e+133
-7.346173036353668e+133
-5.90936924250315e+133
-1.463111720914704e+134
-1.250638546231049e+134
-9.9284176298849e+133
-8.431300711719167e+133
-2.370549735887589e+134
-2.033075681340549e+134
-1.826963807085693e+134
-1.56539120997258e+134
-1.79171950129172e+134
-1.470550941122851e+134
-1.376931007421117e+134
-1.126425040023216e+134
-1.245518735553911e+134
-9.497463471678206e+133
-9.49746347168286e+133
-7.180356472090255e+133
-7.486623571700398e+133
-4.895693839709127e+133
-5.602406324183695e+133
-3.589224157206816e+133
-4.327893410284151e+133
-2.701193701515382e+133
-2.701193701514613e+133
-1.588858399383348e+133
-7.48662357171105e+133
-5.602406324188774e+133
-4.895693839723186e+133
-3.589224157210018e+133
-3.269499778188309e+133
-2.329175943845813e+133
-1.260309064463796e+133
-7.814569938838219e+132
-2.354546666231091e+132
7.911058751212733e+131
1.491050373637632e+133
1.570779168977279e+133
3.473721437268786e+132
6.746512202808914e+132
1.615034369086451e+133
1.674778827206695e+133
-1.695159519203098e+133
-8.76569588267613e+132
-4.176721326331839e+132
5.113492148518511e+131
-3.308537725565717e+132
3.990820631289014e+132
3.990820631366707e+132
8.883983380417785e+132
9.305517831317941e+132
1.255162347079542e+133
1.703622676231577e+133
1.727652095322684e+133
1.467934399461631e+133
1.711517798802278e+133
1.711517798809728e+133
1.640382031627597e+133
9.305517831207139e+132
1.703622676215524e+133
1.255162347074817e+133
1.727652095311337e+133
3.473721437022962e+132
1.615034369063678e+133
6.746512202646203e+132
1.674778827187711e+133
-1.695159519213453e+133
-4.176721326580367e+132
-8.765695882761464e+132
5.113492146904231e+131
-3.269499778187244e+133
-1.260309064491277e+133
-2.329175943854897e+133
-7.814569939119547e+132
-2.354546666608218e+132
1.491050373607158e+133
7.91105874817549e+131
1.570779168951513e+133
-8.015259826108914e+132
1.349541469975738e+133
-5.017049584950836e+132
1.438811474255132e+133
-1.345259229292588e+133
1.202792642950961e+133
-1.05768609706375e+133
1.29369972345098e+133
-6.922740391688632e+133
-3.130795140808038e+133
-5.820615775583126e+133
-2.584462375691759e+133
-5.033119410320098e+133
-2.161861854111496e+133
-3.990674458431493e+133
-1.65330956453832e+133
-1.097007605576542e+134
-7.346173036326807e+133
-8.928563973224859e+133
-5.909369242481889e+133
-1.79171950129079e+134
-1.376931007420306e+134
-1.470550941122711e+134
-1.126425040022611e+134
-2.370549735885347e+134
-1.826963807083179e+134
-2.033075681338882e+134
-1.565391209971225e+134
-1.463111720913134e+134
-9.928417629864214e+133
-1.250638546230062e+134
-8.431300711691912e+133
-1.836088752297213e+134
-1.254292396694158e+134
-1.621034038397418e+134
-1.104077632633295e+134
-2.966348319055403e+134
-2.287556242412484e+134
-2.621521005964449e+134
-2.021693861301297e+134
-3.563216367344857e+134
-2.746331637413169e+134
-3.220116746545469e+134
-2.483240131613453e+134
-2.206354979468446e+134
-1.511931454080329e+134
-1.994224881615632e+134
-1.364930202473745e+134
-1.07635663037686e+134
-5.204316704118959e+133
-9.681038498169602e+133
-4.608784289360692e+133
-8.858789213242967e+133
-4.154522661779671e+133
-7.745129249213837e+133
-3.575551593304611e+133
-1.865807204964334e+133
1.059593290836217e+133
-1.587613803668504e+133
1.146568298624836e+133
-2.361953795257583e+133
9.256864244643123e+132
-2.092608924960536e+133
1.005299830692807e+133
