FiniteElementSpace
FiniteElementCollection: L2_2D_P3
VDim: 1
Ordering: 0

0.29448454
0.29467205
0.29491365
0.29509647
0.29448454
0.29467205
0.29491365
0.29509647
0.29448454
0.29467205
0.29491365
0.29509647
0.29448454
0.29467205
0.29491365
0.29509647
0.29519306
0.29537273
0.29560404
0.29577892
0.29519306
0.29537273
0.29560404
0.29577892
0.29519306
0.29537273
0.29560404
0.29577892
0.29519306
0.29537273
0.29560404
0.29577892
0.29587127
0.29604294
0.29626376
0.29643056
0.29587127
0.29604294
0.29626376
0.29643056
0.29587127
0.29604294
0.29626376
0.29643056
0.29587127
0.29604294
0.29626376
0.29643056
0.29651859
0.29668212
0.29689227
0.29705085
0.29651859
0.29668212
0.29689227
0.29705085
0.29651859
0.29668212
0.29689227
0.29705085
0.29651859
0.29668212
0.29689227
0.29705085
0.29713448
0.29728975
0.29748905
0.29763929
0.29713448
0.29728975
0.29748905
0.29763929
0.29713448
0.29728975
0.29748905
0.29763929
0.29713448
0.29728975
0.29748905
0.29763929
0.29771845
0.29786532
0.29805363
0.2981954
0.29771845
0.29786532
0.29805363
0.2981954
0.29771845
0.29786532
0.29805363
0.2981954
0.29771845
0.29786532
0.29805363
0.2981954
0.29827004
0.2984084
0.29858557
0.29871877
0.29827004
0.2984084
0.29858557
0.29871877
0.29827004
0.2984084
0.29858557
0.29871877
0.29827004
0.2984084
0.29858557
0.29871877
0.29878883
0.29891858
0.29908447
0.29920901
0.29878883
0.29891858
0.29908447
0.29920901
0.29878883
0.29891858
0.29908447
0.29920901
0.29878883
0.29891858
0.29908447
0.29920901
0.29927445
0.29939551
0.29955002
0.29966582
0.29927445
0.29939551
0.29955002
0.29966582
0.29927445
0.29939551
0.29955002
0.29966582
0.29927445
0.29939551
0.29955002
0.29966582
0.29972659
0.29983888
0.29998193
0.30008892
0.29972659
0.29983888
0.29998193
0.30008892
0.29972659
0.29983888
0.29998193
0.30008892
0.29972659
0.29983888
0.29998193
0.30008892
0.300145
0.30024846
0.30037999
0.30047814
0.300145
0.30024846
0.30037999
0.30047814
0.300145
0.30024846
0.30037999
0.30047814
0.300145
0.30024846
0.30037999
0.30047814
0.3005295
0.3006241
0.30074406
0.30083335
0.3005295
0.3006241
0.30074406
0.30083335
0.3005295
0.3006241
0.30074406
0.30083335
0.3005295
0.3006241
0.30074406
0.30083335
