FiniteElementSpace
FiniteElementCollection: L2_2D_P1
VDim: 1
Ordering: 0

0.014374212
0.013505941
0.053524287
0.050289059
0.012840449
0.011898532
0.047812577
0.044303139
0.073328761
0.06794734
0.10796362
0.10003855
0.082088618
0.077127713
0.12086273
0.1135567
0.14900757
0.1400012
0.18701098
0.17570447
0.21446065
0.20149557
0.25132453
0.23612675
0.19157015
0.17750689
0.22449472
0.20801055
0.13310522
0.12333565
0.16704965
0.15478559
0.11591387
0.10547329
0.14547151
0.13236572
0.16682517
0.15179657
0.19549311
0.17787832
0.14046016
0.12460831
0.16459449
0.14601566
0.097596314
0.086583365
0.12248092
0.1086573
0.053767763
0.047701112
0.079161255
0.070227761
0.063858598
0.058107411
0.094019121
0.08554982
0.011182272
0.010175574
0.041637723
0.037887192
0.0094153686
0.0083533761
0.035058168
0.031101989
0.0075565085
0.0064492519
0.028136361
0.024012026
0.043152038
0.036827352
0.063531063
0.054218037
0.032112678
0.0255902
0.04727762
0.037673891
0.0056234262
0.0044814294
0.020938326
0.016685167
0.0036347126
0.0024690062
0.013533315
0.0091925198
0.001609791
0.00043238441
0.0059937294
0.0016097922
0.0091925203
0.002469007
0.013533316
0.0036347134
0.020755856
0.014098686
0.030557236
0.020755856
0.037673891
0.0255902
0.047277619
0.032112678
0.016685168
0.0044814279
0.020938327
0.005623426
0.024012025
0.0064492529
0.028136362
0.0075565089
0.054218036
0.036827352
0.063531062
0.043152037
0.083885726
0.066845449
0.098296139
0.07832645
0.058288087
0.046448447
0.073147789
0.058288086
0.078326451
0.06684545
0.09829614
0.083885728
0.1127255
0.096200643
0.1320922
0.1127255
0.14601566
0.12460831
0.16459449
0.14046017
0.17787832
0.15179657
0.19549311
0.16682517
0.13236572
0.10547329
0.14547151
0.11591387
0.1086573
0.086583363
0.12248092
0.097596313
0.070227759
0.047701111
0.079161254
0.053767762
0.031101989
0.0083533754
0.035058168
0.0094153692
0.037887191
0.010175575
0.041637722
0.011182271
0.085549819
0.058107409
0.094019121
0.063858595
0.10003855
0.067947338
0.10796362
0.073328758
0.044303137
0.01189853
0.047812574
0.012840448
0.050289057
0.01350594
0.053524283
0.01437421
0.11355669
0.077127709
0.12086272
0.082088614
0.17570446
0.1400012
0.18701097
0.14900757
0.15478559
0.12333565
0.16704965
0.13310522
0.20801055
0.17750689
0.22449471
0.19157015
0.23612675
0.20149557
0.25132452
0.21446064
0.29424363
0.26101561
0.3131863
0.27781458
0.34950118
0.31799189
0.37200691
0.3384634
0.30787312
0.28012265
0.3322813
0.30232595
0.25920241
0.22993644
0.27974745
0.24815751
0.22165048
0.19662841
0.24360363
0.2160993
0.18194388
0.16140737
0.20509743
0.18194388
0.2160993
0.19662841
0.24360363
0.22165048
0.2632648
0.23953982
0.28934449
0.2632648
0.30232595
0.28012265
0.33228131
0.30787313
0.24815751
0.22993645
0.27974745
0.25920241
0.27781458
0.26101561
0.3131863
0.29424363
0.3384634
0.3179919
0.37200691
0.34950118
0.39583029
0.37188243
0.42722772
0.4013744
0.35356028
0.32758813
0.38159735
0.35356028
0.4013744
0.37188243
0.42722772
0.39583029
0.44937084
0.42217567
0.4783247
0.44937084
