FiniteElementSpace
FiniteElementCollection: L2_2D_P3
VDim: 1
Ordering: 0

0.5065782987026036
0.5191825554586544
0.5351146678671992
0.5469225497973399
0.5191825420097567
0.5320996832625989
0.5484271769403044
0.5605285908722812
0.5351146402751316
0.5484271575686602
0.5652554177560045
0.5777293409619638
0.5469225029027498
0.5605285498717864
0.5777293228599569
0.5904806018117486
0.553069160667399
0.5643253278255099
0.5784567239493742
0.5888541634628672
0.5668283532282622
0.5783657607660705
0.5928515685483687
0.6035105913948525
0.5842236392201672
0.5961182288552432
0.6110538244173717
0.6220443592012641
0.5971197311140296
0.6092800236444201
0.6245497086994672
0.6357860536064786
0.6038344365205189
0.6161332749087601
0.6315769288218843
0.6429411139941801
0.616133259416431
0.6286858375803033
0.644447759781845
0.6560456381694203
0.6315769113620087
0.6444477618523562
0.6606083962558917
0.6724988618398505
0.6429411154700394
0.6560456633092272
0.6724988829193881
0.6846040969712619
0.5530690957817206
0.5668282995857065
0.5842236130646089
0.5971197230822555
0.5643252376271927
0.5783656924371352
0.5961181871990903
0.6092799988109147
0.5784566197880033
0.5928514864588807
0.6110537639366123
0.6245496729699855
0.5888540513514737
0.6035104975434527
0.6220442958616439
0.6357860299488669
0.5942387454451009
0.6090308775774625
0.6277364354470977
0.6416053709308496
0.6040458631640881
0.6190852885102223
0.6381035231018675
0.6522038022253829
0.6162492073883687
0.6315964173846671
0.6510031993229206
0.6653906695411883
0.6251405440988155
0.6407118334170652
0.6604011494226638
0.67499736497166
0.6297127062919196
0.6453991050289096
0.6652334721565092
0.6799368650230523
0.6379767584580366
0.6538709607559268
0.6739671393402118
0.6888640784437395
0.648132011589501
0.6642810700376328
0.6846984093895319
0.6998329769011138
0.6554280543461655
0.6717598634869859
0.6924076529753921
0.7077128900879029
0.6875914686354707
0.7016096676010216
0.7192084435361366
0.7321559457619488
0.6966193420637546
0.7108219405928585
0.7286521932317043
0.7417698780002998
0.7077119319555405
0.722141114122137
0.7402556825893614
0.7535822428314181
0.7156807304921929
0.7302726734729438
0.7485913396330784
0.7620677224160115
0.6488265572042468
0.6620518978525045
0.678656353478346
0.6908726376602358
0.6595451497932145
0.6729901201905784
0.6898697245791452
0.7022882300687634
0.6728811467423511
0.6865988589656215
0.7038204684047488
0.7164905182950889
0.6825962677467494
0.6965124455319055
0.7139831332591335
0.7268364223933509
0.6971986554484619
0.7087189629969505
0.7230515576547097
0.7334923504312127
0.7087189645194372
0.7204299729065383
0.7349997308692896
0.7456131416605691
0.7230515381069813
0.7349997211293144
0.749864268980348
0.7606920932083624
0.7334923245126093
0.745613145424227
0.7606921065718595
0.7716757659561785
0.7388606104497104
0.7510701219335417
0.766259176064655
0.7773228093455639
0.7485625899037662
0.7609321920705001
0.7763198695137419
0.7875277195927166
0.760482958010632
0.7730488382670142
0.7886798777836446
0.800064376583753
0.7690458651305921
0.7817523949117982
0.7975577670658657
0.8090688475882144
0.7830108753690501
0.7932897710703145
0.8059170646353129
0.8149864933432313
0.7932897539449283
0.8037020261154332
0.816492842665292
0.8256797079203836
0.805917015778213
0.8164928300334119
0.8294845693265628
0.8388160749322744
0.8149864555811619
0.8256797244598025
0.8388160951720232
0.848251915255452
0.7388606242181125
0.7485625553716007
0.7604828614096989
0.7690457546401122
0.7510700964549081
0.7609321318317136
0.7730487727905085
0.7817523743139914
0.7662591477920548
0.7763198447949602
0.7886799035675972
0.7975578490932658
0.7773228012563914
0.7875277321807828
0.8000644407719487
0.8090689295734761
0.6875913114294578
0.6966192322679393
0.7077119182674162
0.7156807870677611
0.7016096011351854
0.710821941910353
0.722141178287962
0.7302727465478053
0.7192084806535236
0.7286522481199187
0.7402557011659754
0.7485912949450565
0.7321559917155096
0.74176988860779
0.7535821750815959
0.7620675996039163
0.6488265362880424
0.6595450808813843
0.6728810151838461
0.6825961078077387
0.6620518522856088
0.6729900348709295
0.6865987447743407
0.6965123478402505
0.6786563160744679
0.6898696722915516
0.7038204341761842
0.7139831421300902
0.6908726242512453
0.7022882150905941
0.7164905335319446
0.7268364652443003
0.5942388656246685
0.6040460011429787
0.6162493521347484
0.6251406719567274
0.6090309801094634
0.6190853938608288
0.6315964947448404
0.6407118666162612
0.6277364921943568
0.6381035506248499
0.6510031614909919
0.6604010507115633
0.6416053778401277
0.6522037632873521
0.665390559138886
0.6749972043863725
0.6297128173258655
0.6379768286537633
0.6481320082697444
0.655427983497177
0.6453991083001996
0.6538709019014721
0.6642809311876056
0.671759679159456
0.6652333410537404
0.6739669645324009
0.6846982224859565
0.6924074964278522
0.6799366867696189
0.6888639093321701
0.6998328757160472
0.707712865114917
0.6591412919485458
0.6657782692576213
0.6737821179261314
0.6794089765986512
0.6755659131436924
0.6823688698625363
0.6905727309573846
0.6963401445677645
0.69633100693831
0.7033435300837172
0.7118000627143316
0.7177450918067872
0.7117232561176094
0.7188910477601462
0.7275347915041033
0.7336113914873299
0.719736410912691
0.7269850257549282
0.735726190327338
0.7418712352308896
0.7344111500815765
0.7418076523403643
0.7507270208284953
0.756997235490049
0.7528334683904443
0.7604153042812106
0.7695578865290987
0.7759847976745132
0.7663859494239378
0.7741037763018355
0.7834100340287899
0.7899517709401276
0.7449477714805138
0.750346490322885
0.7566510447494508
0.760912522530096
0.7601363990676494
0.7656449426578612
0.7720776104981146
0.7764255858222824
0.7792023301964345
0.7848482479982999
0.7914410784552777
0.7958971378033814
0.793226703841487
0.7989732008650141
0.8056832659043424
0.8102184501912102
0.6822261232303002
0.6871697542375338
0.6929430173115777
0.6968454891587277
0.6992276549983942
0.7042947544699993
0.7102121982271862
0.714212122353783
0.7207215232115894
0.725944641140167
0.7320442497172943
0.7361672797054098
0.7366536769034393
0.741992320341752
0.7482267689186124
0.7524408934470775
0.6987389210289771
0.7019409766807833
0.7054274913867297
0.7075676617880662
0.7161528366894268
0.7194348529777451
0.7230084301915389
0.7252020472567348
0.738167710725199
0.7415506945642751
0.7452341765740257
0.7474952336163502
0.7544855057674456
0.7579431781429031
0.7617079434900241
0.7640188765793183
0.708518987048919
0.7099483833884909
0.7111143274855669
0.7114714513135202
0.7261771324862678
0.7276422243329239
0.7288372780120002
0.7292033118800763
0.7485002884965588
0.750010403698536
0.7512421747196859
0.7516194547575984
0.7650460983095572
0.7665895160163486
0.7678484512411577
0.7682340546908936
0.7736591699286494
0.7752198791297421
0.7764929099791444
0.7768828264660018
0.7894303606805732
0.7910225920594967
0.7923213122941865
0.7927190861428164
0.8092243825204025
0.8108560279705285
0.8121868886381332
0.8125945021662154
0.8237820271078319
0.8254426069691538
0.8267970679550105
0.8272119143420652
0.762980098995041
0.7664765892828622
0.7702835919713739
0.7726204356149157
0.77853509726989
0.7821024523222435
0.7859865287040144
0.7883706334934015
0.7980590347449911
0.8017149072958842
0.8056952594969816
0.8081384157776351
0.8124187042825017
0.8161394112226876
0.8201903332032574
0.822676803379077
0.819852856939526
0.8236071324080237
0.8276946601564993
0.8302036322041543
0.833388868680639
0.8372045993449092
0.8413591596376301
0.8439093451903731
0.850226485795917
0.8541190672661899
0.8583574043726615
0.860959057779635
0.8624912023357868
0.8664400009553094
0.8707396337417436
0.8733789703573185
0.8313188686161367
0.8329945192685827
0.8343613068714769
0.8347799441759483
0.8450429197412991
0.8467461365696737
0.848135417153483
0.8485609419319442
0.8621155146590234
0.863853120323212
0.8652704605198406
0.8657045808758138
0.8745521988176994
0.8763150359245142
0.8777529909899047
0.8781934348321729
0.8809471832462912
0.8827231265808612
0.884171792044086
0.8846155218409573
0.8925070620058571
0.8943067838676384
0.8957748358914152
0.8962244912577221
0.9067142706886558
0.908543171351735
0.910035007388602
0.9104919402914239
0.9169226308670486
0.9187724185125321
0.920281287064727
0.9207434421148725
0.868797219982181
0.8727750417905029
0.8771063784986575
0.8797652470605286
0.8801950154633523
0.8842257369762493
0.8886148660792843
0.8913093008963723
0.8942022801700716
0.8982984386298926
0.902758879496508
0.9054970783836783
0.9042673209856028
0.9084104887495297
0.9129220268052204
0.9156915347506905
0.8482840897741026
0.8544254337908681
0.8615972715523365
0.8664450980795873
0.8594114031615047
0.8656334244190198
0.8728997622717301
0.8778116971955751
0.873083667423409
0.8794054867087133
0.886788898312743
0.8917803076843299
0.8829065721158924
0.8893006383097785
0.8967687479639195
0.9018175213057179
0.8004878261737377
0.8062861887156862
0.8130567306076955
0.817632772113282
0.8137081477287065
0.8196009235762296
0.8264817813404117
0.8311324948784363
0.8301512201565615
0.8361617848762525
0.8431805412409278
0.8479247048044933
0.8421270311001081
0.8482238598605757
0.8553436266170096
0.8601562042305845
0.7734034788042676
0.7811915622890503
0.7905823187020635
0.7971832931863566
0.7861815765245124
0.7940971603570194
0.8036412627200947
0.8103498096175585
0.8020755942493534
0.8101491806825516
0.8198835566098445
0.8267258602130367
0.8136509780405853
0.8218394776852833
0.8317125634954199
0.8386526147394388
0.8196015770099516
0.8278492094751603
0.837793819382298
0.8447843382035839
0.8303546247166075
0.83870943527579
0.8487837404605612
0.8558657517587873
0.8435648012300538
0.8520518810186452
0.8622863113101842
0.8694813129931568
0.8530539134534941
0.8616364635902691
0.871986526648203
0.8792631925149019
0.8578831096503098
0.8665144015703448
0.8769235448577043
0.8842419854884125
0.8665143894904449
0.8752331463393793
0.8857483795887984
0.8931417905467621
0.8769235371437017
0.885748394638483
0.8963922330000794
0.9038762958894315
0.8842420161788008
0.8931418339176421
0.9038763100948309
0.9114240418174618
0.8879064359587318
0.8968438712226282
0.9076237093574324
0.9152032298886419
0.8943374885436828
0.9033409277777793
0.9142002381939619
0.9218354146231834
0.9018487942992937
0.9109292410054635
0.9218811073085491
0.9295810030470827
0.9069266870382292
0.9160590954837358
0.9270733191136409
0.9348167259510559
0.9189982833683449
0.9256582420561292
0.9334360831136257
0.9386934359444646
0.9256582442755242
0.9323667382011601
0.9402007693762423
0.9454957346262163
0.933436087678326
0.9402007704389759
0.9480997455572957
0.9534383184964058
0.9386934321336194
0.945495727208165
0.9534383149175991
0.9588064153831591
0.8879063723857438
0.8943373942111688
0.9018487143949964
0.9069266510675005
0.8968438153734358
0.9033408817987767
0.9109292337934436
0.9160591086639076
0.9076236982081574
0.9142002399037916
0.9218811171459721
0.9270733215553705
0.9152032341668135
0.9218354190822271
0.929581000379157
0.9348167219529276
0.9093905631727943
0.913557559267462
0.9180949873964117
0.9208803673968525
0.9185481663119147
0.9227576387703541
0.9273412206231515
0.9301548696082341
0.9295925504305625
0.9338529132271874
0.9384916630923739
0.9413390160793694
0.937356978354987
0.9416527191504519
0.9463297056421046
0.9492003733006507
0.922118518494273
0.9239789048663706
0.9254964200230568
0.9259612320200531
0.9314055643975198
0.9332847713394773
0.9348176134008132
0.93528711580435
0.9426046432538934
0.9445062363689034
0.9460572852938198
0.9465323564289736
0.95047632637817
0.9523934027112178
0.9539570401543214
0.9544359411601052
0.9544165966444575
0.9563414642474496
0.9579115125683864
0.9583924046965805
0.9613309526812002
0.9632698000949627
0.9648513321388267
0.9653357589863538
0.9694056426994512
0.9713608773057955
0.9729557420760446
0.9734442498508361
0.9748637883040403
0.976829988594068
0.9784337499055253
0.9789249481742623
0.9412441074637242
0.9455573384302179
0.950253232308837
0.9531354813179088
0.9480645288281178
0.9524083728194163
0.9571376735212693
0.9600405786199171
0.9560282577994285
0.9604080889434631
0.9651769471983617
0.968104342184908
0.9614108037473846
0.9658152804977946
0.9706111693676697
0.973555160122189
0.9640223047661551
0.9684388478100953
0.9732478414501087
0.9761998039075317
0.9684388165805107
0.972875702665368
0.9777067896407455
0.9806723291521001
0.9732477686593479
0.9777067830083161
0.9825620516945964
0.9855425656763572
0.9761997466042305
0.9806723685146304
0.9855425972581864
0.9885322827086054
0.9775119481922683
0.9794834688170376
0.9810916076947247
0.9815841559565418
0.9819905551414607
0.9839713051342494
0.9855870423149797
0.986081933207693
0.9868674985728191
0.9888582411493235
0.9904820265254329
0.9909793685578939
0.9898612130941005
0.9918577163293599
0.9934859505238406
0.9939845998743241
0.9911917558932477
0.9931906114526575
0.9948207966867921
0.9953200822908429
0.9931905687844585
0.9951933014032422
0.9968271424145287
0.9973276882017339
0.9948207546325392
0.9968271739077089
0.9984645374377479
0.9989662488322169
0.9953200613304646
0.9973277789713226
0.9989663180977187
0.9994683135963964
0.977511928016117
0.9819906401338118
0.986867540033518
0.9898611989481866
0.9794835415673762
0.9839714450470175
0.98885823760625
0.9918576390800632
0.9810918039713493
0.9855872077595607
0.9904819156527493
0.9934858089499937
0.9815844152325668
0.9860821139960576
0.9909791877945942
0.9939844263628932
0.954416579078203
0.9613308864419715
0.9694054645186249
0.9748636559641163
0.9563414428898511
0.9632696854267404
0.9713606666087116
0.9768299077387017
0.9579114763530274
0.9648511568131938
0.972955508034296
0.9784337621588081
0.9583923591690842
0.9653355543186874
0.9734439984040563
0.9789250035760875
0.9412440927909627
0.948064515098326
0.9560282527102761
0.9614108016823035
0.9455573097915956
0.9524083572160682
0.9604080667221222
0.9658152442587657
0.9502532021790445
0.9571376516031104
0.9651768666151808
0.9706110633815385
0.9531354594082802
0.9600405341486665
0.9681041959581057
0.9735550226886123
0.9093905726870212
0.9185481543718901
0.9295925553308607
0.9373569763018277
0.9135575453463843
0.9227576358678283
0.9338529138066656
0.9416526958697367
0.9180949773742921
0.9273412260004481
0.9384916344746006
0.9463296565764902
0.9208803783996095
0.9301548706698722
0.9413389573243925
0.9492003159027984
0.9221185403800015
0.9314055578250945
0.9426045689853075
0.9504762712397582
0.9239789375986799
0.9332847419354908
0.9445061415843332
0.9523933533022255
0.9254964601173676
0.9348175494335055
0.9460571736307104
0.9539569973336033
0.9259612719588473
0.9352870340617891
0.9465322296570838
0.9544359021889443
0.8809473823996506
0.8925073006067954
0.9067143132089298
0.9169226157305751
0.8827233734901723
0.8943070048147289
0.9085431961404661
0.9187724192451365
0.8841720684383441
0.895775032746552
0.9100350264099373
0.9202813160852127
0.8846158057009744
0.8962246802087289
0.9104919626622494
0.9207434882527312
0.8313191683244965
0.8450430799998686
0.8621153942766329
0.8745521992905434
0.8329948200457012
0.8467462448381354
0.8638530013123281
0.8763151016246818
0.8343615911291589
0.8481354742918654
0.8652703565110619
0.8777531154662684
0.8347802127549022
0.8485609777327267
0.8657044914328883
0.8781935844241787
0.8198529289142215
0.8333891520995735
0.8502265978532193
0.8624910761028323
0.8236073001717653
0.8372048838975846
0.8541190875890204
0.8664398566924959
0.8276949115392381
0.8413593974457629
0.8583573298435732
0.8707395316699643
0.8302039213703792
0.8439095333889406
0.8609589434992911
0.8733789313886883
0.8687970951890113
0.8801950722184926
0.8942024496553813
0.9042674041814364
0.8727749880123864
0.8842258821886557
0.8982985937485264
0.908410518505378
0.8771064498902824
0.8886150865538331
0.9027589824109139
0.9129220118737056
0.8797654088519794
0.891309542971615
0.9054971377638699
0.9156915138517165
0.848284186694811
0.8594113575370153
0.8730836077777907
0.8829065965174577
0.8544254392454551
0.8656333339207475
0.8794054850503916
0.8893007312703652
0.8615971658465466
0.8728996911625748
0.8867890007286114
0.8967688865631694
0.8664449580504079
0.8778116988906809
0.8917804676596004
0.9018176374567178
0.8196015705542654
0.8303546751893556
0.8435648372789718
0.8530539168910223
0.827849279779631
0.838709521774795
0.8520519032571182
0.8616364452190902
0.837793962788753
0.8487838075674218
0.862286275560888
0.8719864862230434
0.844784472365371
0.8558657522042062
0.8694812469294227
0.8792631786495031
0.773403573928188
0.7861815545066944
0.8020754867659935
0.8136509098068857
0.781191592143089
0.7940970642102304
0.8101490806330099
0.8218394834109772
0.7905822335611472
0.8036411130493401
0.8198835456135295
0.8317126918536977
0.7971831303357643
0.8103496781377276
0.8267259524046991
0.8386528032389695
0.800487641264754
0.8137080548488608
0.8301513687182338
0.8421272242078965
0.8062860163714328
0.8196009356004192
0.8361619997355253
0.8482240043028065
0.8130566450746849
0.8264819462135832
0.8431807612358332
0.855343642762687
0.8176327850350429
0.8311327528860727
0.8479248669390319
0.8601561159325999
0.744947808942958
0.760136566220793
0.7792024280234823
0.7932266043293725
0.7503465902772116
0.7656451281112406
0.7848482802164665
0.798973043694355
0.756651208336345
0.7720777887377392
0.7914410265194427
0.805683087474534
0.7609127171213721
0.7764257411045633
0.7958970399050358
0.8102182972420869
0.7197363300068841
0.7344110921697928
0.7528335518043126
0.7663860870889057
0.7269849340218613
0.7418076480630101
0.760415440194862
0.7741038969745393
0.7357261344429816
0.7507271055415341
0.76955804499206
0.783410073839507
0.7418712362705987
0.756997381135339
0.7759849270861411
0.7899517193720019
0.6591414009612148
0.6755661118442587
0.6963311326070186
0.7117232407095232
0.6657784360508512
0.6823690716685352
0.7033435917804575
0.7188909774933712
0.673782328570908
0.6905728989226954
0.7118000458405725
0.7275346918221809
0.6794091949515332
0.6963402671808258
0.7177450314325372
0.7336113057638112
0.6822263342337228
0.6992277494319613
0.7207214498962217
0.7366536114151196
0.6871699380425524
0.7042947990857247
0.7259445595246825
0.7419923004667526
0.6929431536054941
0.7102121925324806
0.7320441821801262
0.7482268135334824
0.6968455833080797
0.7142120933707468
0.7361672351246994
0.7524409822134727
0.6987389967215676
0.7161528002471378
0.7381676792510913
0.7544856150318812
0.7019410275924409
0.7194348086512745
0.7415506846332641
0.757943322538506
0.7054275213005513
0.7230083866262982
0.7452341932273941
0.7617081236965654
0.7075676855119881
0.72520200510516
0.7474952691311733
0.7640190789122893
0.7629803049559257
0.7785352355301419
0.7980589191257675
0.8124185809805723
0.7664768117449084
0.7821025590957664
0.8017147730525712
0.8161393591649729
0.7702838224428794
0.7859865976011112
0.8056951333104304
0.8201903788499785
0.7726206659739456
0.7883706782225414
0.8081383082926786
0.8226769130165233
0.7736593997964996
0.7894303971795784
0.8092242896160819
0.8237821658736464
0.7752201091780528
0.7910226237033422
0.8108559710820357
0.8254427950386879
0.7764931426592407
0.792321352128505
0.8121868780917604
0.8267972985493065
0.776883065255634
0.7927191440519832
0.8125945206989006
0.8272121569269566
0.7085190126644367
0.7261770896575088
0.7485003340846574
0.7650463115327029
0.7099484145328426
0.7276421806122666
0.7500104666871487
0.7665897504265209
0.7111143661057606
0.7288372344948409
0.7512422545084708
0.7678487104677815
0.7114714976160694
0.7292032685368972
0.7516195407416975
0.7682343282905711
