FiniteElementSpace
FiniteElementCollection: L2_2D_P4
VDim: 1
Ordering: 0

0.81188264
0.81690238
0.82233094
0.82546188
0.82627495
0.79138101
0.79627396
0.80156539
0.80461723
0.80540975
0.75950627
0.76420205
0.76928026
0.77220912
0.77296971
0.72551008
0.72999559
0.73484639
0.73764408
0.7383706
0.70112423
0.70545894
0.71014667
0.7128503
0.7135524
0.90424125
0.90983185
0.91587774
0.91936471
0.92027023
0.88978029
0.89528152
0.90123075
0.90466195
0.90555299
0.86651715
0.87187465
0.87766844
0.88101
0.88187776
0.84083262
0.84603138
0.85165352
0.85489609
0.85573815
0.82193849
0.82702043
0.83251625
0.83568597
0.83650911
0.853462
0.86533423
0.88068097
0.89356694
0.90093383
0.83981273
0.85149514
0.86659657
0.8792766
0.88652573
0.81785561
0.82923258
0.84393926
0.85628792
0.86334764
0.79361349
0.80465316
0.81892387
0.83090651
0.83775702
0.77578072
0.78657221
0.80052214
0.81223546
0.81893201
0.7662898
0.7769492
0.79072838
0.80229835
0.80891295
0.74693999
0.75733011
0.77076118
0.78203885
0.78848634
0.71685585
0.72682738
0.7397173
0.75054056
0.75672825
0.68476922
0.6942943
0.70660712
0.71694579
0.72285644
0.66175305
0.67095793
0.6828568
0.69284788
0.6985598
0.69125058
0.70713967
0.72873936
0.74830314
0.76046471
0.67379606
0.68928384
0.710338
0.72940766
0.74126204
0.64665851
0.66152241
0.68172842
0.70002984
0.71140665
0.61771414
0.63191282
0.65121438
0.6686965
0.67956398
0.59695154
0.61067312
0.62932606
0.6462206
0.65672279
0.58964857
0.61015725
0.63874759
0.66555314
0.68279408
0.5747593
0.5947502
0.62261886
0.64874763
0.66555315
0.55161008
0.57079573
0.59754216
0.62261886
0.6387476
0.52692007
0.54524665
0.57079574
0.5947502
0.61015724
0.50920965
0.52692008
0.55161009
0.57475931
0.58964856
0.65672276
0.67956399
0.71140669
0.74126202
0.76046467
0.64622058
0.66869649
0.70002987
0.72940766
0.74830311
0.62932606
0.65121436
0.68172842
0.71033802
0.72873936
0.61067314
0.63191282
0.6615224
0.68928385
0.70713968
0.59695155
0.61771415
0.6466585
0.67379606
0.69125058
0.76988341
0.7875806
0.81163838
0.83342855
0.84697406
0.75757115
0.77498515
0.79865803
0.82009966
0.83342854
0.73776501
0.75472352
0.77777717
0.79865802
0.81163836
0.71589777
0.73235349
0.75472353
0.77498516
0.78758058
0.69981185
0.71589776
0.73776503
0.75757118
0.76988344
0.81893204
0.83775701
0.8633476
0.8865257
0.90093381
0.8122355
0.83090652
0.85628789
0.87927658
0.89356693
0.80052218
0.8189239
0.84393925
0.86659656
0.88068096
0.78657223
0.80465319
0.82923259
0.85149513
0.86533423
0.7757807
0.79361352
0.81785563
0.83981272
0.85346199
0.69855981
0.7228564
0.7567282
0.78848637
0.808913
0.69284788
0.71694577
0.7505405
0.78203886
0.8022984
0.68285679
0.70660713
0.73971727
0.77076115
0.79072841
0.67095791
0.69429433
0.72682738
0.75733006
0.77694918
0.66175302
0.68476924
0.71685589
0.74693995
0.76628976
0.7135524
0.7383706
0.77296972
0.80540984
0.82627498
0.7128503
0.73764407
0.77220913
0.80461731
0.82546191
0.71014666
0.73484636
0.76928025
0.80156546
0.82233099
0.70545894
0.72999554
0.76420202
0.79627401
0.81690243
0.70112423
0.72551003
0.75950623
0.79138105
0.81188269
0.8365091
0.85573806
0.88187766
0.90555297
0.92027024
0.83568596
0.85489602
0.8810099
0.90466193
0.91936472
0.83251625
0.85165347
0.87766836
0.90123072
0.91587775
0.82702044
0.84603135
0.8718746
0.89528149
0.90983184
0.82193851
0.8408326
0.86651711
0.88978025
0.90424123
0.92731941
0.94021868
0.95689312
0.97089403
0.97889827
0.92640695
0.93929352
0.95595157
0.96993871
0.97793509
0.92289327
0.93573097
0.95232584
0.96625995
0.97422604
0.91680106
0.92955402
0.94603935
0.95988149
0.96779504
0.91116762
0.92384223
0.94022626
0.95398335
0.96184829
0.90783487
0.92046312
0.93678723
0.95049399
0.95833017
0.90041157
0.91293656
0.92912721
0.94272189
0.95049399
0.88742695
0.89977137
0.91572856
0.92912721
0.93678723
0.87196274
0.88409217
0.89977138
0.91293657
0.92046312
0.85999962
0.87196275
0.88742696
0.90041158
0.90783488
0.96184829
0.96779505
0.97422606
0.97793513
0.97889832
0.95398334
0.95988149
0.96625996
0.96993874
0.97089407
0.94022626
0.94603934
0.95232583
0.95595157
0.95689312
0.92384223
0.92955402
0.93573096
0.93929351
0.94021865
0.91116763
0.91680106
0.92289327
0.92640695
0.92731941
0.98249182
0.98856616
0.99513538
0.99892422
0.99990812
0.9815251
0.98759345
0.99415616
0.99794128
0.99892423
0.97780245
0.98384775
0.99038545
0.99415617
0.9951354
0.97134788
0.9773533
0.98384776
0.98759347
0.98856618
0.96537933
0.97134789
0.97780247
0.98152513
0.98249185
