FiniteElementSpace
FiniteElementCollection: L2_2D_P3
VDim: 1
Ordering: 0

214995.503761123
-629566.9707780459
-1669000.693531418
-2231924.746706538
-15823824.96768952
-14491690.8165343
-11927285.16201042
-9998879.760127986
37247631.8433503
54665146.24919035
75126256.17445651
88722617.03831708
113551081.6004843
137368250.0816451
160099969.5459399
168748781.1903881
-2505967.086302686
-2831585.170124826
-3210187.175212534
-3344710.280072841
-8970281.255800392
-7449988.76526133
-5859019.481027581
-5304443.657968344
94741507.49387814
104183857.5509343
111432869.0614031
113562743.4927444
171396724.798626
171574421.8721859
170673550.3838896
170115497.0263994
165581118.7270521
152453994.9968862
139404626.3789933
134505067.6132597
-41542630.00094927
-103457589.2142076
-160832111.3800236
-179936645.3850224
-491393215.0201626
-560866652.3272717
-599741801.0030329
-606523325.0542462
-614056120.300149
-531773987.7766882
-413643427.8887732
-366268550.6243954
153418590.22902
172263649.4841514
178829365.3935558
171094268.2769417
171058436.7549687
140151946.6562757
65326040.50087329
-3983883.47717041
37652026.40687007
-105264828.551976
-305789693.6133998
-438074082.2358283
-170458503.8690442
-382235937.6643885
-584336060.3087938
-629465586.0863351
