FiniteElementSpace
FiniteElementCollection: L2_2D_P1
VDim: 1
Ordering: 0

-3.276972063671911e+73
-3.751740881144649e+73
-3.297214529279464e+73
-3.774557395090534e+73
-3.189039171503121e+73
-3.651257531338049e+73
-3.24794054304135e+73
-3.718726048597988e+73
-2.457950290932658e+73
-2.863079893518808e+73
-2.500181885127897e+73
-2.911869508564565e+73
-2.520927508895376e+73
-2.93561142779408e+73
-2.53538373699035e+73
-2.952080087081703e+73
-1.867537780371732e+73
-2.223512590447643e+73
-1.877532447138721e+73
-2.235051878953686e+73
-1.311607670468183e+73
-1.612666717620677e+73
-1.318226632310599e+73
-1.620472217212994e+73
-1.282614843689755e+73
-1.578273427083094e+73
-1.302101153844879e+73
-1.601474624028346e+73
-1.823872154355265e+73
-2.172671659833687e+73
-1.853187631310935e+73
-2.206921096555487e+73
-1.7491220142224e+73
-2.084025006021323e+73
-1.795968059315972e+73
-2.139761774658732e+73
-1.23272446129784e+73
-1.518119759397174e+73
-1.264051389572023e+73
-1.556024543444351e+73
-1.164214882402955e+73
-1.433959719708994e+73
-1.205923339599192e+73
-1.48531061080829e+73
-1.64710338092485e+73
-1.960836069704877e+73
-1.70907259520068e+73
-2.035800590492699e+73
-2.205341871261645e+73
-2.563571309135191e+73
-2.293464386331584e+73
-2.668914721538899e+73
-2.35072969472586e+73
-2.737134903925421e+73
-2.417794016555409e+73
-2.816143185218909e+73
-3.040103289472143e+73
-3.477583061761526e+73
-3.133088202190784e+73
-3.586278660913977e+73
-2.839425173713401e+73
-3.240403999348073e+73
-2.960816739016635e+73
-3.384023158503821e+73
-2.597426243818237e+73
-2.953874505732816e+73
-2.741194479069791e+73
-3.124061626555702e+73
-2.028588147321177e+73
-2.3512993360779e+73
-2.133801332357899e+73
-2.477639592215485e+73
-1.827721959718937e+73
-2.110789737687315e+73
-1.945892218691063e+73
-2.25216166797621e+73
-2.325408663130902e+73
-2.633666307498885e+73
-2.485103312963354e+73
-2.821508108662413e+73
-2.03502740184728e+73
-2.294719774561229e+73
-2.204029079185124e+73
-2.491800880981722e+73
-1.737270627353457e+73
-1.950333512923009e+73
-1.90941563256874e+73
-2.149240130354034e+73
-1.384259087888245e+73
-1.58596020165375e+73
-1.515300023136335e+73
-1.740244324227017e+73
-1.610397206638715e+73
-1.852469310810158e+73
-1.737167495224103e+73
-2.003000736434e+73
-1.222022025361339e+73
-1.442673401425753e+73
-1.31369299222472e+73
-1.553997252812474e+73
-1.056663160641178e+73
-1.243166566856954e+73
-1.152680395314984e+73
-1.358905583793986e+73
-7.596973700198578e+72
-9.281784216409678e+72
-8.264816411498538e+72
-1.011362964576162e+73
-8.74527477234922e+72
-1.071315069282088e+73
-9.375827497151503e+72
-1.150301764134183e+73
-9.822453629371569e+72
-1.206335177236116e+73
-1.039827001440148e+73
-1.278576276615168e+73
-1.378863114192871e+73
-1.633319841323538e+73
-1.463325199349972e+73
-1.73643936592853e+73
-1.522161593051806e+73
-1.808381849332061e+73
-1.596680793274341e+73
-1.899338690874233e+73
-1.079778736457509e+73
-1.328714487624393e+73
-1.130240580123364e+73
-1.391666452006156e+73
-7.015592483084218e+72
-9.130541456613732e+72
-7.334226207694546e+72
-9.541648557146138e+72
-3.879816412875789e+72
-5.614143434964695e+72
-4.05722208573072e+72
-5.857777067624956e+72
-3.535789331923025e+72
-5.132977260108822e+72
-3.739522146177129e+72
-5.418347447540354e+72
-6.397955001270838e+72
-8.324277430698291e+72
-6.763171832269657e+72
-8.801265845259725e+72
-5.711861222107629e+72
-7.423505888775219e+72
-6.113880129515825e+72
-7.95130923259854e+72
-4.974733234964711e+72
-6.456924596093779e+72
-5.403808807343363e+72
-7.019383002020809e+72
-2.742237986676209e+72
-3.997499800054697e+72
-2.981063583265101e+72
-4.341832087158487e+72
-3.153336826950521e+72
-4.588733655218252e+72
-3.377352252226843e+72
-4.908150162005324e+72
-1.129601347161518e+72
-2.252856016392646e+72
-1.224534186552391e+72
-2.410353411927651e+72
-9.57286841260837e+71
-1.956506485340068e+72
-1.057176920564541e+72
-2.128983710868776e+72
1.481587740297218e+71
-4.354982665712488e+71
1.362200895048661e+71
-4.791643056927139e+71
1.283932794318128e+71
-5.114531614400111e+71
1.181084116656001e+71
-5.522961634040333e+71
1.111810172804017e+71
-5.809449741710634e+71
1.025606889820126e+71
-6.178701854486299e+71
-1.291043535106991e+72
-2.520988286201972e+72
-1.377337725536564e+72
-2.660247217818603e+72
-1.435884736921496e+72
-2.755204765472537e+72
-1.510439954524346e+72
-2.873441406223435e+72
9.663032246666015e+70
-6.424515051377047e+71
8.964460844237571e+70
-6.743473841388042e+71
8.479279309227691e+70
-6.944743274174423e+71
7.940334658080159e+70
-7.203496635807787e+71
7.56989560320342e+70
-7.357086582658046e+71
7.18727584075233e+70
-7.547656179240766e+71
-1.657544771759235e+72
-3.104730986296265e+72
-1.701901007685554e+72
-3.173992981614455e+72
-1.559321921186421e+72
-2.950990414376137e+72
-1.619688842687971e+72
-3.045763893773364e+72
-4.175233153998127e+72
-6.019109245393581e+72
-4.320355256832339e+72
-6.214848610690656e+72
-7.547561213593535e+72
-9.815987945021639e+72
-7.809506024147676e+72
-1.014844921579865e+73
-7.97679313357414e+72
-1.035936747352782e+73
-8.172304245571984e+72
-1.060340827457839e+73
-4.412400499039203e+72
-6.338029557234781e+72
-4.520045306963982e+72
-6.4811672613273e+72
-4.583151018949264e+72
-6.564069925984671e+72
-4.649368115333201e+72
-6.651276356025206e+72
-8.28755562644459e+72
-1.074578121545812e+73
-8.40847731346333e+72
-1.089473020492854e+73
-8.467276313197594e+72
-1.096625514918914e+73
-8.508211205791514e+72
-1.101631263973785e+73
-4.681454812013241e+72
-6.692901111269086e+72
-4.703801636213123e+72
-6.72218992911856e+72
-1.767880035876448e+72
-3.275753943474092e+72
-1.776991617995616e+72
-3.289929522932008e+72
-1.72770826350881e+72
-3.213639968987822e+72
-1.75480512558316e+72
-3.255840426397352e+72
6.937081366390658e+70
-7.651271484533466e+71
6.708428032598388e+70
-7.767908934454125e+71
6.582336016162907e+70
-7.820074472331913e+71
6.506268838581656e+70
-7.859335342105069e+71
