FiniteElementSpace
FiniteElementCollection: L2_2D_P3
VDim: 1
Ordering: 0

2.300060195377221e+122
1.271384680070974e+122
-1.203767875255202e+121
-3.362885265927934e+120
2.302444803050878e+122
1.398096398524638e+122
-9.997520607902139e+120
-3.799848806072831e+120
2.290355548284759e+122
1.495374586685892e+122
-7.862517662833266e+120
-4.307914176397198e+120
2.282866745196959e+122
1.523956459591577e+122
-7.118304039434511e+120
-4.488437602462883e+120
1.523799962707871e+122
4.998449955871988e+121
-2.123479910676363e+121
2.885134261696094e+119
1.843414712045141e+122
7.335795180303342e+121
-1.944714025387033e+121
-8.448481005005589e+119
2.148463266550849e+122
1.008157603387832e+122
-1.600583332758801e+121
-2.239717309360801e+120
2.264526087617028e+122
1.190614114673565e+122
-1.341800762304861e+121
-2.995133851766919e+120
-2.287469738718149e+122
5.052717700091429e+121
2.295520535010938e+122
2.058802424815182e+122
-5.129419298700892e+122
-1.412602508697832e+122
1.880770557056445e+122
2.311693900671604e+122
-7.841504077263546e+122
-4.103548101050394e+122
8.766435010676326e+121
2.399802595880149e+122
-8.447120236075537e+122
-5.878739882819697e+122
-5.346177238240022e+120
2.296001376396923e+122
-8.240332743734563e+122
-6.59425656107207e+122
-5.574817770123742e+121
2.222017606390884e+122
-7.136146778139658e+122
-7.526556103366349e+122
-1.388350240873463e+122
2.0458580276129e+122
-5.5508924544125e+122
-8.048241580950521e+122
-2.15828826072061e+122
1.870741884428493e+122
-4.915144777496057e+122
-8.139246316233558e+122
-2.414661761125552e+122
1.804992202632957e+122
