FiniteElementSpace
FiniteElementCollection: L2_2D_P3
VDim: 1
Ordering: 0

44.807809
46.671708
49.220388
51.267458
44.807809
46.671708
49.220388
51.267458
44.807809
46.671708
49.220388
51.267458
44.807809
46.671708
49.220388
51.267458
44.807809
46.671708
49.220388
51.267458
44.807809
46.671708
49.220388
51.267458
44.807809
46.671708
49.220388
51.267458
44.807809
46.671708
49.220388
51.267458
52.392848
54.571629
57.550911
59.94386
52.392848
54.571629
57.550911
59.94386
52.392848
54.571629
57.550911
59.94386
52.392848
54.571629
57.550911
59.94386
52.392848
54.571629
57.550911
59.94386
52.392848
54.571629
57.550911
59.94386
52.392848
54.571629
57.550911
59.94386
52.392848
54.571629
57.550911
59.94386
61.259408
63.806354
67.289097
70.086446
61.259408
63.806354
67.289097
70.086446
61.259408
63.806354
67.289097
70.086446
61.259408
63.806354
67.289097
70.086446
71.624324
74.601719
78.67309
81.943243
71.624324
74.601719
78.67309
81.943243
71.624324
74.601719
78.67309
81.943243
71.624324
74.601719
78.67309
81.943243
71.624324
74.601719
78.67309
81.943243
71.624324
74.601719
78.67309
81.943243
71.624324
74.601719
78.67309
81.943243
71.624324
74.601719
78.67309
81.943243
61.259408
63.806354
67.289097
70.086446
61.259408
63.806354
67.289097
70.086446
61.259408
63.806354
67.289097
70.086446
61.259408
63.806354
67.289097
70.086446
61.259408
63.806354
67.289097
70.086446
61.259408
63.806354
67.289097
70.086446
61.259408
63.806354
67.289097
70.086446
61.259408
63.806354
67.289097
70.086446
71.624324
74.601719
78.67309
81.943243
71.624324
74.601719
78.67309
81.943243
71.624324
74.601719
78.67309
81.943243
71.624324
74.601719
78.67309
81.943243
71.624324
74.601719
78.67309
81.943243
71.624324
74.601719
78.67309
81.943243
71.624324
74.601719
78.67309
81.943243
71.624324
74.601719
78.67309
81.943243
61.259408
63.806354
67.289097
70.086446
61.259408
63.806354
67.289097
70.086446
61.259408
63.806354
67.289097
70.086446
61.259408
63.806354
67.289097
70.086446
52.392848
54.571629
57.550911
59.94386
52.392848
54.571629
57.550911
59.94386
52.392848
54.571629
57.550911
59.94386
52.392848
54.571629
57.550911
59.94386
52.392848
54.571629
57.550911
59.94386
52.392848
54.571629
57.550911
59.94386
52.392848
54.571629
57.550911
59.94386
52.392848
54.571629
57.550911
59.94386
44.807809
46.671708
49.220388
51.267458
44.807809
46.671708
49.220388
51.267458
44.807809
46.671708
49.220388
51.267458
44.807809
46.671708
49.220388
51.267458
44.807809
46.671708
49.220388
51.267458
44.807809
46.671708
49.220388
51.267458
44.807809
46.671708
49.220388
51.267458
44.807809
46.671708
49.220388
51.267458
44.807809
46.671708
49.220388
51.267458
44.807809
46.671708
49.220388
51.267458
44.807809
46.671708
49.220388
51.267458
44.807809
46.671708
49.220388
51.267458
52.392848
54.571629
57.550911
59.94386
52.392848
54.571629
57.550911
59.94386
52.392848
54.571629
57.550911
59.94386
52.392848
54.571629
57.550911
59.94386
52.392848
54.571629
57.550911
59.94386
52.392848
54.571629
57.550911
59.94386
52.392848
54.571629
57.550911
59.94386
52.392848
54.571629
57.550911
59.94386
44.807809
46.671708
49.220388
51.267458
44.807809
46.671708
49.220388
51.267458
44.807809
46.671708
49.220388
51.267458
44.807809
46.671708
49.220388
51.267458
44.807809
46.671708
49.220388
51.267458
44.807809
46.671708
49.220388
51.267458
44.807809
46.671708
49.220388
51.267458
44.807809
46.671708
49.220388
51.267458
44.807809
46.671708
49.220388
51.267458
44.807809
46.671708
49.220388
51.267458
44.807809
46.671708
49.220388
51.267458
44.807809
46.671708
49.220388
51.267458
52.392848
54.571629
57.550911
59.94386
52.392848
54.571629
57.550911
59.94386
52.392848
54.571629
57.550911
59.94386
52.392848
54.571629
57.550911
59.94386
52.392848
54.571629
57.550911
59.94386
52.392848
54.571629
57.550911
59.94386
52.392848
54.571629
57.550911
59.94386
52.392848
54.571629
57.550911
59.94386
61.259408
63.806354
67.289097
70.086446
61.259408
63.806354
67.289097
70.086446
61.259408
63.806354
67.289097
70.086446
61.259408
63.806354
67.289097
70.086446
61.259408
63.806354
67.289097
70.086446
61.259408
63.806354
67.289097
70.086446
61.259408
63.806354
67.289097
70.086446
61.259408
63.806354
67.289097
70.086446
71.624324
74.601719
78.67309
81.943243
71.624324
74.601719
78.67309
81.943243
71.624324
74.601719
78.67309
81.943243
71.624324
74.601719
78.67309
81.943243
71.624324
74.601719
78.67309
81.943243
71.624324
74.601719
78.67309
81.943243
71.624324
74.601719
78.67309
81.943243
71.624324
74.601719
78.67309
81.943243
71.624324
74.601719
78.67309
81.943243
71.624324
74.601719
78.67309
81.943243
71.624324
74.601719
78.67309
81.943243
71.624324
74.601719
78.67309
81.943243
61.259408
63.806354
67.289097
70.086446
61.259408
63.806354
67.289097
70.086446
61.259408
63.806354
67.289097
70.086446
61.259408
63.806354
67.289097
70.086446
61.259408
63.806354
67.289097
70.086446
61.259408
63.806354
67.289097
70.086446
61.259408
63.806354
67.289097
70.086446
61.259408
63.806354
67.289097
70.086446
71.624324
74.601719
78.67309
81.943243
71.624324
74.601719
78.67309
81.943243
71.624324
74.601719
78.67309
81.943243
71.624324
74.601719
78.67309
81.943243
83.741056
87.221707
91.981261
95.804178
83.741056
87.221707
91.981261
95.804178
83.741056
87.221707
91.981261
95.804178
83.741056
87.221707
91.981261
95.804178
97.905886
101.9749
107.53901
112.00816
97.905886
101.9749
107.53901
112.00816
97.905886
101.9749
107.53901
112.00816
97.905886
101.9749
107.53901
112.00816
97.905886
101.9749
107.53901
112.00816
97.905886
101.9749
107.53901
112.00816
97.905886
101.9749
107.53901
112.00816
97.905886
101.9749
107.53901
112.00816
83.741056
87.221707
91.981261
95.804178
83.741056
87.221707
91.981261
95.804178
83.741056
87.221707
91.981261
95.804178
83.741056
87.221707
91.981261
95.804178
83.741056
87.221707
91.981261
95.804178
83.741056
87.221707
91.981261
95.804178
83.741056
87.221707
91.981261
95.804178
83.741056
87.221707
91.981261
95.804178
83.741056
87.221707
91.981261
95.804178
83.741056
87.221707
91.981261
95.804178
83.741056
87.221707
91.981261
95.804178
83.741056
87.221707
91.981261
95.804178
97.905886
101.9749
107.53901
112.00816
97.905886
101.9749
107.53901
112.00816
97.905886
101.9749
107.53901
112.00816
97.905886
101.9749
107.53901
112.00816
97.905886
101.9749
107.53901
112.00816
97.905886
101.9749
107.53901
112.00816
97.905886
101.9749
107.53901
112.00816
97.905886
101.9749
107.53901
112.00816
114.46514
119.222
125.72669
130.95134
114.46514
119.222
125.72669
130.95134
114.46514
119.222
125.72669
130.95134
114.46514
119.222
125.72669
130.95134
114.46514
119.222
125.72669
130.95134
114.46514
119.222
125.72669
130.95134
114.46514
119.222
125.72669
130.95134
114.46514
119.222
125.72669
130.95134
133.82367
139.38466
146.98895
153.0968
133.82367
139.38466
146.98895
153.0968
133.82367
139.38466
146.98895
153.0968
133.82367
139.38466
146.98895
153.0968
133.82367
139.38466
146.98895
153.0968
133.82367
139.38466
146.98895
153.0968
133.82367
139.38466
146.98895
153.0968
133.82367
139.38466
146.98895
153.0968
133.82367
139.38466
146.98895
153.0968
133.82367
139.38466
146.98895
153.0968
133.82367
139.38466
146.98895
153.0968
133.82367
139.38466
146.98895
153.0968
114.46514
119.222
125.72669
130.95134
114.46514
119.222
125.72669
130.95134
114.46514
119.222
125.72669
130.95134
114.46514
119.222
125.72669
130.95134
114.46514
119.222
125.72669
130.95134
114.46514
119.222
125.72669
130.95134
114.46514
119.222
125.72669
130.95134
114.46514
119.222
125.72669
130.95134
133.82367
139.38466
146.98895
153.0968
133.82367
139.38466
146.98895
153.0968
133.82367
139.38466
146.98895
153.0968
133.82367
139.38466
146.98895
153.0968
133.82367
139.38466
146.98895
153.0968
133.82367
139.38466
146.98895
153.0968
133.82367
139.38466
146.98895
153.0968
133.82367
139.38466
146.98895
153.0968
133.82367
139.38466
146.98895
153.0968
133.82367
139.38466
146.98895
153.0968
133.82367
139.38466
146.98895
153.0968
133.82367
139.38466
146.98895
153.0968
114.46514
119.222
125.72669
130.95134
114.46514
119.222
125.72669
130.95134
114.46514
119.222
125.72669
130.95134
114.46514
119.222
125.72669
130.95134
114.46514
119.222
125.72669
130.95134
114.46514
119.222
125.72669
130.95134
114.46514
119.222
125.72669
130.95134
114.46514
119.222
125.72669
130.95134
97.905886
101.9749
107.53901
112.00816
97.905886
101.9749
107.53901
112.00816
97.905886
101.9749
107.53901
112.00816
97.905886
101.9749
107.53901
112.00816
83.741056
87.221707
91.981261
95.804178
83.741056
87.221707
91.981261
95.804178
83.741056
87.221707
91.981261
95.804178
83.741056
87.221707
91.981261
95.804178
83.741056
87.221707
91.981261
95.804178
83.741056
87.221707
91.981261
95.804178
83.741056
87.221707
91.981261
95.804178
83.741056
87.221707
91.981261
95.804178
97.905886
101.9749
107.53901
112.00816
97.905886
101.9749
107.53901
112.00816
97.905886
101.9749
107.53901
112.00816
97.905886
101.9749
107.53901
112.00816
97.905886
101.9749
107.53901
112.00816
97.905886
101.9749
107.53901
112.00816
97.905886
101.9749
107.53901
112.00816
97.905886
101.9749
107.53901
112.00816
83.741056
87.221707
91.981261
95.804178
83.741056
87.221707
91.981261
95.804178
83.741056
87.221707
91.981261
95.804178
83.741056
87.221707
91.981261
95.804178
83.741056
87.221707
91.981261
95.804178
83.741056
87.221707
91.981261
95.804178
83.741056
87.221707
91.981261
95.804178
83.741056
87.221707
91.981261
95.804178
97.905886
101.9749
107.53901
112.00816
97.905886
101.9749
107.53901
112.00816
97.905886
101.9749
107.53901
112.00816
97.905886
101.9749
107.53901
112.00816
114.46514
119.222
125.72669
130.95134
114.46514
119.222
125.72669
130.95134
114.46514
119.222
125.72669
130.95134
114.46514
119.222
125.72669
130.95134
114.46514
119.222
125.72669
130.95134
114.46514
119.222
125.72669
130.95134
114.46514
119.222
125.72669
130.95134
114.46514
119.222
125.72669
130.95134
133.82367
139.38466
146.98895
153.0968
133.82367
139.38466
146.98895
153.0968
133.82367
139.38466
146.98895
153.0968
133.82367
139.38466
146.98895
153.0968
133.82367
139.38466
146.98895
153.0968
133.82367
139.38466
146.98895
153.0968
133.82367
139.38466
146.98895
153.0968
133.82367
139.38466
146.98895
153.0968
