FiniteElementSpace
FiniteElementCollection: L2_2D_P5
VDim: 1
Ordering: 0

2934.768754105369
-1525.738662707694
-8161.060827642958
-15115.05593709648
-20764.6897195067
-24136.13611569466
-1525.738662688295
-21656.9380573637
-45413.92899667025
-62298.43447074354
-69739.75491626593
-71382.31137976165
-8161.060827615262
-45413.92899667282
-70385.50261124827
-62293.53535628829
-33745.68704850104
-8880.398777281702
-15115.05593706755
-62298.43447075728
-62293.53535630014
1547.469123711297
80375.08860391857
130986.3373214839
-20764.6897194779
-69739.75491628822
-33745.6870485187
80375.08860391658
182747.4648818507
231705.8844643728
-24136.13611566558
-71382.31137978815
-8880.398777301525
130986.3373214868
231705.8844643808
264850.5986684866
-25739.83623345792
-71404.91679693981
4695.49366376292
154551.8439635646
249172.8322812433
270452.2211895027
-28811.27847011342
-70044.0770285943
33368.72808329094
196683.452593099
268759.6166105053
259408.230083449
-33203.42626101998
-64776.88836466656
79083.89211906459
244598.4935050774
257679.5499877859
188275.3814627285
-37603.33287018858
-55372.7039072978
127971.0972147128
269309.476178614
191395.0926823037
49278.59272247884
-41022.28832546745
-45030.9166345386
166002.4992119861
266049.7545334938
98310.16148974963
-100188.5461180848
-42990.88624297879
-37800.7751668308
187115.6748477978
253232.0241691285
28473.67368176255
-198100.1231088254
268219.8887833426
238539.2566608878
134566.9789847926
-38765.16962130433
-209185.4804310566
-313894.3235243352
238539.2566608967
167063.9853522907
-2821.143616986455
-231348.5132908466
-419620.6801159073
-518038.2294257164
134566.9789848019
-2821.14361696989
-252025.7153149822
-503146.9078759951
-640265.4985378442
-673778.375981268
-38765.16962124976
-231348.5132907248
-503146.9078758875
-666396.4629677421
-638278.3687341292
-537738.3723651231
-209185.4804308718
-419620.6801156247
-640265.4985376714
-638278.3687341472
-407235.1422204742
-171608.2015494486
-313894.323524019
-518038.2294253383
-673778.3759811363
-537738.3723652365
-171608.201549517
139941.7532351784
-25739.8362334879
-28811.27847014378
-33203.42626104985
-37603.33287021761
-41022.28832549351
-42990.8862430025
-71404.91679691256
-70044.0770285637
-64776.88836462818
-55372.70390725174
-45030.91663448881
-37800.77516678152
4695.493663782811
33368.7280833059
79083.89211906276
127971.0972146851
166002.4992119287
187115.6748477191
154551.8439635548
196683.4525930698
244598.4935050178
269309.4761785313
266049.7545334024
253232.0241690428
249172.8322812252
268759.6166104696
257679.5499877377
191395.0926822584
98310.16148970049
28473.67368169304
270452.221189493
259408.2300834275
188275.3814627079
49278.59272244848
-100188.5461181849
-198100.1231090198
-43907.60082939494
-45625.57975947529
-47988.58502109464
-50227.9064041841
-51858.98529313814
-52743.02645378812
-34102.18230708702
-26584.06583455604
-14944.25583831282
-2453.390374201062
7586.245532341201
13373.00838897389
196600.4883956493
213561.9948052157
234591.9334140967
251174.2746323129
260574.5592653994
264533.7904650737
244216.3755082877
221719.1638159148
178066.3516800051
122215.31345652
72306.91816848677
41979.45272230083
-7837.574552436858
-81769.37713879674
-193822.9694951136
-307002.6469532524
-390267.2721588182
-434473.944118102
-245502.5275892369
-335453.8880804257
-455924.850177257
-557361.0377569606
-616672.5908793267
-641590.9479366137
-53137.72690892765
-53842.20032823185
-54713.43166936992
-55380.41816826203
-55701.12002688969
-55776.62520645096
16037.22548277698
20918.10565751835
27182.39571094827
32154.84285433792
34604.24872200598
35187.3223185688
266013.7444323409
268180.2560019922
269956.466829883
270585.2007832905
270647.0910936138
270638.6088008188
27693.91256098479
1072.337239724528
-33826.21599360875
-62003.71809434698
-76014.24879404737
-79362.61833833886
-453812.268703944
-487461.0803650471
-527117.1321066783
-555605.2456657183
-568621.14319181
-571621.6566912677
-650767.0669141085
-663784.7361929045
-673329.3767340619
-675193.6800015547
-674282.4331088356
-673899.3647293503
-675230.781915035
-671185.3725981846
-657427.0023719441
-639749.869433701
-628847.0242245037
-626034.2795707827
-552531.5706297018
-504915.9588884012
-433839.0571266159
-369920.6862502665
-336131.4446429804
-327877.5389274133
50015.82097713785
165483.8092113191
318229.1716268453
441605.5448203508
502653.939704668
517202.6828195392
981863.6649433157
1112714.684991481
1263218.769946478
1365736.540817852
1409891.754234488
1419765.215945231
1529653.222940251
1568249.573392972
1567961.755456763
1524340.032188328
1487816.602586863
1477691.608126221
1539947.345786218
1459155.083053865
1283886.923541351
1085873.951219254
969261.529353476
939762.7782406849
-362595.4856506271
-450995.1688628689
-559155.0993439065
-635873.5771610548
-668093.7788195624
-674927.0596642307
-558673.0708619226
-621816.3020812158
-671329.6245253996
-664376.0338950374
-617685.3559593661
-575502.8556945657
-674591.3268413487
-645889.8565028289
-533169.7520672701
-338065.2016208374
-138876.2290843697
-11253.74055354189
-467599.9216004159
-293923.6400782808
32245.95013317314
421135.9748325438
734528.4706136716
906287.2122943582
-37618.68863528357
250638.2852716139
700759.1850280357
1129859.834282698
1391516.287201439
1495247.093449002
305001.4072480657
637465.5477634609
1097758.264328893
1447468.242161116
1571027.830161717
1564041.016504993
480738.9426515467
822753.2304336227
1262302.570709272
1537542.782884707
1560683.845150983
1479835.6756361
822753.2304335739
1155333.487995215
1498191.492133738
1554002.266295
1317678.568533298
1058562.356628981
1262302.57070913
1498191.492133699
1543491.391535337
1097561.683875641
362029.5070212802
-198179.6933788553
1537542.782884664
1554002.2662951
1097561.683875698
-18598.02410622273
-1266291.539011613
-2046693.533890008
1560683.845151189
1317678.568533503
362029.507021249
-1266291.539011701
-2714145.989022645
-3430480.977976538
1479835.675636444
1058562.356629148
-198179.6933790253
-2046693.533890183
-3430480.977976599
-3933262.052571317
1418085.635843741
1262752.637222644
983192.19977332
696603.5564756729
534060.260277341
493190.2296356254
909334.9781716097
587169.1681110284
87738.24984627211
-370157.1332648658
-612549.1235178096
-671258.4957719832
-483105.0919009001
-1040883.066038676
-1796233.959501576
-2397414.24970558
-2683761.903389529
-2750633.225415397
-2400793.447521321
-3013748.717664481
-3658036.714674448
-3976813.667990554
-4044316.855582729
-4048849.024933985
-3690855.0803862
-4000766.524335777
-3935487.622853061
-3350051.80514231
-2830415.513872855
-2682634.014177408
-4032818.875078809
-3930944.227200878
-3031385.523159293
-1471468.379419483
-379466.3969054662
-81681.67848824456
-4025850.23941863
-3650010.492044052
-2209402.203005794
161380.6761747809
2064142.953335859
2645094.40773862
-3650010.492044031
-2611203.51667378
200770.5785035804
4016575.337951956
6390982.520394679
6964593.226390671
-2209402.203005694
200770.5785035848
5711859.911952897
12477038.91798133
16371596.13122834
17221537.44604079
161380.67617479
4016575.337951812
12477038.91798127
17447082.35498087
9458121.603398142
3492407.532808307
2064142.953335718
6390982.520394327
16371596.13122818
9458121.603398202
-34606946.26911758
-60357145.88381787
2645094.407738437
6964593.226390156
17221537.44604041
3492407.532808473
-60357145.88381734
-104920607.463883
1418085.635844113
909334.9781717218
-483105.0919011363
-2400793.447521533
-3690855.080386294
-4032818.875078853
1262752.637222968
587169.1681109772
-1040883.06603903
-3013748.717664728
-4000766.524335844
-3930944.22720088
983192.1997734305
87738.24984594579
-1796233.959502043
-3658036.714674656
-3935487.622852997
-3031385.523159154
696603.5564755036
-370157.1332654414
-2397414.249706094
-3976813.66799068
-3350051.805142129
-1471468.379419318
534060.2602769693
-612549.1235185675
-2683761.903390072
-4044316.855582813
-2830415.513872642
-379466.3969053561
493190.2296351754
-671258.4957728586
-2750633.225415981
-4048849.024934075
-2682634.014177198
-81681.6784881709
-675230.7819150969
-552531.5706302818
50015.82097690614
981863.6649430384
1529653.222940128
1539947.345786519
-671185.3725984551
-504915.9588889957
165483.8092111282
1112714.684991219
1568249.573392976
1459155.083054254
-657427.0023724404
-433839.0571271645
318229.1716266947
1263218.769946271
1567961.755456957
1283886.923541736
-639749.8694343275
-369920.6862507298
441605.5448202258
1365736.540817708
1524340.032188636
1085873.951219516
-628847.0242251595
-336131.4446433954
502653.939704563
1409891.754234404
1487816.602587209
969261.5293536116
-626034.2795714269
-327877.5389278164
517202.68281945
1419765.215945184
1477691.608126587
939762.778240759
-362595.4856502357
-558673.0708615093
-674591.3268412692
-467599.9216005856
-37618.68863536086
305001.4072480711
-450995.1688623197
-621816.3020807989
-645889.8565029125
-293923.6400784995
250638.2852715598
637465.547763434
-559155.0993432088
-671329.6245251739
-533169.7520675844
32245.9501329976
700759.1850279592
1097758.26432873
-635873.5771604565
-664376.0338951829
-338065.2016212177
421135.9748324035
1129859.834282492
1447468.242160919
-668093.7788192683
-617685.3559598036
-138876.2290846822
734528.4706134665
1391516.287201205
1571027.830161735
-674927.0596641754
-575502.8556951167
-11253.74055379875
906287.2122940939
1495247.093448834
1564041.016505216
-43907.60082937185
-34102.18230713462
196600.4883957364
244216.3755083634
-7837.574552348521
-245502.5275889792
-45625.57975945444
-26584.06583459741
213561.9948053122
221719.1638159718
-81769.37713864078
-335453.8880800112
-47988.58502107874
-14944.25583834085
234591.9334142017
178066.3516800481
-193822.9694947929
-455924.8501765768
-50227.90640417465
-2453.390374211907
251174.2746324204
122215.3134565744
-307002.6469526946
-557361.0377560722
-51858.98529313551
7586.245532347074
260574.5592654996
72306.91816857857
-390267.2721580365
-616672.5908784195
-52743.0264537899
13373.00838899061
264533.7904651645
41979.45272242744
-434473.9441171944
-641590.9479357832
-53137.72690893148
16037.2254827986
266013.7444324273
27693.9125611302
-453812.2687029899
-650767.0669133398
-53842.20032824052
20918.10565754872
268180.2560020685
1072.337239908443
-487461.0803640293
-663784.7361922844
-54713.43166938547
27182.39571098938
269956.4668299443
-33826.21599336975
-527117.1321056016
-673329.3767336623
-55380.41816828233
32154.84285438632
270585.2007833414
-62003.71809406384
-555605.2456645988
-675193.6800013429
-55701.12002691167
34604.24872205692
270647.0910936591
-76014.24879374637
-568621.143190659
-674282.433108723
-55776.62520647336
35187.32231862043
270638.6088008631
-79362.61833803703
-571621.6566901009
-673899.3647292539
-55776.62520647195
35187.32231862066
270638.6088008657
-79362.61833804018
-571621.6566900957
-673899.3647292361
-55701.1200269036
34604.24872205673
270647.0910936614
-76014.24879376018
-568621.1431906417
-674282.4331086434
-55380.41816826283
32154.84285438337
270585.2007833341
-62003.71809409267
-555605.2456645702
-675193.6800011896
-54713.43166935279
27182.39571098243
269956.4668299331
-33826.21599341703
-527117.132105573
-673329.3767334553
-53842.20032819494
20918.10565753778
268180.2560020572
1072.337239845627
-487461.080364024
-663784.7361920612
-53137.72690887687
16037.22548278505
266013.7444324164
27693.91256105954
-453812.2687030035
-650767.0669131244
-626034.2795714039
-327877.5389278055
517202.6828194498
1419765.215945169
1477691.60812657
939762.7782407416
-628847.0242250558
-336131.4446433444
502653.9397045588
1409891.754234338
1487816.602587101
969261.5293535258
-639749.8694341221
-369920.6862506041
441605.5448202085
1365736.540817556
1524340.032188361
1085873.951219308
-657427.0023721335
-433839.057126918
318229.1716266774
1263218.769946012
1567961.75545651
1283886.923541338
-671185.372598075
-504915.9588886232
165483.8092111537
1112714.6849909
1568249.573392415
1459155.08305366
-675230.7819147009
-552531.570629835
50015.8209769867
981863.6649426997
1529653.222939513
1539947.34578583
-674927.0596637843
-575502.8556946432
-11253.7405536834
906287.2122937466
1495247.093448189
1564041.016504502
-668093.7788188895
-617685.3559592929
-138876.2290844881
734528.4706131404
1391516.28720053
1571027.830160982
-635873.577160123
-664376.0338946352
-338065.2016208668
421135.9748321896
1129859.834281859
1447468.242160141
-559155.0993429722
-671329.6245246419
-533169.7520670338
32245.95013303333
700759.1850274883
1097758.264328017
-450995.168862197
-621816.3020803552
-645889.8565022388
-293923.6400781478
250638.2852713746
637465.5477629139
-362595.4856501904
-558673.0708611588
-674591.3268405806
-467599.9216000384
-37618.68863529256
305001.4072477783
-52743.02645373062
13373.00838897605
264533.7904651541
41979.45272235389
-434473.9441172123
-641590.9479355761
-51858.98529306794
7586.2455323318
260574.559265486
72306.91816850136
-390267.2721580606
-616672.5908782296
-50227.90640409507
-2453.390374226494
251174.2746323957
122215.313456493
-307002.6469527391
-557361.0377559226
-47988.58502098397
-14944.2558383509
234591.9334141592
178066.3516799625
-193822.9694948709
-455924.850176502
-45625.57975934479
-26584.0658345981
213561.994805252
221719.1638158813
-81769.3771387399
-335453.888080014
-43907.60082925206
-34102.18230712697
196600.4883956696
244216.3755082647
-7837.574552457042
-245502.5275890263
-42990.88624285375
-37800.77516681893
187115.6748477329
253232.0241690233
28473.67368164798
-198100.12310889
-41022.28832533217
-45030.91663452078
166002.4992119356
266049.7545333832
98310.16148961757
-100188.5461181768
-37603.33287003501
-55372.70390727221
127971.0972146865
269309.476178517
191395.0926821422
49278.59272233363
-33203.42626084144
-64776.88836462612
79083.89211905526
244598.4935050222
257679.5499876253
188275.3814625248
-28811.27846991101
-70044.07702853036
33368.72808329065
196683.4525930862
268759.6166103982
259408.2300832573
-25739.83623323938
-71404.91679685365
4695.49366376682
154551.8439635693
249172.8322811896
270452.221189369
-24136.13611543855
-71382.31137968838
-8880.398777295815
130986.3373214929
231705.8844643528
264850.5986683935
-20764.68971923565
-69739.75491615888
-33745.68704850167
80375.08860391022
182747.4648818394
231705.8844643328
-15115.05593680129
-62298.43447057272
-62293.53535623445
1547.46912370494
80375.08860389306
130986.3373214524
-8161.060827316093
-45413.92899641483
-70385.50261108101
-62293.53535620995
-33745.68704847933
-8880.398777285807
-1525.738662346468
-21656.93805702358
-45413.92899636495
-62298.43447048796
-69739.75491605264
-71382.31137957331
2934.768754492541
-1525.738662287251
-8161.060827202607
-15115.05593665261
-20764.68971906408
-24136.13611525297
270452.2211893626
259408.2300832237
188275.3814624348
49278.59272220061
-100188.546118303
-198100.1231089899
249172.8322811619
268759.6166103436
257679.5499875167
191395.0926819802
98310.16148942741
28473.67368145342
154551.8439635187
196683.4525930151
244598.4935049093
269309.4761783505
266049.7545331715
253232.0241687825
4695.493663769449
33368.72808327989
79083.89211902242
127971.0972146196
166002.4992118305
187115.6748476001
-71404.91679673565
-70044.0770284115
-64776.88836451077
-55372.70390716426
-45030.9166344245
-37800.7751667318
-25739.83623304652
-28811.27846970384
-33203.42626061578
-37603.33286979386
-41022.28832507802
-42990.88624259129
-313894.3235240108
-518038.2294250449
-673778.3759804652
-537738.3723646132
-171608.2015493135
139941.7532350341
-209185.480430922
-419620.6801154545
-640265.4985370737
-638278.368733398
-407235.1422200057
-171608.2015492887
-38765.16962137211
-231348.5132907281
-503146.9078754977
-666396.462966946
-638278.3687333125
-537738.3723644782
134566.978984607
-2821.143617130736
-252025.7153149196
-503146.9078754672
-640265.49853697
-673778.3759803071
238539.2566606826
167063.9853520485
-2821.143617182882
-231348.513290774
-419620.6801154421
-518038.229424995
268219.8887831708
238539.2566606544
134566.9789845205
-38765.16962148609
-209185.4804310025
-313894.3235240575
305001.4072477529
637465.5477627874
1097758.264327752
1447468.242159878
1571027.830160785
1564041.016504318
-37618.68863528472
250638.2852712848
700759.1850271639
1129859.834281324
1391516.287199945
1495247.093447612
-467599.9215998867
-293923.6400779987
32245.95013302517
421135.9748318085
734528.470612395
906287.2122928053
-674591.3268403868
-645889.8565019487
-533169.7520666179
-338065.2016204792
-138876.2290843146
-11253.74055370886
-558673.0708610929
-621816.3020802324
-671329.6245243512
-664376.0338940781
-617685.3559585233
-575502.8556937921
-362595.4856502268
-450995.1688622198
-559155.099342951
-635873.5771599566
-668093.7788184871
-674927.0596632037
-245502.5275891114
-335453.8880800804
-455924.8501765579
-557361.0377559521
-616672.5908781728
-641590.9479354245
-7837.574552648118
-81769.37713891773
-193822.9694950326
-307002.6469529032
-390267.272158239
-434473.9441173993
244216.3755080079
221719.1638156019
178066.351679667
122215.3134561925
72306.91816820062
41979.45272205066
196600.4883955211
213561.9948050656
234591.9334139097
251174.2746320788
260574.5592651209
264533.7904647734
-34102.18230704401
-26584.0658345244
-14944.2558382939
-2453.390374191933
7586.245532343264
13373.0083889719
-43907.6008289864
-45625.57975907458
-47988.58502070817
-50227.90640381336
-51858.9852927804
-52743.02645343878
-650767.0669129184
-663784.7361917401
-673329.3767329399
-675193.680000467
-674282.4331077848
-673899.3647283209
-453812.2687031915
-487461.0803642171
-527117.1321057669
-555605.2456647509
-568621.1431908209
-571621.6566902762
27693.91256075356
1072.337239534271
-33826.21599374039
-62003.71809443169
-76014.24879410898
-79362.61833839292
266013.7444320353
268180.2560016803
269956.4668295663
270585.200782974
270647.0910932979
270638.6088004991
16037.22548277331
20918.10565751243
27182.39571094022
32154.84285432812
34604.24872199543
35187.32231855862
-53137.72690858279
-53842.2003278971
-54713.43166905057
-55380.41816795688
-55701.12002659455
-55776.62520616109
1539947.34578564
1459155.08305348
1283886.923541185
1085873.951219159
969261.5293533558
939762.7782405495
1529653.222938938
1568249.573391862
1567961.755455996
1524340.032187877
1487816.602586636
1477691.608126094
981863.6649416762
1112714.684989783
1263218.769944816
1365736.540816252
1409891.754232918
1419765.215943663
50015.82097685829
165483.8092108338
318229.1716261191
441605.544819466
502653.9397037185
517202.6828185766
-552531.5706289667
-504915.9588877541
-433839.0571260977
-369920.6862498475
-336131.4446425968
-327877.5389270328
-675230.7819140358
-671185.3725972442
-657427.0023710747
-639749.869432886
-628847.0242237303
-626034.2795700345
-4032818.875077918
-3930944.227199829
-3031385.523158579
-1471468.379419201
-379466.3969052857
-81681.67848803487
-3690855.080386346
-4000766.524335218
-3935487.622852155
-3350051.805141638
-2830415.513872438
-2682634.014177103
-2400793.447522908
-3013748.717665507
-3658036.714674536
-3976813.667990135
-4044316.855582274
-4048849.024933545
-483105.0919023025
-1040883.066040329
-1796233.959503139
-2397414.249706695
-2683761.903390351
-2750633.225416142
909334.9781710572
587169.1681102512
87738.24984502165
-370157.133266495
-612549.123519585
-671258.4957738108
1418085.635843314
1262752.637222326
983192.1997729334
696603.5564749514
534060.260276336
493190.2296345477
1479835.675635763
1058562.356628643
-198179.6933798409
-2046693.533891575
-3430480.977977128
-3933262.052570757
1560683.845150445
1317678.568532923
362029.5070205967
-1266291.539013035
-2714145.989023998
-3430480.977977184
1537542.782883852
1554002.266294391
1097561.683875147
-18598.02410713226
-1266291.539013144
-2046693.533891711
1262302.570708305
1498191.492132825
1543491.391534659
1097561.683875076
362029.5070204339
-198179.6933800572
822753.2304328855
1155333.487994267
1498191.492132767
1554002.266294331
1317678.568532797
1058562.356628463
480738.9426510804
822753.2304327996
1262302.570708136
1537542.782883713
1560683.845150309
1479835.675635597
493190.2296351619
-671258.4957729037
-2750633.225416035
-4048849.02493404
-2682634.014177181
-81681.67848818249
534060.2602768949
-612549.1235187878
-2683761.903390306
-4044316.855582698
-2830415.513872534
-379466.3969053521
696603.5564753648
-370157.1332658451
-2397414.249706587
-3976813.667990513
-3350051.805141809
-1471468.37941924
983192.1997732
87738.24984549919
-1796233.959502862
-3658036.714674727
-3935487.622852408
-3031385.52315875
1262752.637222528
587169.1681105486
-1040883.066040023
-3013748.71766548
-4000766.524335322
-3930944.227199947
1418085.635843494
909334.9781712571
-483105.0919020578
-2400793.44752279
-3690855.080386302
-4032818.875077912
2645094.407738479
6964593.226390112
17221537.44604025
3492407.532808552
-60357145.8838172
-104920607.4638826
2064142.953335907
6390982.520394354
16371596.1312276
9458121.603397964
-34606946.26911736
-60357145.88381711
161380.6761749625
4016575.337952066
12477038.91798089
17447082.35498
9458121.603397578
3492407.532807942
-2209402.203005478
200770.5785038692
5711859.911953235
12477038.91798107
16371596.13122764
17221537.44604018
-3650010.492043302
-2611203.516673303
200770.5785040306
4016575.337952553
6390982.520395273
6964593.226391225
-4025850.239417619
-3650010.492043195
-2209402.203005312
161380.6761751928
2064142.95333645
2645094.407739222
-104920607.4638825
-60357145.88381819
3492407.532807281
17221537.44604214
6964593.226392753
2645094.407739156
-60357145.88381703
-34606946.26911829
9458121.603397163
16371596.13122991
6390982.520396549
2064142.953336332
3492407.532807806
9458121.603397196
17447082.35498085
12477038.91798316
4016575.337953158
161380.6761752176
17221537.44604035
16371596.13122853
12477038.91798252
5711859.911954219
200770.5785042179
-2209402.203005148
6964593.226391287
6390982.520395556
4016575.337952899
200770.5785041994
-2611203.516673155
-3650010.492043111
2645094.407739199
2064142.953336395
161380.6761751951
-2209402.203005279
-3650010.492043196
-4025850.239417508
-81681.67848785497
-2682634.014176412
-4048849.024933221
-2750633.225415053
-671258.4957727647
493190.2296348833
-379466.3969049649
-2830415.513871833
-4044316.855581837
-2683761.903389322
-612549.1235186898
534060.2602766106
-1471468.379418797
-3350051.805141235
-3976813.66798961
-2397414.249705761
-370157.1332659058
696603.5564752221
-3031385.523158392
-3935487.622851874
-3658036.714673824
-1796233.959502432
87738.2498453513
983192.1997734102
-3930944.22719975
-4000766.524334732
-3013748.717664743
-1040883.066040003
587169.1681106093
1262752.637222961
-4032818.875077631
-3690855.080385628
-2400793.44752232
-483105.0919021845
909334.9781715575
1418085.635843808
-3933262.052570252
-3430480.977976375
-2046693.533891299
-198179.6933799724
1058562.356629034
1479835.675635887
-3430480.977976508
-2714145.989023508
-1266291.539013145
362029.5070206887
1317678.568533294
1560683.845149916
-2046693.533891525
-1266291.539013248
-18598.02410715433
1097561.683875561
1554002.266293954
1537542.782882051
-198179.6933801459
362029.5070205626
1097561.683875538
1543491.391534394
1498191.492131
1262302.570705814
1058562.356628876
1317678.568533279
1554002.266294171
1498191.492131209
1155333.487992091
822753.2304310747
1479835.675635957
1560683.845150266
1537542.782882601
1262302.570706186
822753.2304311667
480738.9426501097
-81681.67848801377
-379466.3969052261
-1471468.379419191
-3031385.523158664
-3930944.227199837
-4032818.875077656
-2682634.014177128
-2830415.513872506
-3350051.805141693
-3935487.622852101
-4000766.524334901
-3690855.080385804
-4048849.024933503
-4044316.855582151
-3976813.667989953
-3658036.714674226
-3013748.717665133
-2400793.447522627
-2750633.225416135
-2683761.903390331
-2397414.249706644
-1796233.959503082
-1040883.066040362
-483105.0919023922
-671258.4957738153
-612549.1235195907
-370157.1332665004
87738.24984503612
587169.1681103983
909334.9781713735
493190.2296345541
534060.26027636
696603.5564750221
983192.1997731549
1262752.637222722
1418085.635843734
939762.7782405515
969261.5293534
1085873.951219318
1283886.92354147
1459155.083053755
1539947.345785727
1477691.608126094
1487816.602586655
1524340.032187896
1567961.755455891
1568249.573391503
1529653.222938293
1419765.215943622
1409891.754232734
1365736.540815884
1263218.769944261
1112714.68498909
981863.6649409351
517202.6828185665
502653.9397036656
441605.5448193653
318229.171626032
165483.8092108287
50015.82097693103
-327877.5389270243
-336131.4446425491
-369920.6862497346
-433839.0571259269
-504915.9588875697
-552531.5706288085
-626034.2795700352
-628847.0242237299
-639749.8694328771
-657427.0023710785
-671185.3725972959
-675230.7819141214
-673899.3647283185
-674282.4331077877
-675193.6800004939
-673329.3767329921
-663784.7361918072
-650767.0669129823
-571621.6566902741
-568621.1431908181
-555605.2456647546
-527117.132105768
-487461.0803642012
-453812.2687031594
-79362.6183383913
-76014.24879410113
-62003.718094416
-33826.21599371931
1072.337239555713
27693.91256077058
270638.6088004967
270647.0910932847
270585.2007829417
269956.4668295134
268180.2560016127
266013.7444319581
35187.32231855899
34604.24872199733
32154.8428543326
27182.39571094891
20918.10565752634
16037.22548279079
-55776.62520616141
-55701.12002659636
-55380.41816796218
-54713.43166906098
-53842.20032791235
-53137.7269086019
-641590.9479354839
-616672.5908782439
-557361.0377560438
-455924.8501766313
-335453.8880801031
-245502.5275891055
-434473.9441173613
-390267.2721582075
-307002.6469528821
-193822.9694950056
-81769.37713889756
-7837.574552651971
41979.45272206321
72306.91816820251
122215.3134561694
178066.3516795978
221719.1638154753
244216.3755078362
264533.7904646908
260574.559265025
251174.2746319566
234591.9334137606
213561.9948049035
196600.4883953588
13373.00838899094
7586.245532365481
-2453.390374161814
-14944.25583824965
-26584.06583446551
-34102.18230697565
-52743.02645346018
-51858.98529280633
-50227.90640384721
-47988.58502075388
-45625.5797591335
-43907.60082905353
1564041.016504216
1571027.830160158
1447468.242158409
1097758.264325963
637465.5477615644
305001.4072471699
1495247.093446777
1391516.287198774
1129859.834279905
700759.1850260522
250638.2852708843
-37618.68863521433
906287.2122920668
734528.4706117143
421135.9748313593
32245.95013300402
-293923.6400776859
-467599.9215995222
-11253.74055359554
-138876.2290841335
-338065.2016202089
-533169.7520663409
-645889.8565018271
-674591.3268404111
-575502.8556936593
-617685.355958426
-664376.0338940507
-671329.6245244546
-621816.302080426
-558673.0708612817
-674927.059663301
-668093.7788186048
-635873.5771601115
-559155.0993431264
-450995.168862337
-362595.4856502803
139941.7532347729
-171608.2015490619
-537738.3723642468
-673778.3759804904
-518038.2294250937
-313894.3235239278
-171608.2015490468
-407235.142219616
-638278.3687332087
-640265.4985371566
-419620.6801154375
-209185.4804308648
-537738.3723641571
-638278.368733156
-666396.4629670117
-503146.907875544
-231348.5132906938
-38765.16962146106
-673778.3759803894
-640265.4985371269
-503146.9078755708
-252025.7153149024
-2821.143617230633
134566.9789843108
-518038.2294251607
-419620.680115538
-231348.5132907714
-2821.143617239708
167063.985351776
238539.256660274
-313894.3235240843
-209185.480430988
-38765.16962149974
134566.9789843397
238539.2566602973
268219.888782736
-198100.1231089758
-100188.5461182951
49278.59272212521
188275.3814621942
259408.2300828402
270452.2211889212
28473.67368142979
98310.1614893486
191395.09268179
257679.5499871952
268759.6166099496
249172.8322807703
253232.0241685867
266049.754532935
269309.476178066
244598.4935046113
196683.4525927732
154551.8439633564
187115.6748474408
166002.4992116803
127971.0972145038
79083.89211898617
33368.7280833364
4695.493663884146
-37800.77516665845
-45030.9166343402
-55372.70390706137
-64776.88836439294
-70044.07702829591
-71404.91679663018
-42990.88624266141
-41022.2883251537
-37603.33286988224
-33203.42626072304
-28811.27846982721
-25739.83623317986
264850.5986679403
231705.8844639474
130986.3373213409
-8880.398777050013
-71382.31137938847
-24136.13611558095
231705.8844639653
182747.4648815742
80375.08860390431
-33745.6870482146
-69739.75491591518
-20764.68971940159
130986.3373213409
80375.08860389303
1547.469123881793
-62293.53535594862
-62298.43447043835
-15115.05593699963
-8880.39877714523
-33745.68704829504
-62293.53535599246
-70385.50261091306
-45413.92899642514
-8161.060827546315
-71382.31137947422
-69739.7549159694
-62298.43447044534
-45413.92899639875
-21656.93805716692
-1525.738662599298
-24136.13611539172
-20764.68971921445
-15115.05593682362
-8161.060827399881
-1525.738662516971
2934.768754226945
-198100.1231088439
28473.67368142791
253232.0241683501
187115.6748473471
-37800.77516642549
-42990.88624281504
-100188.5461182198
98310.16148929554
266049.7545327143
166002.4992116366
-45030.91663411732
-41022.28832531584
49278.59272211533
191395.0926816874
269309.476177888
127971.0972145277
-55372.70390686128
-37603.33287005515
188275.3814621397
257679.5499870947
244598.4935045058
79083.8921190629
-64776.88836422763
-33203.42626090561
259408.2300828034
268759.6166098875
196683.4525927298
33368.72808343405
-70044.07702816841
-28811.2784700146
270452.2211889087
249172.832280738
154551.8439633446
4695.493663982728
-71404.91679652996
-25739.83623336865
-641590.9479356701
-434473.9441170899
41979.4527220434
264533.7904642065
13373.0083892014
-52743.0264535398
-616672.5908783216
-390267.272157928
72306.91816812895
260574.5592645823
7586.245532583651
-51858.98529289433
-557361.0377559538
-307002.6469526226
122215.3134560194
251174.2746315878
-2453.390373933251
-50227.90640395095
-455924.8501764337
-193822.9694948194
178066.3516793855
234591.9334134858
-14944.25583801336
-47988.58502087657
-335453.8880799072
-81769.37713880779
221719.1638152328
213561.9948047209
-26584.065834227
-45625.57975927214
-245502.5275889489
-7837.574552625942
244216.3755075926
196600.4883952373
-34102.1823067395
-43907.60082920209
1564041.016503771
1495247.093445626
906287.2122910572
-11253.74055369625
-575502.8556938973
-674927.0596637346
1571027.830159485
1391516.28719769
734528.4706109569
-138876.229084186
-617685.3559587029
-668093.7788189615
1447468.242157685
1129859.834279134
421135.9748310096
-338065.2016202728
-664376.0338943496
-635873.5771602838
1097758.264325552
700759.1850257508
32245.95013292594
-533169.7520664987
-671329.624524658
-559155.0993430791
637465.5477614707
250638.2852708385
-293923.6400777523
-645889.8565020107
-621816.3020804687
-450995.1688621787
305001.4072471661
-37618.68863522672
-467599.9215996179
-674591.3268405464
-558673.0708612399
-362595.4856501151
939762.7782410404
1477691.608126173
1419765.215942062
517202.6828179064
-327877.5389269757
-626034.2795704156
969261.5293538905
1487816.602586695
1409891.754231238
502653.9397030266
-336131.4446425139
-628847.024224126
1085873.951219825
1524340.032187779
1365736.540814421
441605.5448188187
-369920.6862497246
-639749.8694333243
1283886.923541896
1567961.755455418
1263218.769942817
318229.1716256556
-433839.057125991
-657427.0023715743
1459155.083053837
1568249.573390577
1112714.684987791
165483.8092106144
-504915.9588877343
-671185.3725977807
1539947.34578545
1529653.222937157
981863.6649398196
50015.82097679947
-552531.5706290291
-675230.7819145754
-673899.3647288141
-571621.6566901978
-79362.61833820301
270638.6087999271
35187.32231873919
-55776.62520618321
-674282.4331082904
-568621.1431907335
-76014.24879392082
270647.0910927175
34604.2487221758
-55701.12002662253
-675193.6800009813
-555605.2456646215
-62003.71809426055
270585.2007823822
32154.84285451296
-55380.41816799783
-673329.3767334004
-527117.1321055681
-33826.21599361004
269956.4668289701
27182.39571113755
-54713.43166911206
-663784.7361921075
-487461.0803639553
1072.337239606808
268180.2560010901
20918.1056577256
-53842.20032797933
-650767.0669132092
-453812.2687028952
27693.91256077585
266013.7444314572
16037.22548299747
-53137.72690867791
-650767.0669131239
-453812.2687029384
27693.91256073029
266013.7444315172
16037.22548302084
-53137.7269086164
-663784.7361920108
-487461.0803639789
1072.337239563155
268180.2560011511
20918.10565774657
-53842.20032792629
-673329.376733307
-527117.1321055749
-33826.2159936443
269956.4668290245
27182.39571115559
-54713.43166907494
-675193.6800009103
-555605.245664615
-62003.71809428093
270585.2007824194
32154.842854526
-55380.4181679767
-674282.4331082635
-568621.143190724
-76014.24879392852
270647.0910927322
34604.24872218213
-55701.12002661313
-673899.3647288124
-571621.6566901949
-79362.61833820415
270638.6087999291
35187.32231874047
-55776.62520618126
-245502.5275891047
-7837.574552689063
244216.3755075983
196600.488395275
-34102.18230669777
-43907.6008291168
-335453.8880800799
-81769.37713889852
221719.1638152353
213561.9948047631
-26584.065834186
-45625.57975918839
-455924.8501765752
-193822.9694949359
178066.3516793781
234591.9334135354
-14944.25583797403
-47988.58502079672
-557361.0377560088
-307002.6469527336
122215.3134559978
251174.274631642
-2453.390373898333
-50227.90640387678
-616672.5908782916
-390267.2721580145
72306.91816809286
260574.5592646384
7586.245532612752
-51858.98529282615
-641590.9479355995
-434473.9441171499
41979.45272199949
264533.7904642646
13373.00838922654
-52743.0264534758
305001.4072476172
-37618.68863509162
-467599.9215996148
-674591.3268404818
-558673.0708613542
-362595.4856503313
637465.5477622417
250638.2852712072
-293923.6400777102
-645889.8565019115
-621816.3020804775
-450995.1688623568
1097758.264326629
700759.1850265176
32245.95013313757
-533169.7520664269
-671329.6245245483
-559155.0993431321
1447468.242158554
1129859.834280106
421135.9748314962
-338065.2016202199
-664376.0338942094
-635873.5771602
1571027.830159803
1391516.287198504
734528.470611629
-138876.2290841045
-617685.3559585856
-668093.7788187948
1564041.016503759
1495247.093446217
906287.2122917669
-11253.74055358133
-575502.8556937978
-674927.0596635464
1539947.345785319
1529653.222937627
981863.6649405187
50015.82097693265
-552531.5706289406
-675230.7819143912
1459155.083053559
1568249.573390795
1112714.68498843
165483.8092107793
-504915.9588876758
-671185.3725976159
1283886.923541654
1567961.755455355
1263218.769943284
318229.1716258444
-433839.0571259722
-657427.0023714515
1085873.951219771
1524340.032187657
1365736.540814656
441605.5448189729
-369920.686249723
-639749.8694332549
969261.5293539184
1487816.602586654
1409891.754231313
502653.9397030961
-336131.44464251
-628847.0242240994
939762.7782410493
1477691.60812617
1419765.215942075
517202.6828179178
-327877.5389269735
-626034.2795704111
-4032818.875078381
-3690855.080385709
-2400793.447521031
-483105.0919008392
909334.9781717191
1418085.635843503
-3930944.2272005
-4000766.524335249
-3013748.717664089
-1040883.066038664
587169.168111067
1262752.63722271
-3031385.523158852
-3935487.622852477
-3658036.714673875
-1796233.959501466
87738.24984604221
983192.1997734208
-1471468.379418941
-3350051.805141609
-3976813.667989903
-2397414.249705289
-370157.1332653358
696603.5564754156
-379466.3969049888
-2830415.513871986
-4044316.855582068
-2683761.90338916
-612549.123518424
534060.2602767297
-81681.67848785811
-2682634.014176443
-4048849.024933293
-2750633.225415025
-671258.4957727129
493190.2296349013
2645094.407738661
2064142.953336023
161380.6761749939
-2209402.203005635
-3650010.492043862
-4025850.23941828
6964593.22639075
6390982.520395056
4016575.337952547
200770.5785039933
-2611203.5166736
-3650010.492043783
17221537.44604082
16371596.13122858
12477038.91798218
5711859.911954033
200770.5785041318
-2209402.203005468
3492407.532808279
9458121.603397818
17447082.35498107
12477038.91798294
4016575.33795323
161380.6761752547
-60357145.88381799
-34606946.26911857
9458121.603397427
16371596.13122988
6390982.520396624
2064142.953336414
-104920607.4638832
-60357145.88381857
3492407.532807302
17221537.44604218
6964593.226392782
2645094.40773917
493190.2296356287
534060.2602773666
696603.55647573
983192.1997733515
1262752.63722254
1418085.63584346
-671258.4957719744
-612549.1235177719
-370157.1332647844
87738.24984639543
587169.1681111302
909334.9781716336
-2750633.225415393
-2683761.903389471
-2397414.249705425
-1796233.959501387
-1040883.066038488
-483105.0919006988
-4048849.024933954
-4044316.855582629
-3976813.667990345
-3658036.714674105
-3013748.717664141
-2400793.447520993
-2682634.014177387
-2830415.513872778
-3350051.805142178
-3935487.622852818
-4000766.524335412
-3690855.080385802
-81681.67848823847
-379466.3969054081
-1471468.379419368
-3031385.523159149
-3930944.227200621
-4032818.875078427
1479835.675635695
1560683.845150259
1537542.782883325
1262302.570707429
822753.2304321735
480738.942650741
1058562.356628931
1317678.568533051
1554002.266294158
1498191.492132032
1155333.487993266
822753.2304320302
-198179.6933786497
362029.507021436
1097561.6838755
1543491.391534363
1498191.492131764
1262302.570706919
-2046693.533889643
-1266291.539011252
-18598.02410596995
1097561.683875514
1554002.26629393
1537542.782882643
-3430480.977976114
-2714145.989022193
-1266291.539011311
362029.5070214344
1317678.568533063
1560683.845149865
-3933262.052570859
-3430480.977976067
-2046693.533889727
-198179.6933787445
1058562.356629032
1479835.675635613
-674927.0596641086
-668093.7788194321
-635873.5771609321
-559155.0993438526
-450995.1688629117
-362595.4856507325
-575502.8556942117
-617685.3559589931
-664376.0338946595
-671329.62452509
-621816.3020810306
-558673.0708618412
-11253.74055346756
-138876.2290841538
-338065.2016204023
-533169.7520666693
-645889.8565022185
-674591.3268408191
906287.2122933933
734528.4706127901
421135.9748320152
32245.95013322589
-293923.6400777514
-467599.9215996956
1495247.093447794
1391516.287200028
1129859.834281191
700759.1850269577
250638.2852713106
-37618.68863506008
1564041.01650428
1571027.830160663
1447468.242159522
1097758.264327189
637465.5477623857
305001.4072476376
-626034.2795707716
-628847.0242244512
-639749.8694335966
-657427.0023718122
-671185.3725980571
-675230.7819149136
-327877.538927406
-336131.4446429436
-369920.6862501696
-433839.0571264188
-504915.9588881048
-552531.5706293589
517202.6828195279
502653.9397046047
441605.5448202062
318229.1716266706
165483.8092112232
50015.82097714831
1419765.215945194
1409891.754234308
1365736.540817447
1263218.769945807
1112714.684990605
981863.6649423598
1477691.608126197
1487816.602586726
1524340.032188023
1567961.755456236
1568249.573392127
1529653.222939156
939762.7782406858
969261.5293534717
1085873.951219217
1283886.923541209
1459155.083053512
1539947.345785641
-55776.62520644936
-55701.12002688127
-55380.41816824262
-54713.43166933775
-53842.20032818735
-53137.72690887526
35187.32231856863
34604.24872200481
32154.8428543362
27182.39571094876
20918.10565752281
16037.22548278521
270638.6088008178
270647.0910935974
270585.2007832332
269956.4668297754
268180.2560018396
266013.7444321615
-79362.61833833973
-76014.24879405186
-62003.71809435733
-33826.21599363135
1072.337239679326
27693.91256091818
-571621.6566912667
-568621.1431918053
-555605.2456657063
-527117.1321066504
-487461.0803649984
-453812.2687038897
-673899.3647293437
-674282.4331088067
-675193.6800015084
-673329.3767340172
-663784.7361928599
-650767.0669140503
-52743.02645373225
-51858.98529307508
-50227.9064041107
-47988.5850210123
-45625.57975938691
-43907.60082930431
13373.00838898474
7586.245532358883
-2453.390374169309
-14944.25583825899
-26584.0658344757
-34102.18230698632
264533.7904648844
260574.5592652012
251174.2746321085
234591.9334138903
213561.9948050185
196600.4883954636
41979.4527222224
72306.91816838336
122215.3134563762
178066.3516798191
221719.1638156952
244216.3755080466
-434473.9441180542
-390267.2721587945
-307002.6469532741
-193822.9694951963
-81769.37713893705
-7837.574552609271
-641590.9479365463
-616672.5908792512
-557361.0377569022
-455924.850177268
-335453.8880805195
-245502.5275893778
-42990.8862429117
-41022.28832540283
-37603.33287012864
-33203.42626096462
-28811.2784700621
-25739.83623340891
-37800.77516666983
-45030.91663435561
-55372.70390708647
-64776.88836443108
-70044.07702834718
-71404.91679668894
187115.6748475383
166002.4992117655
127971.0972145758
79083.89211904621
33368.72808338758
4695.493663928201
253232.0241687896
266049.7545331167
269309.4761782033
244598.4935047021
196683.4525928416
154551.8439634189
28473.67368150742
98310.16148948245
191395.0926819587
257679.5499873324
268759.6166100351
249172.8322808373
-198100.1231091787
-100188.5461183671
49278.59272221008
188275.3814623426
259408.2300829488
270452.2211889976
-24136.13611561743
-20764.68971943281
-15115.05593702847
-8161.060827587013
-1525.738662671092
2934.768754124487
-71382.31137953624
-69739.75491604039
-62298.43447052972
-45413.92899649282
-21656.93805725272
-1525.738662654615
-8880.398777106035
-33745.68704826748
-62293.53535598802
-70385.50261093801
-45413.92899645805
-8161.060827551703
130986.3373214006
80375.08860394619
1547.469123922081
-62293.53535593575
-62298.43447044289
-15115.05593697358
231705.8844640293
182747.4648816282
80375.08860395102
-33745.68704818456
-69739.75491590495
-20764.68971935928
264850.5986680114
231705.8844640035
130986.3373213856
-8880.398777016522
-71382.31137937117
-24136.13611553071
270452.2211889816
249172.8322807949
154551.84396339
4695.493664016887
-71404.91679650932
-25739.83623331511
259408.23008289
268759.6166099464
196683.4525927753
33368.72808346988
-70044.07702814306
-28811.2784699539
188275.3814622251
257679.5499871589
244598.4935045471
79083.89211909885
-64776.88836419536
-33203.42626083611
49278.59272211818
191395.0926817292
269309.4761779244
127971.0972145613
-55372.70390682142
-37603.33286997947
-100188.546118317
98310.16148928345
266049.7545327376
166002.4992116709
-45030.91663407446
-41022.28832523377
-198100.1231089843
28473.67368137832
253232.0241683595
187115.6748473837
-37800.7751663832
-42990.8862427297
-313894.3235244662
-209185.480431221
-38765.16962151644
134566.9789844686
238539.2566604205
268219.8887828195
-518038.2294256891
-419620.680115978
-231348.5132910175
-2821.14361724494
167063.9853518919
238539.2566603826
-673778.3759808041
-640265.498537555
-503146.9078759799
-252025.7153151602
-2821.143617257651
134566.9789843909
-537738.3723643541
-638278.3687333702
-666396.4629672749
-503146.9078758621
-231348.5132909184
-38765.16962152845
-171608.2015490018
-407235.1422196715
-638278.3687332742
-640265.4985372898
-419620.6801156804
-209185.4804310517
139941.7532350697
-171608.2015490093
-537738.3723642511
-673778.3759804763
-518038.2294252566
-313894.3235241412
