FiniteElementSpace
FiniteElementCollection: L2_2D_P2
VDim: 1
Ordering: 0

0.5083067995981346
0.5186858942746402
0.5288997704727667
0.5086336500068089
0.5190199345315389
0.529241071346867
0.5087781126910774
0.5191674868550318
0.5293917741955144
0.4807551999607977
0.4915528149528518
0.5021901940400094
0.481062992595006
0.4918680261361311
0.502512840535245
0.4811990203571578
0.4920073904868302
0.5026555119264188
0.4791671621240919
0.4899269540968298
0.5005262357630612
0.479917719723591
0.4906953736045608
0.5013126285752793
0.4804969835582792
0.4912884257290123
0.5019195842520914
0.5066206755683718
0.5169621056544594
0.5271386798352804
0.5074175528343781
0.5177768264263327
0.5279710470248064
0.5080326057304114
0.5184056134928149
0.5286134159054383
0.5037250595591048
0.5140016312954478
0.524113697762148
0.5049895102004686
0.5152943862743844
0.525434640885051
0.5060732286333892
0.5164023849587773
0.5265667911989759
0.4996284596761518
0.5098138123643274
0.5198347025880109
0.5013568378694412
0.5115805861064165
0.5216398878072372
0.5029060207614053
0.5131642849533204
0.5232580863285035
0.4725800763545766
0.4831825556058656
0.493625038448237
0.4742084544409993
0.4848498212363508
0.495331015633365
0.4756679136924862
0.4863442185134601
0.4968601040596375
0.4764394910669752
0.487134258733642
0.4976684900555686
0.4776306564300539
0.4883538439878188
0.4989164380300026
0.4786515086268923
0.4893990260642707
0.4999859776440934
0.4480839275100004
0.4591911851340191
0.4701406366052729
0.4492015729900108
0.4603373378701912
0.4713152466522191
0.4501593292966116
0.4613194830598571
0.4723218782160492
0.4444620196543536
0.4554763712110339
0.4663344784358102
0.4459902554244138
0.4570439081705506
0.4679404766303803
0.4473598982687967
0.4584486585763761
0.4693797680263044
0.4153562605455502
0.4267354682035043
0.4379805286492329
0.4167777372408867
0.4281988746683978
0.4394852549456214
0.4180518173047377
0.4295104692514306
0.4408338824996825
0.4187254069339982
0.4302038405417583
0.4415468350108844
0.419765288413696
0.4312741923925433
0.4426474204763488
0.420656488852884
0.4321914580949915
0.4435905941430401
0.4211066458040885
0.4326547840416023
0.4440669925865947
0.4217618587127692
0.4333291884296133
0.4447604025982675
0.422267537570501
0.4338496569732287
0.4452955346681536
0.4506430728825611
0.4618155353268574
0.4728303388780501
0.4513471542580456
0.4625375429890398
0.4735704308290154
0.451890499309904
0.4630947219934459
0.4741416121818718
0.4521326870123119
0.4633430706640036
0.4743962225532523
0.4524213498505497
0.4636390653104963
0.474699693874353
0.4525488585693312
0.463769803929898
0.4748337668527412
0.4224929642953233
0.4340816605594187
0.4455340781661142
0.4227617036259889
0.4343581974273898
0.4458184036011928
0.4228805050410938
0.4344803728612723
0.4459439916161901
0.3919704669422444
0.403891295498354
0.4156864170732393
0.3922184225719296
0.404147353928157
0.4159505362277828
0.3923280375326335
0.4042605759196247
0.416067315294298
0.3906914189563694
0.4025705793782224
0.4143240745409935
0.3912959229824716
0.4031947586265681
0.4149679335186857
0.3917624760540718
0.4036765171752497
0.4154648741165683
0.3594238141960788
0.3716379237475589
0.3837200234445604
0.3599784217115618
0.3722117345482726
0.3843131585786542
0.3604063726389666
0.3726545271151482
0.3847709016114852
0.3605971053413193
0.3728518896395333
0.3849749449709268
0.3608244276511304
0.3730871328723281
0.3852181699561213
0.3609248152721833
0.3731910474594933
0.3853256511669308
0.3283321021696205
0.3409374943909931
0.3534044490687925
0.3285391549885428
0.3411524224058103
0.3536271867244882
0.3286305600903386
0.3412473350006053
0.3537255299505734
0.2951362183670314
0.3081019002983995
0.3209307476128671
0.295323036974833
0.3082968046012298
0.3211334082787685
0.2954055689544005
0.3083829586418314
0.3212229465539814
0.2941720238184889
0.3070964942090669
0.3198850005247964
0.2946277962026504
0.3075717169046673
0.3203793289545712
0.2949794801081431
0.3079384283624834
0.3207607450600182
0.3272631917742303
0.3398282174692955
0.3522547339690761
0.3277685074227082
0.3403525683024954
0.3527981969764207
0.3281583676693531
0.3407571665222344
0.353217550759811
0.3254255803197777
0.3379218337955299
0.3502789279200373
0.3262282600134844
0.3387545221399039
0.3511418982739074
0.3269159479064728
0.3394679423729331
0.3518813179449712
0.2925148755630024
0.3053687911804346
0.3180874293836243
0.2932387037375369
0.3061234216738577
0.3188726104774589
0.2938588577994743
0.3067699800371645
0.3195453178054405
0.290168142621721
0.3029222897946063
0.3155418493006167
0.2911585519832283
0.3039548068009227
0.3166161612479664
0.2920459119725654
0.3048798862714279
0.3175787146142388
0.3228230117366513
0.3352219969556313
0.3474815186437136
0.3239213875816719
0.3363614362363896
0.3486620536002946
0.3249054986025607
0.3373823211010187
0.3497198457451562
0.3545529488547141
0.3665989587951843
0.3785126716622474
0.3557575615704672
0.3678451439950476
0.3798003534733816
0.3568369859841842
0.3689618432250256
0.3809542686012684
0.3574075214354432
0.3695520694495736
0.3815642081851072
0.3582881691583001
0.3704630831839428
0.3825057300703088
0.3590427415934971
0.3712436842006701
0.3833125265120036
0.3884946091925018
0.4003026111990606
0.411984236578795
0.389453996787038
0.4012930168404173
0.4130060131763038
0.3902761401891028
0.4021418041017439
0.4138817273709188
0.3853854534195694
0.3970932471825592
0.4086737958198902
0.3866973982660205
0.398447377777711
0.4100704982612786
0.3878731155326549
0.3996610298916911
0.4113223817163451
0.381371281295932
0.3929508339576506
0.4044020223642089
0.3830326867974061
0.3946651798561832
0.4061697735991249
0.3845592194935842
0.3962405150835334
0.4077943251158366
0.3764621058242058
0.3878862794719996
0.399180693132991
0.3784688175434986
0.3899563575558169
0.401314636179872
0.3803423283134915
0.3918891937478928
0.4033073703002606
0.3463560795929345
0.3581215816295108
0.3697535837143965
0.3482002265663448
0.3600283857419125
0.3717234977504947
0.3499215407785004
0.3618083731298387
0.3735625757193661
0.3508666933768202
0.3627858680253034
0.374572585051195
0.3523925623751095
0.3643641234268698
0.3762033664080739
0.3537943120468973
0.3658141440603254
0.3777017070265828
0.3194611338359022
0.3317341267769717
0.3438684395192729
0.3208528232299238
0.3331779906662242
0.3453640911506179
0.3221312080406927
0.3345042941122971
0.3467380019057843
0.2871364419385559
0.2997615733884243
0.3122536108136647
0.2883914672736347
0.3010700711903517
0.3136148376755122
0.289544307642651
0.3022719433193669
0.3148652101423342
0.2834263098086787
0.2958924097746148
0.3082288716680179
0.2849431704758612
0.297474431251385
0.3098745495308549
0.2863590153005158
0.2989509431006055
0.3114103903092204
0.3153468265716423
0.3274658159632026
0.3394468120564543
0.3170290690373733
0.3292109211221071
0.3412546085685979
0.3185990901060704
0.3308397502051318
0.3429419611155659
0.3104874508497252
0.3224260040398669
0.334226358955005
0.3124572700507357
0.3244688278664037
0.3363422633835246
0.3143161434592353
0.3263967355177577
0.3383393217857166
0.2790462299505101
0.2913237820175303
0.303475151019439
0.2808215195072827
0.2931755229875734
0.3054020996605574
0.2824970884956082
0.2949232105880503
0.3072205701444526
0.2740051560658525
0.2860657911533892
0.298002538215477
0.276035306422212
0.2881832621412006
0.3002065385883676
0.2779671909797807
0.2901982784010512
0.3023038022443046
0.3048923054516396
0.3166237442923866
0.3282181781232388
0.307145796354542
0.3189607299944152
0.3306378466590182
0.309289989016194
0.3211842506038246
0.3329403246876058
0.3349023817661191
0.3462805249985951
0.3575252693374519
0.3373702646271484
0.3488317032970055
0.3601593970041099
0.3397188265011628
0.3512596742236723
0.362666456687122
0.3410306758481825
0.3526158920936213
0.364066962552365
0.3431890823665055
0.3548472891393757
0.3663714732329886
0.3452263116669343
0.3569535082380934
0.3685469578865138
0.3706698588682198
0.3819119669329715
0.3930236095043307
0.3730170632896828
0.3843327986950394
0.3955182525124957
0.3752329847073269
0.3866184171899462
0.3978738551279695
0.3640079224450485
0.3750422599111833
0.385945528116179
0.3666903183746855
0.3778080261877831
0.3887949926410823
0.3692434913089111
0.3804409224615889
0.3915078174176024
0.3922309512005105
0.4029285114434388
0.4134966343767476
0.395129223129439
0.405910993943729
0.4165639086087881
0.3978887330305627
0.4087511482956887
0.4194850878176178
0.4195888526594309
0.4299505016589896
0.4401732260231888
0.4227054983592184
0.4331502112742982
0.4434537957218255
0.4256736293170799
0.4361970913929844
0.4465773553040265
0.4273324907758467
0.4378998240659931
0.4483227984042313
0.4300628642007864
0.4407022472635712
0.4511953059377194
0.4326413566301967
0.4433485308973357
0.4539074774852016
0.3994307362117446
0.4103384678835936
0.4211177628530843
0.4019687250908053
0.4129513047137793
0.4238051611058732
0.4043654855988226
0.4154189785181621
0.4263431972861704
0.4056952703674341
0.4167881936197788
0.4277513990503962
0.4078667922990043
0.4190241056204115
0.4300508599347413
0.4098947298272307
0.421112189107082
0.4321981896226042
0.4110087566866819
0.4222592533541016
0.4333777609408293
0.4128078127794474
0.4241116190456405
0.4352825677949129
0.4144611794609178
0.4258139326762317
0.4370329823403937
0.4397872180972339
0.4506808862922662
0.4614209988353212
0.4417219047625003
0.4526656078592982
0.463454582728978
0.4434996762145964
0.4544892416967551
0.4653231050503565
0.4340719355068133
0.4448166092730262
0.4554119735052803
0.4364078356504242
0.447213590352602
0.4578682642258008
0.4385890821729302
0.4494516677148373
0.4601615297544013
0.4615074131910903
0.4718506216048665
0.4820315426289517
0.4639973124176046
0.4743981905832396
0.4846373089184933
0.466321973952727
0.4767769845767115
0.4870707945918747
0.4675987247569309
0.4780836200584945
0.488407634239249
0.469660319107266
0.4801936699384496
0.4905666003309908
0.471554669346801
0.4821327662487954
0.4925508143173685
0.4943423726846971
0.5044108062177215
0.5143149139542385
0.4965297570596765
0.5066465431391314
0.5165988587514243
0.4985401071656145
0.5087013521544064
0.5186981065982214
0.4878826920579994
0.4978084910382749
0.5075708829719245
0.4905225224640994
0.5005065506222267
0.5103267548560986
0.4929879424457143
0.5030264335333343
0.5129007526246476
0.4802680611549655
0.4900264121189915
0.4996227776309601
0.4833528800608053
0.493178835937421
0.5028423517690659
0.4862662080228634
0.4961563302856298
0.5058833905153546
0.4543207731202769
0.4644984084737456
0.47451398290552
0.4572328988277988
0.4674775764993056
0.4775597470131366
0.4599823248889621
0.4702903482028429
0.4804358566837664
0.4460576010207929
0.4560440283395943
0.465872130147798
0.4493841004347191
0.4594477314125868
0.4693511853451277
0.4525511566343136
0.4626880232019036
0.4726633467252682
0.471517479843456
0.4810870289108474
0.4904942541198736
0.4750400171378169
0.4846850379916319
0.4941680439216556
0.4783939035997519
0.4881114058000097
0.4976670212225981
0.4616505727794056
0.47101233553598
0.4802103596653446
0.465602982441659
0.4750474611344902
0.4843285984895058
0.4693898860306696
0.4789142139416054
0.4882758558564135
0.450689736756002
0.4598232738582008
0.4687952973638477
0.4550627319017906
0.4642873738535969
0.4733490169215746
0.4592741913495686
0.4685864867599612
0.4777350491489671
0.4263995083280807
0.4359224127630513
0.4453000501777782
0.4305241808140178
0.4401456235531601
0.4496189461206429
0.4344980836541741
0.4442137811392279
0.453778633539941
0.4367411782179202
0.4465097694785844
0.456125967243163
0.4404725589510555
0.4503287660132801
0.4600300821861681
0.4440483522054127
0.4539880481333424
0.4637706398937619
0.4108649060972198
0.4209927305316489
0.4309868471467284
0.4143582970317355
0.424579828325042
0.4346658559829336
0.4177068355335754
0.4280181258149768
0.4381918213735906
0.3841131783579866
0.3945770310825574
0.4049102756715404
0.3873647936030249
0.3979218953800817
0.408348753655855
0.3904804218007218
0.4011273237800319
0.4116444342142728
0.3750966780895803
0.3853037506061654
0.3953803643563393
0.3786939754892171
0.3890031590284614
0.3991817502086318
0.3821583091630895
0.392566265352789
0.4028435395028186
0.4011847918722705
0.411054301164773
0.4207921751997106
0.4050457419429951
0.4150178404689834
0.4248579557949337
0.4087653214395555
0.4188368138158605
0.4287754288606815
0.3905713740886912
0.4001620101344554
0.4096209463640124
0.3947909051781125
0.4044919122543374
0.4140613225475817
0.3988727803478537
0.408681157195873
0.4183579220466228
0.3652012556617768
0.3751307688362533
0.3849291627422187
0.3691366995811955
0.3791760368136455
0.3890845151309562
0.3729420248972907
0.3830882187861486
0.3931038904369938
0.3544458755463045
0.3640787371784199
0.3735799686925991
0.3587120878666226
0.3684620728306854
0.3780805337420348
0.3628510926652917
0.3727153653661097
0.3824483599815912
0.3790491948227367
0.3883424804406536
0.3975034498506337
0.3836179601640334
0.3930284121404057
0.4023067152459967
0.3880524645643946
0.3975775413222924
0.4069707599872506
0.40277446326123
0.4117266517040734
0.4205455078232963
0.4076464316626876
0.4167162940160031
0.4256512991385781
0.412377670482744
0.4215620274298578
0.430609476400416
0.4150662118711231
0.4243156848052398
0.4334268921336617
0.4195709116062312
0.4289292918976954
0.4381469262126958
0.4239298768204108
0.4333934093432751
0.442713401483302
0.4386653125622282
0.4475455668666589
0.4562714617864472
0.4434459448491462
0.45242755870637
0.4612516270631437
0.4480704865081938
0.4571493412582316
0.4660679494100475
0.4256166319718682
0.4342164168014404
0.4426700551270012
0.43078902154572
0.4395005271996782
0.4480628034894751
0.4358115048206532
0.4446308425899402
0.4532977787514518
0.411586546079206
0.4198795280457959
0.4280345675049101
0.4171334900288416
0.4255483372529872
0.4338222571421584
0.4225376059568502
0.4310705115003602
0.4394591761608235
0.3895554370705727
0.3981930004784965
0.4066976105618145
0.3947834340038998
0.4035443608970632
0.4121725375862425
0.3998745452606556
0.4087569154243132
0.4175064018738253
0.3754328813755062
0.3837433924380416
0.3919210473209221
0.3810080968474095
0.3894467833025748
0.3977523555161985
0.3864499242454166
0.3950148553966618
0.4034466660166421
0.3966192161502584
0.40458560049349
0.4124172852073946
0.4025250269678576
0.41061931234504
0.4185783121371261
0.4082930247264351
0.416513453691433
0.424597271578368
0.3807422174763597
0.3883721717599302
0.3958683201184641
0.3869977228709132
0.394758969965618
0.4023859303788506
0.3931188181754029
0.4010100676943922
0.4087667111655345
0.3639782052693655
0.3712623418902569
0.3784151509557175
0.3705745413097665
0.377993772781902
0.3852806828050944
0.3770398832523899
0.3845927684222237
0.3920123168568594
0.3445710141508589
0.352188669487538
0.3596784378935978
0.3508132533505534
0.3585692173583491
0.3661957628593969
0.3569292242817717
0.3648214357116258
0.3725829746024504
0.3604303412910461
0.3684008977287387
0.3762402490839284
0.3663435968116102
0.3744472858504004
0.3824190585688132
0.3721269498609993
0.3803619377196092
0.3884643656362448
0.3392522360784249
0.3475560047349798
0.3557314193292324
0.3448173064213778
0.3532566183763966
0.3615667530302645
0.3502580843418028
0.3588307182829363
0.3672733686931899
0.3243159152009655
0.332260948597536
0.3400790949162842
0.3301970062719673
0.3382822966412388
0.3462402174633269
0.3359563970978939
0.3441802862625104
0.3522762429408771
0.3032215612750301
0.3114888722933709
0.3196332476302385
0.3087339651916435
0.3171459405155628
0.3254325170979142
0.3141315416666473
0.3226848662471893
0.3311111319934711
0.3172197081087071
0.32585388246632
0.3343604045874518
0.3224321670196316
0.3312034484927551
0.3398463356936544
0.3275260258555768
0.3364320537003396
0.3452091925637518
0.3304358900772464
0.3394192891508989
0.3482735680917668
0.3353400441131465
0.3444545535556489
0.3534394435934172
0.3401229305212083
0.3493661438829599
0.358479178422589
0.3533672190191668
0.3620164057331457
0.3705351907989792
0.3586088499219339
0.3673877118904199
0.3760355985847508
0.3637229079824713
0.3726291018476708
0.3814038577290196
0.3666403772194424
0.3756195884122929
0.3844671298950195
0.3715499736631752
0.3806527362928291
0.3896234812983723
0.3763285596432299
0.3855524720869174
0.3946441020339712
0.3428506141060954
0.3521675930611208
0.3613540539672088
0.3474396093262394
0.3568811471925309
0.36619163820835
0.3519045635945702
0.3614678907184997
0.3708997065871225
0.3181912819317569
0.3278453468779334
0.3373683741877785
0.3224574260431178
0.3322367355192165
0.3418847177454662
0.326606686723324
0.3365083110998453
0.3462785674797448
0.2926709849092058
0.3026532894418631
0.3125118497829156
0.2966056123127095
0.3067181984322845
0.3167047026641039
0.3004328083035814
0.3106718576493194
0.3207826193744691
0.2820242743257013
0.2916524840510039
0.30116313225272
0.2862299261850655
0.2959983641540153
0.3056467618894929
0.2903317496558918
0.3002364963910966
0.31001886036003
0.30664354103825
0.3159596334801588
0.3251478306809739
0.3112059667992394
0.320655603466521
0.3299756763734253
0.3156547037660564
0.3252345219923095
0.3346836563988792
0.294347607465063
0.3033020404317024
0.3121354831986596
0.2991967042849967
0.308294198781156
0.3172677091899831
0.3039360443037225
0.3131728232131388
0.3222829902147951
0.2813323152288247
0.2898996414050023
0.298353854613824
0.286456194852654
0.2951764772045494
0.3037806316824527
0.2914751546886633
0.3003445691156564
0.3090948206792544
0.2587128795286721
0.2675563640627726
0.2762948861640303
0.2634301479706745
0.2724325412665942
0.2813282667765352
0.2680511338973117
0.2772094962997779
0.2862589484814576
0.2706961274311428
0.2799438184315383
0.2890810614365898
0.2751624375193051
0.2845605620664253
0.2938455015523442
0.2795290305597478
0.2890737580584384
0.2985024977553548
0.2463263623995792
0.2558484268505405
0.2652643275073915
0.2503978327934325
0.2600732343193198
0.2696419680764977
0.2543775519362346
0.2642033471541577
0.2739218911186466
0.2353977599597949
0.2445089645632322
0.2535175791851325
0.2397004664522811
0.2489735103138715
0.2581420907384278
0.2439146705609381
0.2533461142800227
0.2626717958063663
0.2114237381618497
0.2207829358135666
0.2300485334726004
0.2152977543794821
0.2248245532341441
0.2342559029015266
0.2190925256516728
0.2287833699319861
0.2383769164105474
0.221264384874404
0.231049129942502
0.2407354015277144
0.2249312713740619
0.2348745798731494
0.2447171181202324
0.2285159274104493
0.2386141119920996
0.2486090747389294
0.2305642666100821
0.2407507506710567
0.2508326479009644
0.2340167703456084
0.2443517144973019
0.2545802431226478
0.2373840174075943
0.2478635738708033
0.2582353709600966
0.2566513510879198
0.2665633863572662
0.2763676837963083
0.2604839173695043
0.2705416406235884
0.2804903037050136
0.2642222267131962
0.2744222590631822
0.2845114611239885
0.2663544076813941
0.276635673368361
0.286804842492694
0.2699414855868696
0.2803592419652982
0.2906625360892788
0.2734314485028584
0.2839817583933049
0.2944151308463366
0.2393042740907825
0.2498662985477677
0.2603199653876798
0.2425343019483448
0.2532352406096579
0.2638269007133558
0.2456764696248342
0.2565126697497784
0.2672388278520779
0.2474646563752905
0.2583778582955895
0.2691806908775006
0.2504660317760592
0.2615085541117407
0.2724402158878618
0.2533771396418762
0.2645452752604417
0.275602013607697
0.2550296791849551
0.2662692787313384
0.2773970321886143
0.2577961109382965
0.2691555920644328
0.2804020098941131
0.260470094784223
0.2719456093580128
0.2833064704566425
0.2838215379733588
0.2947639080473208
0.3055825967892175
0.286894644202111
0.2979523118907998
0.3088848032470673
0.289864768426205
0.3010337702056466
0.3120761661387896
0.2754177441383179
0.2860433397037071
0.2965505505546271
0.2787517601935932
0.289503359264195
0.3001343008886789
0.2819856868222061
0.2928591005825186
0.3036098257806816
0.3026105834256569
0.3129214832789737
0.3231028572353478
0.3062653406934183
0.3166967227095556
0.3269966238257567
0.3098096228506653
0.3203577181382211
0.3307726581393428
0.3289675589179013
0.3389390564075949
0.3487792552148587
0.3329297284643182
0.3430190491713649
0.3529771055043437
0.3367723850536097
0.3469766321315626
0.3570495086466107
0.3389536589988891
0.3492234306799112
0.3593617090200222
0.3426053686547373
0.3529852065667142
0.3632333243447272
0.3461351273889697
0.356621852866803
0.3669766276528418
0.3118213805158656
0.3224356277183088
0.3329159562773117
0.3151887769652048
0.3259136615947447
0.336503794179242
0.3184430346284621
0.3292748198884904
0.3399714779522475
0.3202847586342238
0.3311770317850269
0.3419342212488634
0.3233579607799105
0.3343513597264127
0.3452100622723572
0.3263155175049083
0.3374065543396098
0.3483635260106134
0.3481331968279564
0.3586806490396079
0.3690959863914837
0.3514682501850146
0.3621172960339864
0.3726340598341218
0.3546789577865322
0.3654260962122959
0.3760410470163217
0.3564902072652879
0.3672928364180648
0.3779634387720763
0.3595022210326148
0.3703974067018604
0.3811608916558308
0.3623873617446286
0.3733715311975465
0.3842243880293683
0.3279833815324615
0.3391297339723225
0.3501423868194367
0.3307561527959671
0.3419949958329836
0.3531004623816002
0.3334112940571901
0.3447391974410327
0.3559338217320754
0.2985738811888628
0.3100695107734709
0.3214329068493922
0.3011058748735999
0.3126962561330653
0.3241522743243842
0.3035305938341265
0.3152114364675954
0.3267560738974486
0.2915457989302536
0.3027778236436267
0.313882372142839
0.2943510514332474
0.3056883148046702
0.316896409385624
0.2970510316140357
0.308489561343347
0.3197970911428504
0.2619836959083937
0.2735249456126985
0.284950413305008
0.2645099138656808
0.2761607562105469
0.2876938011692654
0.2669416963051653
0.2786978584928574
0.2903342625592894
0.2683134059647588
0.2801288397686723
0.2918235029348721
0.2705941730118536
0.2825079661318693
0.2942995775364209
0.2727784496535935
0.28478631777641
0.2966708147322717
0.2372773545828208
0.24938670292867
0.261382918266676
0.2392993962308697
0.2515092798633882
0.2636057033114764
0.241235802154501
0.253542058456105
0.2657345024931038
0.2316648693446514
0.2434954029657908
0.2552143394231844
0.2339050024186432
0.2458468467199206
0.2576762822613244
0.2360611949594531
0.2481101340829244
0.2600461328349351
0.2006293584937852
0.212730933064015
0.2247292444354338
0.2025759591226104
0.2147918302714015
0.2269038519697567
0.2044496048239626
0.2167756196918432
0.2289970732458836
0.2055064068183166
0.2178946068670956
0.2301777557264048
0.2072635739139243
0.2197551987107297
0.232140831638961
0.2089464173867918
0.2215371118829635
0.2340207933434417
0.1730390157604557
0.1856950994452984
0.1982482325598303
0.1745262455009783
0.1872875573829735
0.1999449634114347
0.1759505067106128
0.1888125705769598
0.2015698779351922
0.1399285272932133
0.1528182322023493
0.1656254894061422
0.1411367360944179
0.1541359208888547
0.1670509014204723
0.1422940508756541
0.1553979858558374
0.1684160161805591
0.1365764813343388
0.1491617850068595
0.161669467296072
0.1379141165612036
0.1506209779799318
0.1632483553073739
0.1392019763207935
0.1520257749185312
0.1647682013064674
0.1689110387927381
0.1812746800862896
0.193538515738276
0.1705586223257966
0.1830390423574929
0.1954183760881999
0.1721445154939023
0.1847372793663954
0.1972277346641467
0.1643752580523274
0.1764170668891143
0.1883625864400636
0.1661796186329258
0.1783495538285652
0.1904217461309484
0.1679237812371605
0.1802174342819854
0.1924120245929112
0.1328956437146242
0.1451463858985514
0.1573234579634435
0.1343596769865764
0.1467434968433858
0.1590522225998757
0.1357751264860324
0.1482875885286293
0.1607234302700565
0.1288944471982674
0.14078155833831
0.152598145508168
0.1304815203417427
0.1425128767760103
0.1544725339773747
0.1320213065195998
0.1441925857765088
0.1562909512086343
0.1594426309239058
0.1711334110023823
0.1827324188730417
0.1613993703894168
0.1732295821069948
0.1849660619826058
0.1632975385657748
0.1752627726403557
0.1871325997294568
0.1894393063257152
0.2008844170843052
0.2122313872971775
0.1917523569759788
0.2033333180591333
0.2148148904435938
0.1939959460578967
0.2057086319987862
0.2173207360335938
0.1952696560227859
0.207057055751698
0.2187432297758033
0.19740194802884
0.2093143320266015
0.2211245491343202
0.199462887677734
0.2114960611981304
0.2234263062910028
0.2254980775987174
0.2370209260641079
0.2484363703280493
0.2279513155962344
0.2395967177269092
0.2511328975431608
0.2303226006361625
0.2420863191643894
0.2537391726226535
0.2187898709633894
0.229977710184531
0.2410621548291194
0.2214512564730293
0.2327719875996461
0.2439878448725671
0.224032658235378
0.2354822886646529
0.2468255273837081
0.2115540787195122
0.2223807228611268
0.233107679068681
0.2144180171158613
0.2253876951665063
0.2362561968085715
0.2172042290922858
0.2283129405224837
0.2393190729850488
0.1831507056200382
0.1942269952787565
0.205207564697252
0.1856398367690021
0.1968619882539734
0.2079875636439069
0.1880612687640676
0.1994254587559793
0.2106921590104462
0.1764155675847528
0.1870982382629083
0.1976870764229311
0.1790762036185823
0.1899142547955965
0.2006576950849511
0.1816709754382587
0.1926606740764099
0.2035550748957747
0.2038066546425021
0.2142459844612898
0.2245888288609255
0.206866830458906
0.2174591081045526
0.2279538029398479
0.209851669931324
0.2205932025465935
0.2312358933896216
0.1955625792722452
0.2055902249652121
0.2155250459951771
0.1988133303990234
0.2090032358726938
0.2190988508008742
0.2019910376839916
0.2123396513878033
0.2225924983811135
0.1868379944132418
0.196431324984164
0.2059343309644966
0.1902729663000183
0.2000369872112228
0.2097099228551747
0.1936372164447751
0.2035688046391751
0.2134083214370627
0.1616613820800549
0.1714781089304883
0.181212325145411
0.1646473673995873
0.1746403166121716
0.1845476800036905
0.1675725471740447
0.1777375329483024
0.1878142234064457
0.1692468317261978
0.1795100300543901
0.1896835673629445
0.1720735790001786
0.1825023901780468
0.1928395721806639
0.174836812994594
0.1854272734703348
0.1959245289616481
0.1423776639328029
0.1528418237739211
0.1632332723866802
0.1447640853790967
0.1554006527419053
0.1659623295403964
0.1470976911436755
0.1579025960873995
0.1686303321820485
0.1359774946488987
0.1459783221943043
0.1559114956892876
0.1384963326844785
0.1486796315697436
0.1587934155657844
0.1409645712664111
0.1513265259467829
0.1616169844514035
0.1098792013496499
0.1200313204620776
0.1301272828681783
0.1119193604163904
0.1222576653229994
0.132538927110493
0.1139185690224171
0.1244394924188976
0.1349022194631536
0.1150632136715782
0.1256887048795685
0.1362552648685003
0.1169964971705399
0.1277985151670001
0.1385403406150994
0.1188871534456643
0.1298618283450343
0.1407749475695393
0.1199677851909455
0.1310411762215709
0.1420521201414052
0.1217897044966509
0.1330295013394481
0.1442051944239063
0.1235674230248895
0.13496948777856
0.146305759103246
0.1484313893709442
0.1593323959045705
0.1701548368419125
0.150679662302843
0.1617424948858422
0.1727242308182294
0.1528729920303786
0.1640934458748894
0.1752301533450632
0.154124088432627
0.165434331791509
0.1766592437486694
0.1562289318543121
0.1676900160776733
0.1790631392989635
0.158276944806652
0.1698845148773142
0.1814016340290996
0.1245816406603828
0.1360761926836934
0.1475039869822136
0.126288246656695
0.137938253251107
0.1495199503546021
0.127949054197976
0.1397502060589305
0.1514815799344008
0.09462297561449681
0.1062723823050091
0.1178626602932371
0.09592368550216371
0.1077307459240737
0.1194781231300761
0.09718951102796618
0.1091500018193107
0.1210502797248245
0.06431994144609023
0.07608772471956178
0.08781634722169346
0.06520732956373461
0.07713604684729036
0.08902468698334698
0.06607103326212538
0.07815633942341148
0.09020064416118451
0.06192154032226772
0.07325372479290325
0.08454952984692937
0.06286850271967336
0.07437276189809355
0.08583955764810179
0.0637926379023985
0.07546473201496719
0.08709825605964931
0.09110634309109722
0.1023294825577183
0.1134953402375408
0.0924950575177359
0.1038865371434423
0.1152199266266466
0.09384999158212781
0.1054057076894554
0.1169026409487072
0.08736723169862969
0.09813674879763415
0.1088522145356307
0.08884113386036246
0.0997895659025663
0.1106825028202476
0.09028254991274288
0.1014058210314117
0.1124723792454893
0.08341575218171091
0.09370406164964631
0.1039438582782672
0.08497065587708111
0.0954485910979668
0.1058756362818836
0.08649459284428447
0.09715806150380965
0.107768512130257
0.05668081591162956
0.06705940978443609
0.07740738401081997
0.05774012149367259
0.06831158156654354
0.07885114143847055
0.05877848055366986
0.06953890444374902
0.0802662581819963
0.05937308197533936
0.07024170384320221
0.08107664804527012
0.0603774468980409
0.07142883038440813
0.08244551600459103
0.06135991392718577
0.07258999360442946
0.08378431904223722
0.03125194862550156
0.04214169273103274
0.05303398387334572
0.03178010762618114
0.04285439926733325
0.05393126522349786
0.03229677501253662
0.04355159974064885
0.05480899148930843
0.02983648363511264
0.04023126960185961
0.05062882270279923
0.03039337983998559
0.04098294124840415
0.05157513673351299
0.03093930092724284
0.04171976489053757
0.05250277738862928
0.003023127462283141
0.01341141454787227
0.02379270340300992
0.003079753563943344
0.0136606011393784
0.02423600522349891
0.003135157562948365
0.0139048696202423
0.02467065772610738
0.003166753640810508
0.01404480894607316
0.02491965365554426
0.003219928157643064
0.01428134651000934
0.02534036488372289
0.003271880365850018
0.01451281402354754
0.02575194527833856
0.003301596323424963
0.01464521682846377
0.02598723478543351
0.003351793127772076
0.01486858478931796
0.0263839236907663
0.003400820310962475
0.01508662777047294
0.02677101741836729
0.03259211024328786
0.04395024314594078
0.05531079815975085
0.03309005112700242
0.04462258592128648
0.05615701131267423
0.03357601731925209
0.04527881322440384
0.05698286594620159
0.03385326478101186
0.04565328893272552
0.05745413035496225
0.03431978664633741
0.04628354178000488
0.05824727477806628
0.03477391388519906
0.04689705184794085
0.05901928434228128
0.0034288441200046
0.01521106956934347
0.02699185103878025
0.003476076511675815
0.01542050873453
0.02736343517243077
0.003522071203542559
0.01562437130329623
0.02772508813535795
0.003548257828359801
0.01574042229357319
0.02793098659670355
0.003592199429129077
0.0159352241808017
0.02827675402775164
0.003634822773435859
0.01612422488171975
0.02861235903002941
0.003658993070396501
0.01623150983923428
0.02880304560683151
0.003699402316489793
0.01641109816772984
0.02912250552779736
0.003738451024086016
0.01658473882917654
0.02943145177242603
0.03612752404922558
0.0487253481651491
0.06131949693334554
0.03652872613892499
0.04926659372080523
0.0620004045780994
0.03691672188264111
0.04978997298588666
0.06265885630339156
0.03503247265723858
0.04724636981692688
0.05945881460324667
0.03546664671599102
0.04783290871568361
0.0601967760962096
0.0358880623154996
0.04840211396175968
0.06091286836514385
0.06656275920427254
0.07873721861839811
0.09087009878520663
0.06738836926881914
0.079712549115628
0.09199407026585196
0.06818951898651152
0.0806589726709914
0.09308465093783244
0.09791011451279134
0.1099579639353661
0.1219452594393008
0.099119944365696
0.1113144815766301
0.1234477779989402
0.1002938106914941
0.1126306729355543
0.1249055646556642
0.1009603945333458
0.1133780954332908
0.1257333469571301
0.1020765860392275
0.1146296575264574
0.1271194109167786
0.1031557910053518
0.1158397117608977
0.1284594716247372
0.06864448859095944
0.08119647117790149
0.09370395639957475
0.06940641544048567
0.08209659200035596
0.09474099173734032
0.07014322048747643
0.08296692489211395
0.09574367140803619
0.07056045686249507
0.08345970311301057
0.09631136908083249
0.07125702163459992
0.08428228543522891
0.09725900305226896
0.07192774552974263
0.08507428030896531
0.09817139077728762
0.1037668093155824
0.1165247768559154
0.1292181195860842
0.1047867420287823
0.1176682405651687
0.1304844182930217
0.1057687121938033
0.1187691026000881
0.1317035805915617
0.1063226760069094
0.119390123804199
0.1323913730587143
0.1072438498041121
0.1204228070689391
0.1335351438012523
0.1081262060727309
0.1214119716827992
0.1346307493265191
0.0723061547057013
0.0855210907114079
0.09868611697192764
0.07293542277518233
0.08626410963977413
0.09954205933498028
0.07353821411181156
0.08697584562020458
0.100361943042079
0.03805495430493448
0.05132659607038955
0.06459225100321733
0.03838607420284089
0.05177371649242177
0.06515477929298077
0.03870331194535608
0.05220206543111013
0.06569365956024631
0.03713636192982209
0.05008635560028993
0.0630317605079585
0.0375029055624481
0.05058120330837226
0.06365439930822454
0.03785584511511907
0.05105773403545768
0.06425397580754616
0.003760539776291121
0.01668305034480634
0.02960634853741913
0.003797396437478604
0.0168471764167956
0.0298982141423501
0.003832888241841461
0.01700523144775748
0.03017922969218742
0.003852930432740256
0.01709443457146873
0.03033776770733971
0.00388630153073768
0.01724283749862698
0.03060143837615267
0.003918289530179512
0.01738503154168501
0.03085405845797163
0.003936277104619583
0.01746492781783039
0.03099601201164154
0.003966066113099804
0.01759719590421402
0.03123107978396648
0.003994416007184586
0.01772309733984874
0.03145488658029896
0.03888156818760898
0.05244268860833209
0.06599635202594309
0.03917673275063788
0.05284098574110688
0.06649736268866174
0.03945774324843185
0.05322011643805323
0.06697424756136613
0.03961477948061917
0.0534319318724592
0.06724067148317665
0.03987324099490679
0.0537805190932408
0.06767910215988332
0.04011726277090833
0.05410965092808935
0.06809302941090187
0.004010243003610479
0.0177934134188257
0.03157995567320322
0.00403626033556257
0.01790907368227934
0.03178578379341473
0.004060806378302826
0.01801824675903909
0.03198009548951428
0.004074413256792299
0.01807879053575877
0.03208783755742244
0.004096625324434654
0.01817762691023508
0.03226365774754598
0.004117364212678541
0.01826990221724218
0.03242777107907622
0.004128763664258237
0.01832059198584874
0.03251788748995489
0.004147188303903575
0.0184024631424132
0.0326633877660398
0.004164123552983783
0.01847769701026093
0.03279707044598398
0.04079304343049924
0.05502211736252783
0.06924000348336758
0.04097577831414276
0.05526890391936708
0.06955052434616815
0.04114364218510831
0.05549561325802271
0.06983582974844059
0.04025260913502897
0.05429229929048619
0.06832266992147823
0.04047355082283551
0.05459063309357279
0.06869764155652064
0.04067981238545541
0.05486918994015737
0.06904771476030451
0.07647896747443958
0.09044785305416315
0.1043611485273894
0.07689818736798522
0.0909425859794815
0.1049309954549576
0.07728956420144628
0.09140439407923678
0.1054629262350862
0.07750452374728262
0.09165799101415775
0.1057550313514504
0.07785163611281562
0.09206743259646906
0.1062266508047629
0.07817056570381406
0.0924435855705717
0.1066599395356414
0.1139304613467518
0.127919384323791
0.1418381813129205
0.1144381170500626
0.1284885425821958
0.1424684325968128
0.1149045169635143
0.1290114249084023
0.1430474223950406
0.1124301419113967
0.1262371909444766
0.1399751952466557
0.1130434862560532
0.1269248931402022
0.1407368285823966
0.1136160396767897
0.1275668550483355
0.1414477872611832
0.1106590669253675
0.1242515974674155
0.137776044449357
0.11137683633273
0.1250562931039511
0.1386673042212084
0.1120543904865054
0.1258159071100552
0.1395086130291503
0.07526873926065962
0.0890191013165112
0.1027154998000072
0.07575918075408911
0.08959814378080072
0.1033824534773533
0.07622217444506169
0.09014474208230312
0.1040120250666108
0.07387680310618575
0.08737563220094441
0.1008224619752669
0.0744372449060782
0.0880373698182251
0.1015847019270311
0.07497070328298501
0.08866721738086661
0.1023101893710789
0.1086218089111826
0.121967580496131
0.1352461651040336
0.1094421183290427
0.1228872421327351
0.1362648307462969
0.1102228785082241
0.1237625768167758
0.1372343957649145
0.1429441143121802
0.1561068250432074
0.1691826860356208
0.1440200911637728
0.1572799913924499
0.1704515339238093
0.1450441673272863
0.1583964616598638
0.1716590058416178
0.1456162350042559
0.1590200808035054
0.1723334547477695
0.1465574895227242
0.1600460940755294
0.1734431223658425
0.1474459472574307
0.1610145107230496
0.1744904815787439
0.1800375330304398
0.1931886720562331
0.206233010666369
0.181195279305348
0.1944283028006658
0.2075539523943971
0.1822879991038056
0.195598285420098
0.2088006768475781
0.1767503733719383
0.1896690103000038
0.2024824555169039
0.1780741517994203
0.1910864169030626
0.2039928215051153
0.1793338791267927
0.1924352448671264
0.2054301490866657
0.2098915581389003
0.2225378895851524
0.2350765621017684
0.2114558375793487
0.2241941959311168
0.2368237997843288
0.2129444752856514
0.225770351166648
0.2384864571695414
0.2423232669026826
0.2546837212309819
0.26693010476266
0.2441230000848919
0.2565732541567067
0.2689088485622019
0.2458356554593718
0.2583714252612975
0.2707918373364538
0.2467922656221224
0.2593758295654293
0.2718435620588813
0.2483661553925433
0.2610283373760253
0.2735738785268625
0.2498516616483594
0.2625880060045628
0.2752069784698019
0.2137759697725856
0.2266506863881558
0.2394151102859033
0.2151439696354817
0.2280989986434414
0.2409429702793204
0.2164351025598119
0.2294659178261809
0.2423850163745469
0.2171510845271101
0.2302239296559795
0.2431847233954582
0.2183197678961037
0.2314612519064441
0.2444901396935629
0.2194105714039951
0.2326161526503503
0.2457086128254743
0.2506754651811721
0.2634529017025274
0.2761126136026946
0.252020182382889
0.2648646510459805
0.2775909412256331
0.2532753154708391
0.2661823327917798
0.2789708362300104
0.2539644950085638
0.2669058530015018
0.2797285558728784
0.2550770908181532
0.2680739094609848
0.2809518440505256
0.2560991196236116
0.2691469116054505
0.2820755870839404
0.220009498545311
0.2332503085328494
0.2463776737268805
0.2209763790799879
0.2342741117910326
0.2474577999768622
0.2218645626361383
0.2352146092904532
0.2484500122354956
0.1853130435003121
0.1988370911646762
0.212252029970953
0.1861313643989981
0.1997131881887267
0.2131855666144474
0.1868830818054421
0.2005179590875717
0.2140431116526621
0.182893949598234
0.1962470671496692
0.2094920244589576
0.1838830074536618
0.1973060216675716
0.210620480513259
0.1848061559158816
0.1982943994451835
0.211673736750116
0.1479386727160187
0.1615515719467072
0.1750712971090388
0.1487429887153245
0.1624282659895301
0.1760193625097088
0.1494937700722994
0.1632465915883148
0.1769042740401899
0.1499060286223135
0.1636959443981109
0.1773901746052857
0.1505715843128489
0.1644213966556844
0.1781746205883427
0.1511830037604445
0.1650878270857269
0.1788952334870458
0.151513891927789
0.1654484801485213
0.1792852065247316
0.1520392670000567
0.1660210946452511
0.1799043760883448
0.1525100384344315
0.1665341633819775
0.1804591564938458
0.1527588769223536
0.1668053280391944
0.1807523643049891
0.1531429937430764
0.1672238688430156
0.1812049288783954
0.1534721268995288
0.1675824830514194
0.1815926968646932
0.1888203722425562
0.2025919247857359
0.2162531242230738
0.1892924796710878
0.20309738441595
0.2167918125916412
0.1896969924010925
0.2035304659452375
0.2172533698874563
0.1872898837726192
0.2009534635749265
0.2145071786652177
0.187935777060165
0.201644922983247
0.2152439866476727
0.1885145048453569
0.2022644679569172
0.2159041660478371
0.2223452172586621
0.2357235809743553
0.2489869449394457
0.2231083862770948
0.2365316890644911
0.2498394088602228
0.2237922131844151
0.23725575695643
0.2506031977926349
0.2566521833816398
0.2697275875866578
0.2826837108663816
0.2575302685868093
0.2706495468563417
0.2836492133716166
0.2583170314350571
0.2714756306678411
0.2845142849402697
0.2587328424365212
0.2719122322162816
0.2849714713571735
0.2593746444329779
0.2725861262368616
0.2856771124927865
0.2599245534321082
0.2731635225322463
0.2862816895894115
0.2241536470521301
0.2376384329009071
0.2510068615445016
0.2247115442127885
0.2382290777715326
0.2516299066513936
0.2251895677350194
0.2387351372681479
0.2521637266159449
0.2254309789776416
0.2389906949312744
0.2524333103368359
0.2257823369355581
0.2393626263026135
0.2528256720034166
0.2260534682979174
0.2396496125374112
0.253128434765571
0.260202265070711
0.2734551176690685
0.286586992692877
0.260606454617609
0.2738795268227912
0.2870313148749728
0.2609183534974672
0.2742070356482394
0.2873741484688508
0.2610573665168172
0.2743530206025265
0.2875269344293601
0.2612230519850047
0.2745270537142013
0.2877090245683996
0.2612962411476565
0.2746039773691696
0.2877894327827844
0.2261743145856656
0.2397775112935339
0.253263366204851
0.2263183521949104
0.2399299366228652
0.25342417020161
0.2263819788154467
0.2399972431932132
0.2534951836823049
0.1905301856117841
0.2044222792537589
0.2182040254247763
0.1906519812804826
0.204552581065168
0.2183430275763456
0.1907057378905504
0.2046100484306391
0.2184043917086546
0.1899012711732868
0.2037491523758827
0.2174864512527102
0.1901985657038644
0.2040673752576548
0.2178256561145956
0.1904279637135354
0.2043128936101182
0.2180873847691518
0.1536383570067282
0.1677635995844002
0.1817885371956519
0.1538803085489366
0.1680272276416979
0.1820735955992416
0.154067020250517
0.168230676230051
0.182293580633104
0.1541502476447059
0.1683213607200377
0.1823916441438535
0.154249461654979
0.1684294566539222
0.1825085498526303
0.1542933039571109
0.1684772296026579
0.1825602205517107
0.1171682360670435
0.1315491349159886
0.1458575930054757
0.1172438561950739
0.1316340162306457
0.1459515731834946
0.1172772534425786
0.1316715543577791
0.1459931137404018
0.079718133048352
0.09426934973681006
0.1087632059846468
0.07976976742676188
0.09433022275844404
0.1088333501039943
0.07979253602061133
0.09435703103490914
0.1088642481350608
0.07945125058784192
0.09395456468271426
0.1084006874398644
0.07957740959637405
0.09410340222128523
0.1085720922403862
0.0796747659908698
0.09421821761505697
0.1087043091917962
0.1167779737390805
0.1311113171119234
0.1453727404599873
0.116962462939704
0.1313182453744463
0.1456019002300505
0.1171047989296653
0.1314779428430642
0.1457787559341004
0.1161068437057596
0.1303591676809413
0.144539731043157
0.1163999862724512
0.1306876677993136
0.1449035432649601
0.1166511627996292
0.1309691517600849
0.1452152934697347
0.1151569478118259
0.1292944093334524
0.1433607657240759
0.1155577755748874
0.1297437304829741
0.1438582817064579
0.1159169597148635
0.1301463548484454
0.1443040760643018
0.07834319016958941
0.09264717499692306
0.1068944604236129
0.07861727900995306
0.0929704667083099
0.1072668786580961
0.07886286669767459
0.09326017544754207
0.1076006194685197
0.07899265001514399
0.09341331841523945
0.1077770545965075
0.07919294816742259
0.09364971865383984
0.1080494393059053
0.07936457302939688
0.09385227686521286
0.1082828492430599
0.04157638950428558
0.05607976943384824
0.07057114472969513
0.04168203196074032
0.05622224055985239
0.07075017036089093
0.04177256726526345
0.05634434578131228
0.07090355017354656
0.04123448858195268
0.05561828003309085
0.06999023971660623
0.04137874247677712
0.05581301162095918
0.07023539927867241
0.04150800930183277
0.05598750866148214
0.07045508861641171
0.004173294223934936
0.01851842537843102
0.03286944692633521
0.004187854052926335
0.01858309441348334
0.03298442232854167
0.004200894687036767
0.01864103259421749
0.03308748078083047
0.004207777788321156
0.01867164059814794
0.03314197600594002
0.004218388607431907
0.01871885924886004
0.03322611970088092
0.004227479127076509
0.01875930942111666
0.0332982363141103
0.00423207936382448
0.01877976666968739
0.03333463209660446
0.004238799131632637
0.0188096073941951
0.03338752474643607
0.004244002992255423
0.01883266730139973
0.03342829044066568
0.04181828950727673
0.05640601761860611
0.07098104972047033
0.04188481267148454
0.05649577425870685
0.07109394477443652
0.04193612323400114
0.05656505154195658
0.07118111447031558
0.04195897559962001
0.05659593384013475
0.07122002989342906
0.04198617084447155
0.05663275618809605
0.07126653756726473
0.04199811278896864
0.05664905701681383
0.07128723301943878
0.004246339689716268
0.01884297669465742
0.03344639578168971
0.004249151235073596
0.01885530659332039
0.03346782303506108
0.004250424785749485
0.01886079540755314
0.03347708393648021
