FiniteElementSpace
FiniteElementCollection: L2_2D_P1
VDim: 1
Ordering: 0

1.791184215461466e+143
1.646849980698155e+143
-5.265011309597406e+143
-5.792917405839475e+143
1.552226771569452e+143
1.427886563436914e+143
-6.183277606414856e+143
-6.677054238315854e+143
-1.365645818779665e+144
-1.480416074240664e+144
-2.72361874113902e+144
-2.914027207125254e+144
-1.157324020035014e+144
-1.278087393312837e+144
-2.365343231809845e+144
-2.57386175250592e+144
-3.315263256442326e+144
-3.603994478506611e+144
-4.832827883356932e+144
-5.249112751773698e+144
-6.014266589801117e+144
-6.533002923503462e+144
-7.806180560235504e+144
-8.486171755569675e+144
-6.905426781932521e+144
-7.391452618713001e+144
-8.974741224760747e+144
-9.612835744971085e+144
-3.812266392775927e+144
-4.083092671135199e+144
-5.547607521567609e+144
-5.933770142609697e+144
-4.274637180157592e+144
-4.520942539691367e+144
-6.205577703083795e+144
-6.550579596235548e+144
-7.734888523614796e+144
-8.176422025203307e+144
-1.006374035973956e+145
-1.064040152927873e+145
-8.481589159814594e+144
-8.866805426455167e+144
-1.103848343933628e+145
-1.153549656200675e+145
-4.690553065742697e+144
-4.905029895092219e+144
-6.787289628705885e+144
-7.081833586712502e+144
-1.735930992085459e+144
-1.826065464257362e+144
-3.330939607476554e+144
-3.473883287987607e+144
-1.560823391383462e+144
-1.665149843051382e+144
-3.047780636021728e+144
-3.216139480648436e+144
1.344136953888974e+143
1.239920405930443e+143
-7.023407655261345e+143
-7.469819661729796e+143
1.168224490767025e+143
1.083769818573897e+143
-7.76699863144645e+143
-8.152607890009349e+143
1.025113183974747e+143
9.599567895318002e+142
-8.395935113395957e+143
-8.70875825875319e+143
-1.885161935376101e+144
-1.958143287736686e+144
-3.567637141064691e+144
-3.682214736248281e+144
-2.003909691418628e+144
-2.057534723190762e+144
-3.753503747680439e+144
-3.837238911901602e+144
9.151720920207286e+142
8.689147924798604e+142
-8.894442765287575e+143
-9.124834286529341e+143
8.386672154335628e+142
8.110238817886842e+142
-9.250101318828688e+143
-9.39111163738453e+143
7.957798281698785e+142
7.865835906392994e+142
-9.454177823406992e+143
-9.501642747902771e+143
-2.137300902828846e+144
-2.14831646513708e+144
-3.960264112279099e+144
-3.977401858143164e+144
-2.088734731139137e+144
-2.121493824855907e+144
-3.885170638143646e+144
-3.93618941424365e+144
-5.540858322923047e+144
-5.620912318111509e+144
-7.935715260363302e+144
-8.041144575632397e+144
-5.65970393541142e+144
-5.686720410833487e+144
-8.091467349326604e+144
-8.126876435669054e+144
-1.023662066523053e+145
-1.028610942075899e+145
-1.325779269839162e+145
-1.331831033396246e+145
-1.001934507058414e+145
-1.016553487169899e+145
-1.299124795097942e+145
-1.317132171345925e+145
-9.643644828991681e+144
-9.880010457717161e+144
-1.25240881761408e+145
-1.281912438551751e+145
-5.33442732480059e+144
-5.464565875209267e+144
-7.662440901014287e+144
-7.835489036623384e+144
-5.047700866897909e+144
-5.223148066434838e+144
-7.276878161121171e+144
-7.513519739555417e+144
-9.124719476880084e+144
-9.441400964726407e+144
-1.186716263068525e+145
-1.226909588394637e+145
-1.407492289509171e+145
-1.457916255735742e+145
-1.73360371823225e+145
-1.795685026737815e+145
-1.991286440083641e+145
-2.066204904533905e+145
-2.370577537541145e+145
-2.461206841967558e+145
-2.11462315560093e+145
-2.171258273618712e+145
-2.519508358335536e+145
-2.58689202889714e+145
-1.490317810389445e+145
-1.528190896076691e+145
-1.835350061399273e+145
-1.881175528920749e+145
-1.550633418442724e+145
-1.574191639273483e+145
-1.908073597863914e+145
-1.936122978009534e+145
-1.585684662640211e+145
-1.593686740176393e+145
-1.949653800946743e+145
-1.959090358285149e+145
-2.25778339202297e+145
-2.269866570672645e+145
-2.688143635661293e+145
-2.702094204275334e+145
-2.204993281826391e+145
-2.240434598031782e+145
-2.626678850326929e+145
-2.668085139521623e+145
-2.971570055292092e+145
-3.022626474602036e+145
-3.46135660630348e+145
-3.520341427767703e+145
-3.047707158533177e+145
-3.065184198112641e+145
-3.549044520949626e+145
-3.56895451464242e+145
-3.961736774072916e+145
-3.986209158590343e+145
-4.535714533668638e+145
-4.563298846442391e+145
-3.855429193237186e+145
-3.926638750454064e+145
-4.414233918522921e+145
-4.495800834788005e+145
-3.675371277162243e+145
-3.787786562063498e+145
-4.20426797451438e+145
-4.33567689225152e+145
-2.841944361000358e+145
-2.923022620093337e+145
-3.309093820083273e+145
-3.404611879857298e+145
-2.666175915152611e+145
-2.772712742989867e+145
-3.099261919548995e+145
-3.22661816876792e+145
-3.432758933967289e+145
-3.57951680036924e+145
-3.917527350747744e+145
-4.09115754753708e+145
-3.140191270520417e+145
-3.314001694738524e+145
-3.571123899740234e+145
-3.776873769417619e+145
-2.811332179975748e+145
-3.004397044298302e+145
-3.184004153324664e+145
-3.411097871829408e+145
-2.209647552655215e+145
-2.352510980073793e+145
-2.551865918799662e+145
-2.722779299860956e+145
-2.452487267681278e+145
-2.579686076879976e+145
-2.842633036109471e+145
-2.995373684811597e+145
-1.840236487256272e+145
-1.930327415759552e+145
-2.186266081880973e+145
-2.296229504513e+145
-1.305412144194046e+145
-1.366418627573926e+145
-1.606366165350192e+145
-1.68247273795594e+145
-1.187497940145962e+145
-1.25711198943804e+145
-1.458414152049514e+145
-1.545750941759093e+145
-1.666993980963136e+145
-1.769105485815614e+145
-1.974622655756515e+145
-2.099290307727381e+145
-1.477378965261012e+145
-1.588205738721505e+145
-1.74413823382295e+145
-1.878724610301028e+145
-1.057271041435371e+145
-1.133502509672272e+145
-1.295179886841452e+145
-1.390671849414802e+145
-9.184457326787357e+144
-9.991854209413746e+144
-1.12213302844285e+145
-1.222700032487501e+145
-1.277466276793756e+145
-1.393547525629898e+145
-1.502941925819246e+145
-1.642866072465805e+145
-1.673517511529129e+145
-1.8319411056256e+145
-1.917366621088036e+145
-2.103890360130339e+145
-1.94691004697492e+145
-2.100170588837825e+145
-2.239566175388092e+145
-2.421553044045845e+145
-2.460272085787247e+145
-2.664588798587507e+145
-2.774230460449713e+145
-3.012494153764023e+145
-2.100295271728757e+145
-2.308412150475945e+145
-2.357880338842239e+145
-2.598351006754507e+145
