FiniteElementSpace
FiniteElementCollection: L2_2D_P3
VDim: 1
Ordering: 0

0.0044684644
0.0045799778
0.0047209475
0.0048254343
0.021253797
0.021782877
0.022451674
0.022947372
0.043107487
0.044180575
0.045537164
0.046542717
0.059830858
0.06132185
0.063206969
0.064604471
0.0048798278
0.0049794343
0.0051044743
0.0051964615
0.023205416
0.023677954
0.024271134
0.024707509
0.047066204
0.048024878
0.049228417
0.05011387
0.065332065
0.066664645
0.068337787
0.06956889
0.075063354
0.076596117
0.078520726
0.079936934
0.093320028
0.095229016
0.097626122
0.099390055
0.11710853
0.11950829
0.1225217
0.12473917
0.13529533
0.13807033
0.14155488
0.14411899
0.068736765
0.070451285
0.072619208
0.074226496
0.085441369
0.087576336
0.090276094
0.092277783
0.1072047
0.10988839
0.11328209
0.11579834
0.1238428
0.12694615
0.13087055
0.13378028
0.13268851
0.13601493
0.1402214
0.14334023
0.14923816
0.15298167
0.15771538
0.16122496
0.17071054
0.1749939
0.18040963
0.1844244
0.18705431
0.19174684
0.1976792
0.20207629
0.19571696
0.20062557
0.20683051
0.2114292
0.21187177
0.2171813
0.22389178
0.22886432
0.23272666
0.23854988
0.24590802
0.25135937
0.2485198
0.25472946
0.26257485
0.26838652
0.21382299
0.21820619
0.22370765
0.22775401
0.23145241
0.23619087
0.24213728
0.24651033
0.25419632
0.25938984
0.26590634
0.27069798
0.27141077
0.27694685
0.28389259
0.28899948
0.14496414
0.1479385
0.15167332
0.15442156
0.16305227
0.16639905
0.17060127
0.17369324
0.18651456
0.19034242
0.19514795
0.19868331
0.20436528
0.20855679
0.21381814
0.21768825
0.15584487
0.1584371
0.1616626
0.16401258
0.17529448
0.17821065
0.18183894
0.18448216
0.20051399
0.20384765
0.20799472
0.21101541
0.21969208
0.22334067
0.22787893
0.23118412
0.22984899
0.23366336
0.23840748
0.24186235
0.24877423
0.25289586
0.25802151
0.26175387
0.27317838
0.27769384
0.28330873
0.28739699
0.29164296
0.29645514
0.3024387
0.30679523
0.24363837
0.24684751
0.25078939
0.25362034
0.26367241
0.26713892
0.27139663
0.27445423
0.28949839
0.2932951
0.29795812
0.30130659
0.30903445
0.31308012
0.31804874
0.32161663
0.16522096
0.16740502
0.17008883
0.17201701
0.18584124
0.18829755
0.19131565
0.19348381
0.21256843
0.21537498
0.21882293
0.22129956
0.23288327
0.23595364
0.23972529
0.24243413
0.085502188
0.08662778
0.088010975
0.08900477
0.10632211
0.10772419
0.10944718
0.11068513
0.13345364
0.13521624
0.13738225
0.1389385
0.15419531
0.15623324
0.15873754
0.1605368
0.080670381
0.082006212
0.083668401
0.084879449
0.10030361
0.10196748
0.1040379
0.1055464
0.12588762
0.12797931
0.1305821
0.13247848
0.14544696
0.14786558
0.15087512
0.1530678
0.0052440946
0.0053308352
0.0054387466
0.0055173491
0.024933468
0.025344942
0.025856827
0.026229699
0.050572395
0.051407414
0.052446287
0.053203086
0.070206451
0.071367614
0.072812409
0.073865036
0.0055577631
0.0056308032
0.0057205451
0.0057850081
0.02642141
0.026767879
0.027193564
0.027499358
0.053592213
0.054295493
0.055159636
0.055780441
0.074406305
0.075384633
0.076586846
0.077450605
0.005817816
0.0058764496
0.0059471552
0.005996862
0.027654982
0.027933123
0.028268525
0.028504308
0.056096395
0.05666111
0.057342126
0.057820901
0.077890234
0.078676043
0.079623759
0.080290076
0.089510583
0.090414691
0.091505075
0.09227169
0.11131522
0.11244147
0.1137998
0.11475481
0.13973059
0.14114641
0.14285394
0.14405446
0.16145256
0.1630894
0.16506346
0.16645134
0.092655527
0.093329123
0.094115812
0.094647604
0.11523298
0.11607213
0.11705219
0.11771471
0.14465555
0.14571041
0.14694238
0.14777519
0.16714623
0.16836569
0.16978986
0.17075258
0.0060217482
0.006065416
0.0061164105
0.006150881
0.028622352
0.028829496
0.029071395
0.029234904
0.058060607
0.058481259
0.058972512
0.059304587
0.080623697
0.081209171
0.081892956
0.082355191
0.0061676055
0.0061958895
0.0062266856
0.0062455887
0.029314235
0.029448392
0.029594466
0.02968413
0.059465706
0.059738188
0.06003488
0.060217007
0.082579475
0.082958777
0.0833718
0.083625339
0.0062539914
0.0062666165
0.0062769152
0.0062800702
0.029723987
0.029783871
0.029832716
0.029847676
0.060297965
0.06041961
0.060518837
0.060549234
0.083738045
0.083907386
0.084045521
0.084087831
0.096238509
0.096433322
0.096592232
0.096640903
0.11969674
0.11993946
0.12013744
0.12019808
0.15026661
0.1505717
0.15082056
0.15089679
0.17363259
0.17398526
0.17427293
0.17436104
0.094905637
0.095342009
0.095817171
0.09610885
0.11803617
0.11857983
0.11917181
0.11953521
0.14817927
0.14886265
0.14960677
0.15006356
0.1712197
0.17200967
0.17286985
0.17339787
0.18346413
0.1843105
0.18523206
0.18579776
0.20635217
0.20730339
0.20833909
0.20897484
0.23599306
0.2370788
0.23826089
0.23898646
0.2585001
0.25968689
0.26097895
0.261772
0.18604922
0.18642705
0.18673524
0.18682964
0.20925743
0.20968203
0.21002837
0.21013446
0.23930897
0.23979354
0.24018878
0.24030984
0.26212449
0.2626541
0.26308607
0.26321837
0.27419611
0.27474954
0.27520093
0.27533919
0.29667327
0.29727077
0.29775812
0.29790739
0.325636
0.32629021
0.32682382
0.32698725
0.34753973
0.34823681
0.34880536
0.3489795
0.27040882
0.27164895
0.27299908
0.27382777
0.29258408
0.2939231
0.29538086
0.29627558
0.32115873
0.32262483
0.32422094
0.32520057
0.34276916
0.34433131
0.34603197
0.34707578
0.26401128
0.26592699
0.26816376
0.26967545
0.28567592
0.28774462
0.29015992
0.29179221
0.31359472
0.31585985
0.31850446
0.3202917
0.3347097
0.33712321
0.33994104
0.34184534
0.17909957
0.18040621
0.18193217
0.18296366
0.20144641
0.20291517
0.20463034
0.20578968
0.23039267
0.23206955
0.2340276
0.23535101
0.25237766
0.25421099
0.25635157
0.25779826
0.17299837
0.17475243
0.1768678
0.17835498
0.19458725
0.1965594
0.19893758
0.20060941
0.22255988
0.22481225
0.22752804
0.22943701
0.24381253
0.24627575
0.2492455
0.25133279
0.25506083
0.25763495
0.2607383
0.26291944
0.27600999
0.27879001
0.28214145
0.28449687
0.30301029
0.30605459
0.30972452
0.31230368
0.32343195
0.32667571
0.33058601
0.33333412
0.3342134
0.33756242
0.34159968
0.34443708
0.35425094
0.35779651
0.36207107
0.36507544
0.38000909
0.38380931
0.38839129
0.39161203
0.39945013
0.40344389
0.40825948
0.41164454
0.40970158
0.41379777
0.41873692
0.42220886
0.42872788
0.43301405
0.43818216
0.44181495
0.45311941
0.45764834
0.46310889
0.46694706
0.47146557
0.4761764
0.48185615
0.48584832
0.42394703
0.42699704
0.43055861
0.43296588
0.44363358
0.44682473
0.45055097
0.45306948
0.46886847
0.47223988
0.47617653
0.47883718
0.4878468
0.49135341
0.49544787
0.49821516
0.34585738
0.34834939
0.35125897
0.35322537
0.36657942
0.36921834
0.37229965
0.3743822
0.39322438
0.39605359
0.39935725
0.40159019
0.41333921
0.41631289
0.41978538
0.42213248
0.35417934
0.35579252
0.35754881
0.35862682
0.37539255
0.37710109
0.37896126
0.38010303
0.40267353
0.40450555
0.40650021
0.40772457
0.42327124
0.42519696
0.42729369
0.4285807
0.35910597
0.35982591
0.36041313
0.36059298
0.38061054
0.38137306
0.38199502
0.38218551
0.4082688
0.40908651
0.4097535
0.40995779
0.42915279
0.43001234
0.43071345
0.4309282
0.4401657
0.44104718
0.44176617
0.44198639
0.46060182
0.46152402
0.46227622
0.4625066
0.48679441
0.48776858
0.48856317
0.48880655
0.50649119
0.5075044
0.50833083
0.50858396
0.4341338
0.43610881
0.43825914
0.43957901
0.45429135
0.45635759
0.45860722
0.45998805
0.48012801
0.48231082
0.48468733
0.48614603
0.49955771
0.50182798
0.5042997
0.50581684
0.5097749
0.51209123
0.51461316
0.51616114
0.52868512
0.53108719
0.53370256
0.53530795
0.55283529
0.55534822
0.55808452
0.55976426
0.57093878
0.57353619
0.57636468
0.57810112
0.51684921
0.51788304
0.51872629
0.51898457
0.53602155
0.53709374
0.5379683
0.53823616
0.56051095
0.56163288
0.56254805
0.56282836
0.57887303
0.58003291
0.58097906
0.58126887
0.58851243
0.58969247
0.59065507
0.59094993
0.60632191
0.60753931
0.60853241
0.60883661
0.62899581
0.63026105
0.63129318
0.63160934
0.64592873
0.64722985
0.64829126
0.64861638
0.5804408
0.58308309
0.58596056
0.58772712
0.59799504
0.60072079
0.60368926
0.60551173
0.62034207
0.62317476
0.62625975
0.6281538
0.63702985
0.63994272
0.64311511
0.64506285
0.56682011
0.57089707
0.57565904
0.57887854
0.58394596
0.58815074
0.59306249
0.59638348
0.60574313
0.61011224
0.61521622
0.61866733
0.62201837
0.62651078
0.631759
0.63530772
0.49782668
0.50140432
0.50558174
0.50840513
0.51629593
0.52000543
0.52433698
0.52726469
0.53987717
0.54375653
0.54828695
0.55134939
0.5575479
0.56155636
0.56623802
0.56940302
0.4811135
0.48591983
0.49171469
0.49578772
0.498968
0.50395103
0.50995896
0.51418189
0.52175984
0.52696929
0.53325081
0.53766648
0.53883276
0.54421339
0.55070201
0.55526385
0.5477882
0.55325936
0.55985772
0.56449712
0.56432266
0.56996286
0.57676619
0.58155029
0.58535759
0.59121595
0.59828345
0.60325396
0.601059
0.60708185
0.61434832
0.61945896
0.52352521
0.53034013
0.53871269
0.54472722
0.53931899
0.5463406
0.55496849
0.56116742
0.55939848
0.56668638
0.57564365
0.5820807
0.57437744
0.58186686
0.59107329
0.59769027
0.49424672
0.50234563
0.51241836
0.51975403
0.50916039
0.51750191
0.52787712
0.53543382
0.52811157
0.53676311
0.54752589
0.55536663
0.54223918
0.55112403
0.56217922
0.57023463
0.43404885
0.44116833
0.45002366
0.45647282
0.45016981
0.45755233
0.4667343
0.4734211
0.47075062
0.47846791
0.48806587
0.49505542
0.48616433
0.49413196
0.50404126
0.5112577
0.45978824
0.46577917
0.47313845
0.47842394
0.47685856
0.48306993
0.49069978
0.49617959
0.4986485
0.50514109
0.51311659
0.51884486
0.5149675
0.52167126
0.52990671
0.53582228
0.39153129
0.39663536
0.40290568
0.40740957
0.4097148
0.41505548
0.42161669
0.42632955
0.43302729
0.43867138
0.44560501
0.45058515
0.4505646
0.45643618
0.46364903
0.46882946
0.31934875
0.32352567
0.32865552
0.33233918
0.33851603
0.34293724
0.34836734
0.3522668
0.36314831
0.36788517
0.37370369
0.3778826
0.38173325
0.38671015
0.39282404
0.39721542
0.30139252
0.30636106
0.31253894
0.31703687
0.31951063
0.32476945
0.33130824
0.336069
0.34279057
0.34842297
0.35542688
0.36052678
0.36034912
0.36626476
0.37362159
0.37897909
0.36960322
0.37566883
0.38321271
0.38870682
0.38677302
0.39311838
0.401011
0.40675945
0.40878209
0.41548776
0.42382883
0.429904
0.42533943
0.43231637
0.44099474
0.44731526
0.34410888
0.35108427
0.3598361
0.36627165
0.36011006
0.36740406
0.37655685
0.38328805
0.38061181
0.38831676
0.39798679
0.40509941
0.3960303
0.40404619
0.41410724
0.42150768
0.28050177
0.28621827
0.29339012
0.2986631
0.29739818
0.30344926
0.31104054
0.31662172
0.31910918
0.32558952
0.33371933
0.33969657
0.3354818
0.34228615
0.35082285
0.35709979
0.25686254
0.26327558
0.27137748
0.27737888
0.27237167
0.27916174
0.28773921
0.29409238
0.29230493
0.29957793
0.30876473
0.31556883
0.30733855
0.31497496
0.32462058
0.33176456
0.31525984
0.3230876
0.33297504
0.34029829
0.32994961
0.33813255
0.3484692
0.35612574
0.34876382
0.35740301
0.36831755
0.37640351
0.36290618
0.37189002
0.38324157
0.39165249
0.37034203
0.37950781
0.39109018
0.39967274
0.38410316
0.39360709
0.40561825
0.41451922
0.40167181
0.41160946
0.42416951
0.43347719
0.41483301
0.42509614
0.4380672
0.44767887
0.40414005
0.41231997
0.42258695
0.43013877
0.41915238
0.42763589
0.43828359
0.44611512
0.43832186
0.44719223
0.45832459
0.46651191
0.45268153
0.46184074
0.47333496
0.48178808
0.46021196
0.4695223
0.48120599
0.48979838
0.47410746
0.48369641
0.49572953
0.50457893
0.4917632
0.501706
0.51418351
0.52336029
0.50492163
0.5151285
0.52793822
0.53736039
0.42173605
0.43216978
0.44535597
0.45512666
0.43447606
0.44522402
0.45880633
0.46886992
0.45066684
0.46181291
0.47589727
0.48633236
0.46273475
0.47417683
0.48863482
0.49934669
