FiniteElementSpace
FiniteElementCollection: L2_2D_P1
VDim: 1
Ordering: 0

-5.387274882882166e+146
4.534592811246325e+145
-5.414321824486205e+146
4.482189883799173e+145
-5.270985952450326e+146
4.77897804335299e+145
-5.351337873210422e+146
4.621458013804194e+145
-2.213887086238653e+147
-1.190223873943899e+147
-2.242959119383588e+147
-1.208890990858379e+147
-2.256677606433684e+147
-1.217898339326241e+147
-2.2664432094898e+147
-1.224175338051022e+147
-4.610761467717892e+147
-3.225069532775276e+147
-4.630938630137721e+147
-3.240464333062562e+147
-7.55468904255582e+147
-5.833134348296965e+147
-7.589173811532498e+147
-5.861334529702968e+147
-7.40280382843988e+147
-5.709324179326763e+147
-7.505415274497103e+147
-5.792627525048709e+147
-4.522009242771154e+147
-3.15734772818408e+147
-4.582086037676706e+147
-3.202964902477577e+147
-4.366289293366204e+147
-3.039717136497307e+147
-4.464897325916008e+147
-3.11387399678024e+147
-7.136602137666762e+147
-5.495238881485188e+147
-7.304722643766743e+147
-5.62992712605683e+147
-6.762266203086386e+147
-5.199539607795627e+147
-6.991299860004346e+147
-5.379994244606118e+147
-4.146584047357977e+147
-2.876331776730798e+147
-4.281429536370052e+147
-2.976306868063577e+147
-2.032946948954931e+147
-1.074221971938532e+147
-2.098236708910424e+147
-1.115808941616922e+147
-2.138859331827262e+147
-1.141888014978166e+147
-2.186574146954217e+147
-1.172445170993731e+147
-5.068321011295865e+146
5.214925840955316e+145
-5.199605029718201e+146
4.951337835098572e+145
-4.784256357341681e+146
5.841403250527343e+145
-4.962512394531457e+146
5.470122517526061e+145
-4.425869433032847e+146
6.656894521039435e+145
-4.645601186759737e+146
6.175646396966611e+145
-1.898069575022123e+147
-9.891856919440693e+146
-1.979523183580407e+147
-1.040547025215515e+147
-1.73671707634538e+147
-8.894041142489778e+146
-1.832653009843082e+147
-9.488524642979679e+146
-4.00214892937453e+146
7.659296646112364e+145
-4.256527917660056e+146
7.06543941003533e+145
-3.523417558448873e+146
8.845055015594904e+145
-3.804786334920973e+146
8.136527111159882e+145
-3.000161803277419e+146
1.020670640343616e+146
-3.300978575064445e+146
9.384246521554417e+145
-1.34784371735103e+147
-6.59478036164678e+146
-1.466663842177857e+147
-7.282926385303068e+146
-1.551999878631281e+147
-7.781860629077575e+146
-1.660500349578285e+147
-8.435856064826081e+146
-3.161193624568525e+147
-2.17234405444366e+147
-3.381240700895303e+147
-2.326669013660799e+147
-2.75389068784066e+147
-1.889136718695703e+147
-2.991102326725015e+147
-2.053664453371073e+147
-4.448196474541224e+147
-3.427109997646335e+147
-4.835675910177026e+147
-3.722701562952006e+147
-5.114077488742471e+147
-3.934919879115069e+147
-5.477682938742606e+147
-4.211872019422919e+147
-5.734621950389653e+147
-4.407572127778786e+147
-6.063220829408293e+147
-4.659171197272039e+147
-3.536124824181726e+147
-2.435816836104834e+147
-3.732717279740795e+147
-2.576169038246794e+147
-3.867601775920844e+147
-2.672818217473041e+147
-4.035441782379711e+147
-2.795033565790949e+147
-6.290059875129072e+147
-4.833064609283208e+147
-6.573272901415944e+147
-5.052572424414834e+147
-9.153557567138924e+147
-7.438631034678056e+147
-9.587235708920058e+147
-7.786264326296772e+147
-1.245800171181233e+148
-1.048622100407011e+148
-1.308460636837948e+148
-1.099958621191907e+148
-1.125199381238678e+148
-9.499033095928764e+147
-1.196238759041752e+148
-1.008089516332496e+148
-8.310482494853808e+147
-6.766720434183677e+147
-8.808153791478754e+147
-7.163402225324128e+147
-7.380324554657403e+147
-6.024648396133401e+147
-7.924466479144738e+147
-6.459038230785252e+147
-6.394251507064581e+147
-5.233580031444246e+147
-6.967312544307691e+147
-5.693659059767072e+147
-8.564215142703695e+147
-7.279387076767019e+147
-9.361545016199858e+147
-7.940852947154643e+147
-9.938624251904041e+147
-8.418549704705329e+147
-1.070553790550099e+148
-9.050073993979651e+147
-1.276172167602927e+148
-1.109407903224858e+148
-1.379873759100494e+148
-1.196740369695391e+148
-1.092573170557564e+148
-9.536206135218077e+147
-1.198860007259672e+148
-1.043895142448148e+148
-1.343591136550515e+148
-1.19681141775672e+148
-1.480618555917602e+148
-1.315402674932886e+148
-1.580839958671899e+148
-1.401937033662288e+148
-1.716609777531199e+148
-1.518362841980599e+148
-1.814341333895982e+148
-1.601981634389971e+148
-1.94374616514155e+148
-1.711995801015746e+148
-1.454129954639253e+148
-1.259123636488083e+148
-1.551521539839078e+148
-1.340531514426767e+148
-1.619817803670778e+148
-1.397501010156614e+148
-1.706854019378944e+148
-1.469982717478231e+148
-2.034933809049182e+148
-1.789375435486265e+148
-2.15217627326004e+148
-1.888417843012008e+148
-2.232324914428465e+148
-1.956089289861198e+148
-2.331264622943859e+148
-2.03971633626614e+148
-2.395718346329114e+148
-2.09433710021844e+148
-2.470599100124507e+148
-2.158394710740623e+148
-1.885621188416372e+148
-1.619425375879955e+148
-1.940050251832806e+148
-1.665626206553537e+148
-1.766052660244769e+148
-1.519267228736185e+148
-1.838624081624419e+148
-1.579975117614061e+148
-1.350826382271153e+148
-1.134694906756018e+148
-1.402469685849264e+148
-1.177385701171164e+148
-9.878595413534472e+147
-8.020314405998375e+147
-1.023235338200161e+148
-8.307645331904391e+147
-1.045837667981499e+148
-8.492279135949161e+147
-1.071950397697878e+148
-8.708091369531511e+147
-1.435691643447954e+148
-1.204975876936268e+148
-1.474088885675903e+148
-1.237248270633904e+148
-1.496760613220411e+148
-1.256471492980261e+148
-1.52035516220711e+148
-1.276667020945404e+148
-1.087277726412561e+148
-8.835975612157787e+147
-1.103261106879108e+148
-8.970217440212386e+147
-1.110971376764155e+148
-9.035708144188085e+147
-1.116348610965074e+148
-9.081306388826772e+147
-1.531785096619827e+148
-1.28655288557243e+148
-1.539734550216378e+148
-1.293438244200549e+148
-2.022352314919302e+148
-1.736675206772672e+148
-2.033697628170944e+148
-1.746634149593077e+148
-1.972385103708945e+148
-1.693289995321881e+148
-2.005996429103102e+148
-1.722383478701036e+148
-2.515363256503131e+148
-2.196939516513479e+148
-2.561842538730526e+148
-2.237516864030371e+148
-2.584586564862208e+148
-2.257516773553786e+148
-2.60030493595149e+148
-2.27146187432315e+148
