FiniteElementSpace
FiniteElementCollection: L2_2D_P3
VDim: 1
Ordering: 0

1.928435437657632e+87
3.376280074213885e+87
7.995935093047074e+86
-1.191935986017901e+87
-2.487051245231123e+87
3.020269540126555e+87
1.852821430533612e+87
-6.515648770149476e+86
-8.491189527440333e+87
1.530132696583725e+87
2.625194619868243e+87
-6.860689082242068e+85
-9.962796773168978e+87
5.400498699348738e+86
2.892616750116817e+87
1.196101341809164e+86
-6.626492417833035e+87
-7.577814888575771e+87
-7.237952068939674e+87
-1.459879170431362e+87
6.391461167622119e+87
7.369831989075106e+86
-7.123394013675839e+87
-7.237952068939674e+87
3.501071737398609e+88
2.780051282574147e+88
7.369831989075127e+86
-7.577814888575794e+87
-1.509932693401086e+89
3.501071737398615e+88
6.391461167622128e+87
-6.626492417833115e+87
1.19610134180936e+86
-6.860689082240021e+85
-6.515648770149326e+86
-1.191935986017897e+87
2.892616750116836e+87
2.625194619868259e+87
1.852821430533627e+87
7.995935093047187e+86
5.400498699348934e+86
1.530132696583744e+87
3.020269540126571e+87
3.376280074213895e+87
-9.962796773168928e+87
-8.491189527440314e+87
-2.487051245231116e+87
1.928435437657641e+87
-1.416072779898003e+87
-1.633523832282274e+87
-1.339736061476386e+87
-7.738999430021764e+86
1.205470550025444e+86
-9.55960613659781e+86
-1.614398108824047e+87
-1.33973606147638e+87
2.931827274977477e+87
1.278878208945376e+87
-9.559606136597827e+86
-1.633523832282266e+87
3.205136103916911e+87
2.931827274977472e+87
1.205470550025367e+86
-1.416072779898001e+87
