FiniteElementSpace
FiniteElementCollection: L2_2D_P3
VDim: 1
Ordering: 0

0.3434212
0.33491857
0.32349687
0.31449235
0.33491857
0.32662818
0.3154869
0.30669995
0.32349687
0.31548691
0.30471688
0.29621867
0.31449236
0.30669996
0.29621867
0.28794569
0.30960524
0.30192974
0.29160388
0.28345243
0.30026828
0.29281407
0.28278317
0.27486305
0.28776009
0.28059914
0.27096073
0.26334959
0.27792371
0.2709918
0.26166106
0.2542928
0.27902487
0.27056081
0.2592151
0.25029029
0.27056081
0.26233605
0.25131103
0.24263875
0.25921509
0.25131102
0.24071631
0.23238314
0.25029028
0.24263876
0.23238315
0.22431728
0.30960523
0.30026827
0.28776007
0.27792369
0.30192973
0.29281406
0.28059913
0.2709918
0.29160387
0.28278316
0.27096073
0.26166108
0.28345243
0.27486305
0.2633496
0.25429281
0.27259359
0.26242723
0.24884346
0.23819035
0.26578558
0.25585539
0.24258747
0.23218265
0.25662153
0.24700939
0.23416719
0.22409716
0.24938495
0.24002427
0.22751883
0.21771365
0.23242854
0.2214594
0.20684382
0.19541306
0.22655542
0.21584301
0.20157089
0.19041021
0.21865139
0.20828517
0.19447634
0.18368042
0.21241144
0.20231913
0.18887718
0.17837046
0.20902258
0.19907927
0.18583707
0.17548793
0.20254565
0.19288779
0.18002855
0.1699817
0.19386811
0.18459437
0.17225106
0.16261173
0.18704705
0.17807696
0.16614183
0.15682499
0.24545402
0.23623009
0.22390781
0.21424672
0.23793951
0.22897732
0.21700566
0.20762031
0.22786792
0.21925731
0.20775661
0.19874182
0.21994717
0.21161371
0.20048441
0.19176204
0.21565581
0.20747276
0.19654513
0.18798166
0.20747276
0.19957719
0.18903523
0.18077592
0.19654511
0.18903523
0.17901131
0.17116099
0.18798165
0.18077593
0.17116099
0.16363375
0.18335297
0.17454807
0.16283505
0.15369367
0.17631252
0.16782404
0.15653655
0.14773126
0.16691993
0.1588572
0.14814212
0.13978856
0.15956837
0.15184199
0.14157882
0.13358146
0.15559851
0.14805496
0.13803724
0.13023317
0.14805495
0.14086116
0.13131259
0.12387754
0.13803722
0.13131257
0.12239225
0.11545038
0.13023312
0.12387751
0.11545037
0.10889487
0.18335298
0.17631253
0.16691994
0.15956837
0.17454808
0.16782406
0.1588572
0.15184199
0.16283507
0.15653655
0.1481421
0.14157879
0.15369366
0.14773124
0.13978851
0.13358141
0.20902261
0.20254564
0.19386808
0.18704704
0.19907925
0.19288776
0.18459436
0.17807697
0.18583705
0.18002855
0.17225108
0.16614185
0.17548794
0.16998173
0.16261175
0.156825
0.24545402
0.23793953
0.22786794
0.21994718
0.23623012
0.22897736
0.21925733
0.21161371
0.22390789
0.21700571
0.20775662
0.2004844
0.21424678
0.20762033
0.1987418
0.19176202
0.2725936
0.26578556
0.2566215
0.24938493
0.2624272
0.25585535
0.24700938
0.24002428
0.24884342
0.24258747
0.23416725
0.2275189
0.23819038
0.23218273
0.22409726
0.21771374
0.23242863
0.22655553
0.21865148
0.2124115
0.22145952
0.21584311
0.20828521
0.20231913
0.20684386
0.20157089
0.1944763
0.18887714
0.19541302
0.19041016
0.18368039
0.17837046
0.1892418
0.18438557
0.17785398
0.17270124
0.17751558
0.17294011
0.1667881
0.16193661
0.16194313
0.15774572
0.15210499
0.14765911
0.14981232
0.14591422
0.14067787
0.13655253
0.1699044
0.16456261
0.15741428
0.15180289
0.15930399
0.15427723
0.14755347
0.1422778
0.1452475
0.14064455
0.13449141
0.12966637
0.13431545
0.13004697
0.12434338
0.11987277
0.12843859
0.12435153
0.11889154
0.11461277
0.11732433
0.11358313
0.10858696
0.10467289
0.1026738
0.099392948
0.095013018
0.091582794
0.091347514
0.088425119
0.084524475
0.081470154
0.14328371
0.13954845
0.13453201
0.13058088
0.13092388
0.12750032
0.12290438
0.1192858
0.1146097
0.11160338
0.10756927
0.10439434
0.10198399
0.099304173
0.095709062
0.092880268
0.095219418
0.092715507
0.089356695
0.086714062
0.082468135
0.080297157
0.077385393
0.075094838
0.065741926
0.064009901
0.061687247
0.059860402
0.052875282
0.051482264
0.049614355
0.048145296
0.046009078
0.044797252
0.043172322
0.041894373
0.033117643
0.032246024
0.031077283
0.030158095
0.016304521
0.015876203
0.015301838
0.01485009
0.0034411352
0.0033512323
0.0032306641
0.0031358299
0.041202138
0.039882705
0.038122345
0.036744485
0.029660193
0.028711151
0.027444942
0.026453836
0.014605378
0.014138912
0.013516502
0.013029283
0.0030844578
0.0029865297
0.0028558489
0.0027535403
0.085282263
0.082552517
0.078909313
0.07605681
0.073853915
0.071488309
0.068331554
0.065860279
0.0588708
0.056984486
0.054467686
0.052497664
0.047349539
0.045832789
0.043809169
0.04222525
0.074516107
0.071587641
0.067696465
0.064662805
0.064525609
0.061988983
0.058618901
0.055991813
0.051433797
0.049412011
0.046726208
0.044632715
0.041369908
0.039744434
0.037585136
0.035902037
0.036000417
0.034586395
0.03270797
0.031243792
0.02591861
0.024901448
0.023550178
0.022496864
0.012766158
0.012266077
0.01160167
0.011083708
0.0026982865
0.0025932627
0.0024537093
0.0023449141
0.030455235
0.028960583
0.026982643
0.025446597
0.021929557
0.02085423
0.019431112
0.018325873
0.010804723
0.010275877
0.0095759193
0.0090322532
0.0022863139
0.0021752218
0.0020281651
0.0019139311
0.063028784
0.059931383
0.055832109
0.052648575
0.05457689
0.051894964
0.048345836
0.045589706
0.04350523
0.041368206
0.038540275
0.036344253
0.034995576
0.033277465
0.031003869
0.029238274
0.095035144
0.090373262
0.084199737
0.079402604
0.086775067
0.082515284
0.076875268
0.072493468
0.075907171
0.072178285
0.067242259
0.063408199
0.067517695
0.064199919
0.05980872
0.056398301
0.11230041
0.10790292
0.10205545
0.097493444
0.10255805
0.098536909
0.093191218
0.08902162
0.089729739
0.086206992
0.081525049
0.077874026
0.07982035
0.076684345
0.072517068
0.06926789
0.14876696
0.14298718
0.13528974
0.12927586
0.13942442
0.13399389
0.12676501
0.12111976
0.12705775
0.122095
0.11549249
0.11033907
0.11745643
0.11286069
0.10674863
0.10197953
0.12603234
0.11987657
0.11171613
0.10536929
0.11807595
0.11230068
0.1046474
0.098696795
0.10756131
0.10229235
0.09531261
0.089887414
0.099409413
0.094535133
0.088079668
0.08306297
0.10195629
0.095497412
0.086971025
0.080366462
0.095497411
0.089443677
0.081453726
0.075265848
0.086971044
0.081453746
0.074173583
0.068536714
0.080366517
0.07526589
0.068536728
0.063327348
0.076824261
0.070138618
0.061347994
0.054565877
0.071947524
0.065685132
0.057452182
0.051100995
0.065514317
0.059811139
0.05231449
0.046531892
0.060534436
0.055264694
0.048338359
0.042995945
0.057864682
0.05282746
0.046206953
0.041100537
0.052827459
0.048229144
0.042185806
0.037524707
0.046206938
0.042185796
0.036901224
0.032825397
0.041100515
0.0375247
0.032825395
0.029200865
0.076824328
0.071947565
0.065514334
0.060534441
0.070138687
0.065685172
0.059811158
0.055264702
0.061348051
0.057452221
0.0523145
0.048338347
0.054565922
0.051101012
0.04653187
0.042995914
0.050938138
0.047703874
0.043438977
0.040138532
0.044108953
0.041309056
0.037617038
0.034759947
0.035164425
0.032933543
0.02999179
0.027715198
0.028289678
0.026495967
0.024130551
0.02229986
0.024621317
0.023060735
0.021002685
0.01940984
0.017732024
0.016609032
0.015127977
0.013981624
0.0087401212
0.0081876475
0.0074589327
0.0068948352
0.0018525447
0.0017364384
0.00158326
0.001464665
0.01855593
0.016944752
0.01482686
0.013192887
0.013367046
0.012207373
0.010682842
0.009506548
0.0065923909
0.00602164
0.0052712168
0.0046921242
0.0014010757
0.0012810853
0.0011232856
0.0010014532
0.03836939
0.035031775
0.030645451
0.027262223
0.033228445
0.030339105
0.026541735
0.023612582
0.026494815
0.024192314
0.021165946
0.018831321
0.021318467
0.01946678
0.017032823
0.015155102
0.025452598
0.022045764
0.017582469
0.014150576
0.022045752
0.019095922
0.015231118
0.012259197
0.017582458
0.015231125
0.012150156
0.0097806885
0.014150597
0.012259219
0.0097807075
0.007874392
0.012318743
0.010672782
0.0085157663
0.006856655
0.008877219
0.0076921461
0.0061389793
0.0049442129
0.0043822682
0.0037987325
0.0030338342
0.0024453005
0.00093625665
0.00081349526
0.0006525707
0.00052870635
0.0059708782
0.0043062433
0.0021310552
0.00046271036
0.0043062542
0.0031072506
0.0015403463
0.00033836765
0.0021310102
0.0015402978
0.00076816739
0.00017565161
0.00046257292
0.00033824589
0.00017562582
5.0589038e-05
0.012318711
0.0088770948
0.0043820685
0.00093613027
0.010672737
0.0076920324
0.0037985862
0.00081342831
0.0085157319
0.0061389226
0.0030337746
0.00065258475
0.0068566545
0.0049441906
0.0024453212
0.00052883166
0.018556025
0.013367025
0.0065921738
0.0014007935
0.016944808
0.012207318
0.006021422
0.0012808117
0.014826865
0.010682754
0.0052710093
0.0011230364
0.013192864
0.0095064329
0.0046919126
0.0010012796
0.038369403
0.033228454
0.026494873
0.021318601
0.035031777
0.030339122
0.024192393
0.01946689
0.030645454
0.026541762
0.021166011
0.017032867
0.027262224
0.023612601
0.01883135
0.015155094
0.05093812
0.044108994
0.035164476
0.028289705
0.04770389
0.041309101
0.032933573
0.026496013
0.043439016
0.037617066
0.029991811
0.024130652
0.040138557
0.034759955
0.027715235
0.022299993
0.024621415
0.017732121
0.0087399944
0.0018521632
0.023060858
0.016609113
0.0081875046
0.0017360721
0.021002823
0.015128024
0.0074587634
0.0015829297
0.019409948
0.01398163
0.0068946314
0.0014643669
0.030455356
0.02192969
0.010804679
0.0022859097
0.02896068
0.020854355
0.010275813
0.0021748206
0.026982724
0.019431231
0.0095758273
0.0020277719
0.025446689
0.018325978
0.0090321371
0.0019135447
0.036000563
0.025918795
0.012766176
0.0026978635
0.034586543
0.024901622
0.012266078
0.0025928425
0.032708114
0.023550337
0.011601649
0.0024533001
0.031243924
0.022497005
0.011083672
0.0023445097
0.074515926
0.064525449
0.051433741
0.041369994
0.071587466
0.061988844
0.049411983
0.039744538
0.067696312
0.058618796
0.046726215
0.037585256
0.064662679
0.055991733
0.04463275
0.035902167
0.063028672
0.054576824
0.043505279
0.034995711
0.059931292
0.051894925
0.041368279
0.03327758
0.055832045
0.048345838
0.038540355
0.031003929
0.052648538
0.045589738
0.036344315
0.029238303
0.095035126
0.086774989
0.075907033
0.067517561
0.090373225
0.082515192
0.072178157
0.064199814
0.084199675
0.07687517
0.067242161
0.059808649
0.079402534
0.07249338
0.063408129
0.056398247
0.12603241
0.118076
0.10756134
0.099409411
0.11987661
0.11230071
0.10229236
0.094535118
0.11171614
0.10464741
0.095312606
0.088079635
0.10536929
0.098696799
0.089887404
0.083062921
0.14876699
0.13942451
0.12705788
0.11745654
0.14298723
0.13399399
0.12209511
0.11286076
0.13528981
0.1267651
0.11549257
0.10674866
0.12927593
0.12111983
0.11033911
0.10197953
0.11230047
0.10255804
0.089729633
0.079820187
0.10790296
0.098536875
0.086206876
0.076684178
0.10205545
0.093191165
0.08152492
0.072516903
0.097493435
0.089021551
0.077873887
0.069267744
0.12843876
0.11732444
0.10267378
0.091347396
0.12435169
0.11358322
0.099392904
0.088424983
0.11889166
0.108587
0.095012941
0.084524319
0.11461285
0.1046729
0.091582697
0.08146999
0.16990438
0.15930398
0.14524757
0.1343156
0.16456258
0.15427724
0.14064465
0.13004713
0.15741428
0.14755351
0.13449153
0.12434352
0.15180291
0.14227787
0.1296665
0.11987289
0.18924185
0.17751558
0.1619431
0.14981235
0.1843856
0.17294009
0.15774571
0.14591428
0.17785397
0.16678807
0.15210501
0.14067797
0.17270121
0.16193659
0.14765916
0.13655267
0.14328379
0.13092404
0.11460982
0.10198394
0.13954856
0.12750049
0.11160346
0.099304105
0.13453217
0.12290454
0.10756929
0.095708974
0.13058105
0.11928593
0.10439434
0.092880162
0.09521932
0.082467922
0.065741669
0.052875187
0.092715396
0.080296932
0.064009665
0.051482193
0.089356555
0.077385159
0.061687039
0.049614315
0.086713899
0.075094605
0.059860221
0.048145282
0.085282091
0.073853686
0.058870637
0.047349537
0.082552332
0.071488091
0.056984354
0.045832805
0.078909122
0.068331362
0.054467588
0.043809213
0.076056625
0.065860109
0.052497592
0.042225322
0.041202241
0.029660411
0.01460545
0.0030840471
0.039882819
0.028711364
0.014138972
0.0029861118
0.038122473
0.027445147
0.013516546
0.0028554251
0.036744626
0.026454028
0.01302931
0.0027531181
0.046009113
0.033117868
0.016304638
0.003440721
0.044797307
0.032246252
0.01587631
0.0033508228
0.043172404
0.03107751
0.015301934
0.0032302477
0.041894471
0.030158318
0.014850172
0.0031354193
