FiniteElementSpace
FiniteElementCollection: L2_2D_P3
VDim: 1
Ordering: 0

1.3282832e+50
9.5081951e+49
4.9685697e+49
1.9465043e+49
9.5081951e+49
-7.9534583e+49
-2.8918718e+50
-4.2853628e+50
4.9685697e+49
-2.8918718e+50
-6.8585702e+50
-9.2638614e+50
1.9465043e+49
-4.2853628e+50
-9.2638614e+50
-1.1640886e+51
5.4927858e+48
-1.6099663e+49
-3.4151806e+49
-3.9738364e+49
-4.930287e+50
-5.9211168e+50
-6.7481926e+50
-7.0062472e+50
-1.0235847e+51
-1.1436615e+51
-1.2056991e+51
-1.2141987e+51
-1.2184419e+51
-1.1789212e+51
-9.8791288e+50
-8.8520058e+50
-1.2121032e+51
-9.9343587e+50
-5.4360179e+50
-3.2818934e+50
-9.9343587e+50
-2.6546245e+50
9.2661977e+50
1.4608061e+51
-5.4360179e+50
9.2661977e+50
3.1780498e+51
4.1703413e+51
-3.2818934e+50
1.4608061e+51
4.1703413e+51
5.485639e+51
5.4927858e+48
-4.930287e+50
-1.0235847e+51
-1.2184419e+51
-1.6099663e+49
-5.9211168e+50
-1.1436615e+51
-1.1789212e+51
-3.4151806e+49
-6.7481926e+50
-1.2056991e+51
-9.8791288e+50
-3.9738364e+49
-7.0062472e+50
-1.2141987e+51
-8.8520058e+50
-3.9738364e+49
-7.0062472e+50
-1.2141987e+51
-8.8520058e+50
-3.4151806e+49
-6.7481926e+50
-1.2056991e+51
-9.8791288e+50
-1.6099663e+49
-5.9211168e+50
-1.1436615e+51
-1.1789212e+51
5.4927858e+48
-4.930287e+50
-1.0235847e+51
-1.2184419e+51
1.9465043e+49
-4.2853628e+50
-9.2638614e+50
-1.1640886e+51
4.9685697e+49
-2.8918718e+50
-6.8585702e+50
-9.2638614e+50
9.5081951e+49
-7.9534583e+49
-2.8918718e+50
-4.2853628e+50
1.3282832e+50
9.5081951e+49
4.9685697e+49
1.9465043e+49
-1.2184419e+51
-1.1789212e+51
-9.8791288e+50
-8.8520058e+50
-1.0235847e+51
-1.1436615e+51
-1.2056991e+51
-1.2141987e+51
-4.930287e+50
-5.9211168e+50
-6.7481926e+50
-7.0062472e+50
5.4927858e+48
-1.6099663e+49
-3.4151806e+49
-3.9738364e+49
-3.2818934e+50
1.4608061e+51
4.1703413e+51
5.485639e+51
-5.4360179e+50
9.2661977e+50
3.1780498e+51
4.1703413e+51
-9.9343587e+50
-2.6546245e+50
9.2661977e+50
1.4608061e+51
-1.2121032e+51
-9.9343587e+50
-5.4360179e+50
-3.2818934e+50
5.485639e+51
4.1703413e+51
1.4608061e+51
-3.2818934e+50
4.1703413e+51
3.1780498e+51
9.2661977e+50
-5.4360179e+50
1.4608061e+51
9.2661977e+50
-2.6546245e+50
-9.9343587e+50
-3.2818934e+50
-5.4360179e+50
-9.9343587e+50
-1.2121032e+51
-8.8520058e+50
-9.8791288e+50
-1.1789212e+51
-1.2184419e+51
-1.2141987e+51
-1.2056991e+51
-1.1436615e+51
-1.0235847e+51
-7.0062472e+50
-6.7481926e+50
-5.9211168e+50
-4.930287e+50
-3.9738364e+49
-3.4151806e+49
-1.6099663e+49
5.4927858e+48
-1.1640886e+51
-9.2638614e+50
-4.2853628e+50
1.9465043e+49
-9.2638614e+50
-6.8585702e+50
-2.8918718e+50
4.9685697e+49
-4.2853628e+50
-2.8918718e+50
-7.9534583e+49
9.5081951e+49
1.9465043e+49
4.9685697e+49
9.5081951e+49
1.3282832e+50
-8.8520058e+50
-1.2141987e+51
-7.0062472e+50
-3.9738364e+49
-9.8791288e+50
-1.2056991e+51
-6.7481926e+50
-3.4151806e+49
-1.1789212e+51
-1.1436615e+51
-5.9211168e+50
-1.6099663e+49
-1.2184419e+51
-1.0235847e+51
-4.930287e+50
5.4927858e+48
-1.2184419e+51
-1.0235847e+51
-4.930287e+50
5.4927858e+48
-1.1789212e+51
-1.1436615e+51
-5.9211168e+50
-1.6099663e+49
-9.8791288e+50
-1.2056991e+51
-6.7481926e+50
-3.4151806e+49
-8.8520058e+50
-1.2141987e+51
-7.0062472e+50
-3.9738364e+49
-3.2818934e+50
-5.4360179e+50
-9.9343587e+50
-1.2121032e+51
1.4608061e+51
9.2661977e+50
-2.6546245e+50
-9.9343587e+50
4.1703413e+51
3.1780498e+51
9.2661977e+50
-5.4360179e+50
5.485639e+51
4.1703413e+51
1.4608061e+51
-3.2818934e+50
-3.9738364e+49
-3.4151806e+49
-1.6099663e+49
5.4927858e+48
-7.0062472e+50
-6.7481926e+50
-5.9211168e+50
-4.930287e+50
-1.2141987e+51
-1.2056991e+51
-1.1436615e+51
-1.0235847e+51
-8.8520058e+50
-9.8791288e+50
-1.1789212e+51
-1.2184419e+51
1.9465043e+49
4.9685697e+49
9.5081951e+49
1.3282832e+50
-4.2853628e+50
-2.8918718e+50
-7.9534583e+49
9.5081951e+49
-9.2638614e+50
-6.8585702e+50
-2.8918718e+50
4.9685697e+49
-1.1640886e+51
-9.2638614e+50
-4.2853628e+50
1.9465043e+49
