FiniteElementSpace
FiniteElementCollection: L2_2D_P5
VDim: 1
Ordering: 0

0.0037005909
0.003736742
0.0032608581
0.0027226071
0.0027334096
0.0028146973
0.0034783801
0.0037244193
0.0035069383
0.0028214457
0.0026955108
0.0028042992
0.0033052041
0.0035014918
0.003726638
0.0030373132
0.0026700197
0.0027706819
0.0036467631
0.0032722572
0.0037686835
0.0032538533
0.0026953606
0.0027274469
0.0042030795
0.0032008288
0.0037392178
0.0033629392
0.0027274781
0.0027107701
0.0042948879
0.0032287279
0.0037166903
0.0033935225
0.0027333256
0.0027112361
0.0033144324
0.003550788
0.0039570535
0.0035683411
0.0033411318
0.0035715563
0.0028389624
0.0028389118
0.0031501808
0.0036875191
0.0035034865
0.0033411313
0.0049835051
0.0044905704
0.0033542569
0.0030426894
0.0036875201
0.0035683416
0.0063958803
0.0072926551
0.0064311319
0.0033542558
0.0031501828
0.0039570565
-0.0087943439
-0.0031058709
0.0072926529
0.0044905662
0.0028389127
0.0035507934
0.05759405
-0.008794344
0.0063958771
0.0049834993
0.0028389624
0.0033144393
0.0027112424
0.0027107756
0.0027274513
0.0027706851
0.0028043007
0.0028146974
0.0027333286
0.0027274811
0.0026953637
0.0026700229
0.0026955138
0.0027334121
0.0033935228
0.0033629394
0.0032538534
0.0030373137
0.0028214469
0.0027226087
0.0037166912
0.0037392188
0.0037686842
0.0037266382
0.0035069382
0.0032608579
0.0032287271
0.0032008285
0.0032722578
0.0035014929
0.0037244199
0.0037367421
0.004294883
0.0042030758
0.0036467615
0.0033052045
0.0034783809
0.003700591
0.0028135375
0.0028011133
0.0027417327
0.0026614544
0.0026091534
0.0025812131
0.0027540662
0.0027897701
0.0027982467
0.002727191
0.002645387
0.0026091531
0.0026958099
0.0026896907
0.0027541659
0.0027962908
0.0027271916
0.002661455
0.0031251256
0.0028795156
0.0026997004
0.0027541654
0.0027982473
0.0027417346
0.0036609543
0.0033697212
0.0028795153
0.0026896891
0.0027897693
0.0028011147
0.0037701957
0.0036609543
0.0031251256
0.0026958081
0.0027540641
0.0028135379
