FiniteElementSpace
FiniteElementCollection: L2_2D_P4
VDim: 1
Ordering: 0

3.90145887219553e+129
7.097692628329378e+129
2.245923518310678e+129
-6.495416767507946e+129
6.699750396582465e+128
7.097692628330653e+129
6.082326124132446e+129
-1.174491714709274e+129
-6.47994078612084e+129
1.411242748729411e+129
2.245923518308018e+129
-1.174491714712098e+129
-5.76290196279482e+129
-4.974334099545859e+129
2.710809422423087e+129
-6.495416767516284e+129
-6.479940786126996e+129
-4.974334099548022e+129
-7.797176063687271e+128
4.129522134444131e+129
6.699750396588658e+128
1.411242748730669e+129
2.710809422425328e+129
4.129522134445651e+129
4.944259907023937e+129
