FiniteElementSpace
FiniteElementCollection: L2_2D_P4
VDim: 1
Ordering: 0

1.447185811358655e+129
-1.857922691239901e+129
-8.440897137156174e+128
3.774180747547886e+129
4.966772555003894e+129
6.354903672299754e+129
3.848606634818766e+129
1.910640343331505e+128
-1.831245603361498e+129
-1.984269160911227e+129
3.679813955073842e+129
5.604979004891593e+129
6.846210342066492e+129
7.097443994176948e+129
6.995146082065564e+129
-6.307487487806687e+129
-5.713099951819604e+129
-4.753946765425954e+129
-4.085526864299952e+129
-3.851292874627011e+129
3.308435940782758e+128
-2.541995604053232e+128
-8.784988595039981e+128
-1.227264551592268e+129
-1.344981456195095e+129
