FiniteElementSpace
FiniteElementCollection: L2_2D_P4
VDim: 1
Ordering: 0

-2.652756344637107e+148
-2.420578968419397e+148
-1.732695579225315e+148
-5.013671330021273e+147
6.525349768083392e+147
-7.596046444576136e+148
-8.058034748859583e+148
-9.37638387957794e+148
-1.126815695123083e+149
-1.244048932801444e+149
1.379678364003635e+149
1.399854957082203e+149
1.350303220769471e+149
1.105490603486564e+149
7.257832270838695e+148
-3.913646974048245e+148
-3.611832988958214e+148
3.768426151161265e+147
7.590748275016596e+148
1.253401001083205e+149
9.796148004235448e+148
7.443955363021293e+148
-1.664829156730094e+148
-3.664449189576711e+148
2.854337749576049e+148
