FiniteElementSpace
FiniteElementCollection: L2_2D_P2
VDim: 1
Ordering: 0

0.01315421423655582
0.05834531713749028
0.1031547420724579
0.0120720156108608
0.05354479093484174
0.09466917016783208
0.01091978503515291
0.04843406192039468
0.08563344068802874
0.1290038278907391
0.1727608229021782
0.2155105502162307
0.1183906605325612
0.1585466000252343
0.1977830964157838
0.1070923731536371
0.1434136455075869
0.1789048349621588
0.1002180439380239
0.1342120572163505
0.1674205711429674
0.08797328361471123
0.1178128432045475
0.1469680075330966
0.07521855561693593
0.1007296682498037
0.1256567348053114
0.01021881601157029
0.04532642378199017
0.08013644709154367
0.008970316144250663
0.03978797973139341
0.07034656787723949
0.007669603518789058
0.03401864580879824
0.06014614387371201
0.006890811784876016
0.03056540998932694
0.05403862329764707
0.005523978539974875
0.02450194915688522
0.04332033502920211
0.00412482082730184
0.01829605459193494
0.03234779815828708
0.003298264800734216
0.01463022486410461
0.02586563418632643
0.001865555305351088
0.008274802931461003
0.01463022513467139
0.000420578088845164
0.001865555017275202
0.003298263969945044
0.03234779841903414
0.04332033556060452
0.0540386238825929
0.01829605476399531
0.02450194957400545
0.03056541029207134
0.004124820553083254
0.005523978425622061
0.006890812098875635
0.06758078552962803
0.09050457444854249
0.1128972340874549
0.05417498975208973
0.07255075093796499
0.09050457488744333
0.04045415539673009
0.05417499046576996
0.06758078622458945
0.1256567349534218
0.1469680071831095
0.1674205707319423
0.1007296686353087
0.1178128430364819
0.1342120566845995
0.07521855600425689
0.08797328359923956
0.1002180433896639
0.06014614476759711
0.070346568273796
0.08013644651275234
0.0340186464993034
0.03978798039221918
0.04532642362721005
0.007669604273845952
0.008970316769505908
0.01021881571029963
0.08563343953393063
0.09466916913131351
0.1031547414887337
0.04843406138789576
0.05354479000398899
0.05834531590830511
0.01091978491985809
0.01207201584584279
0.01315421411076134
0.1789048346477803
0.197783096409327
0.2155105505028104
0.1434136454373449
0.158546600225723
0.1727608231956826
0.1070923724145754
0.118390660252386
0.1290038279617699
0.2653064241192626
0.2933027245366974
0.3195920266462459
0.2328881064704293
0.2574631657720649
0.2805464869002915
0.1991234552444114
0.2201303271937062
0.2398653406399675
0.1863414381046997
0.2179452802001796
0.2482764820294973
0.163572837618671
0.1913141747801555
0.2179452798217058
0.1398579975412784
0.1635728372865498
0.1863414376596235
0.2398653407691262
0.2805464870767787
0.3195920264214548
0.2201303272833401
0.2574631660148914
0.2933027244419517
0.1991234556471829
0.2328881066410994
0.2653064240274418
0.3415123768665667
0.3775502205232899
0.41139206564766
0.3134131209821526
0.3464852410705879
0.3775502204143261
0.2835042248237594
0.3134131209978157
0.341512377121659
