FiniteElementSpace
FiniteElementCollection: L2_2D_P3
VDim: 1
Ordering: 0

0.32631534
0.2374942
0.11800625
0.02489436
0.30972328
0.22541565
0.11200463
0.023628357
0.28324068
0.20613814
0.10242638
0.021607814
0.25950161
0.18885905
0.093841329
0.019796731
0.62783451
0.55681433
0.45551
0.37230221
0.59590823
0.52849038
0.43234425
0.35337298
0.544944
0.48328692
0.39537635
0.32316216
0.49925865
0.44277514
0.36224448
0.29608192
0.68729458
0.60958423
0.49867871
0.40757506
0.68178092
0.60468952
0.49467402
0.40430277
0.66389989
0.58881811
0.4816896
0.39369316
0.64217814
0.56954171
0.46592069
0.38080868
0.35722911
0.25999903
0.12918917
0.027253213
0.35436154
0.25791144
0.12815179
0.027034399
0.34506362
0.25114259
0.12478822
0.026324913
0.3337711
0.24292184
0.12070324
0.025463254
