FiniteElementSpace
FiniteElementCollection: L2_2D_P5
VDim: 1
Ordering: 0

0.6607018
0.65337453
0.64172922
0.62824627
0.61601921
0.60803065
0.66148025
0.65414435
0.64248532
0.62898648
0.61674501
0.60874704
0.66245927
0.65511251
0.64343623
0.62991741
0.61765781
0.60964801
0.66322215
0.65586693
0.6441772
0.63064281
0.6183691
0.61035006
0.66359385
0.65623451
0.64453823
0.63099625
0.61871566
0.61069213
0.66368198
0.65632166
0.64462383
0.63108005
0.61879782
0.61077323
0.71102783
0.70459343
0.69432094
0.68236102
0.67145778
0.66430646
0.71186557
0.70542359
0.69513899
0.68316499
0.67224891
0.66508916
0.71291916
0.70646764
0.69616782
0.68417609
0.67324387
0.66607352
0.71374014
0.7072812
0.69696951
0.68496398
0.67401916
0.66684056
0.71414016
0.70767759
0.69736012
0.68534786
0.67439692
0.66721429
0.714235
0.70777157
0.69745274
0.68543888
0.67448648
0.6673029
0.70097315
0.69462973
0.68450245
0.67271162
0.66196256
0.65491236
0.7027354
0.69637604
0.68622331
0.67440284
0.66362676
0.65655883
0.70523242
0.69885046
0.68866168
0.67679922
0.66598484
0.6588918
0.70768744
0.70128327
0.69105903
0.67915528
0.66830327
0.66118553
0.70953719
0.70311628
0.69286532
0.68093047
0.67005009
0.66291375
0.7105637
0.7041335
0.69386771
0.68191559
0.67101947
0.66387282
0.65135867
0.64413502
0.63265441
0.61936214
0.607308
0.59943242
0.65299621
0.6457544
0.63424492
0.62091923
0.60883478
0.6009394
0.65531652
0.64804898
0.6364986
0.62312555
0.61099816
0.60307472
0.65759781
0.65030496
0.63871437
0.62529477
0.61312515
0.60517413
0.65931665
0.65200474
0.64038385
0.62692917
0.61472774
0.60675593
0.66027051
0.65294802
0.64131032
0.62783617
0.61561709
0.60763375
0.63574259
0.62869215
0.61748683
0.60451326
0.59274812
0.58506135
0.63822344
0.63114548
0.61989643
0.60687223
0.59506118
0.58734441
0.64186269
0.63474436
0.62343116
0.61033269
0.59845429
0.59069352
0.64564041
0.63848019
0.62710038
0.61392482
0.6019765
0.59417005
0.64868984
0.64149579
0.63006223
0.61682443
0.60481968
0.59697636
0.65050025
0.64328612
0.63182065
0.6185459
0.60650764
0.59864244
0.61400407
0.60719475
0.59637261
0.58384266
0.57247977
0.56505581
0.61730432
0.61045839
0.59957808
0.58698079
0.57555683
0.56809297
0.62222743
0.6153269
0.60435981
0.59166206
0.58014701
0.57262362
0.62746517
0.62050655
0.60944714
0.5966425
0.58503053
0.57744382
0.6318158
0.62480892
0.61367281
0.60077939
0.58908691
0.58144761
0.63446531
0.62742904
0.61624623
0.60329874
0.59155723
0.5838859
0.66077309
0.6547934
0.64524689
0.63413228
0.62399974
0.61735392
0.66432477
0.65831293
0.6487151
0.63754074
0.62735373
0.62067218
0.66962295
0.66356317
0.65388877
0.64262528
0.632357
0.62562215
0.67525972
0.66914893
0.65939309
0.64803477
0.63768003
0.63088848
0.67994176
0.67378861
0.66396513
0.65252804
0.6421015
0.63526285
0.6827931
0.67661415
0.66674948
0.65526443
0.64479415
0.63792682
0.68416767
0.67797629
0.66809176
0.65658359
0.64609223
0.63921107
0.68683749
0.68062195
0.67069886
0.65914577
0.64861347
0.64170545
0.69075393
0.68450296
0.6745233
0.66290434
0.65231198
0.64536456
0.69481939
0.68853163
0.67849324
0.66680591
0.65615121
0.6491629
0.69810106
0.69178362
0.68169783
0.66995531
0.65925028
0.65222897
0.70004935
0.69371429
0.68360036
0.67182507
0.66109017
0.65404926
0.72600338
0.7207308
0.71226254
0.70233088
0.69321448
0.68720521
0.72883643
0.72354327
0.71504195
0.70507153
0.69591959
0.68988688
0.73299235
0.72766899
0.71911918
0.7090919
0.69988779
0.6938207
0.73730642
0.73195171
0.72335155
0.71326525
0.70400698
0.69790419
0.7407888
0.73540879
0.72676799
0.71663403
0.70733203
0.70120043
0.74285625
0.73746122
0.72879629
0.71863403
0.70930608
0.70315737
0.70117877
0.69608646
0.68790764
0.67831538
0.6695106
0.66370677
0.70494755
0.69982789
0.69160514
0.68196135
0.67310925
0.66727422
0.71056957
0.70540909
0.69712081
0.68740016
0.67847748
0.67259593
0.71655087
0.71134697
0.70298895
0.69318653
0.68418877
0.67825772
0.72151912
0.71627912
0.70786318
0.69799282
0.68893271
0.68296054
0.72454477
0.71928279
0.71083155
0.70091983
0.69182174
0.68582454
0.73483099
0.73067503
0.72394276
0.71596554
0.70857366
0.70366794
0.7387807
0.73460238
0.72783389
0.71981378
0.71238217
0.70745008
0.74467268
0.74046101
0.73363849
0.72555437
0.71806347
0.71309205
0.75094125
0.74669409
0.73981409
0.73166186
0.72410787
0.71909459
0.7561481
0.75187149
0.74494375
0.73673495
0.72912854
0.72408048
0.75931904
0.75502449
0.7480677
0.73982446
0.73218612
0.72711688
0.76084768
0.75654449
0.74957369
0.74131385
0.73366012
0.72858067
0.76381674
0.75949677
0.75249877
0.74420669
0.73652308
0.73142378
0.76817213
0.76382756
0.75678967
0.7484503
0.74072286
0.73559447
0.7726932
0.76832309
0.76124382
0.75285538
0.74508245
0.73992386
0.77634265
0.77195192
0.76483924
0.7564112
0.74860157
0.74341861
0.77850929
0.7741063
0.7669738
0.75852225
0.75069082
0.74549341
0.77953662
0.77512782
0.76798591
0.75952322
0.75168146
0.74647718
0.78149637
0.77707649
0.76991663
0.76143268
0.75357122
0.74835386
0.78427325
0.77983766
0.77265237
0.76413829
0.7562489
0.75101301
0.78700344
0.7825524
0.77534209
0.76679838
0.75888155
0.75362744
0.78906051
0.78459783
0.77736866
0.76880263
0.76086512
0.75559728
0.79020208
0.78573293
0.7784933
0.76991488
0.76196589
0.75669044
0.74383655
0.73843439
0.72975802
0.71958235
0.71024208
0.70408527
0.74570659
0.74029084
0.73159266
0.72139139
0.71202763
0.70585534
0.74835633
0.74292134
0.73419224
0.72395471
0.71455767
0.70836344
0.75096151
0.74550761
0.73674811
0.72647493
0.71704517
0.71082937
0.75292439
0.74745623
0.73867383
0.72837379
0.71891937
0.71268733
0.75401368
0.74853761
0.73974251
0.72942756
0.71995946
0.7137184
0.7545062
0.74902655
0.74022571
0.72990402
0.72042973
0.71418459
0.75539517
0.74990907
0.74109786
0.73076401
0.72127856
0.71502605
0.75651319
0.75101897
0.74219472
0.73184558
0.72234608
0.71608432
0.75738437
0.75188383
0.74304942
0.73268837
0.72317793
0.71690895
0.75780884
0.75230523
0.74346587
0.73309901
0.72358323
0.71731074
0.75790949
0.75240514
0.74356461
0.73319637
0.72367934
0.717406
0.79071824
0.78624616
0.7790018
0.77041778
0.7624636
0.7571847
0.79164988
0.78717253
0.77991963
0.77132549
0.76336195
0.75807683
0.79282155
0.78833757
0.78107393
0.77246707
0.76449174
0.75919881
0.79373455
0.7892454
0.78197338
0.77335661
0.76537211
0.76007308
0.79417939
0.78968772
0.78241162
0.77379003
0.76580105
0.76049906
0.79428486
0.78979259
0.78251552
0.77389278
0.76590275
0.76060006
0.81931554
0.81589408
0.81027587
0.80351202
0.79715447
0.79289266
0.82028088
0.81685539
0.81123056
0.80445875
0.79809371
0.79382687
0.82149493
0.81806437
0.81243123
0.8056494
0.79927493
0.79500177
0.82244095
0.81900645
0.81336682
0.80657719
0.80019538
0.79591728
0.82290189
0.81946546
0.81382267
0.80702925
0.80064385
0.79636335
0.82301118
0.81957429
0.81393076
0.80713644
0.80075018
0.79646911
0.80772936
0.80435626
0.79881746
0.7921493
0.78588176
0.78168027
0.80976003
0.80637846
0.80082574
0.79414079
0.78785748
0.78364542
0.8126374
0.80924381
0.80367137
0.79696265
0.79065698
0.78642994
0.81546637
0.81206098
0.80646914
0.79973706
0.79340941
0.78916764
0.81759786
0.81418357
0.80857713
0.80182745
0.79548325
0.79123038
0.81878072
0.81536149
0.80974695
0.8029875
0.79663411
0.79237509
0.82814337
0.82583857
0.82195637
0.81714697
0.81251383
0.80935545
0.83022533
0.82791474
0.82402279
0.81920132
0.81455654
0.81139022
0.83317535
0.83085656
0.8269508
0.8221122
0.81745094
0.81427339
0.83607574
0.83374889
0.82982955
0.82497413
0.82029666
0.81710805
0.83826105
0.83592812
0.83199854
0.82713044
0.82244076
0.81924383
0.83947378
0.83713747
0.83320221
0.82832708
0.82363062
0.82042906
0.84002211
0.83768427
0.83374645
0.82886813
0.8241686
0.82096496
0.84101183
0.83867123
0.83472877
0.82984471
0.82513965
0.82193224
0.84225654
0.83991248
0.83596418
0.8310729
0.82636088
0.82314873
0.84322646
0.84087969
0.83692684
0.83202993
0.8273125
0.82409665
0.84369903
0.84135095
0.83739588
0.83249623
0.82777616
0.82455852
0.84381107
0.84146268
0.83750709
0.83260678
0.8278861
0.82466803
0.85263876
0.851407
0.8491874
0.8462415
0.84324521
0.84113061
0.85364335
0.85241014
0.85018792
0.84723855
0.84423873
0.84212163
0.85490677
0.85367173
0.85144623
0.84849249
0.84548822
0.84336799
0.85589126
0.8546548
0.85242673
0.84946958
0.84646186
0.84433919
0.85637094
0.85513379
0.85290446
0.84994566
0.84693625
0.84481238
0.85648467
0.85524735
0.85301773
0.85005853
0.84704872
0.84492458
0.85704409
0.85693029
0.8564503
0.85546517
0.85420093
0.85319569
0.85805388
0.85793994
0.85745939
0.8564731
0.85520737
0.85420094
0.85932383
0.85920972
0.85872846
0.85774071
0.85647311
0.85546519
0.8603134
0.86019917
0.85971735
0.85872847
0.8574594
0.85645032
0.86079556
0.86068126
0.86019918
0.85920974
0.85793996
0.85693031
0.86090988
0.86079557
0.86031342
0.85932385
0.8580539
0.85704412
0.84492449
0.84481231
0.84433912
0.84336794
0.8421216
0.84113059
0.84704865
0.84693618
0.8464618
0.84548818
0.8442387
0.84324519
0.85005847
0.8499456
0.84946954
0.84849245
0.84723852
0.84624148
0.85301768
0.85290441
0.85242669
0.8514462
0.8501879
0.84918739
0.85524731
0.85513375
0.85465477
0.85367171
0.85241013
0.85140699
0.85648464
0.85637091
0.85589124
0.85490675
0.85364334
0.85263875
0.84058154
0.83936722
0.83717903
0.83427481
0.83132091
0.82923621
0.84269475
0.84147738
0.83928369
0.83637217
0.83341085
0.83132091
0.84568909
0.84446738
0.8422659
0.83934402
0.83637217
0.83427482
0.84863307
0.84740711
0.84519795
0.8422659
0.8392837
0.83717904
0.85085123
0.84962205
0.84740711
0.84446739
0.84147739
0.83936722
0.85208218
0.85085123
0.84863308
0.84568911
0.84269477
0.84058155
0.82042901
0.81924378
0.817108
0.81427335
0.81139019
0.80935543
0.82363058
0.82244072
0.82029662
0.81745091
0.8145565
0.8125138
0.82832706
0.82713042
0.8249741
0.82211218
0.81920128
0.81714694
0.8332022
0.83199853
0.82982954
0.82695079
0.82402278
0.82195635
0.83713746
0.83592811
0.83374888
0.83085655
0.82791473
0.82583856
0.83947377
0.83826104
0.83607574
0.83317535
0.83022533
0.82814337
0.82466791
0.82455841
0.82409657
0.82314866
0.82193218
0.82096491
0.82788599
0.82777606
0.82731242
0.82636082
0.82513961
0.82416857
0.83260669
0.83249614
0.83202986
0.83107285
0.82984468
0.82886811
0.837507
0.8373958
0.83692678
0.83596414
0.83472874
0.83374643
0.84146259
0.84135087
0.84087963
0.83991243
0.83867121
0.83768426
0.84381098
0.84369895
0.84322639
0.84225649
0.8410118
0.84002209
0.79646911
0.79636335
0.79591729
0.79500177
0.79382688
0.79289268
0.80075014
0.80064381
0.80019534
0.79927491
0.7980937
0.79715447
0.80713632
0.80702915
0.8065771
0.80564933
0.8044587
0.80351198
0.81393064
0.81382256
0.81336672
0.81243114
0.81123049
0.8102758
0.81957418
0.81946535
0.81900635
0.8180643
0.81685532
0.81589402
0.82301106
0.82290178
0.82244086
0.82149486
0.82028082
0.81931549
0.7923751
0.7912304
0.78916766
0.78642996
0.78364544
0.78168029
0.79663411
0.79548325
0.79340943
0.790657
0.7878575
0.78588178
0.80298747
0.80182743
0.79973706
0.79696267
0.79414082
0.79214933
0.80974688
0.80857707
0.8064691
0.80367135
0.80082574
0.79881747
0.81536143
0.81418351
0.81206093
0.80924378
0.80637843
0.80435624
0.81878066
0.81759781
0.81546633
0.81263736
0.80976
0.80772933
0.78065013
0.77847753
0.77481803
0.77028453
0.76591718
0.76293997
0.78484609
0.7826618
0.77898264
0.77442478
0.77003397
0.76704077
0.79110537
0.78890366
0.78519514
0.78060092
0.77617511
0.77315806
0.79776472
0.79554445
0.79180469
0.78717177
0.7827087
0.77966626
0.80329619
0.80106052
0.79729479
0.79262972
0.78813567
0.78507213
0.80666483
0.80441978
0.80063826
0.79595361
0.79144069
0.78836428
0.80828879
0.80603922
0.80225009
0.79755599
0.79303398
0.78995137
0.81144299
0.80918465
0.80538072
0.8006683
0.79612862
0.79303397
0.81607002
0.8137988
0.80997318
0.80523388
0.8006683
0.79755599
0.8208731
0.81858851
0.81474038
0.80997318
0.80538073
0.80225009
0.8247502
0.82245483
0.81858853
0.81379881
0.80918466
0.80603924
0.82705198
0.82475021
0.82087312
0.81607005
0.81144301
0.80828881
0.78836428
0.78507213
0.77966626
0.77315808
0.76704079
0.76293999
0.79144068
0.78813567
0.78270869
0.77617512
0.77003399
0.7659172
0.7959536
0.79262971
0.78717176
0.78060092
0.77442478
0.77028454
0.80063826
0.79729478
0.79180467
0.78519512
0.77898263
0.77481804
0.8044198
0.80106052
0.79554443
0.78890363
0.78266179
0.77847752
0.80666485
0.8032962
0.7977647
0.79110534
0.78484607
0.78065012
0.76140714
0.75822749
0.75300633
0.74672051
0.74081231
0.73685172
0.7654997
0.76230298
0.75705378
0.75073419
0.7447942
0.7408123
0.77160471
0.76838252
0.7630915
0.75672154
0.75073418
0.74672051
0.77809984
0.77485055
0.76951503
0.7630915
0.75705378
0.75300632
0.78349485
0.78022304
0.77485055
0.76838253
0.76230299
0.75822749
0.78678038
0.78349485
0.77809984
0.77160473
0.76549972
0.76140714
0.72711689
0.72408049
0.7190946
0.71309205
0.70745008
0.70366792
0.73218613
0.72912855
0.72410788
0.71806347
0.71238217
0.70857366
0.73982446
0.73673496
0.73166187
0.72555438
0.71981379
0.71596554
0.74806771
0.74494376
0.7398141
0.7336385
0.7278339
0.72394276
0.75502451
0.7518715
0.7466941
0.74046101
0.73460238
0.73067503
0.75931904
0.75614811
0.75094126
0.74467269
0.7387807
0.73483099
0.68582453
0.68296054
0.67825773
0.67259594
0.66727424
0.66370679
0.69182173
0.6889327
0.68418877
0.67847749
0.67310926
0.66951062
0.70091982
0.69799281
0.69318651
0.68740015
0.68196134
0.67831538
0.71083156
0.70786318
0.70298894
0.69712079
0.69160511
0.68790761
0.71928281
0.71627914
0.71134697
0.70540909
0.69982787
0.69608643
0.72454478
0.72151913
0.71655088
0.71056957
0.70494755
0.70117876
0.70315737
0.70120043
0.69790419
0.6938207
0.68988687
0.68720521
0.70930608
0.70733203
0.70400698
0.69988779
0.69591958
0.69321447
0.71863405
0.71663404
0.71326526
0.70909191
0.70507153
0.70233087
0.7287963
0.726768
0.72335157
0.7191192
0.71504197
0.71226256
0.73746122
0.73540879
0.73195172
0.72766901
0.72354329
0.72073082
0.74285626
0.74078881
0.73730643
0.73299237
0.72883644
0.72600339
0.74549341
0.74341862
0.73992387
0.73559448
0.7314238
0.72858068
0.75069083
0.74860157
0.74508245
0.74072287
0.73652308
0.73366013
0.75852225
0.7564112
0.75285538
0.74845031
0.74420669
0.74131385
0.76697379
0.76483924
0.76124381
0.75678968
0.75249878
0.7495737
0.7741063
0.77195191
0.76832308
0.76382754
0.75949677
0.75654451
0.77850929
0.77634265
0.77269319
0.76817211
0.76381673
0.76084768
0.75669043
0.75559728
0.75362744
0.75101301
0.74835386
0.74647719
0.76196589
0.76086512
0.75888155
0.7562489
0.75357122
0.75168146
0.76991489
0.76880264
0.76679839
0.76413829
0.76143268
0.75952321
0.77849331
0.77736867
0.77534209
0.77265237
0.76991663
0.76798591
0.78573295
0.78459784
0.78255241
0.77983767
0.7770765
0.77512782
0.7902021
0.78906053
0.78700346
0.78427327
0.78149639
0.77953662
0.76060002
0.76049903
0.76007306
0.75919879
0.75807682
0.75718469
0.76590272
0.76580103
0.76537209
0.76449173
0.76336194
0.7624636
0.77389278
0.77379003
0.77335662
0.77246707
0.7713255
0.77041779
0.78251556
0.78241165
0.78197341
0.78107395
0.77991964
0.77900182
0.78979263
0.78968775
0.78924543
0.78833759
0.78717255
0.78624618
0.79428488
0.79417941
0.79373456
0.79282156
0.79164989
0.79071825
0.71740601
0.71731075
0.71690895
0.71608433
0.71502606
0.7141846
0.72367934
0.72358324
0.72317793
0.72234609
0.72127857
0.72042975
0.73319638
0.73309901
0.73268838
0.73184559
0.73076403
0.72990404
0.74356461
0.74346587
0.74304943
0.74219473
0.74109787
0.74022572
0.75240512
0.75230521
0.75188382
0.75101897
0.74990907
0.74902656
0.75790945
0.75780882
0.75738435
0.75651317
0.75539517
0.75450619
0.7137184
0.71268734
0.71082938
0.70836345
0.70585534
0.70408526
0.71995948
0.71891939
0.71704518
0.71455769
0.71202765
0.71024209
0.72942758
0.72837381
0.72647495
0.72395473
0.72139141
0.71958237
0.73974252
0.73867385
0.73674812
0.73419225
0.73159267
0.72975804
0.74853762
0.74745624
0.74550762
0.74292135
0.74029085
0.7384344
0.75401368
0.75292439
0.75096152
0.74835634
0.74570659
0.74383656
0.66387282
0.66291375
0.66118553
0.6588918
0.65655882
0.65491235
0.67101948
0.67005009
0.66830327
0.66598484
0.66362676
0.66196256
0.68191559
0.68093047
0.67915529
0.67679922
0.67440285
0.67271163
0.69386771
0.69286532
0.69105903
0.68866168
0.68622331
0.68450246
0.7041335
0.70311628
0.70128327
0.69885046
0.69637603
0.69462973
0.7105637
0.70953719
0.70768745
0.70523242
0.7027354
0.70097314
0.6673029
0.66721429
0.66684056
0.66607352
0.66508916
0.66430645
0.67448648
0.67439691
0.67401916
0.67324387
0.67224891
0.67145779
0.68543888
0.68534786
0.68496398
0.68417609
0.68316499
0.68236102
0.69745273
0.69736012
0.69696951
0.69616782
0.69513899
0.69432094
0.70777157
0.70767758
0.70728119
0.70646764
0.70542359
0.70459343
0.714235
0.71414016
0.71374015
0.71291916
0.71186558
0.71102784
0.61077314
0.61069203
0.61034996
0.6096479
0.60874693
0.60803053
0.61879775
0.61871558
0.61836901
0.61765772
0.61674491
0.61601911
0.63108
0.6309962
0.63064275
0.62991735
0.62898642
0.6282462
0.6446238
0.6445382
0.64417717
0.6434362
0.64248529
0.64172919
0.65632165
0.6562345
0.65586692
0.6551125
0.65414433
0.65337451
0.66368198
0.66359385
0.66322214
0.66245926
0.66148024
0.66070179
0.60763363
0.60675581
0.605174
0.60307459
0.60093927
0.59943228
0.61561699
0.61472764
0.61312504
0.61099805
0.60883467
0.60730788
0.6278361
0.6269291
0.62529469
0.62312547
0.62091915
0.61936205
0.64131029
0.64038381
0.63871433
0.63649855
0.63424487
0.63265436
0.65294801
0.65200472
0.65030494
0.64804895
0.64575437
0.64413499
0.6602705
0.65931664
0.6575978
0.65531651
0.6529962
0.65135866
0.5986423
0.59697623
0.59416992
0.59069337
0.58734425
0.58506118
0.60650752
0.60481956
0.60197638
0.59845416
0.59506104
0.59274798
0.61854581
0.61682433
0.61392472
0.61033258
0.60687212
0.60451315
0.63182059
0.63006217
0.62710031
0.62343108
0.61989634
0.61748673
0.64328609
0.64149576
0.63848015
0.63474432
0.63114542
0.62869209
0.65050024
0.64868982
0.64564039
0.64186266
0.6382234
0.63574255
0.65404925
0.65222895
0.64916288
0.64536454
0.64170542
0.63921103
0.66109017
0.65925028
0.6561512
0.65231197
0.64861345
0.64609221
0.67182507
0.66995531
0.66680592
0.66290434
0.65914577
0.65658358
0.68360036
0.68169784
0.67849325
0.6745233
0.67069887
0.66809177
0.69371429
0.69178362
0.68853163
0.68450296
0.68062195
0.67797629
0.70004935
0.69810106
0.69481938
0.69075393
0.68683749
0.68416767
0.63792678
0.6352628
0.63088842
0.62562208
0.62067209
0.61735382
0.64479413
0.64210147
0.63767999
0.63235695
0.62735366
0.62399966
0.65526442
0.65252803
0.64803475
0.64262525
0.6375407
0.63413224
0.66674949
0.66396514
0.6593931
0.65388877
0.64871509
0.64524687
0.67661416
0.67378862
0.66914894
0.66356318
0.65831294
0.6547934
0.6827931
0.67994177
0.67525974
0.66962297
0.66432479
0.6607731
0.58388573
0.58144744
0.57744366
0.57262347
0.56809281
0.56505563
0.59155709
0.58908676
0.58503038
0.58014686
0.57555669
0.57247963
0.60329862
0.60077927
0.59664237
0.59166193
0.58698066
0.58384254
0.61624613
0.61367271
0.60944703
0.6043597
0.59957796
0.59637249
0.62742897
0.62480884
0.62050646
0.6153268
0.61045828
0.60719464
0.63446527
0.63181574
0.6274651
0.62222734
0.61730422
0.61400396
0.56350602
0.56031897
0.55515615
0.54903847
0.5433696
0.53960735
0.57090967
0.56768077
0.56245019
0.55625226
0.550509
0.54669737
0.58224142
0.57894845
0.57361411
0.56729327
0.56143617
0.55754899
0.59473702
0.59137339
0.58592459
0.57946816
0.57348545
0.56951494
0.60552948
0.60210481
0.59655714
0.58998357
0.58389234
0.5798498
0.61232013
0.60885705
0.60324716
0.59659987
0.59044034
0.58635249
0.5376984
0.53379307
0.52752072
0.52016444
0.51341212
0.50896125
0.54476335
0.54080674
0.53445198
0.52699903
0.52015793
0.51564853
0.55557663
0.55154156
0.54506077
0.53745995
0.53048306
0.52588409
0.5675003
0.56337874
0.55675903
0.54899526
0.54186874
0.53717111
0.57779863
0.57360235
0.56686264
0.55895815
0.55170247
0.54691969
0.58427832
0.58003501
0.57321978
0.56522673
0.55788977
0.55305343
0.587466
0.58319955
0.57634716
0.56831054
0.56093359
0.55607089
0.59379005
0.58947768
0.58255157
0.5744285
0.56697222
0.56205722
0.60343196
0.59904957
0.59201102
0.58375613
0.57617887
0.57118414
0.61400834
0.60954913
0.60238722
0.59398767
0.58627767
0.58119547
0.62309258
0.61856737
0.61129947
0.60277564
0.59495159
0.58979422
0.62878271
0.62421616
0.61688187
0.60828018
0.60038468
0.59518021
0.6156608
0.61217882
0.60653832
0.59985476
0.59366163
0.58955148
0.62228841
0.61876894
0.6130677
0.60631217
0.60005237
0.59589798
0.63239319
0.62881655
0.62302271
0.61615745
0.60979597
0.60557411
0.64347734
0.639838
0.63394258
0.62695696
0.62048394
0.61618805
0.65299769
0.64930449
0.64332183
0.63623283
0.62966401
0.62530455
0.65896099
0.65523406
0.64919675
0.642043
0.63541418
0.63101489
0.66188662
0.65814315
0.65207903
0.64489351
0.63823526
0.63381643
0.66767454
0.66389833
0.65778117
0.65053281
0.64381632
0.63935885
0.67645516
0.6726293
0.6664317
0.659088
0.65228316
0.64776706
0.68602109
0.68214114
0.67585591
0.66840837
0.66150729
0.6569273
0.6941775
0.69025143
0.68389149
0.67635542
0.66937229
0.66473785
0.69925587
0.69530109
0.68889465
0.68130346
0.67426926
0.66960092
0.70173821
0.69776941
0.69134024
0.68372211
0.67666294
0.67197803
0.7066305
0.70263405
0.69616009
0.68848888
0.6813805
0.67666294
0.71400212
0.709964
0.70342255
0.69567137
0.68848888
0.68372211
0.72195746
0.71787435
0.71126004
0.70342256
0.6961601
0.69134025
0.72867126
0.72455016
0.71787434
0.709964
0.70263406
0.69776942
0.7328158
0.72867125
0.72195745
0.71400212
0.7066305
0.70173822
0.66960092
0.66473785
0.6569273
0.64776706
0.63935886
0.63381646
0.67426926
0.66937229
0.66150728
0.65228316
0.64381633
0.63823528
0.68130346
0.67635542
0.66840836
0.65908799
0.65053281
0.64489352
0.68889467
0.6838915
0.67585591
0.66643169
0.65778117
0.65207903
0.69530111
0.69025145
0.68214114
0.67262928
0.66389831
0.65814314
0.69925588
0.69417752
0.68602111
0.67645516
0.66767452
0.66188661
0.63157434
0.62698751
0.61962064
0.61098076
0.60305019
0.59782262
0.63709715
0.63247019
0.62503888
0.61632341
0.60832349
0.6030502
0.6454756
0.64078779
0.63325871
0.62442859
0.61632343
0.61098077
0.65460344
0.64984932
0.64221375
0.63325872
0.6250389
0.61962067
0.66238635
0.65757569
0.64984932
0.64078779
0.63247022
0.62698755
0.66723221
0.66238635
0.65460344
0.64547561
0.63709716
0.63157438
0.59518022
0.58979423
0.58119549
0.57118418
0.56205725
0.55607092
0.60038469
0.5949516
0.5862777
0.57617891
0.56697227
0.56093364
0.60828021
0.60277566
0.59398769
0.58375617
0.57442855
0.5683106
0.61688191
0.61129951
0.60238726
0.59201106
0.58255162
0.57634722
0.62421621
0.61856743
0.60954919
0.59904962
0.58947773
0.5831996
0.62878276
0.62309264
0.61400842
0.60343202
0.5937901
0.58746606
0.63101493
0.6253046
0.61618813
0.60557418
0.59589803
0.58955154
0.63541421
0.62966406
0.62048401
0.60979605
0.60005244
0.59366169
0.64204302
0.63623286
0.62695702
0.61615754
0.60631227
0.59985485
0.64919675
0.64332185
0.63394262
0.62302279
0.6130678
0.60653842
0.65523405
0.6493045
0.63983803
0.62881662
0.61876903
0.61217893
0.65896097
0.65299768
0.64347736
0.63239324
0.6222885
0.61566091
0.58635255
0.57984988
0.56951504
0.55754917
0.54669757
0.5396075
0.59044041
0.58389241
0.57348555
0.56143633
0.55050921
0.54336978
0.59659995
0.58998365
0.57946825
0.56729341
0.55625246
0.54903869
0.60324726
0.59655724
0.58592469
0.57361423
0.56245037
0.55515637
0.60885716
0.60210492
0.5913735
0.57894857
0.56768093
0.56031917
0.61232024
0.6055296
0.59473713
0.58224154
0.57090981
0.56350621
0.55305347
0.54691975
0.5371712
0.5258842
0.51564865
0.50896136
0.55788982
0.55170253
0.54186882
0.53048315
0.52015805
0.51341225
0.56522679
0.55895822
0.54899535
0.53746004
0.52699912
0.52016456
0.57321984
0.56686272
0.55675914
0.5450609
0.53445207
0.5275208
0.58003507
0.57360242
0.56337885
0.55154173
0.54080687
0.53379316
0.58427839
0.5777987
0.5675004
0.55557681
0.54476353
0.53769851
0.51442577
0.50872036
0.49965286
0.48915487
0.47963524
0.47341585
0.51996403
0.51419718
0.50503196
0.49442072
0.48479832
0.4785118
0.52840799
0.52254744
0.5132333
0.50244952
0.49267049
0.48628159
0.53767035
0.53170705
0.52222956
0.51125664
0.50130597
0.49480484
0.54562581
0.53957435
0.52995662
0.51882126
0.50872326
0.50212583
0.55060881
0.54450216
0.53479665
0.52355955
0.51336928
0.50671156
0.55361291
0.54860277
0.54060397
0.53129111
0.52280106
0.51723257
0.5595728
0.55450879
0.546424
0.53701099
0.52842954
0.52280106
0.56865942
0.56351325
0.55529733
0.54573168
0.53701099
0.53129111
0.57862653
0.57339026
0.56503047
0.55529735
0.54642402
0.54060399
0.5871873
0.58187362
0.57339027
0.56351327
0.55450881
0.5486028
0.59254949
0.58718731
0.57862656
0.56865945
0.55957283
0.55361294
0.50671147
0.50212571
0.49480465
0.4862815
0.4785118
0.47341582
0.51336916
0.50872316
0.50130583
0.49267036
0.48479829
0.47963524
0.52355944
0.51882116
0.51125656
0.50244943
0.49442066
0.48915487
0.53479657
0.52995654
0.52222949
0.51323325
0.50503193
0.49965284
0.54450211
0.5395743
0.531707
0.5225474
0.51419716
0.50872036
0.55060877
0.54562578
0.53767032
0.52840797
0.51996402
0.51442576
0.4708472
0.46562624
0.45732927
0.44772358
0.43901234
0.43332024
0.47703281
0.47174295
0.46333637
0.45360413
0.44477874
0.43901236
0.48650068
0.48110556
0.47253139
0.46260505
0.45360416
0.44772362
0.49694154
0.49143036
0.48267169
0.4725314
0.46333642
0.45732935
0.50595976
0.50034835
0.49143036
0.48110556
0.47174299
0.46562634
0.51163419
0.50595977
0.49694154
0.48650067
0.47703282
0.47084726
