MFEM mesh v1.0

#
# MFEM Geometry Types (see mesh/geom.hpp):
#
# POINT       = 0
# SEGMENT     = 1
# TRIANGLE    = 2
# SQUARE      = 3
# TETRAHEDRON = 4
# CUBE        = 5
# PRISM       = 6
#

dimension
2

elements
198
1 3 34 47 48 27
1 3 27 48 49 50
1 3 48 46 51 49
1 3 49 51 52 53
1 3 50 49 53 26
1 3 26 53 54 25
1 3 25 54 23 24
1 3 54 55 22 23
1 3 53 52 55 54
1 3 52 56 57 55
1 3 55 57 21 22
1 3 57 58 20 21
1 3 56 59 58 57
1 3 60 61 59 56
1 3 51 60 56 52
1 3 46 45 60 51
1 3 45 44 61 60
1 3 44 62 63 61
1 3 62 64 65 63
1 3 63 65 66 67
1 3 61 63 67 59
1 3 59 67 68 58
1 3 58 68 19 20
1 3 68 69 18 19
1 3 67 66 69 68
1 3 66 70 71 69
1 3 69 71 17 18
1 3 71 15 16 17
1 3 70 14 15 71
1 3 72 13 14 70
1 3 65 72 70 66
1 3 64 73 72 65
1 3 73 12 13 72
1 3 74 11 12 73
1 3 75 10 11 74
1 3 76 75 74 77
1 3 77 74 73 64
1 3 78 77 64 62
1 3 43 78 62 44
1 3 42 79 78 43
1 3 79 76 77 78
1 3 80 81 76 79
1 3 41 80 79 42
1 3 40 82 80 41
1 3 82 83 81 80
1 3 83 84 85 81
1 3 81 85 75 76
1 3 85 9 10 75
1 3 84 1 9 85
1 3 86 87 1 84
1 3 88 89 87 86
1 3 90 88 86 91
1 3 91 86 84 83
1 3 92 91 83 82
1 3 93 92 82 40
1 3 94 95 92 93
1 3 95 90 91 92
1 3 96 97 90 95
1 3 98 96 95 94
1 3 99 100 96 98
1 3 100 101 97 96
1 3 101 102 103 97
1 3 97 103 88 90
1 3 103 104 89 88
1 3 102 105 104 103
1 3 106 107 105 102
1 3 108 106 102 101
1 3 109 110 106 108
1 3 110 111 107 106
1 3 112 113 111 110
1 3 114 115 113 112
1 3 116 114 112 117
1 3 117 112 110 109
1 3 118 117 109 119
1 3 120 116 117 118
1 3 121 120 118 122
1 3 122 118 119 123
1 3 123 119 124 125
1 3 119 109 108 124
1 3 124 108 101 100
1 3 125 124 100 99
1 3 126 125 99 127
1 3 128 126 127 129
1 3 130 131 126 128
1 3 131 123 125 126
1 3 132 122 123 131
1 3 133 121 122 132
1 3 134 133 132 135
1 3 135 132 131 130
1 3 136 135 130 137
1 3 138 134 135 136
1 3 139 140 136 141
1 3 142 138 140 139
1 3 143 142 139 144
1 3 144 139 141 145
1 3 145 136 137 146
1 3 146 137 147 148
1 3 137 130 128 147
1 3 147 128 129 149
1 3 148 147 149 150
1 3 150 149 151 152
1 3 152 151 153 154
1 3 151 155 156 153
1 3 149 129 155 151
1 3 129 99 94 156
1 3 156 157 158 159
1 3 157 94 93 158
1 3 158 93 40 39
1 3 159 158 39 38
1 3 160 159 38 37
1 3 153 156 159 160
1 3 154 153 160 161
1 3 161 160 37 36
1 3 162 161 36 35
1 3 163 162 35 33
1 3 164 165 162 163
1 3 165 154 161 162
1 3 166 152 154 165
1 3 167 150 152 166
1 3 168 167 166 169
1 3 169 166 165 164
1 3 170 169 164 171
1 3 172 168 169 170
1 3 173 172 170 174
1 3 174 170 171 175
1 3 175 171 176 177
1 3 171 164 163 176
1 3 176 163 33 32
1 3 177 176 32 31
1 3 178 177 31 30
1 3 179 175 177 178
1 3 180 179 178 181
1 3 181 178 30 29
1 3 182 181 29 28
1 3 8 182 28 0
1 3 7 183 182 8
1 3 183 180 181 182
1 3 184 185 180 183
1 3 6 184 183 7
1 3 5 186 184 6
1 3 186 187 185 184
1 3 187 188 189 185
1 3 185 189 179 180
1 3 189 174 175 179
1 3 188 173 174 189
1 3 190 191 173 188
1 3 192 193 191 190
1 3 194 192 190 195
1 3 195 190 188 187
1 3 4 194 187 5
1 3 196 197 194 198
1 3 3 196 198 4
1 3 2 199 196 3
1 3 199 200 201 202
1 3 202 201 203 196
1 3 201 204 197 203
1 3 200 205 204 201
1 3 205 206 207 197
1 3 197 207 192 194
1 3 207 208 193 192
1 3 206 209 208 207
1 3 209 210 211 193
1 3 193 211 168 173
1 3 211 212 213 214
1 3 214 213 167 168
1 3 213 148 150 167
1 3 212 146 148 213
1 3 215 145 146 212
1 3 216 215 212 211
1 3 210 217 215 216
1 3 217 143 145 215
1 3 218 219 143 217
1 3 220 218 217 210
1 3 221 222 218 220
1 3 222 223 219 218
1 3 224 225 223 222
1 3 226 227 225 224
1 3 228 226 224 229
1 3 229 224 222 221
1 3 230 229 221 231
1 3 232 228 229 230
1 3 233 232 230 234
1 3 234 230 231 235
1 3 235 231 236 237
1 3 231 221 220 236
1 3 236 220 210 238
1 3 237 236 238 209
1 3 239 237 209 206
1 3 240 235 237 239
1 3 241 240 239 242
1 3 242 243 244 245
1 3 243 239 246 244
1 3 244 246 206 247
1 3 245 244 247 205
1 3 248 245 205 200
1 3 249 242 245 248
1 3 250 249 248 251
1 3 251 248 200 199

boundary
84
19 1 34 47
19 1 47 48
19 1 27 34
19 1 48 46
19 1 25 26
19 1 23 24
19 1 24 25
19 1 22 23
19 1 21 22
19 1 20 21
19 1 46 45
19 1 45 44
19 1 19 20
19 1 18 19
19 1 17 18
19 1 15 16
19 1 16 17
19 1 14 15
19 1 13 14
19 1 12 13
19 1 11 12
19 1 10 11
19 1 44 43
19 1 42 41
19 1 41 40
19 1 9 10
19 1 1 9
19 1 87 1
19 1 89 87
19 1 104 89
19 1 105 104
19 1 107 105
19 1 111 107
19 1 113 111
19 1 114 115
19 1 115 113
19 1 116 114
19 1 120 116
19 1 121 120
19 1 133 121
19 1 134 133
19 1 138 134
19 1 40 39
19 1 39 38
19 1 38 37
19 1 37 36
19 1 36 35
19 1 35 33
19 1 33 32
19 1 32 31
19 1 31 30
19 1 30 29
19 1 29 28
19 1 28 0
19 1 0 8
19 1 8 7
19 1 7 6
19 1 6 5
19 1 4 3
19 1 3 2
19 1 219 143
19 1 223 219
19 1 225 223
19 1 226 227
19 1 227 225
19 1 228 226
19 1 232 228
19 1 234 233
19 1 235 234
19 1 240 235
19 1 249 242
19 1 250 249
19 1 251 250
19 1 199 251
19 1 43 42
19 1 5 4
19 1 2 199
19 1 233 232
19 1 241 240
19 1 242 241
19 1 50 27
19 1 26 50
19 1 142 138
19 1 143 142

vertices
252
2
0.5 0.25
0.75 0.25
0.5 0.125
0.5 0.140625
0.5 0.15625
0.5 0.1875
0.5 0.203125
0.5 0.21875
0.5 0.234375
0.75 0.265625
0.75 0.28125
0.75 0.296875
0.75 0.3125
0.75 0.328125
0.75 0.34375
0.75 0.359375
0.75 0.375
0.734375 0.375
0.71875 0.375
0.703125 0.375
0.6875 0.375
0.671875 0.375
0.65625 0.375
0.640625 0.375
0.625 0.375
0.625 0.359375
0.625 0.34375
0.625 0.3125
0.515625 0.25
0.53125 0.25
0.546875 0.25
0.5625 0.25
0.578125 0.25
0.59375 0.25
0.625 0.296875
0.609375 0.25
0.625 0.25
0.640625 0.25
0.65625 0.25
0.671875 0.25
0.6875 0.25
0.6875 0.265625
0.6875 0.28125
0.6875 0.296875
0.6875 0.3125
0.671875 0.3125
0.65625 0.3125
0.640625 0.296875
0.640625 0.3125
0.640625 0.328125
0.625 0.328125
0.65625 0.328125
0.65625 0.34375
0.640625 0.34375
0.640625 0.359375
0.65625 0.359375
0.671875 0.34375
0.671875 0.359375
0.6875 0.359375
0.6875 0.34375
0.671875 0.328125
0.6875 0.328125
0.703125 0.3125
0.703125 0.328125
0.71875 0.3125
0.71875 0.328125
0.71875 0.34375
0.703125 0.34375
0.703125 0.359375
0.71875 0.359375
0.734375 0.34375
0.734375 0.359375
0.734375 0.328125
0.734375 0.3125
0.734375 0.296875
0.734375 0.28125
0.71875 0.28125
0.71875 0.296875
0.703125 0.296875
0.703125 0.28125
0.703125 0.265625
0.71875 0.265625
0.703125 0.25
0.71875 0.25
0.734375 0.25
0.734375 0.265625
0.734375 0.234375
0.75 0.234375
0.734375 0.21875
0.75 0.21875
0.71875 0.21875
0.71875 0.234375
0.703125 0.234375
0.6875 0.234375
0.6875 0.21875
0.703125 0.21875
0.703125 0.203125
0.71875 0.203125
0.6875 0.203125
0.6875 0.1875
0.703125 0.1875
0.71875 0.1875
0.734375 0.1875
0.734375 0.203125
0.75 0.203125
0.75 0.1875
0.734375 0.171875
0.75 0.171875
0.71875 0.171875
0.71875 0.15625
0.734375 0.15625
0.75 0.15625
0.734375 0.140625
0.75 0.140625
0.734375 0.125
0.75 0.125
0.71875 0.125
0.71875 0.140625
0.703125 0.140625
0.703125 0.15625
0.703125 0.125
0.6875 0.125
0.6875 0.140625
0.6875 0.15625
0.703125 0.171875
0.6875 0.171875
0.671875 0.171875
0.671875 0.1875
0.65625 0.171875
0.65625 0.1875
0.65625 0.15625
0.671875 0.15625
0.671875 0.140625
0.671875 0.125
0.65625 0.125
0.65625 0.140625
0.640625 0.140625
0.640625 0.15625
0.640625 0.125
0.6328125 0.1328125
0.640625 0.1328125
0.6328125 0.140625
0.6328125 0.125
0.625 0.125
0.625 0.1328125
0.625 0.140625
0.625 0.15625
0.640625 0.171875
0.625 0.171875
0.640625 0.1875
0.625 0.1875
0.640625 0.203125
0.625 0.203125
0.640625 0.21875
0.625 0.21875
0.65625 0.203125
0.65625 0.21875
0.671875 0.21875
0.671875 0.234375
0.65625 0.234375
0.640625 0.234375
0.625 0.234375
0.609375 0.234375
0.59375 0.234375
0.59375 0.21875
0.609375 0.21875
0.609375 0.203125
0.609375 0.1875
0.59375 0.1875
0.59375 0.203125
0.578125 0.203125
0.578125 0.21875
0.578125 0.1875
0.5625 0.1875
0.5625 0.203125
0.5625 0.21875
0.578125 0.234375
0.5625 0.234375
0.546875 0.234375
0.546875 0.21875
0.53125 0.21875
0.53125 0.234375
0.515625 0.234375
0.515625 0.21875
0.515625 0.203125
0.53125 0.203125
0.515625 0.1875
0.53125 0.1875
0.546875 0.1875
0.546875 0.203125
0.546875 0.171875
0.5625 0.171875
0.546875 0.15625
0.5625 0.15625
0.53125 0.15625
0.53125 0.171875
0.515625 0.140625
0.53125 0.140625
0.515625 0.15625
0.515625 0.125
0.5234375 0.125
0.5234375 0.1328125
0.515625 0.1328125
0.5234375 0.140625
0.53125 0.1328125
0.53125 0.125
0.546875 0.125
0.546875 0.140625
0.5625 0.140625
0.5625 0.125
0.59375 0.125
0.59375 0.15625
0.609375 0.15625
0.609375 0.171875
0.59375 0.171875
0.609375 0.140625
0.59375 0.140625
0.609375 0.125
0.609375 0.109375
0.625 0.109375
0.59375 0.109375
0.59375 0.09375
0.609375 0.09375
0.625 0.09375
0.609375 0.078125
0.625 0.078125
0.609375 0.0625
0.625 0.0625
0.59375 0.0625
0.59375 0.078125
0.578125 0.078125
0.578125 0.09375
0.578125 0.0625
0.5625 0.0625
0.5625 0.078125
0.5625 0.09375
0.578125 0.109375
0.5625 0.109375
0.578125 0.125
0.546875 0.109375
0.546875 0.09375
0.53125 0.09375
0.53125 0.109375
0.5390625 0.109375
0.5390625 0.1171875
0.53125 0.1171875
0.546875 0.1171875
0.5390625 0.125
0.5234375 0.1171875
0.5234375 0.109375
0.515625 0.109375
0.515625 0.1171875
