MFEM mesh v1.0

#
# MFEM Geometry Types (see mesh/geom.hpp):
#
# POINT       = 0
# SEGMENT     = 1
# TRIANGLE    = 2
# SQUARE      = 3
# TETRAHEDRON = 4
# CUBE        = 5
# PRISM       = 6
#

dimension
2

elements
426
1 3 10 39 38 40
1 3 40 38 37 36
1 3 41 40 36 42
1 3 9 10 40 41
1 3 8 9 41 43
1 3 43 41 42 44
1 3 44 42 45 46
1 3 42 36 34 45
1 3 45 34 35 47
1 3 46 45 47 48
1 3 48 47 49 50
1 3 50 49 51 52
1 3 49 53 54 51
1 3 47 35 53 49
1 3 35 33 55 53
1 3 33 32 31 55
1 3 55 31 30 56
1 3 53 55 56 54
1 3 54 56 57 58
1 3 56 30 29 57
1 3 57 29 28 59
1 3 58 57 59 27
1 3 60 58 27 26
1 3 51 54 58 60
1 3 52 51 60 61
1 3 61 60 26 25
1 3 62 61 25 63
1 3 64 52 61 62
1 3 65 64 62 66
1 3 66 62 63 67
1 3 68 66 67 69
1 3 70 68 69 71
1 3 72 73 68 70
1 3 73 65 66 68
1 3 74 75 65 73
1 3 76 74 73 72
1 3 77 78 74 76
1 3 78 79 75 74
1 3 79 80 81 75
1 3 75 81 64 65
1 3 81 50 52 64
1 3 80 48 50 81
1 3 82 46 48 80
1 3 83 82 80 79
1 3 84 85 82 83
1 3 85 44 46 82
1 3 86 43 44 85
1 3 7 8 43 86
1 3 6 7 86 87
1 3 87 86 85 84
1 3 88 87 84 89
1 3 5 6 87 88
1 3 4 5 88 90
1 3 90 88 89 91
1 3 91 89 92 93
1 3 89 84 83 92
1 3 92 83 79 78
1 3 93 92 78 77
1 3 94 93 77 95
1 3 96 94 95 97
1 3 98 99 94 96
1 3 99 91 93 94
1 3 100 90 91 99
1 3 3 4 90 100
1 3 2 3 100 101
1 3 101 100 99 98
1 3 102 101 98 103
1 3 0 2 101 102
1 3 1 0 102 104
1 3 104 102 103 105
1 3 105 103 106 107
1 3 103 98 96 106
1 3 106 96 97 108
1 3 107 106 108 109
1 3 109 108 110 111
1 3 111 110 112 113
1 3 110 114 115 112
1 3 108 97 114 110
1 3 97 95 116 114
1 3 95 77 76 116
1 3 116 76 72 117
1 3 114 116 117 115
1 3 115 117 118 119
1 3 117 72 70 118
1 3 118 70 71 120
1 3 119 118 120 121
1 3 122 119 121 123
1 3 112 115 119 122
1 3 113 112 122 124
1 3 124 122 123 125
1 3 125 123 126 127
1 3 123 121 128 126
1 3 126 128 129 130
1 3 127 126 130 131
1 3 131 130 132 133
1 3 133 132 134 135
1 3 132 136 137 134
1 3 130 129 136 132
1 3 129 138 139 136
1 3 136 139 140 137
1 3 139 141 142 140
1 3 138 143 141 139
1 3 144 145 143 138
1 3 128 144 138 129
1 3 121 120 144 128
1 3 120 71 145 144
1 3 71 69 146 145
1 3 145 146 147 143
1 3 146 148 149 147
1 3 69 67 148 146
1 3 67 63 150 148
1 3 63 25 24 150
1 3 150 24 23 151
1 3 148 150 151 149
1 3 149 151 152 153
1 3 151 23 22 152
1 3 152 22 21 154
1 3 153 152 154 155
1 3 156 153 155 157
1 3 147 149 153 156
1 3 143 147 156 141
1 3 141 156 157 142
1 3 142 157 158 159
1 3 159 158 160 161
1 3 158 162 163 160
1 3 157 155 162 158
1 3 155 154 164 162
1 3 154 21 20 164
1 3 164 20 19 165
1 3 162 164 165 163
1 3 163 165 166 167
1 3 165 19 17 166
1 3 166 17 18 168
1 3 167 166 168 169
1 3 170 167 169 171
1 3 160 163 167 170
1 3 161 160 170 172
1 3 172 170 171 173
1 3 174 172 173 175
1 3 176 174 175 177
1 3 178 179 174 176
1 3 179 161 172 174
1 3 180 159 161 179
1 3 140 142 159 180
1 3 137 140 180 181
1 3 181 180 179 178
1 3 182 181 178 183
1 3 134 137 181 182
1 3 135 134 182 184
1 3 184 182 183 185
1 3 185 183 186 187
1 3 183 178 176 186
1 3 186 176 177 188
1 3 187 186 188 189
1 3 189 188 190 191
1 3 191 190 192 193
1 3 190 194 195 192
1 3 188 177 194 190
1 3 177 175 196 194
1 3 175 173 197 196
1 3 196 197 198 199
1 3 194 196 199 195
1 3 195 199 200 201
1 3 199 198 202 200
1 3 200 202 203 204
1 3 201 200 204 205
1 3 206 201 205 207
1 3 192 195 201 206
1 3 193 192 206 208
1 3 208 206 207 209
1 3 209 207 210 211
1 3 207 205 212 210
1 3 210 212 213 214
1 3 211 210 214 215
1 3 215 214 216 217
1 3 217 216 218 219
1 3 216 220 221 218
1 3 214 213 220 216
1 3 213 222 223 220
1 3 220 223 224 221
1 3 223 225 226 224
1 3 222 227 225 223
1 3 228 229 227 222
1 3 212 228 222 213
1 3 205 204 228 212
1 3 204 203 229 228
1 3 203 230 231 229
1 3 230 232 233 231
1 3 231 233 234 235
1 3 229 231 235 227
1 3 227 235 236 225
1 3 225 236 237 226
1 3 236 238 239 237
1 3 235 234 238 236
1 3 234 240 241 238
1 3 238 241 242 239
1 3 241 243 244 242
1 3 240 245 243 241
1 3 246 247 245 240
1 3 233 246 240 234
1 3 232 248 246 233
1 3 248 249 247 246
1 3 250 251 249 248
1 3 252 253 251 250
1 3 254 252 250 255
1 3 255 250 248 232
1 3 256 255 232 230
1 3 202 256 230 203
1 3 198 257 256 202
1 3 257 254 255 256
1 3 258 259 254 257
1 3 197 258 257 198
1 3 173 171 258 197
1 3 171 169 259 258
1 3 169 168 260 259
1 3 259 260 252 254
1 3 260 261 253 252
1 3 168 18 261 260
1 3 18 16 262 261
1 3 16 15 263 262
1 3 262 263 264 265
1 3 261 262 265 253
1 3 253 265 266 251
1 3 251 266 267 249
1 3 266 268 269 267
1 3 265 264 268 266
1 3 264 270 271 269
1 3 15 14 270 264
1 3 14 13 272 270
1 3 13 12 273 274
1 3 12 11 275 273
1 3 273 275 276 277
1 3 274 273 277 272
1 3 272 277 278 279
1 3 277 276 280 278
1 3 278 280 281 282
1 3 279 278 282 283
1 3 270 272 283 271
1 3 271 283 284 285
1 3 283 282 286 287
1 3 282 281 288 286
1 3 286 288 289 290
1 3 287 286 290 284
1 3 284 290 291 292
1 3 290 289 293 291
1 3 291 293 294 295
1 3 292 291 295 296
1 3 285 284 296 297
1 3 298 285 297 299
1 3 269 271 285 298
1 3 300 301 298 302
1 3 267 269 301 300
1 3 249 267 300 247
1 3 247 300 302 245
1 3 245 302 303 243
1 3 302 298 304 303
1 3 303 304 299 305
1 3 243 303 305 244
1 3 244 305 306 307
1 3 305 299 308 306
1 3 306 308 309 310
1 3 307 306 310 311
1 3 311 310 312 313
1 3 313 312 314 315
1 3 312 316 317 314
1 3 310 309 316 312
1 3 309 318 319 317
1 3 299 297 318 309
1 3 297 296 320 318
1 3 296 295 321 322
1 3 295 294 323 321
1 3 321 323 324 325
1 3 322 321 325 320
1 3 320 325 326 327
1 3 325 324 328 326
1 3 326 328 329 330
1 3 327 326 330 331
1 3 318 320 331 319
1 3 319 331 332 333
1 3 331 330 334 335
1 3 330 329 336 334
1 3 334 336 337 338
1 3 335 334 338 332
1 3 332 338 339 340
1 3 338 337 341 339
1 3 339 341 342 343
1 3 340 339 343 344
1 3 333 332 344 345
1 3 346 333 345 347
1 3 317 319 333 346
1 3 348 349 346 350
1 3 314 317 349 348
1 3 315 314 348 351
1 3 351 348 350 352
1 3 352 350 353 354
1 3 350 346 355 353
1 3 353 355 347 356
1 3 354 353 356 357
1 3 358 354 357 359
1 3 360 352 354 358
1 3 361 360 358 362
1 3 362 358 359 363
1 3 364 362 363 365
1 3 366 364 365 367
1 3 368 369 364 366
1 3 369 361 362 364
1 3 370 371 361 369
1 3 372 370 369 368
1 3 373 374 370 372
1 3 374 375 371 370
1 3 375 376 377 371
1 3 371 377 360 361
1 3 377 351 352 360
1 3 376 315 351 377
1 3 378 313 315 376
1 3 379 378 376 375
1 3 380 381 378 379
1 3 381 311 313 378
1 3 382 307 311 381
1 3 242 244 307 382
1 3 239 242 382 383
1 3 383 382 381 380
1 3 384 383 380 385
1 3 237 239 383 384
1 3 226 237 384 386
1 3 386 384 385 387
1 3 387 385 388 389
1 3 385 380 379 388
1 3 388 379 375 374
1 3 389 388 374 373
1 3 390 389 373 391
1 3 392 390 391 393
1 3 394 395 390 392
1 3 395 387 389 390
1 3 396 386 387 395
1 3 224 226 386 396
1 3 221 224 396 397
1 3 397 396 395 394
1 3 398 397 394 399
1 3 218 221 397 398
1 3 219 218 398 400
1 3 400 398 399 401
1 3 401 399 402 403
1 3 399 394 392 402
1 3 402 392 393 404
1 3 403 402 404 405
1 3 405 404 406 407
1 3 407 406 408 409
1 3 406 410 411 408
1 3 404 393 410 406
1 3 393 391 412 410
1 3 391 373 372 412
1 3 412 372 368 413
1 3 410 412 413 411
1 3 411 413 414 415
1 3 413 368 366 414
1 3 414 366 367 416
1 3 415 414 416 417
1 3 418 415 417 419
1 3 408 411 415 418
1 3 409 408 418 420
1 3 420 418 419 421
1 3 421 419 422 423
1 3 419 417 424 422
1 3 422 424 425 426
1 3 423 422 426 427
1 3 427 426 428 429
1 3 429 428 430 431
1 3 428 432 433 430
1 3 426 425 432 428
1 3 425 434 435 432
1 3 432 435 436 433
1 3 435 437 438 436
1 3 434 439 437 435
1 3 440 441 439 434
1 3 424 440 434 425
1 3 417 416 440 424
1 3 416 367 441 440
1 3 367 365 442 441
1 3 441 442 443 439
1 3 442 444 445 443
1 3 365 363 444 442
1 3 363 359 446 444
1 3 359 357 447 446
1 3 446 447 448 449
1 3 444 446 449 445
1 3 445 449 450 451
1 3 449 448 452 450
1 3 450 452 453 454
1 3 451 450 454 455
1 3 456 451 455 457
1 3 443 445 451 456
1 3 439 443 456 437
1 3 437 456 457 438
1 3 438 457 458 459
1 3 459 458 460 461
1 3 458 462 463 460
1 3 457 455 462 458
1 3 455 454 464 462
1 3 454 453 465 464
1 3 464 465 466 467
1 3 462 464 467 463
1 3 463 467 468 469
1 3 467 466 470 468
1 3 468 470 471 472
1 3 469 468 472 473
1 3 474 469 473 475
1 3 460 463 469 474
1 3 461 460 474 476
1 3 476 474 475 477
1 3 478 476 477 479
1 3 480 478 479 481
1 3 482 483 478 480
1 3 483 461 476 478
1 3 484 459 461 483
1 3 436 438 459 484
1 3 433 436 484 485
1 3 485 484 483 482
1 3 486 485 482 487
1 3 430 433 485 486
1 3 431 430 486 488
1 3 488 486 487 489
1 3 489 487 490 491
1 3 487 482 480 490
1 3 490 480 481 492
1 3 491 490 492 493

boundary
118
4 1 104 1
4 1 105 104
4 1 107 105
4 1 109 107
4 1 111 109
4 1 113 111
4 1 124 113
4 1 125 124
4 1 127 125
4 1 131 127
4 1 133 131
4 1 135 133
4 1 184 135
4 1 185 184
4 1 187 185
4 1 189 187
4 1 191 189
4 1 193 191
4 1 208 193
4 1 209 208
4 1 211 209
4 1 215 211
4 1 217 215
4 1 219 217
4 1 400 219
4 1 401 400
4 1 403 401
4 1 405 403
4 1 407 405
4 1 409 407
4 1 420 409
4 1 421 420
4 1 423 421
4 1 427 423
4 1 429 427
4 1 431 429
4 1 488 431
4 1 489 488
4 1 491 489
4 1 493 491
6 1 39 38
6 1 38 37
6 1 37 36
6 1 9 10
6 1 8 9
6 1 36 34
6 1 34 35
6 1 35 33
6 1 33 32
6 1 32 31
6 1 31 30
6 1 30 29
6 1 29 28
6 1 27 26
6 1 26 25
6 1 7 8
6 1 6 7
6 1 5 6
6 1 4 5
6 1 3 4
6 1 2 3
6 1 0 2
6 1 1 0
6 1 25 24
6 1 24 23
6 1 23 22
6 1 22 21
6 1 21 20
6 1 20 19
6 1 19 17
6 1 17 18
6 1 18 16
6 1 16 15
6 1 15 14
6 1 13 12
6 1 12 11
6 1 11 275
6 1 275 276
6 1 276 280
6 1 280 281
6 1 281 288
6 1 288 289
6 1 289 293
6 1 293 294
6 1 294 323
6 1 323 324
6 1 324 328
6 1 328 329
6 1 329 336
6 1 336 337
6 1 337 341
6 1 341 342
6 1 342 343
6 1 343 344
6 1 344 345
6 1 345 347
6 1 347 356
6 1 356 357
6 1 357 447
6 1 447 448
6 1 448 452
6 1 452 453
6 1 453 465
6 1 465 466
6 1 466 470
6 1 470 471
6 1 471 472
6 1 472 473
6 1 473 475
6 1 475 477
6 1 477 479
6 1 479 481
6 1 481 492
6 1 492 493
6 1 14 13
6 1 10 39
6 1 59 27
6 1 28 59

vertices
494
2
0.0009765625 0.03125
0 0.03125
0.001953125 0.03125
0.0029296875 0.03125
0.00390625 0.03125
0.0048828125 0.03125
0.005859375 0.03125
0.0068359375 0.03125
0.0078125 0.03125
0.0087890625 0.03125
0.009765625 0.03125
0.015625 0.0625
0.014648438 0.0625
0.013671875 0.0625
0.01171875 0.0625
0.009765625 0.0625
0.0087890625 0.0625
0.0078125 0.060546875
0.0078125 0.0625
0.0078125 0.05859375
0.0078125 0.056640625
0.0078125 0.0546875
0.0078125 0.052734375
0.0078125 0.05078125
0.0078125 0.048828125
0.0078125 0.046875
0.0087890625 0.046875
0.009765625 0.046875
0.01171875 0.046875
0.01171875 0.044921875
0.01171875 0.04296875
0.01171875 0.041015625
0.01171875 0.0390625
0.010742188 0.0390625
0.009765625 0.037109375
0.009765625 0.0390625
0.009765625 0.03515625
0.010742188 0.03515625
0.010742188 0.033203125
0.010742188 0.03125
0.009765625 0.033203125
0.0087890625 0.033203125
0.0087890625 0.03515625
0.0078125 0.033203125
0.0078125 0.03515625
0.0087890625 0.037109375
0.0078125 0.037109375
0.0087890625 0.0390625
0.0078125 0.0390625
0.0087890625 0.041015625
0.0078125 0.041015625
0.0087890625 0.04296875
0.0078125 0.04296875
0.009765625 0.041015625
0.009765625 0.04296875
0.010742188 0.041015625
0.010742188 0.04296875
0.010742188 0.044921875
0.009765625 0.044921875
0.010742188 0.046875
0.0087890625 0.044921875
0.0078125 0.044921875
0.0068359375 0.044921875
0.0068359375 0.046875
0.0068359375 0.04296875
0.005859375 0.04296875
0.005859375 0.044921875
0.005859375 0.046875
0.0048828125 0.044921875
0.0048828125 0.046875
0.00390625 0.044921875
0.00390625 0.046875
0.00390625 0.04296875
0.0048828125 0.04296875
0.0048828125 0.041015625
0.005859375 0.041015625
0.00390625 0.041015625
0.00390625 0.0390625
0.0048828125 0.0390625
0.005859375 0.0390625
0.0068359375 0.0390625
0.0068359375 0.041015625
0.0068359375 0.037109375
0.005859375 0.037109375
0.005859375 0.03515625
0.0068359375 0.03515625
0.0068359375 0.033203125
0.005859375 0.033203125
0.0048828125 0.033203125
0.0048828125 0.03515625
0.00390625 0.033203125
0.00390625 0.03515625
0.0048828125 0.037109375
0.00390625 0.037109375
0.0029296875 0.037109375
0.0029296875 0.0390625
0.001953125 0.037109375
0.001953125 0.0390625
0.001953125 0.03515625
0.0029296875 0.03515625
0.0029296875 0.033203125
0.001953125 0.033203125
0.0009765625 0.033203125
0.0009765625 0.03515625
0 0.033203125
0 0.03515625
0.0009765625 0.037109375
0 0.037109375
0.0009765625 0.0390625
0 0.0390625
0.0009765625 0.041015625
0 0.041015625
0.0009765625 0.04296875
0 0.04296875
0.001953125 0.041015625
0.001953125 0.04296875
0.0029296875 0.041015625
0.0029296875 0.04296875
0.0029296875 0.044921875
0.001953125 0.044921875
0.0029296875 0.046875
0.001953125 0.046875
0.0009765625 0.044921875
0.0009765625 0.046875
0 0.044921875
0 0.046875
0.0009765625 0.048828125
0 0.048828125
0.001953125 0.048828125
0.001953125 0.05078125
0.0009765625 0.05078125
0 0.05078125
0.0009765625 0.052734375
0 0.052734375
0.0009765625 0.0546875
0 0.0546875
0.001953125 0.052734375
0.001953125 0.0546875
0.0029296875 0.05078125
0.0029296875 0.052734375
0.0029296875 0.0546875
0.00390625 0.052734375
0.00390625 0.0546875
0.00390625 0.05078125
0.0029296875 0.048828125
0.00390625 0.048828125
0.0048828125 0.048828125
0.0048828125 0.05078125
0.005859375 0.048828125
0.005859375 0.05078125
0.0068359375 0.048828125
0.0068359375 0.05078125
0.0068359375 0.052734375
0.005859375 0.052734375
0.0068359375 0.0546875
0.005859375 0.0546875
0.0048828125 0.052734375
0.0048828125 0.0546875
0.0048828125 0.056640625
0.00390625 0.056640625
0.0048828125 0.05859375
0.00390625 0.05859375
0.005859375 0.056640625
0.005859375 0.05859375
0.0068359375 0.056640625
0.0068359375 0.05859375
0.0068359375 0.060546875
0.005859375 0.060546875
0.0068359375 0.0625
0.005859375 0.0625
0.0048828125 0.060546875
0.0048828125 0.0625
0.00390625 0.060546875
0.00390625 0.0625
0.0029296875 0.060546875
0.0029296875 0.0625
0.001953125 0.060546875
0.001953125 0.0625
0.001953125 0.05859375
0.0029296875 0.05859375
0.0029296875 0.056640625
0.001953125 0.056640625
0.0009765625 0.056640625
0.0009765625 0.05859375
0 0.056640625
0 0.05859375
0.0009765625 0.060546875
0 0.060546875
0.0009765625 0.0625
0 0.0625
0.0009765625 0.064453125
0 0.064453125
0.0009765625 0.06640625
0 0.06640625
0.001953125 0.064453125
0.001953125 0.06640625
0.0029296875 0.064453125
0.00390625 0.064453125
0.00390625 0.06640625
0.0029296875 0.06640625
0.0029296875 0.068359375
0.001953125 0.068359375
0.00390625 0.068359375
0.00390625 0.0703125
0.0029296875 0.0703125
0.001953125 0.0703125
0.0009765625 0.068359375
0.0009765625 0.0703125
0 0.068359375
0 0.0703125
0.0009765625 0.072265625
0 0.072265625
0.001953125 0.072265625
0.001953125 0.07421875
0.0009765625 0.07421875
0 0.07421875
0.0009765625 0.076171875
0 0.076171875
0.0009765625 0.078125
0 0.078125
0.001953125 0.076171875
0.001953125 0.078125
0.0029296875 0.07421875
0.0029296875 0.076171875
0.0029296875 0.078125
0.00390625 0.076171875
0.00390625 0.078125
0.00390625 0.07421875
0.0029296875 0.072265625
0.00390625 0.072265625
0.0048828125 0.0703125
0.0048828125 0.072265625
0.005859375 0.0703125
0.005859375 0.072265625
0.005859375 0.07421875
0.0048828125 0.07421875
0.0048828125 0.076171875
0.0048828125 0.078125
0.005859375 0.076171875
0.005859375 0.078125
0.0068359375 0.07421875
0.0068359375 0.076171875
0.0068359375 0.078125
0.0078125 0.076171875
0.0078125 0.078125
0.0078125 0.07421875
0.0068359375 0.072265625
0.0078125 0.072265625
0.0068359375 0.0703125
0.0078125 0.0703125
0.0068359375 0.068359375
0.0078125 0.068359375
0.0068359375 0.06640625
0.0078125 0.06640625
0.005859375 0.06640625
0.005859375 0.068359375
0.0048828125 0.068359375
0.0048828125 0.06640625
0.0048828125 0.064453125
0.005859375 0.064453125
0.0068359375 0.064453125
0.0078125 0.064453125
0.0087890625 0.064453125
0.009765625 0.064453125
0.009765625 0.06640625
0.0087890625 0.06640625
0.0087890625 0.068359375
0.0087890625 0.0703125
0.009765625 0.068359375
0.009765625 0.0703125
0.01171875 0.06640625
0.01171875 0.0703125
0.013671875 0.06640625
0.014648438 0.064453125
0.013671875 0.064453125
0.015625 0.064453125
0.015625 0.06640625
0.014648438 0.06640625
0.014648438 0.068359375
0.013671875 0.068359375
0.015625 0.068359375
0.015625 0.0703125
0.014648438 0.0703125
0.013671875 0.0703125
0.013671875 0.07421875
0.01171875 0.07421875
0.014648438 0.072265625
0.013671875 0.072265625
0.015625 0.072265625
0.015625 0.07421875
0.014648438 0.07421875
0.014648438 0.076171875
0.013671875 0.076171875
0.015625 0.076171875
0.015625 0.078125
0.014648438 0.078125
0.013671875 0.078125
0.01171875 0.078125
0.009765625 0.07421875
0.009765625 0.078125
0.0087890625 0.072265625
0.009765625 0.072265625
0.0087890625 0.07421875
0.0087890625 0.076171875
0.009765625 0.076171875
0.0087890625 0.078125
0.0087890625 0.080078125
0.0078125 0.080078125
0.009765625 0.080078125
0.009765625 0.08203125
0.0087890625 0.08203125
0.0078125 0.08203125
0.0087890625 0.083984375
0.0078125 0.083984375
0.0087890625 0.0859375
0.0078125 0.0859375
0.009765625 0.083984375
0.009765625 0.0859375
0.01171875 0.08203125
0.01171875 0.0859375
0.013671875 0.08203125
0.014648438 0.080078125
0.013671875 0.080078125
0.015625 0.080078125
0.015625 0.08203125
0.014648438 0.08203125
0.014648438 0.083984375
0.013671875 0.083984375
0.015625 0.083984375
0.015625 0.0859375
0.014648438 0.0859375
0.013671875 0.0859375
0.013671875 0.08984375
0.01171875 0.08984375
0.014648438 0.087890625
0.013671875 0.087890625
0.015625 0.087890625
0.015625 0.08984375
0.014648438 0.08984375
0.014648438 0.091796875
0.013671875 0.091796875
0.015625 0.091796875
0.015625 0.09375
0.014648438 0.09375
0.013671875 0.09375
0.01171875 0.09375
0.009765625 0.08984375
0.009765625 0.09375
0.0087890625 0.087890625
0.009765625 0.087890625
0.0087890625 0.08984375
0.0078125 0.087890625
0.0078125 0.08984375
0.0087890625 0.091796875
0.0078125 0.091796875
0.009765625 0.091796875
0.0087890625 0.09375
0.0078125 0.09375
0.0068359375 0.091796875
0.0068359375 0.09375
0.0068359375 0.08984375
0.005859375 0.08984375
0.005859375 0.091796875
0.005859375 0.09375
0.0048828125 0.091796875
0.0048828125 0.09375
0.00390625 0.091796875
0.00390625 0.09375
0.00390625 0.08984375
0.0048828125 0.08984375
0.0048828125 0.087890625
0.005859375 0.087890625
0.00390625 0.087890625
0.00390625 0.0859375
0.0048828125 0.0859375
0.005859375 0.0859375
0.0068359375 0.0859375
0.0068359375 0.087890625
0.0068359375 0.083984375
0.005859375 0.083984375
0.005859375 0.08203125
0.0068359375 0.08203125
0.0068359375 0.080078125
0.005859375 0.080078125
0.0048828125 0.080078125
0.0048828125 0.08203125
0.00390625 0.080078125
0.00390625 0.08203125
0.0048828125 0.083984375
0.00390625 0.083984375
0.0029296875 0.083984375
0.0029296875 0.0859375
0.001953125 0.083984375
0.001953125 0.0859375
0.001953125 0.08203125
0.0029296875 0.08203125
0.0029296875 0.080078125
0.001953125 0.080078125
0.0009765625 0.080078125
0.0009765625 0.08203125
0 0.080078125
0 0.08203125
0.0009765625 0.083984375
0 0.083984375
0.0009765625 0.0859375
0 0.0859375
0.0009765625 0.087890625
0 0.087890625
0.0009765625 0.08984375
0 0.08984375
0.001953125 0.087890625
0.001953125 0.08984375
0.0029296875 0.087890625
0.0029296875 0.08984375
0.0029296875 0.091796875
0.001953125 0.091796875
0.0029296875 0.09375
0.001953125 0.09375
0.0009765625 0.091796875
0.0009765625 0.09375
0 0.091796875
0 0.09375
0.0009765625 0.095703125
0 0.095703125
0.001953125 0.095703125
0.001953125 0.09765625
0.0009765625 0.09765625
0 0.09765625
0.0009765625 0.099609375
0 0.099609375
0.0009765625 0.1015625
0 0.1015625
0.001953125 0.099609375
0.001953125 0.1015625
0.0029296875 0.09765625
0.0029296875 0.099609375
0.0029296875 0.1015625
0.00390625 0.099609375
0.00390625 0.1015625
0.00390625 0.09765625
0.0029296875 0.095703125
0.00390625 0.095703125
0.0048828125 0.095703125
0.0048828125 0.09765625
0.005859375 0.095703125
0.005859375 0.09765625
0.0068359375 0.095703125
0.0078125 0.095703125
0.0078125 0.09765625
0.0068359375 0.09765625
0.0068359375 0.099609375
0.005859375 0.099609375
0.0078125 0.099609375
0.0078125 0.1015625
0.0068359375 0.1015625
0.005859375 0.1015625
0.0048828125 0.099609375
0.0048828125 0.1015625
0.0048828125 0.10351562
0.00390625 0.10351562
0.0048828125 0.10546875
0.00390625 0.10546875
0.005859375 0.10351562
0.005859375 0.10546875
0.0068359375 0.10351562
0.0078125 0.10351562
0.0078125 0.10546875
0.0068359375 0.10546875
0.0068359375 0.10742188
0.005859375 0.10742188
0.0078125 0.10742188
0.0078125 0.109375
0.0068359375 0.109375
0.005859375 0.109375
0.0048828125 0.10742188
0.0048828125 0.109375
0.00390625 0.10742188
0.00390625 0.109375
0.0029296875 0.10742188
0.0029296875 0.109375
0.001953125 0.10742188
0.001953125 0.109375
0.001953125 0.10546875
0.0029296875 0.10546875
0.0029296875 0.10351562
0.001953125 0.10351562
0.0009765625 0.10351562
0.0009765625 0.10546875
0 0.10351562
0 0.10546875
0.0009765625 0.10742188
0 0.10742188
0.0009765625 0.109375
0 0.109375
