FiniteElementSpace
FiniteElementCollection: L2_2D_P1
VDim: 1
Ordering: 0

0.30050759
0.27832594
0.33720582
0.31210927
0.22714281
0.21038971
0.27099394
0.25096243
0.24974592
0.23779899
0.29848127
0.28384376
0.33072165
0.31468806
0.3717892
0.35331913
0.34990409
0.34030033
0.39440443
0.38295701
0.35790167
0.3547197
0.40415656
0.40024808
0.26992987
0.26756808
0.32392905
0.32088795
0.26399648
0.2568782
0.31631865
0.30732895
0.16234899
0.15794343
0.22446805
0.21806417
0.16602676
0.16455624
0.22987584
0.22772376
0.036372678
0.036043692
0.11664831
0.11551919
0.035572921
0.034602181
0.11379641
0.11042408
0.03367457
0.032108436
0.10703402
0.10146594
0.1535469
0.14620155
0.21170012
0.2011985
0.13963795
0.1293006
0.19194095
0.17755869
0.030750213
0.028655398
0.096516735
0.088847806
