FiniteElementSpace
FiniteElementCollection: L2_2D_P2
VDim: 1
Ordering: 0

0.0047625717
0.021128263
0.037485866
0.0047612101
0.021122223
0.037475149
0.0047581276
0.021108549
0.037450887
0.0047555415
0.021097078
0.037430533
0.0047497391
0.021071338
0.037384865
0.0047422196
0.021037983
0.037325683
0.04693094
0.063239539
0.079526261
0.046873685
0.063162385
0.079429229
0.046799488
0.063062402
0.079303486
0.047000311
0.063333017
0.079643824
0.046986876
0.063314913
0.079621055
0.046956458
0.063273924
0.079569507
0.08912386
0.10538568
0.12161071
0.089098383
0.10535555
0.12157594
0.089040706
0.10528734
0.12149723
0.13103354
0.14718498
0.16328433
0.13099609
0.1471429
0.16323765
0.13091129
0.14704764
0.16313196
0.13084015
0.14696773
0.1630433
0.13068052
0.14678842
0.16284436
0.13047367
0.14655606
0.16258657
0.088992317
0.10523013
0.12143119
0.088883748
0.10510174
0.12128303
0.088743054
0.10493536
0.12109102
0.088646393
0.10482107
0.12095911
0.088454992
0.10459473
0.1206979
0.08823162
0.10433058
0.12039307
0.13033156
0.14639643
0.16240946
0.13005015
0.14608033
0.16205875
0.12972175
0.14571142
0.16164946
0.129509
0.14547246
0.16138433
0.12910649
0.14502032
0.16088269
0.12865731
0.14451577
0.16032291
0.088086919
0.10415948
0.1201956
0.087813144
0.10383574
0.11982198
0.087507631
0.10347447
0.11940506
0.046453471
0.06259614
0.078717082
0.046309094
0.062401587
0.078472404
0.046147979
0.062184481
0.078199362
0.046748514
0.062993716
0.079217098
0.046647576
0.062857699
0.079046037
0.04652978
0.062698963
0.078846404
0.0047370538
0.021015068
0.037285025
0.0047268245
0.020969692
0.037204514
0.0047148866
0.020916736
0.037110555
0.0047071535
0.020882433
0.03704969
0.004692522
0.020817529
0.036934531
0.0046761945
0.0207451
0.036806022
0.0046659125
0.020699492
0.036725096
0.0046469136
0.020615216
0.036575567
0.004626235
0.020523488
0.036412817
0.046046521
0.06204777
0.078027419
0.045859051
0.061795151
0.077709714
0.045655007
0.061520198
0.077363921
0.045528642
0.061349928
0.077149772
0.045298531
0.061039852
0.076759808
0.045052048
0.060707714
0.076342098
0.0046134287
0.020466684
0.036312026
0.0045901087
0.02036324
0.036128486
0.0045651289
0.020252435
0.035931887
0.0045498295
0.020184572
0.035811475
0.0045222438
0.020062207
0.035594367
0.0044930233
0.019932591
0.035364393
0.0044752677
0.019853833
0.035224649
0.0044434835
0.019712844
0.034974497
0.0044100932
0.01956473
0.034711702
0.044165348
0.059512911
0.074839445
0.043851717
0.059090298
0.074307956
0.043522236
0.058646328
0.073749609
0.044901081
0.060504296
0.076086259
0.044628883
0.060137509
0.075624975
0.044340553
0.059748988
0.075136356
0.085143177
0.1006786
0.11617842
0.084627012
0.10006826
0.11547406
0.084080257
0.099421751
0.11472796
0.083748017
0.099028914
0.11427459
0.083153282
0.098325677
0.11346304
0.082528489
0.097586901
0.11261047
0.12312967
0.13830706
0.15343457
0.12225524
0.1373249
0.15234495
0.12133662
0.1362931
0.15120028
0.12518094
0.14061103
0.1559907
0.12442203
0.13975862
0.155045
0.12361815
0.1388557
0.15404327
0.1269306
0.14257627
0.15817106
0.12628905
0.14185566
0.15737157
0.12560184
0.14108378
0.1565152
0.086333205
0.10208575
0.11780236
0.085896852
0.10156978
0.1172069
0.085429452
0.10101709
0.11656907
0.087315239
0.10324698
0.1191425
0.086959748
0.10282661
0.11865738
0.086572827
0.10236908
0.11812936
0.12837444
0.14419805
0.15997039
0.12785178
0.14361097
0.15931904
0.12728291
0.14297198
0.15861011
0.16912385
0.18480102
0.20041238
0.16843529
0.18404863
0.19959636
0.16768585
0.18322973
0.1987082
0.20946556
0.22495882
0.2403717
0.20861274
0.22404294
0.23939298
0.20768452
0.22304608
0.23832774
0.20710967
0.22242876
0.23766804
0.20606285
0.22130456
0.23646674
0.20494155
0.22010037
0.23517998
0.16722172
0.18272261
0.19815817
0.16637652
0.18179909
0.19715657
0.16547119
0.18080987
0.19608371
0.16491669
0.18020402
0.19542661
0.16391689
0.1791116
0.19424185
0.16285785
0.17795444
0.19298688
0.16221432
0.17725131
0.19222431
0.16106234
0.17599261
0.19085925
0.15985215
0.17467029
0.18942521
0.20090776
0.21576847
0.23055112
0.19948099
0.21423622
0.2289139
0.19798213
0.21262653
0.22719394
0.20425477
0.21936285
0.23439187
0.20301647
0.21803303
0.2329709
0.20170481
0.2166244
0.23146573
0.24310091
0.2579933
0.27279249
0.2416271
0.25642929
0.27113874
0.24006597
0.25477258
0.269387
0.23911734
0.25376591
0.26832254
0.23741922
0.25196381
0.26641712
0.23563532
0.25007063
0.26441538
0.27675085
0.29115203
0.30544781
0.2747855
0.2890844
0.30327872
0.27272085
0.28691228
0.30099999
0.28136137
0.29600231
0.31053625
0.2796556
0.29420785
0.30865368
0.27784878
0.29230702
0.30665955
0.28529407
0.30013944
0.31487667
0.28385204
0.29862245
0.31328513
0.28230742
0.29699751
0.31158037
0.24649879
0.26159912
0.27660535
0.24525287
0.26027695
0.27520726
0.2439183
0.25886069
0.2737097
0.24930277
0.26457473
0.27975193
0.24828775
0.26349756
0.27861287
0.24718298
0.26232516
0.27737311
0.2885394
0.30355348
0.31845861
0.28736461
0.3023176
0.31716195
0.28608595
0.30097245
0.31575066
0.29108954
0.30623626
0.32127341
0.29018481
0.30528445
0.32027477
0.28917519
0.30422231
0.31916037
0.29293837
0.30818133
0.32331421
0.29230587
0.30751588
0.32261603
0.29156772
0.3067393
0.32180123
0.25310348
0.26860829
0.28401732
0.252557
0.2680283
0.28340401
0.25191924
0.26735144
0.28268825
0.25150609
0.266913
0.28222459
0.25072441
0.26608342
0.28134733
0.24985209
0.26515767
0.28036839
0.21131679
0.22694698
0.24249629
0.21066002
0.22624161
0.24174253
0.20992711
0.22545448
0.24090139
0.17061853
0.18643426
0.20218378
0.17008826
0.18585481
0.20155532
0.1694965
0.18520819
0.20085401
0.17170217
0.18761839
0.20346807
0.17133145
0.18721328
0.2030287
0.1708988
0.1867405
0.20251594
0.21265893
0.22838843
0.24403666
0.21219977
0.22789528
0.24350968
0.21166392
0.22731977
0.24289468
0.21348877
0.22927969
0.24498909
0.21322832
0.22899996
0.24469016
0.21289081
0.22863746
0.2443028
0.17237219
0.18835055
0.20426216
0.1721619
0.18812076
0.20401294
0.1718894
0.18782297
0.20368996
0.17262697
0.18862897
0.20456413
0.17257762
0.18857504
0.20450565
0.17246591
0.18845296
0.20437324
0.21380432
0.22961861
0.24535126
0.21374321
0.22955297
0.24528112
0.21360485
0.22940436
0.24512231
0.25446671
0.2700551
0.28554729
0.25439397
0.2699779
0.28546566
0.25422929
0.26980312
0.28528084
0.25409114
0.2696565
0.28512578
0.25378116
0.26932751
0.28477789
0.25337946
0.26890117
0.28432706
0.29408148
0.30938399
0.32457605
0.29372271
0.30900652
0.32418001
0.29325779
0.30851736
0.3236668
0.29451616
0.30984132
0.32505588
0.29443197
0.30975275
0.32496295
0.29424138
0.30955221
0.32475256
0.33385644
0.34888108
0.36378079
0.33376101
0.34878135
0.36367679
0.33354496
0.34855555
0.36344134
0.37239161
0.38707928
0.40162823
0.37228517
0.38696863
0.40151341
0.37204419
0.38671812
0.40125347
0.37184202
0.38650797
0.40103539
0.3713884
0.38603643
0.40054609
0.37080056
0.38542536
0.39991201
0.3333637
0.34836614
0.36324381
0.33295702
0.34794112
0.36280061
0.33242999
0.34739034
0.36222627
0.33206791
0.34701197
0.36183168
0.33135093
0.34626269
0.36105035
0.33051418
0.34538828
0.36013851
0.32997213
0.34482187
0.35954783
0.32894655
0.34375015
0.35843026
0.32780206
0.3425542
0.35718313
0.36805906
0.38257576
0.39695498
0.36691513
0.38138674
0.39572117
0.36563856
0.38005988
0.39434434
0.3703967
0.38500558
0.39947638
0.36959697
0.38417429
0.39861378
0.36866367
0.38320417
0.3976071
0.40783212
0.42207064
0.43615751
0.40695159
0.42115935
0.43521574
0.40592397
0.42009586
0.43411667
0.40525828
0.41940698
0.4334047
0.40399874
0.41810353
0.43205766
0.40259318
0.41664897
0.43055447
0.44147987
0.45522616
0.4688084
0.44010781
0.45381147
0.4673514
0.43857668
0.45223276
0.46572551
0.44428365
0.45811715
0.47178592
0.44332446
0.45712809
0.47076727
0.44220504
0.45597384
0.46957848
0.44601716
0.45990468
0.47362696
0.4454731
0.45934365
0.47304914
0.44476805
0.45861661
0.47230035
0.40942349
0.42371761
0.43785961
0.40892404
0.42320069
0.4373254
0.4082768
0.42253082
0.43663313
0.41002862
0.4243439
0.43850685
0.40991142
0.42422261
0.4383815
0.40964609
0.42394798
0.4380977
0.44667634
0.46058443
0.47432704
0.44654867
0.46045278
0.47419145
0.44625965
0.46015472
0.47388449
0.48224605
0.49571384
0.50900374
0.48210822
0.49557215
0.50885824
0.48179618
0.49525136
0.50852883
0.4815344
0.49498226
0.50825247
0.48094702
0.49437844
0.5076324
0.48018585
0.49359596
0.50682887
0.51589118
0.52886767
0.5416544
0.51526189
0.52822249
0.54099356
0.51444639
0.52738642
0.54013717
0.51665362
0.52964935
0.54245509
0.51650595
0.52949796
0.54230002
0.51617165
0.5291552
0.54194894
0.54981766
0.56231037
0.57460126
0.54966051
0.56214963
0.57443698
0.54930473
0.56178571
0.57406508
0.58165887
0.59361853
0.60536502
0.5814926
0.59344884
0.60519195
0.5811162
0.59306463
0.60480011
0.5808004
0.59274234
0.60447138
0.58009186
0.59201915
0.60373381
0.57917365
0.591082
0.602778
0.54900624
0.56148043
0.57375307
0.54833652
0.56079543
0.57305303
0.54746863
0.55990776
0.57214585
0.54687236
0.55929795
0.5715226
0.54569163
0.55809037
0.57028848
0.54431367
0.55668111
0.56884824
0.57854281
0.5904382
0.60212134
0.57729362
0.58916332
0.60082108
0.57583576
0.5876755
0.59930365
0.57489136
0.58671175
0.5983207
0.57310451
0.58488822
0.59646097
0.57111053
0.58285329
0.59438567
0.54342102
0.55576824
0.5679153
0.54173208
0.55404099
0.56615016
0.53984736
0.5521135
0.56418043
0.51064312
0.52348753
0.5361435
0.50905614
0.52186069
0.53447719
0.50728518
0.52004525
0.53261774
0.51388611
0.52681205
0.53954882
0.51277666
0.52567468
0.53838381
0.51148188
0.52434733
0.53702421
0.4796629
0.49305841
0.50627682
0.47862736
0.49199394
0.5051837
0.47741883
0.49075167
0.50390799
0.47663594
0.48994699
0.50308161
0.47515468
0.48842442
0.50151811
0.47350168
0.48672535
0.49977337
0.47246073
0.48565543
0.49867469
0.47053731
0.48367841
0.49664463
0.46844386
0.48152656
0.4944351
0.46714738
0.48019398
0.49306675
0.4647865
0.47776721
0.49057501
0.46225771
0.47516776
0.48790595
0.5004775
0.51306658
0.52547017
0.4979482
0.51047364
0.52281459
0.49523902
0.5076962
0.51997004
0.50616995
0.51890206
0.53144682
0.50410928
0.51678964
0.52928329
0.50186647
0.51449042
0.52692848
0.53866049
0.55089975
0.56294007
0.53646747
0.54865694
0.56064823
0.53408062
0.54621582
0.55815376
0.56985487
0.58157188
0.59307883
0.56753473
0.57920406
0.59066416
0.56500955
0.57662686
0.58803599
0.5634457
0.5750309
0.58640836
0.56059797
0.5721245
0.5834445
0.5575477
0.56901135
0.5802697
0.53260245
0.54470411
0.55660894
0.52991072
0.54195114
0.55379585
0.52702756
0.53900231
0.55078257
0.52526165
0.53719632
0.54893698
0.52207769
0.5339399
0.5456094
0.5187051
0.53049054
0.54208458
0.55567944
0.56710472
0.5783252
0.55231092
0.56366684
0.5748193
0.54874285
0.56002526
0.57110559
0.54657465
0.55781256
0.56884895
0.54269345
0.55385148
0.56480952
0.53861621
0.54969024
0.56056589
0.51665568
0.52839464
0.53994271
0.51298709
0.52464263
0.53610872
0.50913319
0.52070103
0.53208093
0.485493
0.49770498
0.50973706
0.48204577
0.494171
0.50611769
0.47842437
0.49045844
0.50231535
0.49357967
0.50599516
0.51822779
0.49058784
0.50292799
0.51508651
0.48741876
0.49967908
0.51175903
0.46070884
0.47357572
0.48627118
0.45791621
0.47070508
0.48332369
0.45495813
0.46766432
0.48020145
0.45316059
0.46581669
0.4783042
0.44994286
0.46250911
0.47490804
0.44656254
0.45903437
0.47134018
0.41973495
0.43280515
0.44571858
0.41675443
0.42973182
0.44255368
0.4136233
0.42650317
0.43922876
0.38529668
0.39874928
0.41205751
0.38256063
0.39591767
0.4091315
0.37968635
0.39294296
0.40605755
0.39171511
0.40539177
0.41892152
0.38934047
0.40293423
0.41638208
0.38682515
0.40033104
0.41369211
0.42672681
0.44001466
0.45314298
0.42414003
0.43734733
0.45039623
0.42139999
0.43452193
0.44748664
0.43269079
0.44616411
0.4594757
0.43050393
0.44390925
0.45715367
0.42816151
0.44149393
0.4546664
0.43761247
0.45123865
0.46470167
0.43583084
0.44940169
0.46280988
0.4338917
0.44740229
0.46075084
0.40170805
0.41573304
0.42960788
0.40007253
0.41404054
0.42785886
0.39829242
0.41219838
0.4259552
0.39719
0.41105758
0.42477629
0.39518247
0.40898006
0.4226295
0.39303215
0.4067547
0.42032995
0.36073126
0.37495941
0.38905189
0.35890796
0.3730643
0.38708558
0.35695496
0.37103434
0.38497936
0.36483467
0.37922436
0.39347733
0.36334925
0.37768046
0.39187532
0.36173251
0.37600005
0.3901317
0.32708134
0.34180111
0.3563978
0.32574961
0.34040953
0.35494671
0.32430013
0.33889491
0.35336734
0.32340246
0.33795694
0.35238925
0.3217678
0.33624882
0.35060817
0.32001685
0.33441915
0.34870038
0.31894442
0.33329855
0.3475319
0.3170108
0.33127797
0.3454251
0.31496263
0.32913763
0.34319344
0.35575878
0.36979108
0.38368934
0.35360204
0.36754931
0.38136342
0.35131754
0.36517469
0.37889964
0.34992933
0.3637318
0.37740249
0.34744436
0.3611488
0.37472251
0.34483384
0.35843525
0.37190705
0.31371803
0.3278371
0.34183735
0.31149015
0.32550894
0.33940988
0.30914972
0.32306312
0.33685968
0.30773596
0.3215858
0.33531922
0.30521917
0.31895569
0.33257688
0.30259209
0.3162103
0.32971428
0.34325694
0.35679623
0.37020636
0.34044968
0.35387824
0.36717877
0.3375194
0.35083233
0.36401842
0.33575757
0.34900113
0.36211831
0.33263476
0.34575516
0.35875043
0.32939175
0.3423842
0.35525283
0.30101258
0.31455977
0.32799318
0.29821291
0.31163406
0.3249426
0.29530549
0.30859573
0.32177451
0.29356401
0.30677595
0.31987693
0.29048821
0.3035617
0.31652548
0.28730746
0.30023772
0.31305957
0.2854082
0.29825309
0.31099007
0.2820637
0.29475802
0.30734583
0.2786173
0.29115642
0.30359043
0.31835202
0.33090924
0.3433466
0.31462144
0.3270315
0.33932325
0.31077721
0.32303555
0.33517716
0.32744925
0.34036521
0.35315787
0.32401841
0.33679906
0.34945782
0.32047051
0.33311116
0.34563137
0.36054514
0.37313373
0.38558718
0.35676764
0.36922434
0.38154746
0.35286124
0.3651815
0.37736973
0.35052869
0.36276765
0.37487521
0.34642113
0.35851669
0.37048252
0.34218843
0.35413613
0.36595581
0.38186012
0.39375135
0.40550001
0.37738551
0.38913741
0.40074856
0.37277458
0.38438281
0.39585213
0.39277163
0.40500257
0.41708684
0.38865657
0.40075937
0.41271719
0.38440111
0.39637131
0.40819826
0.40273689
0.41527804
0.42766877
0.39899128
0.41141582
0.42369147
0.39510152
0.40740487
0.41956092
0.36969297
0.38260084
0.3953702
0.36625461
0.37904245
0.39169315
0.36268392
0.37534705
0.38787446
0.37795011
0.3911462
0.40420074
0.37485919
0.38794736
0.40089522
0.37163282
0.38460829
0.39744474
0.41173191
0.42455301
0.43722034
0.40836478
0.42108106
0.43364493
0.40485009
0.4174569
0.42991272
0.44452061
0.45693556
0.46918503
0.44088549
0.45319897
0.46534841
0.43709106
0.44929857
0.46134352
0.43480967
0.44695362
0.45893564
0.43076591
0.44279698
0.45466775
0.42656652
0.43848028
0.45023542
0.46583343
0.47755097
0.4890957
0.46150134
0.47310993
0.48454742
0.45700254
0.46849789
0.47982391
0.47623682
0.48821599
0.50001857
0.47234247
0.48422368
0.49592983
0.46827749
0.48005637
0.49166179
0.50680521
0.51832026
0.52964796
0.50266087
0.51408168
0.52531681
0.49833497
0.50965734
0.52079573
0.53615333
0.5471768
0.55800255
0.53176884
0.54270206
0.55343933
0.5271923
0.53803122
0.54867599
0.52444068
0.53522313
0.54581214
0.51956347
0.53024555
0.54073615
0.51449864
0.52507638
0.53546462
0.49573405
0.50699743
0.51807752
0.49112393
0.50228252
0.51325964
0.48633643
0.4973861
0.50825617
0.4834688
0.49445346
0.50525927
0.47840398
0.48927354
0.49996627
0.47316637
0.4839168
0.49449245
0.51146491
0.5219804
0.53230718
0.50610673
0.51651198
0.52673066
0.50056581
0.51085693
0.52096366
0.49725727
0.50748052
0.51752024
0.49143102
0.50153443
0.51145663
0.48542731
0.4954071
0.50520804
0.47003892
0.48071848
0.49122406
0.46453156
0.475086
0.48546866
0.45885641
0.46928179
0.47953763
0.44168763
0.45279813
0.4637446
0.43651225
0.44749265
0.45831109
0.43117919
0.44202538
0.45271175
0.45430782
0.46573556
0.47699469
0.44954838
0.46085645
0.47199779
0.44462654
0.45581075
0.46683017
0.42405115
0.43589483
0.44758058
0.41960848
0.43132814
0.44289167
0.41501423
0.42660552
0.43804253
0.41227093
0.42378579
0.43514711
0.40744006
0.41882003
0.43004844
0.40246201
0.41370286
0.42479416
0.39949741
0.41065564
0.42166513
0.39428998
0.40530278
0.41616898
0.38894015
0.39980341
0.41052222
0.38576139
0.39653605
0.40716711
0.38018994
0.39080901
0.40128674
0.3744812
0.38494069
0.39526112
0.41328732
0.42368389
0.43392697
0.40731841
0.41756488
0.4276603
0.40120242
0.41129491
0.42123881
0.42800314
0.43876968
0.44937722
0.42242428
0.43305055
0.4435201
0.41669284
0.42717484
0.43750245
0.45547665
0.46582546
0.4760056
0.44953993
0.45975392
0.46980159
0.44344084
0.45351616
0.46342758
0.4818519
0.49175838
0.50148692
0.47557154
0.48534889
0.4949508
0.46911945
0.47876398
0.48823562
0.46528575
0.47485169
0.48424574
0.45856633
0.46799417
0.47725278
0.45168131
0.46096746
0.4700871
0.43981686
0.4498101
0.45964038
0.43346502
0.44331403
0.45300263
0.42695661
0.43665765
0.4462009
0.42309712
0.43271074
0.44216758
0.41634544
0.42580573
0.43511197
0.40944341
0.41874673
0.4278988
0.44759849
0.45680097
0.465838
0.44045609
0.44951183
0.45840494
0.4331546
0.44206012
0.45080592
0.42883244
0.43764938
0.44630777
0.4212842
0.42994605
0.43845237
0.41358382
0.42208721
0.43043815
0.40535774
0.41456847
0.42362904
0.39822255
0.40727119
0.41617256
0.39094359
0.39982666
0.40856537
0.38090606
0.39048828
0.39992908
0.37420119
0.38361477
0.39288963
0.36736121
0.37660257
0.38570793
0.39757565
0.40757712
0.41743098
0.39123113
0.40107302
0.41076987
0.38474534
0.39442391
0.40396005
0.37109593
0.38146107
0.39168805
0.36517387
0.37537364
0.38543763
0.35911995
0.36915049
0.37904769
0.35553631
0.36546698
0.37526525
0.34927789
0.35903379
0.36865983
0.34289335
0.35247079
0.36192092
0.32930949
0.33956471
0.34969691
0.32351262
0.33358735
0.34354141
0.31759895
0.32748937
0.33726153
0.30228894
0.31284389
0.32328556
0.2969677
0.30733682
0.31759486
0.29153927
0.30171866
0.31178919
0.31551871
0.32653557
0.33743415
0.31048339
0.32132444
0.33204927
0.30533596
0.31599714
0.32654421
0.34372164
0.35442555
0.36500106
0.33823632
0.34876944
0.35917639
0.33262885
0.34298723
0.3532217
0.35730558
0.36843238
0.37942572
0.35214502
0.36311114
0.3739459
0.34685727
0.35765862
0.36833074
0.37002861
0.3815515
0.39293621
0.36520522
0.37657793
0.38781441
0.36024992
0.37146822
0.38255229
0.33966771
0.35152756
0.36326006
0.33523997
0.34694525
0.35852498
0.33069115
0.34223752
0.35366018
0.32798833
0.3394405
0.35076969
0.32325109
0.33453787
0.34570362
0.31839711
0.3295143
0.34051243
0.29788049
0.30963026
0.32126794
0.29357811
0.30515813
0.31662786
0.28916971
0.30057571
0.31187321
0.30848784
0.32065601
0.33270807
0.30446652
0.31647604
0.32837113
0.30033522
0.31218167
0.32391538
0.27656487
0.28901171
0.30135401
0.27295972
0.28524427
0.29742575
0.26925599
0.28137373
0.29338991
0.26705532
0.27907413
0.29099197
0.26319821
0.27504339
0.28678918
0.25924604
0.27091325
0.28248265
0.25690242
0.26846429
0.27992896
0.25280262
0.26417996
0.27546178
0.24861152
0.25980014
0.27089493
0.28655555
0.29785857
0.30905379
0.28198251
0.29310508
0.30412176
0.27730765
0.28824567
0.29907968
0.27454036
0.28536937
0.2960951
0.26970767
0.28034601
0.29088304
0.26477759
0.27522132
0.28556572
0.2461306
0.25720771
0.26819165
0.24179799
0.25268009
0.26347082
0.23737806
0.24806114
0.25865463
0.21712782
0.22842636
0.23964218
0.21330575
0.22440538
0.23542387
0.20940665
0.22030328
0.23112036
0.22663035
0.23842337
0.25013005
0.22301365
0.23461845
0.2461384
0.2193164
0.23072871
0.2420577
0.19581235
0.20780805
0.2197285
0.19268748
0.20449171
0.216222
0.18949301
0.20110146
0.21263729
0.18760205
0.19909476
0.21051536
0.18429974
0.19559011
0.20680976
0.18093087
0.19201477
0.20302933
0.15762441
0.16928365
0.18088151
0.15484979
0.16630377
0.17769756
0.15201924
0.16326378
0.17444931
0.12726672
0.13906459
0.15081192
0.12502642
0.13661663
0.14815725
0.12274095
0.13411928
0.14544898
0.13283659
0.14515071
0.15741212
0.13071669
0.1428343
0.15490009
0.12854956
0.14046626
0.15233204
0.16452276
0.17669223
0.18879767
0.16189723
0.17387248
0.1857848
0.15921321
0.17098988
0.18270472
0.17102476
0.18367514
0.19625902
0.16855465
0.18102231
0.19342448
0.16602364
0.17830404
0.19051999
0.13808639
0.15088712
0.16363311
0.136092
0.14870783
0.16126978
0.13404842
0.14647479
0.15884812
0.14300349
0.15626004
0.1694599
0.1411394
0.15422311
0.16725095
0.1392243
0.15213045
0.16498153
0.17711472
0.19021557
0.2032476
0.17480598
0.18773603
0.20059822
0.17243408
0.18518864
0.19787629
0.21079919
0.223713
0.23654582
0.20805133
0.22079679
0.23346239
0.20522831
0.21780077
0.23029452
0.20355095
0.21602073
0.22841229
0.20061104
0.2129007
0.22511336
0.19759866
0.20970371
0.22173299
0.23558691
0.247846
0.26001532
0.23218429
0.2442663
0.25625996
0.22869781
0.24059831
0.25241189
0.24397593
0.25667152
0.26927418
0.24079559
0.25332568
0.26576414
0.23752827
0.24988827
0.26215798
0.25177719
0.26487869
0.27788435
0.2488268
0.26177477
0.27462808
0.24578651
0.25857622
0.2712725
0.21753959
0.23086632
0.2441095
0.21499041
0.22816095
0.241249
0.21236356
0.22537312
0.23830126
0.22375589
0.23746347
0.25108512
0.22141155
0.23497546
0.24845444
0.21898719
0.23240253
0.24573392
0.25897186
0.27244775
0.28582512
0.25625854
0.2695932
0.28283046
0.25345263
0.26664122
0.27973352
0.26554263
0.27936049
0.29307736
0.2630729
0.27676219
0.29035152
0.26050812
0.27406387
0.2875207
0.2714737
0.28560028
0.29962352
0.26925349
0.28326449
0.2971731
0.266936
0.28082632
0.29461524
0.23455775
0.24892711
0.26320623
0.23263944
0.24689127
0.26105369
0.23063707
0.24476619
0.25880676
0.22943316
0.24348858
0.25745582
0.22729927
0.24122392
0.25506132
0.22508324
0.23887208
0.2525746
0.192771
0.20703007
0.22121408
0.19097809
0.20510451
0.21915666
0.18911617
0.20310481
0.21702001
0.19707675
0.21165424
0.226155
0.19546496
0.20992325
0.22430547
0.19378254
0.20811637
0.22237484
0.15912114
0.17387157
0.18855899
0.15781976
0.17244961
0.18701692
0.15646135
0.1709653
0.18540726
0.15564462
0.17007293
0.18443947
0.15419699
0.16849112
0.18272409
0.15269364
0.16684841
0.18094266
0.15179318
0.16586452
0.17987562
0.15020279
0.1641267
0.17799106
0.14855812
0.16232954
0.17604213
0.18800092
0.20190712
0.2157402
0.1860312
0.19979165
0.21347985
0.18399425
0.19760397
0.2111423
0.18277798
0.19629778
0.20974655
0.18063617
0.1939975
0.20728872
0.1784291
0.19162711
0.20475592
0.14757609
0.16125652
0.17487842
0.14584676
0.15936687
0.1728292
0.14406474
0.15741961
0.17071748
0.1120181
0.12582641
0.13958886
0.1107054
0.12435191
0.13795315
0.1093527
0.12283245
0.13626755
0.076190515
0.090092768
0.10396231
0.075297675
0.089037035
0.10274406
0.074377623
0.087949116
0.10148866
0.078367771
0.09266721
0.10693313
0.077546664
0.091696307
0.10581275
0.076697531
0.090692257
0.10465412
0.11521923
0.12942204
0.14357766
0.11401198
0.12806601
0.14207338
0.11276354
0.1266637
0.14051774
0.11814279
0.13270583
0.14722057
0.11704392
0.13147156
0.14585134
0.11590275
0.13018976
0.14442938
0.12078173
0.13566987
0.15050884
0.11979389
0.13456033
0.14927794
0.11876275
0.13340214
0.14799307
0.082151085
0.097140664
0.11209549
0.081479211
0.096346222
0.1111787
0.080777887
0.095516956
0.11022173
0.080356227
0.095018394
0.10964637
0.079608835
0.094134659
0.10862655
0.07883267
0.093216897
0.10756748
0.042376708
0.057102779
0.071808396
0.041982577
0.056571698
0.071140511
0.041573272
0.05602017
0.070446913
0.043323214
0.058378161
0.073412343
0.042968905
0.057900739
0.072811932
0.042599067
0.05740239
0.072185203
0.0043899239
0.019475266
0.034552963
0.0043540181
0.019315992
0.034270369
0.0043165383
0.019149736
0.033975389
0.004294004
0.019049782
0.033798037
0.0042540622
0.018872606
0.033483683
0.0042125831
0.018688609
0.033157225
0.0041877387
0.018578405
0.032961689
0.0041438574
0.018383755
0.032616333
0.0040984784
0.01818246
0.032259187
0.04132811
0.055689835
0.070031473
0.040895104
0.055106373
0.069297725
0.040447315
0.054502992
0.06853893
0.040179942
0.054142731
0.068085858
0.039709104
0.053508292
0.067288016
0.039223915
0.052854513
0.066465852
0.004071383
0.018062272
0.032045937
0.0040236683
0.017850615
0.03167041
0.0039744995
0.017632506
0.031283435
0.0039452189
0.017502624
0.031052985
0.0038937853
0.017274471
0.030648193
0.0038409442
0.017040074
0.030232322
0.0038095489
0.01690081
0.029985228
0.0037545217
0.01665671
0.029552146
0.0036981375
0.01640659
0.029108381
0.037596204
0.050661256
0.063707695
0.037053197
0.049929566
0.062787577
0.036496796
0.049179828
0.061844762
0.038934975
0.052465192
0.065976239
0.03842744
0.051781305
0.065116224
0.037906016
0.0510787
0.064232671
0.073829712
0.087301269
0.10074105
0.072867294
0.086163249
0.099427862
0.071878545
0.084994082
0.098078724
0.10854714
0.12192763
0.13526374
0.10713215
0.1203382
0.13350053
0.10567846
0.11870527
0.13168904
0.10481472
0.11773509
0.13061271
0.10330085
0.11603457
0.12872625
0.10174966
0.11429211
0.12679323
0.071291062
0.084299438
0.097277109
0.070261387
0.083081874
0.095872138
0.069206324
0.081834278
0.0944325
0.068580686
0.081094513
0.093578813
0.067486237
0.079800341
0.092085441
0.066367403
0.078477326
0.090558767
0.10082982
0.11325892
0.12564697
0.099220714
0.11145142
0.12364181
0.097575758
0.10960364
0.12159192
0.096602032
0.10850992
0.12037852
0.094901558
0.10659979
0.11825949
0.093166795
0.10465114
0.11609769
0.065705116
0.077694223
0.089655065
0.064548528
0.076326566
0.08807689
0.063368617
0.074931321
0.086466861
0.034650383
0.046691867
0.058716048
0.034040434
0.045869972
0.057682511
0.033418181
0.045031495
0.056628117
0.036166859
0.048735267
0.061285687
0.035589686
0.047957538
0.060307683
0.034999649
0.047162474
0.059307875
0.0036647027
0.016258279
0.028845236
0.0036062132
0.015998821
0.028384906
0.0035464201
0.01573358
0.027914314
0.0035110264
0.015576581
0.027635754
0.0034492157
0.015302389
0.027149285
0.0033861584
0.015022666
0.026653002
