FiniteElementSpace
FiniteElementCollection: L2_2D_P4
VDim: 1
Ordering: 0

-4.139153064279964e+99
-1.487863557148295e+99
9.62741658821535e+99
-7.311307991541942e+98
-8.119359194976273e+99
-1.487863557151209e+99
5.680238094298752e+99
-1.627581920393944e+100
-4.289465323367278e+100
-5.160629289920111e+100
9.6274165882081e+99
-1.627581920394212e+100
-6.280739621740485e+100
-4.576081277187353e+100
-1.596760033499874e+100
-7.311307991648546e+98
-4.289465323367604e+100
-4.5760812771874e+100
1.799852703186301e+101
2.81415429309427e+101
-8.119359194988731e+99
-5.160629289920433e+100
-1.596760033499928e+100
2.814154293094284e+101
-7.865172160847283e+101
