FiniteElementSpace
FiniteElementCollection: L2_2D_P4
VDim: 1
Ordering: 0

0.0016243678
0.001609574
0.001587674
0.0015654968
0.0015501953
0.0079905885
0.0079178163
0.007810088
0.0077009954
0.0076257241
0.017311881
0.017154217
0.01692082
0.016684467
0.016521389
0.026630135
0.026387609
0.026028585
0.025665014
0.02541416
0.032990804
0.032690349
0.032245572
0.031795162
0.03148439
0.036235607
0.035905602
0.035417078
0.034922368
0.03458103
0.042592023
0.042204128
0.041629907
0.041048415
0.040647199
0.051893855
0.051421246
0.050721619
0.050013132
0.049524293
0.061186637
0.060629394
0.05980448
0.05896912
0.058392742
0.067526492
0.066911507
0.066001113
0.065079193
0.06444309
0.03440576
0.034060178
0.033549116
0.033032195
0.032675878
0.040441183
0.04003498
0.039434267
0.038826667
0.038407846
0.049273285
0.048778369
0.048046464
0.047306168
0.046795878
0.058096784
0.057513241
0.056650272
0.055777408
0.055175739
0.064116465
0.063472456
0.062520066
0.061556758
0.060892745
0.0015423383
0.0015268467
0.0015039371
0.0014807648
0.0014647921
0.0075870739
0.0075108669
0.0073981686
0.0072841781
0.007205604
0.016437652
0.016272546
0.016028381
0.015781416
0.015611182
0.025285351
0.025031378
0.024655791
0.024275897
0.024014035
0.031324815
0.031010179
0.030544882
0.03007425
0.02974984
0.0014565952
0.0014404427
0.0014165779
0.0013924657
0.0013758597
0.0071652816
0.0070858236
0.0069684272
0.0068498138
0.0067681262
0.015523821
0.015351672
0.015097327
0.014840345
0.014663364
0.023879653
0.023614845
0.023223599
0.022828297
0.022556058
0.029583361
0.029255303
0.028770608
0.028280889
0.027943625
0.0013673425
0.0013505676
0.0013258045
0.0013008099
0.0012836107
0.0067262288
0.0066437112
0.0065218994
0.0063989486
0.0063143443
0.014572591
0.014393813
0.014129901
0.013863521
0.013680221
0.022416426
0.02214142
0.021735458
0.0213257
0.021043739
0.027770643
0.027429953
0.026927028
0.026419401
0.026070095
0.03050201
0.030127811
0.02957542
0.029017863
0.0286342
0.035852639
0.035412797
0.034763504
0.03410814
0.033657174
0.04368263
0.043146729
0.042355635
0.041557144
0.04100769
0.051504991
0.050873124
0.049940366
0.048998886
0.04835104
0.05684165
0.056144312
0.055114907
0.054075875
0.053360902
0.032493025
0.032132699
0.031600331
0.031062443
0.030692007
0.038192916
0.037769383
0.037143627
0.036511383
0.036075965
0.046534009
0.046017978
0.045255561
0.044485239
0.043954728
0.054866976
0.054258539
0.053359592
0.052451326
0.051825815
0.06055199
0.059880508
0.058888417
0.05788604
0.057195716
0.063451149
0.062747516
0.061707923
0.060657552
0.059934176
0.069128581
0.068361983
0.067229361
0.066084999
0.065296893
0.077432304
0.076573617
0.075304936
0.074023102
0.07314032
0.08572252
0.084771904
0.083367398
0.081948329
0.080971033
0.091375198
0.090361906
0.088864797
0.087352164
0.08631043
0.059563157
0.058832431
0.057753739
0.05666496
0.055915756
0.064892674
0.064096561
0.062921346
0.061735143
0.060918899
0.072687543
0.071795793
0.070479399
0.069150697
0.068236398
0.080469779
0.079482552
0.078025214
0.076554248
0.075542055
0.085776125
0.084723804
0.083170372
0.081602411
0.080523473
0.08848124
0.087395737
0.085793321
0.084175916
0.083062954
0.093776806
0.092626345
0.09092804
0.089213848
0.088034284
0.10151758
0.10027216
0.098433688
0.096578017
0.0953011
0.10924059
0.10790043
0.1059221
0.10392526
0.10255121
0.11450362
0.11309889
0.11102524
0.10893219
0.10749194
0.094256864
0.09321162
0.091667305
0.090106975
0.089032393
0.099898053
0.098790259
0.097153528
0.095499826
0.09436094
0.10814408
0.10694484
0.10517301
0.10338282
0.10214993
0.11637123
0.11508076
0.11317413
0.11124773
0.10992105
0.12197782
0.12062517
0.11862668
0.11660747
0.11521686
0.099805372
0.098802903
0.097320404
0.095820905
0.094787291
0.10577862
0.10471615
0.10314493
0.10155569
0.10046022
0.11451006
0.11335989
0.11165897
0.10993855
0.10875265
0.12322155
0.12198387
0.12015354
0.11830222
0.1170261
0.1291582
0.12786089
0.12594237
0.12400186
0.12266425
0.067186301
0.066511455
0.065513462
0.064504028
0.063808221
0.073197974
0.072462739
0.071375441
0.070275677
0.069517605
0.081990524
0.081166973
0.079949067
0.078717196
0.077868061
0.090768712
0.089856999
0.088508714
0.087144966
0.086204927
0.096754095
0.095782271
0.09434509
0.092891429
0.091889411
0.070759611
0.070115178
0.069161192
0.068195127
0.067528566
0.077091038
0.076388939
0.075349587
0.074297074
0.073570866
0.086351204
0.085564775
0.084400583
0.083221647
0.082408208
0.0955962
0.094725584
0.093436766
0.092131626
0.091231109
0.10189988
0.10097186
0.099598062
0.098206869
0.097246978
0.10511343
0.10415614
0.10273902
0.10130396
0.1003138
0.11140436
0.11038978
0.10888784
0.10736689
0.10631747
0.12060021
0.11950187
0.11787595
0.11622945
0.1150934
0.12977503
0.12859313
0.12684352
0.12507174
0.12384926
0.13602742
0.13478859
0.13295467
0.13109754
0.12981616
0.13921374
0.13794589
0.13606902
0.13416838
0.13285699
0.1454492
0.14412456
0.14216363
0.14017786
0.13880773
0.1545588
0.15315119
0.15106744
0.1489573
0.14750136
0.1636414
0.16215108
0.15994488
0.15771074
0.15616923
0.16982742
0.16828076
0.16599115
0.16367256
0.16207278
0.13218361
0.13085592
0.12889246
0.12690649
0.12553755
0.13810419
0.13671703
0.13466563
0.13259071
0.13116045
0.14675376
0.14527972
0.14309984
0.14089496
0.13937513
0.1553777
0.15381704
0.15150905
0.14917461
0.14756546
0.16125133
0.15963167
0.15723644
0.15481374
0.15314377
0.16424358
0.16259386
0.16015418
0.15768653
0.15598557
0.17009719
0.16838867
0.16586205
0.16330645
0.16154486
0.17864399
0.17684963
0.17419605
0.17151204
0.16966194
0.18715959
0.1852797
0.18249963
0.17968768
0.17774939
0.19295604
0.19101792
0.18815175
0.18525272
0.1832544
0.17297881
0.17140345
0.16907135
0.16670973
0.16508027
0.17914375
0.17751224
0.17509703
0.17265124
0.1709637
0.1881451
0.18643162
0.18389506
0.18132638
0.17955405
0.19711359
0.19531843
0.19266096
0.18996984
0.18811303
0.20321832
0.20136756
0.19862778
0.19585331
0.193939
0.20632718
0.2044481
0.20166641
0.1988495
0.19690589
0.21240672
0.21047228
0.20760862
0.20470871
0.20270783
0.22127813
0.2192629
0.21627964
0.21325861
0.21117417
0.23011088
0.22801521
0.22491288
0.22177126
0.21960362
0.2361196
0.2339692
0.23078586
0.22756221
0.22533797
0.23917842
0.23700017
0.23377559
0.23051018
0.22825713
0.2451579
0.24292519
0.23962
0.23627296
0.23396358
0.25387796
0.25156584
0.2481431
0.24467701
0.24228549
0.26255367
0.26016254
0.25662284
0.25303831
0.25056507
0.26845187
0.26600704
0.26238782
0.25872277
0.25619397
0.22710023
0.22481917
0.22144583
0.2180338
0.21568188
0.23277776
0.23043967
0.22698199
0.22348467
0.22107395
0.24105749
0.23863624
0.23505558
0.23143386
0.2289374
0.24929511
0.24679112
0.24308811
0.23934263
0.23676085
0.25489548
0.25233524
0.24854904
0.24471943
0.24207966
0.1959079
0.19394013
0.19103012
0.18808673
0.18605785
0.20168043
0.19965468
0.19665891
0.1936288
0.19154013
0.21010386
0.2079935
0.20487262
0.20171594
0.19954003
0.21849058
0.21629599
0.21305053
0.20976786
0.20750509
0.22419587
0.22194398
0.21861378
0.21524539
0.21292354
0.18501667
0.18296495
0.17993361
0.17687084
0.17476154
0.19046828
0.18835611
0.18523545
0.18208244
0.179911
0.19842341
0.19622302
0.19297203
0.18968733
0.1874252
0.20634389
0.20405567
0.2006749
0.19725909
0.19490666
0.21173202
0.20938405
0.205915
0.20240998
0.19999612
0.21447493
0.21209654
0.20858255
0.20503213
0.202587
0.21983682
0.21739898
0.21379715
0.21015797
0.20765171
0.22765626
0.22513171
0.22140177
0.21763316
0.21503776
0.23543594
0.23282512
0.22896771
0.22507032
0.22238623
0.24072499
0.23805552
0.23411145
0.2301265
0.22738211
0.20133289
0.19886292
0.19521676
0.19153652
0.18900409
0.20636625
0.20383453
0.20009721
0.19632495
0.19372921
0.21370658
0.21108481
0.20721456
0.20330811
0.20062003
0.22100956
0.2182982
0.21429571
0.21025577
0.20747583
0.22597452
0.22320225
0.21910984
0.21497917
0.21213678
0.17367969
0.17154897
0.16840361
0.16522885
0.16304425
0.17879726
0.17660376
0.17336572
0.1700974
0.16784843
0.18626496
0.18397984
0.18060656
0.17720173
0.17485882
0.1937001
0.19132377
0.18781585
0.18427512
0.18183869
0.19875806
0.19631967
0.19272016
0.18908698
0.18658693
0.14560808
0.14382175
0.14118478
0.13852315
0.13669165
0.15079752
0.14894752
0.14621656
0.14346007
0.14156329
0.15837459
0.15643163
0.15356344
0.15066844
0.14867634
0.16592399
0.16388842
0.16088352
0.15785051
0.15576346
0.17106275
0.16896414
0.16586618
0.16273925
0.16058756
0.15511267
0.15339257
0.15085118
0.14828344
0.14651507
0.16064086
0.15885945
0.15622749
0.15356824
0.15173684
0.16871251
0.1668416
0.16407739
0.16128452
0.15936111
0.1767547
0.1747946
0.17189862
0.16897263
0.16695753
0.18222891
0.1802081
0.17722244
0.17420581
0.1721283
0.12483504
0.1234507
0.12140539
0.11933888
0.1179157
0.13042648
0.12898014
0.12684321
0.12468413
0.1231972
0.13859519
0.13705826
0.1347875
0.1324932
0.13091314
0.14673968
0.14511244
0.14270824
0.14027911
0.13860621
0.15228677
0.15059801
0.14810292
0.14558197
0.14384582
0.11718575
0.11574811
0.11362588
0.11148381
0.11000981
0.12243455
0.12093252
0.11871522
0.1164772
0.11493718
0.13010273
0.12850661
0.12615044
0.12377223
0.12213575
0.13774817
0.13605827
0.13356364
0.13104568
0.12931303
0.14295535
0.14120157
0.13861264
0.1359995
0.13420136
0.10925419
0.10776671
0.10557267
0.10336019
0.10183893
0.1141477
0.1125936
0.11030128
0.1079897
0.10640031
0.12129683
0.11964538
0.11720949
0.11475313
0.11306418
0.1284248
0.1266763
0.12409725
0.12149653
0.11970832
0.13327955
0.13146496
0.12878841
0.12608936
0.12423356
0.10105944
0.099525704
0.097265131
0.094987563
0.093422691
0.1055859
0.10398347
0.10162165
0.099242077
0.097607126
0.11219877
0.11049597
0.10798622
0.10545761
0.10372027
0.11879205
0.11698919
0.11433195
0.11165474
0.10981529
0.12328264
0.12141162
0.11865393
0.11587551
0.11396653
0.12557032
0.12366457
0.1208557
0.11802573
0.11608132
0.13004563
0.12807196
0.12516297
0.12223212
0.12021841
0.13657998
0.13450715
0.13145199
0.12837386
0.12625896
0.14309045
0.14091881
0.13771804
0.1344932
0.13227748
0.14752203
0.14528313
0.14198323
0.13865854
0.13637421
0.13575274
0.13390448
0.13117826
0.12842913
0.12653888
0.14059093
0.13867679
0.13585343
0.13300633
0.13104872
0.14765511
0.1456448
0.14267957
0.13968943
0.13763346
0.15469354
0.15258739
0.1494808
0.14634811
0.14419414
0.15948451
0.15731313
0.15411032
0.1508806
0.14865991
0.16192433
0.15971973
0.15646793
0.15318879
0.15093412
0.16669551
0.16442596
0.16107835
0.1577026
0.1553815
0.17365775
0.1712934
0.16780598
0.16428925
0.16187121
0.18058967
0.17813094
0.1745043
0.17084718
0.16833263
0.1853053
0.18278237
0.17906102
0.1753084
0.17272818
0.18770586
0.18515025
0.1813807
0.17757946
0.17496581
0.19239853
0.18977903
0.18591526
0.182019
0.17934
0.19924201
0.19652934
0.19252814
0.1884933
0.18571903
0.20605072
0.20324534
0.19910739
0.19493467
0.1920656
0.21067965
0.20781125
0.20358033
0.19931387
0.19638033
0.17362658
0.17099149
0.16710765
0.16319463
0.16050607
0.17796728
0.17526631
0.17128536
0.16727451
0.16451875
0.18429749
0.18150045
0.17737789
0.17322435
0.17037056
0.19059548
0.18770287
0.18343944
0.17914396
0.17619264
0.19487719
0.1919196
0.18756041
0.18316845
0.18015082
0.14977883
0.14750568
0.14415529
0.14077974
0.13846047
0.15419216
0.15185202
0.14840289
0.14492786
0.14254025
0.16063221
0.15819433
0.15460114
0.15098094
0.14849359
0.16704417
0.16450899
0.16077239
0.15700769
0.15442104
0.17140608
0.16880469
0.16497053
0.16110754
0.15845336
0.1372726
0.13493636
0.13149542
0.1280315
0.12565318
0.14131739
0.13891232
0.13537001
0.13180404
0.12935563
0.14721965
0.14471413
0.14102388
0.137309
0.13475835
0.15309623
0.15049068
0.14665311
0.14278994
0.14013749
0.15709396
0.15442036
0.15048256
0.1465185
0.14379678
0.15912906
0.15642083
0.15243201
0.14841658
0.1456596
0.16310732
0.1603314
0.15624286
0.15212703
0.1493011
0.16890893
0.16603428
0.16180034
0.15753813
0.15461168
0.17468105
0.17170815
0.16732953
0.1629217
0.15989526
0.17860527
0.17556557
0.17108857
0.16658171
0.1634873
0.14424815
0.14147335
0.13738924
0.13328111
0.1304623
0.14785436
0.14501018
0.14082397
0.13661316
0.1337239
0.15311346
0.15016809
0.14583296
0.14147238
0.13848038
0.15834584
0.15529981
0.1508165
0.14630688
0.14321263
0.16190309
0.15878864
0.15420461
0.14959365
0.14642987
0.12443558
0.12204189
0.11851875
0.1149749
0.11254328
0.12810215
0.12563791
0.12201094
0.11836267
0.11585941
0.13345252
0.13088535
0.12710686
0.12330619
0.12069838
0.13877955
0.13610993
0.13218062
0.12822821
0.12551628
0.14240338
0.13966407
0.13563218
0.13157657
0.12879381
0.10432337
0.10231658
0.099362893
0.096391836
0.094353238
0.10804139
0.10596307
0.10290411
0.09982718
0.097715946
0.11347006
0.11128731
0.10807462
0.10484307
0.10262576
0.11887892
0.11659213
0.1132263
0.10984068
0.10751766
0.12256064
0.12020303
0.11673297
0.11324251
0.11084753
0.11508545
0.11312683
0.11024206
0.10733805
0.10534415
0.11918705
0.11715862
0.11417104
0.11116353
0.10909856
0.12517576
0.1230454
0.11990771
0.11674908
0.11458036
0.13114265
0.12891073
0.12562344
0.12231423
0.12004213
0.13520423
0.13290319
0.12951408
0.12610237
0.12375989
0.092621205
0.091044883
0.088723191
0.086385998
0.084781276
0.096769748
0.095122834
0.092697169
0.090255302
0.088578708
0.10283045
0.1010804
0.098502835
0.095908061
0.094126478
0.10887318
0.10702028
0.10429125
0.10154401
0.099657751
0.1129888
0.11106586
0.10823365
0.10538255
0.10342498
0.083959728
0.082344626
0.079967428
0.07757625
0.07593554
0.087720364
0.086032923
0.083549257
0.081050995
0.079336812
0.093214381
0.091421265
0.088782051
0.086127326
0.084305793
0.098692067
0.096793601
0.09399932
0.091188603
0.089260029
0.1024228
0.10045257
0.097552689
0.094635745
0.092634277
0.06339356
0.062174101
0.060379237
0.058573817
0.057335026
0.067187626
0.065895172
0.06399288
0.062079418
0.0607665
0.072733721
0.071334554
0.069275195
0.067203754
0.065782451
0.078267169
0.076761556
0.074545508
0.07231644
0.070786974
0.082038043
0.080459904
0.078137105
0.075800643
0.074197481
0.042675044
0.041854134
0.040645869
0.039430497
0.038596569
0.046493424
0.045599067
0.044282703
0.042958604
0.042050072
0.052078096
0.051076298
0.049601803
0.048118651
0.047100995
0.057653719
0.056544663
0.054912291
0.053270328
0.0521437
0.061455473
0.060273293
0.058533292
0.056783057
0.055582134
0.047077426
0.046276221
0.04509617
0.043908245
0.043092613
0.051289736
0.050416838
0.049131192
0.047836968
0.046948355
0.057450567
0.056472817
0.055032735
0.05358304
0.052587678
0.063601361
0.062518932
0.060924678
0.059319783
0.058217858
0.067795314
0.066641499
0.064942113
0.06323139
0.062056808
0.069933372
0.068743161
0.066990168
0.065225486
0.064013859
0.074118924
0.07285747
0.07099954
0.069129217
0.067845058
0.080237209
0.07887163
0.076860335
0.074835611
0.073445432
0.086341445
0.084871988
0.082707696
0.080528954
0.079033023
0.090501289
0.088961041
0.086692485
0.084408784
0.082840789
0.076304802
0.075146723
0.073439833
0.071720117
0.070538541
0.080871689
0.079644301
0.077835256
0.076012614
0.074760316
0.087547343
0.086218649
0.084260287
0.082287204
0.080931542
0.094207647
0.092777885
0.090670556
0.088547384
0.087088596
0.09874642
0.097247785
0.095038944
0.092813495
0.091284433
0.082492403
0.081369257
0.079712604
0.078042028
0.076893373
0.08742959
0.086239231
0.084483437
0.082712883
0.081495484
0.094646499
0.093357895
0.091457189
0.089540504
0.088222625
0.10184681
0.10046018
0.098414897
0.096352417
0.094934294
0.1067536
0.10530017
0.10315635
0.10099451
0.099508072
0.055531682
0.054775622
0.053660427
0.052535858
0.051762626
0.06050046
0.05967675
0.058461771
0.057236581
0.056394165
0.067767692
0.06684503
0.0654841
0.064111735
0.063168126
0.075023163
0.074001709
0.072495058
0.070975746
0.069931099
0.079970364
0.078881553
0.077275548
0.075656045
0.074542506
0.051366422
0.050586848
0.049437836
0.048280192
0.047484802
0.055962511
0.055113183
0.05386136
0.052600129
0.051733566
0.062684621
0.061733273
0.060331086
0.058918361
0.057947709
0.069395823
0.068342609
0.066790286
0.065226302
0.064151727
0.073971929
0.072849257
0.071194554
0.069527422
0.068381977
0.026304527
0.025905316
0.02531692
0.024724102
0.024316789
0.030918814
0.03044957
0.029757952
0.029061139
0.028582375
0.037671289
0.037099561
0.036256893
0.035407892
0.034824562
0.044417188
0.043743083
0.042749522
0.041748494
0.041060709
0.049019436
0.048275484
0.047178977
0.04607423
0.045315184
0.028437519
0.028050346
0.027479264
0.026903383
0.026507419
0.03342599
0.032970897
0.032299632
0.031622726
0.031157299
0.040726017
0.040171536
0.039353671
0.038528932
0.037961858
0.048018927
0.047365153
0.046400833
0.045428408
0.044759788
0.052994377
0.052272861
0.05120862
0.050135435
0.049397535
0.0012747936
0.001257437
0.0012318361
0.0012060201
0.0011882695
0.0062709727
0.0061855945
0.006059661
0.0059326691
0.0058453521
0.013586254
0.013401277
0.013128434
0.012853299
0.012664121
0.020899194
0.020614652
0.020194951
0.019771722
0.019480718
0.025891026
0.025538524
0.025018582
0.024494269
0.024133762
0.0011791741
0.0011612781
0.0011349013
0.0011083261
0.001090067
0.0058006109
0.0057125777
0.0055828258
0.0054520986
0.005362279
0.012567187
0.012376457
0.012095342
0.011812115
0.011617515
0.019331607
0.019038216
0.018605786
0.018170105
0.017870759
0.023949038
0.023585572
0.023049861
0.022510122
0.022139278
0.0010807152
0.0010623224
0.0010352326
0.0010079621
0.00098923813
0.0053162759
0.0052257993
0.0050925407
0.0049583922
0.0048662855
0.011517847
0.011321826
0.011033116
0.010742479
0.010542928
0.017717442
0.017415906
0.01697179
0.016524709
0.016217742
0.021949342
0.021575786
0.021025592
0.020471726
0.020091439
0.024108175
0.023697882
0.023093582
0.022485246
0.02206756
0.028337166
0.027854903
0.027144602
0.026429561
0.025938613
0.034525796
0.033938201
0.033072763
0.032201551
0.031603377
0.040708444
0.040015629
0.038995213
0.037967984
0.037262686
0.044926422
0.044161827
0.043035692
0.041902038
0.041123666
0.021853723
0.021433335
0.020814581
0.020192189
0.019765134
0.025687269
0.025193145
0.024465867
0.023734312
0.023232356
0.031297138
0.030695097
0.029808984
0.028917667
0.028306095
0.036901603
0.036191743
0.035146933
0.034095985
0.033374881
0.040725173
0.039941764
0.038788696
0.03762885
0.036833024
0.00097965222
0.00096080684
0.00093306925
0.00090516877
0.00088602504
0.0048191308
0.0047264281
0.0045899831
0.0044527362
0.0043585645
0.010440766
0.010239925
0.0099443159
0.0096469702
0.0094429472
0.016060589
0.015751637
0.015296906
0.014839504
0.01452566
0.019896749
0.019514001
0.018950651
0.018383991
0.017995179
0.00087622814
0.000856976
0.00082865798
0.00080019553
0.00078067834
0.0043103719
0.004215667
0.0040763652
0.0039363515
0.0038403422
0.0093385382
0.0091333601
0.0088315629
0.0085282231
0.0083202188
0.014365049
0.014049429
0.013585184
0.013118567
0.012798602
0.017796203
0.01740519
0.016830047
0.016251968
0.015855573
0.00077069438
0.00075108215
0.00072225253
0.00069329627
0.00067345292
0.0037912281
0.0036947492
0.003552926
0.0034104824
0.0033128668
0.0082138134
0.0080047923
0.0076975332
0.0073889286
0.0071774429
0.012634924
0.012313396
0.011840755
0.011366046
0.011040732
0.015652796
0.015254465
0.014668926
0.014080827
0.013677806
0.017192338
0.016754823
0.016111683
0.015465735
0.015023072
0.020208279
0.019694011
0.01893804
0.018178761
0.017658432
0.024621685
0.023995124
0.02307408
0.022148995
0.021515034
0.029030668
0.028291922
0.027205973
0.02611527
0.025367813
0.032038599
0.031223297
0.030024821
0.028821111
0.027996216
0.019546587
0.019117113
0.018485397
0.017850452
0.017415063
0.022975478
0.022470676
0.021728157
0.020981838
0.020470075
0.027993122
0.027378088
0.026473433
0.025564153
0.024940644
0.033005856
0.032280673
0.031214006
0.030141896
0.02940674
0.036425757
0.035625423
0.03444821
0.033264988
0.032453643
0.038169804
0.037331152
0.036097571
0.034857686
0.034007484
0.041585129
0.040671448
0.039327504
0.037976683
0.037050402
0.046580209
0.045556793
0.044051447
0.0425384
0.041500877
0.051567149
0.05043415
0.04876763
0.047092603
0.045944018
0.054967559
0.053759834
0.051983395
0.050197893
0.04897356
0.05670107
0.055455259
0.053622787
0.051780959
0.050518003
0.060094611
0.05877425
0.056832117
0.054880047
0.053541486
0.065055101
0.063625762
0.061523343
0.059410169
0.057961126
0.070004272
0.068466164
0.066203782
0.063929857
0.0623706
0.07337706
0.071764821
0.069393395
0.067009885
0.065375499
0.049871937
0.048602821
0.046737247
0.044863515
0.043579449
0.052856742
0.051511648
0.049534393
0.04754851
0.046187602
0.057219859
0.05576372
0.053623213
0.051473356
0.050000088
0.061572953
0.060006061
0.057702725
0.055389292
0.053803909
0.064539426
0.06289706
0.060482786
0.058057917
0.056396151
0.033572561
0.032718211
0.031462338
0.030200985
0.029336593
0.036576559
0.035645749
0.034277473
0.032903223
0.031961467
0.040970126
0.03992752
0.038394889
0.036855543
0.035800637
0.045356454
0.044202251
0.042505575
0.040801454
0.039633617
0.04834725
0.047116942
0.045308406
0.043491947
0.042247125
0.028894576
0.028026606
0.026751469
0.025471651
0.024595105
0.031479891
0.030534245
0.029145006
0.027750687
0.026795733
0.035261198
0.034201929
0.032645767
0.031083928
0.030014256
0.039036424
0.037863737
0.036140932
0.034411824
0.03322759
0.041610564
0.040360566
0.038524166
0.036681024
0.035418678
0.042922819
0.041633414
0.039739116
0.037837853
0.036535693
0.045491684
0.044125132
0.042117501
0.040102481
0.038722397
0.049246717
0.047767366
0.045594049
0.043412755
0.041918791
0.052993205
0.051401274
0.049062592
0.04671537
0.045107784
0.055546382
0.053877729
0.051426328
0.048965993
0.047280957
0.035870056
0.034563452
0.032645062
0.03072102
0.029404046
0.038016922
0.036632106
0.034598864
0.032559617
0.031163796
0.041155099
0.039655993
0.037454909
0.03524728
0.033736191
0.044286014
0.042672905
0.040304417
0.037928845
0.036302771
0.046419604
0.044728802
0.042246248
0.039756258
0.038051848
0.024147028
0.023267465
0.021976027
0.020680728
0.019794097
0.026307577
0.025349344
0.023942397
0.022531237
0.021565287
0.029467466
0.028394149
0.02681825
0.025237649
0.024155718
0.032622241
0.031433983
0.029689353
0.027939555
0.026741826
0.034773396
0.03350675
0.031647036
0.029781836
0.028505131
0.0123655
0.011915095
0.011253786
0.010590505
0.010136491
0.014534599
0.014005182
0.013227869
0.012448248
0.011914601
0.017708877
0.017063812
0.016116708
0.015166803
0.014516607
0.020880161
0.020119568
0.019002828
0.017882776
0.017116117
0.023043715
0.022204326
0.020971879
0.019735759
0.018889642
0.014796712
0.014352218
0.013699214
0.013043822
0.012594953
0.017392356
0.016869876
0.016102302
0.015331924
0.014804306
0.021190847
0.020554254
0.019619026
0.018680371
0.018037499
0.024985589
0.024235026
0.023132355
0.022025628
0.021267634
0.027574395
0.026746084
0.025529199
0.024307837
0.023471326
0.00066330573
0.00064338024
0.00061410723
0.00058472699
0.0005646045
0.0032629497
0.0031649295
0.0030209277
0.0028763986
0.002777412
0.0070692966
0.0068569336
0.0065449491
0.0062318211
0.0060173629
0.010874377
0.010547715
0.010067812
0.0095861479
0.0092562603
0.013471717
0.01306703
0.012472505
0.011875801
0.011467125
0.00055431835
0.0005341267
0.00050448019
0.00047474588
0.00045439335
0.002726812
0.0026274866
0.0024816522
0.0023353848
0.0022352654
0.0059077363
0.0056925447
0.00537659
0.0050596965
0.0048427852
0.009087628
0.0087566103
0.0082705924
0.0077831285
0.0074494615
0.011258218
0.010848142
0.010246044
0.009642154
0.0092287933
0.00044399313
0.00042358446
0.00039363736
0.00036362192
0.00034308738
0.002184104
0.0020837115
0.0019363941
0.0017887388
0.0016877275
0.0047319437
0.0045144435
0.0041952802
0.0038753832
0.0036565394
0.007278958
0.006944386
0.006453432
0.0059613508
0.0056247141
0.0090175652
0.0086030799
0.0079948586
0.007385242
0.0069681986
0.0099044893
0.0094492401
0.0087811989
0.0081116225
0.0076535601
0.011641906
0.011106806
0.01032159
0.009534564
0.0089961507
0.014184359
0.013532404
0.012575717
0.011616831
0.010960845
0.016724359
0.015955636
0.01482762
0.013697027
0.012923584
0.018457279
0.01760888
0.016363953
0.015116195
0.014262607
0.0074195713
0.0069605824
0.0062874341
0.0056131883
0.005152188
0.0087211162
0.0081816114
0.0073903788
0.0065978558
0.0060559864
0.010625751
0.0099684297
0.0090044028
0.0080387982
0.0073785858
0.012528491
0.011753479
0.010616841
0.0094783337
0.0086998993
0.013826578
0.012971272
0.01171688
0.010460421
0.0096013363
0.00033259855
0.00031202414
0.00028185034
0.00025162717
0.00023096315
0.0016361294
0.0015349161
0.0013864783
0.0012377987
0.0011361422
0.0035447492
0.0033254635
0.0030038627
0.0026817381
0.0024614927
0.0054527522
0.0051154343
0.0046207273
0.004125214
0.0037864177
0.0067551632
0.006337276
0.0057244071
0.0051105384
0.0046908195
0.00022041093
0.00019971693
0.0001693831
0.00013902018
0.00011827396
0.0010842309
0.00098243583
0.00083322519
0.00068386936
0.00058180812
0.0023490243
0.0021284828
0.0018052164
0.0014816318
0.0012605073
0.0036134114
0.0032741594
0.0027768927
0.0022791418
0.0019390006
0.00447649
0.0040562062
0.0034401629
0.0028235232
0.0024021421
0.00010768243
8.6921402e-05
5.650823e-05
2.6083588e-05
5.30166e-06
0.00052971022
0.00042758292
0.00027796954
0.00012830364
2.6081891e-05
0.0011476292
0.00092636264
0.0006022182
0.00027796677
5.6506232e-05
0.0017653648
0.001424994
0.00092636499
0.00042758214
8.6922564e-05
0.0021870363
0.001765368
0.0011476361
0.00052971182
0.00010768328
0.0024021423
0.0019390039
0.0012605153
0.00058181262
0.00011827287
0.0028235217
0.0022791428
0.0014816384
0.0006838758
0.00013902016
0.0034401631
0.002776891
0.0018052205
0.00083323306
0.00016937979
0.0040562134
0.0032741574
0.0021284842
0.00098244503
0.00019970853
0.0044765021
0.0036134108
0.0023490241
0.0010842412
0.00022040206
0.0049167786
0.0044551587
0.0037785233
0.0031012295
0.0026384036
0.005779281
0.0052366849
0.0044413579
0.0036452488
0.0031012284
0.0070414481
0.0063803487
0.0054113279
0.0044413616
0.0037785266
0.0083023909
0.007522904
0.0063803504
0.0052366922
0.0044551701
0.0091626432
0.008302393
0.0070414505
0.0057792869
0.004916791
0.0096013372
0.0086999032
0.0073785898
0.0060559908
0.0051521986
0.010460422
0.0094783384
0.0080388055
0.0065978619
0.0056131962
0.011716883
0.010616846
0.0090044125
0.0073903901
0.0062874438
0.012971278
0.011753486
0.0099684397
0.0081816259
0.0069605971
0.013826584
0.012528501
0.010625761
0.0087211305
0.0074195895
0.004690832
0.0037864185
0.0024614916
0.001136153
0.0002309557
0.0051105491
0.0041252174
0.0026817376
0.0012378104
0.00025162418
0.0057244165
0.0046207315
0.0030038645
0.0013864914
0.00028185354
0.0063372881
0.0051154384
0.0033254661
0.0015349314
0.00031203311
0.0067551788
0.0054527575
0.0035447513
0.0016361462
0.00033261058
0.0069682159
0.0056247206
0.0036565413
0.0016877444
0.0003431002
0.0073852628
0.0059613603
0.0038753851
0.0017887543
0.00036363382
0.0079948812
0.0064534465
0.0041952827
0.0019364064
0.00039364856
0.0086031002
0.0069444044
0.0045144478
0.0020837204
0.00042359465
0.0090175837
0.0072789774
0.0047319499
0.0021841109
0.00044400178
0.014262611
0.012923593
0.010960857
0.0089961647
0.007653579
0.015116193
0.013697033
0.011616843
0.0095345775
0.0081116416
0.016363947
0.014827618
0.012575726
0.010321603
0.0087812161
0.017608875
0.015955632
0.013532406
0.011106819
0.0094492561
0.018457276
0.016724355
0.014184359
0.011641916
0.0099045056
0.021522871
0.020191361
0.018238598
0.01628271
0.014945462
0.022811047
0.021399864
0.019330218
0.017257232
0.015839923
0.024693994
0.023166375
0.020925916
0.018681782
0.017147439
0.026572565
0.024928783
0.022517944
0.020103094
0.018451993
0.027852735
0.026129785
0.023602845
0.021071682
0.019341027
0.014488554
0.013592296
0.012277854
0.010961247
0.010061033
0.01578491
0.014808444
0.01337639
0.011941997
0.010961247
0.017680982
0.016587184
0.014983078
0.013376392
0.012277857
0.01957403
0.01836309
0.016587184
0.014808445
0.013592301
0.020864832
0.01957403
0.017680981
0.015784909
0.014488556
0.019341029
0.018451996
0.017147443
0.015839927
0.014945462
0.021071683
0.020103095
0.018681784
0.017257235
0.016282712
0.023602845
0.022517945
0.020925917
0.019330219
0.018238599
0.026129783
0.024928782
0.023166374
0.021399865
0.020191361
0.027852736
0.026572563
0.024693992
0.022811047
0.021522871
0.028731077
0.027410536
0.02547274
0.023530441
0.022201658
0.030450543
0.029050963
0.026997212
0.024938715
0.023530442
0.032964036
0.03144889
0.029225593
0.026997212
0.025472742
0.035471852
0.033841388
0.031448887
0.02905096
0.027410536
0.037180891
0.035471851
0.032964032
0.030450536
0.028731072
0.038051847
0.03630277
0.033736187
0.031163789
0.029404039
0.039756259
0.037928844
0.035247276
0.032559608
0.030721009
0.042246254
0.040304421
0.037454906
0.034598854
0.03264505
0.044728813
0.042672916
0.039655998
0.0366321
0.034563438
0.046419615
0.044286029
0.041155111
0.038016921
0.035870045
0.047280968
0.045107799
0.041918806
0.0387224
0.036535684
0.048966002
0.046715385
0.043412775
0.040102492
0.037837851
0.051426331
0.049062603
0.045594071
0.042117523
0.039739127
0.053877723
0.051401277
0.047767384
0.04412516
0.041633438
0.055546373
0.052993202
0.04924673
0.045491711
0.042922849
0.035418664
0.033227572
0.030014242
0.026795729
0.024595105
0.036681015
0.034411805
0.031083909
0.02775068
0.02547165
0.038524169
0.036140919
0.032645744
0.029144992
0.026751465
0.040360583
0.037863735
0.034201906
0.030534224
0.028026596
0.041610589
0.039036431
0.035261179
0.031479865
0.02889456
0.028505127
0.026741827
0.02415572
0.021565286
0.019794095
0.029781827
0.027939552
0.025237651
0.022531236
0.020680726
0.031647023
0.029689343
0.026818249
0.023942398
0.021976025
0.033506735
0.031433967
0.028394141
0.025349345
0.023267466
0.034773381
0.032622223
0.029467454
0.026307575
0.024147029
0.018889639
0.017116113
0.014516606
0.011914608
0.010136507
0.019735757
0.017882773
0.015166801
0.012448252
0.010590519
0.020971878
0.019002825
0.016116704
0.01322787
0.011253796
0.022204326
0.020119566
0.017063807
0.014005179
0.011915102
0.023043715
0.02088016
0.017708871
0.014534595
0.012365506
0.009228811
0.0074494807
0.0048427924
0.0022352716
0.00045440127
0.0096421712
0.0077831465
0.005059705
0.0023353908
0.00047475281
0.01024606
0.0082706092
0.0053765992
0.0024816584
0.00050448458
0.010848154
0.0087566262
0.0056925539
0.0026274925
0.00053412833
0.011258229
0.0090876434
0.0059077455
0.0027268175
0.00055431887
0.011467136
0.0092562754
0.0060173721
0.0027774173
0.00056460492
0.01187581
0.0095861624
0.0062318309
0.0028764032
0.00058472755
0.012472511
0.010067825
0.0065449598
0.0030209316
0.00061410873
0.013067033
0.010547727
0.0068569448
0.0031649327
0.00064338219
0.013471717
0.010874389
0.0070693081
0.0032629525
0.00066330849
0.023471326
0.021267633
0.018037493
0.0148043
0.012594957
0.024307837
0.022025628
0.018680366
0.015331917
0.013043824
0.025529198
0.023132357
0.019619023
0.016102294
0.013699212
0.02674608
0.024235028
0.020554253
0.016869868
0.014352212
0.027574388
0.02498559
0.021190849
0.017392348
0.014796704
0.027996206
0.025367813
0.021515036
0.017658425
0.015023064
0.028821095
0.026115267
0.022148998
0.018178755
0.015465725
0.0300248
0.027205965
0.023074082
0.018938036
0.016111674
0.031223271
0.028291908
0.023995126
0.019694009
0.016754814
0.032038572
0.029030651
0.024621685
0.020208278
0.01719233
0.013677805
0.011040742
0.0071774547
0.0033128696
0.00067345592
0.014080822
0.011366056
0.0073889412
0.0034104853
0.00069329962
0.014668918
0.011840761
0.007697547
0.003552929
0.00072225603
0.015254456
0.012313399
0.0080048071
0.0036947525
0.00075108574
0.015652787
0.012634925
0.0082138283
0.003791232
0.00077069793
0.015855564
0.012798603
0.0083202336
0.0038403464
0.00078068183
0.016251959
0.013118566
0.0085282371
0.0039363565
0.00080019831
0.016830038
0.013585181
0.0088315755
0.0040763713
0.00082865991
0.01740518
0.014049425
0.0091333709
0.0042156742
0.00085697683
0.017796193
0.014365044
0.0093385477
0.0043103798
0.00087622836
0.032453616
0.029406721
0.024940643
0.020470074
0.017415055
0.03326496
0.030141873
0.025564148
0.020981838
0.017850445
0.034448184
0.031213979
0.026473424
0.021728158
0.018485391
0.035625404
0.032280644
0.027378073
0.022470676
0.019117107
0.036425746
0.033005827
0.027993103
0.022975477
0.019546582
0.04897358
0.045944056
0.04150091
0.037050395
0.034007457
0.050197906
0.047092637
0.042538439
0.037976686
0.034857662
0.051983396
0.048767655
0.044051491
0.039327523
0.036097556
0.053759824
0.050434164
0.045556837
0.040671481
0.037331151
0.054967544
0.051567154
0.04658025
0.04158517
0.038169814
0.042247154
0.039633629
0.035800621
0.031961441
0.029336575
0.043491981
0.040801475
0.036855533
0.032903197
0.030200963
0.045308442
0.042505607
0.038394892
0.034277449
0.031462312
0.047116973
0.044202291
0.039927538
0.03564573
0.032718184
0.048347275
0.045356494
0.040970154
0.036576547
0.033572534
0.056396143
0.053803903
0.050000097
0.04618763
0.04357948
0.05805791
0.055389283
0.051473358
0.047548533
0.044863548
0.060482785
0.057702715
0.053623206
0.049534407
0.046737278
0.062897068
0.060006057
0.055763709
0.051511651
0.048602842
0.064539442
0.061572955
0.057219846
0.052856738
0.049871951
0.065375517
0.062370605
0.057961114
0.053541479
0.050518013
0.067009906
0.063929869
0.059410161
0.054880035
0.051780961
0.069393412
0.066203801
0.061523345
0.056832102
0.053622778
0.071764828
0.068466183
0.063625774
0.058774239
0.055455243
0.073377058
0.070004287
0.065055118
0.060094605
0.056701053
0.081620239
0.078647152
0.074281885
0.069903672
0.066906866
0.083660774
0.080613375
0.076138994
0.071651305
0.068579549
0.086636555
0.083480773
0.078847271
0.074199959
0.071018909
0.089597208
0.086333583
0.081541758
0.076735656
0.073445892
0.091610019
0.088273079
0.083373611
0.078459555
0.075095891
0.097668196
0.094734238
0.0904239
0.086097754
0.083134827
0.10010988
0.097102594
0.092684525
0.088250228
0.085213225
0.10367066
0.10055642
0.09598125
0.091389257
0.088244229
0.10721336
0.10399268
0.099261177
0.094512307
0.09125982
0.10962189
0.10632884
0.10149104
0.096635509
0.093309976
0.084253374
0.081722372
0.078004023
0.074272
0.071715978
0.086735955
0.084130376
0.08030249
0.076460531
0.073829191
0.090358614
0.087644201
0.083656447
0.079654066
0.07691285
0.093965485
0.091142726
0.086995786
0.082833656
0.079983047
0.096419137
0.093522688
0.089267466
0.084996649
0.082071614
0.070409406
0.067844711
0.06407916
0.060302405
0.057717196
0.072484106
0.069843802
0.065967261
0.062079237
0.05941788
0.075511585
0.072760974
0.068722456
0.064672021
0.061899535
0.078525865
0.075665463
0.071465692
0.067253519
0.064370358
0.080576392
0.077641318
0.073331874
0.069009669
0.066051203
0.059029294
0.056879103
0.053722086
0.050555744
0.048388447
0.061133088
0.058906291
0.05563676
0.052357529
0.050112959
0.064204776
0.061866128
0.058432359
0.05498834
0.052630942
0.067265245
0.064815122
0.061217721
0.057609566
0.055139779
0.06934849
0.066822459
0.063113654
0.05939379
0.056847522
0.047506908
0.045776507
0.043235823
0.040687529
0.038943203
0.049634714
0.047826802
0.045172343
0.042509957
0.04068753
0.052743351
0.050822166
0.048001439
0.045172347
0.043235828
0.055842843
0.053808718
0.050822168
0.047826808
0.045776516
0.057953867
0.055842842
0.052743351
0.049634719
0.047506917
0.056847529
0.055139786
0.052630943
0.050112953
0.048388437
0.059393792
0.057609572
0.054988345
0.052357529
0.050555739
0.063113648
0.061217719
0.058432362
0.055636763
0.053722087
0.066822451
0.064815116
0.061866126
0.058906292
0.056879105
0.069348486
0.067265241
0.064204773
0.061133087
0.059029294
0.070635362
0.068513437
0.065396161
0.062267486
0.06012467
0.073152862
0.070955273
0.067726844
0.064486651
0.062267486
0.076828661
0.074520636
0.071129918
0.067726845
0.065396164
0.080491003
0.078072991
0.074520636
0.070955275
0.06851344
0.082983875
0.080491002
0.07682866
0.073152862
0.070635365
0.082071624
0.079983059
0.076912858
0.073829192
0.071715975
0.08499665
0.082833662
0.079654075
0.076460536
0.074272
0.089267463
0.086995785
0.083656451
0.080302495
0.078004025
0.093522688
0.091142724
0.0876442
0.084130377
0.081722374
0.096419139
0.093965485
0.090358613
0.086735955
0.084253375
0.066051184
0.064370344
0.061899531
0.059417883
0.057717202
0.069009653
0.067253501
0.064672008
0.062079232
0.060302405
0.073331876
0.071465686
0.068722444
0.06596725
0.064079152
0.077641333
0.075665473
0.072760973
0.069843795
0.067844702
0.080576406
0.078525878
0.075511592
0.072484104
0.070409401
0.075095901
0.073445894
0.0710189
0.06857953
0.066906845
0.078459573
0.076735671
0.074199966
0.0716513
0.069903658
0.083373621
0.081541773
0.078847288
0.076139007
0.074281892
0.088273078
0.086333585
0.083480781
0.08061339
0.078647168
0.091610018
0.089597205
0.086636555
0.08366078
0.08162025
0.093309978
0.091259819
0.088244226
0.085213226
0.083134834
0.096635516
0.094512309
0.091389256
0.088250226
0.086097754
0.10149105
0.099261186
0.095981253
0.092684524
0.090423898
0.10632885
0.10399269
0.10055643
0.097102598
0.094734239
0.10962189
0.10721336
0.10367067
0.10010988
0.097668199
0.1112989
0.10885351
0.10525661
0.10164135
0.099162316
0.11457837
0.11206093
0.10835802
0.10463621
0.10208413
0.11936384
0.11674127
0.11288371
0.10900643
0.10634774
0.12412846
0.1214012
0.11738968
0.11335764
0.1105928
0.12736974
0.12457125
0.12045497
0.11631766
0.11348064
0.097894154
0.095402979
0.091740941
0.08806286
0.085542295
0.10077861
0.098214052
0.094444145
0.090657701
0.08806286
0.10498768
0.10231601
0.098388688
0.094444145
0.091740941
0.10917844
0.1064001
0.10231601
0.09821405
0.095402978
0.11202934
0.10917844
0.10498767
0.10077861
0.097894152
0.11348064
0.1105928
0.10634773
0.10208413
0.099162313
0.11631766
0.11335764
0.10900643
0.10463621
0.10164134
0.12045497
0.11738968
0.11288371
0.10835802
0.1052566
0.12457125
0.1214012
0.11674127
0.11206093
0.10885351
0.12736974
0.12412846
0.11936384
0.11457837
0.1112989
0.12901977
0.12618502
0.1220154
0.1178245
0.11495073
0.13224531
0.12933968
0.12506579
0.1207701
0.1178245
0.13694921
0.13394024
0.12951432
0.12506579
0.1220154
0.14162915
0.13851739
0.13394024
0.12933968
0.12618502
0.14481082
0.14162915
0.13694921
0.13224531
0.12901977
0.14642987
0.14321263
0.13848038
0.1337239
0.1304623
0.14959365
0.14630688
0.14147238
0.13661316
0.13328111
0.15420461
0.1508165
0.14583296
0.14082398
0.13738924
0.15878864
0.15529981
0.15016809
0.14501018
0.14147335
0.16190309
0.15834584
0.15311346
0.14785436
0.14424815
0.12879381
0.12551628
0.12069839
0.11585942
0.11254329
0.13157657
0.12822821
0.12330619
0.11836267
0.1149749
0.13563218
0.13218062
0.12710686
0.12201094
0.11851875
0.13966407
0.13610993
0.13088535
0.12563791
0.1220419
0.14240339
0.13877955
0.13345252
0.12810215
0.12443558
0.14379678
0.1401375
0.13475835
0.12935563
0.12565318
0.1465185
0.14278995
0.13730901
0.13180404
0.1280315
0.15048256
0.14665311
0.14102389
0.13537002
0.13149542
0.15442036
0.15049068
0.14471413
0.13891233
0.13493637
0.15709396
0.15309623
0.14721965
0.1413174
0.13727261
0.1634873
0.15989526
0.15461168
0.14930111
0.1456596
0.16658171
0.16292169
0.15753813
0.15212703
0.14841658
0.17108857
0.16732953
0.16180034
0.15624286
0.15243201
0.17556557
0.17170815
0.16603427
0.16033139
0.15642083
0.17860526
0.17468104
0.16890892
0.16310731
0.15912906
0.18015081
0.17619263
0.17037055
0.16451874
0.16050607
0.18316844
0.17914396
0.17322434
0.1672745
0.16319462
0.1875604
0.18343944
0.17737788
0.17128535
0.16710764
0.1919196
0.18770286
0.18150044
0.1752663
0.17099148
0.19487719
0.19059548
0.18429748
0.17796727
0.17362657
0.19638033
0.19206559
0.18571902
0.17933999
0.1749658
0.19931386
0.19493467
0.1884933
0.18201899
0.17757946
0.20358033
0.19910739
0.19252813
0.18591525
0.18138069
0.20781125
0.20324534
0.19652934
0.18977902
0.18515024
0.21067965
0.20605072
0.19924201
0.19239852
0.18770585
0.17272817
0.16833262
0.16187121
0.15538149
0.15093413
0.1753084
0.17084718
0.16428924
0.1577026
0.15318879
0.17906102
0.17450429
0.16780597
0.16107834
0.15646793
0.18278236
0.17813093
0.17129339
0.16442595
0.15971973
0.18530529
0.18058966
0.17365774
0.1666955
0.16192432
0.15845336
0.15442104
0.1484936
0.14254026
0.13846048
0.16110754
0.15700769
0.15098094
0.14492787
0.14077975
0.16497052
0.16077238
0.15460113
0.14840289
0.1441553
0.16880469
0.16450898
0.15819433
0.15185202
0.14750568
0.17140607
0.16704416
0.1606322
0.15419216
0.14977884
0.13637421
0.13227749
0.12625896
0.12021842
0.11608134
0.13865854
0.13449321
0.12837387
0.12223213
0.11802574
0.14198324
0.13771805
0.13145199
0.12516297
0.12085571
0.14528314
0.14091882
0.13450715
0.12807196
0.12366458
0.14752203
0.14309046
0.13657999
0.13004564
0.12557033
0.14865991
0.14419415
0.13763347
0.13104872
0.12653889
0.1508806
0.14634812
0.13968944
0.13300633
0.12842913
0.15411032
0.1494808
0.14267958
0.13585344
0.13117827
0.15731313
0.15258739
0.14564481
0.1386768
0.13390448
0.15948451
0.15469354
0.14765512
0.14059094
0.13575275
0.12423356
0.11970834
0.11306419
0.1064003
0.10183891
0.12608937
0.12149653
0.11475314
0.1079897
0.10336017
0.12878841
0.12409725
0.1172095
0.11030129
0.10557265
0.13146496
0.1266763
0.11964539
0.11259361
0.1077667
0.13327956
0.1284248
0.12129684
0.11414771
0.10925418
0.11396654
0.10981529
0.10372025
0.097607109
0.093422686
0.11587553
0.11165475
0.1054576
0.099242057
0.094987552
0.11865394
0.11433196
0.10798621
0.10162163
0.097265114
0.12141163
0.1169892
0.11049597
0.10398345
0.099525683
0.12328265
0.11879206
0.11219877
0.10558589
0.10105942
0.10342497
0.099657736
0.094126474
0.088578708
0.084781268
0.10538253
0.10154399
0.095908052
0.090255303
0.086385994
0.10823365
0.10429124
0.098502819
0.092697167
0.088723191
0.11106586
0.10702027
0.10108038
0.095122825
0.091044883
0.11298881
0.10887318
0.10283043
0.096769733
0.092621202
0.12375989
0.12004214
0.11458037
0.10909856
0.10534414
0.12610237
0.12231424
0.11674909
0.11116353
0.10733804
0.12951409
0.12562344
0.11990771
0.11417105
0.11024206
0.13290319
0.12891073
0.1230454
0.11715863
0.11312684
0.13520424
0.13114265
0.12517577
0.11918706
0.11508546
0.11084753
0.10751765
0.10262575
0.097715938
0.094353235
0.11324251
0.10984068
0.10484306
0.099827168
0.096391829
0.11673297
0.1132263
0.10807462
0.1029041
0.09936288
0.12020304
0.11659213
0.11128732
0.10596306
0.10231657
0.12256065
0.11887893
0.11347007
0.10804138
0.10432335
0.092634276
0.08926003
0.084305785
0.079336794
0.075935527
0.094635741
0.091188604
0.086127322
0.081050978
0.077576233
0.097552679
0.093999317
0.088782051
0.083549247
0.07996741
0.10045256
0.096793592
0.091421265
0.086032919
0.082344612
0.10242278
0.098692054
0.093214379
0.087720363
0.083959718
0.074197476
0.070786986
0.06578247
0.060766498
0.057335009
0.075800632
0.072316445
0.067203774
0.062079424
0.058573804
0.078137087
0.074545503
0.069275212
0.063992895
0.060379233
0.080459887
0.076761543
0.071334563
0.065895193
0.062174109
0.082038028
0.078267153
0.072733724
0.067187647
0.063393574
0.082840776
0.079033006
0.073445432
0.067845078
0.064013875
0.084408774
0.080528937
0.074835605
0.069129234
0.065225505
0.086692481
0.082707683
0.076860322
0.07099955
0.066990188
0.088961041
0.08487198
0.078871614
0.07285747
0.068743177
0.090501289
0.08634144
0.080237192
0.074118919
0.069933385
0.062056814
0.058217845
0.052587675
0.046948396
0.043092666
0.063231402
0.059319774
0.053583032
0.047837002
0.043908299
0.06494213
0.060924677
0.055032723
0.049131214
0.045096222
0.066641518
0.062518938
0.056472803
0.050416849
0.046276267
0.067795332
0.063601371
0.057450556
0.05128974
0.047077465
0.055582117
0.052143701
0.047101033
0.042050116
0.038596584
0.056783039
0.053270321
0.048118683
0.042958652
0.039430522
0.058533278
0.054912277
0.049601823
0.044282753
0.040645907
0.060273289
0.056544647
0.051076306
0.045599114
0.041854181
0.061455475
0.057653704
0.052078096
0.046493468
0.042675095
0.036833017
0.033374853
0.028306074
0.023232354
0.019765129
0.037628853
0.03409596
0.028917643
0.023734309
0.020192184
0.038788714
0.035146916
0.029808956
0.02446586
0.020814578
0.039941795
0.036191736
0.030695068
0.025193134
0.021433332
0.040725212
0.036901605
0.031297108
0.025687255
0.021853721
0.017995169
0.014525654
0.0094429561
0.0043585724
0.00088602509
0.018383981
0.014839497
0.009646978
0.0044527438
0.00090516872
0.018950642
0.015296898
0.0099443222
0.00458999
0.0009330689
0.019513992
0.015751628
0.01023993
0.0047264344
0.00096080629
0.019896741
0.016060579
0.01044077
0.0048191368
0.00097965138
0.020091432
0.016217732
0.010542931
0.0048662914
0.00098923725
0.020471719
0.016524699
0.010742481
0.004958398
0.0010079611
0.021025586
0.016971782
0.011033117
0.0050925462
0.0010352311
0.021575779
0.017415899
0.011321825
0.0052258047
0.0010623205
0.021949334
0.017717435
0.011517847
0.0053162813
0.0010807132
0.041123709
0.037262691
0.031603348
0.025938598
0.022067558
0.041902085
0.037967997
0.032201524
0.026429543
0.022485242
0.043035745
0.038995237
0.033072741
0.02714458
0.023093575
0.044161881
0.040015663
0.033938185
0.027854877
0.023697873
0.044926475
0.040708484
0.034525785
0.028337139
0.024108163
0.045315236
0.041060751
0.034824553
0.028582347
0.024316777
0.046074278
0.04174854
0.035407889
0.02906111
0.024724088
0.047179017
0.042749571
0.036256899
0.029757923
0.025316903
0.048275516
0.043743133
0.037099576
0.030449541
0.025905296
0.049019462
0.044417237
0.037671309
0.030918787
0.026304505
0.02213927
0.017870752
0.011617514
0.0053622846
0.0010900651
0.022510113
0.018170099
0.011812113
0.0054521043
0.0011083246
0.023049851
0.018605779
0.01209534
0.0055828314
0.0011349002
0.023585562
0.019038209
0.012376454
0.0057125834
0.0011612778
0.023949026
0.0193316
0.012567183
0.0058006166
0.0011791743
0.024133749
0.019480711
0.012664118
0.0058453578
0.0011882698
0.024494256
0.019771715
0.012853295
0.0059326744
0.001206021
0.025018567
0.020194943
0.013128431
0.0060596655
0.0012318377
0.025538508
0.020614644
0.013401273
0.0061855984
0.0012574392
0.025891009
0.020899184
0.01358625
0.0062709762
0.0012747959
0.049397558
0.044759836
0.037961881
0.031157273
0.026507396
0.050135452
0.045428454
0.03852896
0.031622703
0.026903358
0.051208628
0.046400873
0.039353705
0.032299614
0.027479237
0.052272862
0.047365189
0.040171574
0.032970885
0.028050318
0.052994373
0.048018958
0.040726058
0.033425981
0.028437491
0.074542503
0.06993111
0.063168132
0.056394153
0.051762627
0.075656038
0.070975754
0.064111743
0.05723657
0.052535854
0.077275538
0.072495062
0.06548411
0.058461762
0.053660418
0.078881542
0.074001709
0.066845041
0.059676744
0.05477561
0.079970353
0.075023161
0.067767702
0.060500457
0.055531669
0.068381995
0.064151739
0.057947698
0.051733567
0.047484837
0.069527437
0.065226316
0.058918352
0.052600125
0.048280221
0.071194563
0.066790301
0.060331082
0.053861351
0.049437855
0.072849259
0.068342624
0.061733275
0.055113171
0.050586858
0.073971928
0.069395835
0.062684626
0.055962498
0.051366426
0.091284432
0.087088592
0.080931527
0.074760309
0.070538552
0.092813491
0.088547381
0.082287191
0.076012602
0.071720123
0.095038934
0.090670553
0.084260277
0.077835242
0.073439831
0.097247768
0.092777878
0.086218642
0.079644287
0.075146715
0.098746401
0.094207637
0.087547337
0.080871675
0.076304791
0.099508051
0.094934282
0.088222619
0.081495471
0.076893361
0.10099449
0.096352402
0.089540498
0.082712872
0.078042016
0.10315633
0.098414878
0.091457181
0.084483428
0.079712592
0.10530016
0.10046016
0.093357883
0.086239223
0.081369245
0.10675359
0.10184679
0.094646484
0.087429582
0.082492392
0.10749193
0.10255119
0.095301084
0.088034276
0.083062944
0.10893219
0.10392524
0.096577999
0.089213839
0.084175907
0.11102524
0.10592209
0.098433669
0.090928028
0.085793312
0.1130989
0.10790043
0.10027215
0.092626331
0.087395727
0.11450363
0.10924059
0.10151756
0.093776789
0.088481229
0.11521687
0.10992105
0.10214991
0.094360922
0.089032381
0.11660748
0.11124773
0.1033828
0.095499807
0.090106961
0.11862669
0.11317413
0.105173
0.097153508
0.091667288
0.12062518
0.11508076
0.10694484
0.098790239
0.093211601
0.12197783
0.11637124
0.10814408
0.099898035
0.094256843
0.086310418
0.080971025
0.073140325
0.0652969
0.05993417
0.087352151
0.08194832
0.074023106
0.066085007
0.060657549
0.088864783
0.083367388
0.075304937
0.06722937
0.061707922
0.09036189
0.084771892
0.076573617
0.068361991
0.062747518
0.091375181
0.085722507
0.077432303
0.069128589
0.063451152
0.080523461
0.075542052
0.068236408
0.060918898
0.055915743
0.0816024
0.076554244
0.069150706
0.061735143
0.056664948
0.083170361
0.078025208
0.070479406
0.062921349
0.057753729
0.084723793
0.079482545
0.071795799
0.064096566
0.058832423
0.085776113
0.080469771
0.072687548
0.06489268
0.059563151
0.053360896
0.048351068
0.041007732
0.033657167
0.028634172
0.054075866
0.04899891
0.041557187
0.034108138
0.029017835
0.055114895
0.049940383
0.042355679
0.034763509
0.029575393
0.056144299
0.050873135
0.043146772
0.035412808
0.030127787
0.056841637
0.051504998
0.043682671
0.035852654
0.030501989
0.026070077
0.021043729
0.013680217
0.0063143476
0.0012836127
0.026419382
0.021325689
0.013863517
0.0063989514
0.0013008113
0.026927008
0.021735447
0.014129897
0.0065219014
0.0013258046
0.027429931
0.022141407
0.014393808
0.0066437126
0.0013505663
0.027770621
0.022416412
0.014572586
0.0067262298
0.0013673405
0.027943603
0.022556043
0.014663359
0.0067681271
0.0013758575
0.028280867
0.022828282
0.014840339
0.0068498146
0.0013924636
0.028770587
0.023223583
0.015097321
0.0069684278
0.0014165764
0.029255283
0.023614827
0.015351666
0.0070858242
0.0014404417
0.029583342
0.023879635
0.015523815
0.0071652821
0.0014565945
0.057195704
0.051825821
0.043954769
0.036075982
0.030691986
0.057886028
0.052451329
0.044485278
0.036511404
0.031062425
0.058888406
0.053359592
0.045255597
0.037143652
0.031600317
0.0598805
0.054258536
0.046018011
0.037769411
0.03213269
0.060551983
0.054866972
0.046534038
0.038192946
0.032493018
0.06089274
0.055175734
0.046795906
0.038407877
0.032675873
0.061556754
0.055777403
0.047306193
0.038826699
0.033032192
0.062520064
0.056650266
0.048046486
0.039434301
0.033549118
0.063472456
0.057513235
0.048778386
0.040035014
0.034060184
0.064116466
0.058096777
0.0492733
0.040441218
0.034405768
0.029749821
0.024014016
0.015611175
0.0072056045
0.0014647915
0.030074232
0.024275878
0.015781409
0.0072841786
0.0014807645
0.030544865
0.024655771
0.016028373
0.0073981689
0.0015039371
0.031010165
0.025031358
0.016272538
0.0075108671
0.001526847
0.031324802
0.025285331
0.016437644
0.007587074
0.0015423387
0.031484377
0.025414139
0.01652138
0.0076257241
0.0015501956
0.031795151
0.025664994
0.016684458
0.0077009953
0.0015654969
0.032245564
0.026028565
0.01692081
0.0078100878
0.0015876733
0.032690346
0.026387589
0.017154206
0.0079178162
0.0016095725
0.032990802
0.026630116
0.017311869
0.0079905884
0.0016243657
0.064443091
0.058392735
0.049524307
0.040647233
0.03458104
0.065079195
0.058969114
0.050013144
0.041048449
0.034922381
0.066001117
0.059804474
0.050721628
0.041629941
0.035417095
0.066911511
0.06062939
0.051421253
0.042204161
0.035905622
0.067526497
0.061186633
0.051893861
0.042592055
0.036235629
0.097246958
0.091231089
0.082408199
0.073570871
0.067528572
0.098206849
0.092131605
0.083221636
0.074297078
0.068195133
0.099598043
0.093436744
0.08440057
0.07534959
0.069161198
0.10097184
0.094725562
0.08556476
0.076388941
0.070115184
0.10189986
0.095596177
0.086351188
0.077091038
0.070759617
0.091889393
0.086204914
0.077868059
0.069517613
0.063808225
0.09289141
0.087144952
0.078717193
0.070275685
0.064504032
0.09434507
0.088508697
0.079949062
0.071375447
0.065513467
0.09578225
0.089856981
0.081166966
0.072462745
0.06651146
0.096754074
0.090768693
0.081990516
0.073197979
0.067186307
0.12266426
0.11702611
0.10875265
0.10046021
0.09478727
0.12400187
0.11830223
0.10993855
0.10155568
0.095820884
0.12594238
0.12015355
0.11165897
0.10314492
0.097320383
0.1278609
0.12198388
0.1133599
0.10471614
0.098802884
0.12915821
0.12322155
0.11451007
0.10577861
0.099805354
0.12981617
0.12384927
0.1150934
0.10631746
0.10031378
0.13109755
0.12507175
0.11622945
0.10736689
0.10130394
0.13295469
0.12684353
0.11787596
0.10888784
0.10273901
0.1347886
0.12859315
0.11950188
0.11038977
0.10415613
0.13602744
0.12977504
0.12060021
0.11140436
0.10511342
0.16207277
0.15616922
0.14750136
0.13880774
0.132857
0.16367255
0.15771073
0.1489573
0.14017787
0.13416839
0.16599115
0.15994487
0.15106744
0.14216363
0.13606903
0.16828075
0.16215107
0.15315118
0.14412457
0.1379459
0.16982741
0.16364139
0.15455879
0.14544921
0.13921375
0.19393899
0.18811301
0.17955403
0.17096369
0.16508026
0.19585331
0.18996982
0.18132636
0.17265123
0.16670972
0.19862778
0.19266095
0.18389504
0.17509702
0.16907134
0.20136756
0.19531842
0.1864316
0.17751222
0.17140343
0.20321832
0.19711359
0.18814509
0.17914373
0.1729788
0.18325438
0.17774937
0.16966193
0.16154485
0.15598556
0.1852527
0.17968766
0.17151203
0.16330644
0.15768652
0.18815174
0.18249961
0.17419604
0.16586204
0.16015417
0.19101791
0.18527968
0.17684962
0.16838866
0.16259385
0.19295603
0.18715958
0.17864398
0.17009718
0.16424357
0.15314376
0.14756546
0.13937514
0.13116046
0.12553756
0.15481374
0.1491746
0.14089497
0.13259072
0.1269065
0.15723643
0.15150905
0.14309984
0.13466564
0.12889247
0.15963166
0.15381703
0.14527972
0.13671704
0.13085593
0.16125132
0.1553777
0.14675376
0.1381042
0.13218363
0.14384583
0.13860622
0.13091314
0.12319721
0.11791571
0.14558197
0.14027912
0.13249321
0.12468414
0.11933889
0.14810292
0.14270825
0.13478751
0.12684322
0.1214054
0.15059801
0.14511244
0.13705827
0.12898014
0.12345071
0.15228677
0.14673969
0.1385952
0.13042649
0.12483505
0.13420136
0.12931303
0.12213576
0.11493719
0.11000982
0.13599951
0.13104568
0.12377224
0.11647721
0.11148381
0.13861265
0.13356365
0.12615044
0.11871523
0.11362589
0.14120158
0.13605828
0.12850662
0.12093252
0.11574812
0.14295536
0.13774818
0.13010273
0.12243456
0.11718576
0.16058755
0.15576345
0.14867635
0.1415633
0.13669166
0.16273924
0.15785051
0.15066844
0.14346008
0.13852316
0.16586617
0.16088351
0.15356344
0.14621657
0.14118479
0.16896413
0.16388841
0.15643162
0.14894752
0.14382176
0.17106274
0.16592398
0.15837458
0.15079752
0.14560809
0.17212829
0.16695752
0.1593611
0.15173684
0.14651508
0.1742058
0.16897262
0.16128451
0.15356823
0.14828344
0.17722242
0.17189861
0.16407738
0.15622748
0.15085117
0.18020809
0.17479459
0.16684159
0.15885945
0.15339256
0.18222889
0.17675469
0.1687125
0.16064085
0.15511266
0.19999612
0.19490665
0.18742519
0.17991098
0.17476153
0.20240998
0.19725908
0.18968732
0.18208242
0.17687083
0.205915
0.2006749
0.19297202
0.18523544
0.1799336
0.20938405
0.20405567
0.19622302
0.1883561
0.18296494
0.21173201
0.20634389
0.1984234
0.19046827
0.18501665
0.18658692
0.18183867
0.17485881
0.16784842
0.16304424
0.18908697
0.18427511
0.17720172
0.17009739
0.16522884
0.19272015
0.18781584
0.18060655
0.17336571
0.16840361
0.19631967
0.19132376
0.18397983
0.17660374
0.17154896
0.19875805
0.19370009
0.18626494
0.17879725
0.17367968
0.21213677
0.20747583
0.20062003
0.1937292
0.18900408
0.21497916
0.21025577
0.20330811
0.19632495
0.19153651
0.21910984
0.2142957
0.20721455
0.20009721
0.19521676
0.22320225
0.2182982
0.2110848
0.20383453
0.19886291
0.22597452
0.22100956
0.21370657
0.20636625
0.20133289
0.22738212
0.22238623
0.21503775
0.20765171
0.202587
0.23012651
0.22507032
0.21763315
0.21015797
0.20503213
0.23411147
0.22896772
0.22140177
0.21379715
0.20858255
0.23805553
0.23282513
0.22513172
0.21739898
0.21209654
0.240725
0.23543596
0.22765627
0.21983682
0.21447492
0.24207967
0.23676087
0.2289374
0.22107395
0.21568187
0.24471944
0.23934264
0.23143388
0.22348467
0.2180338
0.24854905
0.24308812
0.2350556
0.226982
0.22144582
0.25233525
0.24679113
0.23863626
0.23043968
0.22481917
0.25489549
0.24929511
0.24105751
0.23277777
0.22710024
0.21292353
0.20750509
0.19954003
0.19154012
0.18605783
0.21524538
0.20976785
0.20171594
0.1936288
0.18808672
0.21861377
0.21305053
0.20487261
0.19665891
0.19103011
0.22194398
0.21629599
0.2079935
0.19965468
0.19394013
0.22419587
0.21849058
0.21010385
0.20168042
0.19590789
0.22533797
0.21960362
0.21117417
0.20270783
0.19690589
0.22756222
0.22177126
0.21325861
0.2047087
0.19884949
0.23078588
0.22491288
0.21627964
0.20760862
0.20166641
0.23396922
0.22801522
0.21926289
0.21047227
0.2044481
0.23611961
0.23011089
0.22127813
0.21240671
0.20632718
0.25619397
0.25056507
0.2422855
0.23396359
0.22825714
0.25872278
0.25303831
0.24467702
0.23627298
0.2305102
0.26238783
0.25662285
0.24814311
0.23962002
0.23377561
0.26600705
0.26016255
0.25156585
0.2429252
0.23700019
0.26845188
0.26255368
0.25387797
0.24515791
0.23917844
0.28643258
0.2809227
0.27281296
0.26465555
0.25905835
0.28925984
0.28369557
0.27550579
0.26726787
0.26161543
0.29335746
0.28771437
0.27940857
0.27105396
0.26532145
0.29740383
0.29168292
0.28326255
0.2747927
0.26898113
0.30013722
0.29436373
0.28586597
0.27731828
0.2714533
0.27065245
0.26544611
0.25778312
0.25007509
0.24478624
0.27360378
0.26834067
0.26059413
0.25280205
0.24745553
0.27788537
0.27253991
0.26467215
0.25675814
0.25132795
0.28211843
0.27669154
0.26870394
0.26066939
0.25515648
0.28498084
0.27949889
0.27143025
0.26331419
0.25774535
0.29857304
0.2934917
0.28600764
0.27847361
0.27330074
0.30182882
0.29669207
0.2891264
0.28151022
0.27628094
0.30655208
0.30133496
0.29365091
0.28591555
0.28060443
0.3112218
0.30592521
0.29812412
0.29027093
0.28487891
0.31437948
0.30902915
0.30114891
0.29321605
0.28776933
0.31598097
0.31060338
0.302683
0.29470974
0.28923527
0.31909988
0.31366921
0.30567065
0.2976187
0.2920902
0.32362018
0.31811259
0.31000073
0.30183471
0.29622791
0.32808396
0.3225004
0.31427665
0.30599801
0.30031387
0.33109931
0.32546444
0.31716511
0.30881037
0.303074
0.34476802
0.33953566
0.33182369
0.32405377
0.31871523
0.34817108
0.34288706
0.33509897
0.32725236
0.32186112
0.3531032
0.34774434
0.33984591
0.33188814
0.32642054
0.35797365
0.35254087
0.3445335
0.33646596
0.33092294
0.36126371
0.355781
0.34770004
0.33955835
0.33396438
0.37272453
0.36764997
0.36016496
0.35261707
0.34742728
0.37640355
0.37127889
0.36371999
0.35609759
0.35085657
0.38173565
0.37653839
0.36887239
0.361142
0.35582674
0.38700106
0.38173212
0.37396038
0.36612334
0.36073475
0.39055793
0.38524056
0.3773974
0.36948831
0.3640502
0.35219049
0.34739551
0.34032288
0.33319081
0.32828694
0.35603093
0.35118366
0.3440339
0.33682406
0.33186672
0.36160238
0.35667927
0.34941763
0.34209495
0.33706003
0.36711069
0.36211257
0.35474032
0.3473061
0.34219447
0.37083544
0.3657866
0.35833954
0.35082989
0.3456664
0.3257742
0.3208301
0.31354299
0.30620111
0.30115667
0.32932658
0.32432856
0.316962
0.30954006
0.30444061
0.33448013
0.32940391
0.32192207
0.31438399
0.30920475
0.33957528
0.33442172
0.32682592
0.31917302
0.31391488
0.34302063
0.33781478
0.33014191
0.32241137
0.31709988
0.30599553
0.30135159
0.29450689
0.28761073
0.28287253
0.30968869
0.3049887
0.29806139
0.29108201
0.28628662
0.31505129
0.31026992
0.30322266
0.29612243
0.29124401
0.32035886
0.31549694
0.30833096
0.30111112
0.29615053
0.3239512
0.31903476
0.31178843
0.30448764
0.29947142
0.33080802
0.32630417
0.31966094
0.31296187
0.30835572
0.33480064
0.33024243
0.32351903
0.31673911
0.31207736
0.34059807
0.33596093
0.3291211
0.32222379
0.31748133
0.34633603
0.34162075
0.33466569
0.32765219
0.32282983
0.35021967
0.34545152
0.33841846
0.33132631
0.32644988
0.3086286
0.3044267
0.29822886
0.29197892
0.28768158
0.3127638
0.3085056
0.30222472
0.29589105
0.29153613
0.31877325
0.31443324
0.30803168
0.30157632
0.29713774
0.32472702
0.32030596
0.31378484
0.30720891
0.30268743
0.32876021
0.32428424
0.31768213
0.31102453
0.30644689
0.28547962
0.28114702
0.27476122
0.26832741
0.26390688
0.28930467
0.28491402
0.27844265
0.27192265
0.2674429
0.2948634
0.2903884
0.28379269
0.27714741
0.27258159
0.30037063
0.29581205
0.28909315
0.28232376
0.27767266
0.30410131
0.29948612
0.29268378
0.28583031
0.28112144
0.2616428
0.25718993
0.25063152
0.24402934
0.23949627
0.26514848
0.26063596
0.25398967
0.24729903
0.24270523
0.2702431
0.26564387
0.25886989
0.2520507
0.24736863
0.2752905
0.27060538
0.2637049
0.25675834
0.25198882
0.27870969
0.27396639
0.26698021
0.25994738
0.25511862
0.28044575
0.27567291
0.26864322
0.26156658
0.25670774
0.28383056
0.27900011
0.27188558
0.26472354
0.25980606
0.28874542
0.28383132
0.2765936
0.26930756
0.26430494
0.29360985
0.28861297
0.28125331
0.27384452
0.26875764
0.29690225
0.29184934
0.28440716
0.27691529
0.27177137
0.25422023
0.24932997
0.24213221
0.23489215
0.22992438
0.25728852
0.25233924
0.24505461
0.23772718
0.23269946
0.26174381
0.25670882
0.24929805
0.24184374
0.23672897
0.26615337
0.26103356
0.25349794
0.24591805
0.24071712
0.2691379
0.26396069
0.25634057
0.24867568
0.24341643
0.23717553
0.23261312
0.22589792
0.21914327
0.21450858
0.2403534
0.23572987
0.22892469
0.22207953
0.21738275
0.24497161
0.24025925
0.23332333
0.22634665
0.22155961
0.24954703
0.24474666
0.23768121
0.23057423
0.22569778
0.2526465
0.24778651
0.24063331
0.23343807
0.22850105
0.21955938
0.21533585
0.20911941
0.20286643
0.19857597
0.22283916
0.21855254
0.21224325
0.20589687
0.20154231
0.22760919
0.22323081
0.21678647
0.21030425
0.20585649
0.23233947
0.22787009
0.22129182
0.2146749
0.2101347
0.23554642
0.23101535
0.22434628
0.21763802
0.21303517
0.24220944
0.2380873
0.23201599
0.22590414
0.22170775
0.24582755
0.24164384
0.23548185
0.22927871
0.22501962
0.25108964
0.24681637
0.2405225
0.23418659
0.22983633
0.25630787
0.2519458
0.24552112
0.23905355
0.2346129
0.25984564
0.25542335
0.24891
0.24235317
0.23785123
0.22219249
0.21841101
0.21284145
0.2072347
0.20338509
0.22591432
0.22206949
0.21640665
0.21070599
0.2067919
0.23133122
0.2273942
0.22159557
0.21575824
0.21175031
0.23670772
0.2326792
0.22674579
0.22077279
0.21667172
0.24035552
0.23626492
0.23024008
0.22417502
0.22001075
0.20141426
0.19753976
0.19183709
0.1861009
0.18216501
0.20478805
0.20084865
0.19505044
0.18921818
0.18521637
0.20969842
0.20566455
0.1997273
0.19375519
0.18965744
0.21457214
0.21044454
0.20436929
0.19825835
0.19406536
0.21787883
0.21368762
0.20751876
0.20131364
0.19705602
0.18278394
0.17926781
0.17409258
0.16888698
0.16531517
0.18624362
0.18266094
0.17738776
0.1720836
0.16844418
0.19128243
0.18760285
0.18218701
0.17673934
0.17300144
0.19628784
0.19251197
0.18695443
0.18136422
0.1775285
0.19968629
0.19584504
0.19019129
0.18450431
0.18060219
0.16371326
0.160564
0.15592872
0.1512662
0.14806704
0.16725045
0.16403316
0.15929776
0.1545345
0.1512662
0.1724056
0.16908914
0.1642078
0.15929776
0.15592872
0.17753067
0.1741156
0.16908914
0.16403316
0.160564
0.18101274
0.17753067
0.1724056
0.16725045
0.16371326
0.18060219
0.17752851
0.17300144
0.16844419
0.16531518
0.18450432
0.18136423
0.17673934
0.1720836
0.16888698
0.1901913
0.18695444
0.18218702
0.17738776
0.17409259
0.19584504
0.19251197
0.18760285
0.18266094
0.17926781
0.19968629
0.19628784
0.19128244
0.18624362
0.18278394
0.20164021
0.1982085
0.19315412
0.188066
0.18457248
0.2054568
0.20196012
0.19681005
0.19162563
0.188066
0.21101545
0.20742417
0.20213476
0.19681005
0.19315412
0.21653724
0.212852
0.20742417
0.20196012
0.1982085
0.22028628
0.21653724
0.21101545
0.2054568
0.20164021
0.22001076
0.21667172
0.21175031
0.2067919
0.20338509
0.22417502
0.22077279
0.21575824
0.21070599
0.2072347
0.23024008
0.22674579
0.22159557
0.21640665
0.21284145
0.23626492
0.23267919
0.2273942
0.22206949
0.21841101
0.24035552
0.23670772
0.23133122
0.22591432
0.22219249
0.19705603
0.19406537
0.18965744
0.18521638
0.18216502
0.20131364
0.19825836
0.19375519
0.18921818
0.1861009
0.20751876
0.20436929
0.1997273
0.19505045
0.19183709
0.21368762
0.21044454
0.20566456
0.20084865
0.19753976
0.21787883
0.21457215
0.20969842
0.20478806
0.20141426
0.21303517
0.21013471
0.20585649
0.20154231
0.19857598
0.21763803
0.2146749
0.21030426
0.20589687
0.20286644
0.22434628
0.22129182
0.21678647
0.21224325
0.20911941
0.23101535
0.22787009
0.22323081
0.21855254
0.21533585
0.23554642
0.23233947
0.22760919
0.22283916
0.21955939
0.23785122
0.23461289
0.22983633
0.22501962
0.22170775
0.24235316
0.23905355
0.23418658
0.2292787
0.22590414
0.24891
0.24552112
0.24052249
0.23548184
0.23201598
0.25542335
0.2519458
0.24681637
0.24164384
0.2380873
0.25984563
0.25630787
0.25108964
0.24582755
0.24220944
0.26209416
0.25852578
0.2532624
0.24795477
0.24430536
0.26648433
0.26285619
0.25750464
0.25210811
0.24839757
0.27287396
0.26915883
0.26367897
0.25815305
0.25435353
0.2792159
0.27541444
0.26980723
0.26415289
0.26026507
0.28351874
0.27965869
0.27396509
0.26822362
0.26427589
0.2424354
0.23875603
0.23333302
0.22786924
0.2241152
0.24649628
0.2427553
0.23724145
0.23168616
0.22786924
0.25240666
0.24857598
0.24292994
0.23724145
0.23333302
0.25827295
0.25435323
0.24857598
0.2427553
0.23875604
0.26225307
0.25827295
0.25240666
0.24649629
0.2424354
0.26427589
0.26026507
0.25435353
0.24839757
0.24430536
0.26822362
0.26415289
0.25815305
0.25210811
0.24795477
0.27396509
0.26980723
0.26367897
0.25750464
0.2532624
0.27965869
0.27541444
0.26915883
0.26285619
0.25852579
0.28351874
0.2792159
0.27287396
0.26648434
0.26209417
0.28570557
0.28181575
0.27607823
0.27029248
0.26631431
0.2899734
0.28602547
0.28020225
0.27433008
0.27029248
0.29618042
0.29214799
0.28620011
0.28020225
0.27607823
0.30233569
0.29821946
0.29214799
0.28602547
0.28181575
0.30650873
0.30233569
0.29618042
0.2899734
0.28570557
0.3064469
0.30268743
0.29713774
0.29153613
0.28768158
0.31102453
0.30720892
0.30157632
0.29589105
0.29197892
0.31768213
0.31378484
0.30803169
0.30222472
0.29822886
0.32428424
0.32030596
0.31443324
0.3085056
0.3044267
0.32876021
0.32472702
0.31877325
0.3127638
0.3086286
0.32644988
0.32282984
0.31748133
0.31207737
0.30835572
0.33132631
0.32765219
0.32222379
0.31673911
0.31296187
0.33841846
0.33466569
0.3291211
0.32351903
0.31966094
0.34545152
0.34162075
0.33596093
0.33024243
0.32630417
0.35021967
0.34633603
0.34059807
0.33480064
0.33080802
0.29947142
0.29615053
0.29124401
0.28628662
0.28287253
0.30448764
0.30111112
0.29612243
0.29108201
0.28761073
0.31178843
0.30833096
0.30322266
0.29806139
0.29450688
0.31903477
0.31549694
0.31026992
0.3049887
0.30135159
0.3239512
0.32035886
0.31505129
0.30968869
0.30599553
0.28112144
0.27767266
0.27258158
0.26744289
0.26390687
0.28583031
0.28232376
0.27714741
0.27192265
0.26832741
0.29268378
0.28909315
0.28379269
0.27844265
0.27476121
0.29948612
0.29581205
0.2903884
0.28491402
0.28114702
0.30410131
0.30037063
0.2948634
0.28930467
0.28547962
0.25511861
0.25198881
0.24736863
0.24270523
0.23949627
0.25994737
0.25675833
0.25205069
0.24729903
0.24402934
0.2669802
0.26370489
0.25886989
0.25398967
0.25063152
0.27396639
0.27060538
0.26564387
0.26063595
0.25718992
0.27870969
0.27529049
0.27024309
0.26514848
0.26164279
0.22850104
0.22569777
0.22155961
0.21738275
0.21450859
0.23343805
0.23057422
0.22634664
0.22207954
0.21914328
0.2406333
0.2376812
0.23332332
0.22892469
0.22589792
0.24778651
0.24474666
0.24025925
0.23572986
0.23261312
0.2526465
0.24954703
0.24497161
0.24035339
0.23717552
0.24341642
0.24071711
0.23672895
0.23269945
0.22992437
0.24867568
0.24591804
0.24184373
0.23772716
0.23489214
0.25634057
0.25349794
0.24929805
0.24505461
0.2421322
0.26396068
0.26103355
0.25670881
0.25233924
0.24932996
0.26913789
0.26615336
0.2617438
0.25728852
0.25422022
0.27177136
0.26875763
0.26430493
0.25980606
0.25670774
0.27691529
0.27384452
0.26930755
0.26472353
0.26156657
0.28440716
0.28125331
0.2765936
0.27188557
0.26864321
0.29184934
0.28861297
0.28383132
0.27900011
0.27567291
0.29690225
0.29360984
0.28874542
0.28383056
0.28044575
0.28776933
0.28487891
0.28060444
0.27628094
0.27330074
0.29321605
0.29027093
0.28591555
0.28151022
0.27847361
0.30114891
0.29812411
0.2936509
0.2891264
0.28600764
0.30902915
0.30592521
0.30133496
0.29669207
0.2934917
0.31437948
0.31122181
0.30655208
0.30182882
0.29857304
0.25774534
0.25515648
0.25132795
0.24745552
0.24478624
0.26331417
0.26066938
0.25675814
0.25280204
0.25007509
0.27143024
0.26870394
0.26467214
0.26059412
0.25778311
0.27949889
0.27669154
0.27253991
0.26834066
0.2654461
0.28498084
0.28211843
0.27788537
0.27360378
0.27065245
0.27145329
0.26898112
0.26532144
0.26161542
0.25905834
0.27731828
0.2747927
0.27105395
0.26726786
0.26465554
0.28586597
0.28326255
0.27940857
0.27550578
0.27281295
0.29436373
0.29168292
0.28771437
0.28369558
0.2809227
0.30013722
0.29740383
0.29335746
0.28925984
0.28643258
0.303074
0.30031387
0.2962279
0.2920902
0.28923527
0.30881038
0.30599801
0.30183471
0.29761869
0.29470974
0.31716511
0.31427666
0.31000073
0.30567065
0.302683
0.32546444
0.32250041
0.31811259
0.31366922
0.31060339
0.33109931
0.32808396
0.32362018
0.31909988
0.31598098
0.33396439
0.33092294
0.32642054
0.32186112
0.31871523
0.33955836
0.33646597
0.33188815
0.32725236
0.32405377
0.34770004
0.34453351
0.33984592
0.33509897
0.3318237
0.355781
0.35254087
0.34774434
0.34288707
0.33953566
0.36126371
0.35797365
0.3531032
0.34817108
0.34476803
0.31709988
0.31391488
0.30920475
0.30444061
0.30115667
0.32241137
0.31917302
0.314384
0.30954006
0.30620111
0.33014191
0.32682592
0.32192207
0.316962
0.31354299
0.33781479
0.33442173
0.32940391
0.32432856
0.3208301
0.34302063
0.33957528
0.33448014
0.32932658
0.3257742
0.34566641
0.34219448
0.33706003
0.33186672
0.32828694
0.35082989
0.3473061
0.34209496
0.33682406
0.33319081
0.35833953
0.35474032
0.34941763
0.34403391
0.34032288
0.3657866
0.36211257
0.35667927
0.35118366
0.34739551
0.37083544
0.36711069
0.36160238
0.35603093
0.35219049
0.3640502
0.36073475
0.35582674
0.35085657
0.34742728
0.36948832
0.36612334
0.361142
0.35609759
0.35261707
0.3773974
0.37396038
0.3688724
0.36371999
0.36016496
0.38524056
0.38173212
0.37653839
0.37127889
0.36764997
0.39055792
0.38700106
0.38173565
0.37640355
0.37272454
0.39325911
0.38967764
0.38437582
0.37900685
0.37530239
0.39852826
0.39489881
0.38952595
0.38408504
0.38033095
0.4061856
0.40248643
0.39701034
0.3914649
0.38763868
0.41377199
0.41000373
0.40442538
0.39877638
0.39487869
0.41891114
0.41509608
0.40944845
0.40372929
0.39978321
0.4215205
0.41768167
0.41199886
0.40624408
0.40227342
0.42660797
0.4227228
0.4169714
0.41114717
0.40712859
0.43399517
0.43004272
0.42419172
0.41826663
0.41417846
0.44130657
0.43728753
0.43133795
0.42531304
0.421156
0.44625519
0.44219108
0.43617477
0.4300823
0.42587863
0.40023457
0.39621454
0.39026952
0.38425634
0.38011142
0.40506513
0.40099659
0.39497983
0.38889407
0.38469913
0.41207928
0.40794029
0.40181936
0.39562823
0.39136065
0.41902144
0.41481273
0.40858869
0.40229327
0.3979538
0.42372014
0.41946423
0.41317039
0.40680439
0.40241627
0.37340022
0.36964971
0.3641033
0.3584933
0.35462631
0.3784033
0.37460253
0.36898179
0.36329662
0.3593778
0.38567399
0.3818002
0.37607146
0.37027703
0.36628291
0.39287732
0.38893118
0.38309544
0.37719279
0.37312406
0.39775697
0.39376182
0.38785361
0.38187765
0.37775839
0.35264185
0.34873135
0.34295372
0.33711618
0.33309595
0.35736676
0.35340387
0.34754882
0.34163307
0.33755897
0.36423322
0.36019418
0.35422664
0.34819722
0.34404484
0.37103608
0.36692159
0.36084258
0.35470055
0.35047062
0.37564447
0.37147887
0.36532434
0.35910602
0.35482355
0.33103397
0.32697289
0.32097795
0.31492693
0.31076313
0.33546936
0.33135387
0.3252786
0.31914652
0.31492693
0.34191508
0.3377205
0.3315285
0.3252786
0.32097795
0.34830108
0.34402816
0.3377205
0.33135387
0.32697289
0.35262707
0.34830108
0.34191508
0.33546936
0.33103397
0.35482355
0.35047062
0.34404484
0.33755896
0.33309595
0.35910602
0.35470056
0.34819722
0.34163307
0.33711618
0.36532434
0.36084258
0.35422664
0.34754882
0.34295372
0.37147887
0.36692159
0.36019418
0.35340387
0.34873135
0.37564447
0.37103608
0.36423322
0.35736676
0.35264185
0.37798434
0.37379279
0.36759992
0.36134286
0.35703371
0.38254638
0.37830424
0.37203661
0.36570402
0.36134286
0.38917062
0.38485503
0.37847887
0.37203661
0.36759991
0.39572688
0.39133859
0.38485503
0.37830424
0.37379279
0.40016438
0.39572688
0.38917062
0.38254638
0.37798434
0.40241627
0.3979538
0.39136065
0.38469913
0.38011142
0.40680439
0.40229327
0.39562823
0.38889407
0.38425634
0.41317039
0.40858869
0.40181936
0.39497983
0.39026952
0.41946423
0.41481273
0.40794029
0.40099659
0.39621454
0.42372014
0.41902144
0.41207928
0.40506513
0.40023457
0.37775839
0.37312406
0.36628291
0.35937781
0.35462631
0.38187765
0.37719279
0.37027703
0.36329662
0.3584933
0.38785361
0.38309544
0.37607146
0.36898179
0.36410329
0.39376182
0.38893118
0.3818002
0.37460253
0.36964971
0.39775697
0.39287732
0.38567399
0.3784033
0.37340022
0.39978321
0.39487869
0.38763868
0.38033095
0.37530238
0.4037293
0.39877638
0.3914649
0.38408505
0.37900685
0.40944845
0.40442538
0.39701034
0.38952595
0.38437582
0.41509608
0.41000373
0.40248643
0.39489881
0.38967765
0.41891114
0.41377199
0.40618561
0.39852826
0.39325911
0.42587863
0.421156
0.41417846
0.40712859
0.40227342
0.43008229
0.42531304
0.41826663
0.41114717
0.40624409
0.43617477
0.43133795
0.42419172
0.4169714
0.41199886
0.44219107
0.43728753
0.43004272
0.4227228
0.41768167
0.44625519
0.44130657
0.43399516
0.42660796
0.4215205
0.45094817
0.44641874
0.43972043
0.43294533
0.42827522
0.45539932
0.45082517
0.44406073
0.43721875
0.43250254
0.46185047
0.45721153
0.45035126
0.44341233
0.43862931
0.46822094
0.46351803
0.45656313
0.44952848
0.44467947
0.47252428
0.46777815
0.46075934
0.45366004
0.44876646
0.42610459
0.42182472
0.41549546
0.40909364
0.40468083
0.43075102
0.42642448
0.4200262
0.41355457
0.40909364
0.43749178
0.43309753
0.42659912
0.4200262
0.41549546
0.44415613
0.43969494
0.43309753
0.42642448
0.42182472
0.4486626
0.44415613
0.43749178
0.43075102
0.42610459
0.44876646
0.44467947
0.43862931
0.43250254
0.42827522
0.45366005
0.44952848
0.44341233
0.43721875
0.43294533
0.46075934
0.45656313
0.45035126
0.44406073
0.43972043
0.46777815
0.46351803
0.45721153
0.45082517
0.44641874
0.47252428
0.46822094
0.46185047
0.45539932
0.45094817
0.4749314
0.47060613
0.46420321
0.4577192
0.45324538
0.47961925
0.47525129
0.46878518
0.46223718
0.4577192
0.48641346
0.48198364
0.47542593
0.46878518
0.46420321
0.49312272
0.48863179
0.48198364
0.47525129
0.47060613
0.49765493
0.49312272
0.48641346
0.47961925
0.4749314
