FiniteElementSpace
FiniteElementCollection: L2_2D_P3
VDim: 1
Ordering: 0

0.090552761
0.43331958
0.89927832
1.2828299
0.090552761
0.43331958
0.89927832
1.2828299
0.090552761
0.43331958
0.89927832
1.2828299
0.090552761
0.43331958
0.89927832
1.2828299
1.500474
1.9407636
2.5947387
3.1738392
1.500474
1.9407636
2.5947387
3.1738392
1.500474
1.9407636
2.5947387
3.1738392
1.500474
1.9407636
2.5947387
3.1738392
1.500474
1.9407636
2.5947387
3.1738392
1.500474
1.9407636
2.5947387
3.1738392
1.500474
1.9407636
2.5947387
3.1738392
1.500474
1.9407636
2.5947387
3.1738392
0.090552761
0.43331958
0.89927832
1.2828299
0.090552761
0.43331958
0.89927832
1.2828299
0.090552761
0.43331958
0.89927832
1.2828299
0.090552761
0.43331958
0.89927832
1.2828299
0.090552761
0.43331958
0.89927832
1.2828299
0.090552761
0.43331958
0.89927832
1.2828299
0.090552761
0.43331958
0.89927832
1.2828299
0.090552761
0.43331958
0.89927832
1.2828299
0.090552761
0.43331958
0.89927832
1.2828299
0.090552761
0.43331958
0.89927832
1.2828299
0.090552761
0.43331958
0.89927832
1.2828299
0.090552761
0.43331958
0.89927832
1.2828299
1.500474
1.9407636
2.5947387
3.1738392
1.500474
1.9407636
2.5947387
3.1738392
1.500474
1.9407636
2.5947387
3.1738392
1.500474
1.9407636
2.5947387
3.1738392
1.500474
1.9407636
2.5947387
3.1738392
1.500474
1.9407636
2.5947387
3.1738392
1.500474
1.9407636
2.5947387
3.1738392
1.500474
1.9407636
2.5947387
3.1738392
3.5158417
4.2313119
5.3371824
6.3454979
3.5158417
4.2313119
5.3371824
6.3454979
3.5158417
4.2313119
5.3371824
6.3454979
3.5158417
4.2313119
5.3371824
6.3454979
3.5158417
4.2313119
5.3371824
6.3454979
3.5158417
4.2313119
5.3371824
6.3454979
3.5158417
4.2313119
5.3371824
6.3454979
3.5158417
4.2313119
5.3371824
6.3454979
6.9498562
8.2291959
10.233173
12.077548
6.9498562
8.2291959
10.233173
12.077548
6.9498562
8.2291959
10.233173
12.077548
6.9498562
8.2291959
10.233173
12.077548
6.9498562
8.2291959
10.233173
12.077548
6.9498562
8.2291959
10.233173
12.077548
6.9498562
8.2291959
10.233173
12.077548
6.9498562
8.2291959
10.233173
12.077548
6.9498562
8.2291959
10.233173
12.077548
6.9498562
8.2291959
10.233173
12.077548
6.9498562
8.2291959
10.233173
12.077548
6.9498562
8.2291959
10.233173
12.077548
3.5158417
4.2313119
5.3371824
6.3454979
3.5158417
4.2313119
5.3371824
6.3454979
3.5158417
4.2313119
5.3371824
6.3454979
3.5158417
4.2313119
5.3371824
6.3454979
3.5158417
4.2313119
5.3371824
6.3454979
3.5158417
4.2313119
5.3371824
6.3454979
3.5158417
4.2313119
5.3371824
6.3454979
3.5158417
4.2313119
5.3371824
6.3454979
6.9498562
8.2291959
10.233173
12.077548
6.9498562
8.2291959
10.233173
12.077548
6.9498562
8.2291959
10.233173
12.077548
6.9498562
8.2291959
10.233173
12.077548
13.188114
15.547516
19.258165
22.682755
13.188114
15.547516
19.258165
22.682755
13.188114
15.547516
19.258165
22.682755
13.188114
15.547516
19.258165
22.682755
24.74761
29.139009
36.05341
42.439845
24.74761
29.139009
36.05341
42.439845
24.74761
29.139009
36.05341
42.439845
24.74761
29.139009
36.05341
42.439845
24.74761
29.139009
36.05341
42.439845
24.74761
29.139009
36.05341
42.439845
24.74761
29.139009
36.05341
42.439845
24.74761
29.139009
36.05341
42.439845
13.188114
15.547516
19.258165
22.682755
13.188114
15.547516
19.258165
22.682755
13.188114
15.547516
19.258165
22.682755
13.188114
15.547516
19.258165
22.682755
13.188114
15.547516
19.258165
22.682755
13.188114
15.547516
19.258165
22.682755
13.188114
15.547516
19.258165
22.682755
13.188114
15.547516
19.258165
22.682755
13.188114
15.547516
19.258165
22.682755
13.188114
15.547516
19.258165
22.682755
13.188114
15.547516
19.258165
22.682755
13.188114
15.547516
19.258165
22.682755
24.74761
29.139009
36.05341
42.439845
24.74761
29.139009
36.05341
42.439845
24.74761
29.139009
36.05341
42.439845
24.74761
29.139009
36.05341
42.439845
24.74761
29.139009
36.05341
42.439845
24.74761
29.139009
36.05341
42.439845
24.74761
29.139009
36.05341
42.439845
24.74761
29.139009
36.05341
42.439845
46.292035
54.487029
67.394528
79.319012
46.292035
54.487029
67.394528
79.319012
46.292035
54.487029
67.394528
79.319012
46.292035
54.487029
67.394528
79.319012
46.292035
54.487029
67.394528
79.319012
46.292035
54.487029
67.394528
79.319012
46.292035
54.487029
67.394528
79.319012
46.292035
54.487029
67.394528
79.319012
86.512439
101.81651
125.92304
148.19451
86.512439
101.81651
125.92304
148.19451
86.512439
101.81651
125.92304
148.19451
86.512439
101.81651
125.92304
148.19451
86.512439
101.81651
125.92304
148.19451
86.512439
101.81651
125.92304
148.19451
86.512439
101.81651
125.92304
148.19451
86.512439
101.81651
125.92304
148.19451
86.512439
101.81651
125.92304
148.19451
86.512439
101.81651
125.92304
148.19451
86.512439
101.81651
125.92304
148.19451
86.512439
101.81651
125.92304
148.19451
46.292035
54.487029
67.394528
79.319012
46.292035
54.487029
67.394528
79.319012
46.292035
54.487029
67.394528
79.319012
46.292035
54.487029
67.394528
79.319012
46.292035
54.487029
67.394528
79.319012
46.292035
54.487029
67.394528
79.319012
46.292035
54.487029
67.394528
79.319012
46.292035
54.487029
67.394528
79.319012
86.512439
101.81651
125.92304
148.19451
86.512439
101.81651
125.92304
148.19451
86.512439
101.81651
125.92304
148.19451
86.512439
101.81651
125.92304
148.19451
161.63008
190.21412
235.23868
276.83448
161.63008
190.21412
235.23868
276.83448
161.63008
190.21412
235.23868
276.83448
161.63008
190.21412
235.23868
276.83448
301.92762
355.3101
439.39186
517.06345
301.92762
355.3101
439.39186
517.06345
301.92762
355.3101
439.39186
517.06345
301.92762
355.3101
439.39186
517.06345
301.92762
355.3101
439.39186
517.06345
301.92762
355.3101
439.39186
517.06345
301.92762
355.3101
439.39186
517.06345
301.92762
355.3101
439.39186
517.06345
161.63008
190.21412
235.23868
276.83448
161.63008
190.21412
235.23868
276.83448
161.63008
190.21412
235.23868
276.83448
161.63008
190.21412
235.23868
276.83448
161.63008
190.21412
235.23868
276.83448
161.63008
190.21412
235.23868
276.83448
161.63008
190.21412
235.23868
276.83448
161.63008
190.21412
235.23868
276.83448
161.63008
190.21412
235.23868
276.83448
161.63008
190.21412
235.23868
276.83448
161.63008
190.21412
235.23868
276.83448
161.63008
190.21412
235.23868
276.83448
301.92762
355.3101
439.39186
517.06345
301.92762
355.3101
439.39186
517.06345
301.92762
355.3101
439.39186
517.06345
301.92762
355.3101
439.39186
517.06345
301.92762
355.3101
439.39186
517.06345
301.92762
355.3101
439.39186
517.06345
301.92762
355.3101
439.39186
517.06345
301.92762
355.3101
439.39186
517.06345
563.91861
663.58585
820.55216
965.52586
563.91861
663.58585
820.55216
965.52586
563.91861
663.58585
820.55216
965.52586
563.91861
663.58585
820.55216
965.52586
563.91861
663.58585
820.55216
965.52586
563.91861
663.58585
820.55216
965.52586
563.91861
663.58585
820.55216
965.52586
563.91861
663.58585
820.55216
965.52586
1052.9759
1238.9559
1531.7895
1802.163
1052.9759
1238.9559
1531.7895
1802.163
1052.9759
1238.9559
1531.7895
1802.163
1052.9759
1238.9559
1531.7895
1802.163
1052.9759
1238.9559
1531.7895
1802.163
1052.9759
1238.9559
1531.7895
1802.163
1052.9759
1238.9559
1531.7895
1802.163
1052.9759
1238.9559
1531.7895
1802.163
1052.9759
1238.9559
1531.7895
1802.163
1052.9759
1238.9559
1531.7895
1802.163
1052.9759
1238.9559
1531.7895
1802.163
1052.9759
1238.9559
1531.7895
1802.163
563.91861
663.58585
820.55216
965.52586
563.91861
663.58585
820.55216
965.52586
563.91861
663.58585
820.55216
965.52586
563.91861
663.58585
820.55216
965.52586
563.91861
663.58585
820.55216
965.52586
563.91861
663.58585
820.55216
965.52586
563.91861
663.58585
820.55216
965.52586
563.91861
663.58585
820.55216
965.52586
1052.9759
1238.9559
1531.7895
1802.163
1052.9759
1238.9559
1531.7895
1802.163
1052.9759
1238.9559
1531.7895
1802.163
1052.9759
1238.9559
1531.7895
1802.163
1923.0958
2085.9636
2319.074
2515.2435
1923.0958
2085.9636
2319.074
2515.2435
1923.0958
2085.9636
2319.074
2515.2435
1923.0958
2085.9636
2319.074
2515.2435
1923.0958
2085.9636
2319.074
2515.2435
1923.0958
2085.9636
2319.074
2515.2435
1923.0958
2085.9636
2319.074
2515.2435
1923.0958
2085.9636
2319.074
2515.2435
2626.5068
2848.6226
3166.9922
3433.5943
2626.5068
2848.6226
3166.9922
3433.5943
2626.5068
2848.6226
3166.9922
3433.5943
2626.5068
2848.6226
3166.9922
3433.5943
2626.5068
2848.6226
3166.9922
3433.5943
2626.5068
2848.6226
3166.9922
3433.5943
2626.5068
2848.6226
3166.9922
3433.5943
2626.5068
2848.6226
3166.9922
3433.5943
3584.1673
3891.111
4324.1584
4685.3505
3584.1673
3891.111
4324.1584
4685.3505
3584.1673
3891.111
4324.1584
4685.3505
3584.1673
3891.111
4324.1584
4685.3505
4836.8456
5041.5943
5313.9233
5531.1315
4836.8456
5041.5943
5313.9233
5531.1315
4836.8456
5041.5943
5313.9233
5531.1315
4836.8456
5041.5943
5313.9233
5531.1315
5620.8166
5736.5618
5892.7179
6017.0418
5620.8166
5736.5618
5892.7179
6017.0418
5620.8166
5736.5618
5892.7179
6017.0418
5620.8166
5736.5618
5892.7179
6017.0418
6085.2232
6217.8707
6398.1557
6548.721
6085.2232
6217.8707
6398.1557
6548.721
6085.2232
6217.8707
6398.1557
6548.721
6085.2232
6217.8707
6398.1557
6548.721
6085.2232
6217.8707
6398.1557
6548.721
6085.2232
6217.8707
6398.1557
6548.721
6085.2232
6217.8707
6398.1557
6548.721
6085.2232
6217.8707
6398.1557
6548.721
5620.8166
5736.5618
5892.7179
6017.0418
5620.8166
5736.5618
5892.7179
6017.0418
5620.8166
5736.5618
5892.7179
6017.0418
5620.8166
5736.5618
5892.7179
6017.0418
5620.8166
5736.5618
5892.7179
6017.0418
5620.8166
5736.5618
5892.7179
6017.0418
5620.8166
5736.5618
5892.7179
6017.0418
5620.8166
5736.5618
5892.7179
6017.0418
6085.2232
6217.8707
6398.1557
6548.721
6085.2232
6217.8707
6398.1557
6548.721
6085.2232
6217.8707
6398.1557
6548.721
6085.2232
6217.8707
6398.1557
6548.721
6085.2232
6217.8707
6398.1557
6548.721
6085.2232
6217.8707
6398.1557
6548.721
6085.2232
6217.8707
6398.1557
6548.721
6085.2232
6217.8707
6398.1557
6548.721
5620.8166
5736.5618
5892.7179
6017.0418
5620.8166
5736.5618
5892.7179
6017.0418
5620.8166
5736.5618
5892.7179
6017.0418
5620.8166
5736.5618
5892.7179
6017.0418
4836.8456
5041.5943
5313.9233
5531.1315
4836.8456
5041.5943
5313.9233
5531.1315
4836.8456
5041.5943
5313.9233
5531.1315
4836.8456
5041.5943
5313.9233
5531.1315
4836.8456
5041.5943
5313.9233
5531.1315
4836.8456
5041.5943
5313.9233
5531.1315
4836.8456
5041.5943
5313.9233
5531.1315
4836.8456
5041.5943
5313.9233
5531.1315
5620.8166
5736.5618
5892.7179
6017.0418
5620.8166
5736.5618
5892.7179
6017.0418
5620.8166
5736.5618
5892.7179
6017.0418
5620.8166
5736.5618
5892.7179
6017.0418
6085.2232
6217.8707
6398.1557
6548.721
6085.2232
6217.8707
6398.1557
6548.721
6085.2232
6217.8707
6398.1557
6548.721
6085.2232
6217.8707
6398.1557
6548.721
6085.2232
6217.8707
6398.1557
6548.721
6085.2232
6217.8707
6398.1557
6548.721
6085.2232
6217.8707
6398.1557
6548.721
6085.2232
6217.8707
6398.1557
6548.721
5620.8166
5736.5618
5892.7179
6017.0418
5620.8166
5736.5618
5892.7179
6017.0418
5620.8166
5736.5618
5892.7179
6017.0418
5620.8166
5736.5618
5892.7179
6017.0418
5620.8166
5736.5618
5892.7179
6017.0418
5620.8166
5736.5618
5892.7179
6017.0418
5620.8166
5736.5618
5892.7179
6017.0418
5620.8166
5736.5618
5892.7179
6017.0418
6085.2232
6217.8707
6398.1557
6548.721
6085.2232
6217.8707
6398.1557
6548.721
6085.2232
6217.8707
6398.1557
6548.721
6085.2232
6217.8707
6398.1557
6548.721
6085.2232
6217.8707
6398.1557
6548.721
6085.2232
6217.8707
6398.1557
6548.721
6085.2232
6217.8707
6398.1557
6548.721
6085.2232
6217.8707
6398.1557
6548.721
5620.8166
5736.5618
5892.7179
6017.0418
5620.8166
5736.5618
5892.7179
6017.0418
5620.8166
5736.5618
5892.7179
6017.0418
5620.8166
5736.5618
5892.7179
6017.0418
4836.8456
5041.5943
5313.9233
5531.1315
4836.8456
5041.5943
5313.9233
5531.1315
4836.8456
5041.5943
5313.9233
5531.1315
4836.8456
5041.5943
5313.9233
5531.1315
3584.1673
3891.111
4324.1584
4685.3505
3584.1673
3891.111
4324.1584
4685.3505
3584.1673
3891.111
4324.1584
4685.3505
3584.1673
3891.111
4324.1584
4685.3505
3584.1673
3891.111
4324.1584
4685.3505
3584.1673
3891.111
4324.1584
4685.3505
3584.1673
3891.111
4324.1584
4685.3505
3584.1673
3891.111
4324.1584
4685.3505
4836.8456
5041.5943
5313.9233
5531.1315
4836.8456
5041.5943
5313.9233
5531.1315
4836.8456
5041.5943
5313.9233
5531.1315
4836.8456
5041.5943
5313.9233
5531.1315
5620.8166
5736.5618
5892.7179
6017.0418
5620.8166
5736.5618
5892.7179
6017.0418
5620.8166
5736.5618
5892.7179
6017.0418
5620.8166
5736.5618
5892.7179
6017.0418
6085.2232
6217.8707
6398.1557
6548.721
6085.2232
6217.8707
6398.1557
6548.721
6085.2232
6217.8707
6398.1557
6548.721
6085.2232
6217.8707
6398.1557
6548.721
6085.2232
6217.8707
6398.1557
6548.721
6085.2232
6217.8707
6398.1557
6548.721
6085.2232
6217.8707
6398.1557
6548.721
6085.2232
6217.8707
6398.1557
6548.721
5620.8166
5736.5618
5892.7179
6017.0418
5620.8166
5736.5618
5892.7179
6017.0418
5620.8166
5736.5618
5892.7179
6017.0418
5620.8166
5736.5618
5892.7179
6017.0418
5620.8166
5736.5618
5892.7179
6017.0418
5620.8166
5736.5618
5892.7179
6017.0418
5620.8166
5736.5618
5892.7179
6017.0418
5620.8166
5736.5618
5892.7179
6017.0418
6085.2232
6217.8707
6398.1557
6548.721
6085.2232
6217.8707
6398.1557
6548.721
6085.2232
6217.8707
6398.1557
6548.721
6085.2232
6217.8707
6398.1557
6548.721
6085.2232
6217.8707
6398.1557
6548.721
6085.2232
6217.8707
6398.1557
6548.721
6085.2232
6217.8707
6398.1557
6548.721
6085.2232
6217.8707
6398.1557
6548.721
5620.8166
5736.5618
5892.7179
6017.0418
5620.8166
5736.5618
5892.7179
6017.0418
5620.8166
5736.5618
5892.7179
6017.0418
5620.8166
5736.5618
5892.7179
6017.0418
4836.8456
5041.5943
5313.9233
5531.1315
4836.8456
5041.5943
5313.9233
5531.1315
4836.8456
5041.5943
5313.9233
5531.1315
4836.8456
5041.5943
5313.9233
5531.1315
4836.8456
5041.5943
5313.9233
5531.1315
4836.8456
5041.5943
5313.9233
5531.1315
4836.8456
5041.5943
5313.9233
5531.1315
4836.8456
5041.5943
5313.9233
5531.1315
5620.8166
5736.5618
5892.7179
6017.0418
5620.8166
5736.5618
5892.7179
6017.0418
5620.8166
5736.5618
5892.7179
6017.0418
5620.8166
5736.5618
5892.7179
6017.0418
