MFEM mesh v1.0

#
# MFEM Geometry Types (see mesh/geom.hpp):
#
# POINT       = 0
# SEGMENT     = 1
# TRIANGLE    = 2
# SQUARE      = 3
# TETRAHEDRON = 4
# CUBE        = 5
# PRISM       = 6
#

dimension
2

elements
182
1 3 30 33 34 35
1 3 31 30 35 29
1 3 29 35 36 37
1 3 37 36 27 28
1 3 36 38 26 27
1 3 35 34 38 36
1 3 34 39 40 38
1 3 38 40 25 26
1 3 40 41 42 43
1 3 43 42 23 25
1 3 42 44 24 23
1 3 41 45 44 42
1 3 46 47 45 41
1 3 48 46 41 40
1 3 39 49 46 48
1 3 49 50 47 46
1 3 51 52 50 49
1 3 53 54 52 51
1 3 55 53 51 56
1 3 56 51 49 39
1 3 33 55 39 34
1 3 32 57 55 33
1 3 57 58 59 60
1 3 60 59 53 55
1 3 59 61 54 53
1 3 58 62 61 59
1 3 62 63 64 61
1 3 63 65 66 64
1 3 64 66 67 68
1 3 61 64 68 54
1 3 54 68 69 52
1 3 52 69 70 50
1 3 69 71 72 70
1 3 68 67 71 69
1 3 67 73 74 72
1 3 65 75 73 67
1 3 75 76 77 78
1 3 78 77 79 73
1 3 77 80 81 79
1 3 76 82 80 77
1 3 82 83 84 80
1 3 83 85 86 84
1 3 84 86 87 88
1 3 80 84 88 81
1 3 81 88 89 90
1 3 88 87 91 89
1 3 89 91 92 93
1 3 90 89 93 94
1 3 95 90 94 96
1 3 79 81 90 95
1 3 73 79 95 97
1 3 97 95 96 74
1 3 74 96 98 99
1 3 99 98 100 101
1 3 98 102 103 100
1 3 96 94 102 98
1 3 94 93 104 102
1 3 93 92 105 104
1 3 104 105 106 107
1 3 102 104 107 103
1 3 103 107 108 109
1 3 107 106 110 108
1 3 108 110 111 112
1 3 109 108 112 113
1 3 114 109 113 115
1 3 100 103 109 114
1 3 101 100 114 116
1 3 116 114 115 117
1 3 118 101 117 119
1 3 72 74 101 118
1 3 120 121 118 122
1 3 70 72 121 120
1 3 50 70 120 47
1 3 47 120 122 45
1 3 45 122 123 44
1 3 122 118 124 123
1 3 123 124 119 125
1 3 44 123 125 24
1 3 24 125 126 22
1 3 22 126 127 21
1 3 126 128 129 127
1 3 125 119 128 126
1 3 119 117 130 129
1 3 129 130 131 132
1 3 133 134 132 135
1 3 127 129 134 133
1 3 21 127 133 20
1 3 20 133 135 19
1 3 19 135 136 18
1 3 135 132 137 136
1 3 136 137 138 139
1 3 18 136 139 17
1 3 17 139 140 16
1 3 16 140 14 15
1 3 140 141 13 14
1 3 139 138 141 140
1 3 138 142 12 13
1 3 132 131 142 138
1 3 131 143 144 145
1 3 143 146 147 144
1 3 144 147 148 149
1 3 145 144 149 142
1 3 142 149 150 151
1 3 151 150 11 12
1 3 150 152 10 11
1 3 149 148 152 150
1 3 148 153 154 152
1 3 152 154 9 10
1 3 154 155 8 9
1 3 153 156 155 154
1 3 157 158 156 153
1 3 147 157 153 148
1 3 146 159 157 147
1 3 159 160 158 157
1 3 161 162 160 159
1 3 163 164 162 161
1 3 165 163 161 166
1 3 166 161 159 146
1 3 167 166 146 143
1 3 168 167 143 131
1 3 130 169 167 168
1 3 169 165 166 167
1 3 170 171 165 169
1 3 172 170 169 130
1 3 117 115 170 172
1 3 115 113 171 170
1 3 113 112 173 171
1 3 171 173 163 165
1 3 173 174 164 163
1 3 112 111 174 173
1 3 111 175 176 174
1 3 174 176 177 164
1 3 176 178 179 177
1 3 175 180 178 176
1 3 180 181 182 178
1 3 181 183 184 182
1 3 182 184 185 186
1 3 178 182 186 179
1 3 179 186 187 188
1 3 186 185 189 187
1 3 187 189 190 191
1 3 188 187 191 192
1 3 193 188 192 194
1 3 177 179 188 193
1 3 164 177 193 162
1 3 162 193 194 160
1 3 160 194 195 158
1 3 194 192 196 195
1 3 195 196 197 198
1 3 158 195 198 156
1 3 156 198 199 155
1 3 155 199 7 8
1 3 199 200 6 7
1 3 198 197 200 199
1 3 197 201 202 200
1 3 200 202 5 6
1 3 202 203 4 5
1 3 201 204 203 202
1 3 205 206 204 201
1 3 196 205 201 197
1 3 192 191 205 196
1 3 191 190 206 205
1 3 190 207 208 206
1 3 207 209 210 208
1 3 208 210 211 212
1 3 206 208 212 204
1 3 204 212 213 203
1 3 203 213 3 4
1 3 213 214 2 3
1 3 212 211 214 213
1 3 211 215 216 214
1 3 214 216 0 2
1 3 216 217 1 0
1 3 215 218 217 216
1 3 219 220 218 215
1 3 210 219 215 211
1 3 209 221 219 210
1 3 221 222 220 219
1 3 223 224 222 221
1 3 225 226 224 223
1 3 227 225 223 228
1 3 228 223 221 209

boundary
72
2 1 217 1
2 1 218 217
2 1 220 218
2 1 222 220
2 1 224 222
2 1 226 224
12 1 30 33
12 1 31 30
12 1 27 28
12 1 26 27
12 1 25 26
12 1 23 25
12 1 24 23
12 1 32 57
12 1 33 32
12 1 57 58
12 1 58 62
12 1 62 63
12 1 63 65
12 1 65 75
12 1 75 76
12 1 76 82
12 1 82 83
12 1 83 85
12 1 85 86
12 1 86 87
12 1 87 91
12 1 91 92
12 1 92 105
12 1 105 106
12 1 106 110
12 1 110 111
12 1 22 24
12 1 21 22
12 1 20 21
12 1 19 20
12 1 18 19
12 1 17 18
12 1 16 17
12 1 14 15
12 1 15 16
12 1 13 14
12 1 12 13
12 1 11 12
12 1 10 11
12 1 9 10
12 1 8 9
12 1 111 175
12 1 175 180
12 1 180 181
12 1 181 183
12 1 183 184
12 1 184 185
12 1 185 189
12 1 189 190
12 1 7 8
12 1 6 7
12 1 5 6
12 1 4 5
12 1 190 207
12 1 207 209
12 1 3 4
12 1 2 3
12 1 0 2
12 1 1 0
12 1 225 226
12 1 227 225
12 1 228 227
12 1 209 228
12 1 37 29
12 1 28 37
12 1 29 31

vertices
229
2
0.99804688 0.3125
1 0.3125
0.99609375 0.3125
0.99414062 0.3125
0.9921875 0.3125
0.99023438 0.3125
0.98828125 0.3125
0.98632812 0.3125
0.984375 0.3125
0.98242188 0.3125
0.98046875 0.3125
0.97851562 0.3125
0.9765625 0.3125
0.97265625 0.3125
0.97070312 0.3125
0.96875 0.3125
0.96875 0.30859375
0.96875 0.3046875
0.96875 0.30078125
0.96875 0.296875
0.96875 0.29296875
0.96875 0.2890625
0.96875 0.28515625
0.96679688 0.28125
0.96875 0.28125
0.96484375 0.28125
0.9609375 0.28125
0.95703125 0.28125
0.953125 0.28125
0.953125 0.265625
0.95703125 0.2578125
0.953125 0.2578125
0.9609375 0.25
0.9609375 0.2578125
0.9609375 0.265625
0.95703125 0.265625
0.95703125 0.2734375
0.953125 0.2734375
0.9609375 0.2734375
0.96484375 0.265625
0.96484375 0.2734375
0.96679688 0.2734375
0.96679688 0.27734375
0.96484375 0.27734375
0.96875 0.27734375
0.96875 0.2734375
0.96679688 0.26953125
0.96875 0.26953125
0.96484375 0.26953125
0.96679688 0.265625
0.96875 0.265625
0.96679688 0.26171875
0.96875 0.26171875
0.96679688 0.2578125
0.96875 0.2578125
0.96484375 0.2578125
0.96484375 0.26171875
0.96484375 0.25
0.96679688 0.25
0.96679688 0.25390625
0.96484375 0.25390625
0.96875 0.25390625
0.96875 0.25
0.97070312 0.25
0.97070312 0.25390625
0.97265625 0.25
0.97265625 0.25390625
0.97265625 0.2578125
0.97070312 0.2578125
0.97070312 0.26171875
0.97070312 0.265625
0.97265625 0.26171875
0.97265625 0.265625
0.9765625 0.2578125
0.9765625 0.265625
0.9765625 0.25
0.97851562 0.25
0.97851562 0.25390625
0.9765625 0.25390625
0.97851562 0.2578125
0.98046875 0.25390625
0.98046875 0.2578125
0.98046875 0.25
0.98242188 0.25
0.98242188 0.25390625
0.984375 0.25
0.984375 0.25390625
0.984375 0.2578125
0.98242188 0.2578125
0.98242188 0.26171875
0.98046875 0.26171875
0.984375 0.26171875
0.984375 0.265625
0.98242188 0.265625
0.98046875 0.265625
0.97851562 0.26171875
0.97851562 0.265625
0.9765625 0.26171875
0.97851562 0.26953125
0.9765625 0.26953125
0.97851562 0.2734375
0.9765625 0.2734375
0.98046875 0.26953125
0.98046875 0.2734375
0.98242188 0.26953125
0.984375 0.26953125
0.984375 0.2734375
0.98242188 0.2734375
0.98242188 0.27734375
0.98046875 0.27734375
0.984375 0.27734375
0.984375 0.28125
0.98242188 0.28125
0.98046875 0.28125
0.97851562 0.27734375
0.97851562 0.28125
0.9765625 0.27734375
0.9765625 0.28125
0.97265625 0.2734375
0.97265625 0.28125
0.97070312 0.26953125
0.97265625 0.26953125
0.97070312 0.2734375
0.97070312 0.27734375
0.97265625 0.27734375
0.97070312 0.28125
0.97070312 0.28515625
0.97070312 0.2890625
0.97265625 0.28515625
0.97265625 0.2890625
0.9765625 0.2890625
0.9765625 0.296875
0.97265625 0.296875
0.97070312 0.29296875
0.97265625 0.29296875
0.97070312 0.296875
0.97070312 0.30078125
0.97265625 0.30078125
0.97265625 0.3046875
0.97070312 0.3046875
0.97070312 0.30859375
0.97265625 0.30859375
0.9765625 0.3046875
0.97851562 0.296875
0.97851562 0.30078125
0.9765625 0.30078125
0.98046875 0.296875
0.98046875 0.30078125
0.98046875 0.3046875
0.97851562 0.3046875
0.97851562 0.30859375
0.9765625 0.30859375
0.98046875 0.30859375
0.98242188 0.3046875
0.98242188 0.30859375
0.984375 0.30859375
0.984375 0.3046875
0.98242188 0.30078125
0.984375 0.30078125
0.98242188 0.296875
0.984375 0.296875
0.98242188 0.29296875
0.984375 0.29296875
0.98242188 0.2890625
0.984375 0.2890625
0.98046875 0.2890625
0.98046875 0.29296875
0.97851562 0.29296875
0.9765625 0.29296875
0.97851562 0.2890625
0.97851562 0.28515625
0.98046875 0.28515625
0.9765625 0.28515625
0.98242188 0.28515625
0.984375 0.28515625
0.98632812 0.28125
0.98632812 0.28515625
0.98632812 0.2890625
0.98828125 0.28515625
0.98828125 0.2890625
0.98828125 0.28125
0.99023438 0.28125
0.99023438 0.28515625
0.9921875 0.28125
0.9921875 0.28515625
0.9921875 0.2890625
0.99023438 0.2890625
0.99023438 0.29296875
0.98828125 0.29296875
0.9921875 0.29296875
0.9921875 0.296875
0.99023438 0.296875
0.98828125 0.296875
0.98632812 0.29296875
0.98632812 0.296875
0.98632812 0.30078125
0.98828125 0.30078125
0.98828125 0.3046875
0.98632812 0.3046875
0.98632812 0.30859375
0.98828125 0.30859375
0.99023438 0.3046875
0.99023438 0.30859375
0.9921875 0.30859375
0.9921875 0.3046875
0.99023438 0.30078125
0.9921875 0.30078125
0.99414062 0.296875
0.99414062 0.30078125
0.99609375 0.296875
0.99609375 0.30078125
0.99609375 0.3046875
0.99414062 0.3046875
0.99414062 0.30859375
0.99609375 0.30859375
0.99804688 0.3046875
0.99804688 0.30859375
1 0.30859375
1 0.3046875
0.99804688 0.30078125
1 0.30078125
0.99804688 0.296875
1 0.296875
0.99804688 0.29296875
1 0.29296875
0.99804688 0.2890625
1 0.2890625
0.99609375 0.2890625
0.99609375 0.29296875
