FiniteElementSpace
FiniteElementCollection: L2_2D_P2
VDim: 1
Ordering: 0

0.47785316
0.43854963
0.39668931
0.43854962
0.40246677
0.36404965
0.3966893
0.36404965
0.32931154
0.37122627
0.32587677
0.27861924
0.34069315
0.29906323
0.25569657
0.30817203
0.27051629
0.23129992
0.2883888
0.25316272
0.21645244
0.25316272
0.22223065
0.19000597
0.21645243
0.19000597
0.16246296
0.37122627
0.34069315
0.30817203
0.32587677
0.29906323
0.27051628
0.27861924
0.25569656
0.23129991
0.25033102
0.22974368
0.20781539
0.20068372
0.18417295
0.16659437
0.14985036
0.1375223
0.12439924
0.11982219
0.10996658
0.099470511
0.067774435
0.06219834
0.05626184
0.015278345
0.01402089
0.012682064
0.093084971
0.081715231
0.069865604
0.052652529
0.046218908
0.039516748
0.011867459
0.010417135
0.0089061729
0.1944751
0.17072249
0.14596645
0.15590769
0.13685808
0.11701192
0.11641264
0.10218943
0.087375251
0.13114375
0.10513659
0.078502012
0.10513659
0.084281107
0.062930102
0.078502023
0.062930114
0.046991457
0.062770311
0.050322693
0.037574101
0.035506264
0.02846269
0.021251966
0.0080012734
0.0064138892
0.0047888995
0.030043292
0.016994477
0.0038289096
0.016994481
0.0096118835
0.0021656021
0.0038289034
0.0021655947
0.00048793302
0.062770281
0.035506236
0.0080012587
0.050322669
0.028462674
0.0064138839
0.037574097
0.02125196
0.0047889085
0.093084973
0.052652527
0.011867449
0.081715226
0.046218891
0.01041712
0.069865581
0.039516721
0.0089061561
0.19447511
0.15590768
0.11641263
0.17072249
0.13685807
0.10218943
0.14596645
0.11701192
0.087375248
0.25033103
0.20068373
0.14985036
0.22974369
0.18417296
0.1375223
0.2078154
0.16659437
0.12439924
0.11982219
0.067774434
0.015278348
0.10996657
0.062198341
0.014020889
0.099470513
0.056261842
0.012682059
