FiniteElementSpace
FiniteElementCollection: L2_2D_P2
VDim: 1
Ordering: 0

0.022101809
0.098012127
0.17329686
0.022000779
0.097564533
0.17250515
0.021772444
0.09655261
0.17071582
0.021581215
0.095705849
0.16921727
0.021154729
0.093815943
0.16587521
0.020605809
0.091383341
0.16157355
0.21161883
0.28338445
0.35352911
0.20744025
0.27778872
0.34654553
0.20206218
0.27058625
0.33755659
0.21671908
0.29021305
0.36205472
0.21572931
0.28888777
0.36040018
0.21349239
0.28589154
0.35666089
0.40295942
0.47127681
0.53689861
0.40111918
0.46912464
0.53444506
0.39696028
0.46425898
0.52889991
0.57370943
0.63422615
0.691106
0.5710895
0.63132985
0.68794767
0.56516841
0.62478194
0.68080969
0.56020812
0.61930311
0.67483236
0.54914514
0.60707394
0.66150452
0.53490679
0.5913334
0.64434739
0.39347641
0.46018775
0.52425595
0.3857065
0.45110073
0.51390069
0.375706
0.43940463
0.50057129
0.36887067
0.43141853
0.49146515
0.35546716
0.41574449
0.47361246
0.34000928
0.39766415
0.45301437
0.52517442
0.58058578
0.63262703
0.50609068
0.55949031
0.60964927
0.48408578
0.53515631
0.58313452
0.46995856
0.51955141
0.56611868
0.44359212
0.49040051
0.53436809
0.41466783
0.4584104
0.49950982
0.33008544
0.38606867
0.43979608
0.31156553
0.36440727
0.41513137
0.29124794
0.34063557
0.38805157
0.17753007
0.23774473
0.29656858
0.16757082
0.22440778
0.27993512
0.15664259
0.20977152
0.26167574
0.19838676
0.26566843
0.33141493
0.19117942
0.25601716
0.31937375
0.18286643
0.24488459
0.30548274
0.020230724
0.089722331
0.15863421
0.019495241
0.086462678
0.15287074
0.018646887
0.082702728
0.14622223
0.018102405
0.080291228
0.14195531
0.01708632
0.075786913
0.13399257
0.015971241
0.070843842
0.12525268
