FiniteElementSpace
FiniteElementCollection: L2_2D_P4
VDim: 1
Ordering: 0

3.585864413365978e+106
-2.75515432058133e+106
-9.521652690552337e+106
-1.330176663658416e+107
-1.457764704245353e+107
-6.836401044564561e+107
-6.192171217745926e+107
-5.152588363547247e+107
-4.428118197078947e+107
-4.174242546152061e+107
3.988384283787799e+107
6.074983802691115e+107
7.420298434927939e+107
7.692599252808493e+107
7.581723162357062e+107
6.887793307165189e+107
4.171331052060917e+107
2.070856844719673e+106
-1.984804469313924e+107
-2.150659797716006e+107
1.568539392496693e+107
-2.013718560986137e+107
-9.148707487599261e+106
4.090664191529129e+107
5.383260632510822e+107
