FiniteElementSpace
FiniteElementCollection: L2_2D_P3
VDim: 1
Ordering: 0

1.344789513755274e+136
-3.373941077947774e+135
-3.990916655546203e+136
-4.987140080107013e+136
1.238175797641692e+136
-8.402448477210313e+135
-4.555154600619938e+136
-4.318874579651557e+136
1.132193580234776e+136
-1.306219812251866e+136
-4.870884393989391e+136
-3.359461213602995e+136
1.092401149087242e+136
-1.461379876670501e+136
-4.925961461496891e+136
-2.974699721684179e+136
1.246009889313252e+136
1.389274295223548e+136
3.057960368831002e+135
-1.384401864671987e+136
1.399062594146925e+136
1.138263043297857e+136
-8.549225871597006e+135
-3.104381020492991e+136
1.452386946323027e+136
5.305542963104836e+135
-2.483512479628883e+136
-4.745764581141309e+136
1.389565305722803e+136
-3.23556531059891e+134
-3.557878085979224e+136
-5.112290146638154e+136
1.746115014509945e+133
-1.285153415587046e+135
3.025116932722809e+135
9.222205103274306e+135
-5.113113696928042e+133
-1.176962334079504e+135
4.439703990351598e+135
1.115654874713376e+136
-1.35550156858279e+134
-9.686906509544933e+134
6.101480786500143e+135
1.300273617652956e+136
-1.81268797511147e+134
-8.120725908218293e+134
7.205727676290603e+135
1.370516114497191e+136
-2.035255178896765e+134
-7.285335682121424e+134
7.694560028713478e+135
1.392021747647168e+136
-2.2997103231615e+134
-6.050609516378605e+134
8.461433296301397e+135
1.393464938459037e+136
-2.607197077689716e+134
-4.75848223344361e+134
9.050171598730099e+135
1.386148388404607e+136
-2.716451842213412e+134
-4.308075956794159e+134
9.22315223964036e+135
1.381616082344486e+136
