FiniteElementSpace
FiniteElementCollection: L2_2D_P3
VDim: 1
Ordering: 0

-8099.5862
-7430.4287
-6644.6063
-6102.6211
-8099.5781
-7430.4304
-6644.6064
-6102.6184
-8099.5797
-7430.43
-6644.6063
-6102.619
-8099.5788
-7430.4304
-6644.6063
-6102.6188
-8099.6262
-7430.3924
-6644.6242
-6102.6053
-8099.6264
-7430.3927
-6644.624
-6102.6054
-8099.6292
-7430.392
-6644.6244
-6102.6052
-8099.6246
-7430.3932
-6644.6232
-6102.6065
-11313.956
-10363.899
-9252.7948
-8478.9089
-11313.998
-10363.884
-9252.802
-8478.9049
-11314.276
-10363.814
-9252.8359
-8478.8839
-11314.414
-10363.802
-9252.838
-8478.8904
-13671.417
-13007.623
-12263.484
-11759.168
-13671.378
-13007.646
-12263.48
-11759.136
-13671.519
-13007.612
-12263.487
-11759.123
-13670.129
-13008.401
-12263.166
-11758.407
-14340.281
-15559.13
-14485.595
-13908.223
-14340.571
-15558.994
-14485.652
-13908.216
-14339.099
-15559.221
-14485.632
-13908.138
-14355.91
-15553.313
-14485.784
-13910.268
-14348.449
-15554.598
-14493.131
-13889.459
-14347.738
-15554.721
-14493.062
-13889.484
-14348.01
-15554.695
-14493.071
-13889.479
-14348.389
-15554.618
-14493.123
-13889.47
-13683.531
-13006.07
-12263.975
-11759.505
-13683.579
-13006.078
-12263.936
-11759.572
-13683.585
-13006.066
-12263.948
-11759.557
-13683.503
-13006.095
-12263.944
-11759.54
-13663.645
-13011.092
-12258.716
-11770.95
-13663.647
-13011.098
-12258.701
-11770.972
-13663.643
-13011.098
-12258.714
-11770.943
-13663.694
-13011.098
-12258.677
-11771.024
-13662.152
-13011.987
-12258.252
-11770.465
-13663.739
-13011.08
-12258.71
-11770.977
-13663.661
-13011.096
-12258.715
-11770.942
-13663.644
-13011.096
-12258.714
-11770.947
-14354.078
-15555.085
-14482.613
-13919.039
-14337.307
-15561.054
-14482.556
-13916.65
-14338.65
-15560.843
-14482.588
-13916.666
-14338.804
-15560.857
-14482.592
-13916.665
-14338.724
-15560.845
-14482.59
-13916.674
-14338.46
-15560.878
-14482.57
-13916.699
-14338.359
-15560.864
-14482.578
-13916.697
-14338.405
-15560.937
-14482.531
-13916.693
-14800.497
-19809.203
-15302.448
-20856.522
-14800.123
-19809.352
-15302.233
-20857.019
-14799.734
-19809.526
-15302.092
-20857.263
-14804.836
-19806.975
-15303.182
-20856.445
-14798.882
-19810.334
-15301.748
-20852.355
-14798.788
-19810.21
-15301.041
-20858.452
-14800.519
-19809.006
-15302.738
-20856.704
-14800.61
-19809.255
-15302.364
-20856.305
-28032.037
-27351.405
-19525.026
-25955.493
-28037.294
-27347.014
-19527.354
-25954.106
-28040.623
-27344.254
-19529.205
-25951.762
-28038.882
-27345.319
-19528.653
-25951.896
-28039.418
-27344.961
-19528.802
-25951.957
-28039.272
-27345.146
-19528.603
-25952.41
-28039.411
-27345.201
-19528.573
-25952.651
-28033.981
-27346.492
-19526.98
-25951.845
-30338.438
-26153.727
-21489.062
-21170.747
-30328.95
-26156.184
-21486.093
-21169.546
-30331.585
-26155.473
-21486.916
-21169.844
-30335.888
-26154.315
-21488.322
-21170.38
-18146.027
-19143.722
-15605.857
-20668.342
-18154.476
-19140.123
-15606.963
-20668.569
-18152.23
-19141.071
-15606.724
-20668.374
-18148.282
-19142.739
-15606.244
-20668.127
-14805.777
-19806.275
-15303.513
-20855.251
-14798.289
-19809.802
-15302.599
-20855.977
-14798.699
-19809.904
-15301.265
-20857.635
-14797.799
-19810.551
-15301.856
-20851.393
-28030.269
-27347.56
-19525.675
-25952.94
-28041.283
-27344.043
-19529.24
-25953.112
-28035.086
-27347.525
-19526.456
-25955.444
-28031.261
-27351.477
-19524.612
-25956.753
-29240.734
-21997.371
-18261.196
-16842.168
-29239.553
-21998.594
-18260.402
-16840.927
-29240.004
-21998.255
-18260.644
-16841.157
-29239.86
-21997.705
-18261.106
-16840.934
-16368.657
-15425.877
-14535.245
-13908.604
-16394.728
-15417.705
-14535.219
-13911.564
-16386.231
-15419.739
-14535.258
-13910.76
-16390.3
-15418.563
-14535.258
-13911.187
-13579.366
-13020.033
-12292.611
-11752.22
-13577.694
-13021.172
-12292.178
-11751.047
-13578.284
-13020.876
-12292.28
-11751.291
-13578.022
-13021.04
-12292.218
-11751.132
-13574.111
-13021.927
-12291.801
-11751.402
-13574.068
-13021.926
-12291.804
-11751.415
-13573.942
-13021.947
-12291.796
-11751.458
-13574.846
-13021.24
-12292.132
-11752.14
-16388.269
-15419.864
-14533.742
-13915.633
-16388.719
-15419.903
-14533.739
-13915.634
-16389.385
-15419.955
-14533.683
-13915.725
-16379.27
-15424.033
-14533.989
-13914.009
-15040.671
-15425.825
-14530.764
-13914.284
-15023.828
-15433.223
-14530.885
-13911.901
-15029.768
-15431.291
-14530.827
-13912.505
-15020.774
-15433.374
-14530.603
-13911.806
