FiniteElementSpace
FiniteElementCollection: L2_2D_P5
VDim: 1
Ordering: 0

0.99793105
0.9958258
0.98688939
0.96863709
0.94537857
0.92701209
0.9958258
0.99370768
0.98479094
0.96657868
0.94337028
0.9250429
0.9868894
0.98479094
0.97595783
0.95791291
0.9349149
0.91675222
0.96863709
0.96657868
0.95791292
0.94020665
0.91763619
0.89980912
0.94537859
0.9433703
0.93491491
0.91763619
0.89560735
0.87820593
0.92701209
0.9250429
0.91675219
0.8998091
0.87820593
0.86114001
0.91688341
0.89460085
0.85484761
0.80289047
0.75101262
0.71498977
0.91493578
0.89270042
0.85303104
0.80118474
0.74941834
0.71347287
0.90673589
0.8846986
0.84538256
0.79400329
0.74270624
0.70708623
0.88997721
0.86834393
0.82975202
0.77932929
0.72899138
0.69403552
0.86860819
0.84749089
0.80982663
0.76062632
0.71151028
0.67739945
0.85172754
0.83101972
0.79409144
0.74585783
0.69770552
0.66426052
0.84241767
0.8219366
0.7854152
0.73771479
0.69009328
0.65701476
0.8219366
0.80195607
0.76633119
0.71980343
0.67334771
0.64107358
0.7854152
0.76633119
0.73230742
0.68786683
0.64348149
0.6126363
0.7377148
0.71980344
0.68786684
0.64613794
0.60444193
0.57545812
0.6900933
0.67334772
0.6434815
0.60444192
0.56542231
0.53829824
0.65701477
0.64107358
0.61263629
0.57545811
0.53829824
0.51246909
0.91688336
0.91493572
0.90673583
0.88997718
0.86860819
0.85172754
0.89460076
0.89270035
0.88469857
0.86834393
0.8474909
0.83101973
0.85484764
0.85303108
0.84538259
0.82975204
0.80982663
0.79409144
0.80289049
0.80118476
0.7940033
0.77932929
0.76062632
0.74585783
0.75101262
0.74941834
0.74270624
0.7289914
0.71151031
0.69770554
0.71498981
0.71347291
0.70708627
0.69403556
0.67739947
0.66426054
