FiniteElementSpace
FiniteElementCollection: L2_2D_P4
VDim: 1
Ordering: 0

0.49986682
0.51725379
0.54149295
0.56421957
0.57883717
0.48116373
0.49790011
0.52123209
0.54310802
0.55717847
0.45265081
0.4683955
0.49034482
0.51092413
0.52416049
0.42287321
0.43758213
0.4580876
0.47731312
0.48967865
0.40185473
0.41583244
0.43531866
0.45358865
0.46533961
0.58600696
0.5994784
0.61779144
0.63437812
0.64468885
0.56407991
0.5770472
0.59467503
0.61064126
0.62056636
0.5306528
0.54285138
0.55943431
0.57445427
0.58379124
0.49574379
0.50713968
0.52263132
0.53666283
0.54538536
0.4711033
0.48193276
0.49665431
0.5099882
0.51827704
0.45829077
0.46882574
0.48314693
0.49611818
0.50418155
0.4327357
0.44268322
0.45620589
0.46845388
0.47606763
0.39430566
0.40336966
0.41569131
0.42685155
0.43378915
0.35477488
0.36292995
0.37401601
0.38405716
0.39029911
0.32720432
0.33472548
0.34494979
0.35421039
0.35996712
0.39092571
0.40452319
0.42347936
0.44125244
0.45268382
0.36912759
0.38196669
0.39986562
0.4166475
0.42744141
0.3363476
0.34804625
0.36435527
0.37964648
0.38948162
0.30262855
0.31315418
0.32782784
0.3415857
0.35043459
0.27911106
0.28881864
0.30235182
0.31504032
0.3232014
0.26696819
0.2762534
0.28919775
0.30133415
0.30914011
0.24291346
0.25136203
0.26313999
0.27418277
0.2812853
0.2071254
0.21432934
0.22437216
0.23378806
0.2398442
0.17075787
0.17669704
0.1849767
0.1927395
0.19773239
0.14564243
0.15070809
0.15777002
0.16439114
0.16864973
0.13275097
0.13736824
0.14380509
0.14984014
0.15372179
0.10736151
0.11109571
0.11630148
0.1211823
0.12432157
0.06993827
0.072370844
0.075762045
0.078941568
0.080986583
0.032319445
0.033443575
0.035010703
0.036480013
0.037425049
0.006572065
0.0068006521
0.0071193203
0.0074180966
0.0076102648
0.15562569
0.15920294
0.16406585
0.16847037
0.17120836
0.12586133
0.12875442
0.13268729
0.13624942
0.13846377
0.081989637
0.083874286
0.086436275
0.088756763
0.090199254
0.037888578
0.038759507
0.039943448
0.041015788
0.041682391
0.0077045208
0.0078816197
0.0081223681
0.0083404229
0.0084759736
0.31296885
0.32016273
0.32994212
0.33879973
0.34430594
0.28476901
0.2913146
0.30021268
0.30827203
0.313282
0.24281465
0.24839586
0.25598293
0.26285482
0.26712662
0.20018133
0.20478266
0.21103769
0.21670308
0.22022486
0.17073851
0.17466314
0.17999827
0.18483048
0.18783433
0.34694327
0.35176934
0.35800787
0.36324617
0.36624092
0.31568164
0.32007276
0.32574904
0.33051522
0.33324005
0.26917269
0.2729168
0.27775669
0.28182058
0.28414391
0.22191169
0.22499843
0.22898855
0.2323389
0.23425431
0.18927309
0.19190588
0.1953092
0.19816683
0.19980054
0.17251978
0.17491955
0.17802166
0.18062639
0.18211551
0.13952438
0.14146518
0.14397401
0.14608057
0.1472849
0.090890169
0.092154473
0.0937888
0.095161086
0.095945623
0.042001675
0.042585932
0.043341184
0.043975342
0.044337891
0.0085408986
0.0086597044
0.0088132813
0.0089422344
0.0090159573
0.18278406
0.18391414
0.18513625
0.1858411
0.18602414
0.14782559
0.14873954
0.14972791
0.15029796
0.15044599
0.096297848
0.096893224
0.097537085
0.097908433
0.098004868
0.044500661
0.044775795
0.045073336
0.045244943
0.045289508
0.0090490557
0.0091050031
0.0091655066
0.0092004024
0.0092094636
0.36758544
0.36985812
0.37231589
0.37373341
0.37410152
0.3344634
0.33653124
0.3387675
0.34005726
0.34039219
0.28518699
0.28695013
0.28885686
0.28995657
0.29024215
0.23511424
0.23656781
0.23813976
0.23904638
0.23928182
0.20053401
0.20177381
0.20311457
0.20388786
0.20408868
0.53827236
0.54160053
0.54519974
0.5472756
0.54781467
0.50825723
0.51139975
0.5147982
0.51675826
0.51726726
0.46312012
0.46598356
0.46908019
0.47086617
0.47132997
0.41668922
0.41926557
0.42205174
0.42365867
0.42407597
0.38430583
0.38668192
0.38925152
0.39073354
0.3911184
0.50804369
0.51511104
0.52424683
0.53191786
0.53630342
0.47971441
0.48638765
0.49501395
0.50225715
0.50639811
0.43711208
0.4431927
0.45105294
0.4576529
0.46142611
0.39328884
0.39875977
0.4058319
0.41177014
0.41516504
0.36272445
0.3677701
0.37429248
0.37976912
0.38290013
0.64962737
0.65866431
0.67034594
0.68015444
0.68576191
0.6253202
0.63401922
0.64526408
0.6547059
0.66010375
0.58826341
0.59644704
0.60702577
0.61590833
0.62098649
0.54956324
0.55720838
0.56709108
0.57538928
0.58013338
0.52224718
0.52951217
0.53890346
0.54678905
0.55129728
0.68827941
0.6925348
0.69713671
0.69979084
0.70048008
0.66252715
0.66662348
0.67105337
0.6736083
0.67427178
0.62326637
0.6271201
0.63128767
0.63369131
0.6343155
0.5822633
0.58586355
0.589757
0.59200255
0.59258569
0.5533213
0.55674255
0.56044244
0.56257635
0.5631305
