FiniteElementSpace
FiniteElementCollection: L2_2D_P4
VDim: 1
Ordering: 0

7.394770039177202e+115
1.345286635459694e+116
4.256891713535542e+115
-1.231132119498212e+116
1.269861226942838e+115
1.345286635459912e+116
1.152835502437151e+116
-2.226115006622017e+115
-1.228198823845999e+116
2.674849572496163e+115
4.256891713533143e+115
-2.226115006625129e+115
-1.092292298070958e+116
-9.428282591048907e+115
5.138029889762943e+115
-1.231132119499201e+116
-1.228198823846715e+116
-9.428282591051239e+115
-1.477865737791349e+115
7.827037925166587e+115
1.269861226946707e+115
2.674849572500581e+115
5.138029889766874e+115
7.827037925168434e+115
9.371280391348324e+115
