FiniteElementSpace
FiniteElementCollection: L2_2D_P4
VDim: 1
Ordering: 0

-2.487646013794629e+115
-8.942113976501373e+114
5.786112310133237e+115
-4.394122637523984e+114
-4.879764343574062e+115
-8.94211397651136e+114
3.413843709889261e+115
-9.78182641100457e+115
-2.577984226998488e+116
-3.101556932590606e+116
5.786112310130383e+115
-9.781826411004811e+115
-3.774747307203212e+116
-2.750241455446764e+116
-9.596585752095295e+115
-4.394122637532885e+114
-2.577984226998293e+116
-2.75024145544665e+116
1.081718006778153e+117
1.691316943493011e+117
-4.879764343573564e+115
-3.101556932590278e+116
-9.596585752093874e+115
1.691316943492999e+117
-4.72699701355742e+117
