FiniteElementSpace
FiniteElementCollection: L2_2D_P3
VDim: 1
Ordering: 0

0.0019456733
0.001401785
0.00069083814
0.00014537209
0.001949596
0.0014046112
0.00069223103
0.00014566518
0.0019527957
0.0014069166
0.00069336737
0.00014590437
0.0019537759
0.0014076227
0.00069371528
0.00014597754
0.0019188329
0.0013824475
0.00068130814
0.00014336671
0.0019276206
0.0013887788
0.0006844284
0.00014402328
0.001937189
0.0013956725
0.0006878259
0.00014473827
0.0019430625
0.0013999041
0.0006899112
0.00014517704
0.0039625533
0.0034328899
0.0027385029
0.0022041858
0.0039807009
0.0034486117
0.0027510445
0.0022142804
0.0040004604
0.00346573
0.0027647003
0.0022252718
0.0040125896
0.003476238
0.0027730827
0.0022320187
0.0040179811
0.0034809089
0.0027768088
0.0022350177
0.004026082
0.0034879269
0.0027824072
0.0022395238
0.0040326897
0.0034936514
0.0027869738
0.0022431993
0.0040347136
0.0034954048
0.0027883725
0.0022443252
0.0060515936
0.0055265096
0.0048360372
0.0043031391
0.0060637945
0.0055376518
0.0048457874
0.0043118148
0.0060737465
0.0055467404
0.0048537403
0.0043188914
0.0060767948
0.0055495241
0.0048561763
0.004321059
0.008026926
0.007518887
0.006848692
0.0063298188
0.0080431095
0.0075340463
0.0068624999
0.0063425806
0.00805631
0.0075464113
0.0068737628
0.0063529901
0.0080603533
0.0075501986
0.0068772126
0.0063561785
0.0079161951
0.0074151646
0.0067542147
0.0062424993
0.0079524495
0.0074491243
0.0067851475
0.0062710885
0.0079919241
0.0074861005
0.0068188278
0.0063022171
0.0080161551
0.0075087979
0.0068395021
0.0063213251
0.0059681123
0.0054502718
0.0047693244
0.0042437775
0.0059954449
0.0054752327
0.0047911668
0.004263213
0.0060252052
0.0055024108
0.0048149493
0.0042843748
0.0060434733
0.0055190938
0.004829548
0.0042973648
0.0058271548
0.0053215449
0.0046566804
0.0041435462
0.0058693559
0.0053600842
0.0046904047
0.0041735543
0.005918638
0.0054050902
0.0047297877
0.0042085975
0.0059519499
0.0054355118
0.0047564085
0.0042322847
0.0077292269
0.0072400299
0.0065946907
0.0060950612
0.007785203
0.0072924632
0.0066424503
0.0061392025
0.0078505716
0.0073536944
0.0066982238
0.0061907504
0.0078947571
0.0073950834
0.0067359235
0.0062255938
0.007467822
0.0069951699
0.0063716562
0.0058889243
0.0075429808
0.0070655717
0.0064357828
0.0059481925
0.0076336138
0.0071504683
0.0065131122
0.0060196633
0.0076973282
0.0072101502
0.0065674743
0.0060699067
0.0056300786
0.0051415686
0.0044991899
0.0040034099
0.0056867417
0.0051933151
0.0045444714
0.0040437017
0.0057550709
0.0052557156
0.0045990758
0.0040922891
0.005803106
0.0052995828
0.0046374622
0.0041264457
0.0037381143
0.0032384511
0.0025833941
0.0020793407
0.0037757361
0.003271044
0.0026093943
0.002100268
0.0038211037
0.0033103475
0.0026407477
0.0021255039
0.0038529968
0.0033379775
0.0026627889
0.0021432446
0.0038689641
0.0033518105
0.0026738238
0.0021521265
0.0038969836
0.0033760848
0.002693188
0.0021677124
0.0039297046
0.0034044321
0.0027158014
0.0021859137
0.0039518222
0.0034235932
0.0027310867
0.0021982166
0.0018735131
0.0013497964
0.00066521684
0.00013998062
0.0018870814
0.0013595719
0.00067003441
0.00014099436
0.0019029263
0.0013709875
0.00067566037
0.0001421783
0.0019136365
0.0013787038
0.0006794631
0.00014297848
0.0018101502
0.0013041458
0.000642719
0.00013524644
0.0018283683
0.0013172713
0.00064918756
0.00013660759
0.0018503371
0.001333099
0.00065698793
0.0001382491
0.0018657811
0.0013442258
0.00066247149
0.00013940294
0.0017293546
0.0012459356
0.0006140314
0.00012920976
0.0017520468
0.0012622845
0.00062208857
0.00013090519
0.001779928
0.0012823719
0.00063198819
0.00013298842
0.001799957
0.001296802
0.00063909976
0.00013448487
0.0035712645
0.0030939036
0.0024680849
0.0019865298
0.003618126
0.0031345012
0.0025004706
0.0020125967
0.0036757031
0.0031843822
0.0025402619
0.0020446242
0.0037170645
0.003220215
0.0025688467
0.0020676317
0.0033700216
0.0029195603
0.0023290069
0.0018745877
0.0034256716
0.0029677717
0.0023674663
0.0019055432
0.0034949036
0.0030277497
0.0024153123
0.0019440538
0.0035453349
0.00307144
0.0024501652
0.0019721065
0.0016319044
0.0011757264
0.00057943049
0.00012192874
0.0016588524
0.0011951415
0.0005889987
0.00012394214
0.0016923774
0.0012192949
0.00060090219
0.00012644704
0.0017167985
0.0012368893
0.00060957319
0.00012827164
0.001518738
0.0010941941
0.00053924909
0.0001134734
0.0015496823
0.0011164884
0.00055023631
0.00011578543
0.0015885284
0.0011444756
0.00056402916
0.00011868791
0.0016171062
0.0011650648
0.00057417621
0.00012082311
0.0013909448
0.0010021238
0.00049387439
0.00010392534
0.0014255875
0.0010270826
0.00050617461
0.00010651365
0.0014693806
0.0010586339
0.00052172393
0.00010978572
0.0015018403
0.0010820199
0.00053324929
0.00011221087
0.0028724209
0.0024884725
0.001985117
0.0015977949
0.0029439606
0.0025504497
0.0020345578
0.0016375892
0.0030343966
0.0026287973
0.0020970578
0.0016878949
0.0031014282
0.0026868689
0.0021433832
0.0017251816
0.0031363235
0.0027170999
0.0021674991
0.0017445922
0.0032002261
0.0027724609
0.0022116619
0.0017801382
0.0032804464
0.0028419584
0.0022671019
0.0018247612
0.003339462
0.0028930855
0.0023078873
0.0018575889
0.0047237045
0.0043138386
0.0037748753
0.0033589098
0.00481995
0.0044017332
0.0038517883
0.0034273475
0.0049407721
0.0045120717
0.0039483414
0.0035132612
0.0050296572
0.0045932445
0.0040193726
0.0035764652
0.0043262333
0.0039508551
0.0034572422
0.0030762778
0.0044339813
0.0040492541
0.0035433473
0.0031528947
0.0045701895
0.0041736438
0.0036521961
0.0032497491
0.0046711477
0.0042658421
0.0037328754
0.003321538
0.0057383819
0.0053751891
0.0048960721
0.004525134
0.0058813004
0.0055090621
0.0050180125
0.0046378358
0.006061969
0.0056782959
0.0051721617
0.0047803063
0.0061958815
0.0058037328
0.0052864177
0.0048859061
0.0062655936
0.0058690327
0.0053458971
0.0049408792
0.0063932552
0.0059886143
0.0054548197
0.0050415497
0.0065535154
0.0061387313
0.0055915562
0.0051679266
0.006671414
0.0062491679
0.005692149
0.0052608983
0.0067324644
0.0063063543
0.0057442381
0.0053090409
0.0068436394
0.0064104928
0.0058390942
0.0053967105
0.0069819478
0.0065400474
0.0059571011
0.0055057769
0.007082697
0.0066344201
0.0060430618
0.0055852251
0.0050756838
0.0046352774
0.004056154
0.0036091935
0.0051594999
0.0047118209
0.0041231343
0.0036687931
0.0052637723
0.0048070458
0.0042064619
0.0037429385
0.0053397283
0.0048764113
0.004267161
0.003796949
0.0053787815
0.004912076
0.0042983697
0.0038247187
0.005449361
0.0049765313
0.0043547722
0.003874906
0.0055360793
0.0050557254
0.0044240718
0.0039365693
0.0055983749
0.0051126157
0.0044738543
0.0039808661
0.0071344978
0.0066829423
0.006087259
0.0056260737
0.0072281155
0.0067706348
0.0061671349
0.0056998981
0.0073431401
0.0068783792
0.0062652756
0.0057906034
0.0074257698
0.0069557792
0.0063357766
0.005855763
0.008821505
0.0083894482
0.0078175246
0.0073732465
0.0089372592
0.0084995331
0.0079201048
0.007469997
0.0090794822
0.0086347903
0.0080461413
0.0075888707
0.0091816503
0.0087319545
0.0081366817
0.0076742655
0.010423556
0.010015159
0.0094725031
0.0090494107
0.010560332
0.010146576
0.0095967996
0.0091681556
0.010728384
0.010308044
0.0097495182
0.0093140529
0.010849107
0.010424036
0.009859226
0.0094188606
0.0098361822
0.0094507986
0.0089387216
0.0085394708
0.0099986097
0.0096068622
0.009086329
0.0086804853
0.010200679
0.0098010147
0.0092699618
0.008855916
0.010347875
0.0099424431
0.009403727
0.0089837066
0.0083244076
0.0079166975
0.0073770021
0.0069577594
0.0084618707
0.008047428
0.0074988205
0.0070726548
0.0086328832
0.0082100647
0.0076503701
0.0072155915
0.0087574555
0.0083285358
0.0077607647
0.0073197123
0.0077471416
0.0073677047
0.0068654351
0.0064752653
0.0079049897
0.0075178217
0.0070053184
0.0066071989
0.0081031447
0.0077062716
0.0071809213
0.0067728221
0.0082489213
0.0078449084
0.007310107
0.006894666
0.0070952665
0.006747757
0.0062877503
0.0059304109
0.0072719793
0.0069158148
0.0064443513
0.0060781121
0.0074953684
0.0071282628
0.0066423164
0.0062648266
0.0076609455
0.0072857303
0.0067890491
0.0064032203
0.0083838192
0.0080553398
0.0076188737
0.0072785744
0.0085926245
0.008255964
0.0078086274
0.0074598527
0.008856583
0.0085095804
0.008048502
0.0076890132
0.0090522303
0.0086975621
0.008226298
0.0078588679
0.0091540802
0.0087954215
0.0083188551
0.0079472909
0.0093405948
0.0089746284
0.0084883519
0.0081092171
0.0095747363
0.0091995962
0.0087011302
0.0083124915
0.0097469871
0.0093650982
0.0088576647
0.0084620343
0.010472861
0.010138434
0.0096921601
0.0093427798
0.010686245
0.010345005
0.0098896381
0.0095331391
0.010954118
0.010604324
0.010137542
0.0097721071
0.011151184
0.010795097
0.010319918
0.0099479086
0.009591628
0.0092853425
0.0088766218
0.0085566406
0.0098305166
0.0095166021
0.0090977012
0.0087697502
0.010132504
0.0098089458
0.0093771757
0.00903915
0.010356338
0.010025632
0.0095843233
0.0092388303
0.010707084
0.010425936
0.010048886
0.0097522989
0.010973749
0.0106856
0.010299162
0.0099951894
0.011310848
0.01101385
0.010615544
0.010302235
0.011560709
0.011257151
0.010850048
0.010529818
0.011690782
0.011383809
0.010972125
0.010648293
0.011928981
0.011615753
0.011195682
0.010865252
0.012228006
0.011906926
0.011476325
0.011137612
0.012447989
0.012121133
0.011682785
0.011337979
0.012561901
0.012232054
0.011789695
0.011441734
0.012769339
0.012434045
0.011984381
0.011630674
0.013027405
0.012685334
0.012226583
0.011865727
0.01321539
0.012868383
0.012403012
0.012036949
0.011253229
0.010893883
0.010414356
0.010038942
0.011439057
0.011073777
0.010586331
0.010204718
0.011670237
0.011297575
0.010800279
0.010410953
0.011838638
0.011460599
0.010956126
0.010561183
0.011925223
0.011544419
0.011036256
0.010638424
0.012081704
0.011695902
0.011181072
0.01077802
0.012273966
0.011882025
0.011359002
0.010949536
0.01241208
0.012015729
0.011486821
0.011072747
0.013312043
0.012962499
0.012493724
0.012124984
0.013486721
0.013132591
0.012657665
0.012284086
0.013701342
0.013341576
0.012859092
0.012479569
0.013855519
0.013491704
0.013003791
0.012619997
0.013933983
0.013568108
0.013077432
0.012691464
0.014074219
0.013704662
0.013209048
0.012819195
0.014243328
0.013869331
0.013367761
0.012973225
0.014362211
0.013985092
0.013479336
0.013081507
0.01442173
0.014043048
0.013535196
0.013135718
0.014526174
0.01414475
0.01363322
0.013230849
0.014648144
0.014263517
0.013747692
0.013341942
0.014730589
0.014343796
0.013825068
0.013417035
0.012919305
0.012506757
0.011956234
0.011525239
0.013012868
0.012597333
0.012042823
0.011608707
0.013122131
0.012703106
0.012143941
0.011706179
0.013195987
0.012774604
0.012212291
0.011772065
0.01248237
0.012083774
0.011551871
0.011135452
0.012607997
0.01220539
0.011668133
0.011247523
0.012759489
0.012352044
0.011808332
0.011382668
0.012865987
0.012455141
0.011906891
0.011477674
0.010910545
0.010483068
0.0099150589
0.0094721997
0.011020353
0.010588573
0.010014848
0.0095675313
0.011152768
0.010715801
0.010135181
0.0096824904
0.011245855
0.010805241
0.010219775
0.0097633058
0.0092336461
0.0087814037
0.0081827598
0.007717725
0.0093265768
0.0088697828
0.0082651139
0.007795399
0.0094386407
0.008976358
0.0083644238
0.0078890649
0.0095174208
0.0090512798
0.008434238
0.0079549114
0.0095568622
0.0090887894
0.0084691905
0.0079878776
0.0096260744
0.0091546117
0.0085305256
0.0080457269
0.0097068999
0.0092314786
0.0086021523
0.008113283
0.0097615334
0.0092834362
0.0086505679
0.0081589471
0.01129246
0.010850019
0.010262127
0.0098037662
0.011374241
0.010928596
0.010336447
0.0098747665
0.011469745
0.011020359
0.010423237
0.0099576802
0.011534301
0.011082385
0.010481903
0.010013725
0.011565622
0.011112479
0.010510366
0.010040917
0.01161859
0.011163371
0.010558501
0.010086902
0.011676263
0.011218784
0.010610912
0.010136972
0.011711664
0.011252799
0.010643083
0.010167707
0.0097880405
0.0093086451
0.0086740583
0.0081811024
0.0098328675
0.0093512766
0.0087137835
0.00821857
0.0098816763
0.0093976948
0.0087570373
0.0082593656
0.0099116369
0.009426188
0.008783588
0.0082844075
0.0099249546
0.0094388535
0.0087953901
0.0082955389
0.0099449648
0.0094578836
0.0088131229
0.0083122639
0.0099612868
0.0094734063
0.0088275872
0.0083259062
0.0099662862
0.0094781607
0.0088320176
0.0083300847
0.011727401
0.011267919
0.010657384
0.010181368
0.011751045
0.011290636
0.010678871
0.010201896
0.011770331
0.011309167
0.010696397
0.010218639
0.011776238
0.011314843
0.010701765
0.010223768
0.013416905
0.012988468
0.012416741
0.011969146
0.013443956
0.013014654
0.012441775
0.011993277
0.01346602
0.013036014
0.012462195
0.012012961
0.013472779
0.013042557
0.012468449
0.01201899
0.01323182
0.012809293
0.012245453
0.011804032
0.013292419
0.012867956
0.012301534
0.011858092
0.0133584
0.012931831
0.012362597
0.011916954
0.013398902
0.012971039
0.01240008
0.011953085
0.014770589
0.014382747
0.01386261
0.013453468
0.014838235
0.014448616
0.013926097
0.013515082
0.01491189
0.014520337
0.013995224
0.013582169
0.014957101
0.014564362
0.014037657
0.013623349
0.014977199
0.014583931
0.014056519
0.013641654
0.015007394
0.014613334
0.014084858
0.013669157
0.015032024
0.014637317
0.014107975
0.013691591
0.015039568
0.014644663
0.014115055
0.013698463
