FiniteElementSpace
FiniteElementCollection: L2_2D_P3
VDim: 1
Ordering: 0

3.0985231e-06
3.096776e-06
3.0916101e-06
3.0858339e-06
3.0180263e-06
3.0153254e-06
3.010227e-06
3.0043281e-06
2.9094261e-06
2.9063165e-06
2.9011573e-06
2.8950615e-06
2.8215452e-06
2.8196263e-06
2.8148616e-06
2.8088849e-06
2.7744079e-06
2.7725253e-06
2.7678423e-06
2.7621142e-06
2.6873141e-06
2.6840975e-06
2.6791916e-06
2.6737992e-06
2.5689876e-06
2.5659467e-06
2.5616539e-06
2.5564102e-06
2.4741716e-06
2.4729897e-06
2.469009e-06
2.4636433e-06
2.7580216e-06
2.7487857e-06
2.7345219e-06
2.7215729e-06
2.6696843e-06
2.6606253e-06
2.6467808e-06
2.6339817e-06
2.5524324e-06
2.5436336e-06
2.5300705e-06
2.5177038e-06
2.4601213e-06
2.4519702e-06
2.4387433e-06
2.4267549e-06
3.0814957e-06
3.0712867e-06
3.0553142e-06
3.0402271e-06
2.9998027e-06
2.9899651e-06
2.9743005e-06
2.9594301e-06
2.8906065e-06
2.8809247e-06
2.8658934e-06
2.8520139e-06
2.8046053e-06
2.795139e-06
2.7807222e-06
2.7675377e-06
3.03074e-06
3.0124028e-06
2.9865537e-06
2.9650469e-06
2.9503719e-06
2.9327876e-06
2.9077674e-06
2.886464e-06
2.8436526e-06
2.8270567e-06
2.8030068e-06
2.7821026e-06
2.7597104e-06
2.7437495e-06
2.7199103e-06
2.6993994e-06
2.9527128e-06
2.9279182e-06
2.8923966e-06
2.8627096e-06
2.8741005e-06
2.8499513e-06
2.8156027e-06
2.786911e-06
2.7700812e-06
2.7463102e-06
2.7130705e-06
2.6856145e-06
2.6877319e-06
2.6647871e-06
2.6326587e-06
2.6056449e-06
2.6427635e-06
2.6205324e-06
2.5889553e-06
2.5621667e-06
2.5578415e-06
2.5362801e-06
2.5055836e-06
2.4799274e-06
2.4452298e-06
2.4241888e-06
2.394732e-06
2.3703965e-06
2.3564926e-06
2.3361862e-06
2.307983e-06
2.2842799e-06
2.7138721e-06
2.698001e-06
2.6743702e-06
2.6540436e-06
2.6262375e-06
2.6108839e-06
2.5881106e-06
2.5686698e-06
2.5104512e-06
2.4956695e-06
2.4741994e-06
2.4559263e-06
2.4197505e-06
2.4056662e-06
2.3849162e-06
2.3667829e-06
2.37053e-06
2.3567783e-06
2.3363564e-06
2.3184679e-06
2.2772149e-06
2.2639223e-06
2.2443488e-06
2.2273527e-06
2.1539701e-06
2.1410953e-06
2.1224508e-06
2.1065349e-06
2.0576089e-06
2.0451768e-06
2.0274092e-06
2.0121112e-06
2.3082696e-06
2.2886542e-06
2.2609617e-06
2.2375972e-06
2.2175506e-06
2.198472e-06
2.171741e-06
2.149532e-06
2.0973207e-06
2.0789493e-06
2.0537915e-06
2.0329195e-06
2.003166e-06
1.9857886e-06
1.9618525e-06
1.941584e-06
1.9523671e-06
1.9355315e-06
1.9121576e-06
1.8922191e-06
1.8565692e-06
1.8404871e-06
1.8180277e-06
1.7993961e-06
1.729815e-06
1.7147913e-06
1.6938874e-06
1.6766268e-06
1.6310256e-06
1.6170309e-06
1.5974785e-06
1.5808026e-06
2.005406e-06
1.9934713e-06
1.9761905e-06
1.961076e-06
1.9068638e-06
1.8955334e-06
1.8791343e-06
1.8647913e-06
1.7767211e-06
1.7662097e-06
1.7506667e-06
1.7374426e-06
1.6755235e-06
1.6656617e-06
1.6510722e-06
1.6381784e-06
2.0390745e-06
2.0322988e-06
2.02157e-06
2.0114699e-06
1.938755e-06
1.9323897e-06
1.9223203e-06
1.9124941e-06
1.807277e-06
1.8009843e-06
1.790817e-06
1.7819281e-06
1.7047219e-06
1.6986368e-06
1.6890488e-06
1.6803326e-06
2.4100719e-06
2.4024456e-06
2.3893637e-06
2.3773042e-06
2.3156752e-06
2.3082154e-06
2.2954591e-06
2.2836978e-06
2.1906589e-06
2.1829923e-06
2.1709108e-06
2.160369e-06
2.0924774e-06
2.0851335e-06
2.0739476e-06
2.0637267e-06
2.4240099e-06
2.4230223e-06
2.4184994e-06
2.4132293e-06
2.3311214e-06
2.3285814e-06
2.3236981e-06
2.318859e-06
2.2055217e-06
2.2025837e-06
2.1985782e-06
2.1941123e-06
2.1057683e-06
2.1038893e-06
2.1002154e-06
2.0956957e-06
2.0525524e-06
2.0508347e-06
2.0469267e-06
2.0420748e-06
1.9527003e-06
1.9503922e-06
1.9463689e-06
1.9416211e-06
1.8185441e-06
1.8173627e-06
1.8143392e-06
1.8103312e-06
1.7146036e-06
1.714361e-06
1.7115928e-06
1.7073687e-06
1.6593243e-06
1.6586725e-06
1.6556965e-06
1.651707e-06
1.5543937e-06
1.5529737e-06
1.5506337e-06
1.5471983e-06
1.4160341e-06
1.4149533e-06
1.4124935e-06
1.4090028e-06
1.3095205e-06
1.3087133e-06
1.3050963e-06
1.301402e-06
1.6491633e-06
1.6438902e-06
1.6345841e-06
1.6260068e-06
1.5446639e-06
1.5396361e-06
1.5313894e-06
1.5234108e-06
1.4065612e-06
1.4017039e-06
1.3944272e-06
1.3872865e-06
1.2993444e-06
1.2951704e-06
1.2884331e-06
1.2817628e-06
1.2419717e-06
1.2382755e-06
1.2317419e-06
1.2253547e-06
1.1342678e-06
1.1306617e-06
1.124815e-06
1.1195073e-06
9.9236293e-07
9.8892422e-07
9.841036e-07
9.7979465e-07
8.8225962e-07
8.7945807e-07
8.753459e-07
8.7115526e-07
1.2527022e-06
1.2514194e-06
1.2473177e-06
1.2436761e-06
1.142598e-06
1.1418366e-06
1.1388485e-06
1.1359489e-06
9.9765645e-07
9.9769794e-07
9.9623844e-07
9.9410095e-07
8.8901987e-07
8.880675e-07
8.8591119e-07
8.834476e-07
8.3175982e-07
8.2985348e-07
8.2692537e-07
8.246932e-07
7.1919344e-07
7.1832006e-07
7.163713e-07
7.1510944e-07
5.691061e-07
5.7084394e-07
5.710092e-07
5.7044983e-07
4.5781748e-07
4.5897383e-07
4.5854721e-07
4.5803208e-07
3.997798e-07
3.9957746e-07
3.9831172e-07
3.9811798e-07
2.8711198e-07
2.8685494e-07
2.8669519e-07
2.8696633e-07
1.3939365e-07
1.3993543e-07
1.4145205e-07
1.4217433e-07
2.9933132e-08
2.9535109e-08
2.9757344e-08
2.9911279e-08
3.9808836e-07
3.970704e-07
3.9519264e-07
3.9381432e-07
2.8675175e-07
2.8555985e-07
2.8424989e-07
2.8380924e-07
1.41726e-07
1.40538e-07
1.4032189e-07
1.4107427e-07
2.9758288e-08
2.9505008e-08
2.9635914e-08
2.9755376e-08
8.2352678e-07
8.2123633e-07
8.1699627e-07
8.1308188e-07
7.1416581e-07
7.1176333e-07
7.0802222e-07
7.0505921e-07
5.7001632e-07
5.6794744e-07
5.6524463e-07
5.63345e-07
4.5792766e-07
4.565764e-07
4.5452181e-07
4.5310853e-07
8.1071641e-07
8.0589683e-07
7.9887918e-07
7.9296727e-07
7.0323151e-07
6.9885925e-07
6.9240022e-07
6.8741062e-07
5.6205423e-07
5.5788735e-07
5.523519e-07
5.4890609e-07
4.5189544e-07
4.4818785e-07
4.4361355e-07
4.4104121e-07
3.9274404e-07
3.8978784e-07
3.8549928e-07
3.8313999e-07
2.8342976e-07
2.8118047e-07
2.7770008e-07
2.7596333e-07
1.4126696e-07
1.3931644e-07
1.3729476e-07
1.3740083e-07
2.9657622e-08
2.9267927e-08
2.8986567e-08
2.8938055e-08
3.8177163e-07
3.7862228e-07
3.7353688e-07
3.7002232e-07
2.7546152e-07
2.7307001e-07
2.6906336e-07
2.6679511e-07
1.3737649e-07
1.3531637e-07
1.332274e-07
1.3303233e-07
2.8877683e-08
2.8393477e-08
2.8114432e-08
2.8040295e-08
7.8959268e-07
7.8272519e-07
7.7264628e-07
7.6443051e-07
6.8466783e-07
6.7874027e-07
6.6990346e-07
6.6303251e-07
5.4707652e-07
5.4175947e-07
5.3464572e-07
5.2977211e-07
4.3952327e-07
4.352133e-07
4.2946948e-07
4.2587384e-07
1.1893485e-06
1.1787558e-06
1.1644024e-06
1.152464e-06
1.0861303e-06
1.076485e-06
1.0632536e-06
1.0525826e-06
9.5092253e-07
9.4222097e-07
9.3009838e-07
9.2106248e-07
8.4592227e-07
8.3810015e-07
8.2733947e-07
8.1870694e-07
1.2217456e-06
1.2144838e-06
1.2037724e-06
1.1946454e-06
1.1161961e-06
1.1092893e-06
1.099316e-06
1.0908928e-06
9.7685493e-07
9.7038505e-07
9.6195583e-07
9.5528476e-07
8.6836038e-07
8.6290951e-07
8.5560654e-07
8.4943703e-07
1.6211044e-06
1.6118157e-06
1.5975771e-06
1.5851083e-06
1.5186484e-06
1.5096589e-06
1.4966525e-06
1.4851166e-06
1.3829477e-06
1.3745779e-06
1.3630726e-06
1.3528081e-06
1.2777834e-06
1.2702044e-06
1.2592522e-06
1.2499407e-06
1.5779215e-06
1.5645782e-06
1.5455248e-06
1.5292496e-06
1.4783204e-06
1.4653735e-06
1.4474608e-06
1.4324812e-06
1.3467474e-06
1.3344931e-06
1.3182802e-06
1.3050071e-06
1.2443845e-06
1.2329713e-06
1.2181634e-06
1.205622e-06
1.519899e-06
1.502492e-06
1.4786559e-06
1.4587482e-06
1.4240063e-06
1.4074825e-06
1.3846958e-06
1.3659101e-06
1.297254e-06
1.2819179e-06
1.2611553e-06
1.2443972e-06
1.1984649e-06
1.184666e-06
1.1657221e-06
1.1499284e-06
1.4476292e-06
1.4266584e-06
1.3977028e-06
1.3740245e-06
1.3555971e-06
1.3360784e-06
1.3091106e-06
1.2870223e-06
1.2350604e-06
1.2168954e-06
1.1923202e-06
1.1724175e-06
1.141169e-06
1.1245184e-06
1.1019925e-06
1.0833881e-06
1.0904978e-06
1.0749507e-06
1.0535767e-06
1.0355759e-06
9.9572348e-07
9.8147268e-07
9.6186384e-07
9.457987e-07
8.7180655e-07
8.5895343e-07
8.414195e-07
8.2775803e-07
7.7550529e-07
7.6399618e-07
7.4854102e-07
7.3607756e-07
1.1456444e-06
1.1329061e-06
1.1143879e-06
1.0987769e-06
1.0467686e-06
1.0349283e-06
1.0174218e-06
1.0031178e-06
9.1599792e-07
9.0542404e-07
8.9041589e-07
8.7853668e-07
8.1427607e-07
8.0535904e-07
7.9223121e-07
7.8128065e-07
7.6004908e-07
7.5194571e-07
7.3947072e-07
7.2924487e-07
6.5944085e-07
6.5183398e-07
6.4096726e-07
6.324798e-07
5.2716775e-07
5.2047676e-07
5.115417e-07
5.0516737e-07
4.2377236e-07
4.1814261e-07
4.1055165e-07
4.0564754e-07
3.6801923e-07
3.6314597e-07
3.5633551e-07
3.5217673e-07
2.6557797e-07
2.6178349e-07
2.5660701e-07
2.5375489e-07
1.3285661e-07
1.3010762e-07
1.2722594e-07
1.2674e-07
2.7909469e-08
2.7329822e-08
2.6858196e-08
2.6719416e-08
3.4977704e-07
3.4469313e-07
3.3756256e-07
3.3216375e-07
2.5248297e-07
2.4852051e-07
2.4267987e-07
2.3870627e-07
1.2644549e-07
1.23516e-07
1.1979413e-07
1.1823192e-07
2.6580615e-08
2.5919953e-08
2.5277706e-08
2.499446e-08
7.2372653e-07
7.1337587e-07
6.9879763e-07
6.8699609e-07
6.2782238e-07
6.1854112e-07
6.0571799e-07
5.9582477e-07
5.0177921e-07
4.9368117e-07
4.8354995e-07
4.7626592e-07
4.0287696e-07
3.9637752e-07
3.8846344e-07
3.8275001e-07
6.8051052e-07
6.6852735e-07
6.519675e-07
6.3822951e-07
5.9048606e-07
5.7972081e-07
5.6489287e-07
5.5366662e-07
4.7206439e-07
4.6215024e-07
4.4977946e-07
4.4191704e-07
3.7894287e-07
3.7049777e-07
3.6061367e-07
3.5427698e-07
3.288758e-07
3.2194299e-07
3.1319635e-07
3.0753391e-07
2.3670571e-07
2.3203498e-07
2.2578518e-07
2.2176543e-07
1.1738047e-07
1.1469492e-07
1.1197593e-07
1.104318e-07
2.4743256e-08
2.4146897e-08
2.3536363e-08
2.3248642e-08
3.0478028e-07
2.9810201e-07
2.8761331e-07
2.8056616e-07
2.1985131e-07
2.1457102e-07
2.0680389e-07
2.0164211e-07
1.0923285e-07
1.0605334e-07
1.0191902e-07
9.8512261e-08
2.3008984e-08
2.2296934e-08
2.1571839e-08
2.2072744e-08
6.3099453e-07
6.1768831e-07
5.9848828e-07
5.827006e-07
5.4810447e-07
5.3602963e-07
5.1823196e-07
5.0408113e-07
4.3777885e-07
4.2754601e-07
4.1257611e-07
4.0106798e-07
3.5093043e-07
3.4304434e-07
3.3073893e-07
3.2239516e-07
9.5071014e-07
9.2981215e-07
9.0159185e-07
8.7903697e-07
8.6821628e-07
8.4940346e-07
8.2400575e-07
8.0427706e-07
7.5984109e-07
7.4327495e-07
7.2138171e-07
7.0444045e-07
6.7565357e-07
6.6115151e-07
6.4125324e-07
6.2488724e-07
1.0257091e-06
1.0073247e-06
9.8208396e-07
9.6164026e-07
9.3703266e-07
9.2005268e-07
8.9643523e-07
8.7794348e-07
8.2017795e-07
8.0471037e-07
7.8421437e-07
7.6857601e-07
7.2893758e-07
7.1576224e-07
6.9814554e-07
6.8322097e-07
1.3610119e-06
1.3366949e-06
1.3034315e-06
1.2763929e-06
1.2749053e-06
1.2518638e-06
1.2205591e-06
1.1953973e-06
1.1613535e-06
1.1400337e-06
1.1116474e-06
1.0890045e-06
1.072891e-06
1.0535821e-06
1.027456e-06
1.0061998e-06
1.2615664e-06
1.2336084e-06
1.1957295e-06
1.165041e-06
1.1816632e-06
1.1552983e-06
1.1200265e-06
1.0921759e-06
1.0764532e-06
1.0522726e-06
1.0204134e-06
9.9565307e-07
9.9465044e-07
9.7246323e-07
9.4287745e-07
9.1952756e-07
1.5616626e-06
1.5271219e-06
1.4814647e-06
1.4444617e-06
1.4845806e-06
1.4521194e-06
1.4088936e-06
1.3741199e-06
1.3834931e-06
1.3529096e-06
1.3117226e-06
1.2795778e-06
1.3043304e-06
1.2752198e-06
1.2361013e-06
1.2044211e-06
1.8483557e-06
1.8076111e-06
1.752737e-06
1.7084867e-06
1.7752921e-06
1.7359986e-06
1.6831206e-06
1.6413865e-06
1.6785948e-06
1.6408232e-06
1.5908234e-06
1.5525957e-06
1.6027134e-06
1.5666446e-06
1.5197761e-06
1.482039e-06
1.9933038e-06
1.957401e-06
1.9087599e-06
1.8697401e-06
1.9144593e-06
1.8798443e-06
1.8331473e-06
1.7957728e-06
1.8106146e-06
1.7777453e-06
1.7334097e-06
1.698266e-06
1.729225e-06
1.6978493e-06
1.6555471e-06
1.6215497e-06
1.6850596e-06
1.6547648e-06
1.6133882e-06
1.5799314e-06
1.6020473e-06
1.5731815e-06
1.5335079e-06
1.501611e-06
1.4925834e-06
1.4654746e-06
1.4285143e-06
1.3995529e-06
1.406976e-06
1.3816771e-06
1.3473204e-06
1.3193765e-06
1.7917843e-06
1.7655299e-06
1.7297528e-06
1.7008644e-06
1.7034452e-06
1.6785327e-06
1.6444013e-06
1.6169371e-06
1.587438e-06
1.563889e-06
1.5317125e-06
1.5065649e-06
1.4967843e-06
1.4746325e-06
1.4445994e-06
1.4201503e-06
1.8809841e-06
1.8595165e-06
1.8297344e-06
1.8053095e-06
1.7888787e-06
1.7682978e-06
1.7395922e-06
1.7161849e-06
1.6667586e-06
1.6470265e-06
1.6206723e-06
1.5995981e-06
1.5710472e-06
1.5527914e-06
1.5284576e-06
1.5080745e-06
2.2243006e-06
2.1988555e-06
2.1640386e-06
2.1354654e-06
2.1369307e-06
2.1124679e-06
2.0788088e-06
2.0512109e-06
2.020922e-06
1.997361e-06
1.9655813e-06
1.9397466e-06
1.9298215e-06
1.9076127e-06
1.8773425e-06
1.8526073e-06
2.119459e-06
2.0887472e-06
2.0462371e-06
2.011925e-06
2.0357974e-06
2.0062192e-06
1.9654023e-06
1.9324322e-06
1.9252586e-06
1.8967887e-06
1.8583734e-06
1.8277722e-06
1.8386981e-06
1.8114893e-06
1.7748557e-06
1.7453934e-06
2.4275242e-06
2.392106e-06
2.3438776e-06
2.3054149e-06
2.3490165e-06
2.3148556e-06
2.2683058e-06
2.231091e-06
2.2451151e-06
2.2124794e-06
2.1677119e-06
2.1321108e-06
2.1637449e-06
2.1322741e-06
2.0888384e-06
2.0540989e-06
2.5471479e-06
2.5181867e-06
2.4783327e-06
2.4457742e-06
2.4654428e-06
2.4372209e-06
2.3983518e-06
2.3665077e-06
2.3565234e-06
2.3290766e-06
2.2918283e-06
2.2619104e-06
2.2705745e-06
2.244326e-06
2.2088835e-06
2.1798986e-06
2.8464242e-06
2.8144595e-06
2.7694339e-06
2.7328049e-06
2.7709872e-06
2.7397897e-06
2.6960845e-06
2.6602714e-06
2.670098e-06
2.6396079e-06
2.5977353e-06
2.5635434e-06
2.5902434e-06
2.5606881e-06
2.5203319e-06
2.4873447e-06
2.7125864e-06
2.6731906e-06
2.6189108e-06
2.5761883e-06
2.6404636e-06
2.6021436e-06
2.5497878e-06
2.50815e-06
2.5444723e-06
2.5073829e-06
2.4570439e-06
2.4169346e-06
2.4688131e-06
2.432661e-06
2.3837021e-06
2.3445485e-06
2.5530052e-06
2.507246e-06
2.4446326e-06
2.3959994e-06
2.485179e-06
2.4403529e-06
2.379731e-06
2.3322474e-06
2.3947765e-06
2.3517761e-06
2.2931925e-06
2.2464349e-06
2.3232866e-06
2.2819383e-06
2.2245311e-06
2.1785873e-06
2.2844416e-06
2.2438456e-06
2.1871715e-06
2.1421771e-06
2.2109024e-06
2.171353e-06
2.116707e-06
2.0736935e-06
2.1126014e-06
2.0745624e-06
2.0229215e-06
1.981808e-06
2.0351708e-06
1.9984888e-06
1.9488619e-06
1.9090899e-06
2.1183611e-06
2.0727214e-06
2.0090289e-06
1.9574324e-06
2.050537e-06
2.0057301e-06
1.9436635e-06
1.8937446e-06
1.9591666e-06
1.9155913e-06
1.857122e-06
1.8101807e-06
1.8870331e-06
1.8452946e-06
1.7894684e-06
1.7443208e-06
2.3696813e-06
2.3180706e-06
2.251224e-06
2.1996775e-06
2.306353e-06
2.2564154e-06
2.1908967e-06
2.1400578e-06
2.2208841e-06
2.172678e-06
2.108349e-06
2.0567437e-06
2.1540089e-06
2.1078219e-06
2.0435411e-06
1.9919408e-06
