FiniteElementSpace
FiniteElementCollection: L2_2D_P1
VDim: 1
Ordering: 0

-1.618699462855052e+27
-1.853217186802119e+27
-1.62869847034382e+27
-1.864487676189942e+27
-1.575263961254004e+27
-1.803582236856044e+27
-1.604358996736752e+27
-1.836909116220428e+27
-1.214133882856085e+27
-1.414252485438983e+27
-1.234994682859882e+27
-1.438352698114506e+27
-1.245242231327187e+27
-1.450080302487295e+27
-1.25238305773556e+27
-1.458215193302491e+27
-9.224925764491471e+26
-1.098330582592668e+27
-9.274295613892021e+26
-1.104030551876371e+27
-6.478842634030529e+26
-7.965959730107665e+26
-6.511537786052345e+26
-8.004515926963651e+26
-6.335629105742445e+26
-7.796069966512488e+26
-6.43188406052677e+26
-7.910675047984466e+26
-9.009234193108965e+26
-1.073217098108506e+27
-9.154041490455834e+26
-1.090135016158319e+27
-8.639996954181559e+26
-1.02942902542357e+27
-8.871398585192471e+26
-1.05696086753329e+27
-6.089189607290369e+26
-7.498933745384234e+26
-6.243932708501522e+26
-7.686168950280857e+26
-5.750778365431159e+26
-7.083215184489381e+26
-5.956802267832959e+26
-7.336869040019604e+26
-8.136063738657513e+26
-9.685783800191435e+26
-8.442168068858285e+26
-1.005607999794879e+27
-1.089354938975559e+27
-1.266306645427108e+27
-1.132884107072494e+27
-1.318342281300015e+27
-1.161170989638559e+27
-1.352040454625208e+27
-1.19429821184609e+27
-1.391067538165743e+27
-1.501695304715351e+27
-1.717793659734281e+27
-1.547626312164917e+27
-1.771485148261196e+27
-1.40256795426247e+27
-1.600636231027996e+27
-1.462530766801055e+27
-1.671578628845176e+27
-1.283029694486166e+27
-1.459101567812361e+27
-1.354045730220434e+27
-1.543167527394323e+27
-1.002045327406894e+27
-1.161452370783512e+27
-1.054016635918471e+27
-1.223859648224828e+27
-9.028250766194724e+26
-1.042649784078119e+27
-9.611966864499817e+26
-1.112482136376209e+27
-1.148663363865719e+27
-1.300930906481127e+27
-1.227546442170874e+27
-1.393717606133316e+27
-1.005226074035372e+27
-1.133504221072474e+27
-1.088706469660895e+27
-1.230854785831838e+27
-8.581455614232532e+26
-9.63390516744746e+26
-9.431786413717861e+26
-1.061642814457268e+27
-6.837712981628789e+26
-7.834039706952672e+26
-7.485005321576033e+26
-8.596144544861022e+26
-7.954749209735424e+26
-9.150493260609135e+26
-8.580946180768993e+26
-9.894061204028508e+26
-6.036323647599011e+26
-7.126257455342264e+26
-6.489143329739106e+26
-7.676154906238025e+26
-5.219513799030641e+26
-6.140769634005238e+26
-5.693802389767318e+26
-6.712476322107406e+26
-3.752615832130008e+26
-4.584848095539172e+26
-4.08250471036201e+26
-4.995748073796777e+26
-4.319832852178695e+26
-5.291888650530543e+26
-4.631301896510484e+26
-5.682052857150389e+26
-4.851918205193592e+26
-5.958836588993086e+26
-5.13634958119338e+26
-6.315680121657238e+26
-6.811058925530356e+26
-8.067978299672345e+26
-7.228269476070121e+26
-8.577349499206605e+26
-7.51889886513165e+26
-8.932717982614102e+26
-7.886995348810523e+26
-9.382010157489977e+26
-5.333695944720981e+26
-6.563343799144811e+26
-5.582958244344173e+26
-6.874302540791512e+26
-3.465435640906777e+26
-4.510139929192887e+26
-3.622828572205518e+26
-4.71321118823988e+26
-1.916481624255651e+26
-2.773173156713823e+26
-2.004113273770983e+26
-2.893518897433228e+26
-1.746545341517359e+26
-2.535495381729396e+26
-1.847181596751203e+26
-2.676457391820469e+26
-3.160346235004002e+26
-4.111876190487295e+26
-3.340749447690498e+26
-4.347490310920021e+26
-2.821442023973907e+26
-3.666929336265326e+26
-3.02002406154905e+26
-3.927644097502769e+26
-2.457328856800575e+26
-3.189474970193929e+26
-2.669275856969004e+26
-3.467308012977288e+26
-1.354561183184647e+26
-1.974612737951914e+26
-1.472531937095941e+26
-2.144699780911429e+26
-1.557628361963454e+26
-2.26665975732501e+26
-1.668283454991502e+26
-2.424439353218061e+26
-5.579800676650997e+25
-1.112825118002768e+26
-6.048732767411948e+25
-1.190622836318163e+26
-4.728632608373191e+25
-9.664397300961909e+25
-5.222051577350011e+25
-1.051636914226291e+26
7.318479475633508e+24
-2.151195666215682e+25
6.728753904295666e+24
-2.366889278165039e+25
6.342139279173484e+24
-2.526383934926432e+25
5.834105960518324e+24
-2.728132817894942e+25
5.491919046774639e+24
-2.869647038023195e+25
5.066107641801975e+24
-3.052043526292745e+25
-6.377263632736489e+25
-1.245272252935413e+26
-6.803524085897792e+25
-1.314060864316049e+26
-7.092724036439246e+25
-1.360966278334454e+26
-7.460998432233093e+25
-1.419370678233293e+26
4.773170109670302e+24
-3.173465888770957e+25
4.428102427743455e+24
-3.331019389990355e+25
4.188441217713347e+24
-3.430438828542184e+25
3.922223074779839e+24
-3.558253139839376e+25
3.739240282300816e+24
-3.634120727240029e+25
3.550240683937606e+24
-3.728254853991102e+25
-8.187640234477328e+25
-1.533618926841023e+26
-8.406743155917139e+25
-1.567831716097479e+26
-7.702456740807299e+25
-1.457676936387618e+26
-8.000646354582222e+25
-1.504491427694291e+26
-2.062406249451624e+26
-2.973210852207607e+26
-2.134091044238121e+26
-3.069898647925752e+26
-3.728207944612813e+26
-4.848724403238639e+26
-3.857598710208495e+26
-5.012947616006336e+26
-3.940232174552494e+26
-5.117133206811141e+26
-4.036807221832562e+26
-5.237680073220977e+26
-2.179557890223708e+26
-3.130745346686291e+26
-2.232730327883104e+26
-3.201449924030274e+26
-2.263902147510761e+26
-3.242400684715098e+26
-2.296610872597943e+26
-3.285477341678486e+26
-4.093737016988945e+26
-5.308006886650134e+26
-4.153467727543999e+26
-5.381582017768223e+26
-4.18251219525382e+26
-5.416912617666163e+26
-4.202732474026003e+26
-5.441639112579777e+26
-2.312460479391011e+26
-3.30603838633979e+26
-2.323498959923206e+26
-3.320505947490789e+26
-8.732654440505576e+25
-1.618097757764894e+26
-8.777662187881631e+25
-1.625099954429316e+26
-8.534221176248384e+25
-1.587415818712704e+26
-8.668069360573869e+25
-1.608261238329237e+26
3.426654137169707e+24
-3.779436870727816e+25
3.313708093886216e+24
-3.837051331226739e+25
3.251423437417049e+24
-3.862819121276038e+25
3.213849147166523e+24
-3.882212496492322e+25
