FiniteElementSpace
FiniteElementCollection: L2_2D_P3
VDim: 1
Ordering: 0

14659.473
14297.244
13868.954
13508.745
14659.464
14297.237
13868.952
13508.739
14659.467
14297.239
13868.954
13508.741
14659.473
14297.245
13868.958
13508.743
14659.477
14297.248
13868.962
13508.746
14659.482
14297.252
13868.968
13508.756
14659.482
14297.248
13868.973
13508.781
14659.413
14297.228
13868.973
13508.8
15478.092
15093.273
14866.098
14730.484
15478.097
15093.274
14866.102
14730.482
15478.085
15093.273
14866.098
14730.494
15478.115
15093.284
14866.141
14730.481
15478.072
15093.348
14865.936
14731.128
15478.067
15093.35
14865.938
14731.131
15478.068
15093.35
14865.938
14731.131
15478.071
15093.349
14865.937
14731.129
14658.413
14297.205
13868.975
13509.504
14658.417
14297.206
13868.979
13509.513
14658.419
14297.208
13868.982
13509.518
14658.419
14297.208
13868.982
13509.519
14658.419
14297.207
13868.983
13509.515
14658.418
14297.207
13868.982
13509.512
14658.418
14297.206
13868.98
13509.511
14658.416
14297.205
13868.981
13509.498
13236.647
12445.952
11210.197
9106.0375
13236.644
12445.948
11210.191
9106.0333
13236.639
12445.94
11210.181
9106.0164
13236.629
12445.955
11210.13
9106.1121
13236.637
12445.907
11210.193
9105.9125
13236.648
12445.922
11210.216
9105.9301
13236.655
12445.931
11210.232
9105.9442
13236.656
12445.933
11210.234
9105.9474
13237.941
12445.688
11210.432
9105.9667
13237.942
12445.689
11210.432
9105.9661
13237.941
12445.689
11210.432
9105.9693
13237.942
12445.689
11210.432
9105.9628
14659.507
14297.153
13869.184
13508.011
14659.507
14297.153
13869.184
13508.012
14659.507
14297.153
13869.184
13508.011
14659.509
14297.152
13869.184
13508.012
14659.418
14297.331
13868.816
13509.345
14659.417
14297.331
13868.817
13509.344
14659.417
14297.331
13868.817
13509.345
14659.417
14297.331
13868.817
13509.345
13236.575
12446.079
11210.241
9106.062
13236.575
12446.079
11210.241
9106.0659
13236.575
12446.08
11210.242
9106.0664
13236.575
12446.08
11210.242
9106.0668
13237.974
12445.641
11210.532
9105.5932
13237.975
12445.642
11210.534
9105.5948
13237.975
12445.643
11210.536
9105.5947
13237.975
12445.643
11210.534
9105.6041
13237.954
12445.632
11210.577
9105.6468
13237.97
12445.638
11210.535
9105.5922
13237.973
12445.64
11210.532
9105.5932
13237.974
12445.641
11210.531
9105.594
14659.513
14297.133
13869.148
13508.008
14659.518
14297.14
13869.164
13508.027
14659.517
14297.143
13869.168
13508.029
14659.517
14297.143
13869.169
13508.031
14659.517
14297.143
13869.169
13508.031
14659.517
14297.143
13869.169
13508.031
14659.518
14297.143
13869.169
13508.032
14659.517
14297.145
13869.171
13508.032
15478.42
15093.219
14866.123
14730.442
15478.499
15093.209
14866.114
14730.433
15478.5
15093.211
14866.113
14730.433
15478.5
15093.211
14866.113
14730.433
15478.5
15093.21
14866.115
14730.427
15478.499
15093.21
14866.115
14730.427
15478.498
15093.21
14866.114
14730.43
15478.499
15093.21
14866.113
14730.431
14843
15083.163
15301.215
15448.043
14843
15083.162
15301.214
15448.045
14843
15083.161
15301.214
15448.045
14842.995
15083.172
15301.222
15448.031
14842.997
15083.077
15301.217
15448.12
14843.004
15083.159
15301.212
15448.053
14843.001
15083.163
15301.216
15448.045
14843.001
15083.164
15301.215
15448.043
13907.713
14078.324
14442.244
14698.426
13907.94
14078.145
14442.172
14698.364
13907.949
14078.145
14442.161
14698.359
13907.952
14078.142
14442.159
14698.358
13907.951
14078.143
14442.159
14698.358
13907.948
14078.144
14442.161
14698.359
13907.946
14078.146
14442.162
14698.359
13908.049
14078.138
14442.149
14698.343
13891.982
14079.913
14442.51
14699.068
13892.121
14079.897
14442.503
14699.048
13892.083
14079.903
14442.503
14699.053
13892.123
14079.904
14442.497
14699.047
14844.588
15082.127
15300.565
15449.378
14844.58
15082.136
15300.57
15449.361
14844.582
15082.134
15300.569
15449.364
14844.581
15082.14
15300.575
15449.361
14843.173
15082.554
15300.368
15449.492
14843.173
15082.562
15300.366
15449.498
14843.174
15082.542
15300.359
15449.494
14843.175
15082.422
15300.393
15449.442
13892.024
14080.086
14442.128
14700.405
13892.046
14080.09
14442.119
14700.401
13891.976
14080.077
14442.141
14700.413
13891.648
14080.032
14442.254
14700.471
12978.73
13162.035
13329.57
13319.444
12978.728
13162.035
13329.569
13319.449
12978.704
13162.049
13329.563
13319.432
12978.71
13162.019
13329.704
13319.43
12978.689
13161.924
13329.579
13319.569
12978.721
13162.04
13329.563
13319.454
12978.719
13162.039
13329.567
13319.447
12978.717
13162.04
13329.566
13319.454
12748.881
12800.517
12869.497
12828.599
12748.889
12800.518
12869.495
12828.606
12748.895
12800.519
12869.494
12828.61
12748.88
12800.515
12869.494
12828.598
12749.323
12800.524
12869.463
12828.958
12748.942
12800.551
12869.509
12828.635
12748.893
12800.524
12869.501
12828.606
12748.881
12800.518
12869.498
12828.599
13891.276
13022.388
12838.725
12710.052
13893.573
13021.898
12838.16
12709.426
13893.694
13021.938
12838.104
12709.374
13893.746
13021.939
12838.088
12709.356
13893.731
13021.942
12838.093
12709.36
13893.704
13021.94
12838.105
12709.37
13893.679
13021.939
12838.114
12709.379
13893.747
13021.94
12838.095
12709.358
13891.746
13021.674
12839.342
12704.792
13891.74
13021.674
12839.358
12704.803
13891.749
13021.673
12839.35
12704.798
13891.782
13021.67
12839.337
12704.787
12753.867
12799.006
12870.118
12828.32
12753.875
12799.008
12870.118
12828.328
12753.872
12799.01
12870.12
12828.324
12753.866
12799.011
12870.124
12828.318
12748.893
12800.463
12869.396
12828.765
12748.901
12800.464
12869.397
12828.774
12748.932
12800.474
12869.397
12828.809
12749.217
12800.345
12869.289
12829.117
13891.438
13022.334
12837.987
12709.647
13891.415
13022.339
12837.998
12709.658
13891.349
13022.33
12838.051
12709.696
13889.4
13023
12838.596
12710.243
15207.642
14548.641
12559.306
9862.2794
15207.665
14548.657
12559.293
9862.2158
15207.734
14548.708
12559.226
9862.0706
15208.449
14549.212
12559.255
9859.9214
15207.64
14548.622
12559.314
9862.3059
15207.674
14548.656
12559.294
9862.2343
15207.666
14548.649
12559.298
9862.2555
15207.658
14548.642
12559.304
9862.2809
14478.938
14636.206
15212.195
15309.407
14479.083
14636.118
15212.227
15309.403
14479.076
14636.121
15212.224
15309.399
14479.074
14636.119
15212.22
15309.389
14478.099
14636.397
15212.09
15309.474
14478.112
14636.407
15212.108
15309.494
14478.147
14636.444
15212.173
15309.564
14478.409
14636.656
15212.362
15310.181
15129.583
15055.149
14714.938
12407.024
15129.571
15055.124
14714.94
12407.017
15129.487
15055.077
14714.925
12407.026
15129.008
15054.819
14714.899
12406.863
37860.222
20811.729
18453.143
14183.772
37860.248
20811.725
18453.105
14183.759
37860.386
20811.692
18453.015
14183.668
37861.668
20811.08
18452.448
14183.051
37869.634
20793.529
18490.797
14041.485
37869.657
20793.504
18490.811
14041.453
37869.653
20793.507
18490.827
14041.456
37869.618
20793.528
18490.816
14041.487
15274.353
15013.283
14736.046
12394.415
15274.3
15013.294
14735.941
12394.559
15274.303
15013.301
14735.943
12394.557
15274.331
15013.287
14735.954
12394.549
15159.829
15047.315
14752.928
12096.947
15159.83
15047.307
14752.908
12096.976
15159.843
15047.292
14752.954
12096.915
15159.798
15047.341
14752.794
12097.135
37881.19
20793.239
18446.695
14192.524
37881.185
20793.252
18446.691
14192.532
37881.219
20793.263
18446.678
14192.533
37881.162
20793.231
18446.745
14192.524
37891.451
20775.078
18485.034
14047.413
37890.916
20774.721
18485.066
14047.557
37890.794
20774.696
18485.081
14047.588
37890.76
20774.703
18485.065
14047.618
15307.04
15004.322
14774.271
12083.712
15307.272
15004.551
14774.518
12083.53
15307.303
15004.587
14774.525
12083.526
15307.332
15004.578
14774.539
12083.515
14804.392
14584.742
15225.122
15271.642
14803.928
14584.895
15225.061
15271.157
14803.904
14584.876
15225.026
15271.106
14803.895
14584.872
15225.018
15271.09
14802.193
14585.362
15224.777
15271.249
14802.232
14585.338
15224.783
15271.251
14802.175
14585.381
15224.774
15271.267
14802.388
14585.225
15224.795
15271.212
15206.765
14556.817
12573.072
9842.0582
15206.78
14556.834
12573.069
9842.022
15206.782
14556.836
12573.072
9842.0064
15206.783
14556.847
12573.071
9842.0342
15207.574
14557.461
12573.259
9839.793
15206.873
14556.873
12573.026
9841.8736
15206.816
14556.821
12573.069
9842.0057
15206.801
14556.809
12573.076
9842.0545
15296.065
14504.328
12333.77
8774.7911
15295.931
14504.223
12333.712
8775.1315
15296.081
14504.335
12333.879
8774.7335
15294.941
14503.384
12333.523
8777.629
15296.03
14504.274
12333.748
8774.8991
15295.969
14504.222
12333.761
8775.0623
15295.978
14504.231
12333.761
8775.0378
15296.01
14504.264
12333.752
8774.9606
14590.846
14659.179
15249.764
15383.699
14590.952
14659.071
15249.755
15383.614
14590.952
14659.074
15249.754
15383.62
14590.976
14659.074
15249.766
15383.652
14590.021
14659.342
15249.636
15383.771
14589.945
14659.371
15249.629
15383.69
14590.063
14659.273
15249.578
15383.759
14589.334
14659.506
15249.467
15382.974
15072.541
15027.348
14726.176
12444.052
15072.592
15027.379
14726.233
12444.009
15072.583
15027.357
14726.159
12444.065
15072.96
15027.736
14726.552
12443.764
37989.597
20787.672
18402.879
14111.072
37989.475
20787.613
18402.868
14111.107
37989.479
20787.696
18402.886
14111.13
37988.433
20787.139
18402.937
14111.38
37999.052
20769.466
18440.477
13969.053
37998.881
20769.424
18440.522
13969.085
37998.886
20769.426
18440.524
13969.077
37998.92
20769.452
18440.498
13969.082
15216.988
14985.589
14747.255
12431.433
15216.994
14985.645
14747.165
12431.573
15216.985
14985.644
14747.163
12431.574
15216.987
14985.612
14747.167
12431.574
15103.989
15019.4
14765.394
12122.289
15103.998
15019.399
14765.377
12122.318
15104.014
15019.386
14765.426
12122.256
15103.947
15019.417
14765.249
12122.494
38011.415
20768.405
18396.202
14120.187
38011.375
20768.404
18396.197
14120.203
38011.366
20768.409
18396.179
14120.211
38011.316
20768.398
18396.235
14120.188
38019.977
20749.482
18434.648
13975.72
38020.845
20749.83
18434.57
13975.514
38020.984
20749.849
18434.562
13975.469
38020.975
20749.871
18434.534
13975.481
15251.518
14977.052
14787.056
12108.979
15251.287
14976.8
14786.985
12108.867
15251.241
14976.773
14786.962
12108.88
15251.25
14976.747
14786.967
12108.873
14928.424
14605.391
15263.868
15339.572
14928.582
14605.438
15263.898
15340.123
14928.61
14605.447
15263.934
15340.173
14928.618
14605.451
15263.944
15340.19
14926.908
14605.946
15263.704
15340.344
14926.94
14605.924
15263.707
15340.331
14926.873
14605.972
15263.697
15340.337
14927.113
14605.815
15263.735
15340.312
15298.863
14511.589
12348.929
8753.3008
15298.853
14511.579
12348.928
8753.3268
15298.841
14511.565
12348.929
8753.3453
15298.879
14511.609
12348.916
8753.2787
15298.13
14510.933
12348.709
8755.2117
15298.826
14511.508
12348.98
8753.429
15298.884
14511.563
12348.948
8753.3137
15298.899
14511.576
12348.943
8753.2723
15169.65
13181.629
12859.674
12553.55
15166.879
13182.068
12860.3
12554.297
15166.709
13182.021
12860.372
12554.373
15166.638
13182.018
12860.393
12554.4
12676.344
12755.912
12850.392
12662.579
12676.85
12756
12850.389
12662.837
12676.921
12756.043
12850.398
12662.849
12676.944
12756.054
12850.401
12662.853
12664.735
12759.612
12848.616
12663.943
12664.728
12759.609
12848.618
12663.94
12664.723
12759.61
12848.62
12663.938
12664.745
12759.624
12848.624
12663.945
15165.745
13183.668
12857.062
12566.345
15165.772
13183.671
12857.049
12566.336
15165.796
13183.67
12857.04
12566.328
15165.734
13183.661
12857.066
12566.354
15163.998
13182.548
12860.225
12554.787
15164.225
13182.553
12860.16
12554.718
15164.194
13182.554
12860.167
12554.726
15164.07
13182.551
12860.21
12554.766
15163.883
13182.586
12860.252
12554.813
15164.332
13182.474
12860.169
12554.709
15163.698
13182.742
12860.253
12554.823
15167.762
13181.932
12859.361
12553.816
12676.945
12756.018
12850.297
12663.053
12676.879
12756.028
12850.304
12662.996
12676.918
12755.964
12850.273
12663.052
12676.309
12756.004
12850.347
12662.532
12676.929
12756.028
12850.304
12663.031
12676.877
12756.017
12850.307
12662.995
12676.883
12756.016
12850.305
12663.001
12676.908
12756.022
12850.304
12663.02
12971.759
13199.254
13381.834
13236.896
12971.769
13199.281
13381.83
13236.863
12971.754
13199.244
13381.842
13236.896
12971.802
13199.42
13381.82
13236.717
12971.902
13199.479
13381.945
13236.287
12971.787
13199.277
13381.837
13236.85
12971.71
13199.285
13381.828
13236.877
12971.702
13199.281
13381.825
13236.889
13009.13
13177.034
13317.252
13061.762
13009.106
13176.995
13317.228
13061.874
13009.106
13177.055
13317.267
13061.71
13008.928
13176.723
13317.092
13062.615
13009.083
13176.906
13317.263
13061.9
13009.102
13177.002
13317.234
13061.852
13009.103
13177.005
13317.24
13061.837
13009.106
13177.017
13317.241
13061.818
12729.197
12789.5
12874.431
12846.224
12729.203
12789.498
12874.428
12846.232
12729.203
12789.494
12874.425
12846.238
12729.181
12789.485
12874.424
12846.227
12729.62
12789.486
12874.387
12846.59
12729.249
12789.526
12874.439
12846.262
12729.209
12789.506
12874.434
12846.231
12729.198
12789.501
12874.432
12846.224
13925.39
13022.449
12819.437
12687.882
13927.686
13021.945
12818.875
12687.264
13927.79
13021.982
12818.824
12687.22
13927.838
13021.981
12818.809
12687.203
13927.823
13021.984
12818.814
12687.207
13927.8
13021.983
12818.823
12687.215
13927.783
13021.986
12818.829
12687.218
13927.865
13021.989
12818.804
12687.19
13925.949
13021.732
12820.028
12682.545
13925.776
13021.71
12820.104
12682.621
13925.791
13021.713
12820.094
12682.612
13925.925
13021.721
12820.044
12682.562
12734.179
12787.946
12875.049
12845.94
12734.243
12787.977
12875.055
12845.96
12734.236
12787.973
12875.055
12845.958
12734.195
12787.958
12875.054
12845.943
12729.142
12789.416
12874.319
12846.374
12729.224
12789.427
12874.321
12846.416
12729.193
12789.49
12874.344
12846.346
12730.02
12789.648
12874.352
12846.759
13925.758
13022.362
12818.636
12687.411
13925.312
13022.456
12818.733
12687.535
13925.892
13022.21
12818.66
12687.43
13921.859
13022.853
12819.679
12688.626
15208.82
14550.38
12560.558
9865.93
15208.95
14550.48
12560.625
9865.5473
15208.817
14550.384
12560.443
9865.9877
15209.957
14551.313
12560.87
9862.7058
15208.871
14550.401
12560.59
9865.828
15208.956
14550.487
12560.568
9865.6247
15208.94
14550.474
12560.57
9865.6585
15208.903
14550.438
12560.579
9865.7523
14477.011
14635.373
15212.769
15310.484
14477.176
14635.281
15212.813
15310.519
14477.167
14635.284
15212.806
15310.509
14477.153
14635.28
15212.79
15310.472
14476.163
14635.553
15212.653
15310.512
14476.186
14635.564
15212.653
15310.604
14476.189
14635.568
15212.722
15310.516
14476.444
14635.653
15212.793
15311.415
15126.731
15053.762
14713.808
12400.961
15126.703
15053.703
14713.803
12400.928
15126.701
15053.727
14713.788
12400.994
15126.31
15053.315
14713.67
12400.81
37894.368
20807.408
18454.836
14176.51
37894.521
20807.481
18454.81
14176.489
37894.399
20807.418
18454.799
14176.486
37896.062
20807.961
18454.687
14176.115
37903.995
20789.2
18492.57
14033.963
37904.085
20789.218
18492.587
14033.918
37904.025
20789.209
18492.589
14033.923
37903.904
20789.208
18492.571
14033.968
15271.721
15011.818
14734.951
12388.309
15271.648
15011.807
14734.832
12388.462
15271.649
15011.814
14734.834
12388.464
15271.688
15011.81
14734.85
12388.456
15156.982
15045.897
14751.837
12090.504
15156.983
15045.888
14751.816
12090.54
15156.998
15045.873
14751.861
12090.487
15156.955
15045.923
14751.7
12090.713
37915.925
20788.922
18448.442
14185.189
37915.863
20788.931
18448.431
14185.204
37915.82
20788.938
18448.409
14185.214
37915.707
20788.903
18448.47
14185.212
37926.154
20770.764
18486.849
14039.852
37925.687
20770.413
18486.869
14039.987
37925.541
20770.389
18486.879
14040.022
37925.45
20770.399
18486.854
14040.057
15304.44
15002.845
14773.221
12077.241
15304.663
15003.073
14773.467
12077.053
15304.691
15003.105
14773.47
12077.054
15304.719
15003.094
14773.482
12077.048
14802.823
14583.875
15225.729
15272.753
14802.354
14584.03
15225.671
15272.268
14802.329
14584.011
15225.636
15272.216
14802.318
14584.006
15225.625
15272.198
14800.614
14584.496
15225.382
15272.355
14800.651
14584.471
15225.385
15272.352
14800.591
14584.51
15225.369
15272.361
14800.802
14584.351
15225.385
15272.3
15208.032
14558.658
12574.351
9845.4242
15208.042
14558.672
12574.35
9845.3965
15208.037
14558.669
12574.354
9845.3954
15208.031
14558.675
12574.356
9845.4358
15208.849
14559.31
12574.543
9843.1441
15208.146
14558.719
12574.306
9845.2351
15208.088
14558.665
12574.348
9845.3645
15208.07
14558.651
12574.355
9845.417
15298.518
14506.088
12332.861
8768.5496
15298.379
14505.98
12332.804
8768.9005
15298.524
14506.089
12332.975
8768.5115
15297.37
14505.127
12332.618
8771.4455
15298.496
14506.043
12332.837
8768.6378
15298.432
14505.988
12332.851
8768.8072
15298.436
14505.995
12332.852
8768.7894
15298.465
14506.025
12332.843
8768.7173
14589.946
14658.631
15251.098
15385.901
14590.051
14658.522
15251.086
15385.812
14590.05
14658.524
15251.082
15385.814
14590.074
14658.522
15251.091
15385.843
14589.116
14658.791
15250.958
15385.96
14589.037
14658.818
15250.948
15385.874
14589.154
14658.716
15250.89
15385.938
14588.415
14658.948
15250.777
15385.142
15068.473
15026.001
14725.676
12436.098
15068.524
15026.031
14725.732
12436.06
15068.517
15026.006
14725.656
12436.124
15068.889
15026.394
14726.053
12435.811
38042.164
20779.282
18405.32
14099.709
38042.011
20779.22
18405.302
14099.748
38041.903
20779.31
18405.312
14099.784
38040.998
20778.74
18405.35
14100.021
38051.881
20761.022
18443.046
13957.288
38051.664
20760.981
18443.083
13957.325
38051.596
20760.982
18443.076
13957.326
38051.57
20761.007
18443.043
13957.337
15213.291
14984.145
14746.817
12423.422
15213.296
14984.199
14746.724
12423.567
15213.286
14984.195
14746.72
12423.577
15213.287
14984.161
14746.721
12423.582
15099.994
15018.061
14764.996
12113.612
15099.997
15018.053
14764.975
12113.649
15100.011
15018.035
14765.02
12113.597
15099.954
15018.073
14764.846
12113.841
38064.709
20759.877
18398.727
14108.746
38064.613
20759.882
18398.712
14108.765
38064.536
20759.889
18398.683
14108.779
38064.41
20759.865
18398.736
14108.771
38074.696
20741.282
18437.214
13963.585
38074.584
20741.28
18437.204
13963.605
38074.466
20741.272
18437.199
13963.617
38074.361
20741.285
18437.167
13963.65
15247.601
14975.312
14786.622
12100.13
15247.61
14975.312
14786.622
12100.141
15247.609
14975.318
14786.617
12100.155
15247.63
14975.3
14786.625
12100.157
14928.402
14604.836
15265.349
15342.348
14928.397
14604.828
15265.335
15342.333
14928.391
14604.821
15265.322
15342.32
14928.389
14604.817
15265.317
15342.313
14926.678
14605.311
15265.074
15342.467
14926.712
14605.287
15265.076
15342.457
14926.646
14605.332
15265.063
15342.465
14926.877
14605.172
15265.089
15342.42
15301.345
14513.373
12348.046
8746.9892
15301.343
14513.373
12348.045
8746.9939
15301.333
14513.363
12348.047
8747.0039
15301.349
14513.387
12348.039
8746.9891
15301.419
14513.382
12348.043
8746.8865
15301.405
14513.375
12348.051
8746.9152
15301.392
14513.367
12348.058
8746.9421
15301.385
14513.362
12348.06
8746.9557
15214.269
13183.329
12840.246
12529.618
15214.279
13183.332
12840.243
12529.613
15214.283
13183.334
12840.241
12529.61
15214.28
13183.335
12840.24
12529.611
12655.542
12744.062
12855.193
12678.873
12655.536
12744.056
12855.189
12678.871
12655.532
12744.052
12855.186
12678.87
12655.533
12744.051
12855.186
12678.871
12643.232
12747.635
12853.386
12679.973
12643.235
12747.636
12853.388
12679.974
12643.239
12747.64
12853.39
12679.977
12643.242
12747.644
12853.392
12679.978
15213.36
13185.001
12836.887
12541.655
15213.351
13185
12836.887
12541.658
15213.337
13184.996
12836.888
12541.661
15213.338
13184.992
12836.892
12541.664
15211.575
13183.863
12840.089
12530.016
15211.799
13183.867
12840.023
12529.948
15211.758
13183.867
12840.032
12529.958
15211.626
13183.863
12840.076
12530.001
15211.435
13183.898
12840.119
12530.049
15211.885
13183.783
12840.036
12529.946
15211.242
13184.055
12840.119
12530.058
15215.358
13183.235
12839.218
12529.042
12655.552
12744.022
12855.082
12679.081
12655.487
12744.032
12855.089
12679.025
12655.524
12743.966
12855.058
12679.079
12654.909
12744.007
12855.134
12678.558
12655.53
12744.026
12855.087
12679.059
12655.479
12744.016
12855.091
12679.022
12655.488
12744.017
12855.09
12679.028
12655.515
12744.025
12855.089
12679.048
13005.331
13213.372
13373.8
12951.927
13005.338
13213.395
13373.794
12951.908
13005.323
13213.354
13373.809
12951.942
13005.371
13213.537
13373.775
12951.776
13005.361
13213.371
13373.811
12951.883
13005.354
13213.378
13373.812
12951.877
13005.281
13213.397
13373.801
12951.887
13005.275
13213.396
13373.798
12951.894
14251.132
14054.046
14427.423
14647.512
14251.129
14054.044
14427.42
14647.509
14251.124
14054.043
14427.418
14647.507
14251.121
14054.041
14427.416
14647.505
14841.457
15099.882
15325.593
15385.201
14841.454
15099.879
15325.59
15385.198
14841.451
15099.875
15325.586
15385.195
14841.449
15099.872
15325.584
15385.193
14834.675
15101.876
15324.56
15385.877
14834.674
15101.873
15324.558
15385.874
14834.671
15101.87
15324.555
15385.871
14834.666
15101.88
15324.56
15385.855
14250.616
14054.939
14425.615
14654.042
14250.613
14054.938
14425.612
14654.04
14250.611
14054.938
14425.61
14654.038
14250.721
14054.922
14425.601
14654.02
14206.028
14061.607
14425.556
14653.766
14206.233
14061.572
14425.531
14653.73
14206.18
14061.582
14425.532
14653.736
14206.194
14061.582
14425.538
14653.735
14206.163
14061.596
14425.545
14653.741
14206.202
14061.56
14425.536
14653.731
14206.134
14061.625
14425.539
14653.744
14206.51
14061.34
14425.421
14653.644
14840.735
15098.87
15323.374
15389.381
14840.736
15098.884
15323.369
15389.37
14840.729
15098.861
15323.379
15389.376
14840.739
15098.994
15323.372
15389.264
14840.746
15098.866
15323.369
15389.402
14840.737
15098.89
15323.382
15389.367
14840.737
15098.883
15323.378
15389.371
14840.736
15098.88
15323.375
15389.373
15510.875
15088.911
14866.986
14727.58
15510.877
15088.914
14866.988
14727.576
15510.874
15088.914
14866.987
14727.58
15510.869
15088.913
14866.988
14727.581
15510.862
15088.913
14866.989
14727.578
15510.877
15088.909
14866.988
14727.577
15510.849
15088.916
14866.99
14727.579
15510.98
15088.9
14866.975
14727.565
14659.026
14298.159
13871.221
13511.791
14659.026
14298.161
13871.225
13511.794
14659.027
14298.162
13871.225
13511.795
14659.027
14298.161
13871.224
13511.794
14659.027
14298.16
13871.225
13511.79
14659.028
14298.161
13871.227
13511.794
14659.024
14298.163
13871.229
13511.793
14659.034
14298.172
13871.252
13511.823
13238.857
12447.516
11208.789
9102.6318
13238.861
12447.518
11208.784
9102.6211
13238.858
12447.518
11208.788
9102.6402
13238.886
12447.526
11208.723
9102.526
13238.862
12447.492
11208.813
9102.5247
13238.865
12447.493
11208.81
9102.5205
13238.866
12447.495
11208.814
9102.526
13238.866
12447.497
11208.818
9102.5336
13240.208
12447.114
11208.953
9102.4927
13240.209
12447.116
11208.955
9102.4977
13240.211
12447.119
11208.958
9102.5034
13240.212
12447.12
11208.963
9102.5053
14659.114
14297.98
13871.586
13510.46
14659.115
14297.981
13871.587
13510.461
14659.115
14297.982
13871.588
13510.462
14659.116
14297.982
13871.588
13510.463
14659.039
14298.16
13871.222
13511.789
14659.025
14298.158
13871.22
13511.781
14659.025
14298.157
13871.219
13511.783
14659.025
14298.157
13871.22
13511.784
13238.853
12447.497
11208.714
9102.5197
13238.845
12447.496
11208.75
9102.5802
13238.848
12447.5
11208.758
9102.5848
13238.849
12447.502
11208.763
9102.5896
13240.696
12447.195
11208.67
9098.3582
13240.696
12447.198
11208.679
9098.377
13240.703
12447.204
11208.684
9098.3644
13240.686
12447.201
11208.738
9098.4811
13240.686
12447.182
11208.654
9098.3389
13240.688
12447.186
11208.664
9098.352
13240.691
12447.19
11208.669
9098.3594
13240.693
12447.193
11208.671
9098.3624
14660.222
14298.054
13871.531
13510.763
14660.221
14298.055
13871.532
13510.765
14660.222
14298.056
13871.534
13510.767
14660.223
14298.058
13871.537
13510.77
14660.225
14298.058
13871.538
13510.772
14660.223
14298.059
13871.539
13510.772
14660.226
14298.057
13871.538
13510.777
14660.203
14298.055
13871.533
13510.761
15512.873
15088.35
14867.082
14727.085
15512.871
15088.35
14867.082
14727.085
15512.869
15088.348
14867.081
14727.088
15512.864
15088.352
14867.086
14727.082
15513.017
15088.362
14866.992
14727.504
15513.015
15088.361
14866.992
14727.505
15513.011
15088.36
14866.993
14727.507
15513.009
15088.358
14866.993
14727.507
14659.442
14298.142
13871.279
13512.185
14659.443
14298.143
13871.281
13512.188
14659.444
14298.145
13871.284
13512.191
14659.445
14298.146
13871.286
13512.194
14659.446
14298.146
13871.288
13512.192
14659.446
14298.148
13871.29
13512.195
14659.448
14298.15
13871.293
13512.198
14659.448
14298.151
13871.295
13512.201
13239.347
12447.514
11208.322
9098.6344
13239.35
12447.518
11208.328
9098.6422
13239.354
12447.523
11208.334
9098.6518
13239.357
12447.526
11208.339
9098.658
13239.343
12447.477
11208.334
9098.5091
13239.347
12447.482
11208.341
9098.5184
13239.351
12447.488
11208.349
9098.5295
13239.354
12447.492
11208.355
9098.5384
24414.95
18399.312
16792.406
15382.408
24414.933
18399.306
16792.404
15382.409
24414.914
18399.3
16792.401
15382.41
24414.898
18399.297
16792.395
15382.414
15613.392
15472.086
15469.583
14717.971
15613.393
15472.087
15469.584
14717.973
15613.393
15472.087
15469.585
14717.975
15613.396
15472.084
15469.587
14717.976
15563.959
15486.534
15462.282
14722.595
15563.965
15486.528
15462.286
14722.594
15563.962
15486.529
15462.285
14722.597
15563.959
15486.532
15462.284
14722.6
24411.503
18405.76
16779.217
15430.608
24411.486
18405.76
16779.208
15430.615
24411.472
18405.753
16779.207
15430.612
24411.463
18405.748
16779.208
15430.609
24414.871
18399.275
16792.387
15382.409
24414.859
18399.263
16792.393
15382.406
24414.848
18399.262
16792.389
15382.407
24414.842
18399.261
16792.387
15382.404
24414.834
18399.259
16792.386
15382.405
24414.819
18399.253
16792.387
15382.409
24414.765
18399.24
16792.394
15382.427
24414.577
18399.078
16792.42
15382.513
15613.389
15472.085
15469.587
14717.99
15613.394
15472.09
15469.59
14717.989
15613.413
15472.107
15469.599
14717.978
15613.519
15472.239
15469.651
14717.996
15613.395
15472.081
15469.59
14717.982
15613.392
15472.091
15469.589
14717.984
15613.392
15472.088
15469.589
14717.986
15613.389
15472.086
15469.588
14717.989
15688.636
15624.002
15973.137
16076.376
15688.63
15624.003
15973.134
16076.366
15688.633
15624.003
15973.135
16076.371
15688.637
15624.002
15973.137
16076.377
15688.637
15624.002
15973.137
16076.377
15688.633
15624
15973.132
16076.369
15688.613
15623.994
15973.11
16076.337
15688.459
15624
15973.116
16076.012
16096.906
15843.629
15037.697
13557.152
16096.895
15843.621
15037.703
13557.193
16096.858
15843.592
15037.736
13557.306
16096.447
15843.195
15037.629
13558.783
16096.901
15843.621
15037.689
13557.151
16096.889
15843.611
15037.695
13557.196
16096.896
15843.618
15037.696
13557.18
16096.903
15843.625
15037.695
13557.161
16093.718
15844.542
15037.23
13557.338
16093.719
15844.543
15037.232
13557.342
16093.72
15844.544
15037.234
13557.344
16093.72
15844.545
15037.235
13557.35
15687.597
15624.648
15972.166
16079.517
15687.599
15624.649
15972.167
16079.518
15687.6
15624.651
15972.169
16079.519
15687.599
15624.652
15972.17
16079.519
15688.63
15623.994
15973.128
16076.372
15688.63
15623.994
15973.128
16076.372
15688.63
15623.995
15973.128
16076.372
15688.632
15623.996
15973.129
16076.373
16096.898
15843.598
15037.7
13557.022
16096.898
15843.599
15037.704
13557.03
16096.898
15843.601
15037.708
13557.038
16096.899
15843.602
15037.71
13557.042
16271.471
15368.791
15614.646
15632.809
16271.474
15368.795
15614.649
15632.813
16271.457
15368.807
15614.652
15632.82
16271.455
15368.813
15614.656
15632.826
15836.932
15997.406
16162.92
16001.057
15836.936
15997.41
16162.924
16001.059
15836.941
15997.415
16162.927
16001.066
15836.945
15997.416
16162.93
16001.071
15820.223
16002.395
16160.387
16002.765
15820.228
16002.397
16160.39
16002.768
15820.23
16002.402
16160.395
16002.772
15820.258
16002.479
16160.381
16002.7
16270.251
15370.991
15610.266
15648.903
16270.256
15370.994
15610.267
15648.908
16270.245
15371.007
15610.265
15648.912
16270.638
15370.758
15610.267
15648.844
15778.549
15427.089
15619.959
15707.149
15779.143
15426.693
15619.959
15707.039
15778.989
15426.806
15619.95
15707.069
15779.075
15426.75
15619.953
15707.055
15834.148
15976.711
16129.777
16070.438
15834.192
15976.831
16129.753
16070.317
15834.182
15976.807
16129.767
16070.344
15834.19
15976.825
16129.764
16070.331
15827.917
15978.682
16128.816
16070.967
15827.919
15978.681
16128.816
16070.973
15827.922
15978.681
16128.816
16070.978
15827.897
15978.613
16128.835
16071.048
15778.604
15427.586
15618.303
15713.098
15778.597
15427.59
15618.307
15713.101
15778.6
15427.585
15618.314
15713.103
15778.233
15427.833
15618.312
15713.171
16048.975
15842.935
15209.635
14098.851
16048.987
15842.944
15209.63
14098.814
16049.022
15842.973
15209.601
14098.709
16049.432
15843.372
15209.712
14097.18
15482.72
15638.282
15946.007
16050.528
15482.726
15638.284
15946.011
16050.537
15482.745
15638.288
15946.031
16050.568
15482.893
15638.28
15946.023
16050.891
15483.123
15638.033
15946.348
16049.4
15483.129
15638.035
15946.354
16049.412
15483.127
15638.037
15946.355
16049.409
15483.126
15638.038
15946.354
16049.405
16050.111
15842.601
15209.812
14098.743
16050.126
15842.614
15209.805
14098.695
16050.121
15842.609
15209.805
14098.712
16050.115
15842.602
15209.808
14098.733
16048.967
15842.922
15209.65
14098.841
16048.995
15842.949
15209.641
14098.75
16049
15842.954
15209.641
14098.734
16048.957
15842.916
15209.659
14098.881
16049.592
15843.511
15209.729
14096.549
16048.929
15842.871
15209.564
14099.015
16049.003
15842.956
15209.672
14098.695
16048.936
15842.892
15209.642
14098.956
15482.955
15638.284
15946.036
16051.021
15482.709
15638.293
15946.042
16050.496
15482.725
15638.279
15945.995
16050.551
15482.7
15638.279
15946
16050.492
15482.716
15638.276
15945.999
16050.523
15482.726
15638.276
15946.006
16050.541
15482.73
15638.276
15946.007
16050.546
15482.708
15638.276
15945.994
16050.511
15583.837
15507.117
15440.634
14826.183
15583.827
15507.108
15440.629
14826.189
15583.826
15507.106
15440.628
14826.192
15583.84
15507.127
15440.636
14826.184
15583.656
15506.906
15440.548
14826.181
15583.829
15507.121
15440.632
14826.206
15583.829
15507.105
15440.632
14826.174
15583.845
15507.127
15440.638
14826.183
24337.408
18416.139
16811.934
15463.986
24337.06
18415.886
16811.975
15464.129
24337.052
18415.919
16811.982
15464.133
24337.01
18415.887
16811.985
15464.147
24337.037
18415.897
16811.984
15464.138
24337.049
18415.902
16811.981
15464.13
24337.046
18415.902
16811.979
15464.129
24337.004
18415.883
16811.988
15464.141
24340.306
18409.613
16824.789
15417.288
24340.312
18409.612
16824.792
15417.276
24340.304
18409.61
16824.789
15417.279
24340.296
18409.608
16824.786
15417.284
15631.853
15493.132
15447.605
14822.161
15631.841
15493.133
15447.599
14822.167
15631.844
15493.132
15447.601
14822.167
15631.848
15493.132
15447.604
14822.164
15583.826
15507.117
15440.631
14826.192
15583.828
15507.107
15440.633
14826.191
15583.808
15507.093
15440.623
14826.204
15583.702
15506.96
15440.57
14826.183
24337.007
18415.887
16811.979
15464.129
24337.007
18415.894
16811.97
15464.132
24337.046
18415.903
16811.964
15464.114
24337.251
18416.067
16811.936
15464.027
24410.989
18398.719
16792.388
15383.102
24411.389
18398.981
16792.342
15382.95
24411.379
18398.945
16792.332
15382.946
24411.418
18398.975
16792.328
15382.931
24411.39
18398.959
16792.33
15382.94
24411.366
18398.95
16792.332
15382.948
24411.357
18398.947
16792.333
15382.951
24411.385
18398.962
16792.331
15382.94
15613.623
15472.234
15469.649
14718.554
15613.633
15472.244
15469.654
14718.55
15613.636
15472.246
15469.657
14718.547
15613.612
15472.232
15469.608
14718.622
15613.814
15472.449
15469.741
14718.55
15613.632
15472.23
15469.654
14718.519
15613.632
15472.244
15469.654
14718.552
15613.615
15472.223
15469.647
14718.544
15688.358
15624.006
15972.944
16075.684
15688.606
15624.001
15972.944
16076.217
15688.591
15624.016
15972.993
16076.162
15688.616
15624.017
15972.987
16076.223
16096.068
15842.881
15037.751
13559.844
16096.738
15843.528
15037.918
13557.465
16096.662
15843.44
15037.814
13557.782
16096.738
15843.513
15037.847
13557.509
16093.523
15844.41
15037.358
13557.949
16093.501
15844.389
15037.368
13558.022
16093.493
15844.382
15037.371
13558.048
16093.544
15844.432
15037.351
13557.893
15688.365
15624.44
15972.14
16079.266
15688.355
15624.441
15972.132
16079.248
15688.35
15624.442
15972.13
16079.242
15688.431
15624.4
15972.153
16079.268
15549.196
15647.884
15966.275
16093.443
15549.29
15647.813
15966.288
16093.423
15549.263
15647.832
15966.281
16093.426
15549.277
15647.821
15966.282
16093.423
16096.155
15840.312
15031.951
13566.997
16096.162
15840.324
15031.948
13566.991
16096.158
15840.321
15031.953
13566.999
16096.159
15840.322
15031.953
13567.001
16095
15840.664
15031.778
13567.11
16095
15840.664
15031.778
13567.11
16095.003
15840.665
15031.775
13567.103
16095.001
15840.659
15031.773
13567.098
15549.195
15647.976
15965.973
16094.545
15549.196
15647.976
15965.974
16094.545
15549.199
15647.977
15965.978
16094.548
15549.142
15648.024
15965.973
16094.563
15552.267
15490.311
15446.096
14852.269
15552.267
15490.311
15446.096
14852.268
15552.265
15490.31
15446.094
14852.271
15552.268
15490.305
15446.134
14852.206
15552.27
15490.305
15446.144
14852.188
15552.263
15490.312
15446.081
14852.294
15552.266
15490.31
15446.1
14852.265
15552.266
15490.312
15446.091
14852.279
24400.358
18411.552
16782.454
15427.144
24400.331
18411.552
16782.462
15427.155
24400.332
18411.55
16782.461
15427.153
24400.325
18411.549
16782.462
15427.156
24400.334
18411.546
16782.463
15427.154
24400.333
18411.545
16782.463
15427.154
24400.337
18411.546
16782.461
15427.152
24400.356
18411.548
16782.455
15427.144
24411.302
18398.973
16792.344
15382.972
24411.307
18398.953
16792.32
15382.95
24411.292
18398.941
16792.311
15382.944
24411.295
18398.944
16792.307
15382.948
15613.633
15472.25
15469.607
14718.635
15613.629
15472.236
15469.666
14718.53
15613.619
15472.234
15469.646
14718.56
15613.625
15472.23
15469.658
14718.543
15564.22
15486.673
15462.354
14723.165
15564.232
15486.671
15462.36
14723.162
15564.237
15486.679
15462.362
14723.165
15564.278
15486.674
15462.37
14723.164
24407.91
18405.407
16779.141
15431.113
24407.912
18405.418
16779.141
15431.126
24407.923
18405.431
16779.151
15431.135
24407.858
18405.344
16779.216
15431.08
23666.358
18656.675
16657.316
15475.73
23666.234
18656.501
16657.387
15475.612
23666.25
18656.534
16657.355
15475.639
23666.189
18656.5
16657.36
15475.62
23666.161
18656.488
16657.338
15475.613
23666.092
18656.415
16657.279
15475.566
23665.908
18656.247
16657.116
15475.441
23665.794
18655.445
16656.496
15474.926
15590.439
15479.028
15466.189
14720.898
15590.394
15478.997
15466.173
14720.895
15590.279
15478.917
15466.132
14720.868
15589.847
15478.686
15465.972
14720.736
15590.428
15479.063
15466.192
14720.888
15590.468
15479.04
15466.194
14720.879
15590.45
15479.042
15466.193
14720.886
15590.451
15479.034
15466.192
14720.895
15688.071
15624.173
15972.902
16076.223
15688.062
15624.178
15972.909
16076.227
15688.069
15624.182
15972.915
16076.237
15688.078
15624.188
15972.924
16076.251
15688.08
15624.194
15972.933
16076.263
15688.079
15624.209
15972.96
16076.294
15688.059
15624.244
15973.017
16076.36
15687.854
15624.359
15973.272
16076.348
16096.717
15843.508
15037.88
13557.702
16096.749
15843.543
15037.924
13557.771
16096.816
15843.622
15038.047
13557.945
16096.736
15843.554
15038.197
13559.597
16096.673
15843.46
15037.837
13557.679
16096.676
15843.464
15037.854
13557.726
16096.687
15843.476
15037.859
13557.713
16096.704
15843.493
15037.868
13557.704
16093.513
15844.413
15037.378
13558.006
16093.51
15844.409
15037.374
13558.001
16093.504
15844.402
15037.368
13557.995
16093.5
15844.399
15037.364
13557.993
15687.563
15624.676
15972.028
16079.331
15687.565
15624.674
15972.025
16079.328
15687.566
15624.672
15972.021
16079.322
15687.564
15624.672
15972.019
16079.319
15688.672
15623.96
15972.988
16076.159
15688.578
15624.034
15972.982
16076.187
15688.604
15624.018
15972.992
16076.189
15688.594
15624.027
15972.99
16076.192
16096.683
15843.465
15037.837
13557.684
16096.686
15843.466
15037.854
13557.707
16096.695
15843.477
15037.861
13557.712
16096.695
15843.475
15037.861
13557.713
16271.246
15368.862
15614.677
15632.881
16271.264
15368.881
15614.693
15632.891
16271.238
15368.879
15614.684
15632.887
16271.225
15368.869
15614.675
15632.881
16271.245
15368.862
15614.677
15632.878
16271.265
15368.875
15614.689
15632.886
16271.32
15368.954
15614.742
15632.929
16271.939
15368.996
15615.022
15633.036
15836.96
15997.427
16162.939
16001.138
15836.967
15997.43
16162.936
16001.132
15836.999
15997.444
16162.931
16001.106
15837.152
15997.559
16162.868
16001.213
15836.964
15997.43
16162.944
16001.143
15836.972
15997.435
16162.942
16001.139
15836.967
15997.432
16162.941
16001.139
15836.962
15997.429
16162.94
16001.139
15820.234
16002.41
16160.397
16002.839
15820.235
16002.412
16160.398
16002.838
15820.236
16002.413
16160.398
16002.839
15820.234
16002.411
16160.396
16002.843
16268.905
15371.39
15610.12
15649.059
16268.912
15371.388
15610.117
15649.059
16268.907
15371.391
15610.115
15649.06
16268.898
15371.394
15610.122
15649.061
16271.755
15368.54
15614.668
15632.787
16271.139
15368.94
15614.674
15632.9
16271.281
15368.837
15614.684
15632.875
16271.2
15368.893
15614.68
15632.892
15836.997
15997.528
16162.924
16001.036
15836.955
15997.412
16162.949
16001.158
15836.969
15997.44
16162.939
16001.137
15836.965
15997.425
16162.944
16001.152
16635.717
16816.183
17348.526
17613.248
16635.686
16816.192
17348.522
17613.246
16635.511
16816.243
17348.497
17613.259
16635.495
16816.246
17348.493
17613.26
16635.698
16816.185
17348.519
17613.242
16635.694
16816.179
17348.513
17613.236
16635.686
16816.173
17348.501
17613.243
16635.559
16815.942
17348.318
17612.689
17760.349
17688.821
17758.122
17833.979
17760.29
17688.828
17758.118
17833.941
17760.318
17688.821
17758.121
17833.967
17760.358
17688.812
17758.124
17834
17760.331
17688.821
17758.136
17833.979
17760.393
17688.785
17758.103
17834.042
17759.979
17688.873
17758.137
17833.753
17759.242
17689.04
17758.221
17833.185
17863.336
17774.913
17695.691
17625.465
17863.421
17774.98
17695.764
17625.535
17863.433
17774.981
17695.782
17625.576
17863.356
17774.908
17695.729
17625.566
17863.196
17774.816
17695.639
17625.462
17863.282
17774.723
17695.62
17625.677
17862.426
17774.233
17695.127
17625.094
17861.659
17773.762
17694.668
17624.605
17550.793
17281.869
16844.149
15867.968
17551.106
17282.204
16844.428
15867.262
17550.665
17282.597
16846.95
15873.535
17550.335
17283.032
16849.32
15879.113
17550.738
17281.586
16843.428
15866.526
17550.795
17281.577
16843.203
15866.055
17550.847
17281.65
16843.275
15866.109
17550.883
17281.788
16843.632
15866.672
17550.989
17281.613
16843.665
15866.333
17550.981
17281.578
16843.577
15866.198
17550.971
17281.527
16843.445
15865.99
17550.966
17281.498
16843.372
15865.88
17863.339
17774.845
17695.713
17625.337
17863.358
17774.867
17695.73
17625.34
17863.388
17774.901
17695.755
17625.346
17863.406
17774.922
17695.772
17625.35
17863.376
17774.92
17695.697
17625.491
17863.336
17774.875
17695.668
17625.497
17863.316
17774.853
17695.655
17625.502
17863.32
17774.859
17695.66
17625.505
17550.763
17281.526
16843.333
15865.894
17550.795
17281.624
16843.559
15866.233
17550.814
17281.678
16843.681
15866.416
17550.815
17281.676
16843.67
15866.398
17550.953
17281.553
16843.439
15866.53
17550.954
17281.554
16843.441
15866.531
17550.956
17281.558
16843.446
15866.54
17550.958
17281.559
16843.448
15866.536
17550.957
17281.539
16843.463
15866.442
17550.957
17281.54
16843.463
15866.444
17550.957
17281.54
16843.464
15866.444
17550.958
17281.54
16843.464
15866.446
17863.09
17774.835
17695.767
17625.347
17863.09
17774.835
17695.767
17625.347
17863.09
17774.835
17695.768
17625.347
17863.091
17774.836
17695.768
17625.348
17863.091
17774.836
17695.769
17625.346
17863.091
17774.836
17695.77
17625.347
17863.092
17774.837
17695.77
17625.348
17863.093
17774.838
17695.772
17625.35
17760.315
17688.843
17758.078
17834.116
17760.315
17688.844
17758.078
17834.116
17760.314
17688.844
17758.079
17834.117
17760.312
17688.844
17758.079
17834.118
17760.343
17688.815
17758.116
17833.956
17760.325
17688.825
17758.118
17833.956
17760.324
17688.824
17758.118
17833.956
17760.323
17688.824
17758.118
17833.957
17863.339
17774.889
17695.681
17625.478
17863.331
17774.883
17695.672
17625.47
17863.331
17774.882
17695.672
17625.471
17863.331
17774.882
17695.672
17625.472
17863.331
17774.882
17695.672
17625.472
17863.331
17774.882
17695.673
17625.473
17863.332
17774.883
17695.674
17625.474
17863.332
17774.882
17695.673
17625.474
17550.76
17281.626
16843.444
15866.485
17550.761
17281.627
16843.444
15866.487
17550.761
17281.628
16843.444
15866.487
17550.762
17281.628
16843.445
15866.485
17550.763
17281.618
16843.393
15866.416
17550.757
17281.62
16843.431
15866.474
17550.759
17281.624
16843.44
15866.48
17550.76
17281.626
16843.443
15866.483
17549.602
17280.275
16843.563
15866.753
17549.6
17280.275
16843.568
15866.765
17549.602
17280.275
16843.567
15866.747
17549.586
17280.275
16843.62
15866.856
17863.937
17774.793
17694.722
17624.027
17863.935
17774.792
17694.72
17624.025
17863.937
17774.79
17694.719
17624.026
17863.922
17774.779
17694.703
17624.008
17863.926
17774.818
17694.676
17624.202
17863.925
17774.816
17694.674
17624.2
17863.925
17774.816
17694.673
17624.199
17863.925
17774.816
17694.674
17624.2
17549.425
17280.329
16843.54
15866.773
17549.423
17280.329
16843.544
15866.78
17549.422
17280.328
16843.543
15866.779
17549.422
17280.328
16843.54
15866.776
17549.6
17280.292
16843.545
15866.848
17549.599
17280.292
16843.545
15866.849
17549.598
17280.291
16843.544
15866.849
17549.598
17280.29
16843.543
15866.848
17549.605
17280.282
16843.579
15866.761
17549.606
17280.28
16843.572
15866.761
17549.606
17280.28
16843.572
15866.761
17549.605
17280.28
16843.572
15866.763
17863.941
17774.792
17694.719
17624.028
17863.94
17774.796
17694.725
17624.031
17863.939
17774.796
17694.725
17624.031
17863.939
17774.796
17694.724
17624.03
17863.939
17774.795
17694.725
17624.028
17863.938
17774.795
17694.724
17624.027
17863.938
17774.794
17694.723
17624.027
17863.938
17774.794
17694.723
17624.026
17749.938
17688.256
17759.733
17835.874
17749.952
17688.248
17759.732
17835.871
17749.952
17688.248
17759.731
17835.871
17749.953
17688.248
17759.731
17835.87
17749.954
17688.248
17759.731
17835.869
17749.95
17688.25
17759.731
17835.869
17749.957
17688.246
17759.73
17835.869
17749.932
17688.264
17759.735
17835.868
16617.177
16822.351
17344.398
17620.67
16617.186
16822.352
17344.4
17620.672
16617.134
16822.372
17344.395
17620.679
16617.105
16822.384
17344.393
17620.679
16635.691
16816.165
17348.51
17613.271
16635.682
16816.17
17348.508
17613.271
16635.503
16816.227
17348.483
17613.284
16635.516
16816.226
17348.484
17613.287
17760.421
17688.715
17758.043
17834.088
17760.42
17688.714
17758.043
17834.088
17760.419
17688.713
17758.043
17834.089
17760.417
17688.713
17758.043
17834.089
17760.416
17688.714
17758.043
17834.087
17760.418
17688.712
17758.043
17834.086
17760.411
17688.716
17758.043
17834.087
17760.434
17688.702
17758.04
17834.083
17863.607
17774.894
17695.722
17625.716
17863.606
17774.895
17695.723
17625.717
17863.606
17774.895
17695.723
17625.717
17863.606
17774.894
17695.723
17625.717
17863.606
17774.894
17695.722
17625.717
17863.606
17774.894
17695.723
17625.717
17863.605
17774.893
17695.722
17625.717
17863.604
17774.901
17695.732
17625.722
17551.039
17281.569
16842.952
15863.302
17551.039
17281.569
16842.951
15863.303
17551.039
17281.57
16842.953
15863.304
17551.042
17281.567
16842.942
15863.299
17551.038
17281.567
16842.948
15863.29
17551.039
17281.567
16842.948
15863.295
17551.039
17281.568
16842.95
15863.298
17551.039
17281.569
16842.951
15863.3
17551.234
17281.481
16843.039
15862.92
17551.235
17281.483
16843.042
15862.925
17551.236
17281.484
16843.045
15862.928
17551.236
17281.485
16843.046
15862.937
17863.624
17774.864
17695.759
17625.559
17863.624
17774.865
17695.76
17625.56
17863.625
17774.865
17695.761
17625.561
17863.624
17774.865
17695.761
17625.561
17863.612
17774.885
17695.709
17625.725
17863.613
17774.885
17695.71
17625.727
17863.613
17774.886
17695.711
17625.728
17863.613
17774.887
17695.712
17625.73
17551.051
17281.525
16843.002
15862.918
17551.053
17281.527
16843.005
15862.923
17551.055
17281.53
16843.009
15862.929
17551.057
17281.532
16843.012
15862.934
22307.173
19558.181
18901.468
18333.905
22307.164
19558.178
18901.466
18333.905
22307.153
19558.174
18901.464
18333.904
22307.145
19558.171
18901.463
18333.904
22307.144
19558.169
18901.462
18333.903
22307.136
19558.167
18901.461
18333.903
22307.127
19558.163
18901.459
18333.902
22307.113
19558.161
18901.46
18333.905
18479.136
18463.775
18542.273
18241.414
18479.135
18463.775
18542.272
18241.414
18479.134
18463.773
18542.272
18241.412
18479.129
18463.775
18542.244
18241.459
18479.139
18463.778
18542.28
18241.408
18479.138
18463.777
18542.279
18241.407
18479.137
18463.776
18542.277
18241.407
18479.136
18463.775
18542.276
18241.406
18746.546
18724.371
18946.513
19033.736
18746.544
18724.369
18946.511
19033.734
18746.542
18724.367
18946.508
19033.73
18746.54
18724.365
18946.506
19033.728
19071.1
18992.602
18677.595
17982.37
19071.097
18992.599
18677.593
17982.369
19071.094
18992.596
18677.59
17982.368
19071.091
18992.593
18677.588
17982.367
19068.701
18993.303
18677.222
17982.601
19068.699
18993.301
18677.22
17982.6
19068.696
18993.298
18677.218
17982.6
19068.698
18993.301
18677.214
17982.595
18746.367
18724.675
18945.875
19036.027
18746.365
18724.674
18945.873
19036.025
18746.363
18724.673
18945.87
19036.023
18746.4
18724.642
18945.875
19036.013
18663.121
18739.728
18941.792
19044.546
18663.183
18739.679
18941.802
19044.531
18663.164
18739.691
18941.796
19044.533
18663.173
18739.683
18941.797
19044.53
19070.143
18990.883
18674.092
17988.276
19070.147
18990.889
18674.087
17988.27
19070.143
18990.885
18674.087
17988.271
19070.143
18990.885
18674.085
17988.27
19069.277
18991.141
18673.953
17988.356
19069.276
18991.14
18673.952
17988.355
19069.275
18991.139
18673.95
17988.355
19069.271
18991.133
18673.951
17988.358
18663.115
18739.795
18941.57
19045.36
18663.114
18739.794
18941.569
19045.359
18663.115
18739.792
18941.568
19045.358
18663.075
18739.822
18941.561
19045.365
18444.487
18474.352
18528.479
18319.601
18444.486
18474.352
18528.478
18319.6
18444.485
18474.351
18528.477
18319.601
18444.487
18474.348
18528.503
18319.552
18444.494
18474.353
18528.515
18319.546
18444.487
18474.356
18528.471
18319.621
18444.488
18474.353
18528.482
18319.6
18444.486
18474.354
18528.476
18319.61
22300.861
19565.091
18895.95
18358.556
22300.843
19565.089
18895.953
18358.561
22300.837
19565.086
18895.95
18358.558
22300.829
19565.084
18895.949
18358.559
22300.826
19565.082
18895.948
18358.558
22300.821
19565.08
18895.947
18358.557
22300.814
19565.077
18895.945
18358.557
22300.827
19565.076
18895.939
18358.551
22304.949
19558.122
18901.448
18334.206
22304.975
19558.12
18901.44
18334.197
22304.962
19558.118
18901.44
18334.199
22304.961
19558.118
18901.436
18334.2
18479.196
18463.774
18542.184
18241.783
18479.2
18463.77
18542.227
18241.704
18479.198
18463.771
18542.214
18241.725
18479.201
18463.767
18542.221
18241.713
18451.239
18472.04
18537.996
18244.481
18451.242
18472.036
18537.998
18244.479
18451.24
18472.036
18537.997
18244.48
18451.237
18472.037
18537.996
18244.481
22302.967
19561.765
18894.037
18361.23
22302.96
19561.765
18894.032
18361.234
22302.955
19561.762
18894.031
18361.232
22302.954
19561.76
18894.032
18361.229
22304.939
19558.112
18901.429
18334.198
22304.935
19558.106
18901.433
18334.195
22304.932
19558.106
18901.43
18334.195
22304.931
19558.105
18901.43
18334.192
22304.931
19558.104
18901.429
18334.192
22304.924
19558.101
18901.43
18334.194
22304.897
19558.093
18901.434
18334.205
22304.792
19557.999
18901.448
18334.258
18479.192
18463.764
18542.214
18241.72
18479.194
18463.767
18542.215
18241.718
18479.205
18463.777
18542.22
18241.709
18479.271
18463.861
18542.253
18241.718
18479.197
18463.763
18542.217
18241.717
18479.195
18463.769
18542.216
18241.718
18479.194
18463.766
18542.216
18241.718
18479.192
18463.765
18542.214
18241.72
18746.445
18724.369
18946.436
19033.655
18746.44
18724.369
18946.434
19033.648
18746.441
18724.369
18946.434
19033.65
18746.444
18724.368
18946.435
19033.654
18746.444
18724.367
18946.434
19033.654
18746.441
18724.366
18946.431
19033.649
18746.426
18724.363
18946.417
19033.626
18746.318
18724.373
18946.429
19033.404
19070.999
18992.52
18677.585
17982.519
19070.992
18992.514
18677.589
17982.545
19070.966
18992.494
18677.614
17982.631
19070.684
18992.218
18677.543
17983.804
19070.998
18992.518
18677.586
17982.529
19070.989
18992.511
18677.59
17982.559
19070.993
18992.514
18677.588
17982.543
19070.997
18992.518
18677.585
17982.526
19068.603
18993.229
18677.225
17982.779
19068.603
18993.228
18677.224
17982.779
19068.602
18993.227
18677.223
17982.777
19068.602
18993.227
18677.222
17982.777
18745.682
18724.852
18945.721
19036.002
18745.682
18724.852
18945.721
19036.002
18745.682
18724.851
18945.72
19036.001
18745.681
18724.852
18945.721
19036.001
18746.497
18724.333
18946.446
19033.645
18746.433
18724.381
18946.436
19033.657
18746.449
18724.366
18946.438
19033.652
18746.441
18724.372
18946.436
19033.654
19071.003
18992.526
18677.59
17982.539
19070.997
18992.518
18677.593
17982.545
19070.997
18992.519
18677.591
17982.545
19070.996
18992.517
18677.591
17982.546
19469.446
18989.184
19231.74
19277.702
19469.441
18989.181
19231.736
19277.696
19469.417
18989.184
19231.729
19277.693
19469.412
18989.183
19231.727
19277.69
19469.435
18989.175
19231.729
19277.686
19469.435
18989.173
19231.727
19277.683
19469.426
18989.178
19231.72
19277.68
19469.676
18988.994
19231.724
19277.624
19435.775
19563.264
19711.175
19664.15
19435.771
19563.261
19711.171
19664.144
19435.766
19563.256
19711.167
19664.139
19435.782
19563.297
19711.149
19664.089
19435.792
19563.284
19711.199
19664.176
19435.786
19563.279
19711.192
19664.169
19435.78
19563.272
19711.184
19664.159
19435.776
19563.267
19711.178
19664.153
19421.703
19567.601
19708.998
19665.768
19421.697
19567.591
19708.989
19665.758
19421.689
19567.581
19708.978
19665.745
19421.681
19567.575
19708.969
19665.737
19467.586
18991.232
19228.029
19291.17
19467.58
18991.228
19228.022
19291.165
19467.567
18991.225
19228.014
19291.158
19467.562
18991.222
19228.01
19291.151
19469.558
18989.205
19231.795
19277.744
19469.547
18989.199
19231.786
19277.735
19469.517
18989.197
19231.774
19277.725
19469.509
18989.192
19231.765
19277.72
19435.855
19563.353
19711.28
19664.249
19435.845
19563.342
19711.267
19664.238
19435.831
19563.329
19711.251
19664.224
19435.824
19563.318
19711.241
19664.213
20027.137
20336.352
20436.155
19734.117
20027.008
20336.319
20436.099
19734.127
20027.018
20336.245
20436.068
19734.133
20027.013
20336.209
20436.052
19734.139
20018.066
20339.059
20434.464
19735.323
20018.068
20339.047
20434.458
19735.319
20018.086
20339.05
20434.46
19735.306
20018.134
20339.177
20434.414
19735.008
19423.673
19553.072
19690.996
19714.439
19423.674
19553.068
19690.999
19714.429
19423.602
19553.02
19690.953
19714.397
19423.481
19552.939
19690.875
19714.345
19148.202
19036.025
19227.976
19333.04
19148.165
19036.027
19227.972
19333.044
19148.041
19035.877
19227.859
19332.949
19147.857
19035.624
19227.674
19332.787
19149.27
19035.241
19229.271
19328.624
19149.236
19035.215
19229.25
19328.608
19149.227
19035.229
19229.253
19328.615
19149.242
19035.243
19229.263
19328.624
19428.277
19551.681
19691.721
19713.929
19428.265
19551.672
19691.713
19713.92
19428.268
19551.675
19691.717
19713.926
19428.274
19551.68
19691.723
19713.934
19423.679
19553.073
19690.995
19714.426
19423.678
19553.071
19690.993
19714.427
19423.677
19553.07
19690.992
19714.426
19423.675
19553.071
19690.992
19714.425
19423.665
19553.023
19691.02
19714.499
19423.691
19553.091
19690.994
19714.42
19423.677
19553.07
19691
19714.435
19423.681
19553.077
19690.994
19714.424
19147.874
19036.277
19227.985
19333.126
19148.262
19035.981
19227.99
19333.038
19148.156
19036.062
19227.977
19333.056
19148.21
19036.018
19227.979
19333.043
19148.196
19036.031
19227.979
19333.046
19148.193
19036.031
19227.98
19333.046
19148.184
19036.032
19227.979
19333.046
19148.184
19036.029
19227.974
19333.043
19041.332
18992.721
18779.938
18324.858
19041.331
18992.72
18779.938
18324.86
19041.329
18992.719
18779.94
18324.865
19041.323
18992.714
18779.946
18324.879
18624.387
18736.103
18931.152
19019.001
18624.388
18736.103
18931.151
19019.001
18624.388
18736.101
18931.15
19018.998
18624.354
18736.127
18931.141
19019.002
18624.658
18735.935
18931.391
19018.208
18624.658
18735.936
18931.393
19018.21
18624.658
18735.937
18931.394
19018.211
18624.66
18735.937
18931.394
19018.211
19042.134
18992.481
18780.066
18324.791
19042.135
18992.481
18780.064
18324.785
19042.136
18992.481
18780.062
18324.781
19042.136
18992.481
18780.061
18324.779
19041.322
18992.713
18779.949
18324.908
19041.341
18992.731
18779.939
18324.835
19041.344
18992.734
18779.937
18324.819
19041.314
18992.707
18779.952
18324.929
19041.755
18993.127
18779.998
18323.124
19041.296
18992.677
18779.889
18325.065
19041.347
18992.738
18779.968
18324.794
19041.3
18992.692
18779.945
18325
18624.556
18736.1
18931.164
19019.341
18624.38
18736.115
18931.18
19018.976
18624.392
18736.104
18931.145
19019.014
18624.373
18736.105
18931.149
19018.973
18624.384
18736.102
18931.148
19018.994
18624.391
18736.101
18931.152
19019.007
18624.393
18736.1
18931.153
19019.01
18624.378
18736.101
18931.145
19018.986
18462.438
18483.877
18525.317
18303.426
18462.431
18483.87
18525.313
18303.43
18462.43
18483.869
18525.312
18303.431
18462.438
18483.882
18525.317
18303.424
18462.324
18483.742
18525.263
18303.434
18462.433
18483.88
18525.317
18303.444
18462.433
18483.87
18525.316
18303.421
18462.443
18483.884
18525.32
18303.426
22262.677
19566.512
18912.707
18379.395
22262.488
19566.364
18912.73
18379.485
22262.488
19566.385
18912.737
18379.487
22262.468
19566.368
18912.739
18379.496
22262.48
19566.377
18912.738
18379.491
22262.489
19566.381
18912.736
18379.486
22262.491
19566.382
18912.735
18379.484
22262.47
19566.372
18912.741
18379.491
22264.389
19562.858
18919.88
18353.39
22264.39
19562.856
18919.883
18353.385
22264.39
19562.856
18919.881
18353.385
22264.388
19562.857
18919.879
18353.387
18489.401
18475.935
18529.292
18301.113
18489.396
18475.938
18529.289
18301.116
18489.396
18475.936
18529.29
18301.116
18489.398
18475.934
18529.291
18301.115
18462.429
18483.874
18525.312
18303.431
18462.433
18483.87
18525.314
18303.429
18462.434
18483.874
18525.313
18303.431
18462.442
18483.876
18525.342
18303.39
22262.468
19566.378
18912.736
18379.484
22262.463
19566.379
18912.732
18379.489
22262.455
19566.377
18912.734
18379.49
22262.439
19566.371
18912.732
18379.492
22268.157
19559.689
18918.36
18354.858
22268.385
19559.782
18918.352
18354.804
22268.514
19559.84
18918.352
18354.779
22268.492
19559.831
18918.353
18354.784
22268.457
19559.816
18918.355
18354.793
22268.352
19559.773
18918.358
18354.817
22268.194
19559.709
18918.364
18354.853
22268.106
19559.672
18918.367
18354.876
18496.324
18473.39
18538.448
18230.975
18496.355
18473.427
18538.481
18231.003
18496.403
18473.481
18538.533
18231.042
18496.426
18473.515
18538.538
18231.106
18496.404
18473.491
18538.514
18231.1
18496.343
18473.411
18538.481
18230.974
18496.306
18473.369
18538.427
18230.959
18496.313
18473.376
18538.44
18230.955
18701.468
18721.738
18935.822
19008.241
18701.358
18721.756
18935.807
19008.254
18701.342
18721.727
18935.806
19008.251
18701.338
18721.735
18935.803
19008.251
19042.976
18994.004
18783.293
18319.697
19042.97
18993.987
18783.247
18319.614
19042.971
18993.982
18783.217
18319.561
19042.969
18993.98
18783.221
18319.57
19040.763
18994.637
18782.891
18319.8
19040.761
18994.638
18782.911
18319.84
19040.756
18994.641
18782.941
18319.899
19040.755
18994.645
18782.954
18319.929
18701.19
18722.023
18935.222
19010.372
18701.214
18722.034
18935.222
19010.369
18701.248
18722.051
18935.222
19010.364
18701.303
18722.033
18935.229
19010.353
18624.405
18736.058
18931.363
19018.242
18624.515
18736.009
18931.337
19018.196
18624.482
18735.995
18931.309
19018.18
18624.393
18735.948
18931.312
19018.188
19042.118
18992.466
18780.062
18324.824
19042.096
18992.471
18780.114
18324.898
19042.079
18992.456
18780.099
18324.865
19042.085
18992.438
18780.004
18324.704
19041.303
18992.642
18779.722
18324.606
19041.303
18992.672
18779.766
18324.395
19041.399
18992.505
18778.935
18323.479
19041.488
18992.363
18778.191
18322.593
18624.213
18736.035
18931.144
19018.987
18624.148
18735.913
18931.05
19018.959
18623.479
18735.847
18931.288
19019.145
18622.855
18735.757
18931.483
19019.308
18462.155
18483.651
18525.106
18303.165
18462.287
18483.532
18524.976
18303.238
18460.862
18482.578
18524.184
18302.069
18459.6
18481.681
18523.432
18301.028
18462.43
18483.902
18525.384
18303.372
18462.559
18483.998
18525.409
18303.542
18462.573
18483.981
18525.394
18303.52
18462.446
18483.846
18525.265
18303.414
22262.542
19566.331
18912.677
18379.454
22262.082
19566.261
18912.787
18379.603
22262.056
19566.31
18912.838
18379.635
22262.578
19566.48
18912.799
18379.514
22263.721
19566.567
18912.618
18379.219
22262.775
19567.091
18912.928
18379.49
22268.851
19567.523
18911.925
18377.909
22274.116
19568.036
18911.085
18376.53
18625.479
18500.745
18778.282
18883.877
18629.122
18497.801
18778.474
18882.095
18628.111
18498.697
18778.371
18882.58
18628.659
18498.248
18778.403
18882.312
18628.449
18498.414
18778.39
18882.412
18628.455
18498.403
18778.392
18882.412
18628.439
18498.404
18778.396
18882.422
18628.45
18498.405
18778.384
18882.426
19110.439
19277.621
19613.405
19811.457
19110.449
19277.629
19613.414
19811.469
19110.454
19277.64
19613.426
19811.483
19110.456
19277.636
19613.434
19811.488
19110.8
19277.986
19613.539
19811.556
19110.42
19277.572
19613.379
19811.414
19110.477
19277.657
19613.412
19811.456
19110.432
19277.602
19613.396
19811.446
20006.668
20294.018
20391.403
19884.344
20006.788
20294.219
20391.334
19883.841
20006.789
20294.214
20391.37
19883.938
20006.823
20294.257
20391.376
19883.879
20004.661
20294.952
20391.006
19884.196
20004.68
20294.969
20391.025
19884.202
20004.703
20295
20391.047
19884.18
20004.703
20295.081
20391.077
19884.027
19073.761
19289.589
19606.827
19818.417
19073.768
19289.603
19606.843
19818.421
19073.733
19289.548
19606.805
19818.403
19073.646
19289.385
19606.681
19818.379
19073.718
19289.593
19606.8
19818.398
19073.732
19289.59
19606.813
19818.401
19073.738
19289.601
19606.822
19818.413
19073.743
19289.603
19606.828
19818.419
18626.304
18502.385
18770.291
18914.951
18626.307
18502.393
18770.286
18914.971
18626.314
18502.395
18770.296
18914.973
18626.327
18502.402
18770.298
18914.977
18627.011
18502.204
18770.413
18914.896
18626.943
18502.223
18770.393
18914.907
18627.227
18502.259
18770.426
18914.857
18628.126
18502.195
18770.621
18914.72
17698.021
17869.42
17792.119
17762.73
17697.912
17869.368
17792.318
17762.7
17698.246
17869.566
17791.845
17762.541
17698.838
17869.913
17790.971
17762.345
16479.452
16810.566
17296.886
17581.225
16479.432
16810.508
17296.78
17581.141
16479.412
16810.666
17297.11
17581.436
16479.461
16810.932
17297.709
17581.939
16485.931
16810.156
17294.031
17596.195
16485.914
16810.167
17294.036
17596.212
16485.815
16810.2
17294.029
17596.232
16485.821
16810.199
17294.048
17596.234
17680.194
17875.104
17789.223
17764.942
17680.207
17875.106
17789.211
17764.919
17680.214
17875.109
17789.199
17764.898
17680.22
17875.121
17789.182
17764.88
17697.91
17869.461
17792.072
17763.399
17697.909
17869.459
17792.078
17763.39
17697.899
17869.456
17792.085
17763.401
17697.894
17869.444
17792.103
17763.429
17698.627
17869.245
17793.204
17756.984
17697.89
17869.471
17791.704
17764.806
17698.089
17869.405
17792.223
17762.606
17697.984
17869.443
17792.005
17763.739
16485.133
16809.206
17297.927
17581.36
16484.93
16808.839
17297.647
17580.483
16484.959
16808.917
17297.699
17580.715
16484.931
16808.857
17297.653
17580.583
16479.462
16810.535
17296.824
17581.157
16479.46
16810.53
17296.816
17581.15
16479.434
16810.531
17296.805
17581.142
16479.411
16810.533
17296.785
17581.14
15819.901
15953.131
16113.019
16157.196
15819.905
15953.131
16113.018
16157.201
15819.91
15953.132
16113.016
16157.203
15819.897
15953.094
16113.026
16157.244
15640.106
15488.217
15640.789
15734.483
15640.098
15488.22
15640.798
15734.49
15640.096
15488.221
15640.808
15734.496
15639.906
15488.369
15640.81
15734.534
15640.161
15487.604
15641.833
15731.736
15641.038
15487.585
15641.689
15731.588
15641.063
15487.604
15641.675
15731.584
15641.073
15487.609
15641.674
15731.585
15822.884
15952.137
16113.366
16157.055
15822.845
15952.243
16113.453
16156.916
15822.845
15952.251
16113.462
16156.904
15822.847
15952.255
16113.465
16156.902
15818.025
15959.315
16122.603
16136.9
15817.994
15959.322
16122.615
16136.878
15818.002
15959.29
16122.597
16136.903
15817.958
15959.48
16122.731
16136.665
15817.784
15959.166
16122.726
16136.813
15818.021
15959.356
16122.628
16136.96
15818.02
15959.331
16122.635
16136.863
15818.037
15959.338
16122.61
16136.895
15798.783
15466.501
15640.884
15714.319
15799.8
15466.587
15641.312
15714.48
15799.676
15466.718
15641.308
15714.521
15799.739
15466.688
15641.356
15714.53
15799.613
15466.677
15641.338
15714.526
15799.75
15466.625
15641.286
15714.475
15799.444
15466.659
15641.296
15714.509
15801
15466.675
15641.121
15714.314
16078.14
15874.873
15248.646
14149.422
16078.18
15874.878
15248.589
14149.343
16078.312
15874.908
15248.422
14149.206
16078.631
15874.448
15246.769
14148.756
15510.612
15667.667
15974.496
16079.234
15510.62
15667.723
15974.568
16079.289
15510.629
15667.911
15974.805
16079.471
15510.877
15669.348
15976.26
16080.247
15510.915
15667.47
15974.849
16078.156
15510.916
15667.513
15974.891
16078.172
15510.913
15667.487
15974.858
16078.145
15510.915
15667.462
15974.831
16078.13
16079.289
15874.577
15248.88
14149.411
16079.287
15874.551
15248.798
14149.405
16079.265
15874.538
15248.796
14149.384
16079.257
15874.536
15248.81
14149.344
16078.178
15874.904
15248.678
14149.571
16078.193
15874.921
15248.668
14149.486
16078.191
15874.921
15248.671
14149.472
16078.181
15874.916
15248.714
14149.627
16078.082
15874.768
15248.173
14146.838
16077.969
15874.674
15248.428
14149.614
16078.137
15874.858
15248.625
14149.358
16078.153
15874.879
15248.669
14149.682
15510.888
15667.451
15974.041
16079.099
15510.563
15667.649
15974.47
16079.097
15510.599
15667.682
15974.496
16079.241
15510.573
15667.717
15974.569
16079.264
15510.598
15667.713
15974.559
16079.283
15510.618
15667.712
15974.558
16079.291
15510.625
15667.707
15974.55
16079.287
15510.596
15667.714
15974.559
16079.283
15576.429
15519.813
15459.223
14862.54
15576.456
15519.831
15459.236
14862.563
15576.479
15519.848
15459.246
14862.572
15576.441
15519.827
15459.229
14862.543
15577.309
15520.349
15459.552
14862.766
15576.59
15519.947
15459.278
14862.546
15576.506
15519.859
15459.249
14862.534
15576.411
15519.805
15459.215
14862.525
23445.551
18605.806
16654.307
15542.633
23445.141
18604.5
16653.254
15541.772
23444.865
18604.435
16653.157
15541.697
23444.762
18604.24
16653.007
15541.578
23444.763
18604.279
16653.049
15541.609
23444.759
18604.302
16653.079
15541.636
23444.765
18604.326
16653.108
15541.662
23444.718
18604.269
16653.054
15541.616
23446.728
18600.088
16662.006
15509.276
23447.05
18600.005
16661.912
15509.173
23447.055
18600.082
16661.999
15509.243
23446.886
18600.174
16662.092
15509.33
15609.824
15510.169
15464.08
14859.783
15609.746
15510.162
15464.092
14859.754
15609.803
15510.186
15464.097
14859.767
15609.868
15510.196
15464.088
14859.789
15576.559
15519.883
15459.245
14862.585
15576.451
15519.814
15459.224
14862.567
15576.026
15519.595
15459.173
14862.472
15573.518
15519.01
15459.431
14861.752
23444.677
18604.476
16653.231
15541.765
23444.809
18604.337
16653.097
15541.638
23444.759
18604.019
16652.478
15541.141
23450.216
18599.168
16648.466
15537.597
20695.955
17655.26
16552.702
15890.899
20702.052
17648.293
16546.174
15885.255
20700.972
17649.206
16546.596
15885.612
20701.679
17648.349
16545.854
15884.967
20701.356
17648.734
16546.246
15885.29
20701.27
17648.886
16546.492
15885.488
20701.214
17648.947
16546.574
15885.557
20701.385
17648.59
16546.051
15885.131
15988.993
15912.415
15815.004
15168.898
15989.175
15912.476
15814.994
15168.954
15989.221
15912.493
15814.994
15168.966
15988.886
15912.366
15814.967
15168.92
15993.155
15913.678
15814.809
15170.003
15989.137
15912.696
15815.207
15168.856
15989.24
15912.482
15815
15168.944
15988.826
15912.381
15815.034
15168.836
15767.869
15628.171
15732.034
15727.12
15768.308
15630.454
15734.324
15728.328
15768.241
15630.28
15734.242
15728.384
15768.293
15630.544
15734.505
15728.522
15731.629
15626.6
15351.339
14825.043
15732.116
15625.795
15348.579
14823.848
15732.237
15625.977
15348.794
14823.561
15732.292
15625.887
15348.466
14823.448
15730.025
15626.606
15348.284
14823.718
15729.997
15626.629
15348.373
14823.803
15729.988
15626.638
15348.408
14823.831
15730.058
15626.603
15348.22
14823.644
15768.099
15630.711
15733.773
15730.642
15768.086
15630.634
15733.687
15730.59
15768.081
15630.608
15733.657
15730.572
15768.148
15630.744
15733.849
15730.683
15669.31
15647.498
15729.416
15740.665
15669.378
15647.438
15729.412
15740.642
15669.356
15647.438
15729.387
15740.626
15669.363
15647.424
15729.378
15740.612
15731.947
15623.751
15344.535
14830.047
15731.947
15623.762
15344.548
14830.051
15731.928
15623.754
15344.575
14830.107
15731.918
15623.75
15344.589
14830.145
15731.069
15624
15344.465
14830.231
15731.079
15624.007
15344.459
14830.206
15731.125
15624.033
15344.412
14830.082
15731.385
15624.263
15344.424
14829.102
15669.303
15647.537
15729.149
15741.434
15669.307
15647.542
15729.158
15741.444
15669.322
15647.568
15729.203
15741.493
15669.403
15647.605
15729.247
15741.716
15956.165
15922.414
15799.749
15262.807
15956.152
15922.404
15799.744
15262.808
15956.086
15922.352
15799.718
15262.813
15955.947
15922.212
15799.666
15262.789
15956.086
15922.345
15799.751
15262.743
15956.103
15922.369
15799.715
15262.823
15956.143
15922.396
15799.743
15262.804
15956.161
15922.412
15799.744
15262.815
20694.974
17655.965
16542.298
15906.372
20694.976
17655.99
16542.333
15906.404
20694.988
17656.019
16542.372
15906.442
20694.987
17656.032
16542.392
15906.462
20694.996
17656.03
16542.397
15906.464
20694.988
17656.02
16542.383
15906.451
20694.975
17655.971
16542.315
15906.382
20695.015
17655.974
16542.205
15906.246
20734.07
17646.927
16529.344
15865.333
20734.251
17647.071
16529.328
15865.259
20734.279
17647.069
16529.333
15865.263
20734.31
17647.095
16529.335
15865.26
15972.246
15903.207
15818.65
15179.316
15972.157
15903.085
15818.615
15179.283
15972.161
15903.098
15818.613
15179.305
15972.157
15903.084
15818.612
15179.296
15947.424
15910.357
15814.931
15181.636
15947.434
15910.36
15814.936
15181.63
15947.437
15910.363
15814.936
15181.629
15947.426
15910.355
15814.93
15181.634
20732.764
17650.238
16522.812
15889.266
20732.766
17650.243
16522.815
15889.276
20732.776
17650.248
16522.82
15889.278
20732.802
17650.258
16522.82
15889.268
20734.362
17647.104
16529.353
15865.271
20734.363
17647.102
16529.36
15865.271
20734.372
17647.108
16529.362
15865.274
20734.382
17647.114
16529.365
15865.274
20734.384
17647.116
16529.367
15865.276
20734.388
17647.119
16529.372
15865.281
20734.374
17647.119
16529.382
15865.295
20734.237
17647.019
16529.395
15865.349
15972.176
15903.102
15818.616
15179.288
15972.182
15903.107
15818.618
15179.287
15972.196
15903.12
15818.626
15179.28
15972.261
15903.205
15818.656
15179.309
15972.172
15903.096
15818.617
15179.29
15972.173
15903.102
15818.616
15179.289
15972.175
15903.102
15818.617
15179.288
15972.175
15903.102
15818.616
15179.289
15809.433
15635.437
15745.853
15751.916
15809.428
15635.436
15745.848
15751.907
15809.429
15635.433
15745.846
15751.906
15809.43
15635.431
15745.845
15751.907
15809.43
15635.43
15745.844
15751.906
15809.427
15635.428
15745.839
15751.899
15809.416
15635.425
15745.825
15751.878
15809.348
15635.423
15745.829
15751.697
15757.215
15624.001
15249.762
14526.01
15757.207
15623.993
15249.761
14526.027
15757.183
15623.973
15249.773
14526.082
15756.957
15623.753
15249.716
14526.956
15757.224
15624.008
15249.768
14526.019
15757.214
15624
15249.771
14526.046
15757.214
15624
15249.767
14526.033
15757.215
15624.001
15249.763
14526.018
15754.884
15624.709
15249.437
14526.176
15754.867
15624.692
15249.439
14526.225
15754.862
15624.687
15249.437
14526.23
15754.884
15624.706
15249.424
14526.147
15808.841
15635.876
15745.165
15754.244
15808.834
15635.875
15745.16
15754.23
15808.832
15635.874
15745.157
15754.225
15808.842
15635.873
15745.164
15754.243
15809.317
15635.432
15745.847
15751.661
15809.439
15635.438
15745.84
15751.949
15809.434
15635.44
15745.863
15751.915
15809.444
15635.441
15745.858
15751.942
15756.91
15623.709
15249.772
14527.286
15757.267
15624.053
15249.852
14525.871
15757.223
15624.002
15249.785
14526.047
15757.256
15624.033
15249.797
14525.893
15916.003
15456.129
15638.727
15690.072
15915.66
15456.34
15638.723
15690.125
15915.724
15456.273
15638.717
15690.104
15915.67
15456.301
15638.712
15690.109
15823.888
15963.346
16132.429
16121.667
15823.856
15963.274
16132.435
16121.743
15823.856
15963.283
16132.426
16121.724
15823.849
15963.27
16132.426
16121.734
15815.087
15965.881
16131.092
16122.615
15815.083
15965.878
16131.091
16122.613
15815.073
15965.872
16131.088
16122.612
15815.079
15965.905
16131.076
16122.564
15915.062
15457.424
15636.407
15698.522
15915.06
15457.418
15636.399
15698.517
15915.046
15457.412
15636.385
15698.507
15915.247
15457.264
15636.376
15698.46
15640.069
15488.025
15641.578
15731.72
15640.201
15487.633
15641.432
15731.531
15640.177
15487.738
15641.455
15731.572
15640.327
15487.783
15641.513
15731.613
15822.809
15952.206
16113.475
16156.984
15822.719
15952.172
16113.382
16156.841
15822.733
15952.179
16113.409
16156.877
15822.781
15952.229
16113.445
16156.897
15819.821
15953.067
16112.98
16157.188
15819.792
15953.042
16112.965
16157.144
15819.157
15952.481
16112.492
16156.834
15818.109
15951.557
16111.708
16156.335
15640.052
15488.129
15640.704
15734.399
15640.055
15488.099
15640.668
15734.367
15638.885
15487.146
15639.887
15733.677
15636.878
15485.56
15638.588
15732.539
15730.889
15623.655
15343.6
14828.868
15730.79
15623.544
15343.437
14828.28
15730.802
15623.082
15341.279
14824.82
15730.801
15622.64
15339.256
14821.494
15668.766
15647.188
15728.981
15741.285
15668.681
15646.994
15728.809
15741.165
15666.528
15645.995
15728.695
15741.245
15664.516
15645.03
15728.556
15741.299
15669.565
15647.413
15729.429
15740.599
15669.741
15647.47
15729.395
15740.54
15669.693
15647.407
15729.332
15740.478
15669.428
15647.235
15729.26
15740.436
15731.912
15623.703
15344.493
14830.005
15731.855
15623.684
15344.607
14830.243
15731.792
15623.61
15344.492
14830.062
15731.746
15623.506
15344.179
14829.502
15731.045
15623.924
15344.255
14829.834
15731.058
15623.948
15344.313
14829.91
15731.058
15623.967
15344.41
14830.099
15731.028
15623.95
15344.474
14830.298
15731.446
15624.352
15344.566
14828.982
15731.057
15623.942
15344.298
14830.082
15731.073
15623.946
15344.245
14829.691
15731.03
15623.905
15344.231
14829.857
15669.546
15647.638
15729.231
15741.753
15669.267
15647.523
15729.187
15741.435
15669.179
15647.455
15729.129
15741.444
15669.179
15647.458
15729.129
15741.404
15669.212
15647.472
15729.132
15741.42
15669.288
15647.513
15729.147
15741.429
15669.397
15647.577
15729.163
15741.43
15669.449
15647.614
15729.163
15741.405
15956.088
15922.339
15799.665
15262.571
15956.135
15922.413
15799.749
15262.664
15956.214
15922.533
15799.88
15262.8
15956.272
15922.618
15799.963
15262.873
15956.064
15922.392
15799.853
15262.825
15956.08
15922.37
15799.71
15262.655
15956.045
15922.281
15799.613
15262.516
15956.072
15922.315
15799.635
15262.54
20695.129
17655.707
16542.202
15906.254
20696.217
17656.2
16542.428
15906.316
20696.97
17656.601
16542.562
15906.317
20696.874
17656.553
16542.564
15906.34
20696.718
17656.474
16542.545
15906.346
20696.206
17656.227
16542.478
15906.369
20695.421
17655.85
16542.379
15906.41
20694.98
17655.635
16542.335
15906.445
20697.438
17652.96
16548.583
15883.282
20695.994
17652.488
16548.645
15883.527
20696.335
17652.8
16548.867
15883.66
20698.775
17653.94
16549.185
15883.583
15979.846
15915.558
15803.322
15260.715
15980.1
15915.786
15803.51
15260.978
15980.191
15915.799
15803.476
15260.95
15980.029
15915.535
15803.17
15260.572
15955.902
15922.071
15799.273
15261.975
15956.205
15921.959
15799.103
15261.95
15953.953
15919.801
15796.813
15258.813
15951.91
15917.761
15794.64
15255.884
20701.297
17658.238
16543.101
15906.257
20700.634
17659.556
16543.861
15906.799
20721.63
17666.139
16544.615
15904.802
20740.782
17672.468
16545.467
15903.046
15549.778
15288.049
15530.821
15567.726
15569.046
15282.51
15530.018
15561.927
15564.055
15284.38
15530.058
15563.32
15566.974
15283.549
15529.929
15562.429
15777.208
15905.609
16214.253
16412.919
15773.82
15902.972
16212.445
16411.637
15774.472
15903.417
16212.767
16411.853
15773.962
15902.998
16212.479
16411.697
15738.562
15914.317
16206.57
16416.845
15738.552
15914.302
16206.558
16416.878
15738.563
15914.321
16206.562
16416.908
15738.529
15914.296
16206.551
16416.86
15564.23
15287.838
15521.647
15595.137
15564.271
15287.825
15521.632
15595.13
15564.203
15287.821
15521.638
15595.145
15564.29
15287.837
15521.62
15595.109
15565.294
15284.034
15529.851
15562.845
15565.238
15284.013
15529.877
15562.864
15565.17
15283.998
15529.897
15562.906
15565.158
15283.992
15529.914
15562.921
15565.778
15283.802
15530.023
15562.83
15565.856
15283.818
15530.03
15562.806
15566.059
15283.875
15530.02
15562.739
15567.192
15283.872
15530.065
15562.456
15774.21
15903.231
16212.638
16411.785
15774.213
15903.213
16212.631
16411.774
15774.172
15903.148
16212.595
16411.742
15774.097
15902.969
16212.484
16411.589
15774.073
15903.148
16212.574
16411.757
15774.098
15903.188
16212.59
16411.771
15774.139
15903.224
16212.617
16411.784
15774.158
15903.243
16212.628
16411.79
16635.023
17109.018
17696.157
17988.401
16635.023
17108.978
17696.137
17988.475
16635.027
17108.974
17696.14
17988.464
16635.021
17109.073
17696.165
17988.389
16634.906
17108.042
17695.983
17989.588
16634.962
17109.15
17696.126
17988.367
16633.9
17109.285
17696.002
17988.535
16633.83
17109.433
17695.99
17988.44
18582.734
18547.904
18716.872
18923.956
18584.196
18547.995
18717.019
18923.738
18584.494
18548.2
18716.926
18923.681
18584.661
18548.2
18716.951
18923.656
18584.603
18548.203
18716.942
18923.664
18584.514
18548.176
18716.948
18923.678
18584.472
18548.166
18716.95
18923.683
18584.643
18548.221
18716.938
18923.652
19058.427
19313.898
19623.544
19788.061
19058.439
19313.905
19623.546
19788.071
19058.441
19313.904
19623.542
19788.072
19058.412
19313.88
19623.522
19788.038
19058.669
19314.15
19623.749
19788.385
19058.504
19313.947
19623.591
19788.213
19058.441
19313.919
19623.565
19788.087
19058.422
19313.892
19623.541
19788.062
20012.438
20287.766
20391.481
19908.02
20012.408
20287.815
20391.495
19907.787
20012.394
20287.779
20391.472
19907.787
20012.381
20287.774
20391.468
19907.773
20004.362
20290.402
20389.987
19908.93
20004.347
20290.381
20389.974
19908.948
20004.311
20290.342
20389.944
19908.95
20004.271
20290.321
20389.885
19908.82
19056.352
19312.529
19625.005
19798.03
19056.339
19312.515
19624.99
19798.01
19056.291
19312.483
19624.962
19797.945
19056.21
19312.446
19624.935
19797.845
19056.355
19312.541
19625.029
19798.037
19056.353
19312.538
19625.023
19798.042
19056.356
19312.537
19625.018
19798.042
19056.356
19312.533
19625.011
19798.038
18583.086
18549.392
18717.479
18923.547
18583.05
18549.378
18717.474
18923.546
18582.993
18549.36
18717.476
18923.551
18582.964
18549.352
18717.477
18923.553
18582.965
18549.349
18717.474
18923.548
18582.986
18549.353
18717.466
18923.537
18583.137
18549.368
18717.418
18923.481
18583.425
18549.37
18717.323
18923.378
18352.811
18493.326
18739.048
18958.311
18353.169
18493.362
18739.033
18958.376
18353.323
18493.44
18739.101
18958.509
18353.376
18493.47
18739.146
18958.578
18353.37
18493.483
18739.169
18958.606
18353.343
18493.49
18739.19
18958.622
18353.301
18493.467
18739.155
18958.557
18353.302
18493.42
18739.058
18958.422
19082.63
19320.581
19625.178
19840.085
19082.64
19320.58
19625.171
19840.086
19082.554
19320.449
19624.978
19839.85
19082.399
19320.246
19624.692
19839.477
19082.187
19319.822
19624.045
19838.778
19082.332
19320.134
19624.523
19839.288
19082.513
19320.419
19624.95
19839.798
19082.6
19320.547
19625.132
19840.022
20000.485
20277.378
20378.636
19949.437
20001.559
20278.661
20379.766
19949.734
20001.874
20279.034
20380.158
19949.965
20001.334
20278.408
20379.6
19949.805
19998.776
20277.945
20378.319
19949.632
19998.168
20277.274
20377.908
19949.85
19993.903
20272.241
20373.063
19947.758
19988.346
20265.668
20366.574
19944.641
19080.842
19318.108
19622.508
19838.395
19080.187
19317.203
19621.245
19836.846
19078.692
19315.202
19618.498
19833.5
19077.333
19313.393
19616.027
19830.494
19081.752
19319.457
19624.486
19840.846
19081.864
19319.565
19624.592
19840.962
19081.644
19319.221
19624.075
19840.316
19081.206
19318.605
19623.201
19839.243
18352.846
18493.533
18739.028
18958.006
18352.919
18493.633
18739.142
18958.12
18352.842
18493.592
18739.06
18957.957
18352.661
18493.436
18738.828
18957.602
18352.507
18493.291
18738.62
18957.301
18352.242
18493.042
18738.253
18956.76
18351.615
18492.405
18737.353
18955.501
18351.057
18491.82
18736.526
18954.351
16624.513
17096.422
17694.596
18116.55
16624.743
17096.668
17694.642
18116.396
16624.72
17097.33
17694.689
18116.061
16626.827
17099.103
17695.036
18114.671
16623.895
17096.661
17694.514
18116.472
16623.639
17096.517
17694.449
18116.768
16623.566
17096.45
17694.448
18116.76
16623.67
17096.538
17694.461
18116.719
15752.001
15934.591
16215.296
16425.725
15752
15934.59
16215.295
16425.727
15752.046
15934.641
16215.349
16425.782
15752.114
15934.721
16215.429
16425.861
15752.394
15935.053
16215.759
16426.262
15752.17
15934.792
16215.503
16425.932
15752.075
15934.676
16215.384
16425.818
15752.011
15934.603
16215.309
16425.735
15374.111
15282.162
15509.006
15627.465
15375.548
15282.016
15509.011
15627.116
15375.229
15282.015
15508.906
15627.055
15375.442
15281.977
15508.884
15626.973
15375.363
15281.978
15508.868
15626.971
15375.363
15281.978
15508.867
15626.97
15375.361
15282.004
15508.901
15627.015
15375.388
15282.047
15508.959
15627.076
15375.06
15280.125
15513.761
15607.98
15375.089
15280.17
15513.836
15608.057
15375.172
15280.277
15513.981
15608.227
15375.293
15280.399
15514.141
15608.407
15773.338
15928.124
16219.087
16422.868
15773.423
15928.23
16219.185
16422.997
15773.606
15928.426
16219.398
16423.204
15773.805
15928.633
16219.626
16423.421
15752.933
15935.621
16216.404
16426.756
15752.656
15935.322
16216.063
16426.561
15753.938
15936.703
16217.533
16427.977
15756.104
15939.022
16220.021
16430.269
15374.509
15282.935
15509.452
15627.959
15374.323
15282.781
15509.212
15627.704
15375.334
15283.588
15510.318
15628.873
15377.023
15284.942
15512.183
15630.857
14686.725
14754.696
14617.901
14527.369
14686.505
14754.499
14617.889
14527.12
14687.317
14755.282
14617.976
14527.247
14688.762
14756.659
14618.123
14527.638
14686.603
14754.553
14617.75
14527.503
14686.61
14754.56
14617.775
14527.544
14686.657
14754.542
14617.807
14527.586
14686.673
14754.561
14617.82
14527.596
14059.871
14229.816
14491.393
14639.029
14060.457
14229.613
14491.48
14638.965
14067.287
14227.546
14492.451
14638.362
14067.838
14227.305
14492.531
14638.316
14061.144
14229.246
14491.636
14639.034
14061.062
14229.094
14491.437
14638.849
14060.542
14229.057
14491.958
14639.559
14059.828
14229.137
14492.954
14640.832
13764.245
13818.292
13879.828
13862.966
13763.95
13818.027
13879.615
13862.733
13762.206
13816.524
13878.37
13861.712
13760.61
13815.147
13877.229
13860.767
13765.081
13818.983
13880.43
13863.525
13765.171
13819.088
13880.483
13863.529
13764.994
13818.935
13880.361
13863.419
13764.645
13818.631
13880.111
13863.198
13947.077
13679.782
13719.639
13722.818
13947.43
13679.769
13719.734
13722.866
13947.232
13679.555
13719.531
13722.68
13946.772
13679.082
13719.11
13722.297
13945.755
13678.709
13718.583
13721.928
13945.43
13678.317
13718.232
13721.6
13942.935
13675.948
13716.137
13719.724
13940.591
13673.784
13714.199
13718
14257.26
14093.405
13663.997
12949.785
14256.883
14093.089
13663.957
12949.548
14255.65
14091.371
13660.554
12945.108
14254.738
14090.16
13658.311
12942.179
14258.838
14095.133
13666.238
12952.579
14258.602
14094.97
13666.297
12952.805
14258.116
14094.463
13665.727
12952.107
14257.634
14093.904
13664.926
12951.016
14111.016
14139.695
14263.464
14281.351
14111.18
14139.608
14263.251
14281.103
14110.738
14139.125
14262.768
14280.62
14110.018
14138.513
14262.265
14280.142
14109.256
14137.964
14261.899
14279.803
14109.165
14137.68
14261.467
14279.388
14106.213
14135.656
14260.241
14278.26
14104.282
14134.266
14259.331
14277.407
18484.735
14905.726
14339.249
13856.338
18481.85
14905.781
14339.262
13856.324
18491.141
14905.777
14336.825
13853.338
18499.134
14905.871
14334.701
13850.612
18485.867
14905.069
14344.199
13843.058
18484.45
14904.588
14344.292
13843.158
18483.701
14904.14
14344.058
13842.911
18483.839
14903.94
14343.655
13842.438
14134.58
14143.303
14260.547
14278.425
14134.523
14143.399
14260.564
14278.271
14134.545
14143.398
14260.525
14278.217
14134.497
14143.336
14260.447
14278.131
14134.449
14143.282
14260.387
14278.072
14134.319
14143.134
14260.24
14277.925
14134.049
14142.868
14259.974
14277.663
14133.799
14142.571
14259.709
14277.397
14258.964
14098.031
13670.444
12949.734
14258.82
14097.887
13670.297
12949.565
14258.557
14097.613
13669.995
12949.201
14258.291
14097.338
13669.67
12948.818
14259.371
14098.372
13670.357
12948.448
14259.163
14098.19
13670.43
12949.524
14259.108
14098.162
13670.519
12949.75
14259.025
14098.089
13670.491
12949.773
14287.303
14095.217
13561.575
12641.535
14287.194
14095.11
13561.494
12641.623
14287.135
14095.06
13561.452
12641.342
14286.674
14094.604
13561.263
12642.553
14287.474
14095.374
13561.727
12641.73
14287.41
14095.319
13561.704
12641.786
14287.354
14095.266
13561.653
12641.728
14287.312
14095.225
13561.599
12641.644
14152.769
14148.163
14277.828
14309.09
14152.732
14148.106
14277.778
14309.028
14152.666
14148.041
14277.716
14308.969
14152.614
14147.982
14277.663
14308.926
14152.59
14147.945
14277.63
14308.906
14152.493
14147.88
14277.56
14308.81
14152.418
14147.749
14277.435
14308.733
14152.089
14147.706
14277.322
14308.364
18507.009
14888.187
14330.948
13870.547
18506.794
14888.058
14330.842
13870.451
18506.535
14887.844
14330.636
13870.276
18506.223
14887.664
14330.52
13870.083
18508.852
14886.332
14335.385
13855.083
18508.372
14886.434
14335.239
13855.095
18508.31
14886.321
14335.203
13855.041
18508.082
14886.25
14335.111
13854.992
14176.695
14151.029
14273.696
14304.625
14176.75
14151.012
14273.683
14304.785
14176.745
14150.994
14273.672
14304.78
14176.73
14150.978
14273.656
14304.767
14176.716
14150.969
14273.646
14304.756
14176.694
14150.944
14273.622
14304.73
14176.647
14150.915
14273.587
14304.695
14176.649
14150.861
14273.557
14304.667
14286.745
14097.523
13564.895
12636.867
14286.719
14097.5
13564.882
12636.877
14286.683
14097.466
13564.861
12636.876
14286.661
14097.45
13564.834
12636.834
14286.556
14097.339
13564.88
12637.759
14286.77
14097.546
13564.939
12636.945
14286.769
14097.544
13564.913
12636.885
14286.756
14097.532
13564.901
12636.868
14233.919
13650.299
13716.13
13678.615
14233.66
13650.427
13716.138
13678.631
14233.624
13650.399
13716.121
13678.615
14233.575
13650.373
13716.097
13678.597
14232.958
13650.52
13716.016
13678.542
14232.934
13650.431
13715.962
13678.489
14232.725
13650.365
13715.847
13678.406
14232.911
13650.015
13715.713
13678.23
13767.328
13830.721
13901.14
13828.558
13767.292
13830.674
13901.14
13828.387
13767.197
13830.57
13901.098
13828.267
13767.106
13830.545
13900.993
13828.199
13764.711
13831.711
13900.729
13828.954
13764.664
13831.645
13900.677
13829.177
13764.649
13831.616
13900.682
13829.098
13764.633
13831.579
13900.7
13828.959
13772.388
13825.887
13872.316
13813.551
13772.408
13825.896
13872.329
13813.601
13772.446
13825.937
13872.356
13813.574
13772.402
13825.838
13872.323
13813.833
13772.314
13825.786
13872.271
13813.547
13772.329
13825.823
13872.268
13813.526
13772.35
13825.842
13872.285
13813.542
13772.376
13825.866
13872.304
13813.555
13953.569
13675.065
13717.32
13727.076
13953.783
13674.95
13717.328
13727.047
13953.808
13674.99
13717.352
13727.071
13953.848
13675.023
13717.38
13727.098
13953.387
13675.181
13717.325
13727.155
13953.395
13675.235
13717.357
13727.188
13953.472
13675.239
13717.397
13727.21
13953.184
13675.445
13717.437
13727.26
14260.642
14097.21
13668.869
12956.317
14260.701
14097.268
13668.899
12956.162
14260.656
14097.22
13668.86
12956.393
14261
14097.55
13668.98
12955.15
14260.602
14097.162
13668.799
12956.149
14260.629
14097.189
13668.82
12956.149
14260.645
14097.207
13668.849
12956.202
14260.656
14097.22
13668.869
12956.239
14105.13
14143.339
14264.335
14283.862
14105.18
14143.339
14264.359
14283.879
14105.203
14143.365
14264.379
14283.897
14105.22
14143.382
14264.393
14283.907
14105.08
14143.434
14264.38
14283.917
14105.097
14143.451
14264.391
14283.962
14105.128
14143.467
14264.423
14283.935
14105.255
14143.464
14264.43
14284.196
14385.903
14254.163
14140.073
13768.539
14385.896
14254.217
14140.193
13768.453
14385.949
14254.152
14140.029
13768.664
14386.032
14254
14139.668
13769.076
19499.908
16308.487
15194.039
14387.775
19499.715
16308.827
15193.817
14387.744
19499.938
16308.295
15194.22
14387.846
19500.442
16307.219
15195.019
14388.025
19501.47
16305.574
15200.21
14364.5
19501.432
16305.577
15200.229
14364.521
19501.391
16305.579
15200.245
14364.548
19501.356
16305.584
15200.253
14364.573
14409.639
14247.146
14143.521
13766.384
14409.651
14247.168
14143.519
13766.445
14409.677
14247.196
14143.548
13766.477
14409.699
14247.215
14143.57
13766.497
14391.792
14252.278
14147.961
13703.439
14391.817
14252.302
14147.98
13703.474
14391.851
14252.33
14148.02
13703.497
14391.866
14252.363
14148.012
13703.576
19503.22
16305.661
15192.073
14389.691
19503.219
16305.682
15192.095
14389.72
19503.206
16305.7
15192.118
14389.754
19503.169
16305.701
15192.144
14389.778
19504.822
16302.58
15198.426
14365.793
19504.725
16302.496
15198.447
14365.854
19504.735
16302.529
15198.491
14365.903
19504.743
16302.555
15198.517
14365.939
14416.025
14244.948
14151.405
13701.15
14416.109
14245.039
14151.499
13701.115
14416.156
14245.085
14151.534
13701.143
14416.189
14245.112
14151.561
13701.167
14174.738
14131.518
14267.476
14274.979
14174.614
14131.582
14267.484
14274.83
14174.633
14131.603
14267.496
14274.832
14174.651
14131.623
14267.511
14274.843
14174.286
14131.744
14267.466
14274.888
14174.316
14131.76
14267.486
14274.907
14174.333
14131.796
14267.509
14274.934
14174.393
14131.786
14267.531
14274.939
14260.995
14098.61
13671.759
12951.438
14261.017
14098.633
13671.778
12951.449
14261.041
14098.659
13671.807
12951.482
14261.056
14098.677
13671.832
12951.531
14261.195
14098.798
13671.736
12950.457
14260.983
14098.587
13671.698
12951.307
14260.982
14098.588
13671.731
12951.387
14260.992
14098.6
13671.75
12951.424
14287.556
14095.763
13560.953
12642.122
14287.505
14095.711
13560.936
12642.285
14287.556
14095.731
13560.859
12641.854
14287.223
14095.337
13560.571
12642.721
14287.661
14095.788
13560.742
12641.656
14287.6
14095.749
13560.788
12641.852
14287.561
14095.739
13560.874
12642.044
14287.547
14095.743
13560.929
12642.152
14144.475
14149.899
14276.956
14310.077
14144.512
14149.871
14276.921
14310.011
14144.54
14149.87
14276.884
14309.967
14144.571
14149.872
14276.866
14309.949
14144.443
14149.916
14276.837
14309.964
14144.439
14149.934
14276.835
14309.929
14144.494
14149.928
14276.841
14309.971
14144.268
14150.02
14276.875
14309.754
14366.191
14243.132
14142.733
13784.113
14366.235
14243.177
14142.778
13784.131
14366.436
14243.274
14142.796
13784.166
14366.813
14243.5
14142.925
13784.067
19532.922
16305.777
15175.001
14365.231
19532.802
16305.734
15175.009
14365.269
19533.755
16306.503
15175.448
14365.547
19535.246
16307.585
15176.125
14366.002
19536.826
16304.348
15182.065
14342.347
19536.213
16303.953
15181.899
14342.278
19535.278
16303.305
15181.589
14342.129
19534.633
16302.88
15181.38
14342.039
14390.226
14236.132
14146.103
13781.971
14390.196
14236.16
14146.121
13782.022
14390.113
14236.163
14146.164
13782.059
14390.063
14236.163
14146.197
13782.094
14371.971
14240.846
14150.886
13714.931
14372.452
14241.091
14150.986
13715.039
14372.788
14241.284
14151.088
13715.082
14372.782
14241.279
14150.998
13714.895
19535.842
16301.941
15172.259
14366.794
19536.072
16302.856
15172.979
14367.378
19536.527
16303.409
15173.484
14367.761
19540.075
16304.667
15174.017
14367.803
19427.421
16252.586
15160.461
14339.654
19511.297
16282.472
15171.264
14339.698
19528.814
16293.501
15175.878
14341.601
19535.947
16297.512
15178.057
14342.574
14394.799
14234.127
14157.02
13719.809
14394.178
14233.148
14154.862
13714.053
14395.403
14233.319
14154.535
13713.001
14396.122
14233.546
14154.487
13712.703
14221.258
14136.731
14276.729
14297.115
14218.906
14137.613
14279.765
14300.09
14218.568
14137.659
14280.293
14300.628
14218.496
14137.659
14280.444
14300.769
14218.147
14137.75
14280.376
14300.783
14218.234
14137.709
14280.31
14300.698
14218.286
14137.686
14280.238
14300.616
14218.246
14137.67
14280.343
14300.702
