FiniteElementSpace
FiniteElementCollection: L2_2D_P3
VDim: 1
Ordering: 0

0.1266043287934448
0.1288153626389431
0.1322088595663432
0.1352510883470999
0.126832924006544
0.1291069217847965
0.1326115294247404
0.1357583745854962
0.1270223972517141
0.1293504039926077
0.1329483645771325
0.136183297779937
0.1270809775738289
0.1294263317930771
0.1330533905572229
0.1363161510126176
0.1187678410010778
0.1212136652240658
0.1236939228790789
0.1255315223786131
0.1189607226783716
0.1213785030073125
0.1238589633094792
0.1257328622862176
0.1191146922240784
0.1215114003197949
0.1239939951720731
0.1259006892839382
0.1191610334679045
0.121551830742417
0.1240354109853452
0.1259530230828045
0.1173433384018052
0.1200126598915468
0.1225675921033675
0.1242421523806727
0.1178305028861129
0.120422037797955
0.1229382894272124
0.1246505557905832
0.1183376056081265
0.1208492322601014
0.1233386497620167
0.1251090859447148
0.1186372427638253
0.1211027199912916
0.1235842479759713
0.1253996088284569
0.1251540589570349
0.1269923217149276
0.1297257714600951
0.132134066173228
0.1256083441123739
0.1275578908387737
0.1304889111043378
0.1330887251673644
0.1261246974063387
0.1282074708010921
0.1313735412155049
0.13419963215823
0.1264543251837982
0.1286249501039013
0.1319464388870594
0.1349206878542951
0.1229988123529636
0.1244534876394333
0.1264153751279889
0.1280564102471984
0.1236266268579068
0.1251597603598901
0.1273097294614637
0.1291452447574496
0.1243717993743185
0.1260368765188362
0.1284531717616827
0.1305526188264466
0.1248930162053607
0.1266705392539846
0.129294950034484
0.1315971336005526
0.1197814474654664
0.1212770692948307
0.1228946198607949
0.1240087932002982
0.1207995595344094
0.1222230032185184
0.123848116227121
0.1250449847701227
0.1219098474442149
0.1233064850219349
0.1250375517159582
0.1264096519759104
0.1226402207375886
0.1240645733552867
0.1259358152671781
0.127478162422134
0.109116171763653
0.1130101357971369
0.1167355832687658
0.1188446719292102
0.110838159369151
0.1145001360317508
0.1179691119473362
0.1199263332309773
0.1127085943286992
0.1161017885923627
0.1192863436430415
0.1210906356692925
0.113900083816174
0.1171136820966143
0.1201175098654423
0.1218392901486945
0.1144620210481355
0.1175891589663641
0.1205093882393531
0.1221993325980742
0.1153957793260247
0.1183766564299082
0.1211632267509936
0.1228157261521648
0.1164067350369891
0.1192264690621056
0.1218813610248917
0.1235237586927499
0.1170452825332777
0.1197624074787828
0.122345959505746
0.1240048958078238
0.08734511037765258
0.09772613946578601
0.107313827843953
0.1123658548180326
0.08889986904543705
0.09917787734697425
0.1085304616577498
0.1133889262632453
0.09065994076420721
0.1007987285175132
0.1098635947442708
0.1144990033119599
0.09181586078754339
0.1018494573004883
0.1107133188621687
0.1152012161927239
0.07949654226694115
0.09014659609826259
0.100639240524596
0.106566702009125
0.08185355321495583
0.09246357006077428
0.1027343801335251
0.1084219568149011
0.08458769057467543
0.0951088245040351
0.1050687401353713
0.1104514714537791
0.0864395169574077
0.09687240893271754
0.1065887301976456
0.111751377279767
0.007660471345101234
0.03221527004946227
0.05760445306445453
0.07273507810493961
0.008008718299886438
0.03357185935377113
0.0596914077516225
0.07505097465286195
0.008432172821069664
0.03520346324911498
0.06216159959774773
0.07775646811097743
0.008732143882195323
0.03634734596630811
0.06386730745419739
0.07960151681425025
0.008883014162404848
0.03691898236314417
0.06471162716002393
0.08050774468816697
0.009148846246956392
0.0379203487178054
0.06617763833126354
0.08207003489637867
0.009461071660462568
0.03908671820706534
0.0678641358547412
0.08384921049526912
0.009673203782587797
0.03987316575517863
0.06898841179100026
0.08502431875952261
0.009776444572846378
0.0402541417968516
0.06952934065143103
0.08558657190443007
0.009951512462544032
0.04089754001947084
0.07043737055834109
0.08652582330569006
0.01014279786088239
0.04159677409371748
0.07141618402543001
0.08753178854993308
0.01026055991921001
0.04202529346767198
0.07201183373458908
0.08814070394543194
0.09236699421263989
0.1023465342749308
0.1111114847975013
0.1155291938627424
0.09328471470222892
0.1031685525527747
0.1117644337650938
0.1160656305855606
0.09426315910924343
0.1040368907755987
0.1124464925664382
0.1166245950760584
0.09485288255272961
0.1045562474587158
0.1128505624360089
0.1169554733762756
0.09511239880387894
0.1047839584291682
0.113026861106086
0.1170999620830889
0.09549927992326858
0.1051225958280538
0.1132879370884872
0.1173142865853133
0.09581187059460244
0.10539548316494
0.1134972341206338
0.1174866805761897
0.09590694219274525
0.1054783729801232
0.1135605232185726
0.1175390022782743
0.01031298221955777
0.04221560503201442
0.07227536481443285
0.08840938586873708
0.01039182484825357
0.04250135967604375
0.07266993794756246
0.08881087375332661
0.01045622973518451
0.04273426028368862
0.07299040190321872
0.08913625444581351
0.01047600708115835
0.04280556883806692
0.07308821843875679
0.08923545086798536
