FiniteElementSpace
FiniteElementCollection: L2_2D_P3
VDim: 1
Ordering: 0

19.416383
13.911503
7.2908176
2.8833246
13.911503
-11.55593
-42.136232
-62.463438
7.2908176
-42.136232
-100.00052
-135.08592
2.8833246
-62.463438
-135.08592
-169.73931
0.84556997
-2.3035272
-4.9362459
-5.7509596
-71.871459
-86.325694
-98.391243
-102.15584
-149.26077
-166.76262
-175.78913
-177.01852
-177.64253
-171.80068
-143.82425
-128.79238
-176.66964
-144.63267
-78.813573
-47.304487
-144.63267
-38.131182
136.20528
214.31861
-78.813573
136.20528
465.41533
610.50161
-47.304487
214.31861
610.50161
802.80886
0.84556997
-71.871459
-149.26077
-177.64253
-2.3035272
-86.325694
-166.76262
-171.80068
-4.9362459
-98.391243
-175.78913
-143.82425
-5.7509596
-102.15584
-177.01852
-128.79238
-5.7509596
-102.15584
-177.01852
-128.79238
-4.9362459
-98.391243
-175.78913
-143.82425
-2.3035272
-86.325694
-166.76262
-171.80068
0.84556997
-71.871459
-149.26077
-177.64253
2.8833246
-62.463438
-135.08592
-169.73931
7.2908176
-42.136232
-100.00052
-135.08592
13.911503
-11.55593
-42.136232
-62.463438
19.416383
13.911503
7.2908176
2.8833246
-177.64253
-171.80068
-143.82425
-128.79238
-149.26077
-166.76262
-175.78913
-177.01852
-71.871459
-86.325694
-98.391243
-102.15584
0.84556997
-2.3035272
-4.9362459
-5.7509596
-47.304487
214.31861
610.50161
802.80886
-78.813573
136.20528
465.41533
610.50161
-144.63267
-38.131182
136.20528
214.31861
-176.66964
-144.63267
-78.813573
-47.304487
802.80886
610.50161
214.31861
-47.304487
610.50161
465.41533
136.20528
-78.813573
214.31861
136.20528
-38.131182
-144.63267
-47.304487
-78.813573
-144.63267
-176.66964
-128.79238
-143.82425
-171.80068
-177.64253
-177.01852
-175.78913
-166.76262
-149.26077
-102.15584
-98.391243
-86.325694
-71.871459
-5.7509596
-4.9362459
-2.3035272
0.84556997
-169.73931
-135.08592
-62.463438
2.8833246
-135.08592
-100.00052
-42.136232
7.2908176
-62.463438
-42.136232
-11.55593
13.911503
2.8833246
7.2908176
13.911503
19.416383
-128.79238
-177.01852
-102.15584
-5.7509596
-143.82425
-175.78913
-98.391243
-4.9362459
-171.80068
-166.76262
-86.325694
-2.3035272
-177.64253
-149.26077
-71.871459
0.84556997
-177.64253
-149.26077
-71.871459
0.84556997
-171.80068
-166.76262
-86.325694
-2.3035272
-143.82425
-175.78913
-98.391243
-4.9362459
-128.79238
-177.01852
-102.15584
-5.7509596
-47.304487
-78.813573
-144.63267
-176.66964
214.31861
136.20528
-38.131182
-144.63267
610.50161
465.41533
136.20528
-78.813573
802.80886
610.50161
214.31861
-47.304487
-5.7509596
-4.9362459
-2.3035272
0.84556997
-102.15584
-98.391243
-86.325694
-71.871459
-177.01852
-175.78913
-166.76262
-149.26077
-128.79238
-143.82425
-171.80068
-177.64253
2.8833246
7.2908176
13.911503
19.416383
-62.463438
-42.136232
-11.55593
13.911503
-135.08592
-100.00052
-42.136232
7.2908176
-169.73931
-135.08592
-62.463438
2.8833246
