FiniteElementSpace
FiniteElementCollection: L2_2D_P1
VDim: 1
Ordering: 0

8.637873854019949e+71
6.93530636782477e+70
6.935306367824798e+70
2.319048097091777e+69
3.837624742414391e+70
3.409750917861302e+70
5.872549007761502e+70
2.090780853616238e+70
3.945387214115151e+70
7.216282733146241e+69
7.216282733146419e+69
-1.06500996077638e+69
3.837624742414458e+70
5.872549007761554e+70
3.409750917861365e+70
2.090780853616278e+70
1.627017898842066e+69
-4.378198891119384e+68
-2.200628137117277e+69
-2.355184580773654e+69
-3.542739140641644e+69
-3.769994399865676e+69
-4.759935686632779e+69
-4.861527818094716e+69
-4.116481207365043e+69
-4.628956015402405e+69
-4.980585229138534e+69
-5.064182956149932e+69
-8.07984186192726e+68
-1.549360718492517e+69
-2.769194698391775e+69
-3.769326155397701e+69
-2.885748607119844e+69
-4.521231426024347e+69
-4.521231426024555e+69
-4.947850041129138e+69
-4.866899790765309e+69
-4.986668304805441e+69
-5.077063617876961e+69
-5.031325425423576e+69
-5.017007926108748e+69
-4.960922835441805e+69
-4.96092283544184e+69
-4.782328879427513e+69
-4.866899790765049e+69
-5.07706361787706e+69
-4.986668304805494e+69
-5.031325425423646e+69
-4.116481207364299e+69
-4.980585229138281e+69
-4.628956015401868e+69
-5.064182956149935e+69
-8.079841861928847e+68
-2.769194698391234e+69
-1.549360718492337e+69
-3.769326155397166e+69
1.627017898841169e+69
-2.20062813711732e+69
-4.378198891123372e+68
-2.355184580773357e+69
-3.542739140641037e+69
-4.759935686632179e+69
-3.769994399864811e+69
-4.861527818094283e+69
-5.142624447508635e+69
-4.964704305326901e+69
-5.117773892685289e+69
-4.954382846668765e+69
-5.095309855625372e+69
-4.929632055172685e+69
-5.034206866839784e+69
-4.878938023369637e+69
-4.772417003083869e+69
-4.405904111532356e+69
-4.684957735686117e+69
-4.318270281514779e+69
-4.842948809054087e+69
-4.477677375651613e+69
-4.816175127683261e+69
-4.448158939684537e+69
-4.189941199586883e+69
-3.777201513887496e+69
-4.161397171809732e+69
-3.751406892138074e+69
-3.473532804928225e+69
-3.079593039080402e+69
-3.450913710731335e+69
-3.059307773749067e+69
-3.41798522562807e+69
-3.03020988642976e+69
-3.351108684010724e+69
-2.971379271004412e+69
-4.119776527438602e+69
-3.714205083260909e+69
-4.035738955733672e+69
-3.63895414626825e+69
-3.955000560634149e+69
-3.56698389308285e+69
-3.820021306567186e+69
-3.447482831268998e+69
-3.286676877570456e+69
-2.915465428398551e+69
-3.179376182157459e+69
-2.822949538519029e+69
-3.087554802136516e+69
-2.744089552435999e+69
-2.94699255137297e+69
-2.623803009300795e+69
-3.704597728525183e+69
-3.345340398397413e+69
-3.526768647162086e+69
-3.189274511056717e+69
-4.310280878116151e+69
-3.965998353584296e+69
-4.100405930458818e+69
-3.77390874471422e+69
-4.595663999545636e+69
-4.23313009694213e+69
-4.441601725510916e+69
-4.090115829046376e+69
-5.003845860876407e+69
-4.813283067067253e+69
-4.90285978628438e+69
-4.676939302755468e+69
-4.803022950059472e+69
-4.547857682301098e+69
-4.60288632825443e+69
-4.332234330169613e+69
-4.426681965544914e+69
-4.154848333790174e+69
-4.15484833379018e+69
-3.889076056102084e+69
-3.932295411454987e+69
-3.681829132187878e+69
-3.618934229534554e+69
-3.392099788711971e+69
-3.489437975321344e+69
-3.218110718857254e+69
-3.218110718857237e+69
-2.973213811039559e+69
-3.932295411455003e+69
-3.618934229534624e+69
-3.681829132187925e+69
-3.392099788712002e+69
-3.384358640547548e+69
-3.063816609474528e+69
-3.176094044719724e+69
-2.881278372058816e+69
-2.834074125164056e+69
-2.526816296576133e+69
-2.669327546617352e+69
-2.385417120043681e+69
-2.542301972346175e+69
-2.275725822877983e+69
-2.362769838580168e+69
-2.120552853858997e+69
-3.01652112645485e+69
-2.740658900699224e+69
-2.791430527253953e+69
-2.54259620962132e+69
-2.624403150133198e+69
-2.394756669036707e+69
-2.394756669036753e+69
-2.191172051293543e+69
-2.228444038586269e+69
-2.003671943040429e+69
-2.042816418810336e+69
-1.8418653524683e+69
-1.907176864952376e+69
-1.722790143916603e+69
-1.722790143916507e+69
-1.560540963048006e+69
-2.228444038586343e+69
-2.042816418810343e+69
-2.003671943040379e+69
-1.841865352468174e+69
-2.542301972346225e+69
-2.362769838580318e+69
-2.275725822878162e+69
-2.12055285385904e+69
-3.016521126454806e+69
-2.791430527253891e+69
-2.740658900699102e+69
-2.542596209621342e+69
-3.38435864054744e+69
-3.176094044719656e+69
-3.063816609474344e+69
-2.881278372058681e+69
-2.834074125163881e+69
-2.669327546617302e+69
-2.526816296576255e+69
-2.385417120043878e+69
-3.087554802136154e+69
-2.946992551372668e+69
-2.744089552435789e+69
-2.623803009300809e+69
-3.286676877570102e+69
-3.17937618215706e+69
-2.915465428398136e+69
-2.822949538518729e+69
-3.955000560634249e+69
-3.82002130656721e+69
-3.566983893082772e+69
-3.447482831268819e+69
-3.704597728525105e+69
-3.526768647161964e+69
-3.345340398397204e+69
-3.189274511056487e+69
-4.310280878116096e+69
-4.100405930458782e+69
-3.965998353584259e+69
-3.773908744714156e+69
-4.803022950059535e+69
-4.602886328254443e+69
-4.547857682301072e+69
-4.332234330169604e+69
-5.003845860876316e+69
-4.902859786284438e+69
-4.813283067067356e+69
-4.676939302755506e+69
-4.595663999545664e+69
-4.44160172551083e+69
-4.23313009694201e+69
-4.090115829046324e+69
-4.772417003084325e+69
-4.684957735686294e+69
-4.405904111532115e+69
-4.318270281514607e+69
-5.095309855625069e+69
-5.034206866839582e+69
-4.929632055172595e+69
-4.878938023369674e+69
-5.142624447508232e+69
-5.117773892684909e+69
-4.964704305326475e+69
-4.954382846668534e+69
-4.842948809054933e+69
-4.816175127683984e+69
-4.477677375651441e+69
-4.448158939684313e+69
-4.189941199586783e+69
-4.161397171809735e+69
-3.777201513887526e+69
-3.751406892138119e+69
-4.119776527438677e+69
-4.035738955733823e+69
-3.714205083260962e+69
-3.638954146268221e+69
-3.417985225627778e+69
-3.351108684010389e+69
-3.030209886429375e+69
-2.971379271003996e+69
-3.473532804927969e+69
-3.450913710731046e+69
-3.079593039080091e+69
-3.059307773748716e+69
