FiniteElementSpace
FiniteElementCollection: L2_2D_P1
VDim: 1
Ordering: 0

4.793181454682151e+111
4.406945258800523e+111
-1.408908941953074e+112
-1.550175802684e+112
4.153735004171037e+111
3.821002516530138e+111
-1.654635592940598e+112
-1.786769461418776e+112
-3.654447241044148e+112
-3.961570682283839e+112
-7.288361928730212e+112
-7.797892059854268e+112
-3.096981306521866e+112
-3.420142239014324e+112
-6.329622167334517e+112
-6.887614526766355e+112
-8.871593566587765e+112
-9.64423388318074e+112
-1.293257320517776e+113
-1.404654512080268e+113
-1.609408504207114e+113
-1.748221550563567e+113
-2.088921931135474e+113
-2.270886530853343e+113
-1.847881603206497e+113
-1.977941370816233e+113
-2.401626970591362e+113
-2.572380084381065e+113
-1.020156632762997e+113
-1.092629328982607e+113
-1.484531254124131e+113
-1.58786777854479e+113
-1.143886345470384e+113
-1.209797281467108e+113
-1.660603064354992e+113
-1.752925041197097e+113
-2.069844291608133e+113
-2.187997978640907e+113
-2.693041466911901e+113
-2.847355110395728e+113
-2.269660235266666e+113
-2.372743516705177e+113
-2.95388121825743e+113
-3.086881166701793e+113
-1.255184797793369e+113
-1.312578467987993e+113
-1.816268282407677e+113
-1.895087793285533e+113
-4.645324678828795e+112
-4.886523142282601e+112
-8.913543241231701e+112
-9.296058335288855e+112
-4.176739428248142e+112
-4.455915410907366e+112
-8.155814181709703e+112
-8.606339864668826e+112
3.59688984740473e+111
3.318007965368073e+111
-1.879453103949949e+112
-1.998912271391317e+112
3.126150797320232e+111
2.900151391375385e+111
-2.07843690735329e+112
-2.18162535281943e+112
2.743187137892596e+111
2.56882962687187e+111
-2.246739344155016e+112
-2.330450337493087e+112
-5.04466439152891e+112
-5.239961369765258e+112
-9.54694220647477e+112
-9.853550091779382e+112
-5.362431563243134e+112
-5.50593132481429e+112
-1.004431839168693e+113
-1.026839240534289e+113
2.448986464026369e+111
2.325202640760478e+111
-2.38013922631175e+112
-2.441791643613813e+112
2.244260589055414e+111
2.170287452703974e+111
-2.475312909100889e+112
-2.513047053814094e+112
2.129494599306716e+111
2.104885608899207e+111
-2.529923468350217e+112
-2.542625009257241e+112
-5.719384396660342e+112
-5.748861872244901e+112
-1.059760595243714e+113
-1.064346629721364e+113
-5.589422066986484e+112
-5.677084898733298e+112
-1.039665696874814e+113
-1.053318243017264e+113
-1.482725178932978e+113
-1.504147505119164e+113
-2.123585217982923e+113
-2.151797940857806e+113
-1.514528082342496e+113
-1.521757649680619e+113
-2.165264237825573e+113
-2.174739654958735e+113
-2.739303971198432e+113
-2.752547086186007e+113
-3.547764968146807e+113
-3.563959394498162e+113
-2.681161355705821e+113
-2.720281522004341e+113
-3.476438003029338e+113
-3.524625465358601e+113
-2.580624547957419e+113
-2.643875627256194e+113
-3.351426764624331e+113
-3.430378001214147e+113
-1.427484560819035e+113
-1.462309437075074e+113
-2.050457419045508e+113
-2.096764834411835e+113
-1.350757000965433e+113
-1.39770640215452e+113
-1.947281421898008e+113
-2.010606344913965e+113
-2.441760920561887e+113
-2.526504400433187e+113
-3.175634497394456e+113
-3.283191218783448e+113
-3.766427754052026e+113
-3.901361513395617e+113
-4.639096929754289e+113
-4.805225558034053e+113
-5.328651936615858e+113
-5.529132597084034e+113
-6.343629089255032e+113
-6.58615171625307e+113
-5.658699093459129e+113
-5.810253799621371e+113
-6.742165678811936e+113
-6.922483346533199e+113
-3.988067576111015e+113
-4.089415371854835e+113
-4.911368581717032e+113
-5.033996829137815e+113
-4.149471217093077e+113
-4.212512654291052e+113
-5.105975648600148e+113
-5.181035359161423e+113
-4.24326780834078e+113
-4.264681244952737e+113
-5.217243633570734e+113
-5.242495716106602e+113
-6.04179368784575e+113
-6.074128088370806e+113
-7.193431091477897e+113
-7.230762598873063e+113
-5.900528163571461e+113
-5.99536858152242e+113
-7.028952269737727e+113
-7.139754863813727e+113
-7.951875838284357e+113
-8.088502032366093e+113
-9.262537127918287e+113
-9.420379604420004e+113
-8.15561755744179e+113
-8.20238584698936e+113
-9.497188641027e+113
-9.550467478422636e+113
-1.060154677331704e+114
-1.066703449850163e+114
-1.213750244432151e+114
-1.221131764173548e+114
-1.031706931939934e+114
-1.050762500105819e+114
-1.181242218357805e+114
-1.20306939990086e+114
-9.835237100849135e+113
-1.013605867706007e+114
-1.125055654152835e+114
-1.160220478755253e+114
-7.60499947081326e+113
-7.821963647157693e+113
-8.855084250050865e+113
-9.110689111286922e+113
-7.134645808717335e+113
-7.419736724095735e+113
-8.293577306274978e+113
-8.634380673578121e+113
-9.186010195874276e+113
-9.578731992837152e+113
-1.048324303535423e+114
-1.094787477579628e+114
-8.403103620987281e+113
-8.868217647264893e+113
-9.556272719630494e+113
-1.010685621151062e+114
-7.52308174445239e+113
-8.039720356792081e+113
-8.52034622260646e+113
-9.128045526207522e+113
-5.912982920840623e+113
-6.295283258891201e+113
-6.828754013749919e+113
-7.286115597029065e+113
-6.562818269355014e+113
-6.903200329584509e+113
-7.606842354829062e+113
-8.015573985362974e+113
-4.924444582277483e+113
-5.165526523572953e+113
-5.850414464079902e+113
-6.144674894513782e+113
-3.493262852667348e+113
-3.656515265414685e+113
-4.298611192021159e+113
-4.50227121166985e+113
-3.177726253251069e+113
-3.364012380207167e+113
-3.902693876286251e+113
-4.136405784460508e+113
-4.460850295639376e+113
-4.734099114664991e+113
-5.284059905634321e+113
-5.617668627990374e+113
-3.953443425228737e+113
-4.250014169223205e+113
-4.667287131713499e+113
-5.027438208545448e+113
-2.829241071983926e+113
-3.033235310423427e+113
-3.465881489111872e+113
-3.721416514643871e+113
-2.457746677466161e+113
-2.673804843468471e+113
-3.002810753235587e+113
-3.271926511815608e+113
-3.418480140623328e+113
-3.729111780038504e+113
-4.021849515153629e+113
-4.396284382993138e+113
-4.478307163262466e+113
-4.902246268411998e+113
-5.130843636048685e+113
-5.629978297584559e+113
-5.209901390072179e+113
-5.620024246724888e+113
-5.993044695861389e+113
-6.480038761912674e+113
-6.583650323067293e+113
-7.130398709159449e+113
-7.423798112712125e+113
-8.06138809738755e+113
-5.62035789622579e+113
-6.177275468040758e+113
-6.309651580505981e+113
-6.953147395320838e+113
