FiniteElementSpace
FiniteElementCollection: L2_2D_P4
VDim: 1
Ordering: 0

3.727484565893135e+48
7.851614244189892e+48
1.508190557122378e+49
2.29750798307082e+49
2.750796880835509e+49
-3.613801159270285e+49
-3.605190915855286e+49
-2.767529009917808e+49
-4.338050183199893e+48
2.297507983071227e+49
1.249545842064252e+49
-6.534422150155515e+48
-3.206257972244527e+49
-2.767529009919133e+49
1.508190557122483e+49
3.948884385184879e+49
3.383973343883108e+49
-6.534422150167205e+48
-3.605190915858377e+49
7.85161424418535e+48
2.170622317185596e+49
3.948884385185703e+49
1.249545842063309e+49
-3.613801159274369e+49
3.727484565885241e+48
