FiniteElementSpace
FiniteElementCollection: L2_2D_P2
VDim: 1
Ordering: 0

0.4911315836410866
0.4751535026322743
0.4584895169407754
0.5129550894198408
0.4962647409977539
0.4788588211917634
0.5340397042222296
0.5166603405696677
0.4985366099496961
0.5290683327187292
0.5149615028317942
0.500112557810555
0.5525856095089338
0.537848650120904
0.522336806799735
0.5753078477845145
0.5599618023764258
0.5438090080709875
0.4649053387207975
0.4525138011541163
0.4394687959332551
0.4903166044925206
0.4772466996318865
0.463488270602303
0.5150200884754683
0.501289504615403
0.4868362658039328
0.4315781066342137
0.4175378413452694
0.4028925172603418
0.455166396684121
0.4403596921504163
0.4249158398830022
0.4780944589288039
0.4625414139718093
0.4463201226622489
0.3678394437753164
0.3558648715127259
0.3433732807676223
0.3929841110665317
0.3801952726025036
0.3668544680962568
0.4175502176606736
0.4039650928020542
0.3897941001845616
0.300477740604377
0.2906839118373388
0.2804674348862514
0.3269557054923819
0.3163045856862923
0.3051935858926388
0.3529436341874108
0.3414512017370838
0.3294625295474918
0.3237207551077272
0.3150796819932462
0.3059815921982691
0.352232688767877
0.3428355010053232
0.3329412343294386
0.3802173164850592
0.3700777488934646
0.3594019318775935
0.3962576355784481
0.3856924662922799
0.3745686898472313
0.4233361984639187
0.4120517032940498
0.4001710403554166
0.4497950167104081
0.4378062920044879
0.4251848962277773
0.4208576574888369
0.411800140325958
0.4021476450495852
0.4496132797218172
0.4399379446270626
0.4296274771062026
0.4777144765265591
0.4674340059225479
0.4564792172657536
0.3438392556903692
0.3364321170290995
0.3285379934424689
0.3741116129142204
0.3660563111810945
0.3574714303029255
0.4038254724039152
0.3951333175137496
0.3858699718723045
0.3606449954540218
0.3545410263986081
0.3479247248569579
0.3923878075927411
0.3857498125332392
0.3785545871341702
0.4235477871849637
0.4163843001474235
0.4086198190079022
0.4414098865561107
0.4339447995196732
0.4258536299890711
0.47156883809859
0.4635938447867209
0.4549502341162493
0.5010451186868436
0.4925703347815419
0.4833854561729605
0.5178818090177625
0.5091210768878791
0.4996264970256784
0.5461996104920548
0.5369577152733594
0.5269418140612754
0.5737332522105127
0.5640229318440469
0.5534995166875855
0.4937643927689626
0.483137702444311
0.4718143121482393
0.5207579204729951
0.5095482545656941
0.4976041181688409
0.547002328923435
0.5352249733889829
0.52267628630201
0.5619277279069199
0.5498272917701446
0.5369344598728097
0.586913250131385
0.5742721249773093
0.5608032212803857
0.6110543530626719
0.5978907495441056
0.5838651397621808
0.5893920444817521
0.5794153123142798
0.5686031778117546
0.6156046086748341
0.605182204806636
0.5938869886822064
0.6409314426195771
0.6300783138538202
0.6183163070605274
0.6111944427868977
0.6034383659381463
0.5948119646275533
0.6383804423104522
0.6302782059068693
0.621266609197736
0.664648918274298
0.6562115864892329
0.6468274473801189
0.5370267211358487
0.5302160048349176
0.5226410634706782
0.5663958564635262
0.5592112951533635
0.5512203213664362
0.5949535379865788
0.5874045544960484
0.5790084609046129
0.5510143673776093
0.5462195977184581
0.5406373436221806
0.5811497741423471
0.5760926567227932
0.5702045247198346
0.6104575001975222
0.6051429121765431
0.5989555318972469
0.6271238000992043
0.6216634061057202
0.6153062463390288
0.6550191184157105
0.6493159693088901
0.6426756358417672
0.6819770551180433
0.6760372092191957
0.6691218288420948
0.6370250811084124
0.6339137642389633
0.6298876725103983
0.665358724903263
0.6621099624925252
0.6579055884575057
0.6927481314707261
0.6893633646166702
0.6849836225821528
0.6408003743792714
0.6400690347703771
0.638413814951576
0.6693009397185782
0.6685371404673993
0.6668087314927348
0.6968564683150696
0.6960603361289019
0.6942591122111882
0.5630236040308827
0.5623814266059716
0.5609280322033559
0.5938140666741391
0.5931367935220514
0.5916041355596854
0.6237705298939473
0.6230582160229892
0.6214466178610699
0.559708629408795
0.5569766278916098
0.5534413223975646
0.5903183300783804
0.5874374821142693
0.5837092934258677
0.6200947114642374
0.6170662785430555
0.613147589097079
0.4770420050709113
0.4747150973087906
0.4717038603867276
0.5096327362441833
0.5071473978560009
0.5039310731789893
0.5415052489885885
0.538862347652064
0.5354425117816272
0.4798652910921727
0.4793183665692379
0.4780805459566783
0.5126486654694802
0.5120643296463032
0.5107420357760085
0.5447131804856143
0.5440915274107335
0.5426850612109756
0.3920811402484333
0.3916341159838416
0.39062244983411
0.4265703956167483
0.4260842592898005
0.4249841918870786
0.4604484745769425
0.4599233687821643
0.4587352150802711
0.3897736715287817
0.3878718668653192
0.3854106456579816
0.424061318550509
0.4219936069878318
0.4193176888460238
0.4577384886944131
0.4555055853307897
0.4526161651443186
0.3837209453726926
0.3803823825856488
0.3764951049050544
0.4174805810725871
0.4138505942995959
0.4096237951562069
0.4506325987745742
0.446713611204848
0.4421507502039306
0.469636613583426
0.4655523009478268
0.4607969672516353
0.5017229737991485
0.4973601249507673
0.4922802451804023
0.5330948777322193
0.5284568336763172
0.5230570634662904
0.4577211151815611
0.4519188008542145
0.4454649609775925
0.4889943572516139
0.4827957182012667
0.4759009741247829
0.5195644867203025
0.5129763849316267
0.5056489353150542
0.3739806339845672
0.3692370494738441
0.3639605069816254
0.4068896129280875
0.4017313540304523
0.3959933516184814
0.4391993829214493
0.4336318048763896
0.4274389405903998
0.2865055440352697
0.2828652678406529
0.2788160170790716
0.3207724174634344
0.3167008531804638
0.3121715416475357
0.3545531373752357
0.3500546575517842
0.3450507351048578
0.1960911857467697
0.1935950740019965
0.1908187056943506
0.2313889982303414
0.2284465739676657
0.2251735339991666
0.2663382583025329
0.2629526778158115
0.2591868343730631
0.2012170618134275
0.1994600973676745
0.1974144049123548
0.2374306600262278
0.2353598797445979
0.2329486941975647
0.2732903389752794
0.2709074227255296
0.2681329198187554
0.2939802537289162
0.2914182709555533
0.2884351728713226
0.32913183344413
0.3262667431961419
0.3229305322870067
0.3637902435944085
0.3606241297906896
0.3569376822348747
0.2986248285529233
0.2971655175915563
0.295276887226512
0.3343257635034635
0.3326938100152974
0.3305818054389733
0.3695306854125957
0.3677268822412469
0.3653926812070716
0.3003953816949938
0.3000523751827021
0.2992761055335282
0.3363060044181021
0.3359223458137803
0.3350541360788671
0.3717199238407106
0.3712957053913506
0.3703358646320715
0.2056165715180294
0.2053813068008557
0.2048489053711732
0.2426163021032234
0.2423389539467788
0.2417113604963761
0.2792586059148987
0.2789393146326631
0.2782168802138581
0.2044022455940364
0.2034014601102092
0.2021062771770407
0.2411848601800477
0.2400052496208213
0.238478687303614
0.2776108510525625
0.2762532121291723
0.2744963942789695
0.1081325821872265
0.1076032157297219
0.1069181592928469
0.1455672224358047
0.1448544872259694
0.1439321513523512
0.1828243412329275
0.1819285917794029
0.1807694981917975
0.1087748528269738
0.1086504418626088
0.1083688464042055
0.146432087396083
0.1462645323140389
0.1458853447286616
0.1839115669106529
0.1837008841457288
0.1832242048993208
0.01103602974934436
0.01102340113418891
0.0109948453646334
0.04893102465307393
0.04887505397696244
0.04874842907072
0.08677929672837492
0.0866799803404492
0.08645525300516921
0.01097089773530999
0.01091725514726924
0.01084784059318185
0.04864221165588811
0.04840425880193516
0.04809633387907805
0.08626672542996261
0.08584436597545758
0.08529782156603749
0.01080019295788746
0.01070606125863755
0.01059646260100559
0.04788494342378415
0.04746729498401699
0.04698102890148628
0.08492261824225006
0.08418132984850125
0.08331827689532099
0.1064478525101064
0.1055186435398609
0.1044367724302206
0.1432989550737136
0.1420479255295506
0.1405913666529411
0.1799737808180188
0.1784016680763523
0.1765713141302369
0.1037369929534759
0.1024169602237095
0.1009487641693319
0.139649230978267
0.1378720229060197
0.1358953326002601
0.1753874206863713
0.1731542248467124
0.1706704198177502
0.01052557738791276
0.0103918652863028
0.01024313287029
0.04666650680291222
0.04607320833449564
0.04541330197627947
0.08276004743013295
0.08170704563759097
0.08053586250431546
0.01014967525531288
0.009977624794400208
0.009791150757099002
0.04499867042578793
0.04423539368656335
0.04340815478360968
0.07980001164624191
0.07844548346831631
0.07697750840518351
0.009676011481198387
0.009467288591324705
0.009244886324930271
0.04289739449381614
0.04197151789829538
0.04098496884814389
0.07607116396566119
0.07442821875013259
0.07267764162407732
0.09535176134310787
0.09329216531377403
0.09109764602815269
0.1283597250088753
0.1255867623247269
0.122632150737563
0.161202037824391
0.1577179454973887
0.154005694384606
0.1000262938248836
0.09832823737696464
0.09648796240363226
0.1346533671864162
0.1323671693265462
0.1298894736274538
0.1691098639621543
0.1662372695030174
0.1631241131209988
0.1890742711052218
0.1858630639533377
0.1823827734245154
0.2231169148149526
0.2193307142772359
0.2152268745205532
0.2568206388751998
0.2524646211017316
0.2477432451814349
0.2762717028392584
0.2715876943772551
0.2665107164751436
0.3093254301501069
0.304085486868163
0.2984055632177609
0.341906514250947
0.3361178703334379
0.3298433262648711
0.2633758411277844
0.2576924747285476
0.2516358471386834
0.2948982118382065
0.2885392356659304
0.2817622607889623
0.3259688637985069
0.3189442751807107
0.3114578598759483
0.1802339439284372
0.1763386428101131
0.172188060014296
0.212692880444375
0.2080989630194354
0.2032034711928134
0.2448279865454208
0.2395428549160798
0.2339107100814921
0.1696556186174228
0.1651139636641222
0.1603333775605815
0.200216289804087
0.1948585920502113
0.1892184159767594
0.2304740128348025
0.2243098703420218
0.2178203994046607
0.2479400999494786
0.2413112237859706
0.2343323410728508
0.2776267986504452
0.2702089540581609
0.2623991158747906
0.3068894266509455
0.2986947375863317
0.290066747379893
0.2301107599115689
0.2225993338051936
0.2147646197168316
0.2576747388960358
0.2492683592858212
0.240499741149298
0.2848473303802488
0.2755597904112803
0.2658716497421312
0.1574419731346671
0.1522982754906531
0.1469343798528693
0.1858068231822164
0.1797371964105856
0.1734071112040467
0.2138949330660477
0.2069105936932519
0.1996259283819036
0.08330119800459136
0.08058158836770953
0.0777454709202178
0.1121354384505241
0.1084739643520285
0.1046556505915955
0.1408181009325653
0.1362183260508596
0.1314217136688951
0.08975870315758394
0.08735747184481728
0.08482992171411605
0.1208294626620236
0.1175965730582557
0.1141936152462887
0.1517407848624679
0.1476790614040882
0.14340380068802
0.009109199312888984
0.008865872942834327
0.008609732815055549
0.04038305821237217
0.03930361880198179
0.03816736609056632
0.07160956989740912
0.06969413054703669
0.06767793130711242
0.008454801280494757
0.008179143920456707
0.007891647739469551
0.03748012079844887
0.03625745741238438
0.03498234517589278
0.06645848547629307
0.06428907649237159
0.06202672288690082
