FiniteElementSpace
FiniteElementCollection: L2_2D_P3
VDim: 1
Ordering: 0

0.000666194092251976
0.003159848154408317
0.006359371819845144
0.008737838964789246
0.003159591797435944
0.01497998030440382
0.03014123068999953
0.04140923545979068
0.006358685623963399
0.03014049365691569
0.06063369851332434
0.08328213254953172
0.008736794664388339
0.04140796860291281
0.08328182268840688
0.1143566441055496
0.009968367071226503
0.0472425919402191
0.09500313347889316
0.1304274470033043
0.01219621280914251
0.05779466134497618
0.1161852321760934
0.1594366922666605
0.014907530248343
0.07063264916644306
0.1419183427977715
0.1946015222494287
0.01680845340310708
0.07963116759726238
0.1599228073314573
0.2191426717768511
0.1487398290661268
0.1817647666859435
0.2217259573065828
0.2495609825190483
0.1817656145518085
0.2219347290064106
0.2703731143607038
0.304023473175204
0.2217278949626255
0.2703736871429351
0.3288657598421466
0.3694734732710049
0.2495630071533093
0.3040234026968006
0.369473017255498
0.4149743845975484
0.00996964971451047
0.01219788246118583
0.01490947202215703
0.01681057961326388
0.04724399977266771
0.0577959762938113
0.0706334623493747
0.07963151051952037
0.09500325734246871
0.1161847444842979
0.1419168375896022
0.1599204396831368
0.1304271468691957
0.1594355374251449
0.1945991536242777
0.219139576737557
