FiniteElementSpace
FiniteElementCollection: L2_2D_P5
VDim: 1
Ordering: 0

1.0844823e-05
5.4926241e-05
0.00012357785
0.00020111318
0.00026971666
0.00031370521
5.4904126e-05
0.00027626919
0.00062117398
0.0010104109
0.0013545997
0.0015752076
0.00012354201
0.00062118076
0.0013962222
0.0022705651
0.0030435923
0.0035390891
0.00020107744
0.001010443
0.0022705793
0.0036920644
0.0049490634
0.0057549589
0.00026969063
0.0013546455
0.0030435997
0.0049490495
0.0066344318
0.0077151009
0.00031369291
0.0015752562
0.0035390861
0.0057549389
0.0077150999
0.0089719066
0.00033559873
0.0016849832
0.0037855563
0.0061558787
0.0082527291
0.0095971038
0.00037956373
0.0019051076
0.0042800924
0.0069604112
0.0093314146
0.01085134
0.00044790781
0.0022473015
0.0050490711
0.0082113928
0.011008368
0.012801091
0.00052482268
0.002632549
0.0059150093
0.009619872
0.012896199
0.014996106
0.00059265585
0.0029724972
0.0066791787
0.010862608
0.014561858
0.016932917
0.00063604936
0.0031900547
0.0071682214
0.011657849
0.015627763
0.018172364
0.010265814
0.011607306
0.01369274
0.016040674
0.018112464
0.019438244
0.011607318
0.013123912
0.015481751
0.018136469
0.02047885
0.021977761
0.013692762
0.015481753
0.018263222
0.021394758
0.024157796
0.025925937
0.016040664
0.018136436
0.021394745
0.025063051
0.028299778
0.030371076
0.018112406
0.02047881
0.024157798
0.028299782
0.031954495
0.034293268
0.019438174
0.021977742
0.025925954
0.030371076
0.034293264
0.036803221
0.00033560241
0.00037955078
0.00044787191
0.00052476831
0.00059259741
0.00063598953
0.0016849323
0.0019050693
0.0022472774
0.0026325386
0.0029724984
0.003190063
0.0037855688
0.0042801086
0.0050490883
0.0059150219
0.0066791744
0.0071682054
0.0061558978
0.0069604204
0.0082113831
0.0096198329
0.010862548
0.011657789
0.0082527261
0.0093314008
0.011008329
0.012896149
0.014561834
0.015627774
0.0095971034
0.01085133
0.012801059
0.014996091
0.016932955
0.018172436
0.00065754206
0.00070073813
0.00076777893
0.0008430839
0.00090937914
0.00095172818
0.0032981837
0.0035149012
0.0038512877
0.0042291997
0.0045619204
0.0047744764
0.0074112302
0.0078983391
0.0086543714
0.0095036701
0.010251369
0.010729004
0.012052972
0.012845043
0.014074382
0.015455341
0.01667107
0.017447678
0.016157481
0.017219169
0.01886694
0.020717935
0.022347478
0.023388443
0.018788372
0.020022871
0.02193886
0.024091177
0.025986012
0.02719645
0.00097275087
0.0010148436
0.0010800587
0.0011531499
0.0012173484
0.0012582845
0.0048799988
0.0050912838
0.0054186312
0.0057855032
0.0061077224
0.006313178
0.010966108
0.011440845
0.012176347
0.01300063
0.013724571
0.014186168
0.017833202
0.018605107
0.019800998
0.021141243
0.022318337
0.023068875
0.023905203
0.024939872
0.026542865
0.028339367
0.029917193
0.030923256
0.02779734
0.029000461
0.03086444
0.032953447
0.034788187
0.035958065
0.029733421
0.031020334
0.033014141
0.035248666
0.03721121
0.038462575
0.033617816
0.035072869
0.03732718
0.039853643
0.042072574
0.043487416
0.039657063
0.041373522
0.044032808
0.047013125
0.049630688
0.051299723
0.046456536
0.048467282
0.05158254
0.05507394
0.058140408
0.06009568
0.052456153
0.054726633
0.058244336
0.062186764
0.065649322
0.067857124
0.056295613
0.058732346
0.062507596
0.066738608
0.070454577
0.072823953
0.020097056
0.021417507
0.023466924
0.025769145
0.027795945
0.029090681
0.022722622
0.02421556
0.026532697
0.029135658
0.031427222
0.032891104
0.026804604
0.028565726
0.03129909
0.034369644
0.037072903
0.038799789
0.031400382
0.033463433
0.03666546
0.040262541
0.04342932
0.045452286
0.035455497
0.03778501
0.04140063
0.045462262
0.049037977
0.051322195
0.038050536
0.040550594
0.044430859
0.048789724
0.052627163
0.055078622
0.039340143
0.041924944
0.04593669
0.050443266
0.054410808
0.056945399
0.041924949
0.044679551
0.048954824
0.053757555
0.057985902
0.060687085
0.045936693
0.048954826
0.053639249
0.058901744
0.063534817
0.066494483
0.050443269
0.053757562
0.058901749
0.064680655
0.069768243
0.073018231
0.054410821
0.057985917
0.063534816
0.069768239
0.075255932
0.078761519
0.056945421
0.060687096
0.066494472
0.073018225
0.078761519
0.082430401
0.058203654
0.060722994
0.064626205
0.069000596
0.072842482
0.075292152
0.062028027
0.06471291
0.068872554
0.073534308
0.077628603
0.080239234
0.067963732
0.0709055
0.075463117
0.080570935
0.085057047
0.087917512
0.074631604
0.077861941
0.082866685
0.088475665
0.09340192
0.096543014
0.080501781
0.083986209
0.089384649
0.095434819
0.10074855
0.10413673
0.084251735
0.087898504
0.093548429
0.099880418
0.1054417
0.10898775
0.086113324
0.089840681
0.095615434
0.10208733
0.10777153
0.11139596
0.089840682
0.093729365
0.099754059
0.10650614
0.11243644
0.11621778
0.095615433
0.099754057
0.10616605
0.11335225
0.11966381
0.12368822
0.10208733
0.10650613
0.11335225
0.12102495
0.12776373
0.13206053
0.10777152
0.11243643
0.11966381
0.12776373
0.13487769
0.1394137
0.11139595
0.11621778
0.12368822
0.13206053
0.1394137
0.14410221
0.058203676
0.062028031
0.06796372
0.074631601
0.080501783
0.084251735
0.060723006
0.064712901
0.070905488
0.077861945
0.083986215
0.087898505
0.064626192
0.068872534
0.075463116
0.082866696
0.089384655
0.09354843
0.069000576
0.073534301
0.080570945
0.088475672
0.095434816
0.099880411
0.072842477
0.077628612
0.085057057
0.093401917
0.10074854
0.10544169
0.075292156
0.080239249
0.087917521
0.096543005
0.10413671
0.10898775
0.029733437
0.033617834
0.039657099
0.046456552
0.052456162
0.056295635
0.031020351
0.035072897
0.041373556
0.048467291
0.054726647
0.058732367
0.03301417
0.03732722
0.04403283
0.051582546
0.058244347
0.062507596
0.035248709
0.039853679
0.047013136
0.055073943
0.06218676
0.06673859
0.037211254
0.042072598
0.04963069
0.058140404
0.065649308
0.070454564
0.038462616
0.043487434
0.051299718
0.060095669
0.067857111
0.072823948
0.020096998
0.022722617
0.02680462
0.031400377
0.035455495
0.038050538
0.021417477
0.024215574
0.028565735
0.033463429
0.037785016
0.040550603
0.023466934
0.026532718
0.03129909
0.036665469
0.041400646
0.044430867
0.025769167
0.02913567
0.034369651
0.040262565
0.045462275
0.048789725
0.027795963
0.031427232
0.037072927
0.043429346
0.049037983
0.052627168
0.029090699
0.032891118
0.038799824
0.045452306
0.051322201
0.055078638
0.00065760427
0.0032981722
0.0074112511
0.012053027
0.016157452
0.018788295
0.00070079631
0.0035148848
0.0078983654
0.012845078
0.017219118
0.020022806
0.00076782154
0.0038512671
0.0086543978
0.014074382
0.018866887
0.021938837
0.00084310933
0.0042291778
0.0095036845
0.015455316
0.020717905
0.024091192
0.00090939044
0.0045619014
0.010251366
0.016671039
0.02234747
0.025986033
0.00095173196
0.0047744582
0.010728991
0.01744765
0.023388445
0.027196472
0.00097275213
0.0048799804
0.010966091
0.017833177
0.023905209
0.027797361
0.0010148437
0.0050912669
0.011440826
0.018605089
0.024939883
0.029000483
0.0010800578
0.0054186185
0.01217633
0.01980099
0.026542883
0.030864464
0.0011531482
0.0057854945
0.013000618
0.021141245
0.028339391
0.032953481
0.0012173469
0.0061077166
0.013724563
0.022318345
0.029917225
0.03478823
0.001258283
0.0063131743
0.014186163
0.023068887
0.030923293
0.035958111
0.0012785832
0.0064150566
0.014415059
0.023441063
0.031422182
0.03653823
0.0013191857
0.0066188213
0.014872847
0.024185421
0.03241997
0.037698478
0.0013819729
0.0069339094
0.015580731
0.025336443
0.033962879
0.039492604
0.0014521654
0.0072861479
0.016372071
0.026623171
0.035687702
0.04149826
0.0015136587
0.0075947171
0.017065299
0.027750378
0.037198693
0.043255266
0.0015527906
0.0077910724
0.017506428
0.028467667
0.038160199
0.044373322
0.039083141
0.044189022
0.052127361
0.06106525
0.068951915
0.073998874
0.040324199
0.045592211
0.053782666
0.063004432
0.071141535
0.076348747
0.042243281
0.04776201
0.056342339
0.066003052
0.074527403
0.07998243
0.044388625
0.050187651
0.059203834
0.069355217
0.078312472
0.084044542
0.046268002
0.052312594
0.061710595
0.072291799
0.081628293
0.08760306
0.047463932
0.053664795
0.063305758
0.074160468
0.083738289
0.089867493
0.048056262
0.054334528
0.064095824
0.075085998
0.084783345
0.09098904
0.049239509
0.055672395
0.065674067
0.07693484
0.086870955
0.093229453
0.051065403
0.057736885
0.068109469
0.079787805
0.090092368
0.096686665
0.053100971
0.060038438
0.07082451
0.082968354
0.093683681
0.10054087
0.054879169
0.062048979
0.073196247
0.08574674
0.096820905
0.10390776
0.056008202
0.063325526
0.074702125
0.087510812
0.09881282
0.1060455
0.0015721728
0.0078883245
0.017724913
0.028822932
0.038636422
0.044927082
0.0016108907
0.0080825952
0.01816136
0.029532611
0.039587727
0.046033276
0.0016706387
0.0083823749
0.018834842
0.030627723
0.041055693
0.047740257
0.0017372491
0.0087165748
0.019585653
0.031848578
0.042692214
0.04964325
0.0017954384
0.0090085153
0.020241526
0.03291506
0.044121808
0.051305631
0.0018323854
0.0091938753
0.020657957
0.033592197
0.045029497
0.052361128
0.0018506606
0.0092855602
0.020863937
0.033927131
0.04547847
0.052883214
0.0018871194
0.0094684645
0.021274852
0.0345953
0.046374143
0.053924743
0.0019432487
0.0097500485
0.021907464
0.03562396
0.047753056
0.055528205
0.0020056301
0.010062994
0.022610533
0.036767188
0.049285555
0.057310263
0.0020599511
0.010335497
0.023222745
0.037762682
0.050620022
0.058862036
0.0020943541
0.01050808
0.023610473
0.038393153
0.051465174
0.059844811
0.0021113454
0.010593317
0.023801967
0.038704534
0.051882583
0.06033019
0.0021451898
0.010763096
0.024183398
0.039324769
0.052714013
0.061297005
0.0021971552
0.011023778
0.024769051
0.040277088
0.053990604
0.062781472
0.0022547029
0.011312461
0.025417612
0.041331702
0.055404321
0.064425396
0.0023046289
0.011562907
0.025980272
0.042246637
0.056630799
0.065851593
0.0023361552
0.011721053
0.026335567
0.042824377
0.057405266
0.066752175
0.064532379
0.072963411
0.086071416
0.10082956
0.11385195
0.12218561
0.065566544
0.074132688
0.087450745
0.10244542
0.11567653
0.12414376
0.067154421
0.075928013
0.089568591
0.10492644
0.11847803
0.12715032
0.068912861
0.077916177
0.091913928
0.10767397
0.12158046
0.13047983
0.070438404
0.079641016
0.093948639
0.11005762
0.12427199
0.13336835
0.071401716
0.080730174
0.095233472
0.11156279
0.12597157
0.13519232
0.056566659
0.063956949
0.075446982
0.08838338
0.099798089
0.1071029
0.057680744
0.065216593
0.076932919
0.090124094
0.10176364
0.10921234
0.059395903
0.067155842
0.079220549
0.092803965
0.10478966
0.1124599
0.061302093
0.069311082
0.081762968
0.095782322
0.10815274
0.11606919
0.062961957
0.07118781
0.083976841
0.09837581
0.11108124
0.11921208
0.064013189
0.072376388
0.085378938
0.10001833
0.11293594
0.12120255
0.110733
0.11800899
0.12930191
0.14198786
0.15315605
0.16029033
0.11291396
0.12033327
0.1318486
0.14478434
0.15617244
0.16344719
0.11627161
0.12391155
0.13576926
0.14908957
0.16081621
0.1683072
0.12000324
0.12788837
0.14012657
0.15387428
0.16597714
0.17370843
0.12325266
0.13135127
0.14392078
0.15804064
0.17047108
0.17841162
0.12531059
0.1335444
0.14632374
0.16067928
0.17331718
0.18139023
0.12632697
0.13462755
0.14751053
0.16198247
0.17472282
0.18286132
0.12835148
0.13678507
0.14987445
0.16457824
0.17752268
0.18579153
0.13145993
0.14009774
0.15350405
0.16856379
0.18182158
0.19029059
0.13490227
0.14376622
0.15752348
0.17297741
0.18658218
0.19527284
0.13788868
0.14694881
0.16101052
0.17680642
0.19071222
0.19959518
0.13977446
0.14895847
0.16321243
0.17922426
0.19332013
0.20232452
0.18690142
0.19499053
0.20752263
0.22156728
0.23390208
0.24176692
0.18989635
0.19811503
0.21084788
0.22511749
0.23764988
0.24564074
0.19449476
0.20291239
0.21595346
0.2305685
0.24340429
0.25158863
0.19958705
0.208225
0.22160739
0.23660497
0.24977678
0.25817538
0.20400485
0.21283393
0.22651244
0.2418419
0.25530523
0.26388969
0.20679447
0.21574424
0.22960973
0.24514878
0.25879619
0.26749799
0.16383195
0.170923
0.18190885
0.1942206
0.20503344
0.21192783
0.16705853
0.17428918
0.18549129
0.19804541
0.2090711
0.21610122
0.17202587
0.17947142
0.19100648
0.20393371
0.21528711
0.22252619
0.17754639
0.18523077
0.19713585
0.21047775
0.22219537
0.22966668
0.18235345
0.1902458
0.20247307
0.21617607
0.22821083
0.23588435
0.18539784
0.1934219
0.20585323
0.21978492
0.23202053
0.23982212
0.13918333
0.14520781
0.15454136
0.16500154
0.17418829
0.18004586
0.14261048
0.14878325
0.15834658
0.16906423
0.17847707
0.1844788
0.1478989
0.15430053
0.16421839
0.17533331
0.18509504
0.19131924
0.15379452
0.16045127
0.17076434
0.18232212
0.19247279
0.19894498
0.15894463
0.16582422
0.1764825
0.18842713
0.19891756
0.20560638
0.16221455
0.16923562
0.18011307
0.19230332
0.20300947
0.20983582
0.094072912
0.10025401
0.10984769
0.12062509
0.13011328
0.13617443
0.096389261
0.10272258
0.11255254
0.12359534
0.13331714
0.13952751
0.09996366
0.10653189
0.11672645
0.12817876
0.13826103
0.14470164
0.10394852
0.11077864
0.12137964
0.13328845
0.14377255
0.15046983
0.10742955
0.11448843
0.12544447
0.13775203
0.14858713
0.15550864
0.10963975
0.11684389
0.12802533
0.14058606
0.15164402
0.15870789
0.076506901
0.081533815
0.089335965
0.098100609
0.10581686
0.11074618
0.078936418
0.084122968
0.09217287
0.10121585
0.1091772
0.11426309
0.082693264
0.088126653
0.096559664
0.1060331
0.11437344
0.11970143
0.086893053
0.092602376
0.10146371
0.11141839
0.12018239
0.12578098
0.090572174
0.096523235
0.10575982
0.11613609
0.12527121
0.13110683
0.092913352
0.099018253
0.10849365
0.11913818
0.12850943
0.13449588
0.11319325
0.11809287
0.12568385
0.13419123
0.141663
0.14642713
0.11678788
0.1218431
0.12967514
0.13845263
0.14616161
0.15107699
0.12234638
0.12764221
0.13584696
0.14504211
0.15311788
0.15826715
0.12856027
0.13412504
0.1427464
0.15240842
0.16089425
0.16630496
0.13400378
0.13980412
0.14879043
0.15886145
0.16770647
0.17334617
0.1374677
0.14341793
0.15263646
0.16296775
0.17204131
0.17782672
0.14878955
0.15351442
0.16082056
0.168988
0.17614276
0.18069556
0.15351441
0.15838929
0.16592737
0.17435406
0.1817359
0.18643321
0.16082055
0.16592737
0.17382406
0.1826516
0.1903846
0.19530536
0.168988
0.17435405
0.1826516
0.19192725
0.20005281
0.20522336
0.17614275
0.1817359
0.1903846
0.20005281
0.20852224
0.21391162
0.18069555
0.18643321
0.19530537
0.20522336
0.21391162
0.21944025
0.18295049
0.18745492
0.19440565
0.20215436
0.20892318
0.21322083
0.18875971
0.19340711
0.20057847
0.20857312
0.21555679
0.21999086
0.19774254
0.20261102
0.21012352
0.21849849
0.2258144
0.23045942
0.20778425
0.21289988
0.22079375
0.22959389
0.23728121
0.24216205
0.2165809
0.22191303
0.23014099
0.2393136
0.2473263
0.25241375
0.2221785
0.2276484
0.23608897
0.24549859
0.25371837
0.2589373
0.22495091
0.23048905
0.23903491
0.24856193
0.25688428
0.26216833
0.23048905
0.2361635
0.24491971
0.25468128
0.2632085
0.2686226
0.23903491
0.24491971
0.25400057
0.26412404
0.27296729
0.27858195
0.24856193
0.25468128
0.26412404
0.27465082
0.28384621
0.28968444
0.25688427
0.2632085
0.27296729
0.28384621
0.29334919
0.29938272
0.26216833
0.26862259
0.27858196
0.28968444
0.29938272
0.30554025
0.18295048
0.18875972
0.19774255
0.20778426
0.2165809
0.2221785
0.18745492
0.19340712
0.20261103
0.21289988
0.22191303
0.22764841
0.19440566
0.20057848
0.21012352
0.22079375
0.230141
0.23608897
0.20215437
0.20857313
0.2184985
0.2295939
0.23931361
0.24549859
0.20892319
0.2155568
0.22581441
0.23728122
0.2473263
0.25371836
0.21322084
0.21999087
0.23045943
0.24216206
0.25241375
0.2589373
0.21534659
0.2221841
0.232757
0.24457627
0.25493016
0.26151875
0.21958729
0.22655941
0.23734046
0.24939244
0.25995022
0.26666852
0.22611588
0.23329523
0.24439673
0.25680702
0.26767864
0.27459655
0.23337151
0.24078118
0.25223888
0.26504736
0.27626762
0.28340731
0.23968946
0.24729971
0.2590676
0.27222269
0.28374646
0.29107925
0.24369074
0.25142804
0.26339235
0.27676692
0.28848288
0.29593797
0.24566692
0.25346696
0.26552827
0.27901122
0.29082211
0.29833759
0.24960322
0.25752824
0.26978273
0.28348154
0.29548149
0.30311728
0.25564706
0.26376394
0.27631499
0.2903452
0.30263542
0.31045593
0.26234005
0.27066933
0.28354872
0.29794589
0.31055757
0.31858268
0.2681465
0.27666002
0.28982421
0.30453973
0.31743033
0.32563297
0.27181297
0.2804428
0.29378683
0.30870337
0.32177012
0.33008488
0.30205985
0.30949531
0.32096874
0.33375934
0.34493256
0.35202674
0.30689912
0.31445362
0.3261108
0.33910631
0.35045858
0.35766648
0.31432927
0.32206658
0.33400594
0.34731612
0.35894337
0.36632586
0.32255737
0.33049718
0.34274908
0.35640782
0.36833958
0.37591534
0.32969561
0.33781112
0.35033424
0.36429541
0.37649126
0.38423457
0.33420306
0.34242954
0.35512395
0.36927608
0.38163861
0.38948765
0.26478198
0.27130055
0.28135911
0.29257218
0.30236705
0.30858591
0.26999598
0.2766428
0.28689925
0.29833292
0.3083205
0.31466171
0.27802285
0.2848671
0.2954282
0.30720148
0.31748574
0.32401537
0.28694344
0.29400711
0.30490676
0.3170575
0.32767158
0.33441067
0.29471103
0.30196574
0.31316021
0.32563969
0.33654105
0.34346259
0.29963031
0.30700602
0.31838721
0.33107495
0.34215829
0.34919538
0.31166191
0.31779824
0.32724511
0.33774404
0.3468862
0.35267617
0.31779824
0.32405535
0.33368819
0.34439386
0.35371611
0.35962014
0.32724511
0.3336882
0.34360742
0.35463145
0.36423095
0.37031055
0.33774404
0.34439386
0.35463144
0.36600934
0.37591689
0.38219148
0.3468862
0.3537161
0.36423095
0.37591689
0.38609247
0.39253667
0.35267617
0.35962013
0.37031056
0.38219148
0.39253667
0.39908822
0.35553577
0.36253607
0.37331318
0.38529036
0.39571929
0.40232384
0.36123175
0.36834425
0.37929399
0.39146283
0.40205849
0.40876857
0.36997748
0.37726216
0.38847677
0.40093969
0.41179122
0.41866328
0.37966252
0.38713773
0.39864542
0.41143378
0.42256851
0.42961992
0.38806458
0.39570494
0.40746672
0.42053726
0.4319177
0.43912479
0.39336992
0.40111453
0.41303668
0.42628537
0.43782102
0.44512651
0.40558562
0.41208247
0.42205716
0.4331024
0.44268421
0.44873453
0.41208247
0.41868307
0.42881708
0.44003888
0.449774
0.45592118
0.42205715
0.42881708
0.43919584
0.45068892
0.46065959
0.46695557
0.4331024
0.44003888
0.45068893
0.46248269
0.47271431
0.47917504
0.44268421
0.449774
0.46065959
0.47271431
0.48317223
0.48977575
0.44873453
0.45592119
0.46695557
0.47917503
0.48977575
0.49646933
0.35553577
0.36123175
0.36997747
0.37966252
0.38806457
0.39336992
0.36253606
0.36834424
0.37726216
0.38713772
0.39570493
0.40111452
0.37331318
0.37929398
0.38847677
0.39864541
0.40746672
0.41303668
0.38529036
0.39146282
0.40093969
0.41143378
0.42053727
0.42628538
0.39571929
0.40205848
0.41179122
0.42256852
0.4319177
0.43782103
0.40232384
0.40876857
0.41866328
0.42961993
0.4391248
0.4451265
0.30205985
0.30689912
0.31432928
0.32255738
0.32969561
0.33420305
0.30949532
0.31445364
0.3220666
0.33049718
0.33781111
0.34242953
0.32096876
0.32611081
0.33400593
0.34274907
0.35033422
0.35512393
0.33375934
0.3391063
0.34731611
0.35640781
0.3642954
0.36927607
0.34493256
0.35045858
0.35894336
0.36833957
0.37649126
0.38163861
0.35202674
0.35766648
0.36632585
0.37591534
0.38423457
0.38948765
0.26478199
0.26999598
0.27802285
0.28694344
0.29471102
0.29963031
0.27130055
0.2766428
0.2848671
0.29400711
0.30196574
0.30700602
0.28135911
0.28689925
0.2954282
0.30490677
0.31316022
0.31838723
0.29257218
0.29833293
0.30720148
0.31705751
0.3256397
0.33107495
0.30236705
0.3083205
0.31748575
0.32767158
0.33654105
0.34215828
0.30858591
0.31466171
0.32401537
0.33441067
0.34346258
0.34919538
0.21534658
0.21958728
0.22611587
0.2333715
0.23968945
0.24369074
0.22218409
0.2265594
0.23329522
0.24078117
0.2472997
0.25142804
0.23275699
0.23734045
0.24439673
0.25223888
0.2590676
0.26339236
0.24457626
0.24939244
0.25680703
0.26504736
0.2722227
0.27676692
0.25493017
0.25995023
0.26767865
0.27626762
0.28374646
0.28848288
0.26151875
0.26666853
0.27459655
0.28340731
0.29107925
0.29593796
0.24566692
0.24960322
0.25564706
0.26234006
0.26814651
0.27181297
0.25346696
0.25752824
0.26376395
0.27066934
0.27666002
0.2804428
0.26552828
0.26978274
0.27631499
0.28354872
0.28982421
0.29378683
0.27901123
0.28348155
0.29034519
0.29794589
0.30453973
0.30870337
0.2908221
0.29548148
0.30263542
0.31055758
0.31743034
0.32177013
0.29833758
0.30311728
0.31045594
0.31858269
0.32563298
0.33008488
0.18690143
0.18989635
0.19449475
0.19958703
0.20400482
0.20679444
0.19499053
0.19811502
0.20291237
0.20822498
0.21283391
0.21574422
0.20752263
0.21084787
0.21595345
0.22160738
0.22651243
0.22960972
0.22156727
0.22511748
0.23056849
0.23660496
0.24184189
0.24514877
0.23390207
0.23764988
0.24340429
0.24977677
0.25530524
0.2587962
0.24176692
0.24564073
0.25158862
0.25817538
0.2638897
0.267498
0.12632698
0.12835149
0.13145995
0.13490228
0.13788868
0.13977445
0.13462757
0.13678508
0.14009774
0.14376622
0.1469488
0.14895846
0.14751053
0.14987446
0.15350405
0.15752348
0.16101053
0.16321243
0.16198248
0.16457825
0.1685638
0.17297742
0.17680643
0.17922426
0.17472284
0.17752269
0.18182159
0.18658218
0.19071221
0.19332011
0.18286133
0.18579154
0.19029059
0.19527283
0.19959515
0.20232449
0.11073302
0.11291398
0.11627162
0.12000325
0.12325266
0.1253106
0.118009
0.12033327
0.12391156
0.12788838
0.13135128
0.13354441
0.12930192
0.13184861
0.13576927
0.14012658
0.14392079
0.14632375
0.14198787
0.14478436
0.14908959
0.15387429
0.15804065
0.16067929
0.15315607
0.15617246
0.16081622
0.16597715
0.17047109
0.17331719
0.16029035
0.16344721
0.16830721
0.17370844
0.17841163
0.18139024
0.16383197
0.16705854
0.17202588
0.17754639
0.18235346
0.18539786
0.17092301
0.17428918
0.17947143
0.18523078
0.19024581
0.19342191
0.18190885
0.18549129
0.19100648
0.19713585
0.20247306
0.20585322
0.1942206
0.19804541
0.20393371
0.21047774
0.21617606
0.21978492
0.20503344
0.2090711
0.2152871
0.22219536
0.22821082
0.23202052
0.21192782
0.21610121
0.22252618
0.22966667
0.23588434
0.23982211
0.13918334
0.14261049
0.14789892
0.15379454
0.15894465
0.16221457
0.14520782
0.14878327
0.15430055
0.16045129
0.16582424
0.16923563
0.15454138
0.15834659
0.16421841
0.17076435
0.1764825
0.18011306
0.16500155
0.16906424
0.17533332
0.18232212
0.18842713
0.19230332
0.1741883
0.17847708
0.18509504
0.19247278
0.19891756
0.20300946
0.18004587
0.18447881
0.19131923
0.19894497
0.20560637
0.20983582
0.11319325
0.11678788
0.12234639
0.12856028
0.13400379
0.1374677
0.11809287
0.12184311
0.12764222
0.13412504
0.13980412
0.14341794
0.12568385
0.12967514
0.13584696
0.1427464
0.14879044
0.15263649
0.13419123
0.13845263
0.14504211
0.15240843
0.15886146
0.16296776
0.141663
0.14616161
0.15311789
0.16089426
0.16770647
0.17204132
0.14642713
0.15107699
0.15826715
0.16630496
0.17334618
0.17782673
0.076506894
0.078936408
0.082693253
0.086893045
0.090572166
0.092913344
0.0815338
0.084122957
0.088126646
0.092602374
0.096523237
0.099018258
0.08933596
0.092172871
0.096559671
0.10146372
0.10575984
0.10849366
0.09810062
0.10121587
0.10603311
0.11141839
0.1161361
0.11913819
0.10581687
0.1091772
0.11437345
0.1201824
0.12527122
0.12850944
0.11074618
0.11426309
0.11970143
0.125781
0.13110684
0.13449589
0.094072905
0.096389258
0.099963662
0.10394853
0.10742957
0.10963978
0.10025402
0.10272259
0.10653191
0.11077866
0.11448845
0.11684391
0.1098477
0.11255256
0.11672646
0.12137965
0.12544447
0.12802534
0.1206251
0.12359535
0.12817876
0.13328846
0.13775204
0.14058607
0.13011329
0.13331715
0.13826104
0.14377256
0.14858715
0.15164404
0.13617444
0.13952752
0.14470165
0.15046985
0.15550866
0.15870791
0.048056284
0.049239541
0.051065441
0.053101003
0.054879188
0.056008211
0.054334554
0.055672416
0.057736892
0.060038433
0.062048968
0.063325516
0.064095812
0.065674051
0.068109453
0.070824502
0.073196246
0.074702127
0.075085988
0.076934836
0.079787804
0.082968353
0.085746737
0.087510805
0.084783342
0.086870952
0.090092362
0.093683673
0.0968209
0.098812819
0.090989031
0.093229444
0.096686658
0.10054087
0.10390777
0.10604552
0.039083102
0.040324166
0.042243258
0.044388614
0.046268007
0.047463947
0.044189008
0.045592205
0.047762017
0.05018767
0.052312622
0.053664824
0.052127368
0.05378268
0.056342358
0.059203847
0.061710596
0.06330575
0.061065262
0.063004442
0.066003054
0.069355208
0.072291786
0.074160457
0.068951924
0.071141536
0.074527394
0.078312463
0.081628289
0.083738287
0.073998875
0.07634874
0.07998242
0.084044536
0.087603055
0.089867484
0.0012785844
0.0013191874
0.001381974
0.0014521656
0.0015136589
0.0015527904
0.0064150594
0.0066188243
0.0069339124
0.0072861508
0.0075947204
0.0077910759
0.014415062
0.014872849
0.015580732
0.01637207
0.017065297
0.017506423
0.023441049
0.024185405
0.025336421
0.026623142
0.027750346
0.028467633
0.031422143
0.032419928
0.033962835
0.035687658
0.037198652
0.038160161
0.036538184
0.037698435
0.039492567
0.041498234
0.043255249
0.044373312
0.0015721722
0.0016108903
0.001670638
0.0017372478
0.0017954371
0.0018323838
0.007888328
0.0080825989
0.0083823788
0.0087165792
0.0090085201
0.0091938804
0.017724907
0.018161352
0.018834831
0.019585638
0.020241508
0.020657936
0.028822896
0.029532573
0.030627683
0.031848537
0.032915021
0.03359216
0.038636386
0.039587695
0.04105567
0.042692205
0.044121811
0.045029507
0.044927075
0.04603328
0.047740277
0.049643283
0.051305669
0.052361165
0.0018506591
0.0018871169
0.0019432457
0.0020056271
0.0020599482
0.0020943515
0.0092855655
0.0094684694
0.0097500534
0.010062998
0.010335501
0.010508083
0.020863914
0.021274828
0.021907436
0.022610501
0.023222712
0.023610439
0.033927095
0.034595267
0.035623932
0.036767167
0.037762666
0.038393139
0.045478483
0.04637416
0.047753075
0.049285573
0.050620036
0.051465186
0.052883249
0.05392477
0.05552822
0.057310267
0.058862037
0.059844814
0.056566664
0.057680741
0.059395897
0.061302093
0.062961963
0.064013199
0.06395694
0.065216587
0.067155843
0.069311086
0.071187812
0.072376385
0.075446984
0.07693292
0.079220546
0.081762959
0.083976828
0.085378925
0.088383372
0.090124085
0.092803958
0.095782319
0.098375812
0.10001834
0.099798091
0.10176365
0.10478967
0.10815275
0.11108125
0.11293594
0.10710292
0.10921237
0.11245992
0.1160692
0.11921208
0.12120255
0.064532389
0.065566552
0.06715442
0.068912848
0.070438383
0.071401692
0.072963405
0.074132677
0.075927995
0.077916157
0.079640995
0.080730153
0.086071403
0.087450734
0.089568582
0.091913921
0.093948633
0.095233466
0.10082956
0.10244542
0.10492644
0.10767398
0.11005762
0.1115628
0.11385195
0.11567654
0.11847804
0.12158047
0.124272
0.12597159
0.12218562
0.12414377
0.12715034
0.13047985
0.13336836
0.13519233
0.0021113429
0.0021451877
0.0021971537
0.0022547019
0.0023046286
0.0023361551
0.010593319
0.010763098
0.011023778
0.011312459
0.011562905
0.01172105
0.023801932
0.024183363
0.024769017
0.025417577
0.025980237
0.026335532
0.038704521
0.039324757
0.040277077
0.041331691
0.042246626
0.042824368
0.051882595
0.052714023
0.053990614
0.055404331
0.056630808
0.057405275
0.060330194
0.061297011
0.062781477
0.064425397
0.065851587
0.066752163
