FiniteElementSpace
FiniteElementCollection: L2_2D_P3
VDim: 1
Ordering: 0

7.534865905349527e+27
1.768272456801635e+28
3.270555356929094e+28
4.540657308409318e+28
-1.676953560838768e+29
-1.688441640575957e+29
-1.5497546106806e+29
-1.307627594184553e+29
2.882181458763263e+29
1.188864311693945e+29
-5.599899199147984e+28
-1.374561110845938e+29
1.006256070248078e+30
6.877772205426444e+29
2.731651061881557e+29
2.648517805748537e+28
5.256320894756944e+28
6.662082229134321e+28
8.245654349755876e+28
8.854488914565392e+28
-1.127279002391916e+29
-6.828290263700017e+28
9.797335982634159e+27
8.245654349754681e+28
-1.587789074245861e+29
-1.562369676165185e+29
-6.828290263700507e+28
6.662082229132269e+28
-6.624688197112471e+28
-1.587789074245797e+29
-1.127279002391944e+29
5.256320894754493e+28
2.648517805749282e+28
-1.37456111084581e+29
-1.307627594184554e+29
4.540657308406703e+28
2.731651061881817e+29
-5.599899199145083e+28
-1.549754610680528e+29
3.270555356926281e+28
6.877772205426946e+29
1.188864311694493e+29
-1.688441640575752e+29
1.768272456798696e+28
1.006256070248141e+30
2.882181458764011e+29
-1.676953560838444e+29
7.534865905319576e+27
1.417088059313831e+30
1.061656129970858e+30
5.319185826049608e+29
1.693050869835608e+29
1.801096336070351e+30
1.631490724854708e+30
1.072923564568973e+30
5.31918582604979e+29
1.000901666343867e+30
1.671193985262923e+30
1.631490724854721e+30
1.061656129970896e+30
-5.997732037980195e+29
1.000901666343859e+30
1.801096336070356e+30
1.417088059313872e+30
