FiniteElementSpace
FiniteElementCollection: L2_2D_P1
VDim: 1
Ordering: 0

6.718918740143942e+22
7.296777497691271e+22
-1.714379211026571e+23
-1.518880362933931e+23
7.690856245320992e+22
8.322147786755972e+22
-1.354260650832029e+23
-1.15233926491146e+23
-3.015481207644054e+23
-2.595246076242268e+23
-6.429983555018405e+23
-5.621654664691472e+23
-3.777454234179717e+23
-3.345198364769349e+23
-7.812529755508833e+23
-7.026797549886893e+23
-1.09740667171701e+24
-9.907086108846584e+23
-1.601440771735223e+24
-1.44747017735159e+24
-1.993372552365865e+24
-1.802412589893643e+24
-2.586292787087527e+24
-2.33726045701266e+24
-1.660379163064897e+24
-1.467408013481377e+24
-2.153067473499551e+24
-1.902781130855548e+24
-9.104042651569832e+23
-8.013737374677685e+23
-1.332690077445047e+24
-1.176596706163187e+24
-7.206352984641704e+23
-6.119699161890092e+23
-1.061971797507349e+24
-9.077521873354663e+23
-1.326066909622003e+24
-1.136209418113301e+24
-1.720618410815341e+24
-1.475669290942675e+24
-9.994191667621514e+23
-8.175941778175823e+23
-1.300485501012308e+24
-1.067371413917124e+24
-5.332079890275665e+23
-4.289203200965105e+23
-7.962420928813677e+23
-6.480628236629841e+23
-1.569146283584106e+23
-1.200023282669019e+23
-3.653193936595344e+23
-2.896555107494234e+23
-2.272428069551402e+23
-1.875882829482057e+23
-5.024739363706724e+23
-4.224783186132175e+23
8.730241489743306e+22
9.390073232614443e+22
-9.764308094523364e+22
-7.677013243455075e+22
9.795389922276928e+22
1.044333925897089e+23
-5.81772380362868e+22
-3.641529960275795e+22
1.082250536811199e+23
1.140120165558298e+23
-1.709002888231933e+22
5.742091427398652e+21
-9.147713490691457e+22
-5.672056868716209e+22
-2.373104190827001e+23
-1.690588031387157e+23
-3.031593686724773e+22
3.711530950672066e+21
-1.230399275799615e+23
-6.362413533626357e+22
1.172241960319857e+23
1.21560633822468e+23
2.521334594571732e+22
4.896827485955685e+22
1.23654209710054e+23
1.253983393635938e+23
6.754233019896472e+22
9.110357020303973e+22
1.242272621573534e+23
1.190640078785728e+23
1.065472246895807e+23
1.242272621569414e+23
9.110357020260725e+22
1.253983393630035e+23
6.754233019836737e+22
1.236542097092054e+23
2.896661203539829e+22
6.448270261134021e+22
-2.401439142689803e+22
2.896661203540905e+22
-6.362413533588107e+22
3.71153095097792e+21
-1.230399275790808e+23
-3.031593686615578e+22
4.896827485887732e+22
1.215606338213983e+23
2.521334594557622e+22
1.17224196030669e+23
5.742091427601721e+21
1.140120165544973e+23
-1.709002888152631e+22
1.082250536797807e+23
-1.69058803137401e+23
-5.672056868561969e+22
-2.373104190810947e+23
-9.147713490471077e+22
-4.066400008654941e+23
-2.605170046512806e+23
-5.434023238391586e+23
-3.553446201558478e+23
-1.960610040751544e+23
-1.153242631034397e+23
-3.14131906592022e+23
-1.960610040747164e+23
-3.553446201566314e+23
-2.605170046520301e+23
-5.434023238393037e+23
-4.066400008656965e+23
-6.893553110599566e+23
-5.21172509284242e+23
-9.040360701935439e+23
-6.893553110600212e+23
-1.06737141391722e+24
-8.175941778177888e+23
-1.300485501012648e+24
-9.994191667625495e+23
-1.475669290943104e+24
-1.136209418113808e+24
-1.720618410815847e+24
-1.326066909622534e+24
-9.077521873359273e+23
-6.119699161889813e+23
-1.061971797507844e+24
-7.206352984645138e+23
-6.480628236630321e+23
-4.289203200958241e+23
-7.962420928816677e+23
-5.332079890273379e+23
-2.896555107475953e+23
-1.200023282643586e+23
-3.653193936578813e+23
-1.56914628355398e+23
-3.641529960165382e+22
1.044333925884095e+23
-5.817723803464433e+22
9.795389922148432e+22
-7.677013243255663e+22
9.390073232488944e+22
-9.764308094268288e+22
8.730241489623211e+22
-4.224783186117036e+23
-1.875882829450305e+23
-5.024739363696856e+23
-2.27242806951875e+23
-5.62165466468546e+23
-2.59524607621118e+23
-6.429983555016296e+23
-3.015481207616897e+23
-1.152339264882302e+23
8.322147786641573e+22
-1.35426065079943e+23
7.690856245218899e+22
-1.518880362899267e+23
7.296777497597718e+22
-1.71437921099155e+23
6.718918740069031e+22
-7.026797549887537e+23
-3.345198364744714e+23
-7.812529755510103e+23
-3.777454234159728e+23
-1.44747017735199e+24
-9.907086108849822e+23
-1.601440771735835e+24
-1.097406671717068e+24
-1.176596706163622e+24
-8.013737374681851e+23
-1.33269007744551e+24
-9.104042651573877e+23
-1.902781130856267e+24
-1.467408013481995e+24
-2.153067473500657e+24
-1.660379163065792e+24
-2.33726045701409e+24
-1.802412589894769e+24
-2.586292787089232e+24
-1.993372552367506e+24
-3.348469408743501e+24
-2.747334808049371e+24
-3.712565406499318e+24
-3.04166647890405e+24
-4.461924038220014e+24
-3.805080798528637e+24
-4.96192817724769e+24
-4.223167357369205e+24
-3.608167272824814e+24
-3.086003999710465e+24
-4.098600058617e+24
-3.49935403301115e+24
-2.719686970765706e+24
-2.235701623779373e+24
-3.081490426267183e+24
-2.530228183674216e+24
-2.108317982124217e+24
-1.734757796217025e+24
-2.458585375655854e+24
-2.021835714209977e+24
-1.529820225494397e+24
-1.257674744198088e+24
-1.859802355469742e+24
-1.529820225494615e+24
-2.021835714209482e+24
-1.73475779621672e+24
-2.458585375655546e+24
-2.108317982124108e+24
-2.78846858590275e+24
-2.39021084855239e+24
-3.257386617607894e+24
-2.788468585902879e+24
-3.499354033010663e+24
-3.086003999710139e+24
-4.098600058616854e+24
-3.608167272824591e+24
-2.530228183673228e+24
-2.235701623778691e+24
-3.081490426266461e+24
-2.719686970765204e+24
-3.041666478902905e+24
-2.747334808048196e+24
-3.712565406498528e+24
-3.348469408742661e+24
-4.223167357368884e+24
-3.805080798528074e+24
-4.961928177247923e+24
-4.461924038219885e+24
-5.519452360610729e+24
-4.956578594621477e+24
-6.313795037999976e+24
-5.65684750823688e+24
-4.548759626809794e+24
-3.999734118383413e+24
-5.184035623955914e+24
-4.548759626809759e+24
-5.656847508236777e+24
-4.956578594621374e+24
-6.313795037999696e+24
-5.519452360610494e+24
-6.907997112113731e+24
-6.179505398535156e+24
-7.741900591645643e+24
-6.907997112113637e+24
