FiniteElementSpace
FiniteElementCollection: L2_2D_P3
VDim: 1
Ordering: 0

5.213192451289971e+131
-1.160243825873169e+133
1.994112013934309e+133
6.962043672493949e+133
1.223425173047863e+132
-1.168192151870199e+133
8.225466164302711e+132
4.758565128629371e+133
2.2628185708599e+132
-1.072237932311601e+133
-3.874435537957032e+132
1.889963653679105e+133
3.141571555936659e+132
-9.047160745057267e+132
-9.510257644562358e+132
1.832445753493707e+132
3.636721974437147e+132
-7.799372225340872e+132
-1.098553062652625e+133
-4.583462392043302e+132
4.609334422949641e+132
-4.724329763655871e+132
-1.080965992637295e+133
-1.098553062652646e+133
5.704969876829152e+132
6.778541069024538e+131
-4.724329763655975e+132
-7.799372225341235e+132
6.126207865344736e+132
5.704969876829434e+132
4.60933442295004e+132
3.636721974437543e+132
1.832445753493799e+132
1.889963653679191e+133
4.7585651286297e+133
6.962043672494504e+133
-9.510257644562578e+132
-3.874435537956935e+132
8.225466164304075e+132
1.994112013934598e+133
-9.047160745057779e+132
-1.072237932311678e+133
-1.168192151870295e+133
-1.160243825873265e+133
3.141571555937042e+132
2.262818570860231e+132
1.223425173048071e+132
5.213192451290757e+131
9.804491369971726e+133
1.246135225504799e+134
6.924997840094196e+133
-4.149686508018161e+133
7.345343357985725e+133
1.12878918334735e+134
1.156258914076242e+134
6.924997840094332e+133
3.680216708038516e+133
7.423300027335282e+133
1.128789183347372e+134
1.246135225504836e+134
1.171381166666376e+133
3.68021670803861e+133
7.345343357986067e+133
9.804491369972254e+133
