FiniteElementSpace
FiniteElementCollection: L2_2D_P3
VDim: 1
Ordering: 0

5.213192451288767e+131
1.223425173047777e+132
2.262818570859875e+132
3.141571555936699e+132
-1.160243825872888e+133
-1.168192151869984e+133
-1.072237932311478e+133
-9.047160745056685e+132
1.99411201393512e+133
8.225466164310252e+132
-3.874435537951121e+132
-9.510257644558246e+132
6.962043672494803e+133
4.758565128630316e+133
1.889963653680023e+133
1.832445753501198e+132
3.636721974437236e+132
4.609334422949864e+132
5.704969876829658e+132
6.126207865345534e+132
-7.799372225340587e+132
-4.724329763655997e+132
6.77854106902194e+131
5.70496987682951e+132
-1.098553062652319e+133
-1.080965992637173e+133
-4.724329763656337e+132
4.609334422949574e+132
-4.583462392037227e+132
-1.09855306265233e+133
-7.799372225341201e+132
3.636721974436818e+132
1.83244575350147e+132
-9.510257644558241e+132
-9.047160745057423e+132
3.141571555936211e+132
1.889963653680178e+133
-3.8744355379504e+132
-1.072237932311567e+133
2.262818570859263e+132
4.758565128630756e+133
8.225466164312851e+132
-1.168192151870069e+133
1.223425173046994e+132
6.962043672495494e+133
1.994112013935577e+133
-1.160243825872952e+133
5.213192451279411e+131
9.804491369972347e+133
7.34534335798659e+133
3.680216708039521e+133
1.171381166667279e+133
1.2461352255048e+134
1.128789183347391e+134
7.423300027336192e+133
3.680216708039661e+133
6.924997840093825e+133
1.156258914076223e+134
1.128789183347417e+134
7.345343357987016e+133
-4.149686508018502e+133
6.924997840093914e+133
1.246135225504838e+134
9.804491369972977e+133
