FiniteElementSpace
FiniteElementCollection: L2_2D_P3
VDim: 1
Ordering: 0

0.76546331
0.7670066
0.76826543
0.768651
0.74891927
0.75042921
0.75166083
0.75203807
0.72659876
0.7280637
0.72925862
0.72962461
0.70894206
0.71037139
0.71153727
0.71189438
0.75490379
0.75836108
0.76212546
0.76443618
0.73858797
0.74197054
0.74565356
0.74791434
0.71657538
0.71985713
0.72343039
0.72562378
0.69916225
0.70236425
0.70585067
0.70799077
0.8128424
0.81656503
0.82061833
0.82310639
0.7984777
0.80213455
0.80611622
0.80856031
0.77895167
0.78251909
0.78640339
0.78878771
0.76339747
0.76689365
0.77070039
0.7730371
0.82421235
0.82587408
0.82722953
0.8276447
0.80964673
0.8112791
0.8126106
0.81301843
0.78984757
0.79144002
0.79273895
0.79313681
0.77407579
0.77563644
0.77690944
0.77729935
0.87502378
0.87678796
0.87822698
0.87866774
0.86257684
0.86431593
0.86573447
0.86616896
0.84548968
0.84719431
0.84858476
0.84901064
0.83175473
0.83343167
0.83479952
0.83521848
0.91740835
0.919258
0.92076672
0.92122883
0.90719994
0.909029
0.91052094
0.91097791
0.89298932
0.89478973
0.89625829
0.8967081
0.88142344
0.88320052
0.88465006
0.88509404
0.90475272
0.9088963
0.91340792
0.91617733
0.89468513
0.8987826
0.90324403
0.90598262
0.88067057
0.88470385
0.88909538
0.89179107
0.86926424
0.87324528
0.87757993
0.8802407
0.86295287
0.866905
0.87120818
0.87384963
0.85067763
0.85457354
0.85881551
0.86141939
0.83382621
0.83764494
0.84180287
0.84435516
0.82028074
0.82403743
0.82812781
0.83063864
0.84257128
0.84867328
0.85579918
0.86061588
0.83058597
0.83660118
0.8436257
0.84837389
0.81413257
0.82002862
0.82691399
0.83156811
0.800907
0.80670728
0.8134808
0.81805932
0.88338382
0.88978142
0.8972525
0.90230253
0.87355403
0.87988043
0.88726838
0.89226221
0.8598705
0.86609779
0.87337
0.8782856
0.84873358
0.85488022
0.86205823
0.86691017
0.85350751
0.8620975
0.87245606
0.87973807
0.84401018
0.85250458
0.86274787
0.86994885
0.83078945
0.83915079
0.84923362
0.85632179
0.82002919
0.82828224
0.83823448
0.84523084
0.8140753
0.82226842
0.8321484
0.83909397
0.80249533
0.81057191
0.82031136
0.82715813
0.78659837
0.79451497
0.80406149
0.81077262
0.77382008
0.78160808
0.79099952
0.79760164
0.76680304
0.77452041
0.78382669
0.79036895
0.75325195
0.76083294
0.76997476
0.7764014
0.7348319
0.7422275
0.75114575
0.75741523
0.72015868
0.72740661
0.73614678
0.74229107
0.79364434
0.79939202
0.80610412
0.81064113
0.7796189
0.78526501
0.7918585
0.79631533
0.76055406
0.76606209
0.77249434
0.77684218
0.74536722
0.75076527
0.75706907
0.7613301
0.73707414
0.74241213
0.74864581
0.75285942
0.72114367
0.72636629
0.73246524
0.73658778
0.69965099
0.70471796
0.71063513
0.71463481
0.68264912
0.68759296
0.69336635
0.69726883
0.71214608
0.71931336
0.72795629
0.73403222
0.69675438
0.70376676
0.71222289
0.71816749
0.67598858
0.68279197
0.69099608
0.69676352
0.65956171
0.66619977
0.67420452
0.67983181
0.68035965
0.68928721
0.70025617
0.7081359
0.66565494
0.67438955
0.68512144
0.69283087
0.64581602
0.6542903
0.66470235
0.672182
0.63012235
0.63839071
0.64854974
0.65584764
0.73257704
0.74218977
0.75400059
0.76248508
0.71963081
0.72907367
0.74067576
0.7490103
0.70203292
0.71124486
0.72256324
0.73069397
0.68801462
0.69704263
0.708135
0.71610338
0.69129592
0.70271146
0.71691308
0.7272581
0.67907919
0.690293
0.70424366
0.71440586
0.66247293
0.67341252
0.68702203
0.69693574
0.64924457
0.65996572
0.67330347
0.68301922
0.64202096
0.65262282
0.66581218
0.67541983
0.62814486
0.63851759
0.65142189
0.66082189
0.60942385
0.61948744
0.63200715
0.641127
0.59461453
0.60443356
0.61664903
0.62554727
0.59749922
0.60967328
0.62495602
0.63619907
0.5845854
0.59649632
0.61144875
0.6224488
0.56716269
0.5787186
0.59322535
0.60389755
0.55338038
0.56465548
0.57880969
0.58922253
0.54722337
0.56085235
0.57808122
0.59085134
0.53539613
0.54873059
0.5655871
0.57808122
0.51943932
0.5323764
0.54873059
0.56085236
0.50681659
0.51943932
0.53539614
0.54722338
0.58922255
0.60389758
0.62244881
0.63619908
0.5788097
0.59322537
0.61144876
0.62495603
0.56465547
0.5787186
0.59649633
0.60967329
0.55338037
0.56716269
0.58458541
0.59749923
0.64335719
0.65646559
0.67292126
0.6850272
0.63198764
0.6448644
0.66102926
0.67292126
0.61653295
0.62909482
0.6448644
0.65646559
0.60422191
0.61653295
0.63198764
0.64335718
0.68301922
0.69693574
0.71440587
0.7272581
0.67330347
0.68702204
0.70424366
0.71691308
0.65996572
0.67341252
0.690293
0.70271146
0.64924458
0.66247294
0.67907919
0.69129592
0.62554729
0.64112701
0.66082189
0.67541983
0.61664906
0.63200716
0.65142189
0.66581218
0.60443359
0.61948746
0.6385176
0.65262283
0.59461456
0.60942387
0.62814487
0.64202097
0.65584764
0.67218201
0.69283087
0.7081359
0.64854975
0.66470235
0.68512145
0.70025618
0.63839072
0.65429031
0.67438956
0.68928721
0.63012236
0.64581602
0.66565495
0.68035965
0.71610339
0.73069398
0.74901031
0.76248508
0.70813501
0.72256324
0.74067576
0.75400059
0.69704263
0.71124487
0.72907367
0.74218978
0.68801462
0.70203292
0.71963081
0.73257704
0.7694626
0.78216893
0.79797638
0.80949115
0.76090047
0.7734654
0.78909695
0.8004836
0.74898158
0.76134968
0.77673637
0.78794465
0.73928088
0.75148879
0.76667618
0.77773929
0.73391326
0.74603254
0.76110966
0.77209244
0.72347358
0.73542046
0.75028311
0.76110966
0.709142
0.72085223
0.73542046
0.74603253
0.697622
0.709142
0.72347357
0.73391326
0.77773929
0.78794465
0.8004836
0.80949114
0.76667618
0.77673637
0.78909696
0.79797638
0.75148879
0.76134968
0.77346541
0.78216893
0.73928087
0.74898157
0.76090047
0.76946261
0.81541152
0.82611118
0.83925746
0.84870131
0.80633809
0.81691871
0.8299187
0.83925746
0.79370744
0.80412233
0.8169187
0.82611118
0.78342745
0.79370744
0.80633809
0.81541151
0.84523084
0.8563218
0.86994885
0.87973807
0.83823448
0.84923363
0.86274788
0.87245606
0.82828224
0.83915079
0.85250459
0.8620975
0.82002919
0.83078945
0.84401018
0.85350751
0.86691017
0.8782856
0.89226221
0.90230253
0.86205824
0.87337
0.88726837
0.8972525
0.85488023
0.8660978
0.87988043
0.88978142
0.84873359
0.8598705
0.87355403
0.88338382
0.81805932
0.83156811
0.8483739
0.86061589
0.8134808
0.82691399
0.84362571
0.85579919
0.80670728
0.82002862
0.83660118
0.84867329
0.800907
0.81413257
0.83058597
0.84257128
0.79760164
0.81077262
0.82715813
0.83909397
0.79099951
0.80406148
0.82031136
0.83214841
0.78160807
0.79451496
0.81057192
0.82226843
0.77382008
0.78659836
0.80249533
0.8140753
0.74229107
0.75741523
0.77640139
0.79036894
0.73614679
0.75114575
0.76997475
0.78382668
0.72740661
0.7422275
0.76083294
0.77452041
0.72015869
0.73483191
0.75325196
0.76680304
0.67983182
0.69676352
0.7181675
0.73403223
0.67420453
0.69099608
0.7122229
0.7279563
0.66619978
0.68279197
0.70376676
0.71931337
0.65956172
0.67598858
0.69675438
0.71214609
0.69726884
0.71463482
0.73658779
0.75285942
0.69336636
0.71063514
0.73246525
0.74864581
0.68759297
0.70471797
0.7263663
0.74241214
0.68264913
0.699651
0.72114368
0.73707415
0.76133009
0.77684217
0.79631532
0.81064112
0.75706907
0.77249433
0.79185849
0.80610412
0.75076527
0.76606208
0.785265
0.79939201
0.74536722
0.76055405
0.7796189
0.79364433
0.7730371
0.78878771
0.80856031
0.82310638
0.77070038
0.78640338
0.80611621
0.82061832
0.76689365
0.78251909
0.80213455
0.81656503
0.76339747
0.77895167
0.7984777
0.8128424
0.70799078
0.72562379
0.74791434
0.76443617
0.70585068
0.7234304
0.74565357
0.76212546
0.70236426
0.71985714
0.74197054
0.75836108
0.69916226
0.71657539
0.73858798
0.75490379
0.71189439
0.72962462
0.75203808
0.768651
0.71153729
0.72925863
0.75166084
0.76826543
0.7103714
0.72806371
0.75042921
0.7670066
0.70894207
0.72659877
0.74891928
0.76546331
0.77729935
0.7931368
0.81301842
0.82764469
0.77690944
0.79273894
0.81261059
0.82722953
0.77563644
0.79144001
0.8112791
0.82587408
0.77407578
0.78984756
0.80964673
0.82421234
0.83521848
0.84901063
0.86616896
0.87866773
0.83479952
0.84858475
0.86573447
0.87822698
0.83343167
0.84719431
0.86431593
0.87678796
0.83175472
0.84548968
0.86257684
0.87502378
0.83063864
0.84435517
0.86141939
0.87384963
0.82812781
0.84180287
0.85881551
0.87120818
0.82403743
0.83764494
0.85457355
0.866905
0.82028074
0.83382621
0.85067763
0.86295287
0.8802407
0.89179106
0.90598261
0.91617731
0.87757993
0.88909538
0.90324402
0.91340791
0.87324528
0.88470385
0.89878259
0.90889628
0.86926424
0.88067057
0.89468513
0.90475271
0.88509404
0.89670809
0.91097788
0.92122879
0.88465006
0.89625828
0.91052092
0.92076668
0.88320052
0.89478972
0.90902899
0.91925797
0.88142343
0.89298932
0.90719993
0.91740833
0.92644572
0.93576981
0.94701363
0.95491794
0.925981
0.93530041
0.94653859
0.95443893
0.92446374
0.93376788
0.94498765
0.95287505
0.92260363
0.93188905
0.94308624
0.95095778
0.95887524
0.96581954
0.97392908
0.97941066
0.95839425
0.96533507
0.97344054
0.97891937
0.95682388
0.96375333
0.97184552
0.97731538
0.95489866
0.96181417
0.96989008
0.97534893
0.95361734
0.96052357
0.96858864
0.97404016
0.95073477
0.95762012
0.96566081
0.97109586
0.94603879
0.95289013
0.9608911
0.9662993
0.94172589
0.94854601
0.9565105
0.96189404
0.92136564
0.9306386
0.94182076
0.94968174
0.91858055
0.92782548
0.93897384
0.94681106
0.91404338
0.92324264
0.93433594
0.94213445
0.90987634
0.91903367
0.93007638
0.93783935
0.90741228
0.9165448
0.92755761
0.93529955
0.90233366
0.91141507
0.92236623
0.93006484
0.89482027
0.90382606
0.91468604
0.92232053
0.88838644
0.89732749
0.90810938
0.91568897
0.88472004
0.89362419
0.90436158
0.9119099
0.87739679
0.88622723
0.89687574
0.90436158
0.86697957
0.87570515
0.88622723
0.89362419
0.85834093
0.86697957
0.87739679
0.88472004
0.91568897
0.92232053
0.93006485
0.93529956
0.90810938
0.91468604
0.92236624
0.92755763
0.89732749
0.90382607
0.91141507
0.91654482
0.88838644
0.89482027
0.90233366
0.90741229
0.93917557
0.94597723
0.95392016
0.95928912
0.93391916
0.94068276
0.94858124
0.95392016
0.92614276
0.93285004
0.94068276
0.94597723
0.91948371
0.92614276
0.93391917
0.93917558
0.96189405
0.9662993
0.97109586
0.97404017
0.95651051
0.96089111
0.96566082
0.96858865
0.94854602
0.95289015
0.95762014
0.96052359
0.9417259
0.9460388
0.95073479
0.95361737
0.93783936
0.94213447
0.94681108
0.94968177
0.9300764
0.93433596
0.93897387
0.94182079
0.91903368
0.92324266
0.9278255
0.93063863
0.90987635
0.91404339
0.91858057
0.92136566
0.9509578
0.95287508
0.95443897
0.95491799
0.94308627
0.94498769
0.94653864
0.94701368
0.93188908
0.93376792
0.93530045
0.93576986
0.92260365
0.92446377
0.92598103
0.92644576
0.97534894
0.97731539
0.9789194
0.97941069
0.9698901
0.97184554
0.97344057
0.97392912
0.96181419
0.96375336
0.9653351
0.96581958
0.95489869
0.95682391
0.95839429
0.95887528
0.99034693
0.99234361
0.99397228
0.99447113
0.98735333
0.98934399
0.99096773
0.99146507
0.98247647
0.98445729
0.98607302
0.9865679
0.97799747
0.97996926
0.98157762
0.98207025
0.97668514
0.98115814
0.98602846
0.98901804
0.97373284
0.97819232
0.98304792
0.98602846
0.96892326
0.97336071
0.97819232
0.98115815
0.96450605
0.96892327
0.97373285
0.97668515
0.98207022
0.98656788
0.99146506
0.99447112
0.9815776
0.986073
0.99096772
0.99397228
0.97996925
0.98445728
0.98934398
0.99234361
0.97799746
0.98247647
0.98735333
0.99034692
0.99580733
0.99781503
0.99945268
0.99995428
0.99530782
0.99731451
0.99895133
0.99945268
0.99367697
0.99568037
0.99731451
0.99781503
0.9916776
0.99367697
0.99530782
0.99580734
