FiniteElementSpace
FiniteElementCollection: L2_2D_P1
VDim: 1
Ordering: 0

-1.354489442958812e+121
3.850634761051344e+120
-1.231055396837383e+121
4.188114451452521e+120
-6.018156875283794e+121
-2.98840076621891e+121
-5.530602651475607e+121
-2.706034036745068e+121
-6.813525572699533e+121
-3.461482018931082e+121
-6.368315950406533e+121
-3.19312828885874e+121
-1.561216713837289e+121
3.338658469436998e+120
-1.445762757179264e+121
3.629388489338348e+120
-1.746579687540046e+121
2.89915940849684e+120
-1.642200441710623e+121
3.142836651085704e+120
-1.906227992908062e+121
2.534050936758717e+120
-1.816065535334817e+121
2.731521319785826e+120
-8.122570908515069e+121
-4.269673154650414e+121
-7.78834258689234e+121
-4.058922366319864e+121
-7.519919012133461e+121
-3.893423167196509e+121
-7.126265414655125e+121
-3.649488949765424e+121
-1.531644642353158e+122
-1.057078586343002e+122
-1.450976925324075e+122
-9.994879138281513e+121
-1.655861487028884e+122
-1.146885195277134e+122
-1.586991752894643e+122
-1.09673661197188e+122
-2.697208887636242e+122
-2.073220365726752e+122
-2.580998180576846e+122
-1.983149796812373e+122
-2.48791939024891e+122
-1.911796170787979e+122
-2.353085521304559e+122
-1.808557608124167e+122
-2.247655821950086e+122
-1.728256047627353e+122
-2.098457718355569e+122
-1.614614367831937e+122
-1.387423374430864e+122
-9.547013240763037e+121
-1.297131530647739e+122
-8.91377214788193e+121
-1.227338024866229e+122
-8.426794534751692e+121
-1.130003051826054e+122
-7.751688427188331e+121
-1.984221291041824e+122
-1.527534896608564e+122
-1.825226982845837e+122
-1.406244907740753e+122
-2.858895043496713e+122
-2.336277231993904e+122
-2.623751098321429e+122
-2.147493157032207e+122
-3.251643699835869e+122
-2.650335013158318e+122
-3.028366124597659e+122
-2.472091976508142e+122
-4.392799814991084e+122
-3.713513857733466e+122
-4.078112390099549e+122
-3.454380705760612e+122
-3.841319658883542e+122
-3.258367553814222e+122
-3.514151556578819e+122
-2.986948482802522e+122
-4.919278288085679e+122
-4.283411472730716e+122
-4.483151863878213e+122
-3.912988297867847e+122
-6.075417205472806e+122
-5.397487429473874e+122
-5.513153050455798e+122
-4.910872317578406e+122
-7.043759201737723e+122
-6.23029320918055e+122
-6.4866553547046e+122
-5.752563576390543e+122
-5.66203141512183e+122
-4.910580786303922e+122
-5.236513018976081e+122
-4.552229766546927e+122
-6.366353184031318e+122
-5.500598513151168e+122
-5.966726615777478e+122
-5.1665578378465e+122
-7.975767187038509e+122
-7.024826687217724e+122
-7.444780772547759e+122
-6.573405922497546e+122
-8.831017757800521e+122
-7.748738666506362e+122
-8.349937143588028e+122
-7.3423382844777e+122
-7.003728431695674e+122
-6.031775204909756e+122
-6.646593016699695e+122
-5.734361255864845e+122
-5.369002187603305e+122
-4.513456558948689e+122
-5.111887706881934e+122
-4.302807583631381e+122
-4.90852252897478e+122
-4.136490365952543e+122
-4.617026885859796e+122
-3.897735096996791e+122
-3.614246821351328e+122
-2.939356457212875e+122
-3.41003752341771e+122
-2.77658614953891e+122
-3.933927245905412e+122
-3.194935256335975e+122
-3.755976237955531e+122
-3.052291003188493e+122
-4.198638166543154e+122
-3.408873351285873e+122
-4.053480776778092e+122
-3.290972947843143e+122
-4.398530508462358e+122
-3.573188240970457e+122
-4.291382231302709e+122
-3.484634078807244e+122
-6.048624031243481e+122
-5.076796721754721e+122
-5.89106875467198e+122
-4.944373515826738e+122
-5.754749206340187e+122
-4.831162839198419e+122
-5.542841410202371e+122
-4.655989844192256e+122
-7.544420090694802e+122
-6.483106655261849e+122
-7.246638018249293e+122
-6.23400417635189e+122
-9.565870388578907e+122
-8.369561271642278e+122
-9.159891411055195e+122
-8.026414689727702e+122
-1.013760108627738e+123
-8.856533851673244e+122
-9.830343137793253e+122
-8.59368647105516e+122
-7.960601758226575e+122
-6.834558484185741e+122
-7.73726316298703e+122
-6.644982769047726e+122
-8.231198488511871e+122
-7.067450410581952e+122
-8.093281248594483e+122
-6.94807121680836e+122
-1.051199998502901e+123
-9.181195520623288e+122
-1.032128170055227e+123
-9.014694625252492e+122
-1.066982261187055e+123
-9.320481968678118e+122
-1.060532547195678e+123
-9.263261082981513e+122
-8.34486472669325e+122
-7.166958107953087e+122
-8.298311540488254e+122
-7.126093610936806e+122
-6.317987668636664e+122
-5.30736085376306e+122
-6.285368702082813e+122
-5.279108184560904e+122
-6.238468290149729e+122
-5.238543549053853e+122
-6.141652855616344e+122
-5.155675306195265e+122
-4.52700763750468e+122
-3.68074634453545e+122
-4.461423085495658e+122
-3.625662939793893e+122
-4.580709549574502e+122
-3.726329435942233e+122
-4.558645162328471e+122
-3.707619123356951e+122
-3.114063170840759e+122
-2.405079451909227e+122
-3.099913047034343e+122
-2.39350808083443e+122
-1.900211510888836e+122
-1.329658654146666e+122
-1.891932222531089e+122
-1.323341710855405e+122
-1.880165842841313e+122
-1.314271525243299e+122
-1.855514551530775e+122
-1.295553445258674e+122
-3.079694558143971e+122
-2.376886929497829e+122
-3.037590037546714e+122
-2.34270509530161e+122
-2.99734441759926e+122
-2.31012612879038e+122
-2.928359586141381e+122
-2.254859546107101e+122
-2.868737750783419e+122
-2.207571252513599e+122
-2.77475844637147e+122
-2.13352536129565e+122
-1.756797560465826e+122
-1.221267009223648e+122
-1.701466455722743e+122
-1.180244263184642e+122
-1.83207983764638e+122
-1.277714883483267e+122
-1.791618036384105e+122
-1.247286123620506e+122
-8.972162439241024e+121
-4.810890378414423e+121
-8.776374396717463e+121
-4.685505301563751e+121
-8.609687722945352e+121
-4.578495126404881e+121
-8.341784467643258e+121
-4.407851451762207e+121
-2.036266063604011e+121
2.244553557467993e+120
-1.963122323030443e+121
2.396901057414097e+120
-2.133552205905264e+121
2.031680810909808e+120
-2.079682478201183e+121
2.139838789869337e+120
-2.195812693213421e+121
1.89632133331922e+120
-2.162841916237704e+121
1.960956474767479e+120
-9.203526709442858e+121
-4.960438390089799e+121
-9.08423553234361e+121
-4.883841671216628e+121
-9.29988889841884e+121
-5.023154601190496e+121
-9.259817731817168e+121
-4.997398213159277e+121
-2.221656877035559e+121
1.839175487745193e+120
-2.210558714464251e+121
1.860677963580162e+120
