FiniteElementSpace
FiniteElementCollection: L2_2D_P3
VDim: 1
Ordering: 0

5.664821128638331e+122
-1.260757933036144e+124
2.16686569217117e+124
7.565178623924525e+124
1.329412799248029e+123
-1.269394837476372e+124
8.938053784625445e+123
5.170808585097873e+124
2.458850804089046e+123
-1.165127923210589e+124
-4.210085183719839e+123
2.053694763376273e+124
3.413731814784401e+123
-9.830933314494892e+123
-1.033414917047732e+124
1.991193978880529e+123
3.95177804631158e+123
-8.475046525961269e+123
-1.193722782847382e+124
-4.98053636912571e+123
5.00864974247859e+123
-5.133607346097182e+123
-1.174612111836261e+124
-1.193722782847434e+124
6.199202158595577e+123
7.365778844404356e+122
-5.133607346096748e+123
-8.47504652596118e+123
6.656932787165138e+123
6.19920215859714e+123
5.008649742481156e+123
3.951778046314503e+123
1.991193978880253e+123
2.053694763376232e+124
5.170808585097917e+124
7.56517862392468e+124
-1.033414917047817e+124
-4.210085183721204e+123
8.938053784623966e+123
2.166865692171057e+124
-9.830933314495082e+123
-1.165127923210671e+124
-1.269394837476546e+124
-1.260757933036383e+124
3.413731814787452e+123
2.458850804092243e+123
1.329412799251269e+123
5.664821128670253e+122
1.065387291719567e+125
1.354090266309322e+125
7.52492344133841e+124
-4.509181663261576e+124
7.981684282846984e+124
1.226578315579977e+125
1.256427800803134e+125
7.524923441338483e+124
3.999040810518553e+124
8.066394485239149e+124
1.226578315579988e+125
1.354090266309343e+125
1.272860122569088e+124
3.999040810518554e+124
7.981684282847087e+124
1.065387291719589e+125
