FiniteElementSpace
FiniteElementCollection: L2_2D_P4
VDim: 1
Ordering: 0

1.162880533987209e+125
-2.21701569849896e+126
1.293416011005913e+126
2.233681990049295e+126
5.086706344919616e+125
-8.934847941967155e+124
-2.008094713586543e+126
1.970091334723615e+126
1.352744867632133e+126
-6.530403399205105e+125
-3.087831353486216e+125
-1.670962428248983e+126
2.406371131602674e+126
6.715700417635338e+124
-2.966886815061918e+125
-4.313706182335805e+125
-1.436019843447365e+126
2.494677125360563e+126
-6.436636233217125e+125
1.326584948799009e+126
-4.727468755766747e+125
-1.353689052743082e+126
2.458720482163172e+126
-6.974497988783791e+125
1.745768461113544e+126
