FiniteElementSpace
FiniteElementCollection: L2_2D_P4
VDim: 1
Ordering: 0

1.745768461115756e+126
1.326584948801779e+126
-2.966886815041329e+125
-6.530403399227422e+125
5.086706344856835e+125
-6.974497988789075e+125
-6.436636233228712e+125
6.715700417308244e+124
1.352744867626177e+126
2.233681990042914e+126
2.458720482160212e+126
2.494677125357366e+126
2.406371131599772e+126
1.970091334722494e+126
1.293416011007153e+126
-1.353689052739511e+126
-1.436019843443189e+126
-1.670962428243699e+126
-2.008094713580128e+126
-2.217015698492056e+126
-4.727468755758917e+125
-4.313706182328373e+125
-3.087831353481592e+125
-8.934847941971606e+124
1.162880533981771e+125
