FiniteElementSpace
FiniteElementCollection: L2_2D_P1
VDim: 1
Ordering: 0

0.00039419564
0.0014711561
0.0014711561
0.0054904215
0.0022555837
0.0084179412
0.0033217167
0.012396798
0.012906455
0.019006929
0.01900692
0.027991004
0.0022555845
0.0033217194
0.0084179439
0.012396808
0.0040943768
0.0051391763
0.015280401
0.01917964
0.0058924947
0.0069057916
0.021991059
0.025772729
0.033717034
0.039515228
0.04965439
0.058193452
0.023428108
0.029406491
0.034502005
0.043306269
0.042527585
0.053379941
0.053379931
0.067001886
0.061204831
0.071730395
0.076823798
0.090035711
0.088085703
0.10323473
0.10323473
0.12098967
0.061204814
0.076823794
0.071730369
0.090035704
0.033717035
0.049654375
0.039515223
0.058193426
0.023428098
0.034502
0.029406491
0.043306259
0.0040943745
0.015280392
0.0051391771
0.019179643
0.0058924962
0.021991064
0.0069057919
0.02577273
0.007632499
0.028484834
0.0086045924
0.032112731
0.043673528
0.064317426
0.049235976
0.072509356
0.053202327
0.078350727
0.058476063
0.086117588
0.0092977486
0.034699621
0.010219377
0.038139181
0.010872391
0.040576258
0.011734809
0.04379484
0.012341499
0.046059035
0.013136566
0.04902626
0.070619372
0.10400185
0.075168987
0.11070247
0.062212751
0.091620814
0.067147723
0.098888883
0.11293498
0.14175821
0.12189427
0.15300488
0.12819702
0.16091687
0.13645693
0.17128584
0.18451107
0.21625165
0.19640119
0.23018852
0.16254216
0.19050157
0.17543849
0.20561746
0.13899725
0.16290496
0.15277768
0.17905671
0.096577312
0.12122477
0.10615127
0.13324269
0.079279084
0.099511117
0.089376889
0.11218637
0.11409949
0.13372351
0.1286334
0.1507579
0.14779799
0.16662598
0.16662595
0.18785359
0.18005216
0.19790494
0.20299114
0.2231198
0.21934923
0.2411011
0.24110108
0.26501175
0.18005212
0.20299112
0.19790487
0.22311977
0.21055515
0.23738292
0.22726329
0.25622158
0.23901774
0.26947507
0.25442299
0.28684524
0.29119567
0.32007984
0.30996747
0.34071606
0.2565146
0.28195528
0.27687291
0.30433482
0.2999832
0.32379536
0.32379536
0.34950024
0.34054848
0.36758531
0.36250627
0.39128932
0.38660773
0.41154071
0.41154072
0.43808512
0.34054849
0.3625063
0.36758531
0.39128932
0.29119572
0.30996754
0.32007987
0.3407161
0.25651463
0.27687294
0.28195528
0.30433484
0.21055524
0.2272634
0.23738297
0.25622164
0.23901786
0.25442312
0.26947515
0.28684533
0.18451128
0.1964014
0.21625181
0.23018869
0.12819722
0.13645717
0.16091708
0.17128607
0.11293511
0.12189444
0.14175836
0.15300508
0.1625423
0.17543867
0.19050168
0.20561761
0.13899733
0.1527778
0.16290502
0.1790568
0.11409951
0.12863346
0.13372352
0.15075794
0.07927912
0.089376943
0.099511138
0.11218643
0.096577383
0.10615137
0.12122486
0.13324281
0.053202323
0.058476055
0.078350774
0.086117653
0.043673533
0.049235975
0.064317457
0.072509394
0.0076324982
0.0086045892
0.028484831
0.032112719
0.0092977436
0.01021937
0.034699603
0.038139154
0.010872387
0.011734817
0.040576244
0.043794871
0.062212762
0.067147789
0.091620904
0.098889022
0.070619463
0.07516909
0.10400202
0.11070267
0.012341512
0.01313658
0.046059084
0.049026313
