FiniteElementSpace
FiniteElementCollection: L2_2D_P3
VDim: 1
Ordering: 0

-1.8377275e-114
3.5776195e-114
-5.9629709e-114
-1.953629e-113
-1.8375625e-114
3.5773081e-114
-5.962475e-114
-1.9533786e-113
-1.8375889e-114
3.5773574e-114
-5.9625519e-114
-1.9534232e-113
-1.8375044e-114
3.5771981e-114
-5.9622989e-114
-1.9532931e-113
2.1029573e-112
-2.1042759e-112
-3.3498896e-112
2.2709628e-110
2.1029017e-112
-2.1043407e-112
-3.3492584e-112
2.270799e-110
2.1029039e-112
-2.1043172e-112
-3.349381e-112
2.2708244e-110
2.1028782e-112
-2.1043558e-112
-3.3490489e-112
2.2707408e-110
2.6329642e-109
-5.3970148e-109
9.9213635e-109
4.7827767e-110
2.6327744e-109
-5.3966377e-109
9.9207185e-109
4.7664546e-110
2.6328053e-109
-5.3966984e-109
9.9208197e-109
4.76988e-110
2.6327079e-109
-5.3965052e-109
9.9204902e-109
4.7611841e-110
-6.8748905e-107
1.0606781e-106
-8.1690396e-107
-3.5728502e-105
-6.8746815e-107
1.060658e-106
-8.1692963e-107
-3.5726478e-105
-6.8747049e-107
1.0606592e-106
-8.1692188e-107
-3.5726798e-105
-6.874602e-107
1.0606497e-106
-8.1693654e-107
-3.5725763e-105
-3.1537178e-104
6.9491645e-104
-1.4321673e-103
4.7825709e-103
-3.1535153e-104
6.9487477e-104
-1.4320922e-103
4.7826255e-103
-3.1535497e-104
6.9488171e-104
-1.4321043e-103
4.7826037e-103
-3.1534452e-104
6.9486024e-104
-1.4320657e-103
4.7826372e-103
1.4904497e-101
-2.5841742e-101
3.2265388e-101
4.8255755e-100
1.4904139e-101
-2.5841286e-101
3.2265268e-101
4.8253424e-100
1.4904184e-101
-2.5841331e-101
3.2265233e-101
4.8253805e-100
1.4904006e-101
-2.5841109e-101
3.2265194e-101
4.8252607e-100
2.6994011e-99
-6.9441193e-99
1.7228186e-98
-1.3921363e-97
2.6991863e-99
-6.9436603e-99
1.7227322e-98
-1.3921297e-97
2.6992252e-99
-6.9437413e-99
1.7227468e-98
-1.392129e-97
2.6991133e-99
-6.9435029e-99
1.7227022e-98
-1.3921263e-97
-2.603362e-96
4.8311865e-96
-7.2430458e-96
-5.234122e-95
-2.6033054e-96
4.831106e-96
-7.2429832e-96
-5.2338472e-95
-2.6033134e-96
4.8311161e-96
-7.2429868e-96
-5.2338949e-95
-2.6032848e-96
4.8310759e-96
-7.2429572e-96
-5.2337525e-95
-2.2834916e-95
3.2999523e-94
-1.4932481e-93
2.7793953e-92
-2.2812412e-95
3.2994368e-94
-1.493144e-93
2.7793646e-92
-2.2816783e-95
3.2995336e-94
-1.4931627e-93
2.7793678e-92
-2.2804933e-95
3.2992634e-94
-1.4931084e-93
2.7793527e-92
3.7693284e-91
-7.4154186e-91
1.2574292e-90
3.4957911e-90
3.7692295e-91
-7.4152604e-91
1.2574103e-90
3.4954702e-90
3.7692454e-91
-7.4152848e-91
1.2574129e-90
3.4955291e-90
3.7691946e-91
-7.415204e-91
1.2574033e-90
3.4953615e-90
-5.2373545e-89
6.2331987e-89
2.4963862e-89
-4.4001e-87
-5.2375158e-89
6.2336647e-89
2.4952599e-89
-4.4000147e-87
-5.2374811e-89
6.2335715e-89
2.4954732e-89
-4.4000279e-87
-5.2375672e-89
6.2338178e-89
2.4948823e-89
-4.3999843e-87
-4.3632644e-86
9.2105111e-86
-1.7580903e-85
1.7550651e-85
-4.3631082e-86
9.2102291e-86
-1.7580474e-85
1.7553432e-85
-4.3631353e-86
9.2102771e-86
-1.7580545e-85
1.7552894e-85
-4.3630543e-86
9.2101312e-86
-1.7580323e-85
1.7554357e-85
1.3566765e-83
-2.215462e-83
2.3288508e-83
5.5531144e-82
1.35667e-83
-2.2154672e-83
2.3289112e-83
5.5529569e-82
1.3566705e-83
-2.2154651e-83
2.3288986e-83
5.5529838e-82
1.3566673e-83
-2.2154682e-83
2.3289307e-83
5.5529023e-82
