FiniteElementSpace
FiniteElementCollection: L2_2D_P3
VDim: 1
Ordering: 0

0.6219204669324281
0.6206417832462678
0.6164819174705198
0.6114064231630059
0.5879650752876735
0.5867806204622783
0.5829269496573983
0.5782243384207438
0.5424604549196801
0.5413972868536776
0.5379369071508378
0.5337116156086595
0.5067302344392411
0.505756566247357
0.5025846239830511
0.4987085052979993
0.6080418408196677
0.6005140579118511
0.5883757270704466
0.5773615238098079
0.5751064839622501
0.5681292228538315
0.5568704151214969
0.5466433388151822
0.5309086164318029
0.5246309220483747
0.5144848762381573
0.5052503814477834
0.4961356322580099
0.4903691791934042
0.4810359132658912
0.4725260666352523
0.4772890486204018
0.4717847848555592
0.4628677376676295
0.4547287618540337
0.4412514741733597
0.4362107177088163
0.4280304360386499
0.4205493961011885
0.392586675016266
0.3881034410828365
0.3808154188537647
0.3741369798340162
0.3537035757076129
0.3496290499094845
0.3429980099026892
0.3369148433341728
0.4873939278173463
0.4864654296026962
0.4834408488535856
0.4797437588894454
0.4504890745990194
0.449640872068637
0.4468775707072351
0.4434973032214329
0.4007857673809062
0.4000343415357978
0.3975833686566445
0.394582186816938
0.3611445916171896
0.3604633971938064
0.3582399140735574
0.3555157521893355
0.3393842391840318
0.3387394529893307
0.3366335469538942
0.3340520302592259
0.2971259373560778
0.2965497079512278
0.2946702359946387
0.2923682004552214
0.2394484687101605
0.2389752295129135
0.2374317848556489
0.235542107600606
0.1937212700846452
0.1933347434021011
0.1920741289603496
0.1905311555970863
0.1689535035392867
0.1686154789809561
0.1675130531671078
0.16616385631248
0.1219997547251587
0.1217550466562781
0.1209567046610765
0.1199796276377129
0.06016180126962026
0.06004083425875884
0.05964642527942468
0.05916382610383381
0.01264369380458126
0.01261821001571305
0.01253531477523907
0.01243393945029281
0.165267220640725
0.163254042026978
0.1599866973335723
0.1569993183747482
0.119330310578754
0.1178725522535902
0.1155070548620175
0.1133447044023091
0.05884316112220057
0.05812336471859654
0.05695553010032747
0.05588810850348581
0.0123665816591043
0.01221537882373145
0.01197009470259578
0.01174590583660046
0.3323343106021421
0.3284717019086281
0.3221849632903045
0.3164179496893643
0.2908372186530535
0.2873961619279909
0.2818005720458822
0.2766729747789332
0.2342858599241876
0.2314639320729057
0.2268800395700915
0.2226847912063457
0.1895056591776819
0.187202912631042
0.1834648374295513
0.1800462875422534
0.3130110611377989
0.3059971058430942
0.295643369307129
0.2868015756413596
0.2736462132435804
0.267420623551636
0.2582446837013131
0.250421734508819
0.2202106672017167
0.2151271512529216
0.2076473584722298
0.2012820824114289
0.1780313177226002
0.1738937966764866
0.1678118009398597
0.1626411111955625
0.1552387718959689
0.1516243197663962
0.1463125905512858
0.1417978764398207
0.112070569426949
0.1094551506637515
0.1056124922350524
0.1023472139458654
0.05525916663971469
0.0539682062532781
0.05207178846327314
0.05046060912146096
0.01161383615187434
0.01134275926485437
0.01094453146463818
0.01060620671473627
0.1392389828555243
0.1341582730386047
0.1270013568647415
0.1211291186323469
0.1004968005025413
0.09682341265308221
0.0916503308313317
0.08740704991256171
0.04954768324599322
0.04773561507027727
0.04518429392612364
0.04309203281675842
0.01041453288273839
0.01003409555796278
0.009498442844647823
0.009059159923629293
0.2817739239018214
0.2717575997795343
0.2575773090556071
0.2458858963685955
0.2459786077314234
0.237137897940627
0.2246463101323133
0.2143676997161547
0.1976714097240837
0.1904967783925148
0.1803794863557996
0.1720705189017379
0.1597099807475766
0.1538894390822753
0.1456888846095676
0.1389593118559046
0.4064255321345625
0.3925613650813652
0.3729289039130337
0.3567018856644793
0.3758835517861494
0.3629881461857662
0.3446909193302474
0.3295486226054032
0.3340338414435337
0.3224085353201711
0.305907379759751
0.2922598046827958
0.3003285782222188
0.289729773917667
0.2747069092958929
0.2623052034191804
0.4499370225284399
0.4401086787296229
0.4256715518835866
0.413392802315706
0.4161388605583847
0.4070777361448104
0.3937330178880849
0.3823526344803339
0.3701939317758616
0.3620792264890784
0.3500994359730868
0.3398609410864452
0.333320761458508
0.3259195487936208
0.3149876673326246
0.3056446280731934
0.5709064698594432
0.5577386430990136
0.5385742167079721
0.5224419538177155
0.5406441675550362
0.5283914636576805
0.5105207314276941
0.4954403136279733
0.4998251977283996
0.4887243291013131
0.4724835420825742
0.4587319376714469
0.4675198542097877
0.4572604409706048
0.4422120753762609
0.4294340757424305
0.5133546367821449
0.4954187024581009
0.4703417015214267
0.4498796611482527
0.4869304214336654
0.4701040497216301
0.4465058107128055
0.427183481526591
0.4509533426074371
0.4355308582049102
0.4138037847647491
0.3959282059127009
0.4221917764308582
0.4077986941713441
0.3874511508017843
0.3706556713849941
