FiniteElementSpace
FiniteElementCollection: L2_2D_P3
VDim: 1
Ordering: 0

70991.0308056558
-150081.5673103586
-417026.0757932192
-594642.6613808458
-150081.5673103795
-1180060.915977253
-2424410.680257698
-3251629.329058441
-417026.0757932431
-2424410.680257639
-4758101.985767022
-6100823.113544116
-594642.661380867
-3251629.32905832
-6100823.113544034
-7179857.857161037
-676798.3689276678
-802892.2734532849
-907929.310762283
-940443.0199785696
-3633600.7589508
-4217621.893058069
-4701524.092233016
-4851162.678396955
-6598137.412631687
-7101417.748780643
-7195827.482130989
-7134764.363198139
-7202035.292372858
-6230204.132018885
-4158248.547263092
-3166850.156134465
-6687271.303767231
-4212245.490909914
-18858.65180595078
1880072.057460293
-4212245.490909909
2402897.583188422
12388097.86998492
16735101.51114148
-18858.65180592069
12388097.86998506
30422209.28918314
38192512.54227818
1880072.057460352
16735101.51114169
38192512.542278
47794268.89963979
-676798.368927688
-3633600.758950649
-6598137.412631574
-7202035.29237284
-802892.2734533044
-4217621.893057864
-7101417.74878049
-6230204.132018868
-907929.310762306
-4701524.092232754
-7195827.482130807
-4158248.547263116
-940443.0199785952
-4851162.678396653
-7134764.363197939
-3166850.156134546
-940443.019978598
-4851162.678396651
-7134764.36319795
-3166850.156134547
-907929.3107623338
-4701524.092232749
-7195827.482130867
-4158248.547263177
-802892.2734533802
-4217621.893057872
-7101417.748780584
-6230204.132019052
-676798.3689277921
-3633600.758950669
-6598137.412631619
-7202035.292373057
-594642.6613809769
-3251629.32905834
-6100823.11354402
-7179857.857161178
-417026.0757933547
-2424410.680257638
-4758101.985766906
-6100823.113544034
-150081.5673104952
-1180060.91597726
-2424410.680257576
-3251629.329058256
70991.0308055208
-150081.5673104564
-417026.0757932853
-594642.6613808922
-7202035.292373155
-6230204.132019309
-4158248.547263468
-3166850.156134787
-6598137.412631698
-7101417.748780869
-7195827.482131425
-7134764.363198602
-3633600.758950597
-4217621.89305788
-4701524.092232883
-4851162.678396824
-676798.368927701
-802892.2734532842
-907929.3107622374
-940443.0199784996
1880072.057460388
16735101.5111417
38192512.54227781
47794268.89963942
-18858.65180586448
12388097.86998518
30422209.28918291
38192512.54227754
-4212245.490910027
2402897.583188558
12388097.8699852
16735101.51114166
-6687271.303767543
-4212245.490910131
-18858.65180588764
1880072.057460435
47794268.89963935
38192512.54227769
16735101.51114182
1880072.057460526
38192512.54227748
30422209.28918286
12388097.86998531
-18858.65180584302
16735101.51114164
12388097.86998521
2402897.583188573
-4212245.490910257
1880072.057460435
-18858.65180590295
-4212245.490910244
-6687271.30376783
-3166850.156134783
-4158248.54726349
-6230204.132019435
-7202035.292373366
-7134764.363198576
-7195827.482131398
-7101417.748780932
-6598137.412631781
-4851162.678396819
-4701524.092232874
-4217621.893057876
-3633600.758950584
-940443.0199784936
-907929.3107622081
-802892.2734532171
-676798.3689275937
-7179857.857161416
-6100823.113544205
-3251629.32905826
-594642.6613806079
-6100823.113544107
-4758101.985766947
-2424410.680257502
-417026.0757929746
-3251629.329058229
-2424410.680257498
-1180060.915977051
-150081.5673101407
-594642.661380757
-417026.0757931008
-150081.5673102144
70991.03080581108
-3166850.156134766
-7134764.363198774
-4851162.678396914
-940443.0199783563
-4158248.547263537
-7195827.48213162
-4701524.092232978
-907929.3107620666
-6230204.132019524
-7101417.748781112
-4217621.89305795
-802892.2734530637
-7202035.29237343
-6598137.412631921
-3633600.758950626
-676798.3689274375
-7202035.292373242
-6598137.412632043
-3633600.758950869
-676798.3689274723
-6230204.132019254
-7101417.748781041
-4217621.893058108
-802892.2734530974
-4158248.547263399
-7195827.482131491
-4701524.092233006
-907929.3107620872
-3166850.156134748
-7134764.363198735
-4851162.678396906
-940443.0199783611
1880072.057460336
-18858.65180584143
-4212245.490909935
-6687271.303767497
16735101.51114153
12388097.86998513
2402897.583188627
-4212245.490910023
38192512.54227814
30422209.28918318
12388097.86998529
-18858.65180581559
47794268.8996397
38192512.54227789
16735101.51114183
1880072.057460506
-940443.0199785712
-907929.31076229
-802892.2734532875
-676798.3689276498
-4851162.678396968
-4701524.092233087
-4217621.893058212
-3633600.758950979
-7134764.363198154
-7195827.482131072
-7101417.748780835
-6598137.412631962
-3166850.156134456
-4158248.547263103
-6230204.132019025
-7202035.292373149
-594642.6613808062
-417026.0757931324
-150081.567310215
70991.03080583403
-3251629.329058616
-2424410.680257805
-1180060.91597719
-150081.5673101365
-6100823.113544423
-4758101.985767314
-2424410.680257726
-417026.0757929904
-7179857.857161407
-6100823.11354445
-3251629.32905851
-594642.6613806377
