FiniteElementSpace
FiniteElementCollection: L2_2D_P4
VDim: 1
Ordering: 0

-9.500098957234138e+63
-2.720309878849984e+64
4.940929088160803e+64
-1.401562326384224e+64
3.508214225015802e+64
-8.668621142049787e+63
-2.885757965199414e+64
5.013185867889101e+64
-1.293476156659765e+64
2.665842745898822e+64
-6.205160718536627e+63
-3.357887538168667e+64
4.835730294405273e+64
1.34955558268634e+63
-5.962116260091995e+63
-1.795505036674803e+63
-4.035372729052165e+64
3.959002925602976e+64
2.718412488830502e+64
-1.312319165503436e+64
2.336870050125771e+63
-4.45521051825075e+64
2.599188007871651e+64
4.488702314214723e+64
1.02220059269454e+64
