MFEM mesh v1.0

#
# MFEM Geometry Types (see mesh/geom.hpp):
#
# POINT       = 0
# SEGMENT     = 1
# TRIANGLE    = 2
# SQUARE      = 3
# TETRAHEDRON = 4
# CUBE        = 5
# PRISM       = 6
#

dimension
2

elements
185
1 3 55 51 56 57
1 3 51 48 46 56
1 3 56 46 47 58
1 3 57 56 58 59
1 3 59 58 60 61
1 3 61 60 62 63
1 3 60 64 65 62
1 3 58 47 64 60
1 3 47 45 66 64
1 3 45 43 42 66
1 3 66 42 41 67
1 3 64 66 67 65
1 3 65 67 68 69
1 3 67 41 40 68
1 3 68 40 39 70
1 3 69 68 70 38
1 3 71 69 38 37
1 3 62 65 69 71
1 3 63 62 71 72
1 3 72 71 37 36
1 3 73 74 36 75
1 3 76 72 74 73
1 3 77 76 73 78
1 3 78 73 75 35
1 3 79 77 35 34
1 3 80 81 77 79
1 3 81 63 72 77
1 3 82 61 63 81
1 3 83 59 61 82
1 3 84 83 82 85
1 3 85 82 81 80
1 3 86 85 80 87
1 3 88 84 85 86
1 3 89 88 86 90
1 3 90 86 87 91
1 3 91 87 92 93
1 3 87 80 79 92
1 3 92 79 34 33
1 3 93 92 33 32
1 3 94 93 32 31
1 3 95 91 93 94
1 3 96 95 94 97
1 3 97 94 31 30
1 3 98 97 30 29
1 3 28 98 29 1
1 3 27 99 98 28
1 3 99 96 97 98
1 3 100 101 96 99
1 3 26 100 99 27
1 3 25 102 100 26
1 3 102 103 101 100
1 3 103 104 105 101
1 3 101 105 95 96
1 3 105 90 91 95
1 3 104 89 90 105
1 3 106 107 89 104
1 3 108 109 107 106
1 3 110 108 106 111
1 3 111 106 104 103
1 3 112 111 103 102
1 3 24 112 102 25
1 3 23 113 112 24
1 3 113 110 111 112
1 3 114 115 110 113
1 3 22 114 113 23
1 3 21 116 114 22
1 3 116 117 115 114
1 3 117 118 119 115
1 3 115 119 108 110
1 3 119 120 109 108
1 3 118 121 120 119
1 3 121 122 123 120
1 3 122 124 125 123
1 3 123 125 126 127
1 3 120 123 127 109
1 3 109 127 128 107
1 3 107 128 88 89
1 3 128 129 84 88
1 3 127 126 129 128
1 3 126 130 131 129
1 3 129 131 83 84
1 3 131 57 59 83
1 3 130 55 57 131
1 3 132 54 55 130
1 3 125 132 130 126
1 3 124 133 132 125
1 3 133 53 54 132
1 3 134 135 53 133
1 3 136 134 133 124
1 3 137 138 134 136
1 3 138 139 135 134
1 3 140 141 139 138
1 3 142 143 141 140
1 3 144 142 140 145
1 3 145 140 138 137
1 3 146 145 137 147
1 3 148 144 145 146
1 3 149 148 146 150
1 3 150 146 147 151
1 3 151 147 152 153
1 3 147 137 136 152
1 3 152 136 124 122
1 3 153 152 122 121
1 3 154 153 121 118
1 3 155 151 153 154
1 3 156 155 154 157
1 3 157 154 118 117
1 3 158 157 117 116
1 3 20 158 116 21
1 3 19 159 158 20
1 3 159 156 157 158
1 3 160 161 156 159
1 3 18 160 159 19
1 3 17 162 160 18
1 3 162 163 161 160
1 3 163 164 165 161
1 3 161 165 155 156
1 3 165 150 151 155
1 3 164 149 150 165
1 3 166 167 149 164
1 3 168 169 167 166
1 3 170 168 166 171
1 3 171 166 164 163
1 3 172 171 163 162
1 3 16 172 162 17
1 3 15 173 172 16
1 3 173 170 171 172
1 3 174 175 170 173
1 3 14 174 173 15
1 3 0 13 174 14
1 3 13 12 175 174
1 3 12 11 176 175
1 3 175 176 168 170
1 3 176 177 169 168
1 3 11 10 177 176
1 3 10 9 178 177
1 3 9 8 179 178
1 3 178 179 180 181
1 3 177 178 181 169
1 3 169 181 182 167
1 3 167 182 148 149
1 3 182 183 144 148
1 3 181 180 183 182
1 3 180 184 185 183
1 3 183 185 142 144
1 3 185 186 143 142
1 3 184 187 186 185
1 3 188 189 187 184
1 3 179 188 184 180
1 3 8 7 188 179
1 3 7 6 189 188
1 3 6 5 190 189
1 3 189 190 191 187
1 3 190 192 193 191
1 3 5 4 192 190
1 3 4 3 194 192
1 3 3 2 195 194
1 3 194 195 196 197
1 3 192 194 197 193
1 3 193 197 198 199
1 3 197 196 200 198
1 3 198 200 201 202
1 3 199 198 202 203
1 3 204 199 203 205
1 3 191 193 199 204
1 3 187 191 204 186
1 3 186 204 205 143
1 3 143 205 206 141
1 3 205 203 207 206
1 3 206 207 208 209
1 3 141 206 209 139
1 3 139 209 210 135
1 3 135 210 52 53
1 3 210 211 50 52
1 3 209 208 211 210
1 3 208 212 213 211
1 3 211 213 49 50
1 3 213 214 44 49
1 3 212 215 214 213
1 3 203 201 215 208
1 3 201 216 217 218
1 3 216 219 220 217
1 3 217 220 221 222
1 3 218 217 222 215
1 3 215 222 223 214

boundary
69
12 1 55 51
12 1 51 48
12 1 48 46
12 1 46 47
12 1 47 45
12 1 45 43
12 1 43 42
12 1 42 41
12 1 41 40
12 1 40 39
12 1 38 37
12 1 37 36
12 1 35 34
12 1 34 33
12 1 33 32
12 1 32 31
12 1 31 30
12 1 30 29
12 1 29 1
12 1 1 28
12 1 28 27
12 1 27 26
12 1 26 25
12 1 25 24
12 1 24 23
12 1 23 22
12 1 22 21
12 1 54 55
12 1 53 54
12 1 21 20
12 1 20 19
12 1 19 18
12 1 18 17
12 1 17 16
12 1 16 15
12 1 15 14
12 1 0 13
12 1 14 0
12 1 13 12
12 1 12 11
12 1 11 10
12 1 10 9
12 1 9 8
12 1 8 7
12 1 7 6
12 1 6 5
12 1 5 4
12 1 4 3
12 1 3 2
12 1 2 195
12 1 195 196
12 1 196 200
12 1 200 201
12 1 52 53
12 1 50 52
12 1 49 50
12 1 214 44
12 1 44 49
12 1 201 216
12 1 216 219
12 1 219 220
12 1 220 221
12 1 221 222
12 1 222 223
12 1 223 214
12 1 75 35
12 1 36 75
12 1 70 38
12 1 39 70

vertices
224
2
0.25 0.5
0.25 0.75
0.4375 0.5
0.421875 0.5
0.40625 0.5
0.390625 0.5
0.375 0.5
0.359375 0.5
0.34375 0.5
0.328125 0.5
0.3125 0.5
0.296875 0.5
0.28125 0.5
0.265625 0.5
0.25 0.515625
0.25 0.53125
0.25 0.546875
0.25 0.5625
0.25 0.578125
0.25 0.59375
0.25 0.609375
0.25 0.625
0.25 0.640625
0.25 0.65625
0.25 0.671875
0.25 0.6875
0.25 0.703125
0.25 0.71875
0.25 0.734375
0.265625 0.75
0.28125 0.75
0.296875 0.75
0.3125 0.75
0.328125 0.75
0.34375 0.75
0.359375 0.75
0.375 0.75
0.390625 0.75
0.40625 0.75
0.4375 0.75
0.4375 0.734375
0.4375 0.71875
0.4375 0.703125
0.4375 0.6875
0.4375 0.625
0.421875 0.6875
0.40625 0.671875
0.40625 0.6875
0.40625 0.65625
0.421875 0.625
0.40625 0.625
0.390625 0.65625
0.390625 0.625
0.375 0.625
0.375 0.640625
0.375 0.65625
0.390625 0.671875
0.375 0.671875
0.390625 0.6875
0.375 0.6875
0.390625 0.703125
0.375 0.703125
0.390625 0.71875
0.375 0.71875
0.40625 0.703125
0.40625 0.71875
0.421875 0.703125
0.421875 0.71875
0.421875 0.734375
0.40625 0.734375
0.421875 0.75
0.390625 0.734375
0.375 0.734375
0.3671875 0.7421875
0.375 0.7421875
0.3671875 0.75
0.3671875 0.734375
0.359375 0.734375
0.359375 0.7421875
0.34375 0.734375
0.34375 0.71875
0.359375 0.71875
0.359375 0.703125
0.359375 0.6875
0.34375 0.6875
0.34375 0.703125
0.328125 0.703125
0.328125 0.71875
0.328125 0.6875
0.3125 0.6875
0.3125 0.703125
0.3125 0.71875
0.328125 0.734375
0.3125 0.734375
0.296875 0.734375
0.296875 0.71875
0.28125 0.71875
0.28125 0.734375
0.265625 0.734375
0.265625 0.71875
0.265625 0.703125
0.28125 0.703125
0.265625 0.6875
0.28125 0.6875
0.296875 0.6875
0.296875 0.703125
0.296875 0.671875
0.3125 0.671875
0.296875 0.65625
0.3125 0.65625
0.28125 0.65625
0.28125 0.671875
0.265625 0.671875
0.265625 0.65625
0.265625 0.640625
0.28125 0.640625
0.265625 0.625
0.28125 0.625
0.296875 0.625
0.296875 0.640625
0.3125 0.640625
0.3125 0.625
0.328125 0.625
0.328125 0.640625
0.34375 0.625
0.34375 0.640625
0.34375 0.65625
0.328125 0.65625
0.328125 0.671875
0.34375 0.671875
0.359375 0.65625
0.359375 0.671875
0.359375 0.640625
0.359375 0.625
0.359375 0.609375
0.375 0.609375
0.34375 0.609375
0.34375 0.59375
0.359375 0.59375
0.375 0.59375
0.359375 0.578125
0.375 0.578125
0.359375 0.5625
0.375 0.5625
0.34375 0.5625
0.34375 0.578125
0.328125 0.578125
0.328125 0.59375
0.328125 0.5625
0.3125 0.5625
0.3125 0.578125
0.3125 0.59375
0.328125 0.609375
0.3125 0.609375
0.296875 0.609375
0.296875 0.59375
0.28125 0.59375
0.28125 0.609375
0.265625 0.609375
0.265625 0.59375
0.265625 0.578125
0.28125 0.578125
0.265625 0.5625
0.28125 0.5625
0.296875 0.5625
0.296875 0.578125
0.296875 0.546875
0.3125 0.546875
0.296875 0.53125
0.3125 0.53125
0.28125 0.53125
0.28125 0.546875
0.265625 0.546875
0.265625 0.53125
0.265625 0.515625
0.28125 0.515625
0.296875 0.515625
0.3125 0.515625
0.328125 0.515625
0.34375 0.515625
0.34375 0.53125
0.328125 0.53125
0.328125 0.546875
0.34375 0.546875
0.359375 0.53125
0.359375 0.546875
0.375 0.546875
0.375 0.53125
0.359375 0.515625
0.375 0.515625
0.390625 0.515625
0.390625 0.53125
0.40625 0.515625
0.40625 0.53125
0.421875 0.515625
0.4375 0.515625
0.4375 0.53125
0.421875 0.53125
0.421875 0.546875
0.40625 0.546875
0.4375 0.546875
0.4375 0.5625
0.421875 0.5625
0.40625 0.5625
0.390625 0.546875
0.390625 0.5625
0.390625 0.578125
0.40625 0.578125
0.40625 0.59375
0.390625 0.59375
0.390625 0.609375
0.40625 0.609375
0.421875 0.59375
0.421875 0.609375
0.4375 0.609375
0.4375 0.59375
0.453125 0.5625
0.453125 0.578125
0.4375 0.578125
0.46875 0.5625
0.46875 0.578125
0.46875 0.59375
0.453125 0.59375
0.453125 0.609375
