FiniteElementSpace
FiniteElementCollection: L2_2D_P1
VDim: 1
Ordering: 0

0.43489141
0.44094565
0.44094566
0.44708422
0.44532195
0.45122209
0.45152145
0.45750375
0.45600272
0.46204441
0.46204441
0.46816618
0.44532196
0.45152145
0.4512221
0.45750376
0.45548427
0.46182528
0.46122675
0.46764774
0.46537223
0.47185094
0.47095359
0.47751004
0.47653399
0.48284778
0.48224926
0.48863881
0.46640882
0.47258842
0.47228907
0.47854661
0.47705243
0.48306691
0.48306691
0.48915725
0.48740871
0.4935538
0.49325445
0.49947326
0.49798985
0.50396253
0.50396253
0.51000687
0.4874087
0.49325443
0.4935538
0.49947325
0.47653397
0.48224924
0.48284778
0.48863879
0.46640881
0.47228906
0.47258842
0.47854661
0.45548425
0.46122673
0.46182527
0.46764772
0.4653722
0.47095357
0.47185092
0.47751001
0.47497985
0.48039673
0.48159236
0.48708468
0.48637209
0.49191893
0.49281629
0.49843665
0.49591727
0.50129234
0.50248798
0.5079343
0.4843014
0.48955053
0.49104373
0.49636597
0.49333124
0.49840947
0.50019932
0.50534828
0.50206394
0.5069682
0.50905364
0.51402622
0.51410594
0.51912788
0.52091774
0.52600626
0.50516374
0.5103638
0.51185701
0.51712601
0.51669197
0.52201075
0.52320639
0.52859227
0.52583829
0.53097488
0.53246808
0.53766947
0.53725392
0.54250206
0.5436977
0.54900882
0.52790898
0.53334328
0.53424064
0.53974014
0.51824608
0.52386325
0.52446179
0.53014637
0.50723443
0.51273221
0.51362957
0.51919669
0.49747139
0.50314484
0.50374339
0.5094884
0.50827103
0.5140677
0.51436707
0.52023329
0.51876454
0.52468093
0.52468093
0.53066482
0.52894558
0.53497812
0.53467877
0.54077672
0.53932648
0.54517222
0.54517222
0.55108135
0.52894558
0.53467876
0.53497812
0.54077672
0.53880803
0.54435456
0.54495309
0.55056291
0.54834594
0.55370247
0.55459983
0.56001748
0.55910767
0.56456936
0.5651679
0.57068882
0.54938253
0.55503795
0.5553373
0.56105405
0.55962611
0.56538703
0.56538702
0.57120727
0.56953263
0.5750962
0.57539556
0.58101644
0.57961455
0.58527666
0.58527665
0.5909941
0.56953262
0.57539556
0.57509619
0.58101643
0.55910765
0.56516789
0.56456934
0.57068881
0.54938252
0.5553373
0.55503793
0.56105404
0.53880802
0.54495309
0.54435455
0.5505629
0.54834593
0.55459981
0.55370245
0.56001746
0.53725393
0.5436977
0.54250205
0.5490088
0.52583832
0.5324681
0.53097491
0.53766947
0.516692
0.52320642
0.52201078
0.52859229
0.527909
0.53424065
0.53334329
0.53974014
0.5182461
0.52446181
0.52386327
0.53014638
0.50827104
0.51436707
0.51406772
0.52023329
0.49747141
0.5037434
0.50314488
0.50948843
0.50723447
0.5136296
0.51273224
0.51919672
0.49591731
0.50248802
0.50129239
0.50793434
0.48637213
0.49281632
0.49191897
0.49843669
0.47497988
0.4815924
0.48039677
0.48708472
0.48430145
0.49104377
0.48955059
0.49636602
0.4933313
0.50019938
0.49840953
0.50534834
0.50516379
0.51185705
0.51036386
0.51712606
0.514106
0.52091779
0.51912793
0.5260063
0.502064
0.5090537
0.50696827
0.51402628
0.5104943
0.51760142
0.51522166
0.52239463
0.51861712
0.52583737
0.52316472
0.53044832
0.53105623
0.5380927
0.53571294
0.54281114
0.52273854
0.52966476
0.52757932
0.53456971
0.53466792
0.54140906
0.5396192
0.5464228
0.54627525
0.55282726
0.55133406
0.55794678
0.55496753
0.56162385
0.55983398
0.5665487
0.54317547
0.55002392
0.54793847
0.55484701
0.55135585
0.55830749
0.55592771
0.56293703
0.56332555
0.57008217
0.5679967
0.57480938
0.57134426
0.57819712
0.57581732
0.58272385
0.55920413
0.56625478
0.5635821
0.57068799
0.54672719
0.5539714
0.55100745
0.5583084
0.53905405
0.54619654
0.54352388
0.55072562
0.52642757
0.53375661
0.53079267
0.53818251
0.53392094
0.54135436
0.53810092
0.54559255
0.54109273
0.54862603
0.54508505
0.55267397
0.55407103
0.5614126
0.55815914
0.56555491
0.56108114
0.56851565
0.56497464
0.57246077
0.54793859
0.55556727
0.55174086
0.55942251
0.55445443
0.56217388
0.55806435
0.56583409
0.56063629
0.56844187
0.5640517
0.57190487
0.57408349
0.58169041
0.57758086
0.58523416
0.56775329
0.57527627
0.57144984
0.57902184
0.58071021
0.5880322
0.58449116
0.59186086
0.58718493
0.59458862
0.59076215
0.59821099
0.59993272
0.60712872
0.60358764
0.61082752
0.59331738
0.60043397
0.59718045
0.60434342
0.58634469
0.59337759
0.59041358
0.59749532
0.57388573
0.58112161
0.57786812
0.58515425
0.56671561
0.57386102
0.57089704
0.57809521
0.57901885
0.58596381
0.5832911
0.59028735
0.59097337
0.5977137
0.59533387
0.60212397
0.60257197
0.60910359
0.60701809
0.61359795
0.61019592
0.61681024
0.6144304
0.62109066
0.59845052
0.60527619
0.60260346
0.60947653
0.60556722
0.61247412
0.60951009
0.616462
0.61231919
0.61930316
0.61604961
0.62307617
0.62433687
0.6311046
0.62814054
0.63494954
0.61745234
0.62414538
0.62147263
0.62820929
0.62896556
0.63544072
0.63306085
0.63957821
0.63597851
0.64252593
0.63985314
0.64644048
0.6472371
0.65356026
0.65118036
0.65754208
0.64009996
0.64635333
0.64426779
0.65056192
0.63257728
0.6387571
0.63696716
0.6431899
0.62157379
0.62797278
0.62588726
0.63233071
0.61380763
0.62012662
0.6183367
0.62470235
0.6246736
0.63077614
0.62928288
0.6354305
0.61639366
0.62241526
0.62121958
0.62728837
0.60774247
0.6136795
0.61278211
0.61876841
0.59717111
0.60331872
0.60212305
0.60832168
0.60567177
0.61190695
0.6104137
0.61669773
0.59458508
0.60103008
0.59924017
0.60573567
0.58314028
0.58979121
0.58770572
0.59440876
0.57495596
0.58151349
0.57972359
0.58633554
0.58624008
0.59259456
0.59110133
0.59750854
0.57754198
0.58380213
0.58260647
0.58892154
0.56642534
0.57288552
0.5713923
0.57790916
0.55755355
0.56391249
0.56271684
0.5691347
0.56849603
0.57465807
0.5737607
0.57997984
0.5790961
0.58505753
0.58445898
0.59047565
0.58831078
0.59436712
0.59346974
0.59957923
0.59872523
0.60457412
0.60397556
0.60987578
0.58934737
0.5951046
0.59480523
0.60061582
0.59924368
0.60479324
0.60479324
0.61039423
0.60877906
0.61441698
0.61411761
0.619805
0.61846623
0.62388977
0.62388978
0.62936092
0.60877907
0.61411761
0.61441698
0.619805
0.61794777
0.62307209
0.62367065
0.62884246
0.62674429
0.63165129
0.63254868
0.63750118
0.63671743
0.64170257
0.64230114
0.64733003
0.62778088
0.6329868
0.63328617
0.63853777
0.63723589
0.64252026
0.64252026
0.64784849
0.64630708
0.65136735
0.65166673
0.656769
0.65550746
0.66063981
0.66063981
0.66581239
0.64630709
0.65166673
0.65136736
0.656769
0.63671744
0.64230114
0.64170257
0.64733004
0.62778089
0.63328617
0.6329868
0.63853778
0.61794777
0.62367065
0.62307209
0.62884247
0.62674429
0.6325487
0.6316513
0.63750118
0.63516332
0.64104575
0.63985005
0.64577593
0.64527048
0.65092925
0.65003184
0.65573241
0.65343487
0.6591653
0.65796959
0.66373982
0.64319978
0.64915669
0.64766341
0.65366171
0.65084883
0.65687664
0.65508668
0.66115379
0.65810587
0.66420095
0.66211539
0.66824765
0.66857826
0.67444161
0.67265163
0.67855074
0.6612057
0.66700433
0.66551103
0.67134746
0.67116432
0.67673027
0.67553455
0.68113679
0.67864798
0.68427605
0.68278274
0.68844515
0.68830894
0.69369835
0.69250261
0.6979249
0.68071871
0.68604862
0.68515119
0.69051586
0.67271845
0.67798567
0.67738709
0.68269091
0.66327641
0.66877689
0.66787947
0.67341817
0.654989
0.6604207
0.65982213
0.66529394
0.66431302
0.66951437
0.66921499
0.67445477
0.67323691
0.67820479
0.67820479
0.68320936
0.68175531
0.68648671
0.6867861
0.69155246
0.69038154
0.69517287
0.69517287
0.69999749
0.68175531
0.6867861
0.68648672
0.69155246
0.68986308
0.69495376
0.69435516
0.69947903
0.69755533
0.70270283
0.70180538
0.70698429
0.70638158
0.71128405
0.71068545
0.71561784
0.69859195
0.70344031
0.70314092
0.7080209
0.70690004
0.71150316
0.71150317
0.7161363
0.71478235
0.71943686
0.71913746
0.72382037
0.7227526
0.72715632
0.72715632
0.73158693
0.71478235
0.71913746
0.71943686
0.72382037
0.70638157
0.71068545
0.71128405
0.71561784
0.69859195
0.70314092
0.70344031
0.70802089
0.68986308
0.69435515
0.69495375
0.69947902
0.69755532
0.70180537
0.70270282
0.70698428
0.68830893
0.6925026
0.69369834
0.69792489
0.67864796
0.68278272
0.68427604
0.68844513
0.67116431
0.67553454
0.67673026
0.68113677
0.68071869
0.68515118
0.68604862
0.69051585
0.67271845
0.67738709
0.67798567
0.6826909
0.66431301
0.66921499
0.66951437
0.67445477
0.65498899
0.65982212
0.6604207
0.66529394
0.6632764
0.66787946
0.66877688
0.67341816
0.65343486
0.65796958
0.65916529
0.66373981
0.64527047
0.65003183
0.65092925
0.6557324
0.63516331
0.63985004
0.64104574
0.64577592
0.64319977
0.64766341
0.64915668
0.6536617
0.65084882
0.65508668
0.65687663
0.66115378
0.66120568
0.66551102
0.66700432
0.67134745
0.66857825
0.67265161
0.6744416
0.67855073
0.65810586
0.66211537
0.66420094
0.66824764
0.64723709
0.65118035
0.65356024
0.65754207
0.64009995
0.64426777
0.64635332
0.6505619
0.62896556
0.63306085
0.63544071
0.6395782
0.6359785
0.63985313
0.64252591
0.64644047
0.62433687
0.62814053
0.6311046
0.63494953
0.61231921
0.61604963
0.61930317
0.62307617
0.60556725
0.60951012
0.61247414
0.61646201
0.61745235
0.62147263
0.62414538
0.62820929
0.61019593
0.61443041
0.61681025
0.62109066
0.59845056
0.60260349
0.60527622
0.60947655
0.59097343
0.59533392
0.59771374
0.60212401
0.60257199
0.60701811
0.60910361
0.61359796
0.61380764
0.61833671
0.62012662
0.62470235
0.62157379
0.62588726
0.62797278
0.6323307
0.63257727
0.63696715
0.63875709
0.64318989
0.62467359
0.62928287
0.63077613
0.63543049
0.61639366
0.62121958
0.62241526
0.62728836
0.60567179
0.61041372
0.61190695
0.61669774
0.59717113
0.60212307
0.60331874
0.60832169
0.60774247
0.61278211
0.6136795
0.61876841
0.59872524
0.60397557
0.60457412
0.60987578
0.58934738
0.59480524
0.5951046
0.60061582
0.57909611
0.58445899
0.58505754
0.59047566
0.5883108
0.59346976
0.59436713
0.59957924
0.57754202
0.5826065
0.58380216
0.58892158
0.56849606
0.57376073
0.57465809
0.57997987
0.55755358
0.56271688
0.56391253
0.56913475
0.56642539
0.57139235
0.57288556
0.57790921
0.57495602
0.57972365
0.58151353
0.58633558
0.58624012
0.59110137
0.59259459
0.59750857
0.59458512
0.5992402
0.6010301
0.60573568
0.58314034
0.58770578
0.58979126
0.5944088
0.57134434
0.57581739
0.57819718
0.58272391
0.55920421
0.56358219
0.56625486
0.57068807
0.55135591
0.55592779
0.55830756
0.56293711
0.56332561
0.56799678
0.57008223
0.57480945
0.55496758
0.55983404
0.5616239
0.56654876
0.54627527
0.55133409
0.5528273
0.55794682
0.53466791
0.53961922
0.54140907
0.54642283
0.54317549
0.54793852
0.55002396
0.55484707
0.53105621
0.53571294
0.53809271
0.54281117
0.52273849
0.52757929
0.52966473
0.5345697
0.51049422
0.51522158
0.51760135
0.52239456
0.51861705
0.52316466
0.52583733
0.53044829
0.52642752
0.53079264
0.5337566
0.53818252
0.53905407
0.54352392
0.54619659
0.55072569
0.54672725
0.55100752
0.55397148
0.55830849
0.53392094
0.53810094
0.54135439
0.54559261
0.54109277
0.54508512
0.54862611
0.55267406
0.54793868
0.55174096
0.55556736
0.5594226
0.56108123
0.56497473
0.56851573
0.57246086
0.55407112
0.55815923
0.56141269
0.565555
0.56671569
0.57089713
0.5738611
0.57809529
0.57901893
0.58329118
0.58596387
0.59028741
0.58634477
0.59041365
0.59337764
0.59749536
0.57388582
0.5778682
0.58112169
0.58515433
0.58071029
0.58449124
0.58803227
0.59186092
0.59331745
0.59718051
0.60043402
0.60434346
0.59993277
0.60358769
0.60712876
0.61082755
0.587185
0.59076222
0.59458868
0.59821104
0.57408358
0.57758094
0.5816905
0.58523424
0.56775339
0.57144993
0.57527636
0.57902192
0.55445452
0.55806444
0.56217397
0.56583418
0.56063639
0.56405179
0.56844196
0.57190496
0.56648057
0.56969942
0.57436759
0.57763128
0.580068
0.58336408
0.58775428
0.59109407
0.58570303
0.58879585
0.59346405
0.59659788
0.57198358
0.57500392
0.57994727
0.58300969
0.57714207
0.57996208
0.58517764
0.58803696
0.58195294
0.58457094
0.59005557
0.59271005
0.59591161
0.59859242
0.60380803
0.60652441
0.5909853
0.59387298
0.59881637
0.60174236
0.60447259
0.6074262
0.61209444
0.61508534
0.60951136
0.61225338
0.61719682
0.61997346
0.62274402
0.62554561
0.6302139
0.63304912
0.61759581
0.62061358
0.62500386
0.62805787
0.61207561
0.61530775
0.61941738
0.62268833
0.59906973
0.60223316
0.6066234
0.60982675
0.59330604
0.59667738
0.60078697
0.60420086
0.60618675
0.60963132
0.61345781
0.61694374
0.61870236
0.62221808
0.62575919
0.62931505
0.62471286
0.62801176
0.63183831
0.63517488
0.63697385
0.64033754
0.64387869
0.64727888
0.63084534
0.6344301
0.63768368
0.64130734
0.64260838
0.64626002
0.64922412
0.65291339
0.65398439
0.65770071
0.66037352
0.66412619
0.66033778
0.66382492
0.66678905
0.6703103
0.64885121
0.65227765
0.65553128
0.65899304
0.65470322
0.65790241
0.6614436
0.66467577
0.66629343
0.66954929
0.67280295
0.67609067
0.67184775
0.67487036
0.67841161
0.6814638
0.66016088
0.66313089
0.66695753
0.66995815
0.64807641
0.65099201
0.65510175
0.658049
0.64271869
0.64585928
0.64968588
0.65286056
0.63034707
0.63342718
0.63753686
0.64065214
0.63560162
0.63846107
0.64285141
0.64574351
0.64047333
0.64311041
0.64777876
0.65044595
0.64495927
0.64737238
0.65231593
0.65475661
0.6576178
0.6600783
0.6647467
0.66723392
0.65304377
0.65573264
0.66012303
0.66284108
0.66522091
0.66795994
0.67206973
0.674837
0.6769974
0.67978495
0.68361164
0.68642647
0.68173927
0.68429007
0.68839991
0.69097569
0.66988026
0.67238667
0.67677711
0.67930937
0.67413611
0.67640839
0.68107686
0.68337257
0.6860705
0.68838303
0.69277354
0.6951087
0.68998849
0.69206134
0.69672987
0.69882302
0.67798592
0.68002269
0.68496636
0.68702415
0.66557501
0.66757448
0.67279032
0.6748115
0.66179572
0.66402637
0.66896998
0.67122486
0.64905673
0.65124443
0.6564602
0.65867289
0.65276325
0.65472421
0.66020907
0.66219244
0.63955835
0.64147963
0.6472302
0.64917455
0.62596827
0.6278487
0.63386152
0.63576569
0.62241395
0.62451181
0.63026231
0.63238666
0.63592684
0.63807026
0.64355506
0.64572422
0.6319123
0.63427657
0.63949229
0.64188496
0.62751715
0.63010085
0.63504434
0.63765908
0.61418302
0.6167118
0.62192746
0.62448816
0.61848475
0.62079876
0.6262835
0.62862673
0.6046847
0.60694706
0.61269751
0.61498989
0.60047899
0.60295133
0.60843601
0.61094114
0.58641331
0.5888277
0.5945781
0.59702615
0.59052047
0.59272981
0.59874252
0.60098266
0.59427196
0.59627492
0.6025463
0.60457719
0.60852621
0.61057723
0.61658999
0.61866823
0.61200119
0.61383965
0.62011108
0.62197393
0.59766552
0.59946089
0.60598717
0.60780758
0.6006991
0.6022858
0.60906305
0.61067187
0.60337087
0.60474795
0.61177207
0.61316836
0.61784344
0.61925356
0.62603086
0.6274597
0.61510756
0.61673234
0.62325867
0.62490501
0.62914556
0.63080743
0.63707893
0.63876179
0.64280465
0.64450262
0.65051549
0.65223387
0.64566377
0.64713741
0.65340897
0.65490033
0.6319439
0.63338622
0.63991262
0.64137315
0.63436161
0.63558351
0.64236087
0.6435982
0.64813399
0.64938242
0.65590888
0.65717232
0.65021382
0.6512363
0.65801371
0.65904848
0.63639723
0.63739797
0.64442221
0.64543559
0.62219737
0.62317577
0.63044259
0.63143398
0.62020718
0.6214018
0.62842598
0.62963646
0.60567923
0.60684585
0.61411262
0.61529552
0.60762278
0.60857825
0.61608328
0.61705208
0.60920035
0.60994409
0.61768286
0.61843697
0.62381279
0.62457438
0.63207946
0.63285116
0.62505249
0.62559681
0.63333562
0.63388717
0.610411
0.61094256
0.61891039
0.61944937
0.61125399
0.61157305
0.61976514
0.62008866
0.61172881
0.61183519
0.62024659
0.62035445
0.62640193
0.62651086
0.63470298
0.63481335
0.62591571
0.62624243
0.6342103
0.63454136
0.64020047
0.64053465
0.6482735
0.6486119
0.64069779
0.6408092
0.64877711
0.64888993
0.65460778
0.65472162
0.6624605
0.6625757
0.65409966
0.6544411
0.66194626
0.66229181
0.65319755
0.65376639
0.66103332
0.66160899
0.63931754
0.63987429
0.64737941
0.6479432
0.63804954
0.63882852
0.64609539
0.64688421
0.65190202
0.65269791
0.6597222
0.66052767
0.66536188
0.66617422
0.67295169
0.67377331
0.67842102
0.6792493
0.68577587
0.68661316
0.67976928
0.68036127
0.68713878
0.68773721
0.66668418
0.66726477
0.6742891
0.67487633
0.66760491
0.6679534
0.67522037
0.67557284
0.66812353
0.66823972
0.67574491
0.67586243
0.68123689
0.68135536
0.68862235
0.6887421
0.68070809
0.68106343
0.6880878
0.688447
0.6934013
0.69376327
0.70054082
0.70090652
0.69393997
0.69406065
0.70108505
0.70120697
0.7062251
0.70634792
0.7131255
0.71324952
0.7056769
0.70604527
0.71257192
0.71294391
0.70470363
0.70531735
0.71158912
0.71220885
0.69244497
0.69304801
0.69957462
0.70018388
0.69107156
0.6919153
0.69818703
0.69903948
0.70330589
0.70416458
0.71017768
0.71104478
0.70148452
0.70258766
0.70833847
0.70945242
0.69924062
0.70058755
0.70607259
0.70743271
0.68707703
0.68840052
0.69415128
0.69548842
0.68928189
0.69036583
0.69637888
0.69747401
0.67666412
0.67772821
0.68399988
0.68507553
0.66363881
0.66468241
0.67120892
0.67226445
0.66151602
0.66279024
0.66906186
0.67035065
0.67449964
0.67579889
0.68181189
0.68312525
0.67192889
0.67346252
0.67921321
0.68076349
0.65899477
0.66049886
0.6665118
0.66803308
0.6560766
0.65780964
0.66356028
0.66531313
0.66895341
0.6707205
0.67620541
0.67799169
0.68142735
0.68322739
0.68844329
0.69026192
0.68445833
0.68602057
0.69150555
0.69308391
0.69657553
0.69816545
0.7033814
0.70498689
0.69349087
0.69532281
0.70026654
0.70211641
0.70513672
0.70699944
0.71166802
0.71354803
0.70827321
0.70988983
0.71483362
0.71646526
0.71954429
0.72118666
0.7258553
0.72751211
0.71635787
0.71825025
0.72264087
0.72454989
0.72714756
0.72906846
0.73317846
0.73511534
0.73749929
0.73944756
0.74327447
0.74523804
0.7407798
0.74247068
0.74658073
0.7482849
0.730382
0.73204913
0.7364398
0.73812079
0.73317649
0.73458884
0.73925753
0.74068163
0.7436141
0.74504657
0.74943729
0.75088102
0.74600048
0.74717368
0.75184241
0.75302483
0.73552936
0.73668607
0.74162997
0.74279631
0.72461522
0.72575477
0.73097083
0.7321204
0.72229729
0.72368867
0.72863251
0.73003613
0.71098306
0.71235263
0.71756864
0.71895093
0.71326467
0.71438635
0.71987144
0.72100353
0.71511664
0.71598976
0.72174061
0.72262184
0.72649668
0.72738371
0.73286884
0.73376367
0.72794054
0.7285745
0.7343254
0.73496494
0.71653786
0.71716189
0.72317504
0.72380486
0.71752748
0.71790205
0.72417385
0.72455189
0.7180849
0.71820978
0.72473644
0.72486248
0.7295122
0.72963907
0.73591089
0.73603887
0.72894591
0.72932644
0.73533962
0.7357235
0.7399253
0.74031157
0.74606249
0.74645197
0.74050013
0.74062891
0.7466421
0.74677195
0.75104205
0.75117267
0.75692361
0.75705525
0.75045904
0.75085081
0.75633601
0.75673086
0.74942398
0.75007667
0.75529281
0.75595063
0.73890478
0.7395483
0.74503347
0.74568235
0.73743917
0.73833956
0.74355567
0.74446356
0.74793749
0.74885072
0.75379464
0.75471504
0.75798533
0.75891083
0.7635796
0.76451196
0.76757662
0.76851385
0.77290465
0.7738484
0.76910217
0.76977202
0.77444082
0.77511534
0.7594918
0.76015327
0.76509723
0.76576361
0.76054078
0.76093782
0.76615398
0.76655397
0.76113163
0.76126401
0.76674922
0.76688257
0.77076277
0.77089683
0.776113
0.77624798
0.77016443
0.77056651
0.77551048
0.77591536
0.7793242
0.77973106
0.78439987
0.78480939
0.77992966
0.78006531
0.78500929
0.78514583
0.78862677
0.78876393
0.79343275
0.79357075
0.78801456
0.78842596
0.79281679
0.79323071
0.78692766
0.78761305
0.79172324
0.79241283
0.7782493
0.77892712
0.78331794
0.7840002
0.7767056
0.77765398
0.78176415
0.78271874
0.78536674
0.78632571
0.79015276
0.79111761
0.78333272
0.7845647
0.78810631
0.78934583
0.78082685
0.78233109
0.78558511
0.78709856
0.77221581
0.77370344
0.77724502
0.77874237
0.77469403
0.77591241
0.77973943
0.78096577
0.76558871
0.76679275
0.77090289
0.77211532
0.75602227
0.75721125
0.76160201
0.7627998
0.75360382
0.75505556
0.75916565
0.76062814
0.76313964
0.76460976
0.76843676
0.76991712
0.76023088
0.7619662
0.76550774
0.76725516
0.75073143
0.75244505
0.756272
0.7579983
0.74740682
0.74938129
0.75292279
0.75491187
0.75686418
0.75886366
0.76211761
0.76413101
0.76586566
0.76788895
0.77085339
0.7728899
0.76927243
0.77102842
0.77428241
0.77604987
0.77785063
0.77962622
0.78259069
0.78437715
0.77440585
0.77645173
0.77912486
0.78118325
0.77049459
0.77280952
0.7751897
0.77751879
0.76199756
0.76428694
0.76696003
0.76926436
0.75767047
0.76022455
0.76260469
0.76517545
0.76611921
0.7687018
0.77078759
0.77338597
0.76128235
0.76413105
0.7659212
0.7687873
0.75598693
0.75910001
0.76059344
0.76372554
0.74764999
0.7507287
0.75251882
0.75561763
0.75288698
0.75570423
0.75778999
0.76062562
0.74403812
0.74682222
0.74920233
0.7520058
0.73886271
0.7419052
0.74399093
0.74705459
0.72963041
0.73263485
0.73501492
0.73804158
0.73474112
0.7374904
0.74016341
0.74293302
0.73940926
0.74190171
0.74486607
0.74737696
0.74876536
0.75128939
0.75396244
0.75650404
0.75304157
0.75530401
0.7582684
0.76054659
0.743632
0.74586614
0.74912004
0.75137072
0.73377454
0.73597903
0.73952048
0.74174229
0.72960779
0.73206718
0.73532104
0.73779974
0.71936689
0.72179173
0.72533313
0.72777812
0.72347512
0.72564864
0.7294755
0.73166709
0.71273995
0.7148812
0.71899114
0.72115122
0.70157549
0.70368319
0.70807375
0.71020099
0.69759168
0.69994306
0.70405296
0.70642617
0.70869271
0.71108154
0.71490834
0.71731817
0.70421859
0.70685356
0.71039491
0.71305304
0.69318768
0.69578135
0.6996081
0.70222583
0.68836614
0.69120054
0.69474183
0.69760252
0.69932029
0.70219982
0.70545358
0.70835841
0.70985324
0.71277617
0.71574043
0.71868765
0.71482535
0.71750004
0.72075385
0.72345077
0.72500157
0.72771437
0.73067868
0.73341277
0.71995864
0.72292322
0.72559619
0.72858403
0.71448205
0.71769661
0.72007665
0.72331643
0.70857509
0.71203771
0.71412337
0.71761315
0.69862954
0.70204352
0.70442352
0.70786586
0.70445355
0.70762296
0.7102959
0.71349164
0.69400076
0.69712311
0.70008733
0.70323711
0.68312998
0.68620338
0.68945709
0.69255901
0.67748234
0.68079291
0.68375708
0.68709835
0.6882632
0.69162649
0.69429939
0.69769222
0.68211109
0.68571329
0.68809325
0.69172708
0.67142663
0.67497236
0.67764522
0.68122384
0.6649665
0.66874527
0.6711252
0.674939
0.67554812
0.67938706
0.68147266
0.68534531
0.68572285
0.68961966
0.69140967
0.69533883
0.69238472
0.69604121
0.69812685
0.7018137
0.70224133
0.70594992
0.70773995
0.71147762
0.69548459
0.69943691
0.70093024
0.70491355
0.70482742
0.70883288
0.71002864
0.7140637
0.71374572
0.71780191
0.71869937
0.72278375
0.72067996
0.72448601
0.72568179
0.7295143
0.71167497
0.71543342
0.71692678
0.72071301
0.71809386
0.72160303
0.7233931
0.72692822
0.72408021
0.72733799
0.72942369
0.73270557
0.73324224
0.73654129
0.73833139
0.74165339
0.72718011
0.73073373
0.73222712
0.73580545
0.73582837
0.7394243
0.74062009
0.74423949
0.74196264
0.74530097
0.74679438
0.75015449
0.75023613
0.75361172
0.75480754
0.75820375
0.74403342
0.74766949
0.74856698
0.75222525
0.73738254
0.7412769
0.74187552
0.74579365
0.72925088
0.73310224
0.73399971
0.7378762
0.72223413
0.7263386
0.72693721
0.73106845
0.73028751
0.7344378
0.7347372
0.73891283
0.73790102
0.74209463
0.74209463
0.74631212
0.74507006
0.74930447
0.74900507
0.75326188
0.75230879
0.75628207
0.75628208
0.76027639
0.74507006
0.74900506
0.74930447
0.75326188
0.75179031
0.75546434
0.75606297
0.75975792
0.75805772
0.76146855
0.76236605
0.76579631
0.7654227
0.76886671
0.76946536
0.77292761
0.75909437
0.76280413
0.76310355
0.76683295
0.76594118
0.76968446
0.76968446
0.77344609
0.77232663
0.77580176
0.77610117
0.77959333
0.77876535
0.7822695
0.7822695
0.78578946
0.77232663
0.77610117
0.77580176
0.77959333
0.7654227
0.76946536
0.76886672
0.77292761
0.75909437
0.76310354
0.76280414
0.76683295
0.75179031
0.75606297
0.75546434
0.75975792
0.75805772
0.76236605
0.76146855
0.76579632
0.76386851
0.76820993
0.76701409
0.77137344
0.77128998
0.77536368
0.77446617
0.77855669
0.77669267
0.78079496
0.77959911
0.7837168
0.76921918
0.77359107
0.77209761
0.77648591
0.7741065
0.77850623
0.77671606
0.78113066
0.77852753
0.78295244
0.78086663
0.78530489
0.78609151
0.79024357
0.78845337
0.79261795
0.7816275
0.78575592
0.78426245
0.78840483
0.78867769
0.79253231
0.79133644
0.79520411
0.79318199
0.79705868
0.79556519
0.79945358
0.79979469
0.80339368
0.8021978
0.80580765
0.79525281
0.79883131
0.79793377
0.80152439
0.79023189
0.79378775
0.79318909
0.7967583
0.78369831
0.78752854
0.78663101
0.79047562
0.77824686
0.78205039
0.78145174
0.78527098
0.78473497
0.78826603
0.78796661
0.79151227
0.79075038
0.79400685
0.79400685
0.79727678
0.79628947
0.79926938
0.7995688
0.80256104
0.8018674
0.80486823
0.80486823
0.80788034
0.79628947
0.7995688
0.79926938
0.80256104
0.80134891
0.80464913
0.80405046
0.80736185
0.80592563
0.80924475
0.80834719
0.81167634
0.8115711
0.81460834
0.81400967
0.81705609
0.80696229
0.80998224
0.80968282
0.81271299
0.81208959
0.81482744
0.81482744
0.81757458
0.8167277
0.81948124
0.81918181
0.82194367
0.82139232
0.82386049
0.82386049
0.82633611
0.8167277
0.81918181
0.81948124
0.82194367
0.8115711
0.81400967
0.81460835
0.81705609
0.80696229
0.80968281
0.80998224
0.81271299
0.80134891
0.80405046
0.80464913
0.80736185
0.80592562
0.80834719
0.80924474
0.81167634
0.79979469
0.80219779
0.80339368
0.80580765
0.79318198
0.79556518
0.79705868
0.79945358
0.78867768
0.79133644
0.79253231
0.7952041
0.79525281
0.79793377
0.79883131
0.80152438
0.79023189
0.79318909
0.79378774
0.7967583
0.78473497
0.78796661
0.78826603
0.79151227
0.77824686
0.78145174
0.78205039
0.78527098
0.78369831
0.78663101
0.78752854
0.79047562
0.77669266
0.7795991
0.78079496
0.7837168
0.77128998
0.77446616
0.77536368
0.77855669
0.76386851
0.76701409
0.76820992
0.77137343
0.76921918
0.77209761
0.77359106
0.77648591
0.77410649
0.77671605
0.77850622
0.78113066
0.7816275
0.78426244
0.78575592
0.78840483
0.7860915
0.78845336
0.79024356
0.79261795
0.77852752
0.78086662
0.78295244
0.78530488
0.78247958
0.78454682
0.78692703
0.78900606
0.7859603
0.78775443
0.79042759
0.79223196
0.79359655
0.79540814
0.79778837
0.79960957
0.79008199
0.79216934
0.79425519
0.79635361
0.79720849
0.7993147
0.80110493
0.80322148
0.80385479
0.80597859
0.80747211
0.80960552
0.80743066
0.80927388
0.81106412
0.81291569
0.80075477
0.80258273
0.8046686
0.80650554
0.80381869
0.8053673
0.80774755
0.80930376
0.81052014
0.81208168
0.81416757
0.81573617
0.81312138
0.81440029
0.81678056
0.81806526
0.80639841
0.80766672
0.81033993
0.81161447
0.79918969
0.80044665
0.80341117
0.8046748
0.79663306
0.79816779
0.80084098
0.80238386
0.78896757
0.79048751
0.79345202
0.79498064
0.79149959
0.79274443
0.79599848
0.79725043
0.79355482
0.7945238
0.79806544
0.79903996
0.80126491
0.80224333
0.8054974
0.80648101
0.80285746
0.80355675
0.8070984
0.80780141
0.79513203
0.79582458
0.79965166
0.80034816
0.79623027
0.79664596
0.80075616
0.80117424
0.79684887
0.79698746
0.8013783
0.80151769
0.804591
0.80473095
0.80884115
0.80898184
0.80396638
0.80438613
0.8082132
0.80863518
0.81121822
0.81164176
0.81518341
0.81560903
0.81184849
0.8119897
0.81581677
0.81595868
0.81861694
0.81875933
0.82230097
0.82244401
0.81798142
0.8184085
0.82166257
0.82209158
0.81685314
0.81756465
0.82052919
0.82124392
0.81009929
0.8108049
0.81405898
0.81476806
0.80849236
0.80947962
0.81244416
0.81343627
0.81523281
0.81622831
0.81890153
0.81990154
0.82148218
0.82248534
0.82486562
0.82587293
0.82723672
0.82824691
0.83033282
0.83134682
0.82888093
0.82960293
0.83198322
0.83270794
0.82311495
0.82383192
0.82650514
0.82722509
0.82425188
0.82468224
0.82764678
0.82807892
0.82489228
0.82503577
0.82828983
0.82843391
0.83067071
0.83081521
0.83377973
0.83392476
0.83002583
0.83045921
0.83313242
0.83356743
0.83529978
0.83573592
0.83811619
0.83855381
0.83594877
0.83609417
0.83876738
0.83891328
0.84072325
0.8408695
0.84324976
0.84339644
0.84007056
0.8405092
0.84259509
0.84303506
0.8389118
0.83964257
0.84143283
0.84216581
0.8341476
0.83487421
0.83696011
0.83768919
0.83249294
0.83350957
0.83529984
0.83631993
0.83724767
0.83827013
0.83976368
0.84078923
0.83507918
0.83639272
0.83758864
0.83890615
0.83240764
0.83401146
0.83490903
0.8365177
0.82768041
0.82927509
0.83047101
0.83207111
0.83033677
0.83164282
0.83313637
0.83444685
0.82509418
0.82639196
0.82818222
0.82948489
0.81935456
0.82064329
0.82272919
0.82402326
0.81673336
0.8183069
0.82009715
0.82167721
0.8224546
0.82403919
0.82553273
0.82712328
0.81931959
0.82119002
0.82238593
0.82426341
0.81362017
0.81547756
0.81697109
0.81883617
0.81001687
0.81215699
0.8133529
0.81550188
0.81569102
0.81784617
0.81874374
0.820907
0.82087382
0.82304271
0.82364139
0.82581762
0.82452547
0.82640781
0.82730538
0.82919412
0.82923466
0.83112779
0.83172647
0.83362533
0.82556214
0.82774345
0.82804288
0.83023079
0.82975315
0.83194557
0.83194557
0.83414383
0.83344433
0.8353471
0.83564653
0.83755438
0.83715193
0.83906321
0.83906321
0.84097888
0.83344433
0.83564654
0.8353471
0.83755438
0.83663343
0.8388441
0.83824542
0.84046038
0.83931855
0.84153635
0.84063877
0.84286009
0.84305231
0.84497712
0.84437843
0.8463063
0.84035524
0.84227386
0.84197442
0.84389677
0.84357081
0.84519622
0.84519622
0.84682479
0.84627821
0.84790887
0.84760943
0.84924268
0.84899432
0.85032983
0.85032983
0.85166747
0.84627821
0.84760943
0.84790887
0.84924268
0.84305231
0.84437843
0.84497712
0.8463063
0.84035524
0.84197442
0.84227386
0.84389677
0.83663343
0.83824542
0.83884411
0.84046039
0.83931855
0.84063877
0.84153635
0.84286009
0.84149806
0.84252572
0.84372165
0.84475206
0.84524152
0.84627378
0.84717136
0.848206
0.84692156
0.84765933
0.84885525
0.84959472
0.84317064
0.84390513
0.84539868
0.84613513
0.84433529
0.84477616
0.84656642
0.84700847
0.8449913
0.84513828
0.84722418
0.84737156
0.84875033
0.84889797
0.85068823
0.85083621
0.84809139
0.84853423
0.85002777
0.85047164
0.8513366
0.85178115
0.85297706
0.85342247
0.85199807
0.85214628
0.85363981
0.85378831
0.85473255
0.85488124
0.85607715
0.85622608
0.85406896
0.85451494
0.85541251
0.8558592
0.85289087
0.85363387
0.85423255
0.85497673
0.85016228
0.85090289
0.85180046
0.85254252
0.84847581
0.84951204
0.85011073
0.85114897
0.85119898
0.85223855
0.85253798
0.85357921
0.85340937
0.85445166
0.85445166
0.85549523
0.85510566
0.85615003
0.8558506
0.8568959
0.85680533
0.85755176
0.85755176
0.85829885
0.85510566
0.8558506
0.85615003
0.85689589
0.85628682
0.85673396
0.85733265
0.85778034
0.85695214
0.85710121
0.85799878
0.85814804
0.85865548
0.85880486
0.85940354
0.85955304
0.85798884
0.85843688
0.85873631
0.85918474
0.85917399
0.85962265
0.85962265
0.86007155
0.85984156
0.85999114
0.86029057
0.86044023
0.86050965
0.86065934
0.86065935
0.86080907
0.85984156
0.86029057
0.85999114
0.86044024
0.85865549
0.85940354
0.85880486
0.85955305
0.85798884
0.85873631
0.85843688
0.85918474
0.85628682
0.85733265
0.85673397
0.85778035
0.85695214
0.85799879
0.85710122
0.85814805
0.85473256
0.85607716
0.85488125
0.85622609
0.85199807
0.85363982
0.85214628
0.85378832
0.8513366
0.85297706
0.85178115
0.85342248
0.85406896
0.85541251
0.85451494
0.8558592
0.85289087
0.85423255
0.85363387
0.85497673
0.85119898
0.85253798
0.85223855
0.85357921
0.84847581
0.85011073
0.84951204
0.85114897
0.85016228
0.85180046
0.85090289
0.85254252
0.84692155
0.84885525
0.84765932
0.84959472
0.84524152
0.84717135
0.84627378
0.84820599
0.84149805
0.84372164
0.84252572
0.84475205
0.84317064
0.84539867
0.84390513
0.84613512
0.84433529
0.84656642
0.84477616
0.84700847
0.84809139
0.85002777
0.84853423
0.85047164
0.84875033
0.85068823
0.84889798
0.85083622
0.84499131
0.84722418
0.84513829
0.84737156
0.84072326
0.84324977
0.8408695
0.84339646
0.84007056
0.8425951
0.8405092
0.84303506
0.83529978
0.83811619
0.83573592
0.83855381
0.83594877
0.83876738
0.83609418
0.83891329
0.83067071
0.83377973
0.8308152
0.83392477
0.82489228
0.82828983
0.82503576
0.8284339
0.82425188
0.82764677
0.82468223
0.82807892
0.83002582
0.83313242
0.8304592
0.83356743
0.82888093
0.83198321
0.82960293
0.83270794
0.82311495
0.82650514
0.82383192
0.82722509
0.82148219
0.82486562
0.82248534
0.82587293
0.82723672
0.83033281
0.82824691
0.83134682
0.83249293
0.83529983
0.83350957
0.83631992
0.8341476
0.83696011
0.83487421
0.83768919
0.8389118
0.84143283
0.83964256
0.84216581
0.83724767
0.83976367
0.83827013
0.84078923
0.83507918
0.83758864
0.83639271
0.83890615
0.83033677
0.83313637
0.83164282
0.83444685
0.82768041
0.83047101
0.82927509
0.83207111
0.83240764
0.83490903
0.83401145
0.8365177
0.82923465
0.83172647
0.83112779
0.83362533
0.82556214
0.82804288
0.82774345
0.83023079
0.82087382
0.82364139
0.82304271
0.82581762
0.82452546
0.82730538
0.82640781
0.82919412
0.81931959
0.82238593
0.82119002
0.82426341
0.81569103
0.81874374
0.81784617
0.820907
0.81001687
0.8133529
0.812157
0.81550188
0.81362018
0.81697109
0.81547757
0.81883617
0.81673337
0.82009715
0.8183069
0.82167721
0.82245461
0.82553273
0.82403919
0.82712328
0.82509418
0.82818222
0.82639196
0.82948489
0.81935456
0.82272919
0.8206433
0.82402327
0.81312139
0.81678057
0.8144003
0.81806526
0.80639842
0.81033994
0.80766673
0.81161448
0.8038187
0.80774756
0.80536731
0.80930377
0.81052015
0.81416757
0.81208169
0.81573618
0.80743066
0.81106413
0.80927389
0.8129157
0.80385479
0.80747211
0.8059786
0.80960552
0.79720849
0.80110493
0.79931471
0.80322148
0.80075478
0.8046686
0.80258274
0.80650554
0.79359655
0.79778838
0.79540815
0.79960958
0.79008199
0.79425519
0.79216935
0.79635362
0.78247959
0.78692704
0.78454683
0.78900607
0.78596031
0.7904276
0.78775444
0.79223197
0.78896758
0.79345203
0.79048753
0.79498065
0.79663307
0.80084099
0.79816781
0.80238387
0.79918971
0.80341118
0.80044666
0.80467481
0.7914996
0.79599849
0.79274444
0.79725044
0.79355484
0.79806546
0.79452382
0.79903998
0.79513205
0.79965167
0.7958246
0.80034818
0.80285748
0.80709841
0.80355676
0.80780142
0.80126493
0.80549741
0.80224334
0.80648102
0.80849237
0.81244417
0.80947963
0.81343628
0.81523282
0.81890154
0.81622832
0.81990155
0.81685315
0.8205292
0.81756465
0.82124393
0.8100993
0.81405899
0.81080491
0.81476807
0.81121823
0.81518342
0.81164176
0.81560903
0.81798142
0.82166257
0.8184085
0.82209158
0.81861694
0.82230097
0.81875933
0.822444
0.81184849
0.81581677
0.81198969
0.81595867
0.80459101
0.80884115
0.80473095
0.80898183
0.80396639
0.80821321
0.80438614
0.80863519
0.79623029
0.80075618
0.79664598
0.80117425
0.79684889
0.80137831
0.79698748
0.80151769
0.78862679
0.79343277
0.78876395
0.79357076
0.77992969
0.78500931
0.78006533
0.78514585
0.77932423
0.7843999
0.77973109
0.78480942
0.78801458
0.79281681
0.78842598
0.79323073
0.78692769
0.79172326
0.78761308
0.79241285
0.78536676
0.79015278
0.78632573
0.79111763
0.77670562
0.78176417
0.77765401
0.78271876
0.77824933
0.78331797
0.77892715
0.78400023
0.7691022
0.77444085
0.76977205
0.77511537
0.76757665
0.77290467
0.76851388
0.77384843
0.75798535
0.76357963
0.75891085
0.76451198
0.75949182
0.76509725
0.76015329
0.76576363
0.76054079
0.766154
0.76093783
0.76655399
0.77016446
0.77551051
0.77056653
0.77591539
0.77076279
0.77611302
0.77089684
0.776248
0.76113164
0.76674923
0.76126402
0.76688258
0.75104207
0.75692362
0.75117268
0.75705526
0.75045905
0.75633602
0.75085083
0.75673087
0.73992532
0.7460625
0.74031159
0.74645199
0.74050014
0.74664212
0.74062893
0.74677197
0.72951222
0.73591091
0.72963909
0.7360389
0.71808492
0.72473647
0.7182098
0.72486251
0.7175275
0.72417387
0.71790207
0.72455192
0.72894593
0.73533963
0.72932646
0.73572352
0.72794055
0.73432541
0.72857452
0.73496496
0.71653788
0.72317506
0.71716192
0.72380489
0.71511666
0.72174063
0.71598978
0.72262186
0.7264967
0.73286886
0.72738372
0.73376369
0.73743918
0.74355568
0.73833958
0.74446357
0.73890479
0.74503349
0.73954832
0.74568237
0.74942399
0.75529283
0.75007669
0.75595065
0.74793751
0.75379466
0.74885073
0.75471506
0.74600049
0.75184243
0.74717369
0.75302485
0.74361412
0.74943731
0.74504659
0.75088104
0.73317651
0.73925755
0.73458886
0.74068165
0.73552937
0.74162998
0.73668609
0.74279633
0.72461524
0.73097085
0.72575479
0.73212042
0.71326469
0.71987146
0.71438637
0.72100356
0.71098308
0.71756867
0.71235265
0.71895095
0.72229731
0.72863253
0.72368869
0.73003615
0.71954431
0.72585532
0.72118668
0.72751213
0.70827322
0.71483364
0.70988985
0.71646528
0.70513673
0.71166804
0.70699945
0.71354805
0.71635788
0.72264088
0.71825027
0.7245499
0.72714757
0.73317848
0.72906848
0.73511536
0.73038202
0.73643982
0.73204915
0.73812081
0.74077982
0.74658075
0.7424707
0.74828492
0.7374993
0.74327448
0.73944758
0.74523806
0.74740684
0.7529228
0.74938131
0.75491189
0.75686419
0.76211763
0.75886368
0.76413103
0.7602309
0.76550776
0.76196622
0.76725518
0.75073145
0.75627202
0.75244507
0.75799832
0.75360384
0.75916568
0.75505558
0.76062816
0.7560223
0.76160204
0.75721127
0.76279982
0.76558874
0.77090291
0.76679278
0.77211534
0.76313966
0.76843678
0.76460979
0.76991715
0.77221583
0.77724504
0.77370346
0.77874239
0.77469406
0.77973945
0.77591243
0.7809658
0.78333275
0.78810633
0.78456472
0.78934585
0.78082687
0.78558513
0.78233111
0.78709857
0.77785064
0.78259071
0.77962624
0.78437716
0.76927245
0.77428242
0.77102844
0.77604989
0.76586568
0.7708534
0.76788897
0.77288992
0.77440586
0.77912487
0.77645174
0.78118326
0.7704946
0.77518971
0.77280954
0.7775188
0.76611922
0.7707876
0.76870181
0.77338598
0.75767048
0.7626047
0.76022456
0.76517546
0.76199758
0.76696005
0.76428695
0.76926438
0.75304159
0.75826842
0.75530403
0.7605466
0.74363202
0.74912006
0.74586616
0.75137073
0.73940927
0.74486608
0.74190173
0.74737698
0.74876537
0.75396246
0.7512894
0.75650405
0.74403814
0.74920234
0.74682223
0.75200581
0.73474113
0.74016342
0.7374904
0.74293304
0.72963042
0.73501493
0.73263486
0.73804158
0.73886272
0.74399094
0.74190522
0.7470546
0.74765
0.75251883
0.75072871
0.75561764
0.75288699
0.75779
0.75570424
0.76062563
0.76128236
0.7659212
0.76413105
0.76878731
0.75598694
0.76059345
0.75910002
0.76372555
0.75023614
0.75480755
0.75361173
0.75820376
0.74196265
0.74679438
0.74530098
0.7501545
0.73582837
0.7406201
0.7394243
0.7442395
0.74403342
0.74856698
0.7476695
0.75222526
0.73738254
0.74187552
0.7412769
0.74579365
0.73028751
0.7347372
0.7344378
0.73891283
0.72223413
0.72693721
0.7263386
0.73106846
0.72925088
0.73399972
0.73310224
0.73787621
0.72067997
0.7256818
0.72448602
0.72951431
0.71374573
0.71869937
0.71780191
0.72278375
0.70482743
0.71002864
0.70883288
0.7140637
0.71167498
0.71692679
0.71543343
0.72071302
0.71809387
0.7233931
0.72160304
0.72692822
0.72718011
0.73222712
0.73073374
0.73580546
0.73324225
0.7383314
0.7365413
0.7416534
0.72408021
0.7294237
0.72733801
0.73270558
0.71448206
0.72007666
0.71769663
0.72331644
0.70445356
0.71029591
0.70762297
0.71349165
0.69862955
0.70442353
0.70204354
0.70786587
0.7085751
0.71412338
0.71203772
0.71761316
0.70224134
0.70773996
0.70594993
0.71147763
0.6954846
0.70093025
0.69943692
0.70491356
0.68572287
0.69140968
0.68961967
0.69533885
0.69238474
0.69812686
0.69604123
0.70181372
0.6821111
0.68809327
0.68571331
0.6917271
0.67554813
0.68147267
0.67938707
0.68534532
0.66496651
0.6711252
0.66874528
0.67493901
0.67142664
0.67764523
0.67497238
0.68122385
0.67748235
0.68375709
0.68079292
0.68709837
0.68826322
0.6942994
0.69162651
0.69769223
0.69400078
0.70008734
0.69712312
0.70323712
0.68312999
0.68945711
0.6862034
0.69255903
0.68836615
0.69474184
0.69120054
0.69760253
0.69318769
0.69960811
0.69578136
0.70222585
0.7042186
0.71039492
0.70685357
0.71305305
0.6993203
0.70545359
0.70219983
0.70835842
0.70985325
0.71574045
0.71277618
0.71868766
0.71995865
0.7255962
0.72292323
0.72858404
0.72500158
0.73067869
0.72771439
0.73341278
0.71482536
0.72075386
0.71750006
0.72345078
0.7193669
0.72533314
0.72179174
0.72777814
0.72960781
0.73532105
0.7320672
0.73779975
0.73377455
0.7395205
0.73597905
0.7417423
0.72347513
0.72947551
0.72564866
0.73166711
0.71273996
0.71899116
0.71488121
0.72115124
0.70869272
0.71490836
0.71108156
0.71731818
0.69759169
0.70405297
0.69994308
0.70642618
0.70157551
0.70807376
0.7036832
0.71020101
0.6899885
0.69672988
0.69206136
0.69882303
0.68607052
0.69277355
0.68838304
0.69510871
0.67413613
0.68107687
0.6764084
0.68337258
0.67798593
0.68496637
0.68002271
0.68702416
0.66557502
0.67279033
0.66757449
0.67481152
0.65276326
0.66020908
0.65472422
0.66219245
0.64905674
0.65646021
0.65124443
0.6586729
0.66179572
0.66896999
0.66402638
0.67122487
0.6576178
0.66474671
0.6600783
0.66723393
0.64495927
0.65231594
0.64737239
0.65475662
0.64047333
0.64777876
0.64311041
0.65044596
0.65304378
0.66012304
0.65573265
0.66284109
0.66522092
0.67206973
0.66795995
0.67483701
0.66988027
0.67677713
0.67238668
0.67930938
0.68173928
0.68839993
0.68429009
0.6909757
0.67699741
0.68361166
0.67978496
0.68642648
0.67184776
0.67841163
0.67487038
0.68146381
0.66016089
0.66695754
0.6631309
0.66995816
0.65470323
0.66144362
0.65790241
0.66467579
0.66629344
0.67280297
0.6695493
0.67609068
0.66033778
0.66678906
0.66382493
0.67031031
0.6539844
0.66037353
0.65770072
0.6641262
0.64260839
0.64922412
0.64626003
0.6529134
0.64885122
0.65553129
0.65227767
0.65899306
0.63697385
0.6438787
0.64033754
0.6472789
0.63084535
0.63768369
0.63443011
0.64130735
0.61870235
0.62575919
0.62221807
0.62931505
0.62471285
0.63183831
0.62801176
0.63517489
0.63034707
0.63753686
0.63342718
0.64065214
0.6427187
0.64968589
0.64585929
0.65286056
0.64807641
0.65510175
0.65099202
0.65804901
0.63560162
0.64285141
0.63846108
0.64574353
0.62274401
0.63021389
0.62554559
0.63304912
0.60951134
0.6171968
0.61225336
0.61997344
0.60447255
0.61209442
0.60742617
0.61508532
0.61759579
0.62500386
0.62061356
0.62805786
0.61207559
0.61941737
0.61530773
0.62268832
0.60618671
0.61345779
0.60963129
0.61694372
0.59330598
0.60078692
0.59667733
0.60420082
0.59906968
0.60662336
0.60223312
0.60982672
0.58570296
0.59346399
0.58879579
0.59659784
0.58006791
0.5877542
0.58336401
0.59109401
0.56648049
0.57436749
0.56969933
0.5776312
0.57198349
0.57994719
0.57500384
0.58300963
0.577142
0.58517758
0.57996202
0.58803691
0.59098524
0.59881633
0.59387294
0.60174233
0.59591157
0.603808
0.59859239
0.60652438
0.58195289
0.59005552
0.58457089
0.59271001
0.58641326
0.59457807
0.58882767
0.59702612
0.59052044
0.59874249
0.59272979
0.60098263
0.60468468
0.61269749
0.60694704
0.61498987
0.60047896
0.60843598
0.60295129
0.61094111
0.614183
0.62192744
0.61671178
0.62448815
0.62751714
0.63504434
0.63010084
0.63765908
0.63191229
0.63949229
0.63427657
0.64188496
0.61848473
0.62628349
0.62079875
0.62862672
0.62241394
0.63026231
0.6245118
0.63238665
0.63592684
0.64355506
0.63807026
0.64572423
0.63955836
0.6472302
0.64147963
0.64917456
0.62596827
0.63386152
0.6278487
0.63576569
0.61200117
0.62011107
0.61383963
0.62197392
0.60852619
0.61658997
0.61057721
0.61866821
0.59427193
0.60254628
0.59627489
0.60457716
0.59766549
0.60598715
0.59946087
0.60780755
0.60069907
0.60906303
0.60228578
0.61067186
0.61510754
0.62325866
0.61673232
0.62490501
0.61784343
0.62603086
0.61925355
0.6274597
0.60337085
0.61177206
0.60474793
0.61316834
0.60567921
0.61411261
0.60684584
0.61529551
0.60762276
0.61608327
0.60857823
0.61705207
0.62219736
0.63044259
0.62317576
0.63143398
0.62020717
0.62842598
0.6214018
0.62963646
0.63436161
0.64236087
0.63558351
0.64359821
0.63639723
0.64442221
0.63739797
0.64543559
0.65021383
0.65801372
0.6512363
0.65904849
0.64813399
0.65590889
0.64938243
0.65717233
0.64566377
0.65340898
0.64713742
0.65490034
0.6319439
0.63991262
0.63338622
0.64137316
0.62914555
0.63707893
0.63080743
0.6387618
0.64280465
0.6505155
0.64450263
0.65223388
0.65607661
0.66356028
0.65780965
0.66531314
0.65899478
0.66651181
0.66049887
0.66803309
0.6719289
0.67921322
0.67346253
0.68076351
0.66895343
0.67620543
0.67072051
0.6779917
0.68142736
0.68844331
0.68322741
0.69026193
0.69349088
0.70026655
0.69532282
0.70211643
0.69657555
0.70338142
0.69816546
0.7049869
0.68445834
0.69150556
0.68602058
0.69308392
0.68707705
0.69415129
0.68840054
0.69548844
0.69924064
0.70607261
0.70058757
0.70743273
0.70148455
0.70833849
0.70258769
0.70945244
0.68928191
0.69637891
0.69036585
0.69747404
0.67666413
0.6839999
0.67772822
0.68507555
0.67449965
0.6818119
0.6757989
0.68312527
0.66151603
0.66906187
0.66279025
0.67035066
0.66363882
0.67120893
0.66468242
0.67226446
0.66536189
0.6729517
0.66617422
0.67377332
0.66668419
0.67428911
0.66726478
0.67487634
0.67976929
0.6871388
0.68036128
0.68773723
0.67842103
0.68577589
0.67924932
0.68661318
0.69107158
0.69818705
0.69191532
0.6990395
0.70330592
0.71017771
0.7041646
0.71104481
0.70470366
0.71158914
0.70531737
0.71220887
0.692445
0.69957464
0.69304803
0.7001839
0.69340132
0.70054084
0.69376329
0.70090655
0.70567692
0.71257194
0.7060453
0.71294393
0.70622513
0.71312553
0.70634795
0.71324954
0.69393999
0.70108507
0.69406067
0.701207
0.68123691
0.68862237
0.68135538
0.68874213
0.68070811
0.68808782
0.68106344
0.68844702
0.66760492
0.67522038
0.66795342
0.67557286
0.66812354
0.67574493
0.66823973
0.67586244
0.65460779
0.66246051
0.65472163
0.66257572
0.6406978
0.64877712
0.64080922
0.64888994
0.64020047
0.64827351
0.64053466
0.64861191
0.65409966
0.66194628
0.65444111
0.66229182
0.65319756
0.66103333
0.6537664
0.661609
0.65190202
0.65972221
0.65269792
0.66052767
0.63804954
0.6460954
0.63882852
0.64688422
0.63931754
0.64737942
0.63987429
0.6479432
0.62505249
0.63333562
0.62559681
0.63388717
0.62381279
0.63207946
0.62457438
0.63285116
0.60920034
0.61768285
0.60994408
0.61843697
0.61041099
0.61891039
0.61094255
0.61944937
0.61125398
0.61976514
0.61157305
0.62008866
0.62591571
0.6342103
0.62624244
0.63454137
0.62640194
0.63470299
0.62651087
0.63481337
0.61172882
0.6202466
0.6118352
0.62035446
