FiniteElementSpace
FiniteElementCollection: L2_2D_P2
VDim: 1
Ordering: 0

0.50551166
0.51492413
0.52415073
0.51492413
0.52451213
0.53391052
0.52415073
0.53391052
0.54347706
0.52943397
0.53929188
0.5489551
0.53835914
0.54838349
0.55820961
0.54708996
0.55727688
0.5672621
0.55448835
0.56383588
0.57297987
0.56383588
0.57334126
0.58263939
0.57297986
0.58263939
0.59208806
0.52943397
0.53835914
0.54708997
0.53929188
0.54838349
0.55727688
0.5489551
0.55820961
0.5672621
0.55208082
0.56049719
0.56871119
0.56236041
0.57093374
0.57930069
0.57243697
0.58116391
0.58968054
0.57339764
0.58128493
0.58896234
0.58407415
0.59210854
0.59992891
0.59453978
0.60271813
0.61067839
0.60053248
0.60879302
0.61683375
0.61065624
0.61905629
0.62723259
0.62055953
0.62909581
0.63740446
0.57820689
0.58702155
0.59562426
0.58795428
0.59691779
0.60566553
0.5974894
0.60659826
0.61548763
0.60294
0.61213172
0.62110243
0.61213172
0.62146382
0.63057129
0.62110242
0.63057129
0.63981199
0.62622059
0.6348345
0.64321919
0.63576724
0.64451272
0.65302524
0.64508433
0.65395798
0.66259502
0.65040012
0.65934665
0.66805511
0.65934665
0.6684165
0.67724475
0.66805511
0.67724475
0.68618937
0.62622059
0.63576724
0.64508433
0.6348345
0.64451272
0.65395798
0.64321919
0.65302525
0.66259502
0.60053248
0.61065624
0.62055953
0.60879302
0.61905629
0.62909581
0.61683375
0.62723258
0.63740446
0.57820689
0.58795428
0.5974894
0.58702154
0.59691779
0.60659826
0.59562426
0.60566553
0.61548763
0.55208082
0.56236041
0.57243697
0.56049719
0.57093374
0.58116391
0.56871119
0.57930069
0.58968054
0.57339764
0.58407415
0.59453978
0.58128493
0.59210854
0.60271813
0.58896234
0.59992891
0.61067839
0.59333309
0.60438081
0.6152103
0.60067232
0.61185691
0.62282035
0.60779463
0.61911186
0.63020509
0.62141134
0.6318871
0.64213471
0.62909788
0.63970347
0.65007784
0.63655726
0.64728861
0.65778577
0.64079319
0.65159573
0.66216297
0.64788722
0.65880957
0.6694938
0.65474728
0.66578529
0.67658245
0.61183915
0.62323147
0.63439874
0.61861263
0.63013128
0.64142218
0.6251627
0.63680333
0.64821359
0.62887125
0.64058074
0.65205889
0.63506268
0.64688764
0.65847879
0.64102473
0.65296072
0.66466052
0.64438838
0.65638682
0.66814819
0.64998283
0.6620856
0.67394908
0.65534249
0.66754508
0.67950624
0.67488281
0.68626009
0.69738951
0.68074202
0.69221824
0.70344429
0.68635532
0.6979262
0.70924465
0.65863134
0.66973462
0.68059604
0.66511577
0.67632857
0.68729692
0.67135997
0.68267806
0.69374919
0.68680477
0.6972751
0.70749361
0.69356659
0.7041402
0.71445932
0.7000779
0.7107508
0.7211666
0.70375143
0.71448014
0.72495078
0.70986128
0.7206833
0.73124485
0.7157147
0.72662599
0.73727445
0.73092468
0.74097896
0.7507656
0.73727044
0.7474122
0.75728381
0.74334989
0.75357529
0.76352812
0.71332366
0.7231358
0.73268678
0.72034657
0.73025553
0.73990054
0.72710931
0.73711131
0.74684667
0.69400419
0.70355056
0.71284286
0.70168734
0.71133962
0.7207348
0.70911707
0.71887156
0.728366
0.66820355
0.67839028
0.68833203
0.67560105
0.68590078
0.69595259
0.68275456
0.69316336
0.7033214
0.64799259
0.65787117
0.66751221
0.65600795
0.66600897
0.67576927
0.66378643
0.67390604
0.68378184
0.67301282
0.68227042
0.69128166
0.68133768
0.69071004
0.69983275
0.68941651
0.69890001
0.70813066
0.69641173
0.70502604
0.71338576
0.70502604
0.71374716
0.72221028
0.71338576
0.72221028
0.73077353
0.71813294
0.72608321
0.73377127
0.72701595
0.7350648
0.74284796
0.73563641
0.7437807
0.75165593
0.74053165
0.74872991
0.75665777
0.74872991
0.75701916
0.76503479
0.75665777
0.76503479
0.77313507
0.71813294
0.72701595
0.73563641
0.72608321
0.7350648
0.7437807
0.73377127
0.74284796
0.75165593
0.73812411
0.74725443
0.75611487
0.7453912
0.75461162
0.7635593
0.75238907
0.76169606
0.77072754
0.75633709
0.76569271
0.77477178
0.76290348
0.77234052
0.78149841
0.7691943
0.77870917
0.78794239
0.77992742
0.78856185
0.79691146
0.78669862
0.79540821
0.80383031
0.79318566
0.80196707
0.81045843
0.76114637
0.76957287
0.77772142
0.76864013
0.7771498
0.78537857
0.77585627
0.78444583
0.79275165
0.78233496
0.79003733
0.79745436
0.79003733
0.79781575
0.80530579
0.79745436
0.80530579
0.81286596
0.80163883
0.80953127
0.8171313
0.80859853
0.81655969
0.8242257
0.81526616
0.82329296
0.83102201
0.82141902
0.82855046
0.83538261
0.82855046
0.83574401
0.84263547
0.83538261
0.84263547
0.84958359
0.80163883
0.80859853
0.81526616
0.80953127
0.81655969
0.82329296
0.8171313
0.8242257
0.83102201
0.77992742
0.78669862
0.79318566
0.78856185
0.79540821
0.80196707
0.79691146
0.80383031
0.81045843
0.76114637
0.76864013
0.77585627
0.76957287
0.7771498
0.78444583
0.77772142
0.78537857
0.79275165
0.73812411
0.7453912
0.75238907
0.74725443
0.75461162
0.76169606
0.75611487
0.7635593
0.77072754
0.75633709
0.76290348
0.7691943
0.76569271
0.77234052
0.77870917
0.77477178
0.78149841
0.78794239
0.73092468
0.73727044
0.74334989
0.74097896
0.7474122
0.75357529
0.7507656
0.75728381
0.76352812
0.70375143
0.70986128
0.7157147
0.71448014
0.7206833
0.72662599
0.72495078
0.73124485
0.73727445
0.68680477
0.69356659
0.7000779
0.6972751
0.7041402
0.7107508
0.70749361
0.71445932
0.7211666
0.71332366
0.72034657
0.72710931
0.7231358
0.73025553
0.73711131
0.73268678
0.73990054
0.74684667
0.69400419
0.70168733
0.70911707
0.70355056
0.71133962
0.71887157
0.71284286
0.7207348
0.728366
0.67301282
0.68133768
0.68941651
0.68227042
0.69071004
0.69890001
0.69128166
0.69983275
0.70813066
0.64799259
0.65600795
0.66378643
0.65787117
0.66600897
0.67390604
0.66751221
0.67576927
0.68378184
0.66820355
0.67560105
0.68275456
0.67839028
0.68590078
0.69316336
0.68833203
0.69595259
0.7033214
0.64079319
0.64788722
0.65474728
0.65159573
0.65880957
0.66578529
0.66216296
0.6694938
0.67658245
0.62141134
0.62909788
0.63655726
0.6318871
0.63970347
0.64728861
0.64213471
0.65007784
0.65778577
0.59333309
0.60067231
0.60779463
0.60438081
0.61185691
0.61911186
0.6152103
0.62282036
0.63020509
0.61183915
0.61861263
0.6251627
0.62323147
0.63013128
0.63680333
0.63439874
0.64142218
0.64821359
0.62887126
0.63506268
0.64102473
0.64058074
0.64688764
0.65296072
0.65205889
0.65847879
0.66466052
0.65863134
0.66511577
0.67135997
0.66973462
0.67632857
0.68267806
0.68059604
0.68729692
0.69374919
0.67488281
0.68074202
0.68635532
0.68626009
0.69221824
0.6979262
0.69738951
0.70344428
0.70924465
0.64438838
0.64998283
0.65534249
0.65638682
0.6620856
0.66754508
0.66814819
0.67394908
0.67950624
0.65835313
0.66333713
0.66808149
0.67061162
0.67568857
0.68052129
0.68262788
0.68779579
0.69271497
0.67073187
0.67509342
0.67921104
0.68322087
0.68766374
0.69185805
0.69546307
0.69998554
0.70425491
0.702473
0.70704095
0.71135344
0.71431544
0.71896052
0.72334573
0.72589985
0.73062024
0.73507646
0.68950844
0.69472831
0.69969719
0.70113231
0.70644032
0.71149299
0.71250292
0.717897
0.72303148
0.7190027
0.72444585
0.72962729
0.72996393
0.73549022
0.74075068
0.74066149
0.74626877
0.75160616
0.74676485
0.75241818
0.75779968
0.75703704
0.76276829
0.76822385
0.76703577
0.77284272
0.77837017
0.76080599
0.76575326
0.77042388
0.77127135
0.77628681
0.78102168
0.78145808
0.78653977
0.79133705
0.73252184
0.73728519
0.74178216
0.74368919
0.74852529
0.75309083
0.75458789
0.75949485
0.76412718
0.74427628
0.74834834
0.75214999
0.75562283
0.75975708
0.76361672
0.76669642
0.77089125
0.77480736
0.7730143
0.77724359
0.78119204
0.78364759
0.78793517
0.79193796
0.79399778
0.79834199
0.80239754
0.78336033
0.78686145
0.79007824
0.79413596
0.79768534
0.8009464
0.80462468
0.80822093
0.81152497
0.75423766
0.75760863
0.76070584
0.76573612
0.76915857
0.77230301
0.77695793
0.7804305
0.78362094
0.72329799
0.72653069
0.72950085
0.73549156
0.73877884
0.74179908
0.7474194
0.75075995
0.75382909
0.71374524
0.71765026
0.72129596
0.72577773
0.72974868
0.73345587
0.73754803
0.74158338
0.7453506
0.68149476
0.68522333
0.68870429
0.69418418
0.69798228
0.7015281
0.70662284
0.71048898
0.71409825
0.69061586
0.6937025
0.69653846
0.70347517
0.70661934
0.7095081
0.71608029
0.71928076
0.72222121
0.69807329
0.70051056
0.70269467
0.71107141
0.71355405
0.71577876
0.7238126
0.72633973
0.72860432
0.73110831
0.73366092
0.73594839
0.74343354
0.74602918
0.74835515
0.75549013
0.75812785
0.76049154
0.73715739
0.7390237
0.7406229
0.74958444
0.75148219
0.75310833
0.76174085
0.76366945
0.76532202
0.70384903
0.70563102
0.70715795
0.71695454
0.71876968
0.72032503
0.72980125
0.73164899
0.73323227
0.70792906
0.70905144
0.70991755
0.72111045
0.72225376
0.72313601
0.73403185
0.7351957
0.73609381
0.71030357
0.71076368
0.71096692
0.7235292
0.72399791
0.72420494
0.73649409
0.73697122
0.73718196
0.74391739
0.74439928
0.74461213
0.75645834
0.75694838
0.75716483
0.76872659
0.76922459
0.76944456
0.74143051
0.74260601
0.74351311
0.75392951
0.75512484
0.75604725
0.76615659
0.76737138
0.76830879
0.77314581
0.7743716
0.7753175
0.78493229
0.78617678
0.78713712
0.7964356
0.79769839
0.79867285
0.77573907
0.77624158
0.77646353
0.78756511
0.7880753
0.78830065
0.79910716
0.79962485
0.79985351
0.80569194
0.80621384
0.80644437
0.81677457
0.81730369
0.8175374
0.82756261
0.82809874
0.82833554
0.80299853
0.80427166
0.80525408
0.81404411
0.81533475
0.81633071
0.82479593
0.82610368
0.82711284
0.79837055
0.80039185
0.80212386
0.80935258
0.81140166
0.81315746
0.82004226
0.82211844
0.82389748
0.76868989
0.77063604
0.77230365
0.78040855
0.78238434
0.78407735
0.79184537
0.79385017
0.79556805
0.76238206
0.76504385
0.76742917
0.77400469
0.77670708
0.77912871
0.78534762
0.78808959
0.79054669
0.79181918
0.79458373
0.79706115
0.8027112
0.80551382
0.80802527
0.81331315
0.81615275
0.81869734
0.81934874
0.8222094
0.82477294
0.8294839
0.83238
0.83497523
0.83931933
0.84224974
0.84487568
0.84490442
0.8478543
0.85049779
0.85425831
0.85724091
0.85991365
0.86330351
0.86631766
0.86901864
0.85189498
0.85405179
0.85589992
0.86132621
0.86350688
0.86537544
0.87044621
0.87264999
0.87453836
0.82612787
0.82821944
0.83001168
0.83634681
0.83846424
0.8402786
0.8462636
0.84840617
0.85024208
0.83091677
0.83223416
0.83325074
0.84119482
0.84252852
0.84355769
0.85116925
0.85251882
0.85356024
0.83370382
0.83424387
0.83448242
0.84401636
0.84456312
0.84480462
0.8540244
0.85457766
0.85482204
0.85970723
0.86026413
0.86051012
0.86922482
0.86978791
0.87003663
0.87842874
0.87899781
0.87924917
0.85683324
0.85819173
0.85924002
0.86631902
0.86769255
0.86875246
0.87549202
0.87688014
0.87795132
0.88068551
0.88208181
0.88315929
0.88935615
0.8907662
0.89185429
0.89770561
0.89912895
0.90022731
0.88363951
0.88421191
0.88446474
0.89233921
0.89291728
0.89317261
0.90071683
0.90130034
0.90155808
0.90544299
0.90602951
0.90628858
0.91330385
0.91389549
0.91415682
0.92083499
0.92143153
0.92169502
0.90241609
0.90384685
0.90495092
0.9102507
0.91169388
0.91280753
0.91775653
0.91921165
0.92033453
0.89721513
0.89948666
0.90143312
0.90500469
0.90729595
0.90925927
0.9124672
0.91477735
0.91675685
0.87560978
0.87782662
0.87972621
0.88423056
0.88646923
0.88838747
0.89253182
0.8947915
0.89672777
0.86842465
0.87145663
0.87417371
0.87697471
0.88003662
0.88278044
0.88520789
0.88829852
0.89106802
0.88985275
0.89295953
0.89574363
0.89757838
0.90071221
0.9035205
0.90497969
0.90813936
0.91097071
0.88034665
0.88428123
0.88789628
0.88798973
0.89195857
0.89560503
0.89531197
0.89931355
0.90298997
0.8687197
0.8734726
0.87790991
0.87626182
0.88105612
0.88553197
0.88348738
0.88832121
0.89283383
0.84780048
0.85243893
0.8567694
0.85614744
0.8608317
0.86520481
0.8641851
0.86891333
0.87332737
0.85914746
0.8629873
0.8665153
0.86760615
0.87148389
0.87504665
0.87575137
0.87966553
0.88326164
0.83587849
0.83961433
0.84304677
0.8451324
0.84890971
0.85238019
0.85408099
0.85789829
0.86140542
0.8105958
0.81421865
0.81754728
0.82062265
0.82429041
0.82766025
0.83035303
0.83406428
0.83747397
0.79989006
0.8042664
0.80835213
0.80978447
0.81421505
0.81835135
0.81938633
0.82386944
0.82805468
0.82483882
0.82935165
0.83356483
0.83397051
0.83853343
0.84279326
0.84280091
0.84741214
0.85171696
0.81181205
0.81709099
0.82207473
0.8207995
0.82613704
0.83117597
0.82949045
0.8348845
0.83997664
0.78725731
0.79237658
0.79720958
0.79699544
0.80217818
0.80707098
0.80644566
0.81168985
0.81664052
0.77272799
0.77857786
0.78414648
0.78228638
0.78820878
0.7938463
0.79156219
0.79755482
0.80325902
0.79682955
0.80286189
0.8086042
0.80565112
0.81175041
0.8175563
0.81418167
0.82034554
0.82621274
0.81901148
0.82521175
0.83111391
0.82707497
0.83333647
0.83929675
0.83483971
0.84115999
0.84717606
0.83441107
0.83983696
0.84495945
0.84262619
0.84810566
0.85327859
0.85053692
0.85606784
0.86128918
0.85499991
0.86055969
0.86580857
0.86242291
0.86803112
0.87332558
0.86953437
0.87518881
0.88052677
0.83922035
0.84557361
0.85162141
0.84650635
0.85291494
0.85901525
0.85348656
0.85994799
0.86609844
0.85740745
0.8638984
0.87007726
0.8638984
0.87043866
0.8766643
0.87007726
0.8766643
0.8829343
0.87352897
0.87920923
0.88457187
0.88014197
0.88586539
0.89126862
0.88643701
0.89220136
0.89764308
0.88995361
0.89574067
0.90120413
0.89574067
0.90156552
0.9070645
0.90120413
0.9070645
0.91259687
0.87352897
0.88014197
0.88643701
0.87920923
0.88586539
0.89220136
0.88457187
0.89126862
0.89764308
0.88754607
0.89426519
0.90066123
0.89240197
0.89915798
0.90558902
0.89693544
0.90372579
0.91018935
0.89942498
0.90623403
0.91271566
0.90344482
0.91028441
0.91679501
0.90713821
0.91400578
0.92054289
0.91633649
0.92229512
0.92792052
0.9204319
0.92641728
0.93206782
0.92419474
0.9302046
0.93587814
0.90423424
0.91011417
0.91566529
0.90918144
0.91509367
0.92067516
0.91380015
0.91974242
0.92535213
0.91874402
0.92377059
0.92846342
0.92377059
0.9288248
0.9335433
0.92846342
0.9335433
0.93828566
0.93104044
0.93613431
0.94088994
0.93520157
0.94031833
0.94509522
0.93902481
0.94416249
0.94895881
0.94350146
0.9477183
0.95159271
0.9477183
0.9519541
0.95584584
0.95159271
0.95584584
0.95975338
0.93104044
0.93520157
0.93902481
0.93613431
0.94031833
0.94416249
0.94088994
0.94509522
0.94895881
0.91633648
0.9204319
0.92419474
0.92229512
0.92641728
0.9302046
0.92792052
0.93206782
0.93587814
0.90423424
0.90918144
0.91380015
0.91011417
0.91509367
0.91974242
0.91566529
0.92067516
0.92535213
0.88754607
0.89240197
0.89693544
0.89426519
0.89915798
0.90372579
0.90066123
0.90558902
0.91018935
0.89942498
0.90344482
0.90713821
0.90623403
0.91028441
0.91400578
0.91271566
0.91679501
0.92054289
0.90913708
0.91231118
0.9151556
0.91601967
0.91921788
0.92208386
0.92257128
0.92579237
0.92867877
0.92623119
0.92946496
0.93236287
0.93225417
0.93550907
0.93842584
0.93794032
0.94121508
0.94414956
0.93389452
0.93625889
0.93828491
0.93996737
0.94234717
0.94438635
0.94570056
0.94809486
0.95014645
0.91665898
0.91897973
0.92096836
0.92359854
0.92593689
0.92794055
0.93020434
0.9325594
0.93457737
0.92197264
0.92343441
0.9245624
0.92895235
0.93042518
0.93156172
0.93559648
0.93707988
0.93822458
0.92506514
0.92566437
0.92592906
0.93206823
0.93267203
0.93293872
0.93873476
0.9393429
0.93961151
0.94245873
0.94306924
0.9433389
0.9485872
0.94920171
0.94947313
0.95437309
0.95499136
0.95526445
0.93930808
0.94079733
0.94194654
0.94541609
0.94691503
0.94807171
0.95118253
0.95269064
0.95385441
0.95438068
0.95589383
0.95706149
0.95960228
0.96112371
0.96229776
0.96447713
0.96600632
0.96718635
0.9575819
0.95820221
0.95847621
0.96282099
0.96344471
0.96372021
0.96771228
0.96833918
0.96861609
0.97039819
0.97102681
0.97130447
0.97473526
0.9753667
0.9756456
0.97872016
0.9793542
0.97963426
0.96715412
0.96868752
0.96987081
0.97147671
0.97301698
0.97420556
0.97544824
0.97699482
0.97818826
0.96158008
0.96401453
0.96610062
0.96587775
0.96832316
0.97041857
0.96982641
0.97228181
0.97438573
0.94888025
0.95128255
0.95334109
0.95407177
0.95648728
0.95855708
0.95891854
0.96134632
0.96342657
0.94109393
0.94437961
0.94732402
0.94624282
0.94954657
0.95250711
0.95104981
0.95437035
0.95734586
0.95368953
0.95701919
0.96000303
0.95795192
0.96129655
0.96429374
0.96186817
0.96522648
0.96823584
0.96398762
0.96735324
0.97036931
0.96735324
0.9707307
0.97375729
0.97036931
0.97375729
0.97679326
0.97196339
0.97535686
0.97839788
0.97442413
0.97782626
0.98087499
0.97653274
0.97994224
0.98299751
0.98000515
0.98248626
0.98461232
0.98248626
0.98497371
0.98710515
0.98461232
0.98710515
0.98924116
0.97196339
0.97442413
0.97653274
0.97535686
0.97782626
0.97994224
0.97839788
0.98087499
0.98299751
0.9775976
0.97914756
0.98034364
0.98101077
0.98256616
0.98376641
0.98406941
0.98562966
0.98683364
0.98087671
0.98151212
0.98179278
0.98430131
0.98493895
0.98522059
0.98737024
0.98800988
0.9882924
0.98899222
0.98963289
0.98991587
0.99149609
0.99213839
0.99242208
0.99364164
0.99428534
0.99456966
0.98568599
0.98724876
0.98845473
0.98818149
0.98974825
0.99095727
0.99031987
0.99189002
0.99310163
0.99139975
0.99297158
0.99418454
0.99297158
0.99454593
0.99576082
0.99418454
0.99576082
0.99697717
0.99472514
0.99536952
0.99565415
0.99630225
0.99694766
0.99723274
0.99751928
0.99816549
0.99845091
0.99806169
0.99870823
0.99899381
0.99870823
0.99935521
0.99964097
0.99899381
0.99964097
0.99992681
0.99472514
0.99630225
0.99751928
0.99536952
0.99694766
0.99816549
0.99565415
0.99723274
0.99845091
0.98899222
0.99149609
0.99364164
0.98963289
0.99213839
0.99428534
0.98991587
0.99242208
0.99456966
0.98568599
0.98818149
0.99031987
0.98724876
0.98974825
0.99189002
0.98845473
0.99095727
0.99310164
0.97759761
0.98101077
0.98406941
0.97914756
0.98256616
0.98562966
0.98034364
0.98376641
0.98683363
0.98087671
0.98430131
0.98737024
0.98151212
0.98493895
0.98800987
0.98179278
0.98522059
0.9882924
0.97039819
0.97473526
0.97872016
0.97102681
0.9753667
0.9793542
0.97130447
0.97564561
0.97963426
0.9575819
0.96282099
0.96771228
0.95820221
0.96344471
0.96833918
0.9584762
0.96372021
0.96861609
0.95438067
0.95960228
0.96447713
0.95589383
0.96112371
0.96600632
0.95706149
0.96229776
0.96718635
0.96715412
0.97147671
0.97544824
0.96868752
0.97301698
0.97699482
0.96987081
0.97420556
0.97818826
0.96158008
0.96587775
0.96982641
0.96401453
0.96832316
0.97228181
0.96610062
0.97041857
0.97438573
0.95368953
0.95795192
0.96186817
0.95701919
0.96129655
0.96522648
0.96000303
0.96429374
0.96823584
0.94109393
0.94624282
0.95104981
0.94437961
0.94954657
0.95437035
0.94732402
0.95250711
0.95734586
0.94888025
0.95407177
0.95891854
0.95128255
0.95648728
0.96134632
0.95334109
0.95855708
0.96342657
0.93389451
0.93996737
0.94570056
0.93625888
0.94234717
0.94809486
0.93828491
0.94438635
0.95014645
0.92623119
0.93225417
0.93794032
0.92946496
0.93550907
0.94121508
0.93236287
0.93842584
0.94414956
0.90913708
0.91601967
0.92257128
0.91231118
0.91921788
0.92579237
0.9151556
0.92208386
0.92867877
0.91665899
0.92359854
0.93020434
0.91897973
0.92593689
0.9325594
0.92096837
0.92794055
0.93457737
0.92197264
0.92895235
0.93559647
0.92343441
0.93042518
0.93707988
0.9245624
0.93156171
0.93822458
0.93930808
0.94541609
0.95118253
0.94079733
0.94691503
0.95269064
0.94194654
0.94807171
0.95385441
0.94245873
0.9485872
0.95437309
0.94306924
0.9492017
0.95499135
0.9433389
0.94947312
0.95526444
0.92506514
0.93206823
0.93873476
0.92566437
0.93267203
0.9393429
0.92592906
0.93293872
0.93961151
0.90544299
0.91330385
0.92083499
0.90602951
0.91389549
0.92143153
0.90628858
0.91415682
0.92169502
0.9024161
0.91025071
0.91775653
0.90384685
0.91169388
0.91921165
0.90495092
0.91280753
0.92033453
0.88068551
0.88935615
0.89770562
0.88208182
0.8907662
0.89912896
0.8831593
0.89185429
0.90022731
0.88363951
0.89233922
0.90071684
0.88421191
0.89291728
0.90130035
0.88446475
0.89317261
0.90155808
0.85970723
0.86922482
0.87842874
0.86026413
0.86978791
0.87899781
0.86051012
0.87003663
0.87924917
0.83370382
0.84401636
0.8540244
0.83424387
0.84456312
0.85457766
0.83448241
0.84480462
0.85482204
0.83091677
0.84119482
0.85116925
0.83223415
0.84252851
0.85251882
0.83325074
0.84355769
0.85356024
0.85683324
0.86631902
0.87549202
0.85819173
0.86769255
0.87688015
0.85924002
0.86875246
0.87795132
0.85189497
0.86132621
0.87044621
0.85405178
0.86350688
0.87265
0.85589992
0.86537544
0.87453836
0.82612787
0.83634681
0.8462636
0.82821944
0.83846424
0.84840617
0.83001168
0.8402786
0.85024208
0.81934874
0.8294839
0.83931933
0.8222094
0.83238
0.84224973
0.82477294
0.83497523
0.84487568
0.84490442
0.85425831
0.86330351
0.8478543
0.85724091
0.86631766
0.85049779
0.85991365
0.86901864
0.86842465
0.87697471
0.88520789
0.87145663
0.88003662
0.88829852
0.87417371
0.88278044
0.89106802
0.87560978
0.88423056
0.89253182
0.87782662
0.88646923
0.89479151
0.87972621
0.88838747
0.89672777
0.89721513
0.90500469
0.9124672
0.89948666
0.90729595
0.91477735
0.90143312
0.90925927
0.91675685
0.88985275
0.89757838
0.90497969
0.89295953
0.90071222
0.90813936
0.89574363
0.9035205
0.91097071
0.88034665
0.88798973
0.89531197
0.88428123
0.89195857
0.89931355
0.88789628
0.89560503
0.90298997
0.85914746
0.86760615
0.87575137
0.8629873
0.87148389
0.87966553
0.8665153
0.87504665
0.88326164
0.84780048
0.85614744
0.8641851
0.85243893
0.8608317
0.86891333
0.8567694
0.86520481
0.87332737
0.8687197
0.87626182
0.88348738
0.87347259
0.88105612
0.88832121
0.87790991
0.88553197
0.89283383
0.85499991
0.86242291
0.86953437
0.86055969
0.86803112
0.87518881
0.86580857
0.87332558
0.88052677
0.83922035
0.84650635
0.85348656
0.84557361
0.85291494
0.85994799
0.85162141
0.85901525
0.86609844
0.81901148
0.82707497
0.83483971
0.82521175
0.83333647
0.84115999
0.83111391
0.83929675
0.84717606
0.83441107
0.84262619
0.85053692
0.83983696
0.84810566
0.85606784
0.84495944
0.85327859
0.86128918
0.81181205
0.8207995
0.82949045
0.81709099
0.82613704
0.8348845
0.82207473
0.83117597
0.83997664
0.79682956
0.80565112
0.81418167
0.80286189
0.81175041
0.82034554
0.8086042
0.8175563
0.82621274
0.77272799
0.78228638
0.79156219
0.77857786
0.78820879
0.79755482
0.78414648
0.7938463
0.80325902
0.78725731
0.79699544
0.80644566
0.79237658
0.80217818
0.81168985
0.79720958
0.80707098
0.81664052
0.79989006
0.80978447
0.81938633
0.8042664
0.81421505
0.82386944
0.80835213
0.81835135
0.82805467
0.82483882
0.83397051
0.84280091
0.82935165
0.83853343
0.84741214
0.83356483
0.84279326
0.85171696
0.83587849
0.8451324
0.85408099
0.83961433
0.8489097
0.85789829
0.84304677
0.85238018
0.86140542
0.8105958
0.82062265
0.83035303
0.81421865
0.82429041
0.83406428
0.81754727
0.82766025
0.83747397
0.78336033
0.79413596
0.80462469
0.78686145
0.79768534
0.80822093
0.79007824
0.80094641
0.81152497
0.75423766
0.76573612
0.77695793
0.75760863
0.76915857
0.78043051
0.76070584
0.77230301
0.78362094
0.74427628
0.75562284
0.76669642
0.74834834
0.75975708
0.77089125
0.75214999
0.76361672
0.77480737
0.7730143
0.7836476
0.79399778
0.7772436
0.78793517
0.79834199
0.78119204
0.79193796
0.80239754
0.76080599
0.77127135
0.78145808
0.76575327
0.77628681
0.78653978
0.77042388
0.78102168
0.79133706
0.74676485
0.75703704
0.76703577
0.75241818
0.76276829
0.77284272
0.75779968
0.76822385
0.77837017
0.7190027
0.72996393
0.74066149
0.72444585
0.73549022
0.74626877
0.72962729
0.74075067
0.75160616
0.73252183
0.74368919
0.75458789
0.73728519
0.74852529
0.75949485
0.74178216
0.75309083
0.76412718
0.702473
0.71431544
0.72589984
0.70704095
0.71896052
0.73062024
0.71135344
0.72334573
0.73507646
0.68950844
0.70113231
0.71250292
0.69472831
0.70644032
0.717897
0.69969719
0.71149299
0.72303148
0.65835313
0.67061162
0.68262788
0.66333713
0.67568857
0.68779579
0.66808149
0.68052129
0.69271497
0.67073187
0.68322087
0.69546307
0.67509342
0.68766374
0.69998554
0.67921104
0.69185805
0.70425491
0.68149476
0.69418419
0.70662285
0.68522333
0.69798228
0.71048898
0.68870429
0.7015281
0.71409825
0.71374524
0.72577772
0.73754803
0.71765026
0.72974868
0.74158338
0.72129596
0.73345587
0.7453506
0.72329799
0.73549156
0.7474194
0.72653068
0.73877884
0.75075995
0.72950085
0.74179907
0.75382909
0.69061587
0.70347517
0.71608029
0.6937025
0.70661934
0.71928076
0.69653846
0.7095081
0.72222121
0.69807329
0.71107141
0.7238126
0.70051056
0.71355405
0.72633973
0.70269467
0.71577876
0.72860432
0.70384903
0.71695454
0.72980125
0.70563102
0.71876968
0.73164899
0.70715795
0.72032503
0.73323227
0.73715738
0.74958444
0.76174085
0.7390237
0.75148219
0.76366945
0.7406229
0.75310833
0.76532202
0.73110831
0.74343354
0.75549013
0.73366092
0.74602918
0.75812785
0.73594838
0.74835515
0.76049154
0.76238206
0.77400469
0.78534763
0.76504385
0.77670708
0.78808959
0.76742917
0.77912871
0.79054669
0.79181918
0.8027112
0.81331315
0.79458374
0.80551382
0.81615275
0.79706115
0.80802527
0.81869734
0.79837055
0.80935258
0.82004225
0.80039185
0.81140166
0.82211844
0.80212386
0.81315746
0.82389748
0.76868989
0.78040855
0.79184537
0.77063604
0.78238435
0.79385017
0.77230366
0.78407735
0.79556805
0.77314581
0.78493229
0.7964356
0.7743716
0.78617678
0.79769839
0.7753175
0.78713713
0.79867285
0.80299854
0.81404411
0.82479593
0.80427166
0.81533475
0.82610368
0.80525408
0.81633071
0.82711284
0.80569194
0.81677457
0.82756261
0.80621384
0.81730369
0.82809873
0.80644437
0.8175374
0.82833554
0.77573908
0.78756511
0.79910716
0.77624158
0.78807531
0.79962485
0.77646354
0.78830066
0.79985351
0.74391739
0.75645834
0.76872659
0.74439928
0.75694838
0.76922459
0.74461213
0.75716483
0.76944457
0.74143051
0.75392951
0.76615659
0.74260601
0.75512484
0.76737138
0.74351311
0.75604725
0.76830879
0.70792906
0.72111045
0.73403185
0.70905145
0.72225376
0.7351957
0.70991755
0.72313601
0.73609381
0.71030357
0.7235292
0.73649409
0.71076368
0.72399791
0.73697121
0.71096692
0.72420494
0.73718196
