FiniteElementSpace
FiniteElementCollection: L2_2D_P4
VDim: 1
Ordering: 0

1.411428670944452e+74
1.178846995801015e+74
7.738497191134165e+73
4.028648401731592e+73
1.912565272803556e+73
1.178846995800991e+74
-2.225845334928725e+73
-1.42001389469482e+74
-1.849816632526823e+74
-1.854234532120913e+74
7.738497191133271e+73
-1.420013894694802e+74
-1.645124894537616e+74
-3.352799632438907e+73
6.411396055490272e+73
4.028648401731014e+73
-1.849816632526697e+74
-3.35279963243817e+73
1.736310315209442e+74
2.026165100847982e+74
1.912565272803574e+73
-1.854234532120714e+74
6.411396055491289e+73
2.026165100848057e+74
1.113742200888845e+74
