FiniteElementSpace
FiniteElementCollection: L2_2D_P4
VDim: 1
Ordering: 0

4.516380701310528e+79
-1.804333668535915e+79
6.360819308550172e+79
-3.502053823073699e+79
-1.223017205924921e+79
3.431934299903202e+79
-1.665186438705578e+79
6.453840744690399e+79
-3.715047242616509e+79
-1.115974986798515e+79
-7.675468227203866e+78
1.737381585040616e+78
6.225389208930676e+79
-4.322854165218013e+79
-7.988357130279847e+78
-1.689444421845302e+79
3.499611174177686e+79
5.096713958514324e+79
-5.195030390885878e+79
-2.31148492573965e+78
1.315953568945896e+79
5.778634714487644e+79
3.346124781771695e+79
-5.7355182765289e+79
3.008423693309961e+78
