FiniteElementSpace
FiniteElementCollection: L2_2D_P3
VDim: 1
Ordering: 0

6.1993171e+16
6.1684603e+16
6.1281929e+16
6.097326e+16
6.1993171e+16
6.1684603e+16
6.1281929e+16
6.097326e+16
6.1993171e+16
6.1684603e+16
6.1281929e+16
6.097326e+16
6.1993171e+16
6.1684603e+16
6.1281929e+16
6.097326e+16
6.1993171e+16
6.1684603e+16
6.1281929e+16
6.097326e+16
6.1993171e+16
6.1684603e+16
6.1281929e+16
6.097326e+16
6.1993171e+16
6.1684603e+16
6.1281929e+16
6.097326e+16
6.1993171e+16
6.1684603e+16
6.1281929e+16
6.097326e+16
6.0808761e+16
6.0500073e+16
6.0097337e+16
5.9788692e+16
6.0808761e+16
6.0500073e+16
6.0097337e+16
5.9788692e+16
6.0808761e+16
6.0500073e+16
6.0097337e+16
5.9788692e+16
6.0808761e+16
6.0500073e+16
6.0097337e+16
5.9788692e+16
5.962423e+16
5.9315659e+16
5.8913166e+16
5.8604776e+16
5.962423e+16
5.9315659e+16
5.8913166e+16
5.8604776e+16
5.962423e+16
5.9315659e+16
5.8913166e+16
5.8604776e+16
5.962423e+16
5.9315659e+16
5.8913166e+16
5.8604776e+16
5.8440475e+16
5.8132252e+16
5.7730301e+16
5.7422395e+16
5.8440475e+16
5.8132252e+16
5.7730301e+16
5.7422395e+16
5.8440475e+16
5.8132252e+16
5.7730301e+16
5.7422395e+16
5.8440475e+16
5.8132252e+16
5.7730301e+16
5.7422395e+16
5.8440475e+16
5.8132252e+16
5.7730301e+16
5.7422395e+16
5.8440475e+16
5.8132252e+16
5.7730301e+16
5.7422395e+16
5.8440475e+16
5.8132252e+16
5.7730301e+16
5.7422395e+16
5.8440475e+16
5.8132252e+16
5.7730301e+16
5.7422395e+16
5.962423e+16
5.9315659e+16
5.8913166e+16
5.8604776e+16
5.962423e+16
5.9315659e+16
5.8913166e+16
5.8604776e+16
5.962423e+16
5.9315659e+16
5.8913166e+16
5.8604776e+16
5.962423e+16
5.9315659e+16
5.8913166e+16
5.8604776e+16
5.962423e+16
5.9315659e+16
5.8913166e+16
5.8604776e+16
5.962423e+16
5.9315659e+16
5.8913166e+16
5.8604776e+16
5.962423e+16
5.9315659e+16
5.8913166e+16
5.8604776e+16
5.962423e+16
5.9315659e+16
5.8913166e+16
5.8604776e+16
5.962423e+16
5.9315659e+16
5.8913166e+16
5.8604776e+16
5.962423e+16
5.9315659e+16
5.8913166e+16
5.8604776e+16
5.962423e+16
5.9315659e+16
5.8913166e+16
5.8604776e+16
5.962423e+16
5.9315659e+16
5.8913166e+16
5.8604776e+16
5.8440475e+16
5.8132252e+16
5.7730301e+16
5.7422395e+16
5.8440475e+16
5.8132252e+16
5.7730301e+16
5.7422395e+16
5.8440475e+16
5.8132252e+16
5.7730301e+16
5.7422395e+16
5.8440475e+16
5.8132252e+16
5.7730301e+16
5.7422395e+16
5.8440475e+16
5.8132252e+16
5.7730301e+16
5.7422395e+16
5.8440475e+16
5.8132252e+16
5.7730301e+16
5.7422395e+16
5.8440475e+16
5.8132252e+16
5.7730301e+16
5.7422395e+16
5.8440475e+16
5.8132252e+16
5.7730301e+16
5.7422395e+16
5.7258376e+16
5.6950726e+16
5.654961e+16
5.6242411e+16
5.7258376e+16
5.6950726e+16
5.654961e+16
5.6242411e+16
5.7258376e+16
5.6950726e+16
5.654961e+16
5.6242411e+16
5.7258376e+16
5.6950726e+16
5.654961e+16
5.6242411e+16
5.7258376e+16
5.6950726e+16
5.654961e+16
5.6242411e+16
5.7258376e+16
5.6950726e+16
5.654961e+16
5.6242411e+16
5.7258376e+16
5.6950726e+16
5.654961e+16
5.6242411e+16
5.7258376e+16
5.6950726e+16
5.654961e+16
5.6242411e+16
5.6078791e+16
5.5771935e+16
5.537194e+16
5.5065664e+16
5.6078791e+16
5.5771935e+16
5.537194e+16
5.5065664e+16
5.6078791e+16
5.5771935e+16
5.537194e+16
5.5065664e+16
5.6078791e+16
5.5771935e+16
5.537194e+16
5.5065664e+16
5.6078791e+16
5.5771935e+16
5.537194e+16
5.5065664e+16
5.6078791e+16
5.5771935e+16
5.537194e+16
5.5065664e+16
5.6078791e+16
5.5771935e+16
5.537194e+16
5.5065664e+16
5.6078791e+16
5.5771935e+16
5.537194e+16
5.5065664e+16
5.6078791e+16
5.5771935e+16
5.537194e+16
5.5065664e+16
5.6078791e+16
5.5771935e+16
5.537194e+16
5.5065664e+16
5.6078791e+16
5.5771935e+16
5.537194e+16
5.5065664e+16
5.6078791e+16
5.5771935e+16
5.537194e+16
5.5065664e+16
5.7258376e+16
5.6950726e+16
5.654961e+16
5.6242411e+16
5.7258376e+16
5.6950726e+16
5.654961e+16
5.6242411e+16
5.7258376e+16
5.6950726e+16
5.654961e+16
5.6242411e+16
5.7258376e+16
5.6950726e+16
5.654961e+16
5.6242411e+16
5.7258376e+16
5.6950726e+16
5.654961e+16
5.6242411e+16
5.7258376e+16
5.6950726e+16
5.654961e+16
5.6242411e+16
5.7258376e+16
5.6950726e+16
5.654961e+16
5.6242411e+16
5.7258376e+16
5.6950726e+16
5.654961e+16
5.6242411e+16
5.6078791e+16
5.5771935e+16
5.537194e+16
5.5065664e+16
5.6078791e+16
5.5771935e+16
5.537194e+16
5.5065664e+16
5.6078791e+16
5.5771935e+16
5.537194e+16
5.5065664e+16
5.6078791e+16
5.5771935e+16
5.537194e+16
5.5065664e+16
5.4902559e+16
5.4596712e+16
5.4198116e+16
5.3892976e+16
5.4902559e+16
5.4596712e+16
5.4198116e+16
5.3892976e+16
5.4902559e+16
5.4596712e+16
5.4198116e+16
5.3892976e+16
5.4902559e+16
5.4596712e+16
5.4198116e+16
5.3892976e+16
5.3730498e+16
5.3425869e+16
5.3028943e+16
5.2725144e+16
5.3730498e+16
5.3425869e+16
5.3028943e+16
5.2725144e+16
5.3730498e+16
5.3425869e+16
5.3028943e+16
5.2725144e+16
5.3730498e+16
5.3425869e+16
5.3028943e+16
5.2725144e+16
5.3730498e+16
5.3425869e+16
5.3028943e+16
5.2725144e+16
5.3730498e+16
5.3425869e+16
5.3028943e+16
5.2725144e+16
5.3730498e+16
5.3425869e+16
5.3028943e+16
5.2725144e+16
5.3730498e+16
5.3425869e+16
5.3028943e+16
5.2725144e+16
5.4902559e+16
5.4596712e+16
5.4198116e+16
5.3892976e+16
5.4902559e+16
5.4596712e+16
5.4198116e+16
5.3892976e+16
5.4902559e+16
5.4596712e+16
5.4198116e+16
5.3892976e+16
5.4902559e+16
5.4596712e+16
5.4198116e+16
5.3892976e+16
5.4902559e+16
5.4596712e+16
5.4198116e+16
5.3892976e+16
5.4902559e+16
5.4596712e+16
5.4198116e+16
5.3892976e+16
5.4902559e+16
5.4596712e+16
5.4198116e+16
5.3892976e+16
5.4902559e+16
5.4596712e+16
5.4198116e+16
5.3892976e+16
5.4902559e+16
5.4596712e+16
5.4198116e+16
5.3892976e+16
5.4902559e+16
5.4596712e+16
5.4198116e+16
5.3892976e+16
5.4902559e+16
5.4596712e+16
5.4198116e+16
5.3892976e+16
5.4902559e+16
5.4596712e+16
5.4198116e+16
5.3892976e+16
5.3730498e+16
5.3425869e+16
5.3028943e+16
5.2725144e+16
5.3730498e+16
5.3425869e+16
5.3028943e+16
5.2725144e+16
5.3730498e+16
5.3425869e+16
5.3028943e+16
5.2725144e+16
5.3730498e+16
5.3425869e+16
5.3028943e+16
5.2725144e+16
5.3730498e+16
5.3425869e+16
5.3028943e+16
5.2725144e+16
5.3730498e+16
5.3425869e+16
5.3028943e+16
5.2725144e+16
5.3730498e+16
5.3425869e+16
5.3028943e+16
5.2725144e+16
5.3730498e+16
5.3425869e+16
5.3028943e+16
5.2725144e+16
5.2563403e+16
5.2260196e+16
5.1865203e+16
5.1562945e+16
5.2563403e+16
5.2260196e+16
5.1865203e+16
5.1562945e+16
5.2563403e+16
5.2260196e+16
5.1865203e+16
5.1562945e+16
5.2563403e+16
5.2260196e+16
5.1865203e+16
5.1562945e+16
5.2563403e+16
5.2260196e+16
5.1865203e+16
5.1562945e+16
5.2563403e+16
5.2260196e+16
5.1865203e+16
5.1562945e+16
5.2563403e+16
5.2260196e+16
5.1865203e+16
5.1562945e+16
5.2563403e+16
5.2260196e+16
5.1865203e+16
5.1562945e+16
5.1402046e+16
5.1100459e+16
5.0707655e+16
5.0407132e+16
5.1402046e+16
5.1100459e+16
5.0707655e+16
5.0407132e+16
5.1402046e+16
5.1100459e+16
5.0707655e+16
5.0407132e+16
5.1402046e+16
5.1100459e+16
5.0707655e+16
5.0407132e+16
5.1402046e+16
5.1100459e+16
5.0707655e+16
5.0407132e+16
5.1402046e+16
5.1100459e+16
5.0707655e+16
5.0407132e+16
5.1402046e+16
5.1100459e+16
5.0707655e+16
5.0407132e+16
5.1402046e+16
5.1100459e+16
5.0707655e+16
5.0407132e+16
5.1402046e+16
5.1100459e+16
5.0707655e+16
5.0407132e+16
5.1402046e+16
5.1100459e+16
5.0707655e+16
5.0407132e+16
5.1402046e+16
5.1100459e+16
5.0707655e+16
5.0407132e+16
5.1402046e+16
5.1100459e+16
5.0707655e+16
5.0407132e+16
5.2563403e+16
5.2260196e+16
5.1865203e+16
5.1562945e+16
5.2563403e+16
5.2260196e+16
5.1865203e+16
5.1562945e+16
5.2563403e+16
5.2260196e+16
5.1865203e+16
5.1562945e+16
5.2563403e+16
5.2260196e+16
5.1865203e+16
5.1562945e+16
5.2563403e+16
5.2260196e+16
5.1865203e+16
5.1562945e+16
5.2563403e+16
5.2260196e+16
5.1865203e+16
5.1562945e+16
5.2563403e+16
5.2260196e+16
5.1865203e+16
5.1562945e+16
5.2563403e+16
5.2260196e+16
5.1865203e+16
5.1562945e+16
5.1402046e+16
5.1100459e+16
5.0707655e+16
5.0407132e+16
5.1402046e+16
5.1100459e+16
5.0707655e+16
5.0407132e+16
5.1402046e+16
5.1100459e+16
5.0707655e+16
5.0407132e+16
5.1402046e+16
5.1100459e+16
5.0707655e+16
5.0407132e+16
5.0247178e+16
4.9947401e+16
4.9557033e+16
4.9258433e+16
5.0247178e+16
4.9947401e+16
4.9557033e+16
4.9258433e+16
5.0247178e+16
4.9947401e+16
4.9557033e+16
4.9258433e+16
5.0247178e+16
4.9947401e+16
4.9557033e+16
4.9258433e+16
4.9099523e+16
4.8801742e+16
4.8414048e+16
4.8117552e+16
4.9099523e+16
4.8801742e+16
4.8414048e+16
4.8117552e+16
4.9099523e+16
4.8801742e+16
4.8414048e+16
4.8117552e+16
4.9099523e+16
4.8801742e+16
4.8414048e+16
4.8117552e+16
4.9099523e+16
4.8801742e+16
4.8414048e+16
4.8117552e+16
4.9099523e+16
4.8801742e+16
4.8414048e+16
4.8117552e+16
4.9099523e+16
4.8801742e+16
4.8414048e+16
4.8117552e+16
4.9099523e+16
4.8801742e+16
4.8414048e+16
4.8117552e+16
5.0247178e+16
4.9947401e+16
4.9557033e+16
4.9258433e+16
5.0247178e+16
4.9947401e+16
4.9557033e+16
4.9258433e+16
5.0247178e+16
4.9947401e+16
4.9557033e+16
4.9258433e+16
5.0247178e+16
4.9947401e+16
4.9557033e+16
4.9258433e+16
5.0247178e+16
4.9947401e+16
4.9557033e+16
4.9258433e+16
5.0247178e+16
4.9947401e+16
4.9557033e+16
4.9258433e+16
5.0247178e+16
4.9947401e+16
4.9557033e+16
4.9258433e+16
5.0247178e+16
4.9947401e+16
4.9557033e+16
4.9258433e+16
5.0247178e+16
4.9947401e+16
4.9557033e+16
4.9258433e+16
5.0247178e+16
4.9947401e+16
4.9557033e+16
4.9258433e+16
5.0247178e+16
4.9947401e+16
4.9557033e+16
4.9258433e+16
5.0247178e+16
4.9947401e+16
4.9557033e+16
4.9258433e+16
4.9099523e+16
4.8801742e+16
4.8414048e+16
4.8117552e+16
4.9099523e+16
4.8801742e+16
4.8414048e+16
4.8117552e+16
4.9099523e+16
4.8801742e+16
4.8414048e+16
4.8117552e+16
4.9099523e+16
4.8801742e+16
4.8414048e+16
4.8117552e+16
4.9099523e+16
4.8801742e+16
4.8414048e+16
4.8117552e+16
4.9099523e+16
4.8801742e+16
4.8414048e+16
4.8117552e+16
4.9099523e+16
4.8801742e+16
4.8414048e+16
4.8117552e+16
4.9099523e+16
4.8801742e+16
4.8414048e+16
4.8117552e+16
4.7959782e+16
4.7664175e+16
4.7279386e+16
4.6985168e+16
4.7959782e+16
4.7664175e+16
4.7279386e+16
4.6985168e+16
4.7959782e+16
4.7664175e+16
4.7279386e+16
4.6985168e+16
4.7959782e+16
4.7664175e+16
4.7279386e+16
4.6985168e+16
4.7959782e+16
4.7664175e+16
4.7279386e+16
4.6985168e+16
4.7959782e+16
4.7664175e+16
4.7279386e+16
4.6985168e+16
4.7959782e+16
4.7664175e+16
4.7279386e+16
4.6985168e+16
4.7959782e+16
4.7664175e+16
4.7279386e+16
4.6985168e+16
4.682863e+16
4.6535369e+16
4.6153707e+16
4.5861935e+16
4.682863e+16
4.6535369e+16
4.6153707e+16
4.5861935e+16
4.682863e+16
4.6535369e+16
4.6153707e+16
4.5861935e+16
4.682863e+16
4.6535369e+16
4.6153707e+16
4.5861935e+16
4.682863e+16
4.6535369e+16
4.6153707e+16
4.5861935e+16
4.682863e+16
4.6535369e+16
4.6153707e+16
4.5861935e+16
4.682863e+16
4.6535369e+16
4.6153707e+16
4.5861935e+16
4.682863e+16
4.6535369e+16
4.6153707e+16
4.5861935e+16
4.682863e+16
4.6535369e+16
4.6153707e+16
4.5861935e+16
4.682863e+16
4.6535369e+16
4.6153707e+16
4.5861935e+16
4.682863e+16
4.6535369e+16
4.6153707e+16
4.5861935e+16
4.682863e+16
4.6535369e+16
4.6153707e+16
4.5861935e+16
4.7959782e+16
4.7664175e+16
4.7279386e+16
4.6985168e+16
4.7959782e+16
4.7664175e+16
4.7279386e+16
4.6985168e+16
4.7959782e+16
4.7664175e+16
4.7279386e+16
4.6985168e+16
4.7959782e+16
4.7664175e+16
4.7279386e+16
4.6985168e+16
4.7959782e+16
4.7664175e+16
4.7279386e+16
4.6985168e+16
4.7959782e+16
4.7664175e+16
4.7279386e+16
4.6985168e+16
4.7959782e+16
4.7664175e+16
4.7279386e+16
4.6985168e+16
4.7959782e+16
4.7664175e+16
4.7279386e+16
4.6985168e+16
4.682863e+16
4.6535369e+16
4.6153707e+16
4.5861935e+16
4.682863e+16
4.6535369e+16
4.6153707e+16
4.5861935e+16
4.682863e+16
4.6535369e+16
4.6153707e+16
4.5861935e+16
4.682863e+16
4.6535369e+16
4.6153707e+16
4.5861935e+16
4.5706718e+16
4.5415968e+16
4.5037646e+16
4.4748481e+16
4.5706718e+16
4.5415968e+16
4.5037646e+16
4.4748481e+16
4.5706718e+16
4.5415968e+16
4.5037646e+16
4.4748481e+16
4.5706718e+16
4.5415968e+16
4.5037646e+16
4.4748481e+16
4.459467e+16
4.430659e+16
4.3931811e+16
4.3645407e+16
4.459467e+16
4.430659e+16
4.3931811e+16
4.3645407e+16
4.459467e+16
4.430659e+16
4.3931811e+16
4.3645407e+16
4.459467e+16
4.430659e+16
4.3931811e+16
4.3645407e+16
4.459467e+16
4.430659e+16
4.3931811e+16
4.3645407e+16
4.459467e+16
4.430659e+16
4.3931811e+16
4.3645407e+16
4.459467e+16
4.430659e+16
4.3931811e+16
4.3645407e+16
4.459467e+16
4.430659e+16
4.3931811e+16
4.3645407e+16
4.5706718e+16
4.5415968e+16
4.5037646e+16
4.4748481e+16
4.5706718e+16
4.5415968e+16
4.5037646e+16
4.4748481e+16
4.5706718e+16
4.5415968e+16
4.5037646e+16
4.4748481e+16
4.5706718e+16
4.5415968e+16
4.5037646e+16
4.4748481e+16
4.5706718e+16
4.5415968e+16
4.5037646e+16
4.4748481e+16
4.5706718e+16
4.5415968e+16
4.5037646e+16
4.4748481e+16
4.5706718e+16
4.5415968e+16
4.5037646e+16
4.4748481e+16
4.5706718e+16
4.5415968e+16
4.5037646e+16
4.4748481e+16
4.5706718e+16
4.5415968e+16
4.5037646e+16
4.4748481e+16
4.5706718e+16
4.5415968e+16
4.5037646e+16
4.4748481e+16
4.5706718e+16
4.5415968e+16
4.5037646e+16
4.4748481e+16
4.5706718e+16
4.5415968e+16
4.5037646e+16
4.4748481e+16
4.459467e+16
4.430659e+16
4.3931811e+16
4.3645407e+16
4.459467e+16
4.430659e+16
4.3931811e+16
4.3645407e+16
4.459467e+16
4.430659e+16
4.3931811e+16
4.3645407e+16
4.459467e+16
4.430659e+16
4.3931811e+16
4.3645407e+16
4.459467e+16
4.430659e+16
4.3931811e+16
4.3645407e+16
4.459467e+16
4.430659e+16
4.3931811e+16
4.3645407e+16
4.459467e+16
4.430659e+16
4.3931811e+16
4.3645407e+16
4.459467e+16
4.430659e+16
4.3931811e+16
4.3645407e+16
4.3493084e+16
4.3207825e+16
4.2836784e+16
4.2553289e+16
4.3493084e+16
4.3207825e+16
4.2836784e+16
4.2553289e+16
4.3493084e+16
4.3207825e+16
4.2836784e+16
4.2553289e+16
4.3493084e+16
4.3207825e+16
4.2836784e+16
4.2553289e+16
4.3493084e+16
4.3207825e+16
4.2836784e+16
4.2553289e+16
4.3493084e+16
4.3207825e+16
4.2836784e+16
4.2553289e+16
4.3493084e+16
4.3207825e+16
4.2836784e+16
4.2553289e+16
4.3493084e+16
4.3207825e+16
4.2836784e+16
4.2553289e+16
4.2402531e+16
4.2120237e+16
4.175312e+16
4.1472674e+16
4.2402531e+16
4.2120237e+16
4.175312e+16
4.1472674e+16
4.2402531e+16
4.2120237e+16
4.175312e+16
4.1472674e+16
4.2402531e+16
4.2120237e+16
4.175312e+16
4.1472674e+16
4.2402531e+16
4.2120237e+16
4.175312e+16
4.1472674e+16
4.2402531e+16
4.2120237e+16
4.175312e+16
4.1472674e+16
4.2402531e+16
4.2120237e+16
4.175312e+16
4.1472674e+16
4.2402531e+16
4.2120237e+16
4.175312e+16
4.1472674e+16
4.2402531e+16
4.2120237e+16
4.175312e+16
4.1472674e+16
4.2402531e+16
4.2120237e+16
4.175312e+16
4.1472674e+16
4.2402531e+16
4.2120237e+16
4.175312e+16
4.1472674e+16
4.2402531e+16
4.2120237e+16
4.175312e+16
4.1472674e+16
4.3493084e+16
4.3207825e+16
4.2836784e+16
4.2553289e+16
4.3493084e+16
4.3207825e+16
4.2836784e+16
4.2553289e+16
4.3493084e+16
4.3207825e+16
4.2836784e+16
4.2553289e+16
4.3493084e+16
4.3207825e+16
4.2836784e+16
4.2553289e+16
4.3493084e+16
4.3207825e+16
4.2836784e+16
4.2553289e+16
4.3493084e+16
4.3207825e+16
4.2836784e+16
4.2553289e+16
4.3493084e+16
4.3207825e+16
4.2836784e+16
4.2553289e+16
4.3493084e+16
4.3207825e+16
4.2836784e+16
4.2553289e+16
4.2402531e+16
4.2120237e+16
4.175312e+16
4.1472674e+16
4.2402531e+16
4.2120237e+16
4.175312e+16
4.1472674e+16
4.2402531e+16
4.2120237e+16
4.175312e+16
4.1472674e+16
4.2402531e+16
4.2120237e+16
4.175312e+16
4.1472674e+16
4.1323556e+16
4.1044365e+16
4.0681349e+16
4.0404086e+16
4.1323556e+16
4.1044365e+16
4.0681349e+16
4.0404086e+16
4.1323556e+16
4.1044365e+16
4.0681349e+16
4.0404086e+16
4.1323556e+16
4.1044365e+16
4.0681349e+16
4.0404086e+16
4.0256676e+16
3.998072e+16
3.9621972e+16
3.9348017e+16
4.0256676e+16
3.998072e+16
3.9621972e+16
3.9348017e+16
4.0256676e+16
3.998072e+16
3.9621972e+16
3.9348017e+16
4.0256676e+16
3.998072e+16
3.9621972e+16
3.9348017e+16
4.0256676e+16
3.998072e+16
3.9621972e+16
3.9348017e+16
4.0256676e+16
3.998072e+16
3.9621972e+16
3.9348017e+16
4.0256676e+16
3.998072e+16
3.9621972e+16
3.9348017e+16
4.0256676e+16
3.998072e+16
3.9621972e+16
3.9348017e+16
4.1323556e+16
4.1044365e+16
4.0681349e+16
4.0404086e+16
4.1323556e+16
4.1044365e+16
4.0681349e+16
4.0404086e+16
4.1323556e+16
4.1044365e+16
4.0681349e+16
4.0404086e+16
4.1323556e+16
4.1044365e+16
4.0681349e+16
4.0404086e+16
4.1323556e+16
4.1044365e+16
4.0681349e+16
4.0404086e+16
4.1323556e+16
4.1044365e+16
4.0681349e+16
4.0404086e+16
4.1323556e+16
4.1044365e+16
4.0681349e+16
4.0404086e+16
4.1323556e+16
4.1044365e+16
4.0681349e+16
4.0404086e+16
4.1323556e+16
4.1044365e+16
4.0681349e+16
4.0404086e+16
4.1323556e+16
4.1044365e+16
4.0681349e+16
4.0404086e+16
4.1323556e+16
4.1044365e+16
4.0681349e+16
4.0404086e+16
4.1323556e+16
4.1044365e+16
4.0681349e+16
4.0404086e+16
4.0256676e+16
3.998072e+16
3.9621972e+16
3.9348017e+16
4.0256676e+16
3.998072e+16
3.9621972e+16
3.9348017e+16
4.0256676e+16
3.998072e+16
3.9621972e+16
3.9348017e+16
4.0256676e+16
3.998072e+16
3.9621972e+16
3.9348017e+16
4.0256676e+16
3.998072e+16
3.9621972e+16
3.9348017e+16
4.0256676e+16
3.998072e+16
3.9621972e+16
3.9348017e+16
4.0256676e+16
3.998072e+16
3.9621972e+16
3.9348017e+16
4.0256676e+16
3.998072e+16
3.9621972e+16
3.9348017e+16
3.9202384e+16
3.8929785e+16
3.8575464e+16
3.8304937e+16
3.9202384e+16
3.8929785e+16
3.8575464e+16
3.8304937e+16
3.9202384e+16
3.8929785e+16
3.8575464e+16
3.8304937e+16
3.9202384e+16
3.8929785e+16
3.8575464e+16
3.8304937e+16
3.9202384e+16
3.8929785e+16
3.8575464e+16
3.8304937e+16
3.9202384e+16
3.8929785e+16
3.8575464e+16
3.8304937e+16
3.9202384e+16
3.8929785e+16
3.8575464e+16
3.8304937e+16
3.9202384e+16
3.8929785e+16
3.8575464e+16
3.8304937e+16
3.8161143e+16
3.7892017e+16
3.7542273e+16
3.7275286e+16
3.8161143e+16
3.7892017e+16
3.7542273e+16
3.7275286e+16
3.8161143e+16
3.7892017e+16
3.7542273e+16
3.7275286e+16
3.8161143e+16
3.7892017e+16
3.7542273e+16
3.7275286e+16
3.8161143e+16
3.7892017e+16
3.7542273e+16
3.7275286e+16
3.8161143e+16
3.7892017e+16
3.7542273e+16
3.7275286e+16
3.8161143e+16
3.7892017e+16
3.7542273e+16
3.7275286e+16
3.8161143e+16
3.7892017e+16
3.7542273e+16
3.7275286e+16
3.8161143e+16
3.7892017e+16
3.7542273e+16
3.7275286e+16
3.8161143e+16
3.7892017e+16
3.7542273e+16
3.7275286e+16
3.8161143e+16
3.7892017e+16
3.7542273e+16
3.7275286e+16
3.8161143e+16
3.7892017e+16
3.7542273e+16
3.7275286e+16
3.9202384e+16
3.8929785e+16
3.8575464e+16
3.8304937e+16
3.9202384e+16
3.8929785e+16
3.8575464e+16
3.8304937e+16
3.9202384e+16
3.8929785e+16
3.8575464e+16
3.8304937e+16
3.9202384e+16
3.8929785e+16
3.8575464e+16
3.8304937e+16
3.9202384e+16
3.8929785e+16
3.8575464e+16
3.8304937e+16
3.9202384e+16
3.8929785e+16
3.8575464e+16
3.8304937e+16
3.9202384e+16
3.8929785e+16
3.8575464e+16
3.8304937e+16
3.9202384e+16
3.8929785e+16
3.8575464e+16
3.8304937e+16
3.8161143e+16
3.7892017e+16
3.7542273e+16
3.7275286e+16
3.8161143e+16
3.7892017e+16
3.7542273e+16
3.7275286e+16
3.8161143e+16
3.7892017e+16
3.7542273e+16
3.7275286e+16
3.8161143e+16
3.7892017e+16
3.7542273e+16
3.7275286e+16
3.713339e+16
3.6867847e+16
3.6522819e+16
3.6259478e+16
3.713339e+16
3.6867847e+16
3.6522819e+16
3.6259478e+16
3.713339e+16
3.6867847e+16
3.6522819e+16
3.6259478e+16
3.713339e+16
3.6867847e+16
3.6522819e+16
3.6259478e+16
3.6119536e+16
3.5857678e+16
3.5517497e+16
3.5257899e+16
3.6119536e+16
3.5857678e+16
3.5517497e+16
3.5257899e+16
3.6119536e+16
3.5857678e+16
3.5517497e+16
3.5257899e+16
3.6119536e+16
3.5857678e+16
3.5517497e+16
3.5257899e+16
3.6119536e+16
3.5857678e+16
3.5517497e+16
3.5257899e+16
3.6119536e+16
3.5857678e+16
3.5517497e+16
3.5257899e+16
3.6119536e+16
3.5857678e+16
3.5517497e+16
3.5257899e+16
3.6119536e+16
3.5857678e+16
3.5517497e+16
3.5257899e+16
3.713339e+16
3.6867847e+16
3.6522819e+16
3.6259478e+16
3.713339e+16
3.6867847e+16
3.6522819e+16
3.6259478e+16
3.713339e+16
3.6867847e+16
3.6522819e+16
3.6259478e+16
3.713339e+16
3.6867847e+16
3.6522819e+16
3.6259478e+16
3.713339e+16
3.6867847e+16
3.6522819e+16
3.6259478e+16
3.713339e+16
3.6867847e+16
3.6522819e+16
3.6259478e+16
3.713339e+16
3.6867847e+16
3.6522819e+16
3.6259478e+16
3.713339e+16
3.6867847e+16
3.6522819e+16
3.6259478e+16
3.713339e+16
3.6867847e+16
3.6522819e+16
3.6259478e+16
3.713339e+16
3.6867847e+16
3.6522819e+16
3.6259478e+16
3.713339e+16
3.6867847e+16
3.6522819e+16
3.6259478e+16
3.713339e+16
3.6867847e+16
3.6522819e+16
3.6259478e+16
3.6119536e+16
3.5857678e+16
3.5517497e+16
3.5257899e+16
3.6119536e+16
3.5857678e+16
3.5517497e+16
3.5257899e+16
3.6119536e+16
3.5857678e+16
3.5517497e+16
3.5257899e+16
3.6119536e+16
3.5857678e+16
3.5517497e+16
3.5257899e+16
3.6119536e+16
3.5857678e+16
3.5517497e+16
3.5257899e+16
3.6119536e+16
3.5857678e+16
3.5517497e+16
3.5257899e+16
3.6119536e+16
3.5857678e+16
3.5517497e+16
3.5257899e+16
3.6119536e+16
3.5857678e+16
3.5517497e+16
3.5257899e+16
3.5119962e+16
3.4861886e+16
3.4526674e+16
3.4270911e+16
3.5119962e+16
3.4861886e+16
3.4526674e+16
3.4270911e+16
3.5119962e+16
3.4861886e+16
3.4526674e+16
3.4270911e+16
3.5119962e+16
3.4861886e+16
3.4526674e+16
3.4270911e+16
3.5119962e+16
3.4861886e+16
3.4526674e+16
3.4270911e+16
3.5119962e+16
3.4861886e+16
3.4526674e+16
3.4270911e+16
3.5119962e+16
3.4861886e+16
3.4526674e+16
3.4270911e+16
3.5119962e+16
3.4861886e+16
3.4526674e+16
3.4270911e+16
3.4135027e+16
3.3880821e+16
3.355069e+16
3.3298848e+16
3.4135027e+16
3.3880821e+16
3.355069e+16
3.3298848e+16
3.4135027e+16
3.3880821e+16
3.355069e+16
3.3298848e+16
3.4135027e+16
3.3880821e+16
3.355069e+16
3.3298848e+16
3.4135027e+16
3.3880821e+16
3.355069e+16
3.3298848e+16
3.4135027e+16
3.3880821e+16
3.355069e+16
3.3298848e+16
3.4135027e+16
3.3880821e+16
3.355069e+16
3.3298848e+16
3.4135027e+16
3.3880821e+16
3.355069e+16
3.3298848e+16
3.4135027e+16
3.3880821e+16
3.355069e+16
3.3298848e+16
3.4135027e+16
3.3880821e+16
3.355069e+16
3.3298848e+16
3.4135027e+16
3.3880821e+16
3.355069e+16
3.3298848e+16
3.4135027e+16
3.3880821e+16
3.355069e+16
3.3298848e+16
3.5119962e+16
3.4861886e+16
3.4526674e+16
3.4270911e+16
3.5119962e+16
3.4861886e+16
3.4526674e+16
3.4270911e+16
3.5119962e+16
3.4861886e+16
3.4526674e+16
3.4270911e+16
3.5119962e+16
3.4861886e+16
3.4526674e+16
3.4270911e+16
3.5119962e+16
3.4861886e+16
3.4526674e+16
3.4270911e+16
3.5119962e+16
3.4861886e+16
3.4526674e+16
3.4270911e+16
3.5119962e+16
3.4861886e+16
3.4526674e+16
3.4270911e+16
3.5119962e+16
3.4861886e+16
3.4526674e+16
3.4270911e+16
3.4135027e+16
3.3880821e+16
3.355069e+16
3.3298848e+16
3.4135027e+16
3.3880821e+16
3.355069e+16
3.3298848e+16
3.4135027e+16
3.3880821e+16
3.355069e+16
3.3298848e+16
3.4135027e+16
3.3880821e+16
3.355069e+16
3.3298848e+16
3.3165061e+16
3.2914806e+16
3.2589861e+16
3.2342016e+16
3.3165061e+16
3.2914806e+16
3.2589861e+16
3.2342016e+16
3.3165061e+16
3.2914806e+16
3.2589861e+16
3.2342016e+16
3.3165061e+16
3.2914806e+16
3.2589861e+16
3.2342016e+16
3.2210367e+16
3.1964139e+16
3.1644474e+16
3.1400697e+16
3.2210367e+16
3.1964139e+16
3.1644474e+16
3.1400697e+16
3.2210367e+16
3.1964139e+16
3.1644474e+16
3.1400697e+16
3.2210367e+16
3.1964139e+16
3.1644474e+16
3.1400697e+16
3.2210367e+16
3.1964139e+16
3.1644474e+16
3.1400697e+16
3.2210367e+16
3.1964139e+16
3.1644474e+16
3.1400697e+16
3.2210367e+16
3.1964139e+16
3.1644474e+16
3.1400697e+16
3.2210367e+16
3.1964139e+16
3.1644474e+16
3.1400697e+16
3.3165061e+16
3.2914806e+16
3.2589861e+16
3.2342016e+16
3.3165061e+16
3.2914806e+16
3.2589861e+16
3.2342016e+16
3.3165061e+16
3.2914806e+16
3.2589861e+16
3.2342016e+16
3.3165061e+16
3.2914806e+16
3.2589861e+16
3.2342016e+16
3.3165061e+16
3.2914806e+16
3.2589861e+16
3.2342016e+16
3.3165061e+16
3.2914806e+16
3.2589861e+16
3.2342016e+16
3.3165061e+16
3.2914806e+16
3.2589861e+16
3.2342016e+16
3.3165061e+16
3.2914806e+16
3.2589861e+16
3.2342016e+16
3.3165061e+16
3.2914806e+16
3.2589861e+16
3.2342016e+16
3.3165061e+16
3.2914806e+16
3.2589861e+16
3.2342016e+16
3.3165061e+16
3.2914806e+16
3.2589861e+16
3.2342016e+16
3.3165061e+16
3.2914806e+16
3.2589861e+16
3.2342016e+16
3.2210367e+16
3.1964139e+16
3.1644474e+16
3.1400697e+16
3.2210367e+16
3.1964139e+16
3.1644474e+16
3.1400697e+16
3.2210367e+16
3.1964139e+16
3.1644474e+16
3.1400697e+16
3.2210367e+16
3.1964139e+16
3.1644474e+16
3.1400697e+16
3.2210367e+16
3.1964139e+16
3.1644474e+16
3.1400697e+16
3.2210367e+16
3.1964139e+16
3.1644474e+16
3.1400697e+16
3.2210367e+16
3.1964139e+16
3.1644474e+16
3.1400697e+16
3.2210367e+16
3.1964139e+16
3.1644474e+16
3.1400697e+16
3.1271224e+16
3.102909e+16
3.0714793e+16
3.0475149e+16
3.1271224e+16
3.102909e+16
3.0714793e+16
3.0475149e+16
3.1271224e+16
3.102909e+16
3.0714793e+16
3.0475149e+16
3.1271224e+16
3.102909e+16
3.0714793e+16
3.0475149e+16
3.1271224e+16
3.102909e+16
3.0714793e+16
3.0475149e+16
3.1271224e+16
3.102909e+16
3.0714793e+16
3.0475149e+16
3.1271224e+16
3.102909e+16
3.0714793e+16
3.0475149e+16
3.1271224e+16
3.102909e+16
3.0714793e+16
3.0475149e+16
3.0347884e+16
3.0109906e+16
2.9801055e+16
2.95656e+16
3.0347884e+16
3.0109906e+16
2.9801055e+16
2.95656e+16
3.0347884e+16
3.0109906e+16
2.9801055e+16
2.95656e+16
3.0347884e+16
3.0109906e+16
2.9801055e+16
2.95656e+16
3.0347884e+16
3.0109906e+16
2.9801055e+16
2.95656e+16
3.0347884e+16
3.0109906e+16
2.9801055e+16
2.95656e+16
3.0347884e+16
3.0109906e+16
2.9801055e+16
2.95656e+16
3.0347884e+16
3.0109906e+16
2.9801055e+16
2.95656e+16
3.0347884e+16
3.0109906e+16
2.9801055e+16
2.95656e+16
3.0347884e+16
3.0109906e+16
2.9801055e+16
2.95656e+16
3.0347884e+16
3.0109906e+16
2.9801055e+16
2.95656e+16
3.0347884e+16
3.0109906e+16
2.9801055e+16
2.95656e+16
3.1271224e+16
3.102909e+16
3.0714793e+16
3.0475149e+16
3.1271224e+16
3.102909e+16
3.0714793e+16
3.0475149e+16
3.1271224e+16
3.102909e+16
3.0714793e+16
3.0475149e+16
3.1271224e+16
3.102909e+16
3.0714793e+16
3.0475149e+16
3.1271224e+16
3.102909e+16
3.0714793e+16
3.0475149e+16
3.1271224e+16
3.102909e+16
3.0714793e+16
3.0475149e+16
3.1271224e+16
3.102909e+16
3.0714793e+16
3.0475149e+16
3.1271224e+16
3.102909e+16
3.0714793e+16
3.0475149e+16
3.0347884e+16
3.0109906e+16
2.9801055e+16
2.95656e+16
3.0347884e+16
3.0109906e+16
2.9801055e+16
2.95656e+16
3.0347884e+16
3.0109906e+16
2.9801055e+16
2.95656e+16
3.0347884e+16
3.0109906e+16
2.9801055e+16
2.95656e+16
2.9440574e+16
2.9206808e+16
2.8903471e+16
2.8672258e+16
2.9440574e+16
2.9206808e+16
2.8903471e+16
2.8672258e+16
2.9440574e+16
2.9206808e+16
2.8903471e+16
2.8672258e+16
2.9440574e+16
2.9206808e+16
2.8903471e+16
2.8672258e+16
2.8549497e+16
2.8319992e+16
2.8022231e+16
2.7795304e+16
2.8549497e+16
2.8319992e+16
2.8022231e+16
2.7795304e+16
2.8549497e+16
2.8319992e+16
2.8022231e+16
2.7795304e+16
2.8549497e+16
2.8319992e+16
2.8022231e+16
2.7795304e+16
2.8549497e+16
2.8319992e+16
2.8022231e+16
2.7795304e+16
2.8549497e+16
2.8319992e+16
2.8022231e+16
2.7795304e+16
2.8549497e+16
2.8319992e+16
2.8022231e+16
2.7795304e+16
2.8549497e+16
2.8319992e+16
2.8022231e+16
2.7795304e+16
2.9440574e+16
2.9206808e+16
2.8903471e+16
2.8672258e+16
2.9440574e+16
2.9206808e+16
2.8903471e+16
2.8672258e+16
2.9440574e+16
2.9206808e+16
2.8903471e+16
2.8672258e+16
2.9440574e+16
2.9206808e+16
2.8903471e+16
2.8672258e+16
2.9440574e+16
2.9206808e+16
2.8903471e+16
2.8672258e+16
2.9440574e+16
2.9206808e+16
2.8903471e+16
2.8672258e+16
2.9440574e+16
2.9206808e+16
2.8903471e+16
2.8672258e+16
2.9440574e+16
2.9206808e+16
2.8903471e+16
2.8672258e+16
2.9440574e+16
2.9206808e+16
2.8903471e+16
2.8672258e+16
2.9440574e+16
2.9206808e+16
2.8903471e+16
2.8672258e+16
2.9440574e+16
2.9206808e+16
2.8903471e+16
2.8672258e+16
2.9440574e+16
2.9206808e+16
2.8903471e+16
2.8672258e+16
2.8549497e+16
2.8319992e+16
2.8022231e+16
2.7795304e+16
2.8549497e+16
2.8319992e+16
2.8022231e+16
2.7795304e+16
2.8549497e+16
2.8319992e+16
2.8022231e+16
2.7795304e+16
2.8549497e+16
2.8319992e+16
2.8022231e+16
2.7795304e+16
2.8549497e+16
2.8319992e+16
2.8022231e+16
2.7795304e+16
2.8549497e+16
2.8319992e+16
2.8022231e+16
2.7795304e+16
2.8549497e+16
2.8319992e+16
2.8022231e+16
2.7795304e+16
2.8549497e+16
2.8319992e+16
2.8022231e+16
2.7795304e+16
2.7674832e+16
2.7449629e+16
2.7157497e+16
2.6934895e+16
2.7674832e+16
2.7449629e+16
2.7157497e+16
2.6934895e+16
2.7674832e+16
2.7449629e+16
2.7157497e+16
2.6934895e+16
2.7674832e+16
2.7449629e+16
2.7157497e+16
2.6934895e+16
2.7674832e+16
2.7449629e+16
2.7157497e+16
2.6934895e+16
2.7674832e+16
2.7449629e+16
2.7157497e+16
2.6934895e+16
2.7674832e+16
2.7449629e+16
2.7157497e+16
2.6934895e+16
2.7674832e+16
2.7449629e+16
2.7157497e+16
2.6934895e+16
2.6816732e+16
2.6595867e+16
2.6309409e+16
2.6091165e+16
2.6816732e+16
2.6595867e+16
2.6309409e+16
2.6091165e+16
2.6816732e+16
2.6595867e+16
2.6309409e+16
2.6091165e+16
2.6816732e+16
2.6595867e+16
2.6309409e+16
2.6091165e+16
2.6816732e+16
2.6595867e+16
2.6309409e+16
2.6091165e+16
2.6816732e+16
2.6595867e+16
2.6309409e+16
2.6091165e+16
2.6816732e+16
2.6595867e+16
2.6309409e+16
2.6091165e+16
2.6816732e+16
2.6595867e+16
2.6309409e+16
2.6091165e+16
2.6816732e+16
2.6595867e+16
2.6309409e+16
2.6091165e+16
2.6816732e+16
2.6595867e+16
2.6309409e+16
2.6091165e+16
2.6816732e+16
2.6595867e+16
2.6309409e+16
2.6091165e+16
2.6816732e+16
2.6595867e+16
2.6309409e+16
2.6091165e+16
2.7674832e+16
2.7449629e+16
2.7157497e+16
2.6934895e+16
2.7674832e+16
2.7449629e+16
2.7157497e+16
2.6934895e+16
2.7674832e+16
2.7449629e+16
2.7157497e+16
2.6934895e+16
2.7674832e+16
2.7449629e+16
2.7157497e+16
2.6934895e+16
2.7674832e+16
2.7449629e+16
2.7157497e+16
2.6934895e+16
2.7674832e+16
2.7449629e+16
2.7157497e+16
2.6934895e+16
2.7674832e+16
2.7449629e+16
2.7157497e+16
2.6934895e+16
2.7674832e+16
2.7449629e+16
2.7157497e+16
2.6934895e+16
2.6816732e+16
2.6595867e+16
2.6309409e+16
2.6091165e+16
2.6816732e+16
2.6595867e+16
2.6309409e+16
2.6091165e+16
2.6816732e+16
2.6595867e+16
2.6309409e+16
2.6091165e+16
2.6816732e+16
2.6595867e+16
2.6309409e+16
2.6091165e+16
2.5975327e+16
2.5758832e+16
2.5478085e+16
2.5264226e+16
2.5975327e+16
2.5758832e+16
2.5478085e+16
2.5264226e+16
2.5975327e+16
2.5758832e+16
2.5478085e+16
2.5264226e+16
2.5975327e+16
2.5758832e+16
2.5478085e+16
2.5264226e+16
2.5150727e+16
2.4938625e+16
2.4663619e+16
2.4454165e+16
2.5150727e+16
2.4938625e+16
2.4663619e+16
2.4454165e+16
2.5150727e+16
2.4938625e+16
2.4663619e+16
2.4454165e+16
2.5150727e+16
2.4938625e+16
2.4663619e+16
2.4454165e+16
2.5150727e+16
2.4938625e+16
2.4663619e+16
2.4454165e+16
2.5150727e+16
2.4938625e+16
2.4663619e+16
2.4454165e+16
2.5150727e+16
2.4938625e+16
2.4663619e+16
2.4454165e+16
2.5150727e+16
2.4938625e+16
2.4663619e+16
2.4454165e+16
2.5975327e+16
2.5758832e+16
2.5478085e+16
2.5264226e+16
2.5975327e+16
2.5758832e+16
2.5478085e+16
2.5264226e+16
2.5975327e+16
2.5758832e+16
2.5478085e+16
2.5264226e+16
2.5975327e+16
2.5758832e+16
2.5478085e+16
2.5264226e+16
2.5975327e+16
2.5758832e+16
2.5478085e+16
2.5264226e+16
2.5975327e+16
2.5758832e+16
2.5478085e+16
2.5264226e+16
2.5975327e+16
2.5758832e+16
2.5478085e+16
2.5264226e+16
2.5975327e+16
2.5758832e+16
2.5478085e+16
2.5264226e+16
2.5975327e+16
2.5758832e+16
2.5478085e+16
2.5264226e+16
2.5975327e+16
2.5758832e+16
2.5478085e+16
2.5264226e+16
2.5975327e+16
2.5758832e+16
2.5478085e+16
2.5264226e+16
2.5975327e+16
2.5758832e+16
2.5478085e+16
2.5264226e+16
2.5150727e+16
2.4938625e+16
2.4663619e+16
2.4454165e+16
2.5150727e+16
2.4938625e+16
2.4663619e+16
2.4454165e+16
2.5150727e+16
2.4938625e+16
2.4663619e+16
2.4454165e+16
2.5150727e+16
2.4938625e+16
2.4663619e+16
2.4454165e+16
2.5150727e+16
2.4938625e+16
2.4663619e+16
2.4454165e+16
2.5150727e+16
2.4938625e+16
2.4663619e+16
2.4454165e+16
2.5150727e+16
2.4938625e+16
2.4663619e+16
2.4454165e+16
2.5150727e+16
2.4938625e+16
2.4663619e+16
2.4454165e+16
2.4343016e+16
2.4135327e+16
2.3866083e+16
2.366105e+16
2.4343016e+16
2.4135327e+16
2.3866083e+16
2.366105e+16
2.4343016e+16
2.4135327e+16
2.3866083e+16
2.366105e+16
2.4343016e+16
2.4135327e+16
2.3866083e+16
2.366105e+16
2.4343016e+16
2.4135327e+16
2.3866083e+16
2.366105e+16
2.4343016e+16
2.4135327e+16
2.3866083e+16
2.366105e+16
2.4343016e+16
2.4135327e+16
2.3866083e+16
2.366105e+16
2.4343016e+16
2.4135327e+16
2.3866083e+16
2.366105e+16
2.3552258e+16
2.3348995e+16
2.3085529e+16
2.2884927e+16
2.3552258e+16
2.3348995e+16
2.3085529e+16
2.2884927e+16
2.3552258e+16
2.3348995e+16
2.3085529e+16
2.2884927e+16
2.3552258e+16
2.3348995e+16
2.3085529e+16
2.2884927e+16
2.3552258e+16
2.3348995e+16
2.3085529e+16
2.2884927e+16
2.3552258e+16
2.3348995e+16
2.3085529e+16
2.2884927e+16
2.3552258e+16
2.3348995e+16
2.3085529e+16
2.2884927e+16
2.3552258e+16
2.3348995e+16
2.3085529e+16
2.2884927e+16
2.3552258e+16
2.3348995e+16
2.3085529e+16
2.2884927e+16
2.3552258e+16
2.3348995e+16
2.3085529e+16
2.2884927e+16
2.3552258e+16
2.3348995e+16
2.3085529e+16
2.2884927e+16
2.3552258e+16
2.3348995e+16
2.3085529e+16
2.2884927e+16
2.4343016e+16
2.4135327e+16
2.3866083e+16
2.366105e+16
2.4343016e+16
2.4135327e+16
2.3866083e+16
2.366105e+16
2.4343016e+16
2.4135327e+16
2.3866083e+16
2.366105e+16
2.4343016e+16
2.4135327e+16
2.3866083e+16
2.366105e+16
2.4343016e+16
2.4135327e+16
2.3866083e+16
2.366105e+16
2.4343016e+16
2.4135327e+16
2.3866083e+16
2.366105e+16
2.4343016e+16
2.4135327e+16
2.3866083e+16
2.366105e+16
2.4343016e+16
2.4135327e+16
2.3866083e+16
2.366105e+16
2.3552258e+16
2.3348995e+16
2.3085529e+16
2.2884927e+16
2.3552258e+16
2.3348995e+16
2.3085529e+16
2.2884927e+16
2.3552258e+16
2.3348995e+16
2.3085529e+16
2.2884927e+16
2.3552258e+16
2.3348995e+16
2.3085529e+16
2.2884927e+16
2.2778497e+16
2.2579666e+16
2.2321986e+16
2.212582e+16
2.2778497e+16
2.2579666e+16
2.2321986e+16
2.212582e+16
2.2778497e+16
2.2579666e+16
2.2321986e+16
2.212582e+16
2.2778497e+16
2.2579666e+16
2.2321986e+16
2.212582e+16
2.2021753e+16
2.1827359e+16
2.1575465e+16
2.1383734e+16
2.2021753e+16
2.1827359e+16
2.1575465e+16
2.1383734e+16
2.2021753e+16
2.1827359e+16
2.1575465e+16
2.1383734e+16
2.2021753e+16
2.1827359e+16
2.1575465e+16
2.1383734e+16
2.2021753e+16
2.1827359e+16
2.1575465e+16
2.1383734e+16
2.2021753e+16
2.1827359e+16
2.1575465e+16
2.1383734e+16
2.2021753e+16
2.1827359e+16
2.1575465e+16
2.1383734e+16
2.2021753e+16
2.1827359e+16
2.1575465e+16
2.1383734e+16
2.2778497e+16
2.2579666e+16
2.2321986e+16
2.212582e+16
2.2778497e+16
2.2579666e+16
2.2321986e+16
2.212582e+16
2.2778497e+16
2.2579666e+16
2.2321986e+16
2.212582e+16
2.2778497e+16
2.2579666e+16
2.2321986e+16
2.212582e+16
2.2778497e+16
2.2579666e+16
2.2321986e+16
2.212582e+16
2.2778497e+16
2.2579666e+16
2.2321986e+16
2.212582e+16
2.2778497e+16
2.2579666e+16
2.2321986e+16
2.212582e+16
2.2778497e+16
2.2579666e+16
2.2321986e+16
2.212582e+16
2.2778497e+16
2.2579666e+16
2.2321986e+16
2.212582e+16
2.2778497e+16
2.2579666e+16
2.2321986e+16
2.212582e+16
2.2778497e+16
2.2579666e+16
2.2321986e+16
2.212582e+16
2.2778497e+16
2.2579666e+16
2.2321986e+16
2.212582e+16
2.2021753e+16
2.1827359e+16
2.1575465e+16
2.1383734e+16
2.2021753e+16
2.1827359e+16
2.1575465e+16
2.1383734e+16
2.2021753e+16
2.1827359e+16
2.1575465e+16
2.1383734e+16
2.2021753e+16
2.1827359e+16
2.1575465e+16
2.1383734e+16
2.2021753e+16
2.1827359e+16
2.1575465e+16
2.1383734e+16
2.2021753e+16
2.1827359e+16
2.1575465e+16
2.1383734e+16
2.2021753e+16
2.1827359e+16
2.1575465e+16
2.1383734e+16
2.2021753e+16
2.1827359e+16
2.1575465e+16
2.1383734e+16
2.128203e+16
2.1092069e+16
2.0845957e+16
2.0658655e+16
2.128203e+16
2.1092069e+16
2.0845957e+16
2.0658655e+16
2.128203e+16
2.1092069e+16
2.0845957e+16
2.0658655e+16
2.128203e+16
2.1092069e+16
2.0845957e+16
2.0658655e+16
2.128203e+16
2.1092069e+16
2.0845957e+16
2.0658655e+16
2.128203e+16
2.1092069e+16
2.0845957e+16
2.0658655e+16
2.128203e+16
2.1092069e+16
2.0845957e+16
2.0658655e+16
2.128203e+16
2.1092069e+16
2.0845957e+16
2.0658655e+16
2.0559311e+16
2.0373775e+16
2.0133433e+16
1.9950549e+16
2.0559311e+16
2.0373775e+16
2.0133433e+16
1.9950549e+16
2.0559311e+16
2.0373775e+16
2.0133433e+16
1.9950549e+16
2.0559311e+16
2.0373775e+16
2.0133433e+16
1.9950549e+16
2.0559311e+16
2.0373775e+16
2.0133433e+16
1.9950549e+16
2.0559311e+16
2.0373775e+16
2.0133433e+16
1.9950549e+16
2.0559311e+16
2.0373775e+16
2.0133433e+16
1.9950549e+16
2.0559311e+16
2.0373775e+16
2.0133433e+16
1.9950549e+16
2.0559311e+16
2.0373775e+16
2.0133433e+16
1.9950549e+16
2.0559311e+16
2.0373775e+16
2.0133433e+16
1.9950549e+16
2.0559311e+16
2.0373775e+16
2.0133433e+16
1.9950549e+16
2.0559311e+16
2.0373775e+16
2.0133433e+16
1.9950549e+16
2.128203e+16
2.1092069e+16
2.0845957e+16
2.0658655e+16
2.128203e+16
2.1092069e+16
2.0845957e+16
2.0658655e+16
2.128203e+16
2.1092069e+16
2.0845957e+16
2.0658655e+16
2.128203e+16
2.1092069e+16
2.0845957e+16
2.0658655e+16
2.128203e+16
2.1092069e+16
2.0845957e+16
2.0658655e+16
2.128203e+16
2.1092069e+16
2.0845957e+16
2.0658655e+16
2.128203e+16
2.1092069e+16
2.0845957e+16
2.0658655e+16
2.128203e+16
2.1092069e+16
2.0845957e+16
2.0658655e+16
2.0559311e+16
2.0373775e+16
2.0133433e+16
1.9950549e+16
2.0559311e+16
2.0373775e+16
2.0133433e+16
1.9950549e+16
2.0559311e+16
2.0373775e+16
2.0133433e+16
1.9950549e+16
2.0559311e+16
2.0373775e+16
2.0133433e+16
1.9950549e+16
1.9853559e+16
1.9672436e+16
1.9437847e+16
1.9259367e+16
1.9853559e+16
1.9672436e+16
1.9437847e+16
1.9259367e+16
1.9853559e+16
1.9672436e+16
1.9437847e+16
1.9259367e+16
1.9853559e+16
1.9672436e+16
1.9437847e+16
1.9259367e+16
1.9164722e+16
1.8987996e+16
1.8759135e+16
1.858504e+16
1.9164722e+16
1.8987996e+16
1.8759135e+16
1.858504e+16
1.9164722e+16
1.8987996e+16
1.8759135e+16
1.858504e+16
1.9164722e+16
1.8987996e+16
1.8759135e+16
1.858504e+16
1.9164722e+16
1.8987996e+16
1.8759135e+16
1.858504e+16
1.9164722e+16
1.8987996e+16
1.8759135e+16
1.858504e+16
1.9164722e+16
1.8987996e+16
1.8759135e+16
1.858504e+16
1.9164722e+16
1.8987996e+16
1.8759135e+16
1.858504e+16
1.9853559e+16
1.9672436e+16
1.9437847e+16
1.9259367e+16
1.9853559e+16
1.9672436e+16
1.9437847e+16
1.9259367e+16
1.9853559e+16
1.9672436e+16
1.9437847e+16
1.9259367e+16
1.9853559e+16
1.9672436e+16
1.9437847e+16
1.9259367e+16
1.9853559e+16
1.9672436e+16
1.9437847e+16
1.9259367e+16
1.9853559e+16
1.9672436e+16
1.9437847e+16
1.9259367e+16
1.9853559e+16
1.9672436e+16
1.9437847e+16
1.9259367e+16
1.9853559e+16
1.9672436e+16
1.9437847e+16
1.9259367e+16
1.9853559e+16
1.9672436e+16
1.9437847e+16
1.9259367e+16
1.9853559e+16
1.9672436e+16
1.9437847e+16
1.9259367e+16
1.9853559e+16
1.9672436e+16
1.9437847e+16
1.9259367e+16
1.9853559e+16
1.9672436e+16
1.9437847e+16
1.9259367e+16
1.9164722e+16
1.8987996e+16
1.8759135e+16
1.858504e+16
1.9164722e+16
1.8987996e+16
1.8759135e+16
1.858504e+16
1.9164722e+16
1.8987996e+16
1.8759135e+16
1.858504e+16
1.9164722e+16
1.8987996e+16
1.8759135e+16
1.858504e+16
1.9164722e+16
1.8987996e+16
1.8759135e+16
1.858504e+16
1.9164722e+16
1.8987996e+16
1.8759135e+16
1.858504e+16
1.9164722e+16
1.8987996e+16
1.8759135e+16
1.858504e+16
1.9164722e+16
1.8987996e+16
1.8759135e+16
1.858504e+16
1.8492729e+16
1.8320379e+16
1.8097218e+16
1.7927483e+16
1.8492729e+16
1.8320379e+16
1.8097218e+16
1.7927483e+16
1.8492729e+16
1.8320379e+16
1.8097218e+16
1.7927483e+16
1.8492729e+16
1.8320379e+16
1.8097218e+16
1.7927483e+16
1.8492729e+16
1.8320379e+16
1.8097218e+16
1.7927483e+16
1.8492729e+16
1.8320379e+16
1.8097218e+16
1.7927483e+16
1.8492729e+16
1.8320379e+16
1.8097218e+16
1.7927483e+16
1.8492729e+16
1.8320379e+16
1.8097218e+16
1.7927483e+16
1.7837493e+16
1.7669493e+16
1.7451997e+16
1.7286595e+16
1.7837493e+16
1.7669493e+16
1.7451997e+16
1.7286595e+16
1.7837493e+16
1.7669493e+16
1.7451997e+16
1.7286595e+16
1.7837493e+16
1.7669493e+16
1.7451997e+16
1.7286595e+16
1.7837493e+16
1.7669493e+16
1.7451997e+16
1.7286595e+16
1.7837493e+16
1.7669493e+16
1.7451997e+16
1.7286595e+16
1.7837493e+16
1.7669493e+16
1.7451997e+16
1.7286595e+16
1.7837493e+16
1.7669493e+16
1.7451997e+16
1.7286595e+16
1.7837493e+16
1.7669493e+16
1.7451997e+16
1.7286595e+16
1.7837493e+16
1.7669493e+16
1.7451997e+16
1.7286595e+16
1.7837493e+16
1.7669493e+16
1.7451997e+16
1.7286595e+16
1.7837493e+16
1.7669493e+16
1.7451997e+16
1.7286595e+16
1.8492729e+16
1.8320379e+16
1.8097218e+16
1.7927483e+16
1.8492729e+16
1.8320379e+16
1.8097218e+16
1.7927483e+16
1.8492729e+16
1.8320379e+16
1.8097218e+16
1.7927483e+16
1.8492729e+16
1.8320379e+16
1.8097218e+16
1.7927483e+16
1.8492729e+16
1.8320379e+16
1.8097218e+16
1.7927483e+16
1.8492729e+16
1.8320379e+16
1.8097218e+16
1.7927483e+16
1.8492729e+16
1.8320379e+16
1.8097218e+16
1.7927483e+16
1.8492729e+16
1.8320379e+16
1.8097218e+16
1.7927483e+16
1.7837493e+16
1.7669493e+16
1.7451997e+16
1.7286595e+16
1.7837493e+16
1.7669493e+16
1.7451997e+16
1.7286595e+16
1.7837493e+16
1.7669493e+16
1.7451997e+16
1.7286595e+16
1.7837493e+16
1.7669493e+16
1.7451997e+16
1.7286595e+16
1.7198911e+16
1.7035232e+16
1.6823361e+16
1.6662261e+16
1.7198911e+16
1.7035232e+16
1.6823361e+16
1.6662261e+16
1.7198911e+16
1.7035232e+16
1.6823361e+16
1.6662261e+16
1.7198911e+16
1.7035232e+16
1.6823361e+16
1.6662261e+16
1.6576866e+16
1.6417475e+16
1.6211184e+16
1.6054351e+16
1.6576866e+16
1.6417475e+16
1.6211184e+16
1.6054351e+16
1.6576866e+16
1.6417475e+16
1.6211184e+16
1.6054351e+16
1.6576866e+16
1.6417475e+16
1.6211184e+16
1.6054351e+16
1.6576866e+16
1.6417475e+16
1.6211184e+16
1.6054351e+16
1.6576866e+16
1.6417475e+16
1.6211184e+16
1.6054351e+16
1.6576866e+16
1.6417475e+16
1.6211184e+16
1.6054351e+16
1.6576866e+16
1.6417475e+16
1.6211184e+16
1.6054351e+16
1.7198911e+16
1.7035232e+16
1.6823361e+16
1.6662261e+16
1.7198911e+16
1.7035232e+16
1.6823361e+16
1.6662261e+16
1.7198911e+16
1.7035232e+16
1.6823361e+16
1.6662261e+16
1.7198911e+16
1.7035232e+16
1.6823361e+16
1.6662261e+16
1.7198911e+16
1.7035232e+16
1.6823361e+16
1.6662261e+16
1.7198911e+16
1.7035232e+16
1.6823361e+16
1.6662261e+16
1.7198911e+16
1.7035232e+16
1.6823361e+16
1.6662261e+16
1.7198911e+16
1.7035232e+16
1.6823361e+16
1.6662261e+16
1.7198911e+16
1.7035232e+16
1.6823361e+16
1.6662261e+16
1.7198911e+16
1.7035232e+16
1.6823361e+16
1.6662261e+16
1.7198911e+16
1.7035232e+16
1.6823361e+16
1.6662261e+16
1.7198911e+16
1.7035232e+16
1.6823361e+16
1.6662261e+16
1.6576866e+16
1.6417475e+16
1.6211184e+16
1.6054351e+16
1.6576866e+16
1.6417475e+16
1.6211184e+16
1.6054351e+16
1.6576866e+16
1.6417475e+16
1.6211184e+16
1.6054351e+16
1.6576866e+16
1.6417475e+16
1.6211184e+16
1.6054351e+16
1.6576866e+16
1.6417475e+16
1.6211184e+16
1.6054351e+16
1.6576866e+16
1.6417475e+16
1.6211184e+16
1.6054351e+16
1.6576866e+16
1.6417475e+16
1.6211184e+16
1.6054351e+16
1.6576866e+16
1.6417475e+16
1.6211184e+16
1.6054351e+16
1.5971225e+16
1.5816085e+16
1.5615326e+16
1.546272e+16
1.5971225e+16
1.5816085e+16
1.5615326e+16
1.546272e+16
1.5971225e+16
1.5816085e+16
1.5615326e+16
1.546272e+16
1.5971225e+16
1.5816085e+16
1.5615326e+16
1.546272e+16
1.5971225e+16
1.5816085e+16
1.5615326e+16
1.546272e+16
1.5971225e+16
1.5816085e+16
1.5615326e+16
1.546272e+16
1.5971225e+16
1.5816085e+16
1.5615326e+16
1.546272e+16
1.5971225e+16
1.5816085e+16
1.5615326e+16
1.546272e+16
1.5381842e+16
1.5230913e+16
1.5035632e+16
1.4887211e+16
1.5381842e+16
1.5230913e+16
1.5035632e+16
1.4887211e+16
1.5381842e+16
1.5230913e+16
1.5035632e+16
1.4887211e+16
1.5381842e+16
1.5230913e+16
1.5035632e+16
1.4887211e+16
1.5381842e+16
1.5230913e+16
1.5035632e+16
1.4887211e+16
1.5381842e+16
1.5230913e+16
1.5035632e+16
1.4887211e+16
1.5381842e+16
1.5230913e+16
1.5035632e+16
1.4887211e+16
1.5381842e+16
1.5230913e+16
1.5035632e+16
1.4887211e+16
1.5381842e+16
1.5230913e+16
1.5035632e+16
1.4887211e+16
1.5381842e+16
1.5230913e+16
1.5035632e+16
1.4887211e+16
1.5381842e+16
1.5230913e+16
1.5035632e+16
1.4887211e+16
1.5381842e+16
1.5230913e+16
1.5035632e+16
1.4887211e+16
1.5971225e+16
1.5816085e+16
1.5615326e+16
1.546272e+16
1.5971225e+16
1.5816085e+16
1.5615326e+16
1.546272e+16
1.5971225e+16
1.5816085e+16
1.5615326e+16
1.546272e+16
1.5971225e+16
1.5816085e+16
1.5615326e+16
1.546272e+16
1.5971225e+16
1.5816085e+16
1.5615326e+16
1.546272e+16
1.5971225e+16
1.5816085e+16
1.5615326e+16
1.546272e+16
1.5971225e+16
1.5816085e+16
1.5615326e+16
1.546272e+16
1.5971225e+16
1.5816085e+16
1.5615326e+16
1.546272e+16
1.5381842e+16
1.5230913e+16
1.5035632e+16
1.4887211e+16
1.5381842e+16
1.5230913e+16
1.5035632e+16
1.4887211e+16
1.5381842e+16
1.5230913e+16
1.5035632e+16
1.4887211e+16
1.5381842e+16
1.5230913e+16
1.5035632e+16
1.4887211e+16
1.480856e+16
1.4661798e+16
1.4471937e+16
1.4327656e+16
1.480856e+16
1.4661798e+16
1.4471937e+16
1.4327656e+16
1.480856e+16
1.4661798e+16
1.4471937e+16
1.4327656e+16
1.480856e+16
1.4661798e+16
1.4471937e+16
1.4327656e+16
1.4251206e+16
1.4108566e+16
1.3924062e+16
1.3783873e+16
1.4251206e+16
1.4108566e+16
1.3924062e+16
1.3783873e+16
1.4251206e+16
1.4108566e+16
1.3924062e+16
1.3783873e+16
1.4251206e+16
1.4108566e+16
1.3924062e+16
1.3783873e+16
1.4251206e+16
1.4108566e+16
1.3924062e+16
1.3783873e+16
1.4251206e+16
1.4108566e+16
1.3924062e+16
1.3783873e+16
1.4251206e+16
1.4108566e+16
1.3924062e+16
1.3783873e+16
1.4251206e+16
1.4108566e+16
1.3924062e+16
1.3783873e+16
1.480856e+16
1.4661798e+16
1.4471937e+16
1.4327656e+16
1.480856e+16
1.4661798e+16
1.4471937e+16
1.4327656e+16
1.480856e+16
1.4661798e+16
1.4471937e+16
1.4327656e+16
1.480856e+16
1.4661798e+16
1.4471937e+16
1.4327656e+16
1.480856e+16
1.4661798e+16
1.4471937e+16
1.4327656e+16
1.480856e+16
1.4661798e+16
1.4471937e+16
1.4327656e+16
1.480856e+16
1.4661798e+16
1.4471937e+16
1.4327656e+16
1.480856e+16
1.4661798e+16
1.4471937e+16
1.4327656e+16
1.480856e+16
1.4661798e+16
1.4471937e+16
1.4327656e+16
1.480856e+16
1.4661798e+16
1.4471937e+16
1.4327656e+16
1.480856e+16
1.4661798e+16
1.4471937e+16
1.4327656e+16
1.480856e+16
1.4661798e+16
1.4471937e+16
1.4327656e+16
1.4251206e+16
1.4108566e+16
1.3924062e+16
1.3783873e+16
1.4251206e+16
1.4108566e+16
1.3924062e+16
1.3783873e+16
1.4251206e+16
1.4108566e+16
1.3924062e+16
1.3783873e+16
1.4251206e+16
1.4108566e+16
1.3924062e+16
1.3783873e+16
1.4251206e+16
1.4108566e+16
1.3924062e+16
1.3783873e+16
1.4251206e+16
1.4108566e+16
1.3924062e+16
1.3783873e+16
1.4251206e+16
1.4108566e+16
1.3924062e+16
1.3783873e+16
1.4251206e+16
1.4108566e+16
1.3924062e+16
1.3783873e+16
1.3709598e+16
1.357103e+16
1.3391819e+16
1.3255672e+16
1.3709598e+16
1.357103e+16
1.3391819e+16
1.3255672e+16
1.3709598e+16
1.357103e+16
1.3391819e+16
1.3255672e+16
1.3709598e+16
1.357103e+16
1.3391819e+16
1.3255672e+16
1.3709598e+16
1.357103e+16
1.3391819e+16
1.3255672e+16
1.3709598e+16
1.357103e+16
1.3391819e+16
1.3255672e+16
1.3709598e+16
1.357103e+16
1.3391819e+16
1.3255672e+16
1.3709598e+16
1.357103e+16
1.3391819e+16
1.3255672e+16
