FiniteElementSpace
FiniteElementCollection: L2_2D_P1
VDim: 1
Ordering: 0

14.229162
14.407787
14.235935
14.408477
13.67206
13.990949
13.723284
14.016237
13.578192
13.803903
13.625497
13.876528
12.73551
13.280422
12.877938
13.340387
12.983509
13.399421
13.104888
13.478212
13.181126
13.530743
13.271459
13.596565
13.748606
13.947834
13.785284
13.933225
13.829431
13.971674
13.912303
14.089019
13.33004
13.646878
13.401213
13.718448
13.446556
13.766828
13.500485
13.824934
13.533514
13.858281
13.569763
13.892045
14.076458
14.343884
14.107411
14.367754
13.973622
14.230261
14.042294
14.313539
14.456385
14.684009
14.491744
14.691821
14.794042
14.868552
14.793676
14.86426
14.792808
14.859428
14.790853
14.852738
14.512238
14.697668
14.528796
14.702472
14.536244
14.704568
14.543251
14.706792
14.789628
14.848976
14.788956
14.846058
14.789079
14.845223
14.789449
14.844994
14.546724
14.708158
14.549239
14.709315
14.145323
14.39446
14.150299
14.398044
14.123002
14.378792
14.138088
14.389349
13.590339
13.910187
13.611036
13.92804
13.621042
13.936617
13.627858
13.942479
13.007801
13.371031
13.015678
13.378355
12.329451
12.728202
12.339465
12.736634
12.295338
12.692984
12.31765
12.71653
12.973017
13.338118
12.996394
13.360281
12.910116
13.278444
12.949954
13.316275
12.817564
13.189865
12.874811
13.244664
12.133923
12.533649
12.19136
12.591987
12.22806
12.628171
12.271465
12.669376
10.842087
11.698704
10.936261
11.798101
10.981353
11.845358
11.011887
11.877296
9.3924372
10.323068
9.4188398
10.352046
7.7026073
8.6900163
7.7229702
8.7142501
7.6100203
8.581562
7.6725248
8.654512
9.2738895
10.19183
9.3536892
10.280383
9.0607224
9.9507367
9.1954618
10.103883
7.4417973
8.3876779
7.5481981
8.5100709
7.2003379
8.1104741
7.3482291
8.2802429
8.7541128
9.5956339
8.9420591
9.8140311
10.179407
10.926401
10.427035
11.23352
10.579917
11.411875
10.747522
11.597486
11.819108
12.219186
11.92743
12.331016
11.997385
12.400787
12.082562
12.482871
12.688779
13.068365
12.768159
13.143015
12.510717
12.903569
12.620681
13.004844
12.251965
12.671514
12.414385
12.816516
11.566689
11.957545
11.723391
12.120899
11.244965
11.579195
11.437824
11.812817
11.830848
12.24295
12.10016
12.533464
11.26146
11.381502
11.596159
11.823109
10.77156
10.839126
11.038499
11.12576
10.489643
10.675605
10.705138
10.920856
10.86843
11.115316
11.090445
11.389374
10.352205
10.662373
10.520777
10.858906
9.7531432
10.107949
9.8952062
10.262312
9.5002527
9.8295657
9.6467502
9.9909012
10.05032
10.319896
10.224792
10.516248
9.7585051
10.000809
9.9246838
10.181142
9.2483242
9.5558167
9.3925459
9.7123009
9.0075686
9.3002352
9.1448281
9.4449608
9.49142
9.7175541
9.6419868
9.8763343
9.8545399
9.998675
10.019087
10.170013
10.149265
10.307073
10.340264
10.511622
10.386294
10.441267
10.598583
10.659267
10.070475
10.120095
10.245474
10.297732
9.8120199
9.8588244
9.954369
10.002595
9.6074946
9.7441657
9.7440371
9.8845156
9.4148657
9.5470104
9.5189018
9.6534013
9.6125662
9.6577621
9.7201387
9.7661571
9.4801684
9.524461
9.5478868
9.5926291
9.423367
9.4672951
9.4465537
9.49063
9.231274
9.3596568
9.2538051
9.3826254
9.2864601
9.4159238
9.3521824
9.482988
8.9578433
9.1628502
9.019757
9.2272421
8.9050025
9.1086767
8.9267793
9.1308115
8.4622098
8.7313296
8.487437
8.7535684
8.5169163
8.7839203
8.5705543
8.8431616
8.6241825
8.8998799
8.7151865
8.994963
9.0787484
9.2886034
9.1768762
9.3904069
9.2604261
9.4770237
9.3886268
9.6102111
8.793067
9.0761243
8.9122576
9.2006088
8.2333456
8.5658077
8.3393707
8.6804858
7.6162446
7.9782141
7.7130181
8.0796812
7.4714422
7.8242521
7.5507206
7.9088442
8.0739223
8.4016936
8.1612692
8.4902148
7.4674393
8.1332428
7.5378244
8.2109917
6.1697176
6.936703
6.2255767
6.9998644
6.3030545
7.0858184
6.4490802
7.2514374
6.5760956
7.3969962
6.7621022
7.6088049
7.9692958
8.6914434
8.1999273
8.9528172
8.3720491
9.1507577
8.5995325
9.4151698
6.8993313
7.7654193
7.0789236
7.9711182
5.3294097
6.2446749
5.4670512
6.4063552
3.7022305
4.6472022
3.7979088
4.7672191
3.5300215
4.4311035
3.6290933
4.5554359
5.0815279
5.9535093
5.2241537
6.1210499
4.8718866
5.7074068
4.9842808
5.8392683
4.7684806
5.5863374
4.8117755
5.6370108
3.3125934
4.1581815
3.3426677
4.1959356
3.3844106
4.2483389
3.4624732
4.3463247
1.864035
2.7448989
1.9070387
2.8082175
1.8244768
2.6866507
1.8410418
2.7110425
0.31943173
1.189548
0.32233216
1.2003486
0.32635815
1.2153406
0.33388806
1.2433801
0.34040498
1.2676466
0.34996628
1.3032467
1.944255
2.8630119
1.9988503
2.9433852
2.039168
3.0027284
2.0919344
3.0803774
0.35702881
1.3295395
0.36627352
1.3639537
0.37251477
1.3871964
0.37999753
1.4151461
0.38445434
1.4319673
0.38842214
1.4473753
2.196498
3.2348645
2.2209069
3.2730271
2.1275742
3.1328219
2.1704992
3.1961343
3.8625242
4.848265
3.9406671
4.9465187
5.560005
6.5155861
5.6728913
6.6485047
5.7436645
6.7323861
5.8218714
6.8270838
3.988836
5.0077093
4.0382124
5.0735728
4.0578333
5.1060629
4.0508821
5.1248872
5.8640306
6.8811927
5.899779
6.9342637
5.9110085
6.9586996
5.9138413
6.9745787
4.7427267
5.3143857
4.7270189
5.3107526
4.7783784
5.3240362
4.7593727
5.3189621
3.8276712
4.3759729
3.7701249
4.3415639
3.7044276
4.3087089
3.6003112
4.272447
2.741474
3.2795256
2.575854
3.0575546
1.888945
2.375479
1.8157923
2.2553662
1.9837352
2.5066579
1.9350058
2.4431432
2.8939991
3.4302809
2.8235093
3.3629695
2.2261947
3.285056
2.2040506
3.2652778
0.38899823
1.4500881
0.38520779
1.4348713
0.37838543
1.4039898
0.36413438
1.3287154
0.17887357
0.65246038
0.17443323
0.63689403
0.17284671
0.62698183
0.17430804
0.61729981
0.95002998
1.3656417
0.93347216
1.342222
0.99364791
1.4450485
0.96697262
1.3950711
1.7574833
2.1564112
1.6827373
2.0276147
2.3978254
2.5885026
2.3079538
2.4589626
2.7138778
2.8330643
2.5479192
2.6199507
2.4429307
2.4958102
2.3300965
2.3698461
2.2437984
2.3723416
2.1652389
2.2740673
2.1188335
2.2177024
2.0734416
2.1606608
2.2672626
2.3018742
2.2042581
2.2349809
2.1721802
2.2025477
2.1460924
2.1809493
2.0489966
2.1308087
2.0288602
2.1052962
1.6398717
1.9558742
1.6074995
1.9038166
1.6062157
1.9025709
1.630732
1.9399715
2.0623421
2.1762051
2.1116928
2.2380987
2.1260293
2.2203116
2.1885457
2.3049792
2.2725122
2.3167975
2.3697043
2.4198167
2.4602721
2.5275466
2.6047631
2.7310107
2.2418822
2.3788859
2.3183252
2.488263
1.661377
1.9924807
1.7156704
2.0959339
0.34358958
1.1931204
0.34876693
1.2364972
0.17843584
0.64655923
0.17896246
0.66104911
0.98607679
1.4414892
1.011301
1.4832282
1.0278691
1.5106238
1.0460137
1.5400707
0.18070008
0.6709174
0.18358386
0.6820935
0.37119345
1.376669
0.37602367
1.3935391
1.9172188
2.4038349
1.9343944
2.4262162
1.9427519
2.4366905
1.9494294
2.4440732
2.791068
3.2631866
2.7994342
3.27309
2.7540493
3.2217042
2.7790965
3.2492115
2.6717223
3.1410053
2.7273218
3.1946636
1.8591459
2.3293893
1.8974037
2.3792305
1.7616831
2.1787154
1.8220341
2.2767405
2.3742382
2.5653856
2.4446894
2.660291
2.4909679
2.7170841
2.5448698
2.7770648
2.8878555
3.131174
2.9496061
3.1879379
2.7079619
2.9359981
2.8251251
3.071509
3.2020093
3.5133053
3.267413
3.5376987
3.3134257
3.5616842
3.361778
3.5915559
3.7338496
3.9449605
3.7536909
3.9594824
3.7081563
3.932328
3.7200864
3.9375438
4.0669011
4.2087024
4.0702856
4.2110016
4.2795961
4.3287679
4.2815837
4.330594
4.2855356
4.3344262
4.2971951
4.3464273
4.075709
4.2152542
4.0882189
4.2268084
4.1020276
4.2412991
4.1257089
4.2709979
4.3129074
4.363424
4.3484329
4.4048743
4.387482
4.4552602
4.4566874
4.5626158
4.1460382
4.3005313
4.1762215
4.3481298
3.4795771
3.9055689
3.5261978
3.9501171
3.553291
3.9845317
3.5833128
4.0238246
3.5990658
4.0422769
3.6098345
4.0525643
4.3509851
4.739965
4.3582605
4.7670475
4.5889511
4.7736929
4.6091574
4.7924709
4.2454898
4.4468406
4.2657101
4.4668274
4.1987264
4.3824707
4.2271905
4.4241174
4.5074973
4.6796466
4.5630855
4.7493114
4.850839
5.0301945
4.8804483
5.0363777
5.1194909
5.1809915
5.1194877
5.1788221
5.1179839
5.176195
5.1143674
5.1730877
4.8960646
5.038648
4.9088403
5.0356544
4.9250949
5.0328286
4.9645424
5.118233
4.9976429
5.2627516
5.0310044
5.3303568
5.5245915
5.7393207
5.5486637
5.7433752
