FiniteElementSpace
FiniteElementCollection: L2_2D_P3
VDim: 1
Ordering: 0

2.7554597e+17
3.2417522e+17
4.0078611e+17
4.7157755e+17
2.7554597e+17
3.2417522e+17
4.0078611e+17
4.7157755e+17
2.7554597e+17
3.2417522e+17
4.0078611e+17
4.7157755e+17
2.7554597e+17
3.2417522e+17
4.0078611e+17
4.7157755e+17
2.7554597e+17
3.2417522e+17
4.0078611e+17
4.7157755e+17
2.7554597e+17
3.2417522e+17
4.0078611e+17
4.7157755e+17
2.7554597e+17
3.2417522e+17
4.0078611e+17
4.7157755e+17
2.7554597e+17
3.2417522e+17
4.0078611e+17
4.7157755e+17
5.142874e+17
6.0516671e+17
7.4834769e+17
8.8066259e+17
5.142874e+17
6.0516671e+17
7.4834769e+17
8.8066259e+17
5.142874e+17
6.0516671e+17
7.4834769e+17
8.8066259e+17
5.142874e+17
6.0516671e+17
7.4834769e+17
8.8066259e+17
5.142874e+17
6.0516671e+17
7.4834769e+17
8.8066259e+17
5.142874e+17
6.0516671e+17
7.4834769e+17
8.8066259e+17
5.142874e+17
6.0516671e+17
7.4834769e+17
8.8066259e+17
5.142874e+17
6.0516671e+17
7.4834769e+17
8.8066259e+17
