FiniteElementSpace
FiniteElementCollection: L2_2D_P2
VDim: 1
Ordering: 0

0.73652529
0.73700242
0.73721316
0.72356021
0.72402894
0.72423598
0.71033378
0.71079393
0.71099718
0.76875913
0.76925714
0.76947711
0.75649071
0.75698077
0.75719723
0.74394902
0.74443095
0.74464382
0.76618914
0.76740393
0.76834134
0.75396174
0.75515714
0.7560796
0.74146198
0.74263755
0.74354471
0.73406305
0.7352269
0.73612501
0.72114133
0.7222847
0.723167
0.70795912
0.70908157
0.70994774
0.72983239
0.73168016
0.73326346
0.71698516
0.71880041
0.72035586
0.70387892
0.70566097
0.70718797
0.72384351
0.72637074
0.72863542
0.71110171
0.71358447
0.71580932
0.69810302
0.70054036
0.70272452
0.75552234
0.75816018
0.76052397
0.7434652
0.74606096
0.74838706
0.73113946
0.73369213
0.73597966
0.76177333
0.76370196
0.76535456
0.74961641
0.75151428
0.75314052
0.7371887
0.73905507
0.74065434
0.79187908
0.79388394
0.79560184
0.78044178
0.78241769
0.7841108
0.76872252
0.77066872
0.7723364
0.78538105
0.78812315
0.79058035
0.77403761
0.77674011
0.77916187
0.76241452
0.76507639
0.76746176
0.81334772
0.81618745
0.81873216
0.8027453
0.80554804
0.80805961
0.79185286
0.7946175
0.79709498
0.82007713
0.82215338
0.82393246
0.80938699
0.81143618
0.81319209
0.79840442
0.80042577
0.80215784
0.82483092
0.82613868
0.82714784
0.81407879
0.81536951
0.81636552
0.80303256
0.80430574
0.80528823
0.79646941
0.7977322
0.79870667
0.78496579
0.78621035
0.78717074
0.7731786
0.77440445
0.77535041
0.79914097
0.79965866
0.79988732
0.78759875
0.78810897
0.78833433
0.77577202
0.77627456
0.77649654
0.82759761
0.82813373
0.82837054
0.8168094
0.81733854
0.81757226
0.80572611
0.80624806
0.80647861
0.8540605
0.85461376
0.85485814
0.8440523
0.84459908
0.84484059
0.83373915
0.83427925
0.83451781
0.85120534
0.85255492
0.85359635
0.84123061
0.84256438
0.84359361
0.83095194
0.83226939
0.83328604
0.87552914
0.87691728
0.87798847
0.86635583
0.86772943
0.8687894
0.8568695
0.85822804
0.8592764
0.87846588
0.87903496
0.87928632
0.86926179
0.86982491
0.87007364
0.85974364
0.86030058
0.86054658
0.90075497
0.90133848
0.90159622
0.89237717
0.89295526
0.8932106
0.88367693
0.88424938
0.88450223
0.92087405
0.9214706
0.92173409
0.91334272
0.9139344
0.91419574
0.90548137
0.90606794
0.90632703
0.91779553
0.91925069
0.92037359
0.91028939
0.91173266
0.91284638
0.90245433
0.90388514
0.90498927
0.89774371
0.89916707
0.90026544
0.88939392
0.89080406
0.89189221
0.88072278
0.88211914
0.88319668
0.8925697
0.89482949
0.89676583
0.88426805
0.88650683
0.88842519
0.87564689
0.8778638
0.87976344
0.91250597
0.91481623
0.91679582
0.90504309
0.90733447
0.9092979
0.89725319
0.8995248
0.90147132
0.9050181
0.90817791
0.91100941
0.89761646
0.90075044
0.90355884
0.88989049
0.89299742
0.89578164
0.88524543
0.8883362
0.89110584
0.8770119
0.88007393
0.88281787
0.86846149
0.8714936
0.87421077
0.86334012
0.86635441
0.86905552
0.85429454
0.85727726
0.85995011
0.84494029
0.84789028
0.85053386
0.87048316
0.87268703
0.87457546
0.86136274
0.86354352
0.86541218
0.85193108
0.85408795
0.85593614
0.84629955
0.84844219
0.85027815
0.83638232
0.83849986
0.84031433
0.8261629
0.82825453
0.83004682
0.83935496
0.8422855
0.84491157
0.82951911
0.83241533
0.83501067
0.81938355
0.82224432
0.82480794
0.83038829
0.83409968
0.83750952
0.82065752
0.82432542
0.82769539
0.81063024
0.81425325
0.81758202
0.81942114
0.82390443
0.82808984
0.80981888
0.81424965
0.81838611
0.79992406
0.80430058
0.80838648
0.84283668
0.84744809
0.8517531
0.83400592
0.83856902
0.84282903
0.82487385
0.82938687
0.83360022
0.85411722
0.85793467
0.86144195
0.84516828
0.84894573
0.85241635
0.83591396
0.83964997
0.84308257
0.87578852
0.87970283
0.88329909
0.86764295
0.87152086
0.87508376
0.85918389
0.8630239
0.86655205
0.89534996
0.8993517
0.9030283
0.88802739
0.89199641
0.89564302
0.88038397
0.88431873
0.88793394
0.88352485
0.88835888
0.89287171
0.87629899
0.88109349
0.88556952
0.86875653
0.87350964
0.87794714
0.86422176
0.86895017
0.87336441
0.85618376
0.86086821
0.8652415
0.84783645
0.8524751
0.85680574
0.85057301
0.85610414
0.86132571
0.84266196
0.84814165
0.85331479
0.83444649
0.83987261
0.84499531
0.86957124
0.87522592
0.88056412
0.8624595
0.86806793
0.87336261
0.85503618
0.86059619
0.86584529
0.85352277
0.85998447
0.86613518
0.84654227
0.85295113
0.85905169
0.83925597
0.8456095
0.85165754
0.83487516
0.84119568
0.84721201
0.8271101
0.83337185
0.83933237
0.81904627
0.8252468
0.8311492
0.81421626
0.82038038
0.82624783
0.80568536
0.8117849
0.81759103
0.79686343
0.80289602
0.80863856
0.82952567
0.83491994
0.8400123
0.82083437
0.82617212
0.83121126
0.81184654
0.8171257
0.82210965
0.80647993
0.81172433
0.81667522
0.79702933
0.80221228
0.80710527
0.78729079
0.79241028
0.79724347
0.79159585
0.79758872
0.80329316
0.78231966
0.78824231
0.79388005
0.77276087
0.77861099
0.78417984
0.76706842
0.7728756
0.77840329
0.75706928
0.76280076
0.76825654
0.74679666
0.75245022
0.75783195
0.74069305
0.74630056
0.75163818
0.72999505
0.73552157
0.74078224
0.71903335
0.72447674
0.72965839
0.75462003
0.75952719
0.76415972
0.74372088
0.74855717
0.7531229
0.73255306
0.73731661
0.74181376
0.78149132
0.78657322
0.79137071
0.77130417
0.77631984
0.7810549
0.76083838
0.76578586
0.77045666
0.79403155
0.79837592
0.80243165
0.78368093
0.78796868
0.79197164
0.77304719
0.77727666
0.78122528
0.80465888
0.80825527
0.81155946
0.79416973
0.79771925
0.80098044
0.78339365
0.78689493
0.79011185
0.77699098
0.7804637
0.78365428
0.76576872
0.7691913
0.77233586
0.7542698
0.75764091
0.76073824
0.76672906
0.77092406
0.77484033
0.75565502
0.75978944
0.76364923
0.74430798
0.74838022
0.75218203
0.73757946
0.74161497
0.74538235
0.72580867
0.72977979
0.73348713
0.71377566
0.71768086
0.72132672
0.74745124
0.75079193
0.75386122
0.73552291
0.7388103
0.74183066
0.72332884
0.72656167
0.72953194
0.71611082
0.71931144
0.72225203
0.70350515
0.70664945
0.70953833
0.69064532
0.69373208
0.69656814
0.70665297
0.71051926
0.71412869
0.69421379
0.69801204
0.701558
0.6815238
0.68525254
0.68873367
0.69549273
0.70001538
0.70428494
0.68324999
0.68769305
0.69188755
0.67076044
0.67512218
0.67923998
0.72593079
0.73065139
0.7351078
0.7143459
0.71899117
0.72337657
0.70250294
0.70707109
0.71138376
0.7125333
0.71792761
0.72306231
0.7011622
0.70647044
0.71152332
0.68953783
0.69475793
0.69972702
0.68265698
0.68782511
0.69274451
0.67064019
0.67571736
0.68055029
0.65838115
0.66336538
0.66810995
0.66817665
0.6739778
0.6795352
0.65641476
0.6621138
0.66757352
0.64441577
0.65001049
0.65537038
0.65208663
0.65850682
0.66468883
0.64060797
0.64691515
0.6529885
0.62889794
0.63508966
0.64105197
0.68062504
0.68732621
0.69377878
0.66976316
0.67635739
0.68270715
0.65865937
0.6651441
0.67138858
0.69741924
0.70347428
0.70927489
0.68628935
0.69224776
0.69795596
0.67491156
0.68077103
0.68638458
0.72498168
0.73127602
0.73730588
0.7145106
0.72071403
0.72665696
0.70378144
0.70989155
0.71574522
0.75079758
0.75731605
0.76356063
0.74101053
0.74744404
0.75360738
0.73095583
0.73730187
0.74338157
0.73271801
0.73993207
0.74687849
0.72316663
0.73028666
0.73714272
0.71335407
0.72037729
0.72714031
0.70752377
0.71448978
0.72119735
0.69730483
0.70417023
0.7107811
0.68683404
0.69359616
0.70010775
0.68836137
0.69598226
0.70335139
0.67841919
0.68593002
0.69319291
0.66823201
0.67562985
0.68278367
0.71287326
0.72076552
0.72839706
0.70358056
0.71136995
0.71890221
0.69403377
0.70171726
0.70914731
0.69131113
0.69986258
0.70816085
0.68229951
0.69073949
0.6989298
0.67304149
0.68136673
0.6894459
0.66754065
0.67579806
0.683811
0.65789919
0.66603734
0.67393475
0.64802015
0.65603588
0.6638147
0.64216201
0.65010549
0.65781378
0.63191393
0.63973065
0.64731614
0.62143766
0.62912458
0.6365843
0.66219116
0.66952232
0.67661129
0.65162345
0.65883762
0.66581365
0.64082042
0.64791479
0.65477514
0.63442568
0.64144944
0.64824117
0.6232579
0.63015802
0.63683038
0.61186503
0.61863884
0.62518921
0.61523633
0.62284675
0.63023184
0.60440633
0.61188279
0.61913808
0.59335807
0.60069766
0.60782031
0.59456483
0.60274356
0.61070422
0.5840987
0.59213347
0.59995421
0.57342167
0.58130935
0.58898712
0.62058582
0.6291225
0.63743155
0.61068207
0.61908251
0.62725919
0.60055781
0.60881876
0.61685987
0.59751458
0.60662388
0.61551368
0.58797902
0.59694295
0.60569111
0.57823115
0.58704624
0.59564936
0.57246096
0.58118831
0.58970536
0.56238392
0.57095765
0.579325
0.55210384
0.56052062
0.56873501
0.54897798
0.55823292
0.56728585
0.53931432
0.54840635
0.55730014
0.52945595
0.53838154
0.54711276
0.52417247
0.5339327
0.5434997
0.51494546
0.52453388
0.5339327
0.50553254
0.51494546
0.52417247
0.54711276
0.55730014
0.56728585
0.53838154
0.54840635
0.55823292
0.52945595
0.53931432
0.54897798
0.57300388
0.58266386
0.59211299
0.56385947
0.57336529
0.58266386
0.55451148
0.56385947
0.57300388
0.59564936
0.60569111
0.61551369
0.58704624
0.59694295
0.60662388
0.57823115
0.58797902
0.59751458
0.568735
0.579325
0.58970536
0.56052062
0.57095765
0.58118831
0.55210384
0.56238392
0.57246096
0.58898712
0.59995421
0.61070422
0.58130935
0.59213347
0.60274356
0.57342167
0.5840987
0.59456483
0.61685987
0.62725919
0.63743155
0.60881876
0.61908252
0.6291225
0.60055781
0.61068207
0.62058582
0.64324654
0.65305303
0.66262325
0.63486147
0.64454013
0.65398581
0.62624714
0.63579425
0.64511176
0.62112874
0.63059805
0.63983918
0.61215761
0.62149015
0.63059804
0.60296545
0.61215761
0.62112874
0.64511176
0.65398581
0.66262325
0.63579424
0.64454013
0.65305303
0.62624714
0.63486147
0.64324654
0.66808357
0.67727361
0.68621863
0.65937473
0.66844498
0.67727361
0.65042779
0.65937473
0.66808357
0.6894459
0.6989298
0.70816085
0.68136673
0.69073949
0.69986258
0.67304149
0.68229951
0.69131113
0.70914731
0.71890221
0.72839706
0.70171726
0.71136995
0.72076552
0.69403377
0.70358056
0.71287326
0.68278367
0.69319291
0.70335139
0.67562985
0.68593002
0.69598226
0.66823201
0.67841919
0.68836137
0.6638147
0.67393475
0.683811
0.65603588
0.66603734
0.67579806
0.64802015
0.65789919
0.66754065
0.6365843
0.64731614
0.65781378
0.62912458
0.63973065
0.65010549
0.62143766
0.63191393
0.64216201
0.60782031
0.61913808
0.63023184
0.60069766
0.61188279
0.62284675
0.59335807
0.60440633
0.61523633
0.62518921
0.63683038
0.64824117
0.61863884
0.63015803
0.64144944
0.61186502
0.6232579
0.63442568
0.65477514
0.66581365
0.67661128
0.64791479
0.65883762
0.66952232
0.64082042
0.65162345
0.66219116
0.67138858
0.68270715
0.69377877
0.6651441
0.67635739
0.68732621
0.65865937
0.66976316
0.68062504
0.64105197
0.6529885
0.66468883
0.63508966
0.64691515
0.65850682
0.62889794
0.64060797
0.65208663
0.65537038
0.66757352
0.6795352
0.65001049
0.6621138
0.6739778
0.64441577
0.65641476
0.66817665
0.68638458
0.69795596
0.70927489
0.68077103
0.69224775
0.70347427
0.67491156
0.68628935
0.69741924
0.71574522
0.72665696
0.73730588
0.70989155
0.72071403
0.73127602
0.70378143
0.7145106
0.72498168
0.70010775
0.7107811
0.72119735
0.69359616
0.70417023
0.71448977
0.68683404
0.69730483
0.70752377
0.72714031
0.73714271
0.74687849
0.72037729
0.73028665
0.73993207
0.71335407
0.72316663
0.73271801
0.74338156
0.75360738
0.76356063
0.73730187
0.74744404
0.75731606
0.73095583
0.74101053
0.75079758
0.76922704
0.7787423
0.78797591
0.76293597
0.77237339
0.78153165
0.75636929
0.76572531
0.77480475
0.79321939
0.80200116
0.81049287
0.78673209
0.79544203
0.80386447
0.7799606
0.78859539
0.79694534
0.77588928
0.78447919
0.79278537
0.76867285
0.77718287
0.78541197
0.76117877
0.76960563
0.77775451
0.75242112
0.76172849
0.77076035
0.74542296
0.75464376
0.7635918
0.73815556
0.74728627
0.75614707
0.73380254
0.74287961
0.75168796
0.72611417
0.73509613
0.74381239
0.71816355
0.72704695
0.73566777
0.71341618
0.72224107
0.73080469
0.70505611
0.71377759
0.72224107
0.69644141
0.70505611
0.71341618
0.73566777
0.74381239
0.75168796
0.72704695
0.73509613
0.74287961
0.71816355
0.72611417
0.73380254
0.75668999
0.76506735
0.77316798
0.74876181
0.7570514
0.76506735
0.7405632
0.74876181
0.75668999
0.77775451
0.78541197
0.79278537
0.76960563
0.77718287
0.78447919
0.76117877
0.76867285
0.77588928
0.75614707
0.7635918
0.77076035
0.74728627
0.75464376
0.76172849
0.73815556
0.74542296
0.75242112
0.77480475
0.78153165
0.78797591
0.76572531
0.77237339
0.7787423
0.75636929
0.76293597
0.76922704
0.79694534
0.80386447
0.81049287
0.78859539
0.79544203
0.80200116
0.7799606
0.78673209
0.79321939
0.81716602
0.8242607
0.8310573
0.80956567
0.81659438
0.82332792
0.8016729
0.8086329
0.81530079
0.79748826
0.80534001
0.8129005
0.79007094
0.79784967
0.80534001
0.78236824
0.79007094
0.79748826
0.81530079
0.82332793
0.8310573
0.8086329
0.81659438
0.8242607
0.8016729
0.80956567
0.81716602
0.83541808
0.84267123
0.84961965
0.82858565
0.83577948
0.84267123
0.82145391
0.82858565
0.83541808
0.85165755
0.85905169
0.86613518
0.8456095
0.85295113
0.85998447
0.83925597
0.84654227
0.85352277
0.8311492
0.83933237
0.84721201
0.8252468
0.83337185
0.84119568
0.81904627
0.8271101
0.83487516
0.84499531
0.85331479
0.86132572
0.83987262
0.84814165
0.85610415
0.83444649
0.84266196
0.85057301
0.86584529
0.87336261
0.88056412
0.8605962
0.86806793
0.87522592
0.85503618
0.8624595
0.86957124
0.87794714
0.88556953
0.89287171
0.87350964
0.88109349
0.88835888
0.86875653
0.87629899
0.88352485
0.88793394
0.89564302
0.9030283
0.88431873
0.89199641
0.8993517
0.88038398
0.88802739
0.89534996
0.86655206
0.87508376
0.8832991
0.8630239
0.87152086
0.87970283
0.8591839
0.86764295
0.87578852
0.85680574
0.8652415
0.87336441
0.8524751
0.86086821
0.86895018
0.84783645
0.85618377
0.86422176
0.83360022
0.84282903
0.8517531
0.82938687
0.83856902
0.8474481
0.82487385
0.83400592
0.84283668
0.84308257
0.85241635
0.86144196
0.83964997
0.84894574
0.85793468
0.83591397
0.84516828
0.85411723
0.81758202
0.82769539
0.83750953
0.81425325
0.82432543
0.83409968
0.81063024
0.82065752
0.83038829
0.80838648
0.81838611
0.82808984
0.80430058
0.81424965
0.82390444
0.79992406
0.80981888
0.81942114
0.79724347
0.80710527
0.81667522
0.79241028
0.80221228
0.81172434
0.78729079
0.79702933
0.80647993
0.82210965
0.83121126
0.8400123
0.81712571
0.82617212
0.83491994
0.81184654
0.82083437
0.82952567
0.80863856
0.81759103
0.82624783
0.80289602
0.8117849
0.82038038
0.79686343
0.80568536
0.81421626
0.78417984
0.79388005
0.80329316
0.77861099
0.78824231
0.79758872
0.77276087
0.78231966
0.79159585
0.75783196
0.76825654
0.77840329
0.75245022
0.76280076
0.7728756
0.74679666
0.75706928
0.76706842
0.77045666
0.7810549
0.79137071
0.76578587
0.77631984
0.78657323
0.76083839
0.77130417
0.78149132
0.74181376
0.7531229
0.76415972
0.73731661
0.74855717
0.75952719
0.73255305
0.74372088
0.75462003
0.72965839
0.74078223
0.75163818
0.72447674
0.73552157
0.74630055
0.71903335
0.72999505
0.74069305
0.69972702
0.71152332
0.7230623
0.69475793
0.70647044
0.7179276
0.68953783
0.7011622
0.71253329
0.66810994
0.68055028
0.69274451
0.66336538
0.67571736
0.6878251
0.65838115
0.67064019
0.68265698
0.67923998
0.69188755
0.70428494
0.67512218
0.68769305
0.70001538
0.67076044
0.68324999
0.69549272
0.71138376
0.72337656
0.7351078
0.70707109
0.71899117
0.73065139
0.70250294
0.7143459
0.72593079
0.72132672
0.73348713
0.74538235
0.71768086
0.72977979
0.74161497
0.71377566
0.72580867
0.73757946
0.68873366
0.701558
0.71412868
0.68525254
0.69801204
0.71051926
0.6815238
0.69421378
0.70665297
0.69656813
0.70953833
0.72225203
0.69373208
0.70664945
0.71931144
0.69064532
0.70350515
0.71611082
0.72953194
0.74183066
0.75386122
0.72656167
0.7388103
0.75079193
0.72332884
0.7355229
0.74745124
0.76073824
0.77233586
0.78365428
0.75764091
0.7691913
0.7804637
0.7542698
0.76576872
0.77699098
0.75218203
0.76364923
0.77484033
0.74838021
0.75978944
0.77092406
0.74430798
0.75565502
0.76672906
0.78122528
0.79197164
0.80243165
0.77727666
0.78796868
0.79837592
0.77304719
0.78368093
0.79403154
0.79011185
0.80098044
0.81155946
0.78689493
0.79771925
0.80825527
0.78339365
0.79416973
0.80465888
0.79709498
0.80805961
0.81873216
0.7946175
0.80554804
0.81618746
0.79185286
0.8027453
0.81334772
0.80215784
0.81319209
0.82393246
0.80042577
0.81143618
0.82215339
0.79840442
0.80938699
0.82007714
0.7723364
0.7841108
0.79560185
0.77066872
0.78241769
0.79388394
0.76872252
0.78044178
0.79187908
0.76746176
0.77916187
0.79058035
0.76507639
0.77674011
0.78812315
0.76241452
0.77403761
0.78538105
0.73597966
0.74838705
0.76052397
0.73369213
0.74606096
0.75816018
0.73113945
0.7434652
0.75552234
0.70272451
0.71580931
0.72863542
0.70054035
0.71358447
0.72637074
0.69810302
0.71110171
0.7238435
0.70718797
0.72035585
0.73326346
0.70566096
0.71880041
0.73168016
0.70387892
0.71698516
0.72983239
0.74065433
0.75314052
0.76535456
0.73905507
0.75151428
0.76370196
0.7371887
0.74961641
0.76177333
0.74354471
0.7560796
0.76834134
0.74263755
0.75515714
0.76740392
0.74146198
0.75396174
0.76618914
0.70994774
0.723167
0.73612501
0.70908157
0.72228469
0.7352269
0.70795912
0.72114133
0.73406305
0.71099718
0.72423597
0.73721316
0.71079393
0.72402894
0.73700241
0.71033378
0.72356021
0.73652529
0.74464382
0.75719723
0.76947711
0.74443095
0.75698077
0.76925714
0.74394902
0.7564907
0.76875913
0.77649654
0.78833433
0.79988733
0.77627456
0.78810897
0.79965866
0.77577202
0.78759875
0.79914097
0.77535041
0.78717074
0.79870667
0.77440445
0.78621035
0.79773221
0.7731786
0.78496579
0.79646941
0.80528823
0.81636552
0.82714784
0.80430574
0.81536951
0.82613868
0.80303256
0.81407879
0.82483092
0.80647861
0.81757226
0.82837055
0.80624807
0.81733855
0.82813374
0.80572612
0.81680941
0.82759762
0.83451781
0.8448406
0.85485815
0.83427925
0.84459909
0.85461377
0.83373915
0.8440523
0.85406051
0.86054659
0.87007364
0.87928632
0.86030059
0.86982492
0.87903496
0.85974364
0.8692618
0.87846589
0.8592764
0.86878941
0.87798847
0.85822805
0.86772944
0.87691728
0.8568695
0.86635583
0.87552914
0.83328605
0.84359361
0.85359635
0.8322694
0.84256438
0.85255492
0.83095195
0.84123061
0.85120535
0.83004682
0.84031433
0.85027816
0.82825453
0.83849986
0.8484422
0.8261629
0.83638232
0.84629956
0.82480794
0.83501067
0.84491157
0.82224432
0.83241533
0.84228551
0.81938355
0.82951912
0.83935496
0.85053386
0.85995012
0.86905552
0.84789028
0.85727726
0.86635442
0.84494029
0.85429455
0.86334013
0.85593615
0.86541219
0.87457546
0.85408795
0.86354353
0.87268704
0.85193109
0.86136274
0.87048317
0.87976345
0.88842519
0.89676583
0.8778638
0.88650684
0.8948295
0.87564689
0.88426806
0.89256971
0.87421077
0.88281787
0.89110584
0.8714936
0.88007393
0.8883362
0.86846149
0.8770119
0.88524543
0.89578164
0.90355884
0.91100941
0.89299742
0.90075044
0.90817791
0.8898905
0.89761647
0.9050181
0.90147132
0.9092979
0.91679582
0.8995248
0.90733447
0.91481623
0.89725319
0.9050431
0.91250597
0.90498928
0.91284638
0.92037359
0.90388514
0.91173266
0.91925069
0.90245433
0.9102894
0.91779554
0.88319669
0.89189222
0.90026544
0.88211915
0.89080406
0.89916708
0.88072279
0.88939393
0.89774371
0.88450223
0.8932106
0.90159622
0.88424938
0.89295526
0.90133848
0.88367694
0.89237717
0.90075497
0.90632703
0.91419574
0.9217341
0.90606794
0.9139344
0.9214706
0.90548137
0.91334273
0.92087405
0.92596841
0.9329785
0.93965143
0.92570371
0.93271179
0.93938281
0.92510442
0.93210796
0.93877467
0.92460166
0.93160141
0.93826448
0.9234736
0.93046481
0.93711976
0.92201178
0.92899189
0.93563631
0.9419866
0.94811214
0.95389501
0.94083733
0.94695539
0.95273121
0.93934802
0.94545637
0.95122306
0.94337905
0.94951363
0.95530506
0.94310937
0.94924219
0.95503197
0.94249882
0.94862766
0.95441369
0.958517
0.96376129
0.96865728
0.95824299
0.96348579
0.96838037
0.95762265
0.96286203
0.96775345
0.97134581
0.97568718
0.97967592
0.97106813
0.97540826
0.97939586
0.97043948
0.97477679
0.97876181
0.96991208
0.97424705
0.97822989
0.96872874
0.97305842
0.97703641
0.96719528
0.97151808
0.97548978
0.95710221
0.96233877
0.96722752
0.9559345
0.96116467
0.96604746
0.95442129
0.95964315
0.96451822
0.95338168
0.9585979
0.96346761
0.95132307
0.95652802
0.96138725
0.94892066
0.95411241
0.95895938
0.96614175
0.97045989
0.97442722
0.96405559
0.96836439
0.9723232
0.96162102
0.96591889
0.9698677
0.96004391
0.96433479
0.96827707
0.95705995
0.96133749
0.96526757
0.95373014
0.95799272
0.96190913
0.94736437
0.95254768
0.95738664
0.94441983
0.94958701
0.95441099
0.94113399
0.94628313
0.95109032
0.93240255
0.93846579
0.94418977
0.92950451
0.93554889
0.94125515
0.92627057
0.93229385
0.93798025
0.93832483
0.94442657
0.95018693
0.93629873
0.94238729
0.94813525
0.93393426
0.94000739
0.94574084
0.92100747
0.92798003
0.93461716
0.91901877
0.92597626
0.9325991
0.91669793
0.92363781
0.93024392
0.91519449
0.92212305
0.92871827
0.91234993
0.91925695
0.92583173
0.90917567
0.91605859
0.9226105
0.90717672
0.9140446
0.92058202
0.90348316
0.91032307
0.91683396
0.89946314
0.90627251
0.91275443
0.92423403
0.93024416
0.93591798
0.92047102
0.92645667
0.93210748
0.91637541
0.92233432
0.92795998
0.91383896
0.9197815
0.92539148
0.90922004
0.91513254
0.92071428
0.90427261
0.91015282
0.91570418
0.8969735
0.90376414
0.91022801
0.89243983
0.89919614
0.90562745
0.88758371
0.89430313
0.90069945
0.88460938
0.89130642
0.89768118
0.87924653
0.88590296
0.8922392
0.87356601
0.8801793
0.88647461
0.87011416
0.87670147
0.88297176
0.86393505
0.87047557
0.87670147
0.85744382
0.86393505
0.87011416
0.88647461
0.8922392
0.89768118
0.8801793
0.88590296
0.89130642
0.87356601
0.87924653
0.88460938
0.90124237
0.907103
0.91263564
0.89577868
0.90160378
0.907103
0.88999135
0.89577868
0.90124237
0.91570418
0.92071428
0.92539148
0.91015282
0.91513254
0.9197815
0.90427261
0.90922004
0.91383896
0.90069945
0.90562745
0.91022801
0.89430313
0.89919614
0.90376414
0.88758371
0.89243983
0.8969735
0.91275443
0.91683396
0.92058202
0.90627251
0.91032307
0.9140446
0.89946313
0.90348316
0.90717672
0.92795998
0.93210748
0.93591798
0.92233432
0.92645667
0.93024416
0.9163754
0.92047102
0.92423403
0.94093001
0.94513547
0.94899923
0.93617416
0.94035837
0.94420269
0.93108004
0.93524139
0.93906478
0.9285029
0.93358302
0.93832561
0.92380987
0.92886431
0.93358302
0.91878304
0.92380987
0.9285029
0.93906478
0.94420269
0.94899923
0.93524139
0.94035837
0.94513547
0.93108004
0.93617416
0.94093001
0.95163324
0.95588654
0.95979426
0.94775867
0.95199465
0.95588654
0.94354163
0.94775867
0.95163324
0.96190913
0.96526757
0.96827707
0.95799272
0.96133749
0.96433479
0.95373014
0.95705995
0.96004391
0.9698677
0.9723232
0.97442722
0.96591889
0.96836439
0.97045988
0.96162102
0.96405559
0.96614175
0.95895938
0.96138725
0.96346761
0.95411241
0.95652802
0.9585979
0.94892066
0.95132307
0.95338168
0.95109032
0.95441099
0.95738663
0.94628313
0.94958701
0.95254768
0.94113399
0.94441982
0.94736437
0.93798025
0.94125515
0.94418977
0.93229384
0.93554889
0.93846579
0.92627056
0.9295045
0.93240255
0.9226105
0.92583173
0.92871827
0.91605859
0.91925695
0.92212305
0.90917567
0.91234993
0.91519449
0.93024392
0.9325991
0.93461716
0.9236378
0.92597626
0.92798002
0.91669793
0.91901876
0.92100747
0.94574084
0.94813525
0.95018693
0.94000739
0.94238729
0.94442657
0.93393426
0.93629873
0.93832483
0.95122305
0.95273121
0.953895
0.94545637
0.94695539
0.94811214
0.93934802
0.94083733
0.9419866
0.93563631
0.93711975
0.93826448
0.92899189
0.93046481
0.93160141
0.92201178
0.9234736
0.92460166
0.93877467
0.93938281
0.93965143
0.93210796
0.93271179
0.93297849
0.92510442
0.9257037
0.92596841
0.95441369
0.95503197
0.95530506
0.94862766
0.94924219
0.94951363
0.94249881
0.94310936
0.94337905
0.96775345
0.96838037
0.96865728
0.96286203
0.96348579
0.96376129
0.95762264
0.95824299
0.958517
0.96451822
0.96604746
0.96722751
0.95964315
0.96116466
0.96233877
0.95442129
0.9559345
0.95710221
0.97548978
0.97703641
0.97822989
0.97151807
0.97305842
0.97424705
0.96719528
0.96872874
0.96991208
0.97876181
0.97939586
0.97967592
0.97477679
0.97540826
0.97568718
0.97043948
0.97106813
0.97134581
0.98741225
0.9880519
0.98833443
0.98434322
0.98498089
0.98526254
0.98091844
0.98155388
0.98183455
0.99368392
0.99432764
0.99461197
0.99153828
0.99218061
0.99246433
0.98903428
0.98967498
0.98995798
0.990362
0.99193222
0.9931439
0.98822354
0.98979036
0.99099944
0.98572792
0.98729076
0.98849678
0.98411129
0.9856716
0.98687563
0.98105253
0.98260799
0.98380829
0.97763921
0.97918923
0.98038535
0.97843953
0.98091673
0.98303935
0.97539839
0.97786789
0.97998395
0.97200476
0.97446562
0.97657431
0.97041062
0.97379875
0.97683485
0.96739444
0.97077203
0.97379875
0.96402866
0.96739444
0.97041062
0.97657431
0.97998395
0.98303935
0.97446562
0.97786789
0.98091673
0.97200476
0.97539839
0.97843953
0.98465422
0.98714715
0.98928326
0.98252808
0.98501562
0.98714715
0.98004685
0.98252808
0.98465422
0.98849678
0.99099944
0.9931439
0.98729076
0.98979036
0.99193222
0.98572792
0.98822354
0.990362
0.98038535
0.98380829
0.98687563
0.97918923
0.98260799
0.9856716
0.97763921
0.98105253
0.9841113
0.98183456
0.98526255
0.98833443
0.98155388
0.98498089
0.9880519
0.98091844
0.98434322
0.98741225
0.98995798
0.99246433
0.99461197
0.98967498
0.99218061
0.99432764
0.98903428
0.99153828
0.99368392
0.99569651
0.99727518
0.99849339
0.99541187
0.99699009
0.99820795
0.99476745
0.99634464
0.99756172
0.99422684
0.99580318
0.9970196
0.99301383
0.99458825
0.99580318
0.99144192
0.99301383
0.99422684
0.99756172
0.99820795
0.99849339
0.99634464
0.99699009
0.99727518
0.99476745
0.99541187
0.99569651
0.99903632
0.9996835
0.99996936
0.99875072
0.99939773
0.9996835
0.99810415
0.99875072
0.99903632
