FiniteElementSpace
FiniteElementCollection: L2_2D_P2
VDim: 1
Ordering: 0

0.003521003626433247
0.003586584446977128
0.00365089778833464
0.01561517597008556
0.01590604288732169
0.01619110998286527
0.02769998519878744
0.0282160053641511
0.02872180712761892
0.03472815900821583
0.03537504710622575
0.0360091182568077
0.04680263999576818
0.04767504773128248
0.04853028209895013
0.05887878829833548
0.05997823738056772
0.06105617459918011
0.03637216571189824
0.03698537947065284
0.03758526745614513
0.04902008511880308
0.04984759748580151
0.05065722162332158
0.06167358230877016
0.06271673031531086
0.06373737870512965
0.003687701470703688
0.003749794267267412
0.003810509322893749
0.01635428611549616
0.01662982227816089
0.01689932812117042
0.02901138440484297
0.0295003978092007
0.02997871015197134
0.003845224506835632
0.003903794618472227
0.003960958219289418
0.01705339516920277
0.01731319166170578
0.0175667293320756
0.03025211746502571
0.03071312536911125
0.03116304259219836
0.003993579951050775
0.004048490978947403
0.004101948469542792
0.01771140095195162
0.01795488577985471
0.01819189309238937
0.03141975187164155
0.03185175423901883
0.03227226138503662
0.03939289559109849
0.03993483480251687
0.04046236889370987
0.05309770228413826
0.05382955324433857
0.0545419733427935
0.06681396758267258
0.06773656865044693
0.06863476891574424
0.03792820905623608
0.0385064781548114
0.03907086395180695
0.05112014662945732
0.05190084647993082
0.05266285796028513
0.06432096332610111
0.06530514003813442
0.06626578949344286
0.07201015663009186
0.07311330160399941
0.07419009146757316
0.08522481851206591
0.08653228264282123
0.08780851327174781
0.09843525560088497
0.09994637747098149
0.1014213137508542
0.07480457477859555
0.07583880479517144
0.07684567218841785
0.08853683817700843
0.08976268575905173
0.0909560457044217
0.1022629794146424
0.1036795206196817
0.105058476229626
0.1102464307668401
0.1117736318482743
0.1132602806608867
0.1239352271839865
0.1256519089870788
0.1273229643095544
0.1375864485844033
0.1394915611564683
0.1413459885402166
0.1061195952412971
0.1077488376641114
0.1093390137888263
0.1192963834008163
0.1211277617522906
0.1229152220955753
0.1324378671677546
0.1344705484455445
0.1364544239033205
0.1017365502269598
0.1034637670931935
0.1051534974504603
0.1143695745447424
0.1163110837312169
0.1182104335192134
0.1269690862218046
0.1291241905283751
0.1312324907013604
0.06904284124488271
0.07021205716223063
0.07135604378579556
0.08170810451414383
0.08309381006680802
0.08444958649986598
0.0943701642284395
0.09597203546986746
0.09753921032812232
0.06591039855116496
0.06714262773186569
0.06835081058847156
0.07799540850180046
0.07945592706902685
0.08088791175195166
0.09007756664787608
0.09176631705308626
0.09342195301566476
0.09710771893067481
0.09892881496327806
0.1007141127392409
0.1091662874011951
0.1112134331834463
0.1132202785648499
0.1211935138188173
0.1234658327437269
0.125693379546669
0.1281781074858941
0.1305810581887289
0.1329366363217573
0.1401428698482801
0.1427694654041105
0.1453442466595549
0.1520599113210872
0.1549091214850652
0.1577021485868217
0.1342856769788914
0.1365646797831005
0.1387941496765953
0.14681880771263
0.149309810562234
0.1517466072529524
0.1593016855665211
0.1620037479783699
0.1646469705746564
0.1665432664953636
0.1693676775562738
0.1721305490673386
0.1789365140058599
0.1819700442479782
0.1849374250228927
0.1912646919655193
0.1945060053260393
0.1976765978801876
0.1589732516194325
0.1619516434940468
0.1648712669187084
0.1708054330354946
0.1740046889735123
0.1771406795719178
0.1825767459369407
0.1859951284033576
0.1893458667600784
0.1893987961049177
0.1929441146657936
0.196419269524813
0.2010627698531807
0.2048250471832573
0.2085127138188844
0.2126524084993199
0.2166296873693058
0.2205278186478905
0.219362639637098
0.2234639981228919
0.2274836271160126
0.2308229563665215
0.2351357236932054
0.2393624523566547
0.2421938468668275
0.2467160804426332
0.251147917035064
0.2297852422577139
0.2336727675250519
0.2374749352858671
0.2417826073137309
0.2458702039721639
0.2498678404564596
0.2536853910529806
0.2579708921422937
0.2621618342459773
0.1984093428293375
0.2017709744220994
0.2050591955925298
0.2106243990320482
0.2141912929535512
0.2176801033714328
0.2227599039558168
0.2265300413746438
0.2302174856771488
0.2069389783717802
0.2101086387197817
0.2132018103941123
0.219674471975272
0.2230372321379608
0.2263186968295485
0.2323253342927687
0.2358793140324004
0.2393472030607659
0.2396483076053091
0.2433126561602858
0.2468881279280978
0.2521528321393419
0.2560052180319995
0.2597640086165774
0.2645572355773515
0.2685957329335935
0.2725360303866068
0.2489279478253369
0.252360235296806
0.2557004281388414
0.2619083532316617
0.265516458388681
0.2690276533106692
0.2747838712569816
0.2785660259023022
0.282246499929626
0.2149666727127705
0.2179366012453398
0.2208271815202388
0.2281909196460154
0.2313413882512989
0.2344075307392884
0.2413256952076666
0.244654844262024
0.2478947343771415
0.1804564469459064
0.1829526965154467
0.1853824661827214
0.1938792714584098
0.1965600684867662
0.1991694031823993
0.2072301738992469
0.2100941616064123
0.2128817110872356
0.1737100821510559
0.1763736483413098
0.1789731571484226
0.186633858430327
0.1894945112957976
0.1922862961169103
0.1994891729204971
0.2025455783773504
0.2055282996969521
0.1400687770619595
0.1422181946251519
0.1443159576346761
0.1531397449127038
0.1554890005538962
0.1577817837840995
0.1661581054669033
0.1687063297955203
0.1711932898707667
0.1455129513510262
0.1475273941611039
0.1494882306490533
0.1590900696019557
0.1612918508796035
0.163435057629217
0.1726123703398279
0.1750005861612695
0.1773252278458866
0.1506046616424945
0.1524792934608011
0.1542985462875145
0.1646553398945017
0.1667043526376507
0.1686928108051712
0.1786487816459527
0.1808711329105458
0.1830277449695274
0.1553317838327472
0.1570621625407041
0.1587354783907682
0.169822100538846
0.1717132463584319
0.1735419816286603
0.1842525200303713
0.1863035786205873
0.1882869348882281
0.1926227986627005
0.1947665087481997
0.1968394434160589
0.2069445004192282
0.2092463747302632
0.211472163573221
0.2211871992393939
0.2236458755961611
0.2260231782590536
0.186765854088804
0.1890886392761032
0.1913426924734913
0.2006550011562699
0.2031493762223525
0.2055698943708916
0.2144687344272007
0.2171333268146551
0.219718907492834
0.2224728213186855
0.2252357585624031
0.227916682566644
0.2361530383606092
0.2390835314107119
0.241926914161979
0.2497390892631288
0.2528354685588646
0.255839720471987
0.257601852513803
0.2607940084589271
0.2638911401311612
0.2710263775884559
0.2743818211204622
0.2776372984722601
0.2843415481869292
0.2878586690807611
0.2912709598550476
0.2656497666189983
0.2685944109177127
0.2714413362245667
0.2794858067862107
0.2825809084850407
0.2855732326946336
0.29320848734906
0.2964526510257413
0.2995891133200868
0.2294390826439588
0.2319883208719457
0.2344531275293988
0.2435415129231135
0.2462450763539402
0.2488590212550792
0.2575456272186105
0.2604020303173012
0.2631636900412437
0.2358486478704505
0.2381781417274128
0.2404210320232488
0.2503389499910568
0.2528093012031221
0.2551877484550569
0.2647272211111687
0.2673370742738065
0.2698497694145978
0.2730531170389964
0.2757434728369244
0.2783336316601236
0.2872672987134546
0.2900949814831948
0.2928173365987045
0.301364788422409
0.3043287226523102
0.3071823129936118
0.2797948378797357
0.282224678091028
0.2845520998975328
0.2943531110771018
0.2969069672126944
0.2993532131271917
0.3087921618672133
0.3114692493787612
0.3140335699464021
0.2416864108317222
0.2437907225688394
0.2458064640032723
0.2565295816227708
0.2587609973403313
0.260898427464298
0.2712672991920854
0.2736245297240408
0.2758824143288758
0.2029239374263719
0.204694295999321
0.2063902615277546
0.2180047793335267
0.2199054190984409
0.2217261348428954
0.2329999359332637
0.2350296710894731
0.2369740104307792
0.1980132013854669
0.1999726516260498
0.2018594161822591
0.2127324281078431
0.2148362247141068
0.216861904642498
0.2273691798272456
0.2296160411956389
0.2317794104723502
0.1596829850694905
0.1612647766521492
0.1627879608577271
0.1745774863286005
0.1763061919808053
0.1779708305526652
0.1894099853224911
0.191284819672075
0.1930901381315933
0.1636473936707407
0.1650767485476483
0.1664461017679232
0.1789100603302898
0.1804721015103199
0.1819685554820021
0.1941087202493831
0.1958026968885936
0.1974255160747642
0.12399675189646
0.1250807299105232
0.126119236955441
0.1393889161983509
0.1406070276553009
0.1417740202006662
0.1547364041760126
0.1560881885995158
0.1573832357754764
0.08412109996218056
0.08485593367668856
0.08555997254236807
0.09957601844415538
0.10044647477031
0.1012804324821082
0.1150181734502417
0.1160237934872402
0.1169872299874062
0.08208327359184725
0.08289630121268844
0.08367928385325549
0.09716188832500892
0.09812508265953278
0.09905264385629775
0.1122292412365796
0.1133419902767966
0.1144135432223439
0.1209904905809773
0.1221899550099988
0.1233450082386598
0.1360105040168459
0.137358457562408
0.138656502611658
0.1509871604911648
0.1524830899724213
0.1539236108061684
0.1176911247301685
0.1190031958456999
0.1202720165309207
0.132302876004085
0.1337773014519407
0.1352031122092815
0.1468722831181269
0.1485086607191872
0.1500910984068076
0.1141067640482585
0.1155281690312082
0.1169076502775897
0.1282744234561468
0.1298720280057434
0.1314224128866207
0.1424018306132021
0.1441746971111141
0.1458951696168477
0.07741901939376519
0.07838185552460632
0.07931639678014633
0.09163554667970761
0.09277655929419749
0.09388394994930943
0.1058436435328216
0.1071620922445061
0.1084416829724899
0.07984724536992834
0.08073637468249362
0.08159629769595403
0.09451291165877353
0.09556627791679562
0.09658498427468996
0.1091684596087482
0.1103856344443423
0.1115627101487329
0.04203466415514039
0.0425002919183116
0.04295058900336003
0.05666529899119362
0.05729418669521848
0.05790241892195272
0.0713123733378821
0.07210562742126261
0.07287282680050676
0.04076274364659901
0.04126713621582592
0.04175664235705503
0.05494761111896207
0.05562875087427661
0.05628981966228045
0.06914623763731748
0.07000514695995524
0.07083880179978384
0.004132389913235032
0.004183503660755558
0.004233100732207369
0.01832684074018992
0.01855344135600204
0.01877334855728281
0.03251170057694346
0.03291378334129737
0.03330399469616344
0.004261249145499579
0.00430835774851435
0.004353910250884287
0.01889821950252342
0.01910729419661395
0.01930946824311915
0.03352561442473013
0.03389676510659394
0.03425567834065217
0.004379700134846933
0.0044227487450679
0.004464201670687978
0.01942395367392043
0.01961508438269702
0.01979912594447075
0.03445890887768076
0.03479818629700412
0.03512489615653855
0.04320557423469791
0.04363126072004222
0.04404119634328857
0.0582468686586533
0.05882194960724606
0.05937577228870992
0.073307287579335
0.07403262862090056
0.07473116605180216
0.04427248656785914
0.04465712143814047
0.04502560698755313
0.05968828169517432
0.06020806394991868
0.06070607186729458
0.07512533694036616
0.07578095001073515
0.07640911347220578
0.004487591652423384
0.004526492690685239
0.00456375781991088
0.0199029716748504
0.0200756997612324
0.02024118987991146
0.03530921914802708
0.03561573364884207
0.03590936919788037
0.00458469269532947
0.004619361352250871
0.004652380350416868
0.02033416001500781
0.02048805713151643
0.02063455475786786
0.03607432113556483
0.03634738351713511
0.03660732037284344
0.004670835245968573
0.004701210316914833
0.004729896165247851
0.02071638021550136
0.02085098730087966
0.02097805900953519
0.03675255313932282
0.03699156384627177
0.03721722857813319
0.04608388053258076
0.04638386960133738
0.04666711489768546
0.06213643448419953
0.06254184833545762
0.06292461055919271
0.07821330221812794
0.07872473862356547
0.0792076117892509
0.04523262330611113
0.04557534352404509
0.04590159607549448
0.0609858691251545
0.06144908476742006
0.06189006225331294
0.07676203613528504
0.07734630423647937
0.07790252397183757
0.08595551278463789
0.08661032941291881
0.0872337041479295
0.1017489396881801
0.1025245090856961
0.1032628098324455
0.117528471647901
0.1184244495757746
0.1192773742842492
0.1267026532326199
0.1276684454192246
0.128587822649957
0.1424296091083597
0.1435148468459413
0.1445478817220232
0.158110762581198
0.1593150981469014
0.1604615176429952
0.1291014743488484
0.1299467144347068
0.1307446953603165
0.1451250118103971
0.1460746937232198
0.146971258981642
0.1611020072882456
0.1621559625020043
0.1631509689640682
0.08758200110760075
0.08815517816966581
0.08869634420132193
0.1036753103514201
0.1043541403473493
0.1049950382634097
0.1197539183078065
0.1205381392772531
0.1212785335433577
0.08899654371112477
0.08948668567431801
0.08994431019011907
0.105350545554609
0.1059309614374679
0.1064728464751175
0.1216892386764718
0.122359799434036
0.1229858639321967
0.1311873443557997
0.1319100604268336
0.1325847960205208
0.1474685572101912
0.1482804412519359
0.1490384103471251
0.1637028842322297
0.1646039634752606
0.1654452104830131
0.1329553789368179
0.1335537492174301
0.1341035166243859
0.1494546856469807
0.1501268117070384
0.1507443504567303
0.1659072264853634
0.1666532132452536
0.1673386187568476
0.09019564735404031
0.09060146711752119
0.09097434337377484
0.1067704482803698
0.1072509600852165
0.1076924591474205
0.1233297082131679
0.1238848923108586
0.1243950044343678
0.04745193828493401
0.04766426580229062
0.04785934291677577
0.0639849186315445
0.06427196114304209
0.06453571576033051
0.08054540209350712
0.08090755821802954
0.08124031592666853
0.04682425705088416
0.04708084540239662
0.04732040199087522
0.06313692146597295
0.06348354178343041
0.06380716424018756
0.07947547084350155
0.07991280418827686
0.08032112531415382
0.004745801727266255
0.004771745052837558
0.004795952828129366
0.02104855524888733
0.02116367796507749
0.02127116319647653
0.03734242635614616
0.03754686272716462
0.03773773800370808
0.004809243570291469
0.004830701007274037
0.004850409398827632
0.02133020535000131
0.02142555618012646
0.02151317294955799
0.03784256151304533
0.03801178673242486
0.0381672569420329
0.004861074989490665
0.004878013942497033
0.004893196224507308
0.02156058928974663
0.02163586519964535
0.02170332447912013
0.03825140447845721
0.03838503140619962
0.03850478592898932
0.04796494163412133
0.04813265110061626
0.04828295099152728
0.06467848638688849
0.06490519740915572
0.06510836368544194
0.08142041916454426
0.08170639384397159
0.08196267151392141
0.04836239236168718
0.04848500069215175
0.04859005752692081
0.06521574388953914
0.0653814758784891
0.06552348821093222
0.08209813857310234
0.08230724370785121
0.08248642255064277
0.004901218620949382
0.004913594612845153
0.004924200730211604
0.02173896372052717
0.02179394287989646
0.02184105420182964
0.03856806571202442
0.03866570977266091
0.03874938410946911
0.004929574168783645
0.004937420767202725
0.004943479289908237
0.02186486182106947
0.02189953766253041
0.02192630590376828
0.03879165760145946
0.03885320332857468
0.03890069570182538
0.00494618684723323
0.004949423770245389
0.004950858011985267
0.02193825031540061
0.021952500161067
0.02195879721291424
0.03892185319270142
0.03894704597532279
0.03895815067596359
0.04880647428563407
0.04883807424093419
0.04885200982246034
0.06581609684608711
0.06585892397935431
0.06587784946224574
0.08285560572425456
0.08290960416426452
0.08293344933699758
0.04864311788277306
0.04872034597173377
0.04877993447095445
0.06559521256816769
0.06569960931017622
0.06578017634915384
0.0825769188591693
0.08270863943529672
0.08281029487956193
0.09247202486894193
0.09261964589940112
0.09273356326186209
0.1094658324575682
0.1096405820528116
0.1097754365898801
0.1264437464579554
0.1266456419248803
0.1268014460474278
0.09278434670419547
0.09284489778930667
0.09287166898279747
0.1098355432415842
0.1099071905699772
0.1099388585742674
0.1268708968429889
0.1269536808242803
0.1269902500549966
0.136771784564157
0.1368609863736288
0.1369004004103032
0.1537418100001207
0.1538420079570047
0.1538862727522509
0.1706656415265567
0.1707768823071331
0.1708260312034542
0.1363113945428577
0.1365290026547803
0.1366969378031649
0.1532247100477601
0.1534691263271857
0.1536577420776311
0.1700916415894015
0.1703629449370208
0.170572315625838
0.1355207174505526
0.1358660356256925
0.1361619241013559
0.1523363174413928
0.1527243194157974
0.1530567892235685
0.1691055508015916
0.1695362185887304
0.1699052515476848
0.09193553963223776
0.09216983252260798
0.09237060837415577
0.108830599770525
0.1091080302834181
0.1093457647522978
0.1257098914883159
0.1260303933949511
0.1263050341080268
0.09117615884228129
0.09149660035987553
0.09178375723885433
0.1079314201104164
0.1083108531619531
0.1086508725705092
0.1246710909202993
0.1251094447494036
0.1255022599046475
0.1344010740317347
0.1348735553055854
0.135296958542578
0.1510785948563117
0.1516093335271468
0.1520849383690298
0.1677095965804596
0.1682986623175543
0.1688265373193906
0.1773650858786183
0.1779879200979838
0.1785460542871627
0.1938995518280165
0.194580011062113
0.1951897747486791
0.2103634720688622
0.211101381607676
0.211762635584427
0.2199103348316264
0.2206813737216304
0.221372307845193
0.236237794568717
0.2370651788117208
0.2378065864496205
0.252469414702864
0.2533528298161846
0.2541444443826138
0.2217375142038033
0.2223012348585175
0.2227842676006826
0.2381984654685549
0.2388033562557284
0.2393216611240203
0.2545628622224358
0.2552087229497819
0.2557621374399939
0.1788410650802286
0.1792964299291072
0.1796866231535629
0.1955120784003901
0.1960095821790819
0.1964358814986596
0.2121121539308544
0.2126516621689328
0.2131139617633694
0.1798836941090447
0.1801705301601647
0.1803918785845893
0.1966511837673733
0.1969645550013132
0.1972063883972381
0.2133474477819502
0.213687281997937
0.213949536940426
0.1804905434328387
0.1806081582624433
0.1806601329819071
0.1973141845280545
0.1974426828463559
0.1974994737543475
0.2140664354688266
0.2142057798035112
0.2142673554099961
0.2237793464505199
0.2239248673264362
0.2239891409964828
0.2403893645802215
0.2405454799712379
0.2406144081856778
0.2569022610043319
0.2570690292300355
0.257142692718223
0.2230282158028519
0.2233832641850471
0.2236572418232048
0.2395834200313198
0.2399643856770149
0.2402583562965808
0.2560416323556479
0.2564484243688839
0.2567623413720924
0.2655722749566018
0.2659938983618024
0.2663192411177067
0.2818535340300791
0.2823004311571287
0.282645274000102
0.2980182226918716
0.2984903703355205
0.2988547231845874
0.2664642454874941
0.2666370786513273
0.2667134280930209
0.2827989652878802
0.2829821393052243
0.283063037803412
0.2990171262503637
0.2992106976762354
0.2992962048208211
0.3084002491423445
0.3085997555806472
0.3086878750736242
0.3244197189493606
0.3246294187023608
0.3247220421290394
0.3403105145121456
0.3405303999555863
0.340627537614296
0.3073705839622425
0.3078572886586139
0.3082328581838004
0.3233374887997009
0.3238490381650542
0.3242437797372386
0.3391758656022448
0.3397121825989076
0.3401260433785776
0.3056012751653037
0.3063740378058077
0.3070361798369109
0.3214777852757478
0.3222900323334297
0.3229860063632596
0.3372261637794085
0.3380777136193327
0.3388073695508848
0.2640394926058288
0.264708944294255
0.2652825754957222
0.2802288140528977
0.2809384343432677
0.2815464678384044
0.2963019021084644
0.2970515315037423
0.2976938356162349
0.2618695684598736
0.2627852618711735
0.2636057929251126
0.2779286373064063
0.2788993124006114
0.2797690894601386
0.2938719363016421
0.2948973813152795
0.2958162422853999
0.3030963086946935
0.3041534044643946
0.3051006286749582
0.3188449105968423
0.3199559747950322
0.3209515653054556
0.3344660000193457
0.3356307671143997
0.336674490813431
0.2998614215211888
0.3012004104747212
0.3024305466680977
0.3154448297798903
0.3168522046290389
0.3181451582315119
0.3309017023078782
0.3323770257337911
0.33373243285451
0.2959039749512583
0.297521824688865
0.299032074759596
0.3112853230215049
0.3129857888423535
0.3145731380209004
0.32654149025689
0.3283239806108929
0.3299879330212381
0.255639384843068
0.2570408024165391
0.2583490232821303
0.2713238090897534
0.2728095210054248
0.274196414847498
0.2868948161830676
0.2884642533698918
0.2899293232884143
0.2590674245041935
0.260227286583501
0.2612928651906782
0.2749580224285458
0.2761876424158834
0.2773172848054191
0.2907338602523672
0.2920327829304353
0.2932261041747314
0.2175511177803284
0.2185276025989035
0.2194247557880949
0.2337060418010384
0.2347539732664261
0.2357167256903833
0.2497661919174244
0.250885098895442
0.2519130566801407
0.1754592910408627
0.1762480908830705
0.1769728301657937
0.1918174453111388
0.192679235097819
0.1934710118710736
0.2081056772381567
0.2090401787199234
0.2098987631715999
0.1731284215057383
0.1740812192355211
0.1749707553590096
0.1892706886497935
0.1903117645023885
0.1912836854897455
0.2053440438212749
0.2064729641268508
0.207526885712622
0.2146653466675609
0.2158450330890309
0.2169463225335178
0.2306089174851514
0.2318750347116068
0.233056974608311
0.2464591932196854
0.2478111193115881
0.2490731538092287
0.2112598461827209
0.2126399107260648
0.2139427341895367
0.2269536055350186
0.2284349511624659
0.2298333354231354
0.2425561244446106
0.2441378897120302
0.2456310490954351
0.1703782806170736
0.1714927177399284
0.1725448291716027
0.1862655412045708
0.1874833344240807
0.1886330021536006
0.2020851933668614
0.2034058070502747
0.2046525354261647
0.1672153716214145
0.1684888184968504
0.1697010335594482
0.1828092195257602
0.1842008261453573
0.1855254828735928
0.1983371484114593
0.1998462125761279
0.201282664629441
0.2073429718365871
0.2089200215910213
0.2104211760292958
0.2227489032408629
0.2244418918691409
0.2260533497111798
0.2380661986418007
0.2398740615846464
0.24159482542053
0.2469387441974803
0.2488129456636352
0.2505968181703661
0.2620990295697363
0.2640862687343885
0.265977668226993
0.2771506452959397
0.2792497916290436
0.2812476684986296
0.2515933529163047
0.2532330725165921
0.2547809185171878
0.2670342366736373
0.2687726928382644
0.2704136970065215
0.2823637092665705
0.2842000357522955
0.2859334385030935
0.2912330665031984
0.2931260388056582
0.2949129304096726
0.3063755705232772
0.3083653579601159
0.3102436309287459
0.3213949821528937
0.3234807396023865
0.3254495741612771
0.2858593847687411
0.2880231860372373
0.2900826188390772
0.300727263105913
0.3030016112568012
0.3051662962377738
0.3154739682461602
0.3178581468616944
0.3201273493341824
0.3240003581685558
0.3264479516949532
0.3287774978220689
0.3385461563211714
0.3411017330355303
0.343534054677013
0.352957769003669
0.355620446497135
0.3581546987426126
0.3300788269771829
0.3322200192883063
0.3342411879051019
0.3448928040123918
0.3471284969816327
0.3492388839632841
0.3595703694465705
0.3618996488927024
0.364098306738143
0.3680489404229367
0.3704320607501531
0.3726815034202327
0.3824989086423326
0.3849736402800065
0.3873095693188595
0.3967984967850721
0.3993641584735694
0.4017859883802932
0.3612831231411943
0.364007551132202
0.3666005146173989
0.3754728385369697
0.3783021403289197
0.3809948156753811
0.3895148393496229
0.3924477982971109
0.395239197478095
0.3976182354832283
0.4006111022373283
0.4034595973050782
0.4114184106013486
0.4145138236429026
0.417460004886703
0.4250629400398463
0.4282601919071925
0.4313034028640576
0.4329320565572048
0.4361883545955755
0.4392878793095511
0.4463267665405418
0.4496842509258584
0.4528802833785561
0.4595612732427862
0.4630194076504798
0.4663113232134175
0.44101949527826
0.4438689602566445
0.4465590124952437
0.4546658816765954
0.4576041957654018
0.46037818010875
0.4681505007900196
0.4711769990113516
0.4740343102390583
0.4050508203938351
0.4076690271222039
0.4101404888756184
0.4191058155506491
0.4218138577344851
0.4243701881157849
0.4330034946816061
0.4358010108595477
0.4384419534476661
0.4115111915878106
0.4137488094218515
0.4158376122478873
0.4257879914977409
0.4281025529728535
0.4302632557884051
0.4399067609624468
0.4422981498855853
0.4445306789320634
0.4480510932786828
0.4504870416930322
0.4527612041351166
0.4619168386636964
0.4644288591204044
0.4667740835222919
0.4756192274359531
0.4782068619208047
0.4806228019520625
0.4540101489102134
0.456026692322658
0.4578794516625264
0.4680620996488887
0.470141816182528
0.4720526859807769
0.4819497195551726
0.4840922998703725
0.4860609711560354
0.4169846572968224
0.418836555104701
0.4205379082743214
0.4314498439730832
0.4333656831416192
0.435125858160841
0.4457567457780308
0.4477363353218434
0.4495551171728275
0.378910271710599
0.3805956438733675
0.3821439969581333
0.3937781510456941
0.3955284970830966
0.3971365161219641
0.4084926291177858
0.4103072949062784
0.411974402651993
0.3739290141733695
0.3759654571385337
0.3778663933751112
0.38860506652566
0.3907198949334085
0.3926940383777705
0.4031291544557145
0.4053218153987591
0.4073686369113654
0.3353621494592033
0.3371920900369706
0.3389003454112671
0.3504093381185356
0.3523200552957966
0.3541036717817344
0.365317670641313
0.3673081718089599
0.3691662219605356
0.3398384396690009
0.3413530183356443
0.3427444794496509
0.3550831273399168
0.356664444192731
0.3581171683685485
0.3701865338108062
0.3718338232408859
0.3733471758992545
0.3434975544412183
0.3446932866791584
0.3457647456944428
0.3589033734419715
0.3601516888634784
0.3612702465343642
0.3741662112191449
0.3754666780606951
0.3766319791038185
0.3829819774564731
0.3843125177108823
0.3855047611379819
0.398006767363507
0.3993885191081354
0.4006266331229332
0.4128766382269168
0.4143092006489315
0.4155928725091885
0.3861349176015648
0.3871075939357436
0.3879410277449618
0.401281014799685
0.4022910566969546
0.4031564928142488
0.4162713591940238
0.417318652198461
0.4182160432928618
0.3463310683440134
0.3472052194406589
0.3479542369669513
0.3618614455320119
0.3627739712367081
0.3635558555908388
0.377247897744481
0.3781986043832887
0.3790132236252977
0.3483325084262414
0.3488830493148537
0.3493078830825603
0.3639507245571586
0.3645254328682097
0.3649689222470519
0.3794246328688827
0.3800234181327152
0.3804854932767071
0.3494972359276251
0.349722935584532
0.3498226538859132
0.3651666003487198
0.3654022364961429
0.3655063516136626
0.3806914508778091
0.3809369437422706
0.3810454093487898
0.3896579226989654
0.3899090597930179
0.3900200289240009
0.4049393205318995
0.40520011412208
0.4053153385843101
0.4200649051688893
0.4203354227394298
0.4204549763360384
0.388361932524489
0.3889745241243721
0.3894472338418858
0.4035935532175831
0.4042296629925661
0.4047205303468275
0.4186692674696572
0.4193289273258711
0.4198379852451994
0.4273708672405762
0.4280441584141702
0.4285637351845656
0.4421955929832694
0.442892170230156
0.4434296892409503
0.4568605444443973
0.4575804099339675
0.4581359161899762
0.4287953278558711
0.4290713856217458
0.4291933674706108
0.4436692630934347
0.4439548041906631
0.4440809234565848
0.458383514064507
0.4586786128370854
0.4588089424439303
0.4668730018714825
0.4671736187092208
0.4673063862774957
0.4813285673948289
0.4816385881464599
0.4817754932405786
0.4956177883107699
0.4959372185953877
0.4960782601894786
0.465321502462393
0.4660548596604668
0.4666207714426407
0.4797284503753836
0.4804847998388658
0.4810684407662623
0.4939691509005176
0.4947484215545108
0.4953497629989146
0.4626557185277564
0.4638199887064387
0.4648176360429153
0.4769790098029901
0.4781798210686641
0.4792087770525233
0.4911364053626688
0.4923735886386762
0.49343372766469
0.424923389574189
0.4259923241571476
0.4269082717580504
0.4396633045814393
0.4407692879465477
0.4417169776934187
0.454243701352689
0.4553865994774018
0.4563659368530825
0.4214587029941004
0.4229207645566638
0.4242308966883794
0.4360785285062579
0.4375912402709005
0.438946797348681
0.4505395132781054
0.4521025953459517
0.4535033039575909
0.4588822455391911
0.4604745500293874
0.4619014668305178
0.47308696741656
0.4747292961054392
0.4762010629565203
0.4871265518257052
0.4888185817975219
0.4903349020380783
0.4952206750322168
0.4969413743448667
0.4984833902038471
0.5089900747818747
0.5107596658568785
0.5123455217686768
0.5225843739105973
0.5244026467898228
0.526032187771321
0.5304149059260316
0.5322611572740351
0.5339157391391596
0.5437199429451686
0.5456132675955662
0.5473099474260538
0.5568339669858321
0.5587735865182272
0.5605118026854756
0.5347903602901583
0.5361404431902722
0.537297353815529
0.5482067893793602
0.5495911619742569
0.5507774280011871
0.5614306412085907
0.5628490177509496
0.5640644506423605
0.4992984886259301
0.5005566798402736
0.5016348288595427
0.5131838121914192
0.5144778323100742
0.5155867113820484
0.5268935895429127
0.5282232857777822
0.5293627500944623
0.5021793596014207
0.5029718985007167
0.5035834790238071
0.5161467823762864
0.516961963979538
0.5175910405073388
0.5299382689349307
0.5307759312967206
0.5314223658216539
0.5038560702493913
0.5041809521423721
0.5043244163369602
0.5178714364759898
0.5182056232908981
0.5183532142147238
0.5317105085997453
0.5320539475060457
0.5322056509196487
0.5396809064052627
0.5400295245400918
0.5401834907957072
0.5532213673838088
0.5535788418340841
0.5537367405050732
0.5665685663579819
0.5669348751967036
0.5670966785962693
0.5378816704181512
0.5387321185647311
0.5393883970395102
0.5513765548048145
0.5522485474693217
0.5529214450631252
0.5646783189538566
0.5655717723575465
0.566261242799779
0.5723290195070193
0.5732347031172497
0.5739335958546987
0.5853113615644105
0.5862378252840763
0.586952753681759
0.5980890401739148
0.599036431327396
0.5997675649926493
0.5742450973749275
0.5746163496972188
0.5747803019618483
0.5872714083316478
0.5876511945825698
0.5878189162185676
0.6000934744188083
0.6004819331100536
0.6006535215277465
0.6074612055792925
0.6078546064426842
0.6080283681252393
0.6199531814138356
0.6203549616990769
0.6205324172075506
0.6322329410327939
0.6326431039161291
0.6328242863451305
0.6054310731420296
0.6063906115059139
0.6071311271204007
0.61787966331983
0.6188597384075427
0.6196160692021265
0.6301164825781872
0.6311168340320906
0.6318888249817012
0.6019438275906097
0.6034667356109371
0.604771844630788
0.6143173982052572
0.6158730847669208
0.6172062804473744
0.6264805250102301
0.6280684172570188
0.6294291810861181
0.5690367737164205
0.5704746256325505
0.5717067370080545
0.5819436081271248
0.5834144650838365
0.5846748176167998
0.5946458307526131
0.5961495524235878
0.597438162201686
0.564376881137696
0.566343163906906
0.5681052980619238
0.5771762385822173
0.5791879166225777
0.5809906977060424
0.5897724436957233
0.5918288330391198
0.5936716968196658
0.5970088942131715
0.5990911707701002
0.6009573189260849
0.6092766768697828
0.6114034761010392
0.6133096617917473
0.6213350232320547
0.6235060558992166
0.6254518764168314
0.5906384005629393
0.5932749572073528
0.5956975826537229
0.6027711398170684
0.60546344746253
0.6079374418203159
0.6146945466702444
0.6174425615323191
0.6199679214609279
0.5828486233173558
0.5860326675908069
0.5890055622127738
0.5948171542483975
0.5980682390879573
0.6011038278517872
0.6065773116609335
0.6098949151903895
0.6129928501576718
0.551003793264609
0.5540112192168292
0.5568190010410876
0.5634957999013841
0.5665721597551195
0.5694443595334098
0.5757875168473426
0.5789321889821
0.5818682779498547
0.558361047211501
0.5608508968387668
0.5631386142491455
0.5710218397648492
0.5735689860584329
0.5759093996454685
0.5834808968042726
0.5860848066156836
0.588477401415305
0.5247667654272001
0.5271043391861775
0.5292522513575487
0.5379273078292536
0.5403247662506281
0.5425276041988356
0.5508994941500571
0.5533556927794855
0.5556124691427461
0.4899561104798341
0.4921350053470471
0.4941370398081199
0.5035760630920515
0.5058168005868197
0.5078756669073645
0.5170218280634036
0.5193239726161519
0.5214393410298219
0.4835183037329225
0.486149771441426
0.488606685050036
0.4969553345299356
0.4996615774766442
0.5021883135497645
0.5102201273583378
0.5130003262176394
0.5155961147772076
0.5178605380425042
0.5206834380014562
0.5233191194525055
0.5308436832394917
0.5337391116282146
0.536442505293045
0.5436416963585261
0.5466084300084701
0.5493782727135845
0.509713620539305
0.5130146846773889
0.5161315401608717
0.5224872770342794
0.5258732558721637
0.5290702520624669
0.5350792390452255
0.5385487759192261
0.541824568157377
0.4759235473659161
0.4790010554808983
0.4819065864955437
0.4891453288685763
0.4923099497901011
0.4952978498688393
0.5021966119420176
0.5054476830861392
0.5085173076505993
0.4671897766110047
0.4707060804946245
0.4740533997280213
0.4801650590342038
0.4837804985202435
0.4872223142534489
0.4929715954970941
0.4966854464901267
0.5002211040183436
0.5003470973816802
0.5041178642442198
0.5077077645381002
0.5128801996797623
0.5167477635817553
0.5204298529771939
0.5252348522833893
0.529197919452023
0.5329709836004684
0.5323425901395944
0.5363606685977044
0.5401860284924733
0.5444049288789534
0.548515959348046
0.5524295725576389
0.5562752644032462
0.5604770391074199
0.5644769399591645
0.5423234380494675
0.5458408311080545
0.5491617082127003
0.554616166109962
0.5582143884540309
0.5616114908500816
0.5667117132087125
0.5703893073207518
0.5738614674314023
0.5736595709690284
0.5773829638182278
0.5808984778827206
0.585434776613905
0.5892364255981373
0.5928259471250952
0.5970042093036314
0.6008830100201479
0.6045455110669761
0.5630938627048603
0.567347600710426
0.571397048008558
0.5746482463541358
0.5789906738156541
0.5831247967059618
0.5859991752699489
0.5904294245144107
0.5946473600901343
0.5511764965558673
0.5559504673945429
0.5605243089109189
0.5624836835521622
0.5673566047771269
0.5720252987575011
0.573590038519225
0.5785606574784904
0.5833232893376462
0.5210876819285321
0.5255958827529316
0.5299155643566756
0.5328890572458383
0.5375018691015301
0.5419216774135421
0.5445037209491119
0.5492191681697904
0.5537370762083675
0.5085876907918578
0.5135745159442521
0.5183773681896556
0.5200991436868624
0.5252015682960476
0.5301158285256864
0.5314283234402714
0.5366447214698129
0.5416686629546327
0.5379377463623858
0.5432194643526821
0.5483061492206718
0.5489696178610609
0.5543613833436547
0.5595538103995283
0.5598059431584809
0.5653054316556293
0.5706015927507339
0.5234132420640863
0.5291884663822519
0.5347742967735009
0.5341408403559172
0.540037307405684
0.5457401039802757
0.5446801791330196
0.550694986302086
0.5565119118611828
0.5076413599338631
0.5138951776487667
0.5199652645967948
0.5180378305639488
0.524422756099977
0.5306203509443567
0.5282519801160742
0.5347659831466894
0.5410887653970118
0.4799801027659313
0.4858856909046035
0.491617782823488
0.4908296956828688
0.4968719417751186
0.5027366551396103
0.5015070904546397
0.5076837069733067
0.5136787572100713
0.4948736770928818
0.5003268440866512
0.5056009161814227
0.5060678110134599
0.5116470293411391
0.5170431699531195
0.5170839982836138
0.5227875426122673
0.528304080710263
0.4651763952525238
0.4702961285084817
0.4752474361957804
0.4768111736659058
0.482061130587819
0.4871385713236177
0.4882777264691586
0.493656613986893
0.4988588069421294
0.4511905553335364
0.4567368822853363
0.4621194251596357
0.4624711617470719
0.4681577022294122
0.4736765909883944
0.4735869321921148
0.4794122230996782
0.4850662129596139
0.4213237608332845
0.4265018935885445
0.4315262288184772
0.4330159757300117
0.4383374092482825
0.4435012177666872
0.4445502598998127
0.4500141928082599
0.455316638011323
0.4343793571290859
0.4391571477217164
0.4437770503564842
0.4464337657556204
0.4513448474030217
0.4560939616421688
0.4583280514630982
0.4633713690054688
0.4682486263298271
0.4463929312453161
0.4507600172363562
0.4549653733564205
0.4587831795430478
0.4632728731599882
0.4675964424037381
0.4710105073791545
0.4756215798765099
0.4800621491325927
0.4780512929467461
0.4827324649243817
0.4872406145269974
0.4900139270739635
0.4948145556640155
0.499437889476737
0.5018048520845874
0.5067236098449212
0.5114608265465075
0.4897844534284729
0.494015534164669
0.4980694611200302
0.5020467958555556
0.5063862217346093
0.5105441049110877
0.5141340530750543
0.5185805323356882
0.5228410704309128
0.4573382265788428
0.4612847177236099
0.4650656715336144
0.4700360479091819
0.4740936163524043
0.4779810928646273
0.4825678185510901
0.4867353435101305
0.4907282870568228
0.4238070926939828
0.427462860295472
0.4309648654745809
0.43691905527856
0.4406879456105577
0.4442985165917684
0.4498724629732412
0.4537538175269752
0.4574722949568151
0.4136650995886416
0.4177122458812709
0.421608811874318
0.4264647707532479
0.4306363271338609
0.4346529036631689
0.4391074053065853
0.4434026999800699
0.4475387597402068
0.3799032323993594
0.3836252930289324
0.3872084939912607
0.3930993643375283
0.3969480410894646
0.4006531937969219
0.4061436727128011
0.4101180713263486
0.4139444657317169
0.3892297893406967
0.392590846990039
0.3958100754369476
0.402743349207201
0.4062190959020258
0.4095483543631872
0.4161030884994217
0.4196927936871762
0.4231313950363838
0.3536475486706506
0.3567067990905848
0.3596371395009204
0.3675423758474562
0.3707198872295954
0.3737633943676872
0.3812938572618317
0.3845878473841315
0.3877428134967319
0.3171406686179935
0.3198890503361292
0.3225216344192541
0.3313835953683318
0.3342533783687088
0.3370021848719508
0.3454954660250843
0.3484852917863976
0.351349128826073
0.3095154646585085
0.3125583309583175
0.315487933564063
0.3234211234222217
0.3265986367259842
0.3296578098910913
0.3371998104333242
0.3405103381697246
0.3436975049514538
0.3451595192989168
0.3485467959993675
0.3518078658974053
0.3587263001090093
0.3622444632284147
0.3656315616465367
0.3721536339411796
0.3758012709720695
0.3793128977588163
0.3358377479022698
0.3395455623975896
0.3431301765453257
0.3490446282834862
0.3528955616210501
0.3566185720658879
0.3621153534818071
0.3661081296294658
0.3699682782847559
0.3011421740731429
0.3044726056309572
0.307692518335187
0.3146773073127535
0.3181551061499209
0.3215174990357716
0.3280893452186435
0.331713077678985
0.3352164452680237
0.2920397219326876
0.2956502219195372
0.2991531527803245
0.3051724103579189
0.3089424559914308
0.3126002840756953
0.3181850659320061
0.3221135605008125
0.3259250902352748
0.3257031300016036
0.3297230922954523
0.3336232407869541
0.338518638405478
0.3426939538039704
0.3467446711346414
0.3512022795745313
0.3555310487351936
0.3597307317858056
0.3585228016093217
0.3629402524698042
0.3672260286979669
0.3709894244501562
0.3755579792978581
0.3799902361215419
0.3833137917471215
0.3880312464392161
0.3926077607650904
0.3696595423754019
0.3737341030621792
0.3776732297648008
0.3825068119597176
0.3867202519751216
0.390793504308642
0.3952061765916541
0.3995567211197388
0.4037626230954107
0.4025282076658482
0.4069579396292367
0.4112405436325913
0.4149865931043492
0.4195518631355832
0.4239657722199036
0.4272902755948904
0.4319901094204909
0.4365344310728278
0.390419953924233
0.3952230169679694
0.3998825905674184
0.4025094302603598
0.4074585790450236
0.4122601755441566
0.414446659129687
0.4195409056923367
0.4244836093580179
0.3773661161511339
0.3825319282938473
0.3875586973193385
0.3890587369782553
0.3943816779625922
0.3995612488222735
0.4006032196925704
0.4060814646283023
0.4114122635590396
0.3633966931957371
0.368913602974278
0.3742958649057734
0.3746645080752318
0.3803491507383922
0.3858950843414471
0.3857894010400912
0.3916396534469228
0.3973472886997313
0.333670615773494
0.338744129416814
0.3436940947142443
0.3452884129116434
0.3505353805395016
0.3556543457093862
0.3567737153730642
0.3621919764217229
0.3674779934665695
0.346517805194219
0.3512686338356645
0.3558914502452619
0.358574384032439
0.3634873685032334
0.3682680852671434
0.3704933208644129
0.3755667161842952
0.3805036036329036
0.3147797122231605
0.319102122749507
0.3233085708227961
0.3271716461038707
0.3316618602425553
0.3360314004511383
0.3394378077682006
0.3440934360234951
0.3486236698660154
0.2822283258130356
0.2861109030765733
0.2898890705988572
0.2949279031815369
0.2989818120137017
0.3029267749028391
0.3075105837923006
0.3117344968105537
0.3158450665138861
0.2717297774823738
0.2758757135371525
0.2799207695332959
0.2839658912085964
0.2882949316572045
0.2925185371783268
0.2960896239315805
0.3005998557966442
0.3050002863324721
0.3030931561973887
0.3077081573289702
0.3122109340046088
0.3150315211159361
0.319825525297421
0.3245030846083479
0.3268489376847654
0.3318202799794169
0.3366707444107572
0.2906684348506767
0.2955662214913646
0.3003557496918395
0.3021258357421789
0.3072131342314861
0.3121880576821649
0.3134662268532603
0.3187414396080164
0.3239002723625979
0.260568534969189
0.2649681656503146
0.2692706409837021
0.2723113661288875
0.2769054697102606
0.2813980958673135
0.2839467673447857
0.2887334315039304
0.2934143116369766
0.2487700740090172
0.2534132509672619
0.2579634189647185
0.2599906089761837
0.2648395684985173
0.2695910880789203
0.2711096672865399
0.2761619064255814
0.2811125042817991
0.277533380076825
0.2827028490129792
0.2877683649591788
0.2884824567464944
0.2938519255615449
0.299113523379979
0.2993192969599244
0.3048869148616932
0.3103427118966567
0.3055743913589165
0.3112565101941979
0.3168245382758643
0.3162281104901524
0.3221052952010265
0.3278645022727694
0.3267617720395227
0.3328317515811268
0.3387797683209302
0.3200123406006324
0.3253961741153993
0.3306612494144963
0.3311617763613036
0.3367303939354394
0.3421760009440578
0.342185087756018
0.3479360107765956
0.3535596552445387
0.3485420551367815
0.3543979500253726
0.3601241064572141
0.3593577704871848
0.3653920070955023
0.3712924128640856
0.3700370051233642
0.3762469768047735
0.3823191445272454
0.3328366784384567
0.3390177688972973
0.345074528572652
0.3431732623619552
0.3495430894776188
0.3557845771041937
0.3533802518113562
0.3599360812720903
0.3663596702264142
0.3592604333676256
0.3659232041822622
0.372451492084343
0.3692543535476888
0.3760987466469454
0.3828049155319612
0.3791088805709149
0.3861323607947585
0.3930140654198554
0.3847795508100327
0.3919060546833053
0.3988888715914991
0.3944073601968543
0.4017091651531807
0.4088641904638807
0.4038881952486981
0.4113632889408531
0.4186886083172541
0.4028864502893202
0.4096378823967945
0.4162403370938837
0.4129605923756369
0.419879160179389
0.4266452449560824
0.4228826688889355
0.4299663050269187
0.4368940963615713
0.3761887040281404
0.3824997664224967
0.3886708199808344
0.386643931805278
0.3931270754673273
0.3994666413199294
0.3969536399851369
0.4036069105595036
0.410113205231104
0.392197653988906
0.3981434290825994
0.4039443520520638
0.4030899341780713
0.4091985196552357
0.4151584394397251
0.413831906079557
0.420101422914903
0.4262185530211829
0.4072535045795935
0.4128213562512809
0.4182395268593826
0.4185583381334164
0.4242791339541487
0.4298465760841252
0.429708276017356
0.4355806809852214
0.4412962288374251
0.436125898050884
0.4420861398407629
0.4478875168505984
0.4470266147867381
0.4531368661918898
0.4590846638392397
0.457767042115013
0.4640256083517275
0.4701179969473129
0.4200140143334032
0.4263762990856793
0.4325841998296212
0.4305125217580321
0.4370330565855454
0.4433960512434174
0.4408540513136358
0.4475315477369644
0.4540484227048722
0.4468003176011381
0.4535685429797848
0.4601742442430317
0.4568889986187575
0.4638116257515861
0.4705683367408467
0.4668143303046073
0.4738894256095825
0.4807953600209292
0.4639436235092489
0.4702876890669644
0.4764635031084493
0.4744240319641573
0.4809137267240258
0.4872318048066748
0.4847364566807963
0.4913702824234335
0.4978290485505546
0.4906607017329747
0.4973776286432431
0.5039173116625605
0.5007015375485135
0.5075592479698882
0.5142358411809499
0.5105660359367084
0.5175620117295264
0.5243732155352201
0.4725153296497342
0.4796782994877148
0.486670305302003
0.4821767479139161
0.4894891437460765
0.4966274581156118
0.4916675120485209
0.4991272658743793
0.5064097035375114
0.4532462415835112
0.4608395211511957
0.4682681003311887
0.4625077925032763
0.4702583023838617
0.4778411276122589
0.4716043624619517
0.4795098632487125
0.4872447191188221
0.4285869662009797
0.4357656534287864
0.4427867706553343
0.43826323924954
0.4456037873167294
0.4527840733287889
0.4477805660605805
0.4552813493604983
0.4626191184046781
0.409338132369278
0.416913217839964
0.4243367010301159
0.4185822393465846
0.4263272652008383
0.4339174615996949
0.4276735764456301
0.4355859083774004
0.4433404005620427
0.4328938940972439
0.4409024002318808
0.4487515719752187
0.4417376159779454
0.4499097686881239
0.457920289925021
0.4504215331362956
0.458755389457615
0.4669252696364722
