MFEM mesh v1.0

#
# MFEM Geometry Types (see mesh/geom.hpp):
#
# POINT       = 0
# SEGMENT     = 1
# TRIANGLE    = 2
# SQUARE      = 3
# TETRAHEDRON = 4
# CUBE        = 5
# PRISM       = 6
#

dimension
2

elements
687
1 3 32 35 34 33
1 3 30 36 35 31
1 3 37 38 36 29
1 3 39 40 38 37
1 3 41 39 37 42
1 3 42 37 29 28
1 3 43 44 28 27
1 3 45 42 44 43
1 3 46 45 43 47
1 3 47 43 27 26
1 3 48 47 26 25
1 3 49 48 25 24
1 3 50 51 48 49
1 3 51 46 47 48
1 3 52 53 46 50
1 3 53 41 42 46
1 3 54 55 41 53
1 3 56 54 53 52
1 3 57 58 54 56
1 3 58 59 55 54
1 3 59 60 40 41
1 3 61 62 60 59
1 3 63 5 62 61
1 3 64 65 61 66
1 3 67 63 65 64
1 3 68 67 64 69
1 3 69 64 66 70
1 3 70 66 71 72
1 3 66 61 73 71
1 3 71 73 59 58
1 3 72 71 58 57
1 3 74 72 57 75
1 3 76 74 75 77
1 3 78 79 74 76
1 3 79 70 72 74
1 3 80 69 70 79
1 3 81 68 69 80
1 3 82 81 80 83
1 3 83 80 79 78
1 3 84 83 78 85
1 3 86 82 83 84
1 3 87 86 84 88
1 3 88 84 85 89
1 3 89 85 90 91
1 3 85 78 76 90
1 3 90 76 77 92
1 3 91 90 92 93
1 3 93 92 94 95
1 3 95 94 96 97
1 3 94 98 99 96
1 3 92 77 98 94
1 3 77 75 100 98
1 3 75 57 56 100
1 3 100 56 52 101
1 3 98 100 101 99
1 3 99 101 102 103
1 3 101 52 50 102
1 3 102 50 24 23
1 3 103 102 23 22
1 3 104 103 22 21
1 3 96 99 103 104
1 3 97 96 104 105
1 3 105 104 21 20
1 3 106 97 20 107
1 3 108 106 107 109
1 3 110 111 106 108
1 3 111 93 97 106
1 3 112 89 93 111
1 3 113 87 89 112
1 3 114 113 112 115
1 3 115 112 111 110
1 3 4 114 110 116
1 3 116 110 109 117
1 3 117 109 118 119
1 3 109 107 120 121
1 3 107 20 19 120
1 3 120 19 18 122
1 3 121 120 122 118
1 3 118 122 123 124
1 3 122 125 126 127
1 3 125 18 17 126
1 3 126 17 16 128
1 3 127 126 128 123
1 3 123 128 129 130
1 3 128 16 15 129
1 3 129 15 14 13
1 3 130 129 13 12
1 3 124 123 12 11
1 3 119 118 11 7
1 3 131 117 7 10
1 3 9 131 10 6
1 3 3 132 131 9
1 3 132 4 117 131
1 3 133 134 4 132
1 3 8 133 132 3
1 3 0 135 133 8
1 3 135 1 134 133
1 3 1 136 137 138
1 3 138 137 139 134
1 3 137 140 141 142
1 3 142 141 143 139
1 3 141 144 145 143
1 3 140 146 144 141
1 3 147 148 146 149
1 3 150 151 148 147
1 3 152 150 147 153
1 3 153 147 149 140
1 3 154 152 140 137
1 3 136 155 152 154
1 3 155 156 157 158
1 3 158 157 150 152
1 3 157 159 151 150
1 3 156 160 159 157
1 3 160 161 162 159
1 3 161 163 164 162
1 3 162 164 165 166
1 3 159 162 166 151
1 3 151 166 167 148
1 3 148 167 168 146
1 3 167 169 170 168
1 3 166 165 169 167
1 3 165 171 172 169
1 3 169 172 173 170
1 3 172 174 175 176
1 3 176 175 177 173
1 3 175 178 179 180
1 3 180 179 181 177
1 3 179 182 183 181
1 3 178 184 182 179
1 3 185 186 184 178
1 3 187 185 178 175
1 3 174 188 185 187
1 3 188 189 186 185
1 3 190 191 189 188
1 3 192 193 191 190
1 3 194 192 190 195
1 3 195 190 188 174
1 3 196 194 174 172
1 3 171 197 194 196
1 3 197 198 199 200
1 3 200 199 192 194
1 3 199 201 193 192
1 3 198 202 201 199
1 3 203 204 202 198
1 3 205 203 198 197
1 3 206 207 203 205
1 3 207 208 204 203
1 3 209 210 208 207
1 3 211 212 210 209
1 3 213 211 209 214
1 3 214 209 207 206
1 3 215 213 206 216
1 3 216 206 197 171
1 3 164 215 171 165
1 3 163 217 215 164
1 3 217 218 219 220
1 3 220 219 213 215
1 3 219 221 222 223
1 3 223 222 211 213
1 3 222 224 212 211
1 3 221 225 224 222
1 3 226 227 225 221
1 3 228 226 221 219
1 3 218 229 226 228
1 3 229 230 227 226
1 3 230 231 232 227
1 3 227 232 233 225
1 3 232 234 235 233
1 3 231 236 234 232
1 3 236 237 238 234
1 3 237 239 240 238
1 3 238 240 241 242
1 3 234 238 242 235
1 3 235 242 243 244
1 3 242 241 245 243
1 3 243 245 246 247
1 3 244 243 247 248
1 3 249 244 248 250
1 3 233 235 244 249
1 3 225 233 249 224
1 3 224 249 250 212
1 3 212 250 251 210
1 3 250 248 252 251
1 3 251 252 253 254
1 3 210 251 254 208
1 3 208 254 255 204
1 3 204 255 256 202
1 3 255 257 258 256
1 3 254 253 257 255
1 3 253 259 260 257
1 3 257 260 261 258
1 3 260 262 263 261
1 3 259 264 262 260
1 3 265 266 264 259
1 3 252 265 259 253
1 3 248 247 265 252
1 3 247 246 266 265
1 3 246 267 268 264
1 3 264 268 269 263
1 3 268 270 271 269
1 3 267 272 270 268
1 3 273 274 272 267
1 3 241 273 267 246
1 3 239 275 273 241
1 3 275 276 274 273
1 3 276 2 277 271
1 3 271 278 279 280
1 3 278 277 281 279
1 3 279 281 282 283
1 3 280 279 283 284
1 3 285 286 284 287
1 3 288 285 287 289
1 3 290 291 285 288
1 3 291 280 286 285
1 3 292 293 280 291
1 3 269 271 293 292
1 3 263 269 292 294
1 3 294 292 291 290
1 3 295 296 290 297
1 3 298 295 297 299
1 3 300 301 295 298
1 3 301 294 296 295
1 3 302 303 294 301
1 3 261 263 303 302
1 3 258 261 302 304
1 3 304 302 301 300
1 3 305 304 300 306
1 3 256 258 304 305
1 3 202 256 305 201
1 3 201 305 306 193
1 3 193 306 307 191
1 3 306 300 298 307
1 3 307 298 299 308
1 3 191 307 308 189
1 3 189 308 309 186
1 3 186 309 310 184
1 3 309 311 312 310
1 3 308 299 311 309
1 3 299 297 313 311
1 3 297 290 314 313
1 3 313 314 288 315
1 3 311 313 315 312
1 3 312 315 316 317
1 3 315 288 318 316
1 3 316 318 289 319
1 3 317 316 319 320
1 3 321 317 320 322
1 3 310 312 317 321
1 3 184 310 321 182
1 3 182 321 322 183
1 3 183 289 323 324
1 3 324 323 325 326
1 3 323 327 328 325
1 3 289 284 327 323
1 3 284 282 329 328
1 3 328 330 331 332
1 3 330 329 333 331
1 3 331 333 334 335
1 3 332 331 335 336
1 3 337 338 336 339
1 3 340 337 339 341
1 3 342 343 337 340
1 3 343 332 338 337
1 3 325 328 332 342
1 3 326 325 342 344
1 3 344 342 341 345
1 3 346 344 345 347
1 3 348 346 347 349
1 3 350 351 346 348
1 3 351 326 344 346
1 3 352 324 326 351
1 3 173 183 324 352
1 3 170 173 352 353
1 3 353 352 351 350
1 3 354 353 350 355
1 3 168 170 353 354
1 3 146 168 354 356
1 3 356 354 355 144
1 3 144 355 357 358
1 3 355 350 348 357
1 3 357 348 349 359
1 3 358 357 359 145
1 3 145 359 360 361
1 3 359 362 363 364
1 3 362 365 366 367
1 3 365 349 368 366
1 3 366 368 369 370
1 3 367 366 370 363
1 3 363 370 371 372
1 3 370 369 373 371
1 3 371 373 374 375
1 3 372 371 375 376
1 3 364 363 376 360
1 3 360 376 377 378
1 3 376 375 379 380
1 3 375 374 381 379
1 3 379 381 382 383
1 3 380 379 383 377
1 3 377 383 384 385
1 3 383 382 386 384
1 3 384 386 387 388
1 3 385 384 388 389
1 3 378 377 389 390
1 3 361 360 390 391
1 3 391 390 392 393
1 3 393 392 394 395
1 3 392 396 397 398
1 3 398 397 399 394
1 3 397 400 401 402
1 3 402 401 403 399
1 3 401 404 405 403
1 3 400 406 404 401
1 3 407 408 406 400
1 3 409 407 400 397
1 3 396 410 407 409
1 3 410 411 408 407
1 3 412 413 411 410
1 3 414 415 413 412
1 3 416 414 412 417
1 3 417 412 410 396
1 3 418 416 396 392
1 3 390 389 416 418
1 3 389 387 415 416
1 3 387 419 420 415
1 3 419 421 422 420
1 3 420 422 423 424
1 3 425 426 424 427
1 3 428 420 426 425
1 3 415 428 425 413
1 3 413 425 427 411
1 3 411 427 429 408
1 3 427 424 430 429
1 3 429 430 431 432
1 3 408 429 432 406
1 3 406 432 433 404
1 3 404 433 434 405
1 3 433 435 436 434
1 3 432 431 435 433
1 3 431 437 438 436
1 3 424 423 437 431
1 3 423 439 440 441
1 3 439 442 443 444
1 3 442 445 446 443
1 3 443 446 447 448
1 3 444 443 448 440
1 3 440 448 449 450
1 3 448 447 451 449
1 3 449 451 452 453
1 3 450 449 453 454
1 3 441 440 454 437
1 3 437 454 455 456
1 3 456 455 457 438
1 3 455 458 459 460
1 3 460 459 461 457
1 3 459 462 463 461
1 3 458 464 462 459
1 3 465 466 464 458
1 3 467 465 458 455
1 3 454 453 465 467
1 3 453 452 466 465
1 3 452 468 469 466
1 3 468 470 471 469
1 3 469 471 472 473
1 3 466 469 473 464
1 3 464 473 474 462
1 3 462 474 475 463
1 3 474 476 477 475
1 3 473 472 476 474
1 3 472 478 479 476
1 3 476 479 480 477
1 3 479 481 482 480
1 3 478 483 481 479
1 3 484 485 483 478
1 3 471 484 478 472
1 3 470 486 484 471
1 3 486 487 485 484
1 3 488 489 487 486
1 3 490 491 489 488
1 3 492 490 488 493
1 3 493 488 486 470
1 3 494 493 470 468
1 3 451 494 468 452
1 3 447 495 494 451
1 3 495 492 493 494
1 3 496 497 492 495
1 3 446 496 495 447
1 3 445 498 496 446
1 3 498 499 497 496
1 3 499 500 501 497
1 3 497 501 490 492
1 3 501 502 491 490
1 3 500 503 502 501
1 3 504 505 503 500
1 3 506 504 500 499
1 3 507 508 504 506
1 3 508 509 505 504
1 3 510 511 509 508
1 3 512 513 511 510
1 3 514 512 510 515
1 3 515 510 508 507
1 3 516 515 507 517
1 3 518 514 515 516
1 3 519 518 516 520
1 3 520 516 517 521
1 3 521 517 522 523
1 3 517 507 506 522
1 3 522 506 499 498
1 3 523 522 498 445
1 3 524 523 445 442
1 3 525 521 523 524
1 3 526 525 524 527
1 3 527 524 442 439
1 3 528 526 439 423
1 3 422 529 526 528
1 3 529 530 531 532
1 3 532 531 525 526
1 3 531 520 521 525
1 3 530 519 520 531
1 3 533 534 519 530
1 3 535 536 534 533
1 3 537 535 533 538
1 3 538 533 530 529
1 3 539 537 529 422
1 3 421 540 537 539
1 3 540 541 542 543
1 3 543 542 535 537
1 3 542 544 536 535
1 3 541 545 544 542
1 3 545 546 547 544
1 3 546 548 549 547
1 3 547 549 550 551
1 3 544 547 551 536
1 3 536 551 552 534
1 3 534 552 518 519
1 3 552 553 514 518
1 3 551 550 553 552
1 3 550 554 555 553
1 3 553 555 512 514
1 3 555 556 513 512
1 3 554 557 556 555
1 3 558 559 557 554
1 3 549 558 554 550
1 3 548 560 558 549
1 3 560 561 559 558
1 3 562 563 561 560
1 3 564 565 563 562
1 3 566 564 562 567
1 3 567 562 560 548
1 3 568 567 548 546
1 3 569 568 546 545
1 3 570 571 568 569
1 3 571 566 567 568
1 3 572 573 566 571
1 3 574 572 571 570
1 3 575 576 572 574
1 3 576 577 573 572
1 3 577 578 579 573
1 3 573 579 564 566
1 3 579 580 565 564
1 3 578 581 580 579
1 3 582 583 581 578
1 3 584 582 578 577
1 3 585 586 582 584
1 3 586 587 583 582
1 3 588 589 587 586
1 3 590 591 589 588
1 3 592 590 588 593
1 3 593 588 586 585
1 3 594 593 585 595
1 3 596 592 593 594
1 3 597 596 594 598
1 3 598 594 595 599
1 3 599 595 600 601
1 3 595 585 584 600
1 3 600 584 577 576
1 3 601 600 576 575
1 3 602 601 575 603
1 3 604 602 603 605
1 3 606 607 602 604
1 3 607 599 601 602
1 3 608 598 599 607
1 3 609 597 598 608
1 3 610 609 608 611
1 3 611 608 607 606
1 3 612 610 606 613
1 3 613 606 605 614
1 3 614 605 615 616
1 3 605 603 617 618
1 3 603 575 574 617
1 3 617 574 570 619
1 3 618 617 619 615
1 3 615 619 620 621
1 3 619 570 569 620
1 3 620 569 545 541
1 3 621 620 541 540
1 3 616 615 540 421
1 3 622 614 421 419
1 3 623 624 419 625
1 3 386 623 625 387
1 3 382 626 623 386
1 3 626 622 624 623
1 3 627 628 622 626
1 3 381 627 626 382
1 3 374 629 627 381
1 3 629 630 628 627
1 3 630 612 614 622
1 3 631 632 612 630
1 3 633 634 630 629
1 3 373 633 629 374
1 3 369 635 633 373
1 3 635 631 634 633
1 3 636 637 631 635
1 3 368 636 635 369
1 3 349 638 636 368
1 3 638 639 637 636
1 3 639 347 632 631
1 3 347 640 641 642
1 3 640 643 644 645
1 3 643 646 647 644
1 3 644 647 648 649
1 3 645 644 649 641
1 3 641 649 650 651
1 3 649 648 652 650
1 3 650 652 653 654
1 3 651 650 654 655
1 3 642 641 655 632
1 3 632 655 656 657
1 3 657 656 610 612
1 3 656 658 659 660
1 3 660 659 609 610
1 3 659 661 597 609
1 3 658 662 661 659
1 3 663 664 662 658
1 3 665 663 658 656
1 3 655 654 663 665
1 3 654 653 664 663
1 3 653 666 667 664
1 3 666 668 669 667
1 3 667 669 670 671
1 3 664 667 671 662
1 3 662 671 672 661
1 3 661 672 596 597
1 3 672 673 592 596
1 3 671 670 673 672
1 3 670 674 675 673
1 3 673 675 590 592
1 3 675 676 591 590
1 3 674 677 676 675
1 3 678 679 677 674
1 3 669 678 674 670
1 3 668 680 678 669
1 3 680 681 679 678
1 3 682 683 681 680
1 3 684 685 683 682
1 3 686 684 682 687
1 3 687 682 680 668
1 3 688 687 668 666
1 3 652 688 666 653
1 3 648 689 688 652
1 3 689 686 687 688
1 3 690 691 686 689
1 3 647 690 689 648
1 3 646 692 690 647
1 3 692 693 691 690
1 3 693 694 695 691
1 3 691 695 684 686
1 3 695 696 685 684
1 3 694 345 696 695
1 3 345 697 698 696
1 3 697 699 700 698
1 3 698 700 701 702
1 3 696 698 702 685
1 3 685 702 703 683
1 3 683 703 704 681
1 3 703 705 706 704
1 3 702 701 705 703
1 3 701 707 708 705
1 3 705 708 709 706
1 3 708 710 711 709
1 3 707 712 710 708
1 3 713 714 712 707
1 3 700 713 707 701
1 3 699 715 713 700
1 3 715 716 714 713
1 3 716 717 718 714
1 3 714 718 719 712
1 3 718 720 721 719
1 3 717 722 720 718
1 3 722 723 724 720
1 3 723 341 725 724
1 3 724 725 726 727
1 3 720 724 727 721
1 3 721 727 728 729
1 3 727 726 730 728
1 3 728 730 731 732
1 3 729 728 732 733
1 3 734 729 733 735
1 3 719 721 729 734
1 3 712 719 734 710
1 3 710 734 735 711
1 3 711 735 736 737
1 3 737 736 738 739
1 3 736 740 741 738
1 3 735 733 740 736
1 3 733 731 742 741
1 3 741 742 743 744
1 3 745 746 744 747
1 3 738 741 746 745
1 3 739 738 745 748
1 3 748 745 747 749
1 3 750 748 749 751
1 3 752 750 751 753
1 3 754 755 750 752
1 3 755 739 748 750
1 3 756 737 739 755
1 3 709 711 737 756
1 3 706 709 756 757
1 3 757 756 755 754
1 3 758 757 754 759
1 3 704 706 757 758
1 3 681 704 758 679
1 3 679 758 759 677
1 3 677 759 760 676
1 3 759 754 752 760
1 3 760 752 753 761
1 3 676 760 761 591
1 3 591 761 762 589
1 3 589 762 763 587
1 3 762 764 765 763
1 3 761 753 764 762
1 3 753 751 766 764
1 3 751 749 767 766
1 3 766 767 768 769
1 3 764 766 769 765
1 3 765 769 770 771
1 3 769 768 772 770
1 3 770 772 773 774
1 3 771 770 774 775
1 3 776 771 775 777
1 3 763 765 771 776
1 3 587 763 776 583
1 3 583 776 777 581
1 3 581 777 778 580
1 3 777 775 779 778
1 3 778 779 780 781
1 3 580 778 781 565
1 3 565 781 782 563
1 3 563 782 783 561
1 3 782 784 785 783
1 3 781 780 784 782
1 3 780 786 787 784
1 3 784 787 788 785
1 3 787 789 790 788
1 3 786 791 789 787
1 3 792 793 791 786
1 3 779 792 786 780
1 3 775 774 792 779
1 3 774 773 793 792
1 3 773 794 795 793
1 3 794 796 797 795
1 3 795 797 798 799
1 3 793 795 799 791
1 3 791 799 800 789
1 3 789 800 801 790
1 3 800 802 803 801
1 3 799 798 802 800
1 3 798 804 805 802
1 3 802 805 806 803
1 3 805 807 808 806
1 3 804 809 807 805
1 3 810 811 809 804
1 3 797 810 804 798
1 3 796 812 810 797
1 3 812 813 811 810
1 3 814 815 813 812
1 3 816 817 815 814
1 3 818 816 814 819
1 3 819 814 812 796
1 3 820 819 796 794
1 3 772 820 794 773
1 3 768 821 820 772
1 3 821 818 819 820
1 3 822 823 818 821
1 3 767 822 821 768
1 3 749 747 822 767
1 3 747 744 823 822
1 3 744 824 825 823

boundary
137
2 1 35 34
2 1 36 35
2 1 38 36
2 1 40 38
2 1 60 40
2 1 62 60
2 1 5 62
1 1 0 135
1 1 135 1
1 1 1 136
1 1 136 155
1 1 155 156
1 1 156 160
1 1 160 161
1 1 161 163
1 1 163 217
1 1 217 218
1 1 218 229
1 1 229 230
1 1 230 231
1 1 231 236
1 1 236 237
1 1 237 239
1 1 239 275
1 1 275 276
1 1 276 2
2 1 2 277
2 1 277 281
2 1 281 282
2 1 282 329
2 1 329 333
2 1 333 334
19 1 34 33
19 1 33 32
19 1 63 5
19 1 67 63
19 1 68 67
19 1 81 68
19 1 82 81
19 1 86 82
19 1 87 86
19 1 21 20
19 1 113 87
19 1 114 113
19 1 4 114
19 1 18 17
19 1 17 16
19 1 16 15
19 1 15 14
19 1 14 13
19 1 13 12
19 1 12 11
19 1 11 7
19 1 7 10
19 1 10 6
19 1 6 9
19 1 9 3
19 1 3 8
19 1 8 0
19 1 139 134
19 1 143 139
19 1 145 143
19 1 394 395
19 1 481 482
19 1 483 481
19 1 485 483
19 1 487 485
19 1 489 487
19 1 491 489
19 1 502 491
19 1 503 502
19 1 505 503
19 1 509 505
19 1 511 509
19 1 513 511
19 1 556 513
19 1 557 556
19 1 559 557
19 1 561 559
19 1 341 725
19 1 725 726
19 1 726 730
19 1 730 731
19 1 783 561
19 1 785 783
19 1 788 785
19 1 790 788
19 1 801 790
19 1 803 801
19 1 807 808
19 1 809 807
19 1 811 809
19 1 813 811
19 1 815 813
19 1 816 817
19 1 817 815
19 1 818 816
19 1 823 818
19 1 824 825
19 1 825 823
19 1 31 30
19 1 29 28
19 1 28 27
19 1 27 26
19 1 26 25
19 1 25 24
19 1 24 23
19 1 23 22
19 1 22 21
19 1 20 19
19 1 19 18
19 1 134 4
19 1 334 335
19 1 335 336
19 1 336 339
19 1 339 341
19 1 731 742
19 1 742 743
19 1 806 803
19 1 808 806
19 1 475 463
19 1 477 475
19 1 480 477
19 1 482 480
19 1 457 438
19 1 461 457
19 1 463 461
19 1 434 405
19 1 436 434
19 1 438 436
19 1 399 394
19 1 403 399
19 1 405 403
19 1 393 391
19 1 395 393
19 1 361 145
19 1 391 361

vertices
826
2
1.75 0
1.875 0
2 0
1.75 0.125
1.875 0.125
2 0.125
1.75 0.25
1.875 0.25
1.75 0.0625
1.75 0.1875
1.8125 0.25
1.90625 0.25
1.921875 0.25
1.9296875 0.25
1.9375 0.25
1.9375 0.2421875
1.9375 0.234375
1.9375 0.2265625
1.9375 0.21875
1.9375 0.203125
1.9375 0.1875
1.9453125 0.1875
1.953125 0.1875
1.9609375 0.1875
1.96875 0.1875
1.9726562 0.1875
1.9765625 0.1875
1.9804688 0.1875
1.984375 0.1875
1.9921875 0.1875
1.9960938 0.1875
1.9960938 0.19140625
1.9980469 0.19140625
1.9980469 0.19335938
2 0.19335938
2 0.19140625
2 0.1875
1.9921875 0.1796875
2 0.1796875
1.9921875 0.171875
2 0.171875
1.984375 0.171875
1.984375 0.1796875
1.9804688 0.18359375
1.984375 0.18359375
1.9804688 0.1796875
1.9765625 0.1796875
1.9765625 0.18359375
1.9726562 0.18359375
1.96875 0.18359375
1.96875 0.1796875
1.9726562 0.1796875
1.96875 0.171875
1.9765625 0.171875
1.9765625 0.1640625
1.984375 0.1640625
1.96875 0.1640625
1.96875 0.15625
1.9765625 0.15625
1.984375 0.15625
2 0.15625
1.984375 0.140625
2 0.140625
1.984375 0.125
1.9765625 0.1328125
1.984375 0.1328125
1.9765625 0.140625
1.9765625 0.125
1.96875 0.125
1.96875 0.1328125
1.96875 0.140625
1.9765625 0.1484375
1.96875 0.1484375
1.984375 0.1484375
1.9609375 0.1484375
1.9609375 0.15625
1.953125 0.1484375
1.953125 0.15625
1.953125 0.140625
1.9609375 0.140625
1.9609375 0.1328125
1.9609375 0.125
1.953125 0.125
1.953125 0.1328125
1.9453125 0.1328125
1.9453125 0.140625
1.9453125 0.125
1.9375 0.125
1.9375 0.1328125
1.9375 0.140625
1.9453125 0.1484375
1.9375 0.1484375
1.9453125 0.15625
1.9375 0.15625
1.9453125 0.1640625
1.9375 0.1640625
1.9453125 0.171875
1.9375 0.171875
1.953125 0.1640625
1.953125 0.171875
1.9609375 0.1640625
1.9609375 0.171875
1.9609375 0.1796875
1.953125 0.1796875
1.9453125 0.1796875
1.9375 0.1796875
1.921875 0.171875
1.921875 0.1875
1.90625 0.171875
1.90625 0.1875
1.90625 0.15625
1.921875 0.15625
1.921875 0.140625
1.921875 0.125
1.90625 0.125
1.90625 0.140625
1.875 0.15625
1.875 0.1875
1.90625 0.21875
1.875 0.21875
1.921875 0.203125
1.90625 0.203125
1.921875 0.21875
1.921875 0.234375
1.90625 0.234375
1.9296875 0.21875
1.9296875 0.2265625
1.921875 0.2265625
1.9296875 0.234375
1.9296875 0.2421875
1.921875 0.2421875
1.8125 0.1875
1.8125 0.125
1.8125 0.0625
1.875 0.0625
1.8125 0
1.90625 0
1.90625 0.03125
1.875 0.03125
1.90625 0.0625
1.921875 0.03125
1.921875 0.046875
1.90625 0.046875
1.921875 0.0625
1.9375 0.046875
1.9375 0.0625
1.9375 0.03125
1.9296875 0.0234375
1.9375 0.0234375
1.9296875 0.03125
1.9296875 0.015625
1.9375 0.015625
1.921875 0.015625
1.921875 0.0234375
1.90625 0.015625
1.921875 0
1.9296875 0
1.9296875 0.0078125
1.921875 0.0078125
1.9375 0.0078125
1.9375 0
1.9453125 0
1.9453125 0.0078125
1.953125 0
1.953125 0.0078125
1.953125 0.015625
1.9453125 0.015625
1.9453125 0.0234375
1.9453125 0.03125
1.953125 0.0234375
1.953125 0.03125
1.9609375 0.015625
1.9609375 0.0234375
1.9609375 0.03125
1.9648438 0.0234375
1.9648438 0.02734375
1.9609375 0.02734375
1.9648438 0.03125
1.9667969 0.02734375
1.9667969 0.029296875
1.9648438 0.029296875
1.9667969 0.03125
1.96875 0.029296875
1.96875 0.03125
1.96875 0.02734375
1.9667969 0.025390625
1.96875 0.025390625
1.9648438 0.025390625
1.9667969 0.0234375
1.96875 0.0234375
1.9667969 0.021484375
1.96875 0.021484375
1.9667969 0.01953125
1.96875 0.01953125
1.9648438 0.01953125
1.9648438 0.021484375
1.9609375 0.01953125
1.9648438 0.015625
1.9667969 0.015625
1.9667969 0.017578125
1.9648438 0.017578125
1.96875 0.017578125
1.96875 0.015625
1.9667969 0.013671875
1.96875 0.013671875
1.9648438 0.013671875
1.9648438 0.01171875
1.9667969 0.01171875
1.96875 0.01171875
1.9667969 0.009765625
1.96875 0.009765625
1.9667969 0.0078125
1.96875 0.0078125
1.9648438 0.0078125
1.9648438 0.009765625
1.9609375 0.0078125
1.9609375 0.01171875
1.9609375 0
1.9648438 0
1.9648438 0.00390625
1.9609375 0.00390625
1.9667969 0.00390625
1.9667969 0.005859375
1.9648438 0.005859375
1.96875 0.005859375
1.96875 0.00390625
1.9667969 0.001953125
1.96875 0.001953125
1.9648438 0.001953125
1.9667969 0
1.96875 0
1.9707031 0
1.9707031 0.001953125
1.9707031 0.00390625
1.9726562 0.001953125
1.9726562 0.00390625
1.9726562 0
1.9746094 0
1.9746094 0.001953125
1.9765625 0
1.9765625 0.001953125
1.9765625 0.00390625
1.9746094 0.00390625
1.9746094 0.005859375
1.9726562 0.005859375
1.9765625 0.005859375
1.9765625 0.0078125
1.9746094 0.0078125
1.9726562 0.0078125
1.9707031 0.005859375
1.9707031 0.0078125
1.9707031 0.009765625
1.9726562 0.009765625
1.9726562 0.01171875
1.9707031 0.01171875
1.9707031 0.013671875
1.9707031 0.015625
1.9726562 0.013671875
1.9726562 0.015625
1.9746094 0.01171875
1.9746094 0.013671875
1.9746094 0.015625
1.9765625 0.013671875
1.9765625 0.015625
1.9765625 0.01171875
1.9746094 0.009765625
1.9765625 0.009765625
1.9804688 0.0078125
1.9804688 0.01171875
1.9804688 0.015625
1.984375 0.01171875
1.984375 0.015625
1.984375 0.0078125
1.9804688 0.00390625
1.984375 0.00390625
1.9804688 0
1.984375 0
2 0.015625
1.9921875 0.015625
1.9921875 0.0234375
1.984375 0.0234375
2 0.0234375
2 0.03125
1.9921875 0.03125
1.984375 0.03125
1.9804688 0.02734375
1.984375 0.02734375
1.9804688 0.03125
1.9765625 0.02734375
1.9765625 0.03125
1.9765625 0.0234375
1.9804688 0.0234375
1.9804688 0.01953125
1.984375 0.01953125
1.9765625 0.01953125
1.9746094 0.021484375
1.9765625 0.021484375
1.9746094 0.0234375
1.9726562 0.021484375
1.9726562 0.0234375
1.9726562 0.01953125
1.9746094 0.01953125
1.9746094 0.017578125
1.9765625 0.017578125
1.9726562 0.017578125
1.9707031 0.017578125
1.9707031 0.01953125
1.9707031 0.021484375
1.9707031 0.0234375
1.9707031 0.025390625
1.9707031 0.02734375
1.9726562 0.025390625
1.9726562 0.02734375
1.9746094 0.025390625
1.9765625 0.025390625
1.9746094 0.02734375
1.9746094 0.029296875
1.9726562 0.029296875
1.9765625 0.029296875
1.9746094 0.03125
1.9726562 0.03125
1.9707031 0.029296875
1.9707031 0.03125
1.9765625 0.0390625
1.96875 0.0390625
1.9765625 0.046875
1.96875 0.046875
1.984375 0.0390625
1.984375 0.046875
2 0.046875
1.9921875 0.046875
1.9921875 0.0546875
1.984375 0.0546875
2 0.0546875
2 0.0625
1.9921875 0.0625
1.984375 0.0625
1.9804688 0.05859375
1.984375 0.05859375
1.9804688 0.0625
1.9765625 0.05859375
1.9765625 0.0625
1.9765625 0.0546875
1.9804688 0.0546875
1.96875 0.0546875
1.96875 0.0625
1.9609375 0.0546875
1.9609375 0.0625
1.953125 0.0546875
1.953125 0.0625
1.953125 0.046875
1.9609375 0.046875
1.9609375 0.0390625
1.953125 0.0390625
1.9453125 0.0390625
1.9453125 0.046875
1.9375 0.0390625
1.9453125 0.0546875
1.9375 0.0546875
1.9453125 0.0625
1.9453125 0.0703125
1.9375 0.0703125
1.9492188 0.0625
1.9492188 0.06640625
1.9453125 0.06640625
1.9511719 0.0625
1.9511719 0.064453125
1.9492188 0.064453125
1.953125 0.064453125
1.953125 0.06640625
1.9511719 0.06640625
1.9511719 0.068359375
1.9492188 0.068359375
1.953125 0.068359375
1.953125 0.0703125
1.9511719 0.0703125
1.9492188 0.0703125
1.9492188 0.07421875
1.9453125 0.07421875
1.9511719 0.072265625
1.9492188 0.072265625
1.953125 0.072265625
1.953125 0.07421875
1.9511719 0.07421875
1.9511719 0.076171875
1.9492188 0.076171875
1.953125 0.076171875
1.953125 0.078125
1.9511719 0.078125
1.9492188 0.078125
1.9453125 0.078125
1.9375 0.078125
1.9453125 0.0859375
1.9375 0.0859375
1.9453125 0.09375
1.9375 0.09375
1.9492188 0.0859375
1.9492188 0.08984375
1.9453125 0.08984375
1.9492188 0.09375
1.9511719 0.08984375
1.9511719 0.091796875
1.9492188 0.091796875
1.9511719 0.09375
1.953125 0.091796875
1.953125 0.09375
1.953125 0.08984375
1.9511719 0.087890625
1.953125 0.087890625
1.9492188 0.087890625
1.9511719 0.0859375
1.953125 0.0859375
1.9511719 0.083984375
1.953125 0.083984375
1.9511719 0.08203125
1.953125 0.08203125
1.9492188 0.08203125
1.9492188 0.083984375
1.9453125 0.08203125
1.9570312 0.078125
1.9570312 0.08203125
1.9609375 0.078125
1.9609375 0.08203125
1.9609375 0.0859375
1.9570312 0.0859375
1.9550781 0.083984375
1.9570312 0.083984375
1.9550781 0.0859375
1.9550781 0.08203125
1.9550781 0.087890625
1.9570312 0.087890625
1.9570312 0.08984375
1.9550781 0.08984375
1.9550781 0.091796875
1.9550781 0.09375
1.9570312 0.091796875
1.9570312 0.09375
1.9609375 0.08984375
1.9609375 0.09375
1.9628906 0.0859375
1.9628906 0.087890625
1.9609375 0.087890625
1.9638672 0.0859375
1.9638672 0.086914062
1.9628906 0.086914062
1.9648438 0.0859375
1.9648438 0.086914062
1.9648438 0.087890625
1.9638672 0.087890625
1.9638672 0.088867188
1.9628906 0.088867188
1.9648438 0.088867188
1.9648438 0.08984375
1.9638672 0.08984375
1.9628906 0.08984375
1.9628906 0.091796875
1.9609375 0.091796875
1.9628906 0.09375
1.9638672 0.091796875
1.9638672 0.092773438
1.9628906 0.092773438
1.9638672 0.09375
1.9648438 0.092773438
1.9648438 0.09375
1.9648438 0.091796875
1.9638672 0.090820312
1.9648438 0.090820312
1.9628906 0.090820312
1.9658203 0.08984375
1.9658203 0.090820312
1.9667969 0.08984375
1.9667969 0.090820312
1.9667969 0.091796875
1.9658203 0.091796875
1.9658203 0.092773438
1.9658203 0.09375
1.9667969 0.092773438
1.9667969 0.09375
1.9677734 0.091796875
1.9677734 0.092773438
1.9677734 0.09375
1.96875 0.092773438
1.96875 0.09375
1.96875 0.091796875
1.9677734 0.090820312
1.96875 0.090820312
1.9677734 0.08984375
1.96875 0.08984375
1.9677734 0.088867188
1.96875 0.088867188
1.9677734 0.087890625
1.96875 0.087890625
1.9667969 0.087890625
1.9667969 0.088867188
1.9658203 0.088867188
1.9658203 0.087890625
1.9658203 0.086914062
1.9667969 0.086914062
1.9658203 0.0859375
1.9667969 0.0859375
1.9677734 0.0859375
1.9677734 0.086914062
1.96875 0.086914062
1.96875 0.0859375
1.9677734 0.084960938
1.96875 0.084960938
1.9667969 0.084960938
1.9667969 0.083984375
1.9677734 0.083984375
1.96875 0.083984375
1.9677734 0.083007812
1.96875 0.083007812
1.9677734 0.08203125
1.96875 0.08203125
1.9667969 0.08203125
1.9667969 0.083007812
1.9658203 0.083007812
1.9658203 0.083984375
1.9658203 0.08203125
1.9648438 0.08203125
1.9648438 0.083007812
1.9648438 0.083984375
1.9658203 0.084960938
1.9648438 0.084960938
1.9638672 0.084960938
1.9638672 0.083984375
1.9628906 0.083984375
1.9628906 0.084960938
1.9609375 0.083984375
1.9628906 0.08203125
1.9638672 0.08203125
1.9638672 0.083007812
1.9628906 0.083007812
1.9638672 0.081054688
1.9648438 0.081054688
1.9638672 0.080078125
1.9648438 0.080078125
1.9628906 0.080078125
1.9628906 0.081054688
1.9609375 0.080078125
1.9628906 0.078125
1.9638672 0.078125
1.9638672 0.079101562
1.9628906 0.079101562
1.9648438 0.079101562
1.9648438 0.078125
1.9658203 0.078125
1.9658203 0.079101562
1.9667969 0.078125
1.9667969 0.079101562
1.9667969 0.080078125
1.9658203 0.080078125
1.9658203 0.081054688
1.9667969 0.081054688
1.9677734 0.080078125
1.9677734 0.081054688
1.96875 0.081054688
1.96875 0.080078125
1.9677734 0.079101562
1.96875 0.079101562
1.9677734 0.078125
1.96875 0.078125
1.9677734 0.077148438
1.96875 0.077148438
1.9677734 0.076171875
1.96875 0.076171875
1.9667969 0.076171875
1.9667969 0.077148438
1.9658203 0.077148438
1.9648438 0.077148438
1.9648438 0.076171875
1.9658203 0.076171875
1.9658203 0.075195312
1.9667969 0.075195312
1.9648438 0.075195312
1.9648438 0.07421875
1.9658203 0.07421875
1.9667969 0.07421875
1.9677734 0.07421875
1.9677734 0.075195312
1.96875 0.075195312
1.96875 0.07421875
1.9677734 0.073242188
1.96875 0.073242188
1.9667969 0.073242188
1.9667969 0.072265625
1.9677734 0.072265625
1.96875 0.072265625
1.9677734 0.071289062
1.96875 0.071289062
1.9677734 0.0703125
1.96875 0.0703125
1.9667969 0.0703125
1.9667969 0.071289062
1.9658203 0.071289062
1.9658203 0.072265625
1.9658203 0.0703125
1.9648438 0.0703125
1.9648438 0.071289062
1.9648438 0.072265625
1.9658203 0.073242188
1.9648438 0.073242188
1.9638672 0.073242188
1.9638672 0.07421875
1.9628906 0.073242188
1.9628906 0.07421875
1.9628906 0.072265625
1.9638672 0.072265625
1.9638672 0.071289062
1.9638672 0.0703125
1.9628906 0.0703125
1.9628906 0.071289062
1.9609375 0.0703125
1.9609375 0.072265625
1.9609375 0.07421875
1.9628906 0.076171875
1.9609375 0.076171875
1.9638672 0.075195312
1.9628906 0.075195312
1.9638672 0.076171875
1.9638672 0.077148438
1.9628906 0.077148438
1.9570312 0.07421875
1.9550781 0.076171875
1.9570312 0.076171875
1.9550781 0.078125
1.9550781 0.07421875
1.9550781 0.072265625
1.9570312 0.072265625
1.9550781 0.0703125
1.9570312 0.0703125
1.9570312 0.06640625
1.9609375 0.06640625
1.9550781 0.068359375
1.9570312 0.068359375
1.9550781 0.06640625
1.9550781 0.064453125
1.9570312 0.064453125
1.9550781 0.0625
1.9570312 0.0625
1.9628906 0.0625
1.9628906 0.064453125
1.9609375 0.064453125
1.9638672 0.0625
1.9638672 0.063476562
1.9628906 0.063476562
1.9648438 0.0625
1.9648438 0.063476562
1.9648438 0.064453125
1.9638672 0.064453125
1.9638672 0.065429688
1.9628906 0.065429688
1.9648438 0.065429688
1.9648438 0.06640625
1.9638672 0.06640625
1.9628906 0.06640625
1.9628906 0.068359375
1.9609375 0.068359375
1.9638672 0.068359375
1.9638672 0.069335938
1.9628906 0.069335938
1.9648438 0.069335938
1.9648438 0.068359375
1.9638672 0.067382812
1.9648438 0.067382812
1.9628906 0.067382812
1.9658203 0.06640625
1.9658203 0.067382812
1.9667969 0.06640625
1.9667969 0.067382812
1.9667969 0.068359375
1.9658203 0.068359375
1.9658203 0.069335938
1.9667969 0.069335938
1.9677734 0.068359375
1.9677734 0.069335938
1.96875 0.069335938
1.96875 0.068359375
1.9677734 0.067382812
1.96875 0.067382812
1.9677734 0.06640625
1.96875 0.06640625
1.9677734 0.065429688
1.96875 0.065429688
1.9677734 0.064453125
1.96875 0.064453125
1.9667969 0.064453125
1.9667969 0.065429688
1.9658203 0.065429688
1.9658203 0.064453125
1.9658203 0.063476562
1.9667969 0.063476562
1.9658203 0.0625
1.9667969 0.0625
1.9677734 0.0625
1.9677734 0.063476562
1.96875 0.063476562
1.9697266 0.0625
1.9697266 0.063476562
1.9707031 0.0625
1.9707031 0.063476562
1.9707031 0.064453125
1.9697266 0.064453125
1.9697266 0.065429688
1.9697266 0.06640625
1.9707031 0.065429688
1.9707031 0.06640625
1.9716797 0.064453125
1.9716797 0.065429688
1.9716797 0.06640625
1.9726562 0.065429688
1.9726562 0.06640625
1.9726562 0.064453125
1.9716797 0.063476562
1.9726562 0.063476562
1.9716797 0.0625
1.9726562 0.0625
1.9736328 0.0625
1.9736328 0.063476562
1.9736328 0.064453125
1.9746094 0.063476562
1.9746094 0.064453125
1.9746094 0.0625
1.9755859 0.0625
1.9755859 0.063476562
1.9765625 0.063476562
1.9765625 0.064453125
1.9755859 0.064453125
1.9755859 0.065429688
1.9746094 0.065429688
1.9765625 0.065429688
1.9765625 0.06640625
1.9755859 0.06640625
1.9746094 0.06640625
1.9736328 0.065429688
1.9736328 0.06640625
1.9736328 0.067382812
1.9726562 0.067382812
1.9736328 0.068359375
1.9726562 0.068359375
1.9746094 0.067382812
1.9746094 0.068359375
1.9765625 0.068359375
1.9765625 0.0703125
1.9746094 0.0703125
1.9736328 0.069335938
1.9746094 0.069335938
1.9736328 0.0703125
1.9726562 0.069335938
1.9726562 0.0703125
1.9716797 0.069335938
1.9716797 0.0703125
1.9707031 0.069335938
1.9707031 0.0703125
1.9707031 0.068359375
1.9716797 0.068359375
1.9716797 0.067382812
1.9707031 0.067382812
1.9697266 0.067382812
1.9697266 0.068359375
1.9697266 0.069335938
1.9697266 0.0703125
1.9697266 0.071289062
1.9697266 0.072265625
1.9707031 0.071289062
1.9707031 0.072265625
1.9716797 0.071289062
1.9726562 0.071289062
1.9726562 0.072265625
1.9716797 0.072265625
1.9716797 0.073242188
1.9707031 0.073242188
1.9726562 0.073242188
1.9726562 0.07421875
1.9716797 0.07421875
1.9707031 0.07421875
1.9697266 0.073242188
1.9697266 0.07421875
1.9697266 0.075195312
1.9707031 0.075195312
1.9707031 0.076171875
1.9697266 0.076171875
1.9697266 0.077148438
1.9697266 0.078125
1.9707031 0.077148438
1.9707031 0.078125
1.9716797 0.076171875
1.9716797 0.077148438
1.9716797 0.078125
1.9726562 0.077148438
1.9726562 0.078125
1.9726562 0.076171875
1.9716797 0.075195312
1.9726562 0.075195312
1.9736328 0.07421875
1.9736328 0.075195312
1.9746094 0.07421875
1.9746094 0.075195312
1.9746094 0.076171875
1.9736328 0.076171875
1.9736328 0.077148438
1.9736328 0.078125
1.9746094 0.077148438
1.9746094 0.078125
1.9755859 0.076171875
1.9755859 0.077148438
1.9755859 0.078125
1.9765625 0.077148438
1.9765625 0.078125
1.9765625 0.076171875
1.9755859 0.075195312
1.9765625 0.075195312
1.9755859 0.07421875
1.9765625 0.07421875
1.9755859 0.073242188
1.9765625 0.073242188
1.9755859 0.072265625
1.9765625 0.072265625
1.9746094 0.072265625
1.9746094 0.073242188
1.9736328 0.073242188
1.9736328 0.072265625
1.9736328 0.071289062
1.9746094 0.071289062
1.9755859 0.0703125
1.9755859 0.071289062
