FiniteElementSpace
FiniteElementCollection: L2_2D_P1
VDim: 2
Ordering: 0

0.3500881089179007
0.3395869255294879
0.3496014816696831
0.3391148950694649
0.3492452457996404
0.338769344790008
0.3487586185514228
0.3382973143299849
0.3311004529958949
0.3206245519862624
0.3306391081264577
0.3201778039050199
0.3318995257495714
0.3213983423611586
0.3314381808801342
0.320951594279916
0.3133676686224917
0.3019841518176662
0.3129320832873215
0.3015643897261784
0.2936508391477198
0.2822673223428942
0.2932426604745482
0.2818749669134051
0.2929438529472204
0.2815877428043936
0.2925356742740489
0.2811953873749045
0.3126132126909449
0.301257102548118
0.3121776273557747
0.3008373404566304
0.3115398079361812
0.3002226907153682
0.3102372468555634
0.2989674469793114
0.2919379859145204
0.2806208686937073
0.2907173808787615
0.2794475810025095
0.2898238359766115
0.2785886748006576
0.2886032309408528
0.2774153871094598
0.3092837059645893
0.2980485447886353
0.3079811448839714
0.2967933010525785
0.3275740467513863
0.3172097199857725
0.3261944551463642
0.3158737781702845
0.3299635695049801
0.3195236390861536
0.3285839778999581
0.3181876972706655
0.3480460594178718
0.3376061289990451
0.3465908641596369
0.3361945835303443
0.3455255872956756
0.3351612605300617
0.3440703920374408
0.333749715061361
0.342652136104319
0.3323740008920584
0.3402423871618943
0.3300365343691726
0.3248498837096208
0.3145717484973601
0.3225653315903316
0.31235947879761
0.3208929233664728
0.3107399849773477
0.3186083712471837
0.3085277152775976
0.338478328502554
0.3283253901134289
0.3360685795601293
0.3259879235905432
0.3339582854073705
0.3239409294623702
0.3306171899803743
0.320700052965704
0.328171338374877
0.3183275667090886
0.3248302429478808
0.3150866902124225
0.3111214257116246
0.3012776540458362
0.3079539145638404
0.2982103618283822
0.3166077159531276
0.3065903600081273
0.3134402048053435
0.3035230677906733
0.2989296884111375
0.2880706513367391
0.295939037606575
0.2851886400859657
0.2937497292699385
0.2830788614224145
0.290759078465376
0.2801968501716411
0.2752672439971736
0.2645963761496496
0.2724647624194855
0.2619025341257506
0.2801212844770053
0.2692622474026069
0.2773188028993172
0.2665684053787079
0.2839126570317232
0.2729066455665303
0.2818913807271221
0.2709637250154744
0.3029756280781229
0.29196961661293
0.300818635627316
0.2898909799156684
0.3067116485944628
0.2955699209830642
0.304554656143656
0.2934912842858026
0.2874136102874275
0.276271882676029
0.2853923339828263
0.274328962124973
0.2678173602430001
0.2559193411600491
0.2659338973002444
0.2541195526961045
0.2472093866819048
0.2353113675989538
0.245470852187747
0.2336565075836072
0.2441981566073124
0.2324450659729593
0.2424596221131546
0.2307902059576127
0.2645551067319739
0.2528020160976208
0.2626716437892181
0.2510022276336763
0.2610222351039155
0.2494260953632988
0.2584108305238906
0.2469307047022306
0.2564991496921943
0.2451039519535958
0.2538877451121694
0.2426085612925276
0.2367620882466477
0.2253668905080493
0.2343516256686411
0.2230724418489994
0.2409371319014987
0.229340992160882
0.2385266693234921
0.2270465435018321
0.2206009949833742
0.2083794297413364
0.2183939858815317
0.206294691646159
0.216778343086216
0.2047685574400148
0.2145713339843736
0.2026838193448373
0.195976784158984
0.1839669985127827
0.1939815546529779
0.1820940400134417
0.199432623036147
0.1872110577941092
0.1974373935301409
0.1853380992947682
0.202131894442482
0.1897449133266706
0.200692844796326
0.1883940510536196
0.2235867750874638
0.2111997939716523
0.2219949804305036
0.2096961866877972
0.2263438443085354
0.2138041181819199
0.2247520496515753
0.2123005108980648
0.2046244015442384
0.1920846754176229
0.2031853518980823
0.1907338131445719
0.2063403640859657
0.193695480900102
0.2054713531344166
0.1928797243954869
0.2078455352063825
0.1951084126127001
0.2069765242548335
0.194292656108085
0.229906878680874
0.2171697560871916
0.2289456283215063
0.2162617601747578
0.2282419442196551
0.2155970610337914
0.2272806938602873
0.2146890651213576
0.2492824632275572
0.2372846683851512
0.2482325998548066
0.2362853342200943
0.2700632534733924
0.2580654586309863
0.2689258709456501
0.2569786053109377
0.2720332577990832
0.2599479438016855
0.2708958752713409
0.2588610904816369
0.251100879930167
0.2390155659327693
0.2500510165574164
0.2380162317677124
0.2519660434552646
0.2398390897277999
0.2516149619621145
0.2395049055473336
0.2729705434522705
0.2608435897248057
0.2725901949550404
0.2604801385402595
0.2736293263740556
0.2614731056425109
0.2732489778768255
0.2611096544579646
0.2525741344389979
0.2404179137074532
0.2522230529458477
0.2400837295269869
0.2312557841316318
0.218443930524279
0.2309343354362898
0.2181402904802643
0.2306990186592728
0.217918010540833
0.230377569963931
0.2176143704968183
0.2085616632261847
0.1957806551077449
0.2082710600197558
0.195507860552643
0.2090650027445623
0.1962531491372096
0.2087743995381332
0.1959803545821077
0.1866551222707494
0.1733110209414991
0.1863956691039535
0.1730701162576261
0.1635424607871404
0.1501983594578901
0.1633151345351704
0.149989581688843
0.1631487201688341
0.1498367457544097
0.1629213939168641
0.1496279679853626
0.1862057362036743
0.1728937617892498
0.1859462830368784
0.1726528571053769
0.1855663706410841
0.1723001049045134
0.1847905098165242
0.1715797108966922
0.1842225402733441
0.1710523458814989
0.1834466794487842
0.1703319518736777
0.1614110944411095
0.1482409000492643
0.1607313049612751
0.1476165773861685
0.1625885243586335
0.1493222586220628
0.1619087348787991
0.1486979359589671
0.1394387570111236
0.1257711095227865
0.1388557576852409
0.1252452552076806
0.1384289725579163
0.1248603031316437
0.1378459732320336
0.1243344488165378
0.1149273477205057
0.1013586782942331
0.1144433264566874
0.1009318020411917
0.1157656971413826
0.1020980496530455
0.1152816758775643
0.1016711734000041
0.1161645657500951
0.1024498266303624
0.1160027057286597
0.1023070762914155
0.1399191907180247
0.126204451598292
0.1397242317556026
0.1260286023183584
0.1402568695463307
0.1265090314856113
0.1400619105839086
0.1263331822056778
0.1164449155309355
0.1026970774702162
0.1162830555095001
0.1025543271312692
0.09250786649597692
0.07848869089964573
0.09237927929931215
0.07837959054834633
0.09228514693815069
0.07829972354807156
0.09215655974148591
0.07819062319677218
0.06806168306117147
0.05407625967109235
0.06796684807075877
0.05400091152604503
0.06822594208290157
0.05420676648657038
0.06813110709248887
0.05413141834152306
0.04386796212132351
0.02971246131403403
0.04380698505541276
0.02967116058739199
0.01934991551651586
0.005194414709226377
0.01932301886992549
0.005187194401904717
0.01930332915806811
0.005181908770099007
0.01927643251147774
0.005174688462777348
0.04376234674506961
0.02964092635710051
0.04370136967915885
0.02959962563045847
0.04361208210759204
0.02953914975267168
0.04342973815233822
0.02941564532132056
0.01923704825739005
0.005164115902469688
0.01915661734702886
0.005142524516011203
0.01909773783414546
0.005126718524117746
0.01901730692378428
0.005105127137659262
0.04329625311263935
0.02932523380261163
0.04311390915738552
0.02920172937126051
0.06733678781567431
0.05350031705893842
0.06705319615723584
0.05327499826762248
0.06782798297669249
0.05389058065339761
0.06754439131825402
0.05366526186208168
0.09196827192616776
0.07803086960287289
0.09158374870117031
0.07770461924499797
0.0913022581637819
0.077465787407046
0.09091773493878444
0.07713953704917109
0.09054297262273818
0.07682156837581205
0.08990621653826651
0.07628130998065452
0.0894400787324046
0.0758858133861836
0.08880332264793293
0.07534555499102609
0.06596340249347965
0.05240913714725865
0.06549378530971312
0.05203601765280628
0.06677680331587071
0.05305539906894459
0.06630718613210418
0.0526822795744922
0.04293619390237528
0.0290813600314493
0.04263423912974682
0.02887684131057739
0.01893891770750529
0.005084083836579303
0.01880572712700808
0.005048329307838644
0.01870822485499454
0.005022155176199806
0.01857503427449733
0.004986400647459147
0.04241319289459488
0.02872712321580015
0.04211123812196642
0.02852260449492824
0.04184680667856754
0.02834350091563555
0.04142814907809012
0.02805993753232616
0.01845839502703171
0.004955089264099733
0.01827372747449805
0.004905515928734082
0.01813854144353401
0.004869225728545781
0.01795387389100035
0.004819652393180133
0.04112167044356577
0.02785235472857755
0.04070301284308837
0.02756879134526815
0.06395475354600899
0.05081322859510215
0.06330363350711295
0.05029590174221277
0.06508252653520319
0.05170926498842627
0.06443140649630714
0.05119193813553688
0.08824569499712803
0.07487243345035108
0.08736283836236189
0.07412337000159162
0.08671654244991378
0.07357501749900693
0.08583368581514764
0.07282595405024747
0.1091550464106114
0.09626787229295125
0.1080437445272657
0.09528777406293085
0.1314762867483854
0.1185891126307252
0.1301377334713417
0.1173817630070069
0.1337947290328628
0.1206803035215047
0.1324561757558192
0.1194729538977863
0.111079877735113
0.0979654522237549
0.1099685758517674
0.09698535399373451
0.1125833165066888
0.09929139047784061
0.1117817953898513
0.09858449936237573
0.1139715918043907
0.1005157618052448
0.1131700706875532
0.09980887068977995
0.137277773020921
0.1238219430217751
0.1363123479337858
0.1229511479360125
0.1356056077191012
0.122313681690253
0.1346401826319659
0.1214428866044903
0.1581189916376372
0.1452174134399254
0.15699328567424
0.144183558451316
0.1600687715606246
0.1470081028078553
0.1589430655972273
0.145974247819246
0.1826905134212482
0.169629844668479
0.1814057169027936
0.1684368991248122
0.1804651805738971
0.1675636023761853
0.1791803840554425
0.1663706568325185
0.1780552466883724
0.1653259562991815
0.1762738877688369
0.1636719479373851
0.1560074689899955
0.1432781786008046
0.1544466877068364
0.1418447478753846
0.1533041165080613
0.1407954037552468
0.1517433352249022
0.1393619730298268
0.1749698425332208
0.1624611297804063
0.1731884836136853
0.1608071214186099
0.1717052105949888
0.159429888594362
0.1694444447345573
0.157330746419133
0.1504437292106353
0.1381684072100085
0.1484629037846809
0.1363492054692566
0.147012838931958
0.1350174573658084
0.1450320135060038
0.1331982556250565
0.1677894492607043
0.1557940676945547
0.1655286834002729
0.1536949255193257
0.1637015594599594
0.1519984239091365
0.1609831590697283
0.1494743638071301
0.1589931518687641
0.147626623571104
0.1562747514785331
0.1451025634690977
0.1393057473515474
0.1279392190538874
0.1369239542144792
0.1257517662050438
0.1434311340780685
0.1317279985272456
0.1410493409410002
0.1295405456784021
0.1230090446508176
0.1109518211341853
0.1209663772743805
0.1091093739708045
0.1194710409718651
0.1077606090369486
0.1174283735954281
0.1059181618735678
0.09918797788201256
0.08747754594709604
0.09749210208729123
0.08598189036543095
0.1021253209217962
0.09006809740516393
0.1004294451270748
0.08857244182349885
0.1046755535473817
0.09231724187250868
0.103265173342164
0.09107337540966405
0.1260807772640334
0.1137224655891604
0.124381986796867
0.1121901888643671
0.1290231686645793
0.1163764467277576
0.1273243781974129
0.1148441700029643
0.1071184037208083
0.09447168178398657
0.1057080235155905
0.09322781532114194
0.08509856308869164
0.07220223606132777
0.08397810829564237
0.07125158144945763
0.08315787845954625
0.07055565397311904
0.08203742366649697
0.06960499936124891
0.06133018536066571
0.04872796087423852
0.06050383310855314
0.04807140880330507
0.0627614694462737
0.04986514241890982
0.0619351171941611
0.04920859034797638
0.04035441183065371
0.02733267839187056
0.03982308330388148
0.02697280121651646
0.0178001079120627
0.004778374473279553
0.01756574183697303
0.004715459749608025
0.01739417396243689
0.004669402975336318
0.01715980788734722
0.00460648825166479
0.03943412382677347
0.0267093528396729
0.03890279530000123
0.0263494756643188
0.03847338193684522
0.02605862723362998
0.03783449946794469
0.02562590208015872
0.01697039602737174
0.004555641324156494
0.01668858850314671
0.004479991115360734
0.01648229107745879
0.004424611318919051
0.01620048355323376
0.004348961110123293
0.03736680504064444
0.02530912528210472
0.03672792257174391
0.02487640012863345
0.05811497396380956
0.046173416252743
0.05712134772239838
0.04538396191911644
0.05983598509766743
0.0475407912688396
0.05884235885625626
0.04675133693521306
0.08113188549810454
0.06883669166927672
0.07978462313893213
0.06769360121788894
0.07879835864089278
0.06685680092982622
0.07745109628172034
0.06571371047843841
0.07638386349897067
0.06480821230648715
0.07482276844668242
0.06348369460150532
0.07367996755296302
0.06251408034593411
0.07211887250067477
0.06118956264095231
0.0543400835988056
0.04317419639177669
0.05318875253197197
0.0422594426722495
0.05633424750289392
0.0447585963104104
0.0551829164360603
0.0438438425908832
0.03622183234329499
0.02453361725003487
0.03548154871969035
0.024032211498226
0.01597724995197506
0.004289034858714943
0.01565071493912461
0.004201377717660262
0.01541167471926793
0.004137208236762009
0.01508513970641749
0.004049551095707329
0.03493962349520056
0.02366515701269464
0.03419933987159593
0.02316375126088577
0.03362144670341112
0.02277233512088252
0.03278689126107789
0.02220707758222223
0.01483023422548761
0.003981122642959013
0.01446211643468769
0.003882302755832037
0.01419263550865215
0.003809961577656874
0.01382451771785224
0.0037111416905299
0.03217595427555685
0.02179328034456157
0.03134139883322361
0.02122802280590128
0.05004186852343379
0.03975918541814109
0.0487439205787329
0.03872794189108755
0.05228998030923534
0.04154535160197434
0.05099203236453445
0.0405141080749208
0.07090022313867451
0.06015559443141351
0.06914032959200535
0.05866240530239169
0.06785199809993091
0.05756931499463819
0.06609210455326173
0.05607612586561637
0.08540917098866684
0.07532550656846689
0.08319389283830284
0.07337177084038719
0.1028745900909277
0.09279092567072779
0.1002063071768327
0.090384185178917
0.1074961916671084
0.09695952248317737
0.1048279087530133
0.09455278199136657
0.08924614529799453
0.07870947611406348
0.0870308671476305
0.07675574038598379
0.09274516776797544
0.08179539343412193
0.09078012859471367
0.08006235271449634
0.09614871545492801
0.08479710801209921
0.09418367628166621
0.08306406729247362
0.1158102762934845
0.1044586688506557
0.1134434040112474
0.1023237950220548
0.1117107332456234
0.1007609589117699
0.1093438609633863
0.09862608508316902
0.1302570652718736
0.119628856123786
0.127497242393622
0.1170942185335685
0.1350372187168965
0.1240189772088166
0.1322773958386448
0.1214843396185991
0.1541213728189554
0.1431031313108754
0.1509715175807114
0.1401784613606656
0.1486656635098298
0.1380374543617422
0.1455158082715859
0.1351127844115324
0.1430569131063923
0.1328296773299616
0.1395059378479658
0.1295325637019562
0.1253428211206281
0.1151155853441974
0.1222315471041833
0.1122581729581736
0.1199539364478767
0.1101664019134276
0.1168426624314319
0.1073089895274039
0.1369064435423776
0.1271189090079285
0.1333554682839511
0.1238217953799231
0.1533434799256017
0.1439463345848809
0.1493661733126498
0.140212763984211
0.1602323770565143
0.1504130685588868
0.1562550704435623
0.1466794979582168
0.177239918269598
0.1674206097719705
0.1728404484997393
0.1632648760143938
0.1696198131018394
0.1602226677611186
0.1652203433319807
0.1560669340035419
0.1852562418655702
0.1763399853652109
0.1804512062930108
0.1717662128757566
0.2006996511375087
0.1917833946371494
0.1954940561550962
0.186809062737842
0.2097160061306726
0.2003991902204604
0.2045104111482602
0.195424858321153
0.193578807609419
0.1842619916992068
0.1887737720368595
0.1796882192097524
0.2011683409755472
0.1914862460035933
0.1969060847313622
0.1874291292438366
0.2179382213906784
0.2082561264187246
0.2133206531368253
0.2038436976492997
0.2259360842137692
0.2158986772321473
0.2213185159599161
0.2114862484627223
0.2085507853453533
0.1985133783637313
0.2042885291011683
0.1944562616039746
0.1909481962728671
0.1803694323884424
0.1870456929064466
0.1766831324870315
0.1841888621655182
0.1739845736672626
0.1802863587990978
0.1702982737658517
0.1665145160314487
0.1563102275331931
0.1629864880511973
0.1529984030179513
0.1726252397437688
0.1620464758593441
0.1690972117635174
0.1587346513441023
0.1780819263218192
0.1671687675424985
0.1750371538123345
0.1643105837931941
0.1969840717986691
0.1860709130193484
0.1936161180764308
0.1828895480572904
0.2028175387631266
0.1915811987710522
0.1994495850408882
0.1883998338089942
0.1833556270057357
0.1721192870136614
0.180310854496251
0.169261103264357
0.1879343103122271
0.1764173809366256
0.1854021160972174
0.1740403638252065
0.1923201993472559
0.180534495344064
0.1897880051322462
0.1781574782326449
0.2127336374837524
0.2009479334805604
0.2099326686411523
0.1983021417415509
0.2078822171379515
0.19636528776235
0.2050812482953514
0.1937194960233405
0.227045871548845
0.2161183086894726
0.2239866949593086
0.2132063681815793
0.2323445208312473
0.2211619375977618
0.2292853442417109
0.2182499970898685
0.2517133231515121
0.2405307399180266
0.2483991261878626
0.2373637790360201
0.2459729656241806
0.2350454027648083
0.2426587686605312
0.2318784418828018
0.2399802742966602
0.2293189419598662
0.2359952024778705
0.2255109104214522
0.2215143050129561
0.2108529726761621
0.2178358759547632
0.207351583898345
0.2151430789921283
0.2047883894159313
0.2114646499339355
0.2012870006381142
0.2330779274347055
0.2227232378585084
0.2290928556159157
0.2189152063200944
0.2501322862025733
0.2404357871505679
0.2458556258783366
0.2363249136322222
0.26692711521619
0.2572306161641847
0.2623633037209259
0.2528325914748114
0.2748318686021544
0.2648482183791215
0.2702680571068903
0.2604501936897483
0.2575396791708651
0.2475560289478323
0.2532630188466285
0.2434451554294865
0.2639708569265492
0.2537378989873554
0.2604141595053595
0.2503190786619073
0.270131237567199
0.2596594694929807
0.2665745401460093
0.2562406491675326
0.288268871916823
0.2777971038426046
0.2844733643606087
0.274139473382132
0.2816948599889483
0.2714619020497545
0.2778993524327341
0.2678042715892818
0.2983536586509019
0.2889138546107448
0.2943336933385135
0.2850210795763934
0.3053164428166231
0.2956563387526771
0.3012964775042347
0.2917635637183257
0.3220482338617803
0.3123881297978342
0.3178079685256029
0.308275054739694
0.3147038788619481
0.305264074821791
0.3104636135257708
0.3011509997636507
0.3070366817746284
0.2978268616746226
0.3019380826024223
0.2928811992162536
0.2910848054328493
0.2818749853328434
0.2862511004193515
0.2771942170331828
0.2827125827606708
0.2737676568193734
0.2778788777471731
0.2690868885197127
0.2982056489609388
0.2892607230196414
0.2931070497887328
0.2843150605612724
0.2890681985986635
0.2803973580647607
0.2831603678876347
0.2746667376392111
0.2788355356446459
0.2704716323288169
0.2729277049336171
0.2647410119032673
0.2643488301520361
0.2559849268362071
0.2587479366590811
0.2505612436287312
0.2740498622496162
0.2653790217157136
0.2684489687566612
0.2599553385082377
0.2587480841544654
0.2493486997918842
0.2534599207196839
0.2442526362555738
0.2424678728786064
0.2330684885160253
0.2375124362281055
0.2283051517639954
0.23388480482625
0.2248181472479495
0.2289293681757492
0.2200548104959197
0.2495887164066959
0.2405220588283954
0.2443005529719144
0.235425995292085
0.240172414210278
0.2314478169177864
0.2342108267406604
0.2257027924121852
0.2250609684241045
0.2163363711316129
0.2194744790112012
0.210966444682726
0.2153848849250102
0.2070353856892328
0.2097983955121068
0.2016654592403458
0.2298466418191343
0.2214971425833568
0.2238850543495165
0.2157521180777556
0.2434392538012674
0.2357369220720128
0.237125111494952
0.2296225569908965
0.2543756690820259
0.2463273130485313
0.2480615267757105
0.240212947967415
0.2683158306494421
0.2602674746159475
0.2616556640388867
0.2538070852305912
0.2567800836930863
0.2490777519638317
0.250119917082531
0.2426173625784754
0.003711141690529991
0.003809961577656982
0.01382451771785229
0.01419263550865217
0.0212280228059013
0.02179328034456152
0.03134139883322359
0.03217595427555672
0.02220707758222214
0.02277233512088236
0.03278689126107767
0.0336214467034108
0.003882302755832158
0.003981122642959148
0.01446211643468769
0.01483023422548757
0.004049551095707432
0.004137208236762125
0.01508513970641755
0.01541167471926796
0.004201377717660392
0.004289034858715086
0.01565071493912461
0.01597724995197503
0.02403221149822591
0.02453361725003471
0.03548154871969013
0.03622183234329467
0.02316375126088579
0.02366515701269459
0.03419933987159591
0.03493962349520044
0.04225944267224931
0.0431741963917766
0.0531887525319719
0.05434008359880558
0.04384384259088316
0.04475859631041043
0.0551829164360603
0.05633424750289399
0.06348369460150537
0.0648082123064872
0.07482276844668252
0.07638386349897078
0.06118956264095231
0.06251408034593414
0.0721188725006749
0.07367996755296315
0.05866240530239171
0.06015559443141355
0.06914032959200542
0.07090022313867458
0.04051410807492076
0.04154535160197436
0.05099203236453445
0.05228998030923539
0.03872794189108737
0.03975918541814098
0.04874392057873284
0.05004186852343378
0.05607612586561637
0.05756931499463821
0.06609210455326182
0.067851998099931
0.073371770840387
0.07532550656846665
0.08319389283830272
0.08540917098866672
0.07675574038598355
0.0787094761140632
0.08703086714763038
0.08924614529799438
0.09455278199136651
0.09695952248317727
0.1048279087530134
0.1074961916671084
0.09038418517891698
0.09279092567072775
0.1002063071768327
0.1028745900909278
0.1073089895274039
0.1101664019134276
0.1168426624314319
0.1199539364478767
0.1238217953799231
0.1271189090079284
0.1333554682839511
0.1369064435423776
0.1295325637019561
0.1328296773299615
0.1395059378479657
0.1430569131063922
0.1122581729581735
0.1151155853441973
0.1222315471041832
0.1253428211206281
0.1170942185335685
0.1196288561237859
0.127497242393622
0.1302570652718736
0.1351127844115325
0.1380374543617422
0.1455158082715859
0.1486656635098299
0.1401784613606656
0.1431031313108753
0.1509715175807114
0.1541213728189554
0.121484339618599
0.1240189772088165
0.1322773958386448
0.1350372187168965
0.1023237950220548
0.1044586688506556
0.1134434040112475
0.1158102762934846
0.098626085083169
0.1007609589117699
0.1093438609633864
0.1117107332456235
0.08006235271449615
0.08179539343412172
0.09078012859471359
0.09274516776797535
0.08306406729247336
0.08479710801209894
0.09418367628166607
0.09614871545492787
0.0859818903654307
0.08747754594709579
0.0974921020872911
0.09918797788201245
0.08857244182349863
0.09006809740516369
0.1004294451270747
0.1021253209217961
0.1091093739708044
0.1109518211341853
0.1209663772743806
0.1230090446508177
0.1059181618735678
0.1077606090369486
0.1174283735954282
0.1194710409718652
0.1257517662050437
0.1279392190538873
0.1369239542144792
0.1393057473515474
0.1451025634690977
0.147626623571104
0.1562747514785331
0.1589931518687642
0.1494743638071301
0.1519984239091365
0.1609831590697283
0.1637015594599594
0.1295405456784021
0.1317279985272456
0.1410493409410003
0.1434311340780686
0.1331982556250565
0.1350174573658084
0.1450320135060037
0.147012838931958
0.1536949255193257
0.1557940676945547
0.1655286834002729
0.1677894492607044
0.157330746419133
0.159429888594362
0.1694444447345573
0.1717052105949888
0.1363492054692566
0.1381684072100085
0.1484629037846809
0.1504437292106352
0.1148441700029643
0.1163764467277576
0.127324378197413
0.1290231686645795
0.112190188864367
0.1137224655891604
0.1243819867968671
0.1260807772640336
0.09107337540966381
0.09231724187250842
0.1032651733421638
0.1046755535473816
0.09322781532114166
0.09447168178398629
0.1057080235155904
0.1071184037208081
0.07125158144945769
0.07220223606132785
0.08397810829564251
0.08509856308869176
0.04920859034797631
0.04986514241890987
0.06193511719416111
0.06276146944627377
0.04807140880330484
0.0487279608742384
0.06050383310855303
0.06133018536066569
0.06960499936124892
0.07055565397311907
0.08203742366649711
0.08315787845954638
0.06769360121788898
0.06883669166927681
0.07978462313893225
0.08113188549810468
0.06571371047843842
0.06685680092982625
0.07745109628172049
0.07879835864089293
0.04538396191911621
0.04617341625274287
0.0571213477223983
0.05811497396380954
0.046751336935213
0.04754079126883966
0.05884235885625626
0.05983598509766752
0.02562590208015861
0.02605862723362981
0.03783449946794445
0.03847338193684488
0.02487640012863347
0.02530912528210466
0.03672792257174388
0.03736680504064431
0.004348961110123398
0.004424611318919174
0.01620048355323381
0.01648229107745881
0.004479991115360875
0.004555641324156653
0.01668858850314671
0.01697039602737171
0.004606488251664905
0.004669402975336448
0.01715980788734728
0.01739417396243691
0.02634947566431881
0.02670935283967283
0.03890279530000118
0.0394341238267733
0.02697280121651636
0.02733267839187038
0.03982308330388122
0.04035441183065335
0.004715459749608173
0.004778374473279714
0.01756574183697303
0.01780010791206267
0.004819652393180252
0.004869225728545918
0.01795387389100041
0.01813854144353404
0.004905515928734236
0.004955089264099903
0.01827372747449805
0.01845839502703168
0.02805993753232604
0.02834350091563535
0.04142814907808985
0.04184680667856715
0.02756879134526818
0.02785235472857749
0.04070301284308834
0.04112167044356563
0.05029590174221252
0.05081322859510202
0.06330363350711285
0.06395475354600898
0.07282595405024749
0.07357501749900697
0.0858336858151478
0.08671654244991392
0.07412337000159167
0.07487243345035116
0.087362838362362
0.08824569499712813
0.05119193813553683
0.05170926498842632
0.06443140649630714
0.06508252653520329
0.05203601765280604
0.05240913714725851
0.065493785309713
0.06596340249347962
0.0753455549910261
0.07588581338618362
0.08880332264793309
0.08944007873240474
0.07628130998065458
0.07682156837581211
0.08990621653826661
0.09054297262273828
0.05268227957449215
0.05305539906894464
0.06630718613210419
0.06677680331587081
0.02887684131057727
0.0290813600314491
0.04263423912974655
0.04293619390237488
0.02852260449492826
0.02872712321580009
0.04211123812196638
0.04241319289459471
0.004986400647459271
0.005022155176199947
0.01857503427449739
0.01870822485499457
0.005048329307838805
0.005084083836579481
0.01880572712700809
0.01893891770750526
0.005105127137659388
0.005126718524117889
0.01901730692378435
0.01909773783414549
0.02920172937126054
0.02932523380261157
0.04311390915738549
0.04329625311263919
0.02941564532132044
0.02953914975267148
0.04342973815233794
0.04361208210759164
0.005142524516011368
0.00516411590246987
0.01915661734702886
0.01923704825739002
0.005174688462777475
0.005181908770099151
0.0192764325114778
0.01930332915806814
0.005187194401904882
0.005194414709226559
0.01932301886992549
0.01934991551651583
0.02967116058739187
0.02971246131403383
0.04380698505541249
0.04386796212132311
0.02959962563045849
0.02964092635710044
0.04370136967915882
0.04376234674506944
0.05400091152604476
0.05407625967109221
0.06796684807075867
0.06806168306117144
0.054131418341523
0.05420676648657044
0.06813110709248887
0.06822594208290167
0.07837959054834638
0.0784886908996458
0.09237927929931226
0.09250786649597703
0.07819062319677217
0.0782997235480716
0.09215655974148607
0.09228514693815082
0.077704619244998
0.07803086960287295
0.09158374870117041
0.09196827192616788
0.05366526186208163
0.05389058065339766
0.06754439131825402
0.06782798297669257
0.05327499826762226
0.05350031705893829
0.06705319615723573
0.06733678781567429
0.07713953704917108
0.07746578740704603
0.09091773493878456
0.09130225816378204
0.1009318020411914
0.1013586782942328
0.1144433264566873
0.1149273477205056
0.1243344488165377
0.1248603031316436
0.1378459732320337
0.1384289725579164
0.1252452552076805
0.1257711095227864
0.1388557576852409
0.1394387570111237
0.1016711734000038
0.1020980496530452
0.1152816758775642
0.1157656971413825
0.1023070762914152
0.1024498266303621
0.1160027057286596
0.116164565750095
0.102554327131269
0.1026970774702159
0.1162830555095
0.1164449155309354
0.1263331822056777
0.1265090314856113
0.1400619105839087
0.1402568695463308
0.1260286023183584
0.126204451598292
0.1397242317556028
0.1399191907180249
0.1496279679853625
0.1498367457544096
0.1629213939168641
0.1631487201688341
0.1499895816888429
0.15019835945789
0.1633151345351704
0.1635424607871404
0.1730701162576261
0.173311020941499
0.1863956691039535
0.1866551222707494
0.1726528571053769
0.1728937617892498
0.1859462830368784
0.1862057362036743
0.1715797108966921
0.1723001049045133
0.1847905098165242
0.1855663706410841
0.148697935958967
0.1493222586220627
0.161908734878799
0.1625885243586335
0.1476165773861685
0.1482409000492642
0.1607313049612751
0.1614110944411095
0.1703319518736777
0.1710523458814989
0.1834466794487842
0.1842225402733441
0.1684368991248122
0.1696298446684789
0.1814057169027936
0.1826905134212483
0.1663706568325185
0.1675636023761853
0.1791803840554425
0.1804651805738972
0.144183558451316
0.1452174134399253
0.15699328567424
0.1581189916376373
0.1459742478192459
0.1470081028078552
0.1589430655972273
0.1600687715606245
0.1229511479360124
0.123821943021775
0.1363123479337859
0.1372777730209211
0.09980887068977964
0.1005157618052445
0.1131700706875531
0.1139715918043906
0.09858449936237546
0.09929139047784034
0.1117817953898512
0.1125833165066887
0.1214428866044903
0.1223136816902529
0.134640182631966
0.1356056077191013
0.1194729538977862
0.1206803035215046
0.1324561757558192
0.1337947290328629
0.09698535399373424
0.09796545222375461
0.1099685758517672
0.1110798777351129
0.09528777406293058
0.096267872292951
0.1080437445272656
0.1091550464106113
0.1173817630070068
0.1185891126307252
0.1301377334713419
0.1314762867483855
0.1393619730298268
0.1407954037552468
0.1517433352249022
0.1533041165080613
0.1418447478753845
0.1432781786008045
0.1544466877068363
0.1560074689899955
0.163671947937385
0.1653259562991814
0.1762738877688368
0.1780552466883724
0.1608071214186099
0.1624611297804063
0.1731884836136853
0.1749698425332208
0.1820940400134419
0.1839669985127827
0.193981554652978
0.195976784158984
0.1853380992947682
0.187211057794109
0.1974373935301409
0.1994326230361468
0.2062946916461589
0.2083794297413363
0.2183939858815316
0.2206009949833741
0.2026838193448373
0.2047685574400147
0.2145713339843735
0.216778343086216
0.2230724418489997
0.2253668905080495
0.2343516256686414
0.2367620882466479
0.2426085612925278
0.2451039519535959
0.2538877451121694
0.2564991496921942
0.2469307047022306
0.2494260953632986
0.2584108305238905
0.2610222351039153
0.2270465435018322
0.229340992160882
0.2385266693234921
0.2409371319014987
0.230790205957613
0.2324450659729595
0.2424596221131548
0.2441981566073126
0.2510022276336765
0.2528020160976209
0.2626716437892183
0.264555106731974
0.2541195526961045
0.2559193411600489
0.2659338973002442
0.267817360243
0.2336565075836073
0.2353113675989538
0.245470852187747
0.2472093866819048
0.2123005108980647
0.2138041181819197
0.2247520496515752
0.2263438443085354
0.2096961866877973
0.2111997939716523
0.2219949804305036
0.2235867750874637
0.1883940510536198
0.1897449133266707
0.2006928447963261
0.2021318944424821
0.1907338131445718
0.1920846754176227
0.2031853518980823
0.2046244015442383
0.1928797243954871
0.1936954809001021
0.2054713531344167
0.2063403640859658
0.2146890651213576
0.2155970610337914
0.2272806938602872
0.2282419442196551
0.2162617601747577
0.2171697560871915
0.2289456283215061
0.229906878680874
0.194292656108085
0.1951084126127
0.2069765242548334
0.2078455352063825
0.1955078605526432
0.195780655107745
0.2082710600197558
0.2085616632261848
0.1959803545821076
0.1962531491372094
0.2087743995381332
0.2090650027445621
0.2181402904802642
0.2184439305242789
0.2309343354362898
0.2312557841316317
0.2176143704968183
0.217918010540833
0.2303775699639309
0.2306990186592728
0.239504905547334
0.2398390897278001
0.2516149619621147
0.2519660434552649
0.2400837295269871
0.2404179137074532
0.2522230529458478
0.2525741344389979
0.2611096544579646
0.2614731056425107
0.2732489778768253
0.2736293263740554
0.2604801385402597
0.2608435897248058
0.2725901949550405
0.2729705434522706
0.2588610904816368
0.2599479438016853
0.2708958752713408
0.2720332577990831
0.2380162317677125
0.2390155659327694
0.2500510165574164
0.251100879930167
0.2362853342200946
0.2372846683851514
0.2482325998548069
0.2492824632275574
0.2569786053109379
0.2580654586309864
0.2689258709456501
0.2700632534733924
0.2774153871094598
0.2785886748006576
0.2886032309408529
0.2898238359766116
0.2967933010525785
0.2980485447886354
0.3079811448839715
0.3092837059645894
0.2989674469793113
0.3002226907153682
0.3102372468555635
0.3115398079361814
0.2794475810025094
0.2806208686937071
0.2907173808787614
0.2919379859145202
0.2811953873749045
0.2815877428043935
0.292535674274049
0.2929438529472205
0.281874966913405
0.282267322342894
0.2932426604745481
0.2936508391477196
0.3015643897261784
0.3019841518176661
0.3129320832873216
0.3133676686224919
0.3008373404566304
0.3012571025481181
0.3121776273557748
0.3126132126909451
0.3201778039050197
0.3206245519862623
0.3306391081264576
0.3311004529958948
0.3209515942799158
0.3213983423611584
0.331438180880134
0.3318995257495713
0.3391148950694648
0.3395869255294878
0.3496014816696831
0.3500881089179007
0.3382973143299849
0.3387693447900079
0.3487586185514229
0.3492452457996404
0.3361945835303441
0.337606128999045
0.3465908641596369
0.3480460594178718
0.3181876972706653
0.3195236390861532
0.3285839778999579
0.32996356950498
0.3158737781702844
0.3172097199857724
0.3261944551463642
0.3275740467513863
0.3337497150613609
0.3351612605300617
0.3440703920374407
0.3455255872956756
0.3300365343691725
0.3323740008920582
0.3402423871618943
0.342652136104319
0.3259879235905432
0.3283253901134289
0.3360685795601293
0.338478328502554
0.3085277152775976
0.3107399849773476
0.3186083712471837
0.3208929233664727
0.3123594787976097
0.3145717484973599
0.3225653315903315
0.3248498837096206
0.2934912842858026
0.2955699209830643
0.3045546561436561
0.306711648594463
0.2743289621249729
0.2762718826760286
0.2853923339828263
0.2874136102874274
0.2709637250154744
0.2729066455665303
0.2818913807271222
0.2839126570317232
0.2898909799156684
0.2919696166129301
0.3008186356273161
0.3029756280781229
0.2851886400859657
0.288070651336739
0.2959390376065751
0.2989296884111375
0.2665684053787077
0.2692622474026066
0.2773188028993171
0.2801212844770052
0.2619025341257507
0.2645963761496496
0.2724647624194856
0.2752672439971737
0.2801968501716411
0.2830788614224145
0.2907590784653761
0.2937497292699386
0.2982103618283821
0.3012776540458361
0.3079539145638404
0.3111214257116245
0.303523067790673
0.3065903600081269
0.3134402048053433
0.3166077159531275
0.3207000529657039
0.32394092946237
0.3306171899803743
0.3339582854073706
0.3150866902124224
0.3183275667090886
0.3248302429478808
0.3281713383748771
0.3082750547396939
0.3123881297978341
0.317807968525603
0.3220482338617804
0.2917635637183253
0.2956563387526767
0.3012964775042345
0.305316442816623
0.2850210795763933
0.2889138546107446
0.2943336933385134
0.2983536586509018
0.3011509997636505
0.3052640748217909
0.3104636135257707
0.3147038788619481
0.2928811992162535
0.2978268616746225
0.3019380826024223
0.3070366817746285
0.2843150605612724
0.2892607230196414
0.2931070497887328
0.2982056489609389
0.2690868885197127
0.2737676568193733
0.2778788777471731
0.2827125827606707
0.2771942170331826
0.2818749853328432
0.2862511004193514
0.2910848054328491
0.2604501936897483
0.2648482183791215
0.2702680571068904
0.2748318686021546
0.2528325914748115
0.2572306161641847
0.262363303720926
0.2669271152161902
0.2363249136322221
0.2404357871505678
0.2458556258783367
0.2501322862025733
0.2434451554294863
0.2475560289478321
0.2532630188466284
0.2575396791708651
0.2503190786619074
0.2537378989873553
0.2604141595053596
0.2639708569265492
0.2678042715892819
0.2714619020497545
0.2778993524327342
0.2816948599889484
0.274139473382132
0.2777971038426045
0.2844733643606088
0.2882688719168232
0.2562406491675324
0.2596594694929804
0.2665745401460092
0.2701312375671989
0.2373637790360201
0.2405307399180264
0.2483991261878625
0.2517133231515118
0.231878441882802
0.2350454027648083
0.2426587686605313
0.2459729656241807
0.2132063681815796
0.2161183086894728
0.2239866949593088
0.2270458715488451
0.2182499970898686
0.2211619375977619
0.229285344241711
0.2323445208312473
0.1983021417415509
0.2009479334805603
0.2099326686411522
0.2127336374837524
0.1781574782326449
0.1805344953440638
0.1897880051322462
0.1923201993472559
0.1740403638252067
0.1764173809366256
0.1854021160972174
0.1879343103122271
0.1937194960233405
0.1963652877623499
0.2050812482953513
0.2078822171379515
0.1883998338089942
0.1915811987710521
0.1994495850408882
0.2028175387631266
0.1692611032643569
0.1721192870136612
0.1803108544962509
0.1833556270057356
0.1643105837931942
0.1671687675424985
0.1750371538123345
0.1780819263218192
0.1828895480572904
0.1860709130193483
0.1936161180764307
0.1969840717986691
0.2012870006381144
0.2047883894159315
0.2114646499339358
0.2151430789921285
0.207351583898345
0.2108529726761621
0.2178358759547633
0.221514305012956
0.2255109104214522
0.2293189419598662
0.2359952024778705
0.2399802742966601
0.2189152063200946
0.2227232378585086
0.2290928556159159
0.2330779274347056
0.2114862484627222
0.2158986772321471
0.221318515959916
0.2259360842137691
0.2038436976492998
0.2082561264187247
0.2133206531368254
0.2179382213906785
0.1874291292438369
0.1914862460035936
0.1969060847313625
0.2011683409755474
0.1944562616039746
0.1985133783637313
0.2042885291011684
0.2085507853453533
0.1766831324870314
0.1803694323884423
0.1870456929064466
0.190948196272867
0.1587346513441022
0.1620464758593439
0.1690972117635173
0.1726252397437686
0.1529984030179515
0.1563102275331931
0.1629864880511974
0.1665145160314488
0.1702982737658517
0.1739845736672626
0.1802863587990977
0.1841888621655182
0.1632648760143937
0.1674206097719703
0.1728404484997392
0.1772399182695979
0.1466794979582167
0.1504130685588866
0.1562550704435622
0.1602323770565142
0.1402127639842111
0.1439463345848809
0.1493661733126498
0.1533434799256017
0.1560669340035419
0.1602226677611185
0.1652203433319807
0.1696198131018393
0.1717662128757569
0.1763399853652111
0.180451206293011
0.1852562418655703
0.1796882192097524
0.1842619916992067
0.1887737720368595
0.1935788076094188
0.1954248583211529
0.2003991902204602
0.2045104111482601
0.2097160061306724
0.1868090627378422
0.1917833946371495
0.1954940561550963
0.2006996511375087
0.2016654592403459
0.2070353856892327
0.2097983955121068
0.2153848849250102
0.2157521180777556
0.2214971425833568
0.2238850543495166
0.2298466418191343
0.2257027924121851
0.2314478169177863
0.2342108267406604
0.2401724142102781
0.2109664446827258
0.2163363711316126
0.2194744790112011
0.2250609684241044
0.2200548104959199
0.2248181472479495
0.2289293681757493
0.23388480482625
0.2283051517639952
0.233068488516025
0.2375124362281055
0.2424678728786062
0.2442526362555737
0.2493486997918841
0.253459920719684
0.2587480841544655
0.235425995292085
0.2405220588283954
0.2443005529719146
0.249588716406696
0.2505612436287313
0.255984926836207
0.2587479366590812
0.2643488301520361
0.2599553385082374
0.2653790217157132
0.2684489687566611
0.2740498622496161
0.274666737639211
0.2803973580647606
0.2831603678876347
0.2890681985986635
0.2647410119032673
0.2704716323288168
0.2729277049336172
0.278835535644646
0.253807085230591
0.2602674746159473
0.2616556640388867
0.2683158306494421
0.2402129479674148
0.246327313048531
0.2480615267757103
0.2543756690820257
0.2296225569908964
0.2357369220720127
0.237125111494952
0.2434392538012674
0.2426173625784754
0.2490777519638317
0.250119917082531
0.2567800836930864
