FiniteElementSpace
FiniteElementCollection: L2_2D_P3
VDim: 1
Ordering: 0

1.3378119
1.3216766
1.2993915
1.2813334
1.3216767
1.3063479
1.2851148
1.2678662
1.2993916
1.2851148
1.2652748
1.2491207
1.2813334
1.2678662
1.2491207
1.2338432
1.271349
1.2519032
1.2250922
1.2034083
1.2583179
1.2397091
1.2140476
1.1933068
1.2401697
1.2227203
1.1986715
1.1792599
1.2253763
1.2088764
1.1861575
1.1678426
1.2171788
1.2012093
1.1792343
1.1615323
1.2012093
1.1862841
1.1657731
1.1492738
1.1792342
1.165773
1.1473087
1.1324873
1.1615322
1.1492737
1.1324873
1.1190392
1.2713489
1.2583179
1.2401697
1.2253763
1.2519031
1.2397091
1.2227203
1.2088765
1.2250923
1.2140477
1.1986715
1.1861575
1.2034082
1.1933067
1.1792598
1.1678425
1.1914448
1.1818727
1.168571
1.1577671
1.1682322
1.1597051
1.1478716
1.1382748
1.1364675
1.1294139
1.119647
1.1117463
1.1110171
1.1051878
1.0971353
1.0906397
1.0970827
1.0919457
1.0848608
1.0791547
1.070378
1.0666121
1.0614296
1.0572637
1.0347701
1.0328903
1.0303077
1.0282353
1.0071732
1.0067764
1.0062314
1.005794
1.0760207
1.0699762
1.0617913
1.0553123
1.0549793
1.0505789
1.0446321
1.0399317
1.0271
1.024915
1.0219654
1.0196366
1.0055544
1.0050934
1.0044713
1.0039802
1.1517988
1.1402112
1.1243595
1.1116756
1.132979
1.1227108
1.1086964
1.0975134
1.1073951
1.0989775
1.0875319
1.0784344
1.0870689
1.0801762
1.0708303
1.0634227
1.1047375
1.0914087
1.0734814
1.0593966
1.0914087
1.0797052
1.0640097
1.05171
1.0734813
1.0640097
1.0513494
1.0414535
1.0593965
1.0517099
1.0414535
1.0334477
1.0517932
1.045078
1.0361242
1.0291395
1.0373813
1.0325182
1.0260405
1.020991
1.0183736
1.0159667
1.0127629
1.0102667
1.0037139
1.0032065
1.0025313
1.0020054
1.0253816
1.0182752
1.0089246
1.0017227
1.0182752
1.0131411
1.0063881
1.0011885
1.0089246
1.0063881
1.0030533
1.0004867
1.0017228
1.0011887
1.000487
0.99994744
1.0517932
1.0373815
1.0183737
1.0037138
1.0450781
1.0325183
1.0159668
1.0032064
1.0361243
1.0260406
1.0127628
1.0025312
1.0291395
1.020991
1.0102667
1.0020053
1.0760208
1.0549794
1.0271001
1.0055543
1.0699763
1.050579
1.0249152
1.0050932
1.0617914
1.0446323
1.0219656
1.0044711
1.0553123
1.0399319
1.0196367
1.00398
1.1517989
1.1329791
1.1073952
1.087069
1.1402113
1.1227109
1.0989776
1.0801763
1.1243595
1.1086965
1.087532
1.0708303
1.1116756
1.0975134
1.0784345
1.0634227
1.1914449
1.1682325
1.1364677
1.1110172
1.1818729
1.1597054
1.129414
1.1051879
1.1685712
1.1478717
1.119647
1.0971353
1.1577672
1.1382749
1.1117464
1.0906398
1.0970828
1.0703782
1.0347702
1.0071731
1.0919458
1.0666122
1.0328905
1.0067763
1.0848609
1.0614297
1.0303079
1.0062313
1.0791548
1.0572638
1.0282355
1.0057939
