FiniteElementSpace
FiniteElementCollection: L2_2D_P3
VDim: 1
Ordering: 0

1.7117713e+19
1.7679344e+19
1.8385685e+19
1.8904362e+19
1.7117858e+19
1.767948e+19
1.838584e+19
1.8904529e+19
1.7117942e+19
1.7679574e+19
1.8385942e+19
1.8904641e+19
1.7117938e+19
1.7679568e+19
1.8385938e+19
1.8904635e+19
1.711795e+19
1.7679582e+19
1.8385953e+19
1.8904652e+19
1.7117954e+19
1.7679587e+19
1.8385958e+19
1.8904657e+19
1.7117957e+19
1.767959e+19
1.8385962e+19
1.8904662e+19
1.7117966e+19
1.7679599e+19
1.8385972e+19
1.8904672e+19
1.4809823e+19
1.5428951e+19
1.6220976e+19
1.6811516e+19
1.4809825e+19
1.5428953e+19
1.6220978e+19
1.6811519e+19
1.4809827e+19
1.5428956e+19
1.6220981e+19
1.6811522e+19
1.4809834e+19
1.5428963e+19
1.6220989e+19
1.681153e+19
1.4809565e+19
1.5428692e+19
1.6220682e+19
1.6811195e+19
1.4809778e+19
1.54289e+19
1.622092e+19
1.6811453e+19
1.4809808e+19
1.5428934e+19
1.6220956e+19
1.6811497e+19
1.480982e+19
1.5428947e+19
1.6220971e+19
1.6811511e+19
1.2232628e+19
1.2981538e+19
1.3820598e+19
1.4473229e+19
1.2232397e+19
1.2981683e+19
1.3820742e+19
1.4473437e+19
1.2232439e+19
1.2981704e+19
1.3820771e+19
1.4473465e+19
1.2232461e+19
1.2981715e+19
1.3820783e+19
1.4473476e+19
1.223247e+19
1.2981719e+19
1.3820787e+19
1.447348e+19
1.2232483e+19
1.2981724e+19
1.3820791e+19
1.4473482e+19
1.2232495e+19
1.2981727e+19
1.3820794e+19
1.4473484e+19
1.2232499e+19
1.2981729e+19
1.38208e+19
1.447349e+19
1.2232558e+19
1.2981715e+19
1.3820796e+19
1.4473497e+19
1.223256e+19
1.2981714e+19
1.3820795e+19
1.4473494e+19
1.2232559e+19
1.2981712e+19
1.3820792e+19
1.4473492e+19
1.2232559e+19
1.2981711e+19
1.3820791e+19
1.4473491e+19
1.4809822e+19
1.5428964e+19
1.622097e+19
1.6811509e+19
1.4809819e+19
1.5428961e+19
1.6220967e+19
1.6811505e+19
1.4809816e+19
1.5428958e+19
1.6220963e+19
1.6811502e+19
1.4809815e+19
1.5428957e+19
1.6220962e+19
1.68115e+19
1.4809811e+19
1.5428959e+19
1.6220964e+19
1.6811488e+19
1.4809813e+19
1.5428961e+19
1.6220967e+19
1.6811491e+19
1.4809821e+19
1.542897e+19
1.6220976e+19
1.6811501e+19
1.4809832e+19
1.5428982e+19
1.6220989e+19
1.6811516e+19
1.22325e+19
1.2981725e+19
1.3820788e+19
1.447349e+19
1.22325e+19
1.2981727e+19
1.3820789e+19
1.4473492e+19
1.2232501e+19
1.2981732e+19
1.3820795e+19
1.4473499e+19
1.2232505e+19
1.2981739e+19
1.3820804e+19
1.447351e+19
1.2232563e+19
1.2981714e+19
1.3820801e+19
1.4473501e+19
1.223256e+19
1.2981713e+19
1.38208e+19
1.4473501e+19
1.2232556e+19
1.2981713e+19
1.38208e+19
1.4473502e+19
1.2232553e+19
1.2981713e+19
1.38208e+19
1.4473502e+19
1.2232551e+19
1.2981713e+19
1.38208e+19
1.4473502e+19
1.2232548e+19
1.2981712e+19
1.38208e+19
1.4473503e+19
1.2232545e+19
1.2981712e+19
1.3820799e+19
1.4473503e+19
1.2232544e+19
1.2981712e+19
1.3820799e+19
1.4473503e+19
1.4809824e+19
1.5428978e+19
1.622096e+19
1.6811557e+19
1.4809824e+19
1.5428978e+19
1.622096e+19
1.6811557e+19
1.4809824e+19
1.5428978e+19
1.6220961e+19
1.6811558e+19
1.4809825e+19
1.5428978e+19
1.6220961e+19
1.6811558e+19
1.4809822e+19
1.5428977e+19
1.6220956e+19
1.6811561e+19
1.4809822e+19
1.5428977e+19
1.6220957e+19
1.6811561e+19
1.4809823e+19
1.5428978e+19
1.6220958e+19
1.6811562e+19
1.4809823e+19
1.5428978e+19
1.6220958e+19
1.6811563e+19
1.7117977e+19
1.767964e+19
1.8385832e+19
1.8905144e+19
1.7117977e+19
1.7679641e+19
1.8385832e+19
1.8905146e+19
1.7117978e+19
1.7679641e+19
1.8385832e+19
1.8905146e+19
1.7117978e+19
1.7679641e+19
1.8385832e+19
1.8905146e+19
1.9174608e+19
1.9659506e+19
2.0266732e+19
2.0687732e+19
1.9174606e+19
1.9659507e+19
2.0266729e+19
2.0687731e+19
1.9174607e+19
1.9659508e+19
2.026673e+19
2.0687732e+19
1.9174607e+19
1.9659508e+19
2.026673e+19
2.0687732e+19
1.9174585e+19
1.9659525e+19
2.026672e+19
2.0687741e+19
1.9174585e+19
1.9659525e+19
2.026672e+19
2.0687742e+19
1.9174585e+19
1.9659525e+19
2.026672e+19
2.0687742e+19
1.9174585e+19
1.9659525e+19
2.0266721e+19
2.0687742e+19
1.7117989e+19
1.7679631e+19
1.8385849e+19
1.8905129e+19
1.7117989e+19
1.7679632e+19
1.8385849e+19
1.8905129e+19
1.7117989e+19
1.7679632e+19
1.8385849e+19
1.8905129e+19
1.7117989e+19
1.7679632e+19
1.8385849e+19
1.8905129e+19
1.7117927e+19
1.7679679e+19
1.8385813e+19
1.8905163e+19
1.7117926e+19
1.767968e+19
1.8385813e+19
1.8905163e+19
1.7117927e+19
1.767968e+19
1.8385814e+19
1.8905163e+19
1.7117927e+19
1.767968e+19
1.8385814e+19
1.8905164e+19
1.9174601e+19
1.9659507e+19
2.0266735e+19
2.0687722e+19
1.9174601e+19
1.9659507e+19
2.0266735e+19
2.0687722e+19
1.9174602e+19
1.9659507e+19
2.0266735e+19
2.0687722e+19
1.9174602e+19
1.9659507e+19
2.0266736e+19
2.0687722e+19
1.917458e+19
1.9659526e+19
2.0266725e+19
2.0687731e+19
1.9174581e+19
1.9659525e+19
2.0266728e+19
2.0687729e+19
1.9174582e+19
1.9659529e+19
2.0266725e+19
2.0687732e+19
1.9174583e+19
1.9659536e+19
2.0266715e+19
2.0687745e+19
1.7117937e+19
1.767967e+19
1.8385831e+19
1.8905147e+19
1.7117937e+19
1.7679671e+19
1.8385832e+19
1.8905147e+19
1.7117938e+19
1.7679671e+19
1.8385833e+19
1.8905149e+19
1.711794e+19
1.767967e+19
1.8385833e+19
1.890515e+19
1.4809836e+19
1.5428965e+19
1.6220993e+19
1.6811528e+19
1.4809836e+19
1.5428965e+19
1.6220993e+19
1.6811528e+19
1.4809836e+19
1.5428965e+19
1.6220994e+19
1.6811528e+19
1.4809834e+19
1.5428966e+19
1.6220994e+19
1.6811527e+19
1.4809835e+19
1.5428965e+19
1.6220991e+19
1.6811534e+19
1.4809836e+19
1.5428965e+19
1.6220991e+19
1.6811534e+19
1.4809836e+19
1.5428965e+19
1.6220991e+19
1.6811534e+19
1.4809836e+19
1.5428966e+19
1.6220991e+19
1.6811534e+19
1.2232478e+19
1.2981727e+19
1.3820798e+19
1.4473492e+19
1.2232478e+19
1.2981728e+19
1.3820798e+19
1.4473492e+19
1.223248e+19
1.2981728e+19
1.3820798e+19
1.4473492e+19
1.2232483e+19
1.2981728e+19
1.3820798e+19
1.4473492e+19
1.2232485e+19
1.2981729e+19
1.3820799e+19
1.4473492e+19
1.223249e+19
1.298173e+19
1.38208e+19
1.4473492e+19
1.2232498e+19
1.2981732e+19
1.3820801e+19
1.4473492e+19
1.2232569e+19
1.2981723e+19
1.3820808e+19
1.4473489e+19
9.8143801e+18
1.0465037e+19
1.1358014e+19
1.1939579e+19
9.8143787e+18
1.0465036e+19
1.1358011e+19
1.193958e+19
9.8143765e+18
1.0465034e+19
1.1358007e+19
1.1939581e+19
9.8143765e+18
1.0465044e+19
1.1357961e+19
1.1939571e+19
9.8143823e+18
1.0465037e+19
1.1358018e+19
1.1939577e+19
9.8143817e+18
1.0465038e+19
1.1358018e+19
1.1939578e+19
9.8143812e+18
1.0465038e+19
1.1358017e+19
1.1939578e+19
9.8143804e+18
1.0465037e+19
1.1358016e+19
1.1939579e+19
7.27079e+18
7.9240007e+18
8.7865667e+18
9.4519112e+18
7.270789e+18
7.9240012e+18
8.7865668e+18
9.4519111e+18
7.2707891e+18
7.9240012e+18
8.7865667e+18
9.4519108e+18
7.2707892e+18
7.9240012e+18
8.7865664e+18
9.4519103e+18
7.2707762e+18
7.9240048e+18
8.7865646e+18
9.4519108e+18
7.2707763e+18
7.9240049e+18
8.7865642e+18
9.45191e+18
7.2707765e+18
7.9240049e+18
8.7865636e+18
9.4519085e+18
7.2707719e+18
7.9240093e+18
8.7865752e+18
9.4519234e+18
4.8290984e+18
5.4442365e+18
6.2745613e+18
6.9235777e+18
4.8290988e+18
5.4442371e+18
6.2745617e+18
6.9235781e+18
4.8290999e+18
5.4442379e+18
6.2745624e+18
6.9235785e+18
4.829076e+18
5.4442339e+18
6.2745598e+18
6.9235689e+18
2.4589203e+18
3.154173e+18
3.8878024e+18
4.504646e+18
2.4589188e+18
3.1541732e+18
3.8878027e+18
4.5046465e+18
2.4589128e+18
3.1541754e+18
3.8878026e+18
4.5046478e+18
2.4592255e+18
3.1541387e+18
3.8878147e+18
4.5046106e+18
2.4590954e+18
3.1541401e+18
3.8877926e+18
4.5046647e+18
2.4590965e+18
3.1541401e+18
3.8877925e+18
4.5046644e+18
2.4590966e+18
3.1541397e+18
3.8877926e+18
4.5046646e+18
2.4590959e+18
3.1541394e+18
3.8877929e+18
4.5046648e+18
4.8291534e+18
5.4441946e+18
6.2745846e+18
6.9235537e+18
4.8291535e+18
5.444194e+18
6.2745853e+18
6.9235527e+18
4.8291537e+18
5.4441942e+18
6.2745855e+18
6.9235528e+18
4.8291538e+18
5.4441947e+18
6.2745857e+18
6.9235532e+18
4.8290217e+18
5.4443398e+18
6.2743663e+18
6.9237898e+18
4.8290212e+18
5.4443392e+18
6.2743659e+18
6.9237893e+18
4.8290204e+18
5.4443388e+18
6.274365e+18
6.9237894e+18
4.8290207e+18
5.4443377e+18
6.2743661e+18
6.9237877e+18
2.4587716e+18
3.1542174e+18
3.8877703e+18
4.5047037e+18
2.458771e+18
3.1542173e+18
3.8877698e+18
4.504703e+18
2.4587696e+18
3.1542174e+18
3.8877693e+18
4.5047026e+18
2.4587714e+18
3.1542168e+18
3.8877691e+18
4.5047022e+18
2.4589744e+18
3.1541761e+18
3.8877698e+18
4.5047208e+18
2.4589733e+18
3.1541763e+18
3.887769e+18
4.5047203e+18
2.4589723e+18
3.154176e+18
3.887768e+18
4.5047193e+18
2.4589708e+18
3.154176e+18
3.8877674e+18
4.5047186e+18
4.8290751e+18
5.4443047e+18
6.2743924e+18
6.9237684e+18
4.8290742e+18
5.4443042e+18
6.274391e+18
6.9237687e+18
4.8290732e+18
5.444303e+18
6.2743901e+18
6.9237679e+18
4.8290723e+18
5.4443023e+18
6.2743893e+18
6.9237675e+18
7.2709724e+18
7.9239169e+18
8.7864821e+18
9.4519962e+18
7.2709731e+18
7.9239162e+18
8.7864822e+18
9.4519969e+18
7.2709725e+18
7.9239159e+18
8.7864824e+18
9.4519975e+18
7.2709721e+18
7.9239157e+18
8.7864825e+18
9.451998e+18
7.270961e+18
7.9239183e+18
8.7864813e+18
9.4519986e+18
7.2709605e+18
7.9239183e+18
8.7864815e+18
9.4519989e+18
7.2709607e+18
7.9239179e+18
8.7864816e+18
9.4519994e+18
7.2709591e+18
7.9239187e+18
8.7864817e+18
9.4519994e+18
9.8146832e+18
1.0464831e+19
1.135813e+19
1.1939459e+19
9.8146838e+18
1.0464832e+19
1.1358132e+19
1.1939459e+19
9.814685e+18
1.0464832e+19
1.1358134e+19
1.1939459e+19
9.8146842e+18
1.0464833e+19
1.1358135e+19
1.1939459e+19
9.8146785e+18
1.0464829e+19
1.1358122e+19
1.1939461e+19
9.8146802e+18
1.0464829e+19
1.1358124e+19
1.1939461e+19
9.8146814e+18
1.046483e+19
1.1358127e+19
1.193946e+19
9.8146823e+18
1.0464831e+19
1.1358129e+19
1.193946e+19
9.8143762e+18
1.0465031e+19
1.1357997e+19
1.1939576e+19
9.8143759e+18
1.0465032e+19
1.1357998e+19
1.1939577e+19
9.8143748e+18
1.0465033e+19
1.1358002e+19
1.1939581e+19
9.8143745e+18
1.0465032e+19
1.1358007e+19
1.1939586e+19
7.2707858e+18
7.9240129e+18
8.7865677e+18
9.4519107e+18
7.2707847e+18
7.9240113e+18
8.7865674e+18
9.45191e+18
7.2707782e+18
7.9240065e+18
8.786564e+18
9.4519081e+18
7.2707716e+18
7.9239987e+18
8.7865592e+18
9.4519056e+18
7.2706883e+18
7.9241131e+18
8.7863821e+18
9.4520808e+18
7.2706905e+18
7.9241151e+18
8.786383e+18
9.4520817e+18
7.2706931e+18
7.9241176e+18
8.7863844e+18
9.4520828e+18
7.2706945e+18
7.9241182e+18
8.7863859e+18
9.4520826e+18
9.8146435e+18
1.0464827e+19
1.1358121e+19
1.1939464e+19
9.8146439e+18
1.0464827e+19
1.1358119e+19
1.1939463e+19
9.8146446e+18
1.0464826e+19
1.1358117e+19
1.1939461e+19
9.814644e+18
1.0464827e+19
1.1358116e+19
1.1939461e+19
9.8143828e+18
1.0465037e+19
1.1358016e+19
1.1939572e+19
9.8143795e+18
1.0465035e+19
1.1358011e+19
1.1939576e+19
9.8143762e+18
1.0465033e+19
1.1358005e+19
1.1939579e+19
9.8143757e+18
1.0465032e+19
1.1358004e+19
1.193958e+19
9.8144002e+18
1.0465038e+19
1.1357865e+19
1.1939643e+19
9.8144031e+18
1.0465045e+19
1.1358029e+19
1.1939538e+19
9.8143914e+18
1.0465041e+19
1.1358023e+19
1.1939559e+19
9.8143852e+18
1.0465038e+19
1.1358018e+19
1.1939569e+19
7.2709867e+18
7.9241908e+18
8.7866977e+18
9.4519778e+18
7.2708146e+18
7.9240377e+18
8.7865908e+18
9.4519327e+18
7.2707922e+18
7.9240185e+18
8.786576e+18
9.451921e+18
7.2707844e+18
7.9240116e+18
8.78657e+18
9.4519155e+18
7.2707821e+18
7.9240095e+18
8.786568e+18
9.4519134e+18
7.2707813e+18
7.9240088e+18
8.7865664e+18
9.4519111e+18
7.2707807e+18
7.9240079e+18
8.7865654e+18
9.451909e+18
7.2707758e+18
7.9240043e+18
8.7865619e+18
9.451908e+18
4.8291073e+18
5.4442445e+18
6.2745681e+18
6.923584e+18
4.8291077e+18
5.4442443e+18
6.2745681e+18
6.9235839e+18
4.8291073e+18
5.4442441e+18
6.2745679e+18
6.9235836e+18
4.8290991e+18
5.4442372e+18
6.2745618e+18
6.9235784e+18
4.8294093e+18
5.4445611e+18
6.2748404e+18
6.9237999e+18
4.8291552e+18
5.4442916e+18
6.2746082e+18
6.9236163e+18
4.8291207e+18
5.4442585e+18
6.2745798e+18
6.9235935e+18
4.8291104e+18
5.4442479e+18
6.2745709e+18
6.9235863e+18
2.4597219e+18
3.1544511e+18
3.888176e+18
4.5049487e+18
2.4590979e+18
3.1542439e+18
3.8878807e+18
4.504705e+18
2.4590037e+18
3.1541999e+18
3.8878359e+18
4.5046694e+18
2.4589518e+18
3.1541871e+18
3.8878185e+18
4.5046584e+18
2.4589295e+18
3.1541845e+18
3.8878128e+18
4.5046556e+18
2.4589056e+18
3.1541849e+18
3.8878091e+18
4.5046557e+18
2.4589e+18
3.154183e+18
3.8878076e+18
4.5046552e+18
2.4589123e+18
3.15417e+18
3.8878019e+18
4.5046466e+18
2.4590948e+18
3.1541444e+18
3.887799e+18
4.5046732e+18
2.4591119e+18
3.154147e+18
3.8878042e+18
4.5046766e+18
2.4591322e+18
3.1541504e+18
3.8878105e+18
4.5046805e+18
2.4591416e+18
3.1541518e+18
3.8878133e+18
4.504682e+18
4.829155e+18
5.4442131e+18
6.2745705e+18
6.9236212e+18
4.8291586e+18
5.4442168e+18
6.2745737e+18
6.9236237e+18
4.8291625e+18
5.4442212e+18
6.2745773e+18
6.9236264e+18
4.829164e+18
5.4442231e+18
6.2745788e+18
6.9236275e+18
4.8291149e+18
5.4442536e+18
6.2745758e+18
6.923589e+18
4.8291124e+18
5.4442514e+18
6.2745735e+18
6.9235875e+18
4.8291033e+18
5.4442416e+18
6.2745658e+18
6.9235808e+18
4.8290908e+18
5.4442291e+18
6.2745537e+18
6.9235735e+18
2.4589659e+18
3.1541855e+18
3.8878229e+18
4.5046623e+18
2.4589581e+18
3.1541836e+18
3.8878199e+18
4.5046599e+18
2.4589234e+18
3.1541749e+18
3.8878068e+18
4.5046506e+18
2.4588724e+18
3.1541639e+18
3.8877887e+18
4.5046386e+18
7.2087132e+17
1.1835366e+18
1.844827e+18
2.2359593e+18
7.2086354e+17
1.1835357e+18
1.844827e+18
2.2359589e+18
7.2085024e+17
1.1835238e+18
1.8448355e+18
2.2359553e+18
7.2083432e+17
1.1835046e+18
1.84485e+18
2.2359505e+18
-9.5796544e+17
-5.5713647e+17
9.1493681e+15
4.7246967e+17
-9.5796955e+17
-5.571375e+17
9.1463107e+15
4.7247086e+17
-9.5797613e+17
-5.5714555e+17
9.1352679e+15
4.724631e+17
-9.579866e+17
-5.5715601e+17
9.1189957e+15
4.7245133e+17
-9.5606507e+17
-5.577749e+17
9.6863758e+15
4.7038754e+17
-9.5606166e+17
-5.577721e+17
9.6909159e+15
4.7038891e+17
-9.5605788e+17
-5.5776814e+17
9.6965317e+15
4.7039219e+17
-9.56062e+17
-5.5776453e+17
9.6978809e+15
4.7039949e+17
7.2365654e+17
1.182483e+18
1.8454105e+18
2.2354981e+18
7.2366361e+17
1.182486e+18
1.8454043e+18
2.2354979e+18
7.236708e+17
1.1824909e+18
1.8453966e+18
2.235498e+18
7.2366517e+17
1.1824968e+18
1.8453907e+18
2.2354994e+18
7.208662e+17
1.183541e+18
1.8448556e+18
2.2359634e+18
7.2085893e+17
1.1835287e+18
1.8448631e+18
2.2359685e+18
7.2085122e+17
1.183524e+18
1.8448598e+18
2.2359683e+18
7.2085412e+17
1.1835236e+18
1.8448445e+18
2.2359503e+18
7.2129236e+17
1.1838188e+18
1.844819e+18
2.2362485e+18
7.2095134e+17
1.1836102e+18
1.8448378e+18
2.2359953e+18
7.2089853e+17
1.1835726e+18
1.8448412e+18
2.2359666e+18
7.2087603e+17
1.1835511e+18
1.8448504e+18
2.2359627e+18
-9.5775058e+17
-5.5700031e+17
9.4797431e+15
4.7260061e+17
-9.5793197e+17
-5.5709233e+17
9.2196708e+15
4.7253004e+17
-9.5795286e+17
-5.5711445e+17
9.1636801e+15
4.7248999e+17
-9.5796367e+17
-5.5712914e+17
9.1465536e+15
4.7247595e+17
-9.5796892e+17
-5.5713609e+17
9.142168e+15
4.724724e+17
-9.5797359e+17
-5.5714541e+17
9.1414894e+15
4.7246916e+17
-9.5797779e+17
-5.5714845e+17
9.1389998e+15
4.7246816e+17
-9.5797224e+17
-5.5714506e+17
9.1270672e+15
4.7245501e+17
-1.9788038e+18
-1.7647951e+18
-1.4455322e+18
-1.1355544e+18
-1.9788012e+18
-1.7647903e+18
-1.4455344e+18
-1.1355453e+18
-1.9787988e+18
-1.7647883e+18
-1.4455354e+18
-1.1355431e+18
-1.9787904e+18
-1.7647893e+18
-1.4455293e+18
-1.135559e+18
-1.9790269e+18
-1.7650114e+18
-1.445571e+18
-1.1356985e+18
-1.9788535e+18
-1.7648401e+18
-1.4455444e+18
-1.1355635e+18
-1.9788199e+18
-1.7648127e+18
-1.4455331e+18
-1.1355674e+18
-1.978808e+18
-1.7648004e+18
-1.4455316e+18
-1.1355605e+18
-1.208669e+18
-1.977334e+18
-2.0194376e+18
-2.0192709e+18
-1.2083333e+18
-1.9770879e+18
-2.0192107e+18
-2.0190689e+18
-1.2082652e+18
-1.9770468e+18
-2.0191707e+18
-2.0190313e+18
-1.2082407e+18
-1.9770331e+18
-2.0191557e+18
-2.0190166e+18
-1.2082325e+18
-1.9770284e+18
-2.0191505e+18
-2.0190113e+18
-1.2082274e+18
-1.9770254e+18
-2.0191464e+18
-2.019007e+18
-1.2082262e+18
-1.977021e+18
-2.0191426e+18
-2.0190039e+18
-1.2082197e+18
-1.977009e+18
-2.0191359e+18
-2.0189965e+18
-1.2083744e+18
-1.976754e+18
-2.01961e+18
-2.0185245e+18
-1.2083834e+18
-1.9767541e+18
-2.0196146e+18
-2.018525e+18
-1.2083932e+18
-1.9767564e+18
-2.0196173e+18
-2.0185295e+18
-1.2083973e+18
-1.9767576e+18
-2.0196179e+18
-2.0185324e+18
-1.9780151e+18
-1.7655698e+18
-1.4446743e+18
-1.1376747e+18
-1.9780146e+18
-1.765576e+18
-1.4446729e+18
-1.1376818e+18
-1.9780188e+18
-1.7655793e+18
-1.4446752e+18
-1.1376818e+18
-1.9780217e+18
-1.76558e+18
-1.4446771e+18
-1.1376801e+18
-1.9788019e+18
-1.7648023e+18
-1.4455351e+18
-1.1355613e+18
-1.9788033e+18
-1.7647978e+18
-1.4455376e+18
-1.1355547e+18
-1.9787953e+18
-1.7647908e+18
-1.4455353e+18
-1.1355521e+18
-1.9787828e+18
-1.7647816e+18
-1.4455303e+18
-1.1355484e+18
-1.2082527e+18
-1.9770179e+18
-2.0191488e+18
-2.0190091e+18
-1.2082474e+18
-1.9770167e+18
-2.0191444e+18
-2.0190094e+18
-1.2082283e+18
-1.9770083e+18
-2.0191364e+18
-2.0190002e+18
-1.2082012e+18
-1.976997e+18
-2.0191251e+18
-2.0189877e+18
-1.2083607e+18
-1.9767706e+18
-2.0195447e+18
-2.0187695e+18
-1.2083605e+18
-1.9767695e+18
-2.0195469e+18
-2.0187685e+18
-1.2083586e+18
-1.9767696e+18
-2.0195463e+18
-2.018769e+18
-1.2083576e+18
-1.9767695e+18
-2.0195468e+18
-2.0187691e+18
-1.2083549e+18
-1.9767737e+18
-2.0195384e+18
-2.0187984e+18
-1.208354e+18
-1.9767739e+18
-2.0195386e+18
-2.0187987e+18
-1.2083532e+18
-1.976774e+18
-2.0195389e+18
-2.0187989e+18
-1.2083524e+18
-1.9767747e+18
-2.0195379e+18
-2.0187997e+18
-1.977819e+18
-1.7655072e+18
-1.4449584e+18
-1.135323e+18
-1.9778194e+18
-1.7655068e+18
-1.4449593e+18
-1.1353196e+18
-1.9778195e+18
-1.7655069e+18
-1.4449592e+18
-1.1353196e+18
-1.977822e+18
-1.7655054e+18
-1.4449603e+18
-1.1353226e+18
-1.977679e+18
-1.7658179e+18
-1.4443119e+18
-1.1375993e+18
-1.9776747e+18
-1.7658223e+18
-1.4443071e+18
-1.1376043e+18
-1.9776761e+18
-1.7658212e+18
-1.4443081e+18
-1.1376042e+18
-1.9776759e+18
-1.7658212e+18
-1.444309e+18
-1.1375994e+18
-9.5734306e+17
-5.5708292e+17
9.2362941e+15
4.7124205e+17
-9.5734501e+17
-5.5708072e+17
9.2359468e+15
4.7124129e+17
-9.573444e+17
-5.5708136e+17
9.236155e+15
4.7124162e+17
-9.5734783e+17
-5.5707987e+17
9.2354272e+15
4.7124529e+17
7.2306526e+17
1.1825176e+18
1.8453999e+18
2.2355977e+18
7.230709e+17
1.1825142e+18
1.8454025e+18
2.235597e+18
7.2306958e+17
1.1825152e+18
1.8454026e+18
2.2355967e+18
7.2306533e+17
1.182517e+18
1.8454024e+18
2.2355974e+18
7.1968147e+17
1.18375e+18
1.844739e+18
2.2361292e+18
7.1967244e+17
1.1837538e+18
1.8447376e+18
2.2361307e+18
7.1967551e+17
1.183753e+18
1.8447389e+18
2.2361302e+18
7.1968156e+17
1.1837518e+18
1.8447398e+18
2.2361289e+18
-9.5971285e+17
-5.5623077e+17
8.4859189e+15
4.7385982e+17
-9.5971873e+17
-5.5622869e+17
8.4845647e+15
4.7386636e+17
-9.5971689e+17
-5.5622911e+17
8.4852043e+15
4.738648e+17
-9.5971016e+17
-5.5623201e+17
8.4870469e+15
4.7385953e+17
-9.5610905e+17
-5.5776808e+17
9.687329e+15
4.7037964e+17
-9.5609647e+17
-5.5777353e+17
9.6907318e+15
4.7036942e+17
-9.5610047e+17
-5.5777209e+17
9.6893077e+15
4.7037208e+17
-9.5610137e+17
-5.5777241e+17
9.6885703e+15
4.7037296e+17
7.2366486e+17
1.1824794e+18
1.845405e+18
2.2354924e+18
7.2367661e+17
1.1824759e+18
1.8454063e+18
2.2354898e+18
7.236727e+17
1.1824765e+18
1.8454055e+18
2.2354904e+18
7.2366926e+17
1.1824775e+18
1.8454041e+18
2.2354906e+18
7.208575e+17
1.1835217e+18
1.8448376e+18
2.2359518e+18
7.2084799e+17
1.1835233e+18
1.8448355e+18
2.2359529e+18
7.2084751e+17
1.1835184e+18
1.8448372e+18
2.2359517e+18
7.2086544e+17
1.1835487e+18
1.8446496e+18
2.2359751e+18
-9.5797205e+17
-5.5714641e+17
9.1363286e+15
4.7245925e+17
-9.5797773e+17
-5.5714582e+17
9.1344123e+15
4.724638e+17
-9.5797775e+17
-5.5714832e+17
9.1340734e+15
4.7246117e+17
-9.5794614e+17
-5.5711096e+17
9.1565929e+15
4.7244982e+17
-1.9787959e+18
-1.7647914e+18
-1.4455346e+18
-1.1355549e+18
-1.9787953e+18
-1.7647903e+18
-1.4455356e+18
-1.1355513e+18
-1.9787941e+18
-1.7647889e+18
-1.445536e+18
-1.1355493e+18
-1.9788008e+18
-1.7648221e+18
-1.445542e+18
-1.1356045e+18
-1.9786339e+18
-1.7650886e+18
-1.4449418e+18
-1.1374866e+18
-1.978638e+18
-1.7650857e+18
-1.444944e+18
-1.1374904e+18
-1.9786364e+18
-1.7650866e+18
-1.4449429e+18
-1.1374906e+18
-1.9786369e+18
-1.7650852e+18
-1.4449446e+18
-1.1374866e+18
-1.2082207e+18
-1.977008e+18
-2.0191376e+18
-2.0190048e+18
-1.20822e+18
-1.977009e+18
-2.0191356e+18
-2.0190057e+18
-1.2082204e+18
-1.9770083e+18
-2.0191358e+18
-2.0190051e+18
-1.2082206e+18
-1.977008e+18
-2.019135e+18
-2.0190049e+18
-1.2082215e+18
-1.9770067e+18
-2.0191361e+18
-2.0190008e+18
-1.208222e+18
-1.9770061e+18
-2.0191352e+18
-2.019e+18
-1.2082228e+18
-1.9770049e+18
-2.0191335e+18
-2.0189984e+18
-1.2082552e+18
-1.9769692e+18
-2.0191283e+18
-2.0190018e+18
-1.2126861e+18
-1.9721872e+18
-2.0190274e+18
-2.019634e+18
-1.2127392e+18
-1.9721302e+18
-2.0190224e+18
-2.0196426e+18
-1.2127238e+18
-1.9721487e+18
-2.019025e+18
-2.0196412e+18
-1.212732e+18
-1.9721414e+18
-2.0190235e+18
-2.0196443e+18
-1.9790547e+18
-1.7695612e+18
-1.4452436e+18
-1.1442465e+18
-1.9790701e+18
-1.7696171e+18
-1.4452572e+18
-1.1443299e+18
-1.9790667e+18
-1.7696011e+18
-1.4452541e+18
-1.1443023e+18
-1.979071e+18
-1.7696083e+18
-1.4452568e+18
-1.1443143e+18
-1.9797205e+18
-1.7690648e+18
-1.4456376e+18
-1.1437357e+18
-1.9797236e+18
-1.7690626e+18
-1.4456388e+18
-1.1437344e+18
-1.9797231e+18
-1.7690635e+18
-1.4456383e+18
-1.143735e+18
-1.9797224e+18
-1.7690649e+18
-1.4456382e+18
-1.1437346e+18
-1.2125835e+18
-1.9724074e+18
-2.0185516e+18
-2.0201279e+18
-1.2125835e+18
-1.9724094e+18
-2.0185501e+18
-2.0201306e+18
-1.2125847e+18
-1.97241e+18
-2.0185513e+18
-2.0201304e+18
-1.2125859e+18
-1.97241e+18
-2.0185526e+18
-2.0201298e+18
-1.2127323e+18
-1.9721478e+18
-2.0190255e+18
-2.019646e+18
-1.2127339e+18
-1.9721473e+18
-2.0190281e+18
-2.019644e+18
-1.212735e+18
-1.9721484e+18
-2.0190279e+18
-2.019645e+18
-1.2127361e+18
-1.9721488e+18
-2.0190286e+18
-2.019645e+18
-1.2127364e+18
-1.9721494e+18
-2.0190287e+18
-2.0196452e+18
-1.2127377e+18
-1.9721497e+18
-2.0190291e+18
-2.0196455e+18
-1.2127395e+18
-1.97215e+18
-2.0190296e+18
-2.0196459e+18
-1.2127094e+18
-1.9721848e+18
-2.0190335e+18
-2.0196416e+18
-1.9790707e+18
-1.7696079e+18
-1.4452553e+18
-1.1443104e+18
-1.979071e+18
-1.7696083e+18
-1.4452553e+18
-1.1443109e+18
-1.9790713e+18
-1.7696091e+18
-1.4452551e+18
-1.1443128e+18
-1.9790628e+18
-1.7695763e+18
-1.4452471e+18
-1.1442631e+18
-1.9790721e+18
-1.7696057e+18
-1.4452564e+18
-1.1443095e+18
-1.9790695e+18
-1.7696081e+18
-1.4452548e+18
-1.1443115e+18
-1.9790707e+18
-1.7696076e+18
-1.4452554e+18
-1.1443107e+18
-1.9790705e+18
-1.7696081e+18
-1.4452552e+18
-1.1443108e+18
-9.5325519e+17
-5.5218723e+17
1.0601216e+16
4.717102e+17
-9.5325441e+17
-5.5218719e+17
1.0601385e+16
4.7170985e+17
-9.5325428e+17
-5.5218696e+17
1.0601887e+16
4.7171033e+17
-9.5325428e+17
-5.5218675e+17
1.0602335e+16
4.7171073e+17
-9.532544e+17
-5.5218687e+17
1.060239e+16
4.7171095e+17
-9.5325391e+17
-5.5218633e+17
1.0602713e+16
4.7171114e+17
-9.5325266e+17
-5.521852e+17
1.0602587e+16
4.71711e+17
-9.5328115e+17
-5.5222454e+17
1.0580496e+16
4.717158e+17
7.2323892e+17
1.1915807e+18
1.8177958e+18
2.2384835e+18
7.2323948e+17
1.1915815e+18
1.8177952e+18
2.2384841e+18
7.2324072e+17
1.1915841e+18
1.8177918e+18
2.2384849e+18
7.2322738e+17
1.1915501e+18
1.8179781e+18
2.2384614e+18
7.2323682e+17
1.1915798e+18
1.8177937e+18
2.2384818e+18
7.2323821e+17
1.1915801e+18
1.8177945e+18
2.238482e+18
7.2323857e+17
1.1915804e+18
1.8177948e+18
2.2384827e+18
7.2323883e+17
1.1915806e+18
1.817795e+18
2.2384833e+18
7.2268395e+17
1.191783e+18
1.8176834e+18
2.2385566e+18
7.2268405e+17
1.1917845e+18
1.8176845e+18
2.2385571e+18
7.2268428e+17
1.1917854e+18
1.8176849e+18
2.2385576e+18
7.2268571e+17
1.191784e+18
1.8176848e+18
2.2385579e+18
-9.5368084e+17
-5.5205131e+17
1.0487512e+16
4.7211623e+17
-9.5368073e+17
-5.5205101e+17
1.0487219e+16
4.721168e+17
-9.5368086e+17
-5.5205054e+17
1.0487508e+16
4.7211755e+17
-9.5368007e+17
-5.5205059e+17
1.0489105e+16
4.7211754e+17
-9.5329404e+17
-5.5224352e+17
1.0565601e+16
4.7171052e+17
-9.5324571e+17
-5.5217596e+17
1.0604434e+16
4.7170436e+17
-9.5326054e+17
-5.5219563e+17
1.0596243e+16
4.717082e+17
-9.5325411e+17
-5.5218494e+17
1.0601579e+16
4.7170852e+17
7.2321712e+17
1.191528e+18
1.818047e+18
2.2384279e+18
7.2324075e+17
1.1915864e+18
1.8177352e+18
2.2384679e+18
7.2323423e+17
1.1915669e+18
1.817828e+18
2.2384569e+18
7.2323686e+17
1.1915775e+18
1.817782e+18
2.2384635e+18
2.5074488e+18
3.1419317e+18
3.8929869e+18
4.4984976e+18
2.5079723e+18
3.14187e+18
3.8930073e+18
4.4984347e+18
2.5078173e+18
3.1418928e+18
3.8930012e+18
4.4984533e+18
2.5078976e+18
3.1418839e+18
3.8930048e+18
4.4984441e+18
2.5078349e+18
3.1418968e+18
3.8929999e+18
4.4984486e+18
2.5078356e+18
3.1418972e+18
3.8930005e+18
4.4984492e+18
2.5078364e+18
3.1418977e+18
3.8930013e+18
4.49845e+18
2.5078364e+18
3.1418988e+18
3.8930016e+18
4.4984506e+18
4.8273161e+18
5.4437539e+18
6.2740705e+18
6.9231762e+18
4.8273166e+18
5.4437543e+18
6.2740709e+18
6.9231765e+18
4.8273173e+18
5.443755e+18
6.2740714e+18
6.9231771e+18
4.8273183e+18
5.4437551e+18
6.2740724e+18
6.9231769e+18
4.8273455e+18
5.4437651e+18
6.2740668e+18
6.9232154e+18
4.8273043e+18
5.4437569e+18
6.274061e+18
6.9231989e+18
4.8273163e+18
5.4437588e+18
6.2740624e+18
6.9232034e+18
4.8273105e+18
5.4437578e+18
6.2740617e+18
6.9232011e+18
7.2705972e+18
7.9244549e+18
8.7873503e+18
9.454626e+18
7.2705894e+18
7.9244623e+18
8.7873707e+18
9.4546536e+18
7.2705917e+18
7.9244606e+18
8.7873656e+18
9.4546466e+18
7.2705908e+18
7.9244618e+18
8.7873691e+18
9.4546508e+18
9.8133356e+18
1.0467357e+19
1.1351646e+19
1.1937565e+19
9.8133405e+18
1.0467378e+19
1.1351582e+19
1.1937541e+19
9.8133404e+18
1.0467373e+19
1.1351601e+19
1.1937548e+19
9.8133411e+18
1.0467376e+19
1.1351592e+19
1.1937543e+19
9.8132266e+18
1.0467462e+19
1.1351544e+19
1.1937592e+19
9.8132262e+18
1.0467462e+19
1.1351544e+19
1.1937592e+19
9.8132263e+18
1.0467462e+19
1.1351543e+19
1.1937592e+19
9.8132263e+18
1.0467462e+19
1.1351543e+19
1.1937592e+19
7.2706371e+18
7.9244141e+18
8.7874469e+18
9.4545756e+18
7.2706376e+18
7.9244142e+18
8.7874474e+18
9.4545754e+18
7.270638e+18
7.9244145e+18
8.7874475e+18
9.4545755e+18
7.2706376e+18
7.9244153e+18
8.7874473e+18
9.4545758e+18
7.2704631e+18
7.9245616e+18
8.7873177e+18
9.4546945e+18
7.2704624e+18
7.9245627e+18
8.7873171e+18
9.4546948e+18
7.2704633e+18
7.9245628e+18
8.7873173e+18
9.4546944e+18
7.2704636e+18
7.9245631e+18
8.7873175e+18
9.4546942e+18
9.8133216e+18
1.0467375e+19
1.1351595e+19
1.1937546e+19
9.8133216e+18
1.0467374e+19
1.1351595e+19
1.1937546e+19
9.8133211e+18
1.0467374e+19
1.1351594e+19
1.1937546e+19
9.8133206e+18
1.0467374e+19
1.1351593e+19
1.1937546e+19
9.8132034e+18
1.0467462e+19
1.135154e+19
1.1937595e+19
9.8132026e+18
1.0467462e+19
1.1351539e+19
1.1937595e+19
9.8132022e+18
1.0467462e+19
1.1351538e+19
1.1937596e+19
9.8131942e+18
1.0467456e+19
1.1351556e+19
1.1937604e+19
7.270509e+18
7.9245159e+18
8.7873971e+18
9.4546195e+18
7.2705096e+18
7.924516e+18
8.7873974e+18
9.454619e+18
7.2705101e+18
7.9245165e+18
8.7873974e+18
9.4546188e+18
7.2705159e+18
7.9245098e+18
8.787386e+18
9.4546082e+18
4.8274895e+18
5.4436147e+18
6.2742256e+18
6.9230435e+18
4.8274902e+18
5.4436155e+18
6.2742263e+18
6.9230439e+18
4.8274909e+18
5.4436166e+18
6.2742273e+18
6.9230446e+18
4.8275156e+18
5.4436232e+18
6.2742294e+18
6.9230591e+18
4.8274833e+18
5.4436173e+18
6.2742132e+18
6.9230695e+18
4.8274848e+18
5.4436174e+18
6.2742147e+18
6.9230693e+18
4.8274855e+18
5.4436185e+18
6.2742152e+18
6.9230701e+18
4.8274863e+18
5.4436191e+18
6.274216e+18
6.9230704e+18
2.5078345e+18
3.141934e+18
3.892936e+18
4.4984903e+18
2.5078347e+18
3.1419342e+18
3.8929364e+18
4.4984913e+18
2.5078355e+18
3.1419348e+18
3.8929373e+18
4.4984921e+18
2.5078363e+18
3.1419354e+18
3.8929378e+18
4.4984927e+18
2.5078352e+18
3.1419357e+18
3.8929383e+18
4.4984929e+18
2.5078376e+18
3.1419357e+18
3.8929391e+18
4.4984935e+18
2.5078448e+18
3.1419339e+18
3.8929407e+18
4.4984939e+18
2.5075325e+18
3.141971e+18
3.8929297e+18
4.4985324e+18
2.4593224e+18
3.1541604e+18
3.8877822e+18
4.504675e+18
2.4588086e+18
3.1542237e+18
3.8877678e+18
4.5047422e+18
2.4589696e+18
3.1542034e+18
3.8877774e+18
4.5047263e+18
2.4588908e+18
3.1542134e+18
3.8877744e+18
4.5047359e+18
2.4589168e+18
3.1542101e+18
3.887775e+18
4.5047324e+18
2.4589138e+18
3.1542102e+18
3.8877734e+18
4.5047312e+18
2.4589075e+18
3.1542095e+18
3.8877713e+18
4.5047298e+18
2.458902e+18
3.1542078e+18
3.8877706e+18
4.5047293e+18
4.8290455e+18
5.444369e+18
6.2742766e+18
6.9241529e+18
4.8290444e+18
5.4443678e+18
6.2742757e+18
6.924152e+18
4.8290429e+18
5.4443662e+18
6.2742743e+18
6.924151e+18
4.8290425e+18
5.4443653e+18
6.274274e+18
6.9241505e+18
4.8290042e+18
5.4443584e+18
6.2742601e+18
6.9241563e+18
4.8290482e+18
5.4443722e+18
6.274266e+18
6.9241824e+18
4.8290394e+18
5.4443724e+18
6.2742678e+18
6.924178e+18
4.8290454e+18
5.444374e+18
6.2742683e+18
6.9241813e+18
7.2708368e+18
7.9237837e+18
8.7862916e+18
9.4536748e+18
7.2708483e+18
7.923774e+18
8.7862734e+18
9.4536576e+18
7.2708475e+18
7.9237784e+18
8.7862791e+18
9.4536625e+18
7.270849e+18
7.9237766e+18
8.7862766e+18
9.4536598e+18
9.8127394e+18
1.046685e+19
1.1353899e+19
1.1938038e+19
9.8127265e+18
1.0466841e+19
1.1353929e+19
1.1938054e+19
9.8127298e+18
1.0466842e+19
1.135392e+19
1.1938049e+19
9.8127277e+18
1.0466841e+19
1.1353925e+19
1.1938051e+19
9.8126082e+18
1.0466933e+19
1.135387e+19
1.19381e+19
9.812608e+18
1.0466934e+19
1.135387e+19
1.1938101e+19
9.8126086e+18
1.0466934e+19
1.1353872e+19
1.1938101e+19
9.812609e+18
1.0466935e+19
1.1353874e+19
1.1938101e+19
7.2708965e+18
7.9237272e+18
8.7863602e+18
9.4535831e+18
7.270896e+18
7.9237266e+18
8.7863604e+18
9.4535829e+18
7.270895e+18
7.9237259e+18
8.78636e+18
9.4535831e+18
7.2708939e+18
7.923726e+18
8.7863593e+18
9.4535833e+18
7.2706514e+18
7.9239021e+18
8.7862119e+18
9.4537154e+18
7.2706514e+18
7.9239045e+18
8.7862123e+18
9.4537172e+18
7.2706527e+18
7.9239051e+18
8.7862137e+18
9.4537187e+18
7.2706542e+18
7.9239066e+18
8.7862154e+18
9.4537205e+18
9.8127089e+18
1.0466844e+19
1.135393e+19
1.1938052e+19
9.8127105e+18
1.0466844e+19
1.1353932e+19
1.193805e+19
9.8127125e+18
1.0466845e+19
1.1353935e+19
1.1938048e+19
9.8127145e+18
1.0466847e+19
1.1353937e+19
1.1938045e+19
9.8125927e+18
1.0466941e+19
1.1353883e+19
1.1938094e+19
9.8125956e+18
1.0466944e+19
1.1353885e+19
1.1938089e+19
9.8126019e+18
1.0466946e+19
1.135389e+19
1.1938076e+19
9.8125988e+18
1.0466931e+19
1.1353749e+19
1.1938192e+19
7.2707042e+18
7.9238589e+18
8.786301e+18
9.4536435e+18
7.2707092e+18
7.923863e+18
8.7863049e+18
9.4536466e+18
7.2707199e+18
7.9238721e+18
8.7863119e+18
9.4536529e+18
7.270874e+18
7.924011e+18
8.7864067e+18
9.4536849e+18
4.8290457e+18
5.4443501e+18
6.2743691e+18
6.9240819e+18
4.829053e+18
5.4443573e+18
6.2743752e+18
6.9240868e+18
4.8290697e+18
5.444373e+18
6.2743886e+18
6.9240977e+18
4.8292951e+18
5.4446142e+18
6.2745977e+18
6.924259e+18
4.8290321e+18
5.4443482e+18
6.2743517e+18
6.9241056e+18
4.8290344e+18
5.4443499e+18
6.274354e+18
6.9241065e+18
4.8290352e+18
5.4443508e+18
6.2743545e+18
6.9241074e+18
4.8290371e+18
5.4443528e+18
6.2743563e+18
6.9241086e+18
2.4591172e+18
3.1541317e+18
3.8878368e+18
4.5046584e+18
2.4591192e+18
3.1541353e+18
3.8878393e+18
4.5046605e+18
2.45913e+18
3.1541371e+18
3.8878418e+18
4.5046616e+18
2.4591466e+18
3.1541395e+18
3.8878459e+18
4.5046634e+18
2.4589661e+18
3.1541978e+18
3.8878248e+18
4.504678e+18
2.4589921e+18
3.1542069e+18
3.887835e+18
4.5046852e+18
2.4590339e+18
3.15423e+18
3.8878565e+18
4.5047029e+18
2.4595978e+18
3.1544016e+18
3.8881172e+18
4.5049168e+18
7.2088639e+17
1.1835523e+18
1.8448409e+18
2.2359664e+18
7.2089461e+17
1.1835649e+18
1.8448363e+18
2.2359721e+18
7.2091972e+17
1.1835813e+18
1.8448363e+18
2.2359868e+18
7.2122419e+17
1.1837675e+18
1.8448131e+18
2.2362108e+18
-9.5795838e+17
-5.57128e+17
9.1566065e+15
4.7247778e+17
-9.5795554e+17
-5.5712029e+17
9.1680566e+15
4.7249012e+17
-9.5794671e+17
-5.5711083e+17
9.197881e+15
4.7251186e+17
-9.5777896e+17
-5.570301e+17
9.415508e+15
4.7255438e+17
-9.5606229e+17
-5.5776997e+17
9.6907175e+15
4.7039266e+17
-9.5606001e+17
-5.577702e+17
9.6952421e+15
4.7039377e+17
-9.5605626e+17
-5.5776661e+17
9.6979798e+15
4.7039545e+17
-9.5605838e+17
-5.5775953e+17
9.700543e+15
4.7040484e+17
7.2366376e+17
1.1824894e+18
1.8454136e+18
2.2354914e+18
7.2366993e+17
1.1824894e+18
1.8454177e+18
2.2354946e+18
7.2367651e+17
1.1824942e+18
1.845416e+18
2.2354937e+18
7.236746e+17
1.1825051e+18
1.8454099e+18
2.2354946e+18
7.208617e+17
1.183539e+18
1.8448339e+18
2.2359766e+18
7.2086182e+17
1.1835375e+18
1.8448357e+18
2.2359767e+18
7.2085794e+17
1.1835371e+18
1.8448381e+18
2.2359773e+18
7.2086557e+17
1.1835337e+18
1.8448424e+18
2.2359753e+18
7.2088233e+17
1.1835731e+18
1.8445868e+18
2.2360052e+18
7.2085116e+17
1.1835227e+18
1.8448938e+18
2.2359669e+18
7.2086561e+17
1.1835442e+18
1.8448013e+18
2.2359794e+18
7.208605e+17
1.1835362e+18
1.8448482e+18
2.2359741e+18
-9.5792892e+17
-5.5709197e+17
9.1710576e+15
4.7245125e+17
-9.5798275e+17
-5.5715367e+17
9.1357218e+15
4.7247251e+17
-9.5796421e+17
-5.5713197e+17
9.1483316e+15
4.7246865e+17
-9.5797267e+17
-5.571417e+17
9.1425862e+15
4.7247165e+17
-9.5797009e+17
-5.571385e+17
9.144221e+15
4.7247076e+17
-9.579699e+17
-5.5713947e+17
9.1435785e+15
4.7246949e+17
-9.5797229e+17
-5.5714004e+17
9.1419548e+15
4.7247031e+17
-9.579675e+17
-5.5714188e+17
9.1422736e+15
4.7246495e+17
-1.9788025e+18
-1.7647963e+18
-1.4455352e+18
-1.1355544e+18
-1.978802e+18
-1.7647955e+18
-1.4455351e+18
-1.1355537e+18
-1.9788014e+18
-1.7647943e+18
-1.4455348e+18
-1.1355526e+18
-1.9787994e+18
-1.7647955e+18
-1.4455328e+18
-1.1355558e+18
-1.978809e+18
-1.7648378e+18
-1.4455429e+18
-1.1356262e+18
-1.9787986e+18
-1.7647835e+18
-1.445534e+18
-1.1355335e+18
-1.9788038e+18
-1.7648023e+18
-1.4455364e+18
-1.135564e+18
-1.978802e+18
-1.7647938e+18
-1.445535e+18
-1.1355498e+18
-1.2082733e+18
-1.9769688e+18
-2.0191359e+18
-2.0190105e+18
-1.2082275e+18
-1.9770295e+18
-2.0191451e+18
-2.0190055e+18
-1.2082475e+18
-1.9770144e+18
-2.0191455e+18
-2.0190099e+18
-1.2082396e+18
-1.9770238e+18
-2.0191468e+18
-2.0190089e+18
-1.2082416e+18
-1.9770208e+18
-2.0191464e+18
-2.0190091e+18
-1.2082395e+18
-1.9770207e+18
-2.0191459e+18
-2.0190085e+18
-1.2082362e+18
-1.9770206e+18
-2.0191452e+18
-2.0190077e+18
-1.2082347e+18
-1.9770203e+18
-2.0191465e+18
-2.0190061e+18
-1.2083783e+18
-1.9767593e+18
-2.0196152e+18
-2.0185293e+18
-1.2083817e+18
-1.9767617e+18
-2.0196204e+18
-2.0185295e+18
-1.208385e+18
-1.9767647e+18
-2.0196228e+18
-2.0185332e+18
-1.2083908e+18
-1.9767684e+18
-2.0196258e+18
-2.0185383e+18
-1.978019e+18
-1.7655733e+18
-1.4446743e+18
-1.1376764e+18
-1.9780185e+18
-1.7655773e+18
-1.4446727e+18
-1.1376797e+18
-1.9780218e+18
-1.7655791e+18
-1.4446734e+18
-1.1376802e+18
-1.9780263e+18
-1.7655816e+18
-1.4446746e+18
-1.1376808e+18
-1.9788099e+18
-1.7648075e+18
-1.4455327e+18
-1.1355647e+18
-1.9788204e+18
-1.7648113e+18
-1.4455375e+18
-1.13556e+18
-1.9788365e+18
-1.7648252e+18
-1.4455436e+18
-1.1355559e+18
-1.9789853e+18
-1.7649775e+18
-1.4455611e+18
-1.135697e+18
-1.208253e+18
-1.9770334e+18
-2.0191612e+18
-2.0190193e+18
-1.2082667e+18
-1.9770424e+18
-2.0191676e+18
-2.0190301e+18
-1.2083012e+18
-1.9770621e+18
-2.019188e+18
-2.0190481e+18
-1.2085872e+18
-1.9772758e+18
-2.0193845e+18
-2.0192231e+18
-1.2278344e+18
-1.9886998e+18
-2.0322871e+18
-2.0307973e+18
-1.2283333e+18
-1.9890776e+18
-2.0326312e+18
-2.0310978e+18
-1.2282787e+18
-1.989033e+18
-2.0325887e+18
-2.0310632e+18
-1.2283663e+18
-1.989098e+18
-2.0326488e+18
-2.0311158e+18
-1.2283515e+18
-1.9890871e+18
-2.0326379e+18
-2.0311101e+18
-1.2283561e+18
-1.9890909e+18
-2.0326421e+18
-2.0311136e+18
-1.2283578e+18
-1.9890956e+18
-2.032646e+18
-2.0311167e+18
-1.228365e+18
-1.9891074e+18
-2.0326525e+18
-2.0311253e+18
-1.9895538e+18
-1.7769242e+18
-1.4484693e+18
-1.1444826e+18
-1.9895568e+18
-1.7769271e+18
-1.4484686e+18
-1.1444871e+18
-1.9895594e+18
-1.7769287e+18
-1.4484683e+18
-1.1444876e+18
-1.9895662e+18
-1.77693e+18
-1.4484707e+18
-1.1444775e+18
-1.9892672e+18
-1.7767119e+18
-1.448345e+18
-1.1445899e+18
-1.9895354e+18
-1.7769528e+18
-1.4484101e+18
-1.144714e+18
-1.9895034e+18
-1.776915e+18
-1.4484083e+18
-1.144651e+18
-1.9895495e+18
-1.7769564e+18
-1.4484186e+18
-1.1446727e+18
-9.5145092e+17
-5.4698785e+17
1.9257725e+16
4.8205985e+17
-9.5126878e+17
-5.4681248e+17
1.9593734e+16
4.822606e+17
-9.5131416e+17
-5.4683354e+17
1.9566596e+16
4.8227378e+17
-9.5128049e+17
-5.4679785e+17
1.9624022e+16
4.8231249e+17
7.342772e+17
1.2043746e+18
1.8270639e+18
2.2527313e+18
7.3466893e+17
1.2047333e+18
1.8270263e+18
2.253125e+18
7.3461046e+17
1.204675e+18
1.8270633e+18
2.2530596e+18
7.3468041e+17
1.2047427e+18
1.8270553e+18
2.2531164e+18
7.3435446e+17
1.2048628e+18
1.8269816e+18
2.2531795e+18
7.3436133e+17
1.204872e+18
1.8269798e+18
2.2531755e+18
7.3436613e+17
1.204877e+18
1.8269833e+18
2.2531771e+18
7.3436931e+17
1.2048766e+18
1.8269965e+18
2.2531946e+18
-9.514722e+17
-5.4674176e+17
1.9571415e+16
4.8251139e+17
-9.51467e+17
-5.4673564e+17
1.9573596e+16
4.8251465e+17
-9.5146459e+17
-5.4673277e+17
1.9576069e+16
4.8251771e+17
-9.5147097e+17
-5.4673283e+17
1.9586694e+16
4.8252859e+17
-9.5191011e+17
-5.4655378e+17
1.9568325e+16
4.8255784e+17
-9.5191536e+17
-5.4655484e+17
1.9564775e+16
4.825552e+17
-9.5191555e+17
-5.4655854e+17
1.9559691e+16
4.8255004e+17
-9.519172e+17
-5.4655978e+17
1.9557324e+16
4.8254829e+17
7.3456011e+17
1.2046222e+18
1.8271348e+18
2.2532646e+18
7.3455702e+17
1.2046173e+18
1.8271388e+18
2.2532661e+18
7.3455257e+17
1.2046138e+18
1.8271416e+18
2.2532656e+18
7.345498e+17
1.2046119e+18
1.8271432e+18
2.2532662e+18
7.341637e+17
1.2047718e+18
1.8270497e+18
2.2533636e+18
7.3416486e+17
1.2047747e+18
1.8270499e+18
2.2533652e+18
7.3417544e+17
1.2047841e+18
1.8270493e+18
2.2533687e+18
7.3419089e+17
1.2047985e+18
1.8270472e+18
2.2533722e+18
-9.5213223e+17
-5.4649782e+17
1.9512326e+16
4.8278586e+17
-9.5213204e+17
-5.4649613e+17
1.9514514e+16
4.8278884e+17
-9.5212837e+17
-5.4648945e+17
1.9524636e+16
4.8279876e+17
-9.5212043e+17
-5.4648073e+17
1.9539025e+16
4.8281219e+17
-1.9900696e+18
-1.7765199e+18
-1.4485469e+18
-1.1442599e+18
-1.9900713e+18
-1.7765211e+18
-1.4485474e+18
-1.1442593e+18
-1.9900784e+18
-1.7765271e+18
-1.4485497e+18
-1.1442587e+18
-1.9900873e+18
-1.7765366e+18
-1.4485534e+18
-1.1442584e+18
-1.990056e+18
-1.776564e+18
-1.4484798e+18
-1.1444915e+18
-1.9900555e+18
-1.7765602e+18
-1.4484777e+18
-1.1444917e+18
-1.9900517e+18
-1.7765574e+18
-1.4484764e+18
-1.1444919e+18
-1.9900506e+18
-1.7765556e+18
-1.4484757e+18
-1.1444913e+18
-1.2282084e+18
-1.9893695e+18
-2.0321413e+18
-2.0317334e+18
-1.2282003e+18
-1.9893686e+18
-2.0321365e+18
-2.0317338e+18
-1.2281914e+18
-1.9893655e+18
-2.0321337e+18
-2.0317294e+18
-1.2281873e+18
-1.9893646e+18
-2.0321318e+18
-2.0317282e+18
-1.228187e+18
-1.9893647e+18
-2.0321321e+18
-2.0317275e+18
-1.2281912e+18
-1.9893674e+18
-2.0321344e+18
-2.0317295e+18
-1.2282089e+18
-1.9893769e+18
-2.0321432e+18
-2.0317376e+18
-1.2282344e+18
-1.9893891e+18
-2.032157e+18
-2.0317473e+18
-1.2283575e+18
-1.9891082e+18
-2.0326513e+18
-2.0311203e+18
-1.2283586e+18
-1.9891069e+18
-2.0326533e+18
-2.0311169e+18
-1.2283597e+18
-1.9891073e+18
-2.0326526e+18
-2.0311177e+18
-1.2283601e+18
-1.9891077e+18
-2.0326513e+18
-2.0311183e+18
-1.9895526e+18
-1.7769518e+18
-1.4484144e+18
-1.1446656e+18
-1.9895504e+18
-1.7769532e+18
-1.4484149e+18
-1.1446665e+18
-1.9895508e+18
-1.7769527e+18
-1.4484147e+18
-1.1446663e+18
-1.9895519e+18
-1.7769515e+18
-1.4484156e+18
-1.1446657e+18
-1.9902052e+18
-1.7764263e+18
-1.4487477e+18
-1.1442819e+18
-1.9902077e+18
-1.7764238e+18
-1.448749e+18
-1.1442805e+18
-1.9902066e+18
-1.7764243e+18
-1.4487486e+18
-1.144281e+18
-1.9902052e+18
-1.7764252e+18
-1.448748e+18
-1.1442816e+18
-1.2282112e+18
-1.989376e+18
-2.0321684e+18
-2.0316095e+18
-1.2282111e+18
-1.989377e+18
-2.0321659e+18
-2.0316116e+18
-1.2282117e+18
-1.9893764e+18
-2.0321662e+18
-2.0316106e+18
-1.2282122e+18
-1.9893756e+18
-2.0321669e+18
-2.0316093e+18
-1.2283615e+18
-1.9891072e+18
-2.0326496e+18
-2.0311179e+18
-1.228362e+18
-1.9891059e+18
-2.0326518e+18
-2.0311155e+18
-1.2283615e+18
-1.9891063e+18
-2.0326513e+18
-2.0311164e+18
-1.2283612e+18
-1.9891064e+18
-2.032652e+18
-2.0311164e+18
-1.2283607e+18
-1.9891069e+18
-2.0326522e+18
-2.0311169e+18
-1.2283603e+18
-1.9891072e+18
-2.0326529e+18
-2.0311176e+18
-1.2283595e+18
-1.9891079e+18
-2.0326545e+18
-2.0311192e+18
-1.2283191e+18
-1.9891409e+18
-2.0326644e+18
-2.0311228e+18
-1.9895502e+18
-1.7769525e+18
-1.4484148e+18
-1.1446662e+18
-1.9895509e+18
-1.7769532e+18
-1.4484149e+18
-1.1446665e+18
-1.9895524e+18
-1.7769545e+18
-1.4484151e+18
-1.1446673e+18
-1.9895515e+18
-1.776931e+18
-1.4484071e+18
-1.1446301e+18
-1.9895516e+18
-1.7769503e+18
-1.4484158e+18
-1.1446655e+18
-1.9895488e+18
-1.7769526e+18
-1.4484144e+18
-1.1446669e+18
-1.9895498e+18
-1.776952e+18
-1.4484149e+18
-1.1446664e+18
-1.9895498e+18
-1.7769526e+18
-1.4484147e+18
-1.1446665e+18
-9.5128089e+17
-5.4679374e+17
1.9620288e+16
4.8231905e+17
-9.5128059e+17
-5.4679384e+17
1.9620193e+16
4.8231876e+17
-9.512805e+17
-5.467937e+17
1.9620463e+16
4.82319e+17
-9.512804e+17
-5.4679338e+17
1.962094e+16
4.8231947e+17
-9.5128039e+17
-5.4679333e+17
1.962119e+16
4.8231989e+17
-9.5127987e+17
-5.467925e+17
1.9622092e+16
4.8232081e+17
-9.5127871e+17
-5.4679086e+17
1.962361e+16
4.823226e+17
-9.5129624e+17
-5.4682066e+17
1.9610231e+16
4.8233117e+17
7.3468247e+17
1.2047482e+18
1.8270769e+18
2.2531105e+18
7.346836e+17
1.2047496e+18
1.8270769e+18
2.2531111e+18
7.3468605e+17
1.2047531e+18
1.8270752e+18
2.253113e+18
7.3469062e+17
1.2047315e+18
1.8272518e+18
2.2530681e+18
7.3468086e+17
1.2047476e+18
1.8270752e+18
2.2531104e+18
7.3468146e+17
1.2047475e+18
1.8270755e+18
2.2531102e+18
7.3468165e+17
1.2047476e+18
1.8270756e+18
2.2531103e+18
7.3468208e+17
1.204748e+18
1.8270759e+18
2.2531105e+18
7.3438588e+17
1.2048729e+18
1.8270023e+18
2.2531906e+18
7.3438509e+17
1.2048727e+18
1.8270018e+18
2.2531906e+18
7.3438434e+17
1.2048724e+18
1.8270013e+18
2.2531905e+18
7.3438498e+17
1.2048717e+18
1.8270013e+18
2.2531901e+18
-9.5150018e+17
-5.4673467e+17
1.9582909e+16
4.8250279e+17
-9.5150045e+17
-5.4673485e+17
1.958261e+16
4.8250263e+17
-9.5150089e+17
-5.4673503e+17
1.9582213e+16
4.8250235e+17
-9.5150026e+17
-5.4673534e+17
1.9582067e+16
4.8250162e+17
-9.5128398e+17
-5.4679132e+17
1.9622174e+16
4.8232249e+17
-9.51279e+17
-5.4679311e+17
1.9621656e+16
4.8232018e+17
-9.5128039e+17
-5.4679274e+17
1.9621667e+16
4.8232053e+17
-9.512804e+17
-5.4679303e+17
1.9621295e+16
4.8232035e+17
7.3468221e+17
1.2047487e+18
1.8270783e+18
2.2531122e+18
7.3468369e+17
1.2047495e+18
1.8270775e+18
2.2531103e+18
7.346832e+17
1.204749e+18
1.8270773e+18
2.2531109e+18
7.3468222e+17
1.2047492e+18
1.8270766e+18
2.2531109e+18
2.5266444e+18
3.1544629e+18
3.9102149e+18
4.5163275e+18
2.5266459e+18
3.1544626e+18
3.9102154e+18
4.5163277e+18
2.5266464e+18
3.1544629e+18
3.9102161e+18
4.5163284e+18
2.5266465e+18
3.1544631e+18
3.9102163e+18
4.5163291e+18
4.8449204e+18
5.4618697e+18
6.2893649e+18
6.9360259e+18
4.8449205e+18
5.4618703e+18
6.2893653e+18
6.9360263e+18
4.8449212e+18
5.4618711e+18
6.2893661e+18
6.9360268e+18
4.844922e+18
5.4618715e+18
6.2893667e+18
6.936027e+18
4.845034e+18
5.4617898e+18
6.2894184e+18
6.9359687e+18
4.8450349e+18
5.4617898e+18
6.2894189e+18
6.9359688e+18
4.8450351e+18
5.4617903e+18
6.2894192e+18
6.935969e+18
4.8450351e+18
5.4617907e+18
6.2894193e+18
6.9359692e+18
2.5265837e+18
3.1545102e+18
3.910146e+18
4.5163876e+18
2.5265835e+18
3.1545104e+18
3.910146e+18
4.5163882e+18
2.5265836e+18
3.1545103e+18
3.9101464e+18
4.5163885e+18
2.5265836e+18
3.1545102e+18
3.9101466e+18
4.5163885e+18
2.5266466e+18
3.1544633e+18
3.9102172e+18
4.5163303e+18
2.5266465e+18
3.1544628e+18
3.9102174e+18
4.51633e+18
2.5266466e+18
3.1544629e+18
3.9102171e+18
4.5163298e+18
2.526647e+18
3.1544631e+18
3.9102168e+18
4.5163293e+18
2.5266458e+18
3.1544633e+18
3.9102165e+18
4.5163291e+18
2.5266478e+18
3.1544629e+18
3.910216e+18
4.5163283e+18
2.5266542e+18
3.1544606e+18
3.9102154e+18
4.5163263e+18
2.5263709e+18
3.1545123e+18
3.9101937e+18
4.5163429e+18
4.8449219e+18
5.4618719e+18
6.2893667e+18
6.9360273e+18
4.8449211e+18
5.4618712e+18
6.2893662e+18
6.936027e+18
4.8449194e+18
5.46187e+18
6.2893653e+18
6.9360267e+18
4.8449223e+18
5.4618503e+18
6.2893562e+18
6.9360351e+18
4.8449234e+18
5.4618728e+18
6.2893678e+18
6.9360276e+18
4.8449228e+18
5.461873e+18
6.2893675e+18
6.9360279e+18
4.8449227e+18
5.4618726e+18
6.2893673e+18
6.9360276e+18
4.8449222e+18
5.4618723e+18
6.289367e+18
6.9360274e+18
7.2828228e+18
7.9343414e+18
8.7935856e+18
9.4560801e+18
7.2828228e+18
7.9343415e+18
8.7935856e+18
9.4560803e+18
7.2828227e+18
7.9343415e+18
8.7935857e+18
9.4560806e+18
7.2828225e+18
7.9343415e+18
8.7935859e+18
9.4560809e+18
7.2828225e+18
7.9343415e+18
8.7935861e+18
9.4560814e+18
7.2828224e+18
7.9343417e+18
8.7935867e+18
9.4560824e+18
7.2828226e+18
7.9343422e+18
8.7935882e+18
9.4560845e+18
7.2828274e+18
7.9343413e+18
8.7935901e+18
9.4561065e+18
9.8104793e+18
1.0467271e+19
1.1335091e+19
1.1957797e+19
9.8104805e+18
1.0467272e+19
1.1335093e+19
1.1957797e+19
9.8104825e+18
1.0467275e+19
1.1335094e+19
1.19578e+19
9.8105285e+18
1.0467293e+19
1.1335204e+19
1.195767e+19
9.8104783e+18
1.0467268e+19
1.1335091e+19
1.1957788e+19
9.8104787e+18
1.0467268e+19
1.1335091e+19
1.1957788e+19
9.8104789e+18
1.0467268e+19
1.1335092e+19
1.1957788e+19
9.8104795e+18
1.0467269e+19
1.1335093e+19
1.1957788e+19
9.8104261e+18
1.0467311e+19
1.1335067e+19
1.1957821e+19
9.8104254e+18
1.046731e+19
1.1335066e+19
1.1957821e+19
9.8104248e+18
1.046731e+19
1.1335065e+19
1.1957821e+19
9.8104247e+18
1.0467309e+19
1.1335064e+19
1.1957821e+19
7.282866e+18
7.9343142e+18
8.7936246e+18
9.4560471e+18
7.2828662e+18
7.9343142e+18
8.7936245e+18
9.4560466e+18
7.2828663e+18
7.9343142e+18
8.7936243e+18
9.4560461e+18
7.2828662e+18
7.9343142e+18
8.793624e+18
9.456046e+18
7.2828218e+18
7.9343406e+18
8.7935865e+18
9.4560827e+18
7.2828218e+18
7.934341e+18
8.7935864e+18
9.4560825e+18
7.2828221e+18
7.9343413e+18
8.7935863e+18
9.4560821e+18
7.2828225e+18
7.9343413e+18
8.7935863e+18
9.4560815e+18
9.8104813e+18
1.0467273e+19
1.1335096e+19
1.1957799e+19
9.8104809e+18
1.0467273e+19
1.1335095e+19
1.1957798e+19
9.8104803e+18
1.0467272e+19
1.1335093e+19
1.1957798e+19
9.8104794e+18
1.0467271e+19
1.1335092e+19
1.1957798e+19
9.8104338e+18
1.0467315e+19
1.1335078e+19
1.1957832e+19
9.8104339e+18
1.0467315e+19
1.1335077e+19
1.1957831e+19
9.8104347e+18
1.0467314e+19
1.1335074e+19
1.1957827e+19
9.8104364e+18
1.0467313e+19
1.133507e+19
1.1957821e+19
9.8104353e+18
1.0467314e+19
1.1335075e+19
1.1957828e+19
9.8104351e+18
1.0467315e+19
1.1335076e+19
1.1957829e+19
9.8104347e+18
1.0467315e+19
1.1335078e+19
1.1957831e+19
9.8104343e+18
1.0467315e+19
1.1335078e+19
1.1957832e+19
7.2828959e+18
7.9342813e+18
8.7936396e+18
9.4560347e+18
7.282894e+18
7.9342792e+18
8.7936387e+18
9.4560341e+18
7.2828913e+18
7.934277e+18
8.7936372e+18
9.4560333e+18
7.2828903e+18
7.934276e+18
8.7936366e+18
9.4560328e+18
7.2829148e+18
7.9342691e+18
8.7936398e+18
9.4560313e+18
7.2829162e+18
7.9342702e+18
8.7936405e+18
9.4560317e+18
7.2829222e+18
7.9342751e+18
8.7936437e+18
9.4560333e+18
7.2829296e+18
7.9342822e+18
8.7936478e+18
9.4560361e+18
4.8450218e+18
5.4617884e+18
6.2893718e+18
6.9359873e+18
4.8450243e+18
5.4617905e+18
6.2893739e+18
6.9359888e+18
4.8450339e+18
5.4617999e+18
6.289382e+18
6.9359955e+18
4.8450461e+18
5.4618128e+18
6.289393e+18
6.9360044e+18
2.5263644e+18
3.1545264e+18
3.9101162e+18
4.5163778e+18
2.526369e+18
3.1545292e+18
3.9101188e+18
4.5163804e+18
2.5263893e+18
3.1545412e+18
3.9101302e+18
4.516391e+18
2.5264215e+18
3.1545568e+18
3.9101464e+18
4.516405e+18
2.5264637e+18
3.1544892e+18
3.9102012e+18
4.5163289e+18
2.5264532e+18
3.1544849e+18
3.9101968e+18
4.5163248e+18
2.5264415e+18
3.1544793e+18
3.9101915e+18
4.5163198e+18
2.5264357e+18
3.1544771e+18
3.9101888e+18
4.516318e+18
4.8449187e+18
5.4618794e+18
6.2893328e+18
6.9360407e+18
4.844915e+18
5.4618759e+18
6.2893294e+18
6.9360384e+18
4.8449106e+18
5.4618717e+18
6.2893256e+18
6.9360354e+18
4.8449093e+18
5.4618695e+18
6.2893242e+18
6.936034e+18
4.8450262e+18
5.4617856e+18
6.2894095e+18
6.9359751e+18
4.8450261e+18
5.4617856e+18
6.2894094e+18
6.9359754e+18
4.8450271e+18
5.4617861e+18
6.2894101e+18
6.935976e+18
4.8450352e+18
5.4617934e+18
6.2894159e+18
6.9359814e+18
2.5265765e+18
3.1545006e+18
3.9101379e+18
4.5163804e+18
2.5265885e+18
3.1545029e+18
3.9101398e+18
4.5163814e+18
2.5265932e+18
3.1545053e+18
3.9101415e+18
4.5163826e+18
2.526588e+18
3.1545153e+18
3.9101488e+18
4.5163899e+18
2.525764e+18
3.154116e+18
3.9097694e+18
4.5159502e+18
2.5266948e+18
3.1544204e+18
3.9102154e+18
4.5163209e+18
2.5265087e+18
3.1544073e+18
3.9101496e+18
4.5162729e+18
2.5266684e+18
3.1544596e+18
3.9102223e+18
4.5163333e+18
4.8445352e+18
5.4614704e+18
6.2890186e+18
6.9357529e+18
4.8449235e+18
5.4618831e+18
6.2893763e+18
6.93603e+18
4.8448669e+18
5.4618154e+18
6.2893177e+18
6.9359872e+18
4.8449285e+18
5.4618801e+18
6.2893741e+18
6.9360312e+18
7.2825628e+18
7.9341105e+18
8.7934268e+18
9.4560139e+18
7.2828262e+18
7.9343474e+18
8.7935876e+18
9.4560684e+18
7.2827836e+18
7.9343077e+18
8.7935617e+18
9.4560672e+18
7.2828265e+18
7.9343462e+18
8.7935885e+18
9.4560784e+18
7.2828392e+18
7.9343317e+18
8.7935854e+18
9.4560774e+18
7.28284e+18
7.9343324e+18
8.7935867e+18
9.4560794e+18
7.2828408e+18
7.9343333e+18
8.7935877e+18
9.4560811e+18
7.2828459e+18
7.934337e+18
8.7935908e+18
9.4560825e+18
9.8104742e+18
1.0467271e+19
1.1335087e+19
1.1957819e+19
9.8104767e+18
1.0467273e+19
1.133509e+19
1.1957817e+19
9.8104788e+18
1.0467275e+19
1.1335093e+19
1.1957816e+19
9.8104797e+18
1.0467275e+19
1.1335094e+19
1.1957815e+19
9.8104618e+18
1.0467285e+19
1.1335276e+19
1.1957687e+19
9.8104577e+18
1.0467257e+19
1.1335043e+19
1.1957866e+19
9.8104705e+18
1.0467269e+19
1.1335109e+19
1.19578e+19
9.8104733e+18
1.0467267e+19
1.1335078e+19
1.195782e+19
1.2272929e+19
1.2964918e+19
1.3815839e+19
1.4459044e+19
1.2273133e+19
1.2964781e+19
1.3815698e+19
1.4458845e+19
1.2273091e+19
1.2964761e+19
1.3815671e+19
1.4458818e+19
1.2273079e+19
1.2964748e+19
1.3815658e+19
1.4458804e+19
1.4796928e+19
1.5417093e+19
1.6207435e+19
1.6796158e+19
1.4796724e+19
1.5416893e+19
1.6207207e+19
1.6795913e+19
1.4796696e+19
1.5416861e+19
1.6207173e+19
1.6795873e+19
1.4796682e+19
1.5416846e+19
1.6207156e+19
1.6795854e+19
1.4796717e+19
1.5416809e+19
1.6207168e+19
1.6795829e+19
1.4796711e+19
1.5416803e+19
1.6207161e+19
1.6795822e+19
1.4796709e+19
1.54168e+19
1.6207158e+19
1.6795819e+19
1.4796707e+19
1.5416798e+19
1.6207156e+19
1.6795817e+19
1.2273054e+19
1.2964761e+19
1.3815624e+19
1.4458827e+19
1.2273044e+19
1.2964754e+19
1.3815618e+19
1.4458821e+19
1.2273037e+19
1.296475e+19
1.3815615e+19
1.4458819e+19
1.2273035e+19
1.2964749e+19
1.3815614e+19
1.4458817e+19
1.2273042e+19
1.2964734e+19
1.3815642e+19
1.4458791e+19
1.2273042e+19
1.2964735e+19
1.3815644e+19
1.4458793e+19
1.2273043e+19
1.2964737e+19
1.3815646e+19
1.4458796e+19
1.2273044e+19
1.2964738e+19
1.3815647e+19
1.4458797e+19
1.2273044e+19
1.2964738e+19
1.3815647e+19
1.4458797e+19
1.2273044e+19
1.2964737e+19
1.3815646e+19
1.4458795e+19
1.227304e+19
1.2964732e+19
1.3815639e+19
1.4458787e+19
1.2273035e+19
1.2964725e+19
1.381563e+19
1.4458777e+19
1.4796675e+19
1.5416838e+19
1.6207147e+19
1.6795845e+19
1.4796673e+19
1.5416836e+19
1.6207144e+19
1.6795843e+19
1.4796665e+19
1.5416827e+19
1.6207135e+19
1.6795832e+19
1.4796654e+19
1.5416815e+19
1.6207122e+19
1.6795818e+19
1.4796669e+19
1.5416831e+19
1.6207139e+19
1.6795837e+19
1.4796671e+19
1.5416834e+19
1.6207142e+19
1.679584e+19
1.4796674e+19
1.5416837e+19
1.6207146e+19
1.6795844e+19
1.4796675e+19
1.5416838e+19
1.6207147e+19
1.6795845e+19
1.7253533e+19
1.8347993e+19
1.9654509e+19
2.0551939e+19
1.7253539e+19
1.8348001e+19
1.9654519e+19
2.0551954e+19
1.7253538e+19
1.8348e+19
1.9654518e+19
2.0551954e+19
1.7253517e+19
1.8347975e+19
1.9654489e+19
2.0551918e+19
1.7253709e+19
1.8348193e+19
1.9654757e+19
2.0552234e+19
1.725357e+19
1.8348038e+19
1.9654559e+19
2.0551993e+19
1.725354e+19
1.8347995e+19
1.9654511e+19
2.0551939e+19
1.7253536e+19
1.834799e+19
1.9654506e+19
2.0551935e+19
2.0992524e+19
2.1683741e+19
2.2413643e+19
2.2815506e+19
2.0992099e+19
2.1683543e+19
2.2413488e+19
2.2815234e+19
2.099206e+19
2.1683511e+19
2.2413465e+19
2.2815212e+19
2.0992045e+19
2.1683502e+19
2.241346e+19
2.2815204e+19
2.2934416e+19
2.3034485e+19
2.3100128e+19
2.3097596e+19
2.2933786e+19
2.303391e+19
2.3099664e+19
2.3097236e+19
2.2933739e+19
2.3033877e+19
2.3099649e+19
2.3097253e+19
2.2933716e+19
2.3033859e+19
2.3099641e+19
2.3097259e+19
2.3079015e+19
2.2968443e+19
2.2794498e+19
2.2429947e+19
2.3078722e+19
2.2968894e+19
2.279556e+19
2.2434044e+19
2.3078763e+19
2.2968973e+19
2.2795744e+19
2.2434241e+19
2.3078779e+19
2.2969015e+19
2.2795834e+19
2.2434386e+19
2.307872e+19
2.2969084e+19
2.279583e+19
2.2434458e+19
2.3078729e+19
2.29691e+19
2.2795854e+19
2.243449e+19
2.3078736e+19
2.2969107e+19
2.2795858e+19
2.2434495e+19
2.3078736e+19
2.2969109e+19
2.2795862e+19
2.243451e+19
2.2933746e+19
2.3033822e+19
2.3099693e+19
2.3097206e+19
2.2933744e+19
2.303382e+19
2.3099696e+19
2.3097213e+19
2.2933747e+19
2.3033823e+19
2.3099702e+19
2.3097219e+19
2.2933744e+19
2.3033824e+19
2.3099701e+19
2.3097219e+19
2.2933704e+19
2.303387e+19
2.3099651e+19
2.3097278e+19
2.2933711e+19
2.3033877e+19
2.3099656e+19
2.3097279e+19
2.293372e+19
2.3033885e+19
2.3099662e+19
2.3097281e+19
2.2933724e+19
2.303389e+19
2.3099665e+19
2.3097282e+19
2.3078801e+19
2.2969049e+19
2.2795881e+19
2.2434457e+19
2.30788e+19
2.2969041e+19
2.279586e+19
2.2434427e+19
2.3078798e+19
2.2969031e+19
2.2795833e+19
2.2434388e+19
2.3078797e+19
2.2969027e+19
2.279582e+19
2.2434369e+19
2.3078732e+19
2.2969081e+19
2.2795786e+19
2.2434396e+19
2.3078735e+19
2.2969086e+19
2.2795796e+19
2.2434409e+19
2.3078744e+19
2.2969107e+19
2.2795844e+19
2.2434473e+19
2.3078756e+19
2.2969138e+19
2.2795913e+19
2.2434568e+19
2.293376e+19
2.3033858e+19
2.3099719e+19
2.3097226e+19
2.2933758e+19
2.3033857e+19
2.3099719e+19
2.3097228e+19
2.2933747e+19
2.3033847e+19
2.3099715e+19
2.3097231e+19
2.2933729e+19
2.3033832e+19
2.3099707e+19
2.3097235e+19
2.0992059e+19
2.1683508e+19
2.2413465e+19
2.281522e+19
2.0992078e+19
2.1683517e+19
2.2413475e+19
2.2815232e+19
2.0992081e+19
2.1683516e+19
2.2413479e+19
2.2815226e+19
2.0992036e+19
2.168349e+19
2.2413457e+19
2.2815201e+19
2.0991902e+19
2.1683608e+19
2.2413427e+19
2.2815262e+19
2.0991901e+19
2.1683608e+19
2.2413427e+19
2.2815262e+19
2.0991902e+19
2.1683606e+19
2.241343e+19
2.2815253e+19
2.0991902e+19
2.1683606e+19
2.241343e+19
2.2815252e+19
2.2933697e+19
2.3033871e+19
2.3099653e+19
2.3097283e+19
2.2933698e+19
2.3033872e+19
2.3099653e+19
2.3097284e+19
2.2933698e+19
2.3033872e+19
2.3099653e+19
2.3097284e+19
2.2933697e+19
2.3033872e+19
2.3099653e+19
2.3097284e+19
2.3078809e+19
2.2969054e+19
2.2795892e+19
2.2434443e+19
2.3078809e+19
2.2969053e+19
2.2795892e+19
2.2434441e+19
2.307881e+19
2.2969054e+19
2.2795893e+19
2.2434442e+19
2.307881e+19
2.2969054e+19
2.2795892e+19
2.2434442e+19
2.3078744e+19
2.2969108e+19
2.279586e+19
2.2434473e+19
2.3078744e+19
2.2969108e+19
2.279586e+19
2.2434472e+19
2.3078744e+19
2.2969108e+19
2.279586e+19
2.2434472e+19
2.3078744e+19
2.2969108e+19
2.2795859e+19
2.2434471e+19
2.2933733e+19
2.3033839e+19
2.3099707e+19
2.3097228e+19
2.2933733e+19
2.3033839e+19
2.3099707e+19
2.3097228e+19
2.2933733e+19
2.3033839e+19
2.3099707e+19
2.3097228e+19
2.2933733e+19
2.3033839e+19
2.3099707e+19
2.3097228e+19
2.2933686e+19
2.303388e+19
2.3099652e+19
2.3097284e+19
2.2933686e+19
2.3033881e+19
2.3099651e+19
2.3097284e+19
2.2933686e+19
2.3033881e+19
2.3099651e+19
2.3097284e+19
2.2933685e+19
2.3033881e+19
2.3099652e+19
2.3097284e+19
2.3078809e+19
2.2969052e+19
2.2795893e+19
2.2434441e+19
2.3078809e+19
2.2969052e+19
2.2795893e+19
2.2434441e+19
2.3078809e+19
2.2969052e+19
2.2795893e+19
2.2434441e+19
2.3078809e+19
2.2969052e+19
2.2795893e+19
2.2434442e+19
2.3078743e+19
2.2969107e+19
2.2795861e+19
2.2434473e+19
2.3078744e+19
2.2969107e+19
2.2795862e+19
2.2434474e+19
2.3078745e+19
2.2969109e+19
2.2795864e+19
2.2434477e+19
2.3078746e+19
2.296911e+19
2.2795868e+19
2.2434481e+19
2.2933721e+19
2.3033848e+19
2.3099705e+19
2.3097228e+19
2.293372e+19
2.3033848e+19
2.3099705e+19
2.3097228e+19
2.293372e+19
2.3033848e+19
2.3099705e+19
2.3097229e+19
2.2933721e+19
2.3033848e+19
2.3099706e+19
2.309723e+19
2.0991903e+19
2.1683606e+19
2.241343e+19
2.281526e+19
2.0991903e+19
2.1683606e+19
2.2413431e+19
2.2815259e+19
2.0991903e+19
2.1683604e+19
2.2413433e+19
2.2815249e+19
2.0991899e+19
2.1683601e+19
2.2413432e+19
2.2815248e+19
1.7253562e+19
1.8347946e+19
1.9654606e+19
2.0551826e+19
1.7253562e+19
1.8347946e+19
1.9654606e+19
2.0551826e+19
1.7253566e+19
1.8347944e+19
1.9654605e+19
2.0551825e+19
1.7253567e+19
1.8347937e+19
1.96546e+19
2.0551833e+19
1.7253567e+19
1.8347945e+19
1.9654605e+19
2.0551828e+19
1.7253567e+19
1.8347945e+19
1.9654605e+19
2.0551827e+19
1.7253566e+19
1.8347945e+19
1.9654605e+19
2.0551827e+19
1.7253566e+19
1.8347945e+19
1.9654606e+19
2.0551827e+19
1.4796704e+19
1.5416783e+19
1.620715e+19
1.6795781e+19
1.4796704e+19
1.5416783e+19
1.620715e+19
1.6795781e+19
1.4796704e+19
1.5416783e+19
1.620715e+19
1.6795781e+19
1.4796704e+19
1.5416783e+19
1.620715e+19
1.6795781e+19
1.4796704e+19
1.5416785e+19
1.6207151e+19
1.6795782e+19
1.4796704e+19
1.5416784e+19
1.6207151e+19
1.6795782e+19
1.4796704e+19
1.5416784e+19
1.620715e+19
1.6795781e+19
1.4796704e+19
1.5416784e+19
1.620715e+19
1.6795781e+19
1.2273029e+19
1.2964764e+19
1.3815613e+19
1.4458814e+19
1.227303e+19
1.2964764e+19
1.3815613e+19
1.4458814e+19
1.2273033e+19
1.2964765e+19
1.3815614e+19
1.4458814e+19
1.2273034e+19
1.2964765e+19
1.3815614e+19
1.4458814e+19
1.2273024e+19
1.2964768e+19
1.3815613e+19
1.4458814e+19
1.2273026e+19
1.2964769e+19
1.3815613e+19
1.4458814e+19
1.2273028e+19
1.296477e+19
1.3815613e+19
1.4458814e+19
1.2273029e+19
1.296477e+19
1.3815613e+19
1.4458814e+19
1.2273058e+19
1.296475e+19
1.3815644e+19
1.4458786e+19
1.2273057e+19
1.296475e+19
1.3815644e+19
1.4458786e+19
1.2273056e+19
1.296475e+19
1.3815644e+19
1.4458786e+19
1.2273055e+19
1.2964749e+19
1.3815643e+19
1.4458786e+19
1.4796663e+19
1.5416815e+19
1.6207131e+19
1.6795799e+19
1.4796663e+19
1.5416815e+19
1.6207131e+19
1.6795799e+19
1.4796664e+19
1.5416815e+19
1.6207131e+19
1.6795799e+19
1.4796664e+19
1.5416815e+19
1.6207131e+19
1.6795799e+19
1.4796704e+19
1.5416784e+19
1.620715e+19
1.6795781e+19
1.4796704e+19
1.5416784e+19
1.6207151e+19
1.6795781e+19
1.4796704e+19
1.5416785e+19
1.6207151e+19
1.6795781e+19
1.479674e+19
1.5416805e+19
1.6207167e+19
1.6795801e+19
1.2273035e+19
1.2964766e+19
1.3815614e+19
1.4458814e+19
1.2273032e+19
1.2964764e+19
1.3815613e+19
1.4458814e+19
1.2273028e+19
1.2964758e+19
1.3815612e+19
1.4458813e+19
1.2272758e+19
1.2964768e+19
1.3815612e+19
1.4458852e+19
1.2238452e+19
1.2972327e+19
1.3813562e+19
1.4463575e+19
1.2238011e+19
1.2972347e+19
1.3813564e+19
1.4463641e+19
1.2238131e+19
1.2972334e+19
1.3813564e+19
1.4463625e+19
1.2238065e+19
1.2972338e+19
1.3813565e+19
1.4463635e+19
1.479954e+19
1.5418292e+19
1.6208336e+19
1.6797228e+19
1.4799601e+19
1.5418326e+19
1.6208363e+19
1.6797261e+19
1.4799587e+19
1.541832e+19
1.6208359e+19
1.6797254e+19
1.4799596e+19
1.5418326e+19
1.6208363e+19
1.6797259e+19
1.4799588e+19
1.5418328e+19
1.620836e+19
1.679726e+19
1.4799588e+19
1.5418328e+19
1.620836e+19
1.679726e+19
1.4799589e+19
1.5418329e+19
1.6208361e+19
1.6797261e+19
1.479959e+19
1.541833e+19
1.6208362e+19
1.6797262e+19
1.223809e+19
1.2972335e+19
1.3813568e+19
1.4463628e+19
1.2238091e+19
1.2972336e+19
1.3813568e+19
1.4463628e+19
1.2238092e+19
1.2972336e+19
1.3813568e+19
1.4463629e+19
1.2238089e+19
1.2972335e+19
1.3813569e+19
1.446363e+19
1.223814e+19
1.2972324e+19
1.3813573e+19
1.446363e+19
1.2238141e+19
1.2972324e+19
1.3813573e+19
1.446363e+19
1.2238142e+19
1.2972325e+19
1.3813573e+19
1.446363e+19
1.2238142e+19
1.2972326e+19
1.3813573e+19
1.446363e+19
1.2238091e+19
1.297234e+19
1.3813567e+19
1.4463634e+19
1.2238091e+19
1.297234e+19
1.3813567e+19
1.4463634e+19
1.223809e+19
1.297234e+19
1.3813567e+19
1.4463634e+19
1.2238088e+19
1.2972339e+19
1.3813567e+19
1.4463635e+19
1.4799595e+19
1.5418326e+19
1.6208365e+19
1.6797261e+19
1.4799595e+19
1.5418327e+19
1.6208365e+19
1.6797262e+19
1.4799596e+19
1.5418327e+19
1.6208366e+19
1.6797262e+19
1.4799596e+19
1.5418328e+19
1.6208366e+19
1.6797262e+19
1.4799593e+19
1.5418326e+19
1.6208364e+19
1.679726e+19
1.4799594e+19
1.5418326e+19
1.6208364e+19
1.679726e+19
1.4799594e+19
1.5418326e+19
1.6208364e+19
1.6797261e+19
1.4799594e+19
1.5418327e+19
1.6208365e+19
1.6797261e+19
1.725357e+19
1.8346502e+19
1.9654251e+19
2.0554114e+19
1.7253571e+19
1.8346503e+19
1.9654252e+19
2.0554115e+19
1.7253572e+19
1.8346504e+19
1.9654253e+19
2.0554116e+19
1.7253573e+19
1.8346504e+19
1.9654254e+19
2.0554117e+19
1.7253563e+19
1.8346506e+19
1.965425e+19
2.0554098e+19
1.7253567e+19
1.8346497e+19
1.9654246e+19
2.0554114e+19
1.7253568e+19
1.8346501e+19
1.9654249e+19
2.0554113e+19
1.7253569e+19
1.8346501e+19
1.9654249e+19
2.0554116e+19
2.099088e+19
2.168345e+19
2.2413403e+19
2.2815284e+19
2.0990877e+19
2.1683449e+19
2.2413403e+19
2.2815283e+19
2.0990881e+19
2.1683449e+19
2.2413407e+19
2.2815274e+19
2.0990881e+19
2.168345e+19
2.2413408e+19
2.2815273e+19
2.2933817e+19
2.3033887e+19
2.3099684e+19
2.3097305e+19
2.2933818e+19
2.3033888e+19
2.3099683e+19
2.3097305e+19
2.2933818e+19
2.3033887e+19
2.3099683e+19
2.3097304e+19
2.2933817e+19
2.3033887e+19
2.3099683e+19
2.3097304e+19
2.3078843e+19
2.2969081e+19
2.2796013e+19
2.2434459e+19
2.3078843e+19
2.2969081e+19
2.2796014e+19
2.2434459e+19
2.3078842e+19
2.296908e+19
2.2796012e+19
2.2434457e+19
2.3078841e+19
2.2969079e+19
2.2796011e+19
2.2434456e+19
2.3078775e+19
2.2969133e+19
2.2795978e+19
2.2434485e+19
2.3078774e+19
2.2969132e+19
2.2795977e+19
2.2434484e+19
2.3078773e+19
2.2969131e+19
2.2795975e+19
2.2434482e+19
2.3078773e+19
2.296913e+19
2.2795974e+19
2.243448e+19
2.2933853e+19
2.3033855e+19
2.3099736e+19
2.3097247e+19
2.2933853e+19
2.3033854e+19
2.3099735e+19
2.3097246e+19
2.2933852e+19
2.3033854e+19
2.3099735e+19
2.3097246e+19
2.2933852e+19
2.3033854e+19
2.3099734e+19
2.3097245e+19
2.2933806e+19
2.3033895e+19
2.3099679e+19
2.3097301e+19
2.2933806e+19
2.3033895e+19
2.3099679e+19
2.3097301e+19
2.2933806e+19
2.3033894e+19
2.3099678e+19
2.30973e+19
2.2933805e+19
2.3033894e+19
2.3099678e+19
2.30973e+19
2.3078838e+19
2.2969074e+19
2.2796007e+19
2.243445e+19
2.3078837e+19
2.2969073e+19
2.2796006e+19
2.2434448e+19
2.3078837e+19
2.2969072e+19
2.2796005e+19
2.2434447e+19
2.3078836e+19
2.2969071e+19
2.2796004e+19
2.2434446e+19
2.307877e+19
2.2969125e+19
2.2795971e+19
2.2434476e+19
2.3078769e+19
2.2969125e+19
2.279597e+19
2.2434475e+19
2.3078769e+19
2.2969124e+19
2.279597e+19
2.2434473e+19
2.3078767e+19
2.2969125e+19
2.2795965e+19
2.2434492e+19
2.2933841e+19
2.3033862e+19
2.3099731e+19
2.3097244e+19
2.293384e+19
2.3033861e+19
2.3099731e+19
2.3097243e+19
2.293384e+19
2.3033861e+19
2.3099731e+19
2.3097243e+19
2.293384e+19
2.3033861e+19
2.3099731e+19
2.3097242e+19
2.0990883e+19
2.168345e+19
2.2413408e+19
2.2815281e+19
2.0990884e+19
2.1683451e+19
2.2413408e+19
2.281528e+19
2.0990886e+19
2.168345e+19
2.2413412e+19
2.2815271e+19
2.0990885e+19
2.1683451e+19
2.2413412e+19
2.281527e+19
2.0990519e+19
2.1683684e+19
2.2413333e+19
2.2815356e+19
2.0990518e+19
2.1683685e+19
2.2413333e+19
2.2815355e+19
2.0990518e+19
2.1683682e+19
2.2413335e+19
2.2815346e+19
2.0990517e+19
2.1683681e+19
2.2413335e+19
2.2815345e+19
2.2933728e+19
2.3033899e+19
2.3099687e+19
2.3097242e+19
2.2933727e+19
2.3033899e+19
2.3099687e+19
2.3097241e+19
2.2933727e+19
2.3033899e+19
2.3099687e+19
2.3097241e+19
2.2933727e+19
2.3033899e+19
2.3099687e+19
2.3097241e+19
2.3078606e+19
2.2969407e+19
2.2795278e+19
2.2437201e+19
2.3078603e+19
2.2969409e+19
2.2795272e+19
2.2437232e+19
2.3078604e+19
2.2969408e+19
2.2795273e+19
2.2437223e+19
2.3078604e+19
2.2969409e+19
2.2795273e+19
2.2437228e+19
2.307854e+19
2.2969462e+19
2.2795242e+19
2.2437256e+19
2.307854e+19
2.2969463e+19
2.2795242e+19
2.2437257e+19
2.3078541e+19
2.2969463e+19
2.2795243e+19
2.2437258e+19
2.3078541e+19
2.2969464e+19
2.2795245e+19
2.243726e+19
2.2933761e+19
2.3033867e+19
2.3099739e+19
2.3097186e+19
2.2933761e+19
2.3033867e+19
2.3099739e+19
2.3097187e+19
2.2933761e+19
2.3033867e+19
2.309974e+19
2.3097187e+19
2.2933761e+19
2.3033867e+19
2.309974e+19
2.3097188e+19
2.2933715e+19
2.3033908e+19
2.3099687e+19
2.3097243e+19
2.2933715e+19
2.3033908e+19
2.3099687e+19
2.3097244e+19
2.2933715e+19
2.3033908e+19
2.3099688e+19
2.3097245e+19
2.2933714e+19
2.3033909e+19
2.3099689e+19
2.3097246e+19
2.3078605e+19
2.2969411e+19
2.2795277e+19
2.2437233e+19
2.3078606e+19
2.2969412e+19
2.2795279e+19
2.2437236e+19
2.3078608e+19
2.2969414e+19
2.2795282e+19
2.2437239e+19
2.3078609e+19
2.2969415e+19
2.2795284e+19
2.2437242e+19
2.3078546e+19
2.2969469e+19
2.2795254e+19
2.2437273e+19
2.3078547e+19
2.2969472e+19
2.2795257e+19
2.243728e+19
2.307855e+19
2.2969474e+19
2.2795264e+19
2.2437279e+19
2.3078537e+19
2.2969489e+19
2.2795275e+19
2.2437457e+19
2.2933749e+19
2.3033877e+19
2.3099741e+19
2.3097192e+19
2.2933748e+19
2.3033877e+19
2.3099742e+19
2.3097193e+19
2.2933748e+19
2.3033877e+19
2.3099742e+19
2.3097195e+19
2.2933736e+19
2.303387e+19
2.3099736e+19
2.3097184e+19
2.0990517e+19
2.168368e+19
2.2413334e+19
2.2815352e+19
2.0990516e+19
2.1683679e+19
2.2413334e+19
2.2815351e+19
2.0990513e+19
2.1683675e+19
2.2413334e+19
2.2815341e+19
2.099051e+19
2.1683674e+19
2.2413335e+19
2.2815338e+19
1.7253639e+19
1.834642e+19
1.9654481e+19
2.0553861e+19
1.7253637e+19
1.8346418e+19
1.9654479e+19
2.0553859e+19
1.7253633e+19
1.8346415e+19
1.9654475e+19
2.0553855e+19
1.7253628e+19
1.8346417e+19
1.9654474e+19
2.0553842e+19
1.7253641e+19
1.8346423e+19
1.9654483e+19
2.0553865e+19
1.7253641e+19
1.8346423e+19
1.9654483e+19
2.0553864e+19
1.7253641e+19
1.8346423e+19
1.9654482e+19
2.0553864e+19
1.725364e+19
1.8346421e+19
1.9654481e+19
2.0553863e+19
1.4799587e+19
1.5418302e+19
1.6208367e+19
1.6797188e+19
1.4799587e+19
1.5418302e+19
1.6208367e+19
1.6797188e+19
1.4799586e+19
1.5418301e+19
1.6208366e+19
1.6797187e+19
1.4799586e+19
1.5418301e+19
1.6208366e+19
1.6797187e+19
1.4799588e+19
1.5418303e+19
1.6208367e+19
1.6797189e+19
1.4799587e+19
1.5418302e+19
1.6208367e+19
1.6797188e+19
1.4799587e+19
1.5418302e+19
1.6208367e+19
1.6797188e+19
1.4799587e+19
1.5418302e+19
1.6208367e+19
1.6797188e+19
1.2238121e+19
1.2972373e+19
1.3813577e+19
1.4463626e+19
1.2238122e+19
1.2972374e+19
1.3813577e+19
1.4463626e+19
1.2238122e+19
1.2972374e+19
1.3813577e+19
1.4463626e+19
1.2238122e+19
1.2972374e+19
1.3813577e+19
1.4463626e+19
1.2238122e+19
1.2972373e+19
1.3813577e+19
1.4463626e+19
1.2238122e+19
1.2972373e+19
1.3813576e+19
1.4463625e+19
1.2238122e+19
1.2972373e+19
1.3813576e+19
1.4463625e+19
1.2238121e+19
1.2972372e+19
1.3813576e+19
1.4463625e+19
1.2238061e+19
1.297239e+19
1.3813564e+19
1.4463631e+19
1.2238061e+19
1.297239e+19
1.3813564e+19
1.4463631e+19
1.2238061e+19
1.297239e+19
1.3813563e+19
1.446363e+19
1.2238061e+19
1.2972389e+19
1.3813563e+19
1.4463629e+19
1.4799592e+19
1.5418296e+19
1.6208368e+19
1.6797184e+19
1.4799591e+19
1.5418296e+19
1.6208367e+19
1.6797183e+19
1.479959e+19
1.5418294e+19
1.6208366e+19
1.6797182e+19
1.4799589e+19
1.5418294e+19
1.6208365e+19
1.6797181e+19
1.4799584e+19
1.5418297e+19
1.6208361e+19
1.6797182e+19
1.4799582e+19
1.5418295e+19
1.620836e+19
1.6797181e+19
1.479958e+19
1.5418292e+19
1.6208357e+19
1.6797178e+19
1.4799542e+19
1.5418271e+19
1.6208339e+19
1.6797157e+19
1.2238064e+19
1.2972387e+19
1.3813566e+19
1.4463625e+19
1.2238065e+19
1.2972388e+19
1.3813565e+19
1.4463624e+19
1.2238063e+19
1.297239e+19
1.3813564e+19
1.4463622e+19
1.2238329e+19
1.2972381e+19
1.3813559e+19
1.4463584e+19
9.8161912e+18
1.0466349e+19
1.1351433e+19
1.194157e+19
9.8161909e+18
1.0466348e+19
1.1351433e+19
1.194157e+19
9.8161905e+18
1.0466347e+19
1.1351434e+19
1.1941568e+19
9.8161467e+18
1.0466329e+19
1.135133e+19
1.194169e+19
9.8161919e+18
1.0466349e+19
1.1351435e+19
1.1941572e+19
9.8161911e+18
1.0466349e+19
1.1351434e+19
1.1941572e+19
9.8161911e+18
1.0466349e+19
1.1351434e+19
1.1941572e+19
9.8161911e+18
1.0466349e+19
1.1351433e+19
1.1941571e+19
7.2823587e+18
7.9339589e+18
8.7935994e+18
9.4563568e+18
7.2823582e+18
7.9339596e+18
8.7935995e+18
9.4563566e+18
7.2823588e+18
7.9339601e+18
8.7935997e+18
9.4563567e+18
7.2823594e+18
7.9339604e+18
8.7935999e+18
9.4563567e+18
7.2823474e+18
7.933964e+18
8.7935983e+18
9.4563573e+18
7.2823479e+18
7.9339643e+18
8.7935983e+18
9.456357e+18
7.2823484e+18
7.9339645e+18
8.7935978e+18
9.4563564e+18
7.2823442e+18
7.933966e+18
8.7935967e+18
9.4563359e+18
4.8451669e+18
5.4601852e+18
6.2889266e+18
6.9362828e+18
4.8451682e+18
5.4601865e+18
6.2889274e+18
6.9362836e+18
4.8451707e+18
5.4601883e+18
6.2889288e+18
6.9362844e+18
4.8451685e+18
5.4602082e+18
6.2889382e+18
6.9362764e+18
2.4810291e+18
3.168075e+18
3.9048787e+18
4.5206995e+18
2.4810288e+18
3.1680768e+18
3.9048801e+18
4.5207009e+18
2.4810248e+18
3.1680812e+18
3.904882e+18
4.5207038e+18
2.4813095e+18
3.1680317e+18
3.9049045e+18
4.5206879e+18
2.4811739e+18
3.1680449e+18
3.904864e+18
4.520715e+18
2.4811754e+18
3.1680457e+18
3.9048647e+18
4.5207157e+18
2.4811769e+18
3.1680465e+18
3.9048659e+18
4.5207167e+18
2.4811775e+18
3.1680474e+18
3.904867e+18
4.5207176e+18
4.8452159e+18
5.4601433e+18
6.2889465e+18
6.9362586e+18
4.8452169e+18
5.4601436e+18
6.2889478e+18
6.9362582e+18
4.845218e+18
5.4601445e+18
6.2889486e+18
6.9362589e+18
4.8452187e+18
5.4601456e+18
6.2889492e+18
6.9362596e+18
4.845091e+18
5.4602716e+18
6.2887519e+18
6.9364625e+18
4.8450912e+18
5.4602718e+18
6.2887522e+18
6.9364626e+18
4.8450914e+18
5.4602724e+18
6.2887522e+18
6.9364633e+18
4.8450924e+18
5.4602721e+18
6.2887538e+18
6.9364623e+18
2.4809965e+18
3.1680813e+18
3.9048567e+18
4.5207398e+18
2.4809968e+18
3.1680815e+18
3.904857e+18
4.5207399e+18
2.4809974e+18
3.168082e+18
3.9048574e+18
4.5207404e+18
2.480999e+18
3.1680822e+18
3.9048579e+18
4.5207407e+18
2.481157e+18
3.1680494e+18
3.9048497e+18
4.5207548e+18
2.4811569e+18
3.1680494e+18
3.9048496e+18
4.520755e+18
2.4811571e+18
3.1680495e+18
3.9048497e+18
4.5207551e+18
2.4811567e+18
3.1680497e+18
3.9048499e+18
4.5207551e+18
4.8451387e+18
5.4602351e+18
6.2887739e+18
6.9364404e+18
4.8451386e+18
5.4602354e+18
6.2887732e+18
6.936441e+18
4.8451387e+18
5.4602354e+18
6.2887733e+18
6.936441e+18
4.8451387e+18
5.4602357e+18
6.2887733e+18
6.9364412e+18
7.2825195e+18
7.9338797e+18
8.7935317e+18
9.4564278e+18
7.2825203e+18
7.9338792e+18
8.7935315e+18
9.4564278e+18
7.2825203e+18
7.9338792e+18
8.7935315e+18
9.4564277e+18
7.2825203e+18
7.9338793e+18
8.7935315e+18
9.4564277e+18
7.2825101e+18
7.9338819e+18
8.7935304e+18
9.4564281e+18
7.28251e+18
7.9338821e+18
8.7935305e+18
9.4564282e+18
7.2825107e+18
7.9338822e+18
8.7935307e+18
9.4564283e+18
7.2825097e+18
7.9338832e+18
8.7935309e+18
9.4564282e+18
9.8164483e+18
1.0466176e+19
1.1351535e+19
1.1941469e+19
9.8164482e+18
1.0466176e+19
1.1351535e+19
1.1941469e+19
9.8164485e+18
1.0466176e+19
1.1351535e+19
1.1941468e+19
9.8164476e+18
1.0466177e+19
1.1351534e+19
1.1941468e+19
9.8164474e+18
1.0466177e+19
1.1351535e+19
1.1941469e+19
9.8164479e+18
1.0466176e+19
1.1351535e+19
1.1941469e+19
9.8164478e+18
1.0466176e+19
1.1351535e+19
1.1941469e+19
9.8164478e+18
1.0466176e+19
1.1351535e+19
1.1941469e+19
9.8161835e+18
1.0466356e+19
1.1351419e+19
1.1941627e+19
9.8161833e+18
1.0466356e+19
1.1351419e+19
1.1941627e+19
9.8161833e+18
1.0466357e+19
1.1351419e+19
1.1941627e+19
9.8161849e+18
1.0466357e+19
1.135142e+19
1.1941625e+19
7.2823426e+18
7.9339618e+18
8.7935962e+18
9.4563569e+18
7.2823429e+18
7.9339614e+18
8.7935965e+18
9.4563567e+18
7.2823424e+18
7.9339617e+18
8.7935968e+18
9.4563569e+18
7.2823439e+18
7.9339611e+18
8.7935971e+18
9.4563576e+18
7.282268e+18
7.9340511e+18
8.7934442e+18
9.4565025e+18
7.2822676e+18
7.9340509e+18
8.7934437e+18
9.4565025e+18
7.2822672e+18
7.9340506e+18
8.7934432e+18
9.4565024e+18
7.2822672e+18
7.9340501e+18
8.7934436e+18
9.4565017e+18
9.8164097e+18
1.0466184e+19
1.135152e+19
1.1941527e+19
9.8164099e+18
1.0466184e+19
1.135152e+19
1.1941528e+19
9.8164099e+18
1.0466184e+19
1.135152e+19
1.1941528e+19
9.8164089e+18
1.0466184e+19
1.135152e+19
1.1941528e+19
9.816184e+18
1.0466357e+19
1.1351418e+19
1.1941623e+19
9.8161837e+18
1.0466356e+19
1.1351418e+19
1.1941624e+19
9.8161834e+18
1.0466356e+19
1.1351418e+19
1.1941625e+19
9.816185e+18
1.0466356e+19
1.1351419e+19
1.1941623e+19
9.8161211e+18
1.0466331e+19
1.1351273e+19
1.1941802e+19
9.8161953e+18
1.0466359e+19
1.1351451e+19
1.1941585e+19
9.8161766e+18
1.0466354e+19
1.13514e+19
1.1941646e+19
9.8161874e+18
1.0466358e+19
1.1351426e+19
1.1941614e+19
7.2823377e+18
7.9339635e+18
8.7935939e+18
9.4563268e+18
7.282346e+18
7.933962e+18
8.7935964e+18
9.4563617e+18
7.2823446e+18
7.9339636e+18
8.7935977e+18
9.4563543e+18
7.2823454e+18
7.9339632e+18
8.793598e+18
9.4563594e+18
7.2823449e+18
7.9339633e+18
8.793598e+18
9.4563577e+18
7.2823444e+18
7.9339631e+18
8.7935977e+18
9.4563574e+18
7.2823441e+18
7.9339627e+18
8.7935977e+18
9.4563571e+18
7.282344e+18
7.933963e+18
8.7935973e+18
9.4563583e+18
4.845166e+18
5.4601848e+18
6.2889253e+18
6.9362823e+18
4.8451656e+18
5.4601845e+18
6.2889251e+18
6.9362818e+18
4.8451652e+18
5.4601841e+18
6.2889246e+18
6.9362814e+18
4.8451646e+18
5.4601833e+18
6.2889242e+18
6.9362816e+18
4.8451653e+18
5.4602131e+18
6.2889384e+18
6.9362705e+18
4.8451705e+18
5.4601813e+18
6.2889242e+18
6.9362853e+18
4.8451664e+18
5.4601885e+18
6.2889272e+18
6.9362815e+18
4.8451667e+18
5.4601835e+18
6.2889249e+18
6.9362832e+18
2.4814064e+18
3.1680099e+18
3.9049095e+18
4.5206796e+18
2.4809312e+18
3.1680943e+18
3.9048736e+18
4.520708e+18
2.4810725e+18
3.1680646e+18
3.9048823e+18
4.5206969e+18
2.4810011e+18
3.1680775e+18
3.9048763e+18
4.5207007e+18
2.4810258e+18
3.1680728e+18
3.9048777e+18
4.5206988e+18
2.4810262e+18
3.168073e+18
3.9048772e+18
4.5206984e+18
2.4810255e+18
3.1680726e+18
3.9048767e+18
4.5206978e+18
2.4810237e+18
3.1680711e+18
3.9048761e+18
4.5206973e+18
2.4811742e+18
3.1680444e+18
3.9048649e+18
4.5207167e+18
2.481174e+18
3.1680441e+18
3.9048646e+18
4.5207166e+18
2.4811729e+18
3.1680438e+18
3.9048643e+18
4.5207163e+18
2.4811721e+18
3.1680436e+18
3.9048641e+18
4.5207161e+18
4.8452116e+18
5.4601535e+18
6.2889291e+18
6.9363111e+18
4.8452116e+18
5.4601532e+18
6.2889289e+18
6.9363109e+18
4.8452113e+18
5.4601529e+18
6.2889286e+18
6.9363105e+18
4.845211e+18
5.4601528e+18
6.2889283e+18
6.9363103e+18
4.845164e+18
5.4601824e+18
6.2889233e+18
6.9362802e+18
4.8451635e+18
5.4601824e+18
6.2889229e+18
6.9362801e+18
4.845163e+18
5.4601818e+18
6.2889229e+18
6.9362797e+18
4.8451623e+18
5.4601818e+18
6.2889217e+18
6.9362807e+18
2.4810216e+18
3.1680707e+18
3.904875e+18
4.5206966e+18
2.4810207e+18
3.1680705e+18
3.9048747e+18
4.5206962e+18
2.4810207e+18
3.16807e+18
3.9048742e+18
4.5206956e+18
2.4810212e+18
3.1680696e+18
3.9048736e+18
4.5206953e+18
7.3460458e+17
1.1978977e+18
1.8527188e+18
2.2474903e+18
7.3460118e+17
1.1978989e+18
1.8527179e+18
2.2474908e+18
7.3460114e+17
1.1978988e+18
1.8527177e+18
2.2474906e+18
7.346038e+17
1.1978976e+18
1.8527182e+18
2.2474899e+18
-9.5439549e+17
-5.5076129e+17
1.8653304e+16
4.8246364e+17
-9.5439708e+17
-5.5076106e+17
1.8652966e+16
4.8246513e+17
-9.5439721e+17
-5.507611e+17
1.8652936e+16
4.8246508e+17
-9.5439727e+17
-5.5076034e+17
1.8652607e+16
4.8246459e+17
-9.5334251e+17
-5.5106167e+17
1.8872108e+16
4.8135823e+17
-9.5334166e+17
-5.5106221e+17
1.8871848e+16
4.8135657e+17
-9.5334079e+17
-5.5106283e+17
1.8871522e+16
4.8135521e+17
-9.5334396e+17
-5.510623e+17
1.8870856e+16
4.8135773e+17
7.3637122e+17
1.1971858e+18
1.8531144e+18
2.2471441e+18
7.3637308e+17
1.1971842e+18
1.8531148e+18
2.2471433e+18
7.3637408e+17
1.1971829e+18
1.853115e+18
2.2471425e+18
7.3636834e+17
1.1971848e+18
1.8531135e+18
2.2471434e+18
7.3460463e+17
1.1979029e+18
1.8527203e+18
2.2474935e+18
7.3460482e+17
1.1979016e+18
1.8527193e+18
2.247493e+18
7.3460258e+17
1.1979016e+18
1.8527184e+18
2.2474929e+18
7.3460796e+17
1.1978998e+18
1.8527204e+18
2.2474913e+18
7.3460421e+17
1.197931e+18
1.8524866e+18
2.2475558e+18
7.3460412e+17
1.1978935e+18
1.8527793e+18
2.2474788e+18
7.3460549e+17
1.1979075e+18
1.8526924e+18
2.2475014e+18
7.3460502e+17
1.197901e+18
1.852735e+18
2.2474897e+18
-9.5436984e+17
-5.5071761e+17
1.8676505e+16
4.8245598e+17
-9.5440233e+17
-5.5076949e+17
1.86509e+16
4.8247065e+17
-9.5439232e+17
-5.5075373e+17
1.8657915e+16
4.824668e+17
-9.5439743e+17
-5.5076169e+17
1.8654178e+16
4.824688e+17
-9.5439593e+17
-5.5075902e+17
1.865548e+16
4.8246808e+17
-9.5439567e+17
-5.5075928e+17
1.865557e+16
4.8246732e+17
-9.5439686e+17
-5.5075936e+17
1.8655095e+16
4.8246774e+17
-9.5439396e+17
-5.5076041e+17
1.8654654e+16
4.8246464e+17
-1.9896969e+18
-1.773182e+18
-1.4482175e+18
-1.1383381e+18
-1.9896967e+18
-1.773182e+18
-1.4482177e+18
-1.138338e+18
-1.9896964e+18
-1.7731817e+18
-1.4482177e+18
-1.1383379e+18
-1.9896943e+18
-1.773183e+18
-1.4482162e+18
-1.1383404e+18
-1.9896995e+18
-1.7732149e+18
-1.4482272e+18
-1.1383895e+18
-1.9896963e+18
-1.7731733e+18
-1.4482149e+18
-1.1383239e+18
-1.9896974e+18
-1.7731862e+18
-1.4482184e+18
-1.1383447e+18
-1.9896968e+18
-1.77318e+18
-1.4482168e+18
-1.1383348e+18
-1.2232303e+18
-1.9936608e+18
-2.0331333e+18
-2.0311604e+18
-1.2231628e+18
-1.9937137e+18
-2.0331472e+18
-2.0311637e+18
-1.2231815e+18
-1.9936964e+18
-2.0331431e+18
-2.031163e+18
-1.2231709e+18
-1.9937039e+18
-2.0331448e+18
-2.0311633e+18
-1.2231741e+18
-1.9937007e+18
-2.0331438e+18
-2.0311629e+18
-1.2231736e+18
-1.9937e+18
-2.0331433e+18
-2.0311626e+18
-1.2231729e+18
-1.9936993e+18
-2.0331427e+18
-2.0311622e+18
-1.2231723e+18
-1.9936981e+18
-2.0331438e+18
-2.0311605e+18
-1.2233226e+18
-1.9934273e+18
-2.03363e+18
-2.030666e+18
-1.2233228e+18
-1.9934256e+18
-2.0336318e+18
-2.0306632e+18
-1.2233219e+18
-1.9934254e+18
-2.0336307e+18
-2.0306634e+18
-1.2233212e+18
-1.9934256e+18
-2.0336294e+18
-2.0306642e+18
-1.9889598e+18
-1.7738509e+18
-1.4476048e+18
-1.1396204e+18
-1.9889565e+18
-1.7738534e+18
-1.4476025e+18
-1.1396243e+18
-1.988957e+18
-1.7738523e+18
-1.4476031e+18
-1.1396231e+18
-1.9889581e+18
-1.7738509e+18
-1.447604e+18
-1.1396215e+18
-1.9896924e+18
-1.7731827e+18
-1.4482156e+18
-1.138341e+18
-1.9896953e+18
-1.7731799e+18
-1.4482178e+18
-1.1383372e+18
-1.9896944e+18
-1.7731807e+18
-1.4482172e+18
-1.1383383e+18
-1.9896926e+18
-1.7731825e+18
-1.4482157e+18
-1.1383404e+18
-1.2231705e+18
-1.9936959e+18
-2.0331426e+18
-2.0311585e+18
-1.2231694e+18
-1.9936968e+18
-2.0331401e+18
-2.0311607e+18
-1.2231692e+18
-1.993696e+18
-2.0331405e+18
-2.0311599e+18
-1.2231692e+18
-1.9936951e+18
-2.0331414e+18
-2.0311592e+18
-1.2233108e+18
-1.9934416e+18
-2.0335909e+18
-2.0307993e+18
-1.2233114e+18
-1.9934404e+18
-2.0335929e+18
-2.0307974e+18
-1.2233113e+18
-1.9934408e+18
-2.0335923e+18
-2.030798e+18
-1.2233115e+18
-1.9934408e+18
-2.0335927e+18
-2.0307978e+18
-1.2233104e+18
-1.9934434e+18
-2.0335878e+18
-2.030815e+18
-1.2233107e+18
-1.9934437e+18
-2.0335881e+18
-2.0308152e+18
-1.2233114e+18
-1.9934443e+18
-2.0335886e+18
-2.0308156e+18
-1.2233117e+18
-1.9934456e+18
-2.0335878e+18
-2.030817e+18
-1.9888287e+18
-1.7738495e+18
-1.4477016e+18
-1.1385427e+18
-1.988829e+18
-1.7738494e+18
-1.4477021e+18
-1.1385408e+18
-1.9888292e+18
-1.7738496e+18
-1.4477021e+18
-1.1385409e+18
-1.9888316e+18
-1.7738483e+18
-1.4477031e+18
-1.138542e+18
-1.9887611e+18
-1.7740061e+18
-1.4473738e+18
-1.1396982e+18
-1.9887572e+18
-1.7740094e+18
-1.4473705e+18
-1.1397021e+18
-1.9887583e+18
-1.7740085e+18
-1.4473712e+18
-1.1397017e+18
-1.988758e+18
-1.7740086e+18
-1.4473716e+18
-1.1396992e+18
-9.5392344e+17
-5.5070007e+17
1.8628063e+16
4.817235e+17
-9.5392364e+17
-5.5069896e+17
1.8627154e+16
4.8172232e+17
-9.5392358e+17
-5.506993e+17
1.862741e+16
4.8172261e+17
-9.5392527e+17
-5.5069856e+17
1.8627128e+16
4.8172443e+17
7.3612704e+17
1.1972245e+18
1.8530975e+18
2.247163e+18
7.3613116e+17
1.1972222e+18
1.8530987e+18
2.247162e+18
7.3612997e+17
1.1972228e+18
1.8530984e+18
2.2471623e+18
7.3612733e+17
1.1972241e+18
1.8530979e+18
2.2471629e+18
7.3417782e+17
1.1980011e+18
1.8526694e+18
2.2475362e+18
7.3417227e+17
1.1980039e+18
1.8526681e+18
2.2475376e+18
7.3417448e+17
1.1980037e+18
1.8526688e+18
2.2475376e+18
7.3417827e+17
1.198003e+18
1.8526697e+18
2.2475374e+18
-9.5509477e+17
-5.5032363e+17
1.8347688e+16
4.829952e+17
-9.5509782e+17
-5.5032258e+17
1.8347421e+16
4.8299865e+17
-9.5509667e+17
-5.5032253e+17
1.834796e+16
4.8299814e+17
-9.5509339e+17
-5.5032373e+17
1.8349249e+16
4.8299602e+17
-9.5338776e+17
-5.5105506e+17
1.88711e+16
4.8135093e+17
-9.5338155e+17
-5.5105739e+17
1.8873283e+16
4.8134647e+17
-9.5338303e+17
-5.5105598e+17
1.887342e+16
4.8134876e+17
-9.5338331e+17
-5.5105554e+17
1.8873989e+16
4.8135039e+17
7.3637859e+17
1.1971835e+18
1.8531155e+18
2.2471437e+18
7.3638604e+17
1.1971814e+18
1.853117e+18
2.2471429e+18
7.3638494e+17
1.1971833e+18
1.8531174e+18
2.2471441e+18
7.3638367e+17
1.1971853e+18
1.8531176e+18
2.2471453e+18
7.3461004e+17
1.1979017e+18
1.8527213e+18
2.2474934e+18
7.3460545e+17
1.1979047e+18
1.8527219e+18
2.2474953e+18
7.3460788e+17
1.1979038e+18
1.8527268e+18
2.247495e+18
7.3460832e+17
1.1979277e+18
1.8525531e+18
2.2475422e+18
-9.5439303e+17
-5.5075891e+17
1.8656582e+16
4.824663e+17
-9.5439563e+17
-5.5075791e+17
1.865682e+16
4.8246997e+17
-9.5439467e+17
-5.5075799e+17
1.8657967e+16
4.8247012e+17
-9.5437546e+17
-5.5072654e+17
1.867383e+16
4.8246279e+17
-1.9896972e+18
-1.7731825e+18
-1.4482168e+18
-1.1383397e+18
-1.9896979e+18
-1.7731824e+18
-1.4482173e+18
-1.1383375e+18
-1.9896986e+18
-1.7731823e+18
-1.4482172e+18
-1.1383363e+18
-1.9897012e+18
-1.7732074e+18
-1.4482245e+18
-1.1383751e+18
-1.9896023e+18
-1.7733497e+18
-1.4478823e+18
-1.139421e+18
-1.9896062e+18
-1.7733472e+18
-1.4478841e+18
-1.1394222e+18
-1.9896057e+18
-1.7733485e+18
-1.4478833e+18
-1.1394226e+18
-1.9896069e+18
-1.773348e+18
-1.4478844e+18
-1.1394198e+18
-1.2231715e+18
-1.9936975e+18
-2.0331426e+18
-2.0311622e+18
-1.2231719e+18
-1.9936995e+18
-2.033141e+18
-2.0311644e+18
-1.2231735e+18
-1.9937005e+18
-2.0331426e+18
-2.0311646e+18
-1.2231746e+18
-1.993702e+18
-2.0331432e+18
-2.0311656e+18
-1.2231759e+18
-1.993702e+18
-2.0331446e+18
-2.0311635e+18
-1.2231772e+18
-1.9937039e+18
-2.0331457e+18
-2.0311642e+18
-1.2231792e+18
-1.9937068e+18
-2.0331471e+18
-2.0311652e+18
-1.2232204e+18
-1.993677e+18
-2.0331399e+18
-2.031164e+18
-1.2283038e+18
-1.9891469e+18
-2.0326628e+18
-2.0311196e+18
-1.2283701e+18
-1.9890927e+18
-2.032648e+18
-2.0311153e+18
-1.22835e+18
-1.9891087e+18
-2.0326513e+18
-2.0311155e+18
-1.2283593e+18
-1.989101e+18
-2.0326476e+18
-2.0311161e+18
-1.9895472e+18
-1.77692e+18
-1.4484036e+18
-1.144617e+18
-1.9895503e+18
-1.7769606e+18
-1.4484173e+18
-1.1446796e+18
-1.9895484e+18
-1.7769478e+18
-1.4484133e+18
-1.1446601e+18
-1.9895504e+18
-1.7769524e+18
-1.4484161e+18
-1.144669e+18
-1.9902034e+18
-1.7764251e+18
-1.4487474e+18
-1.144282e+18
-1.9902061e+18
-1.7764227e+18
-1.4487487e+18
-1.1442809e+18
-1.9902052e+18
-1.7764233e+18
-1.4487483e+18
-1.1442814e+18
-1.9902038e+18
-1.7764243e+18
-1.448748e+18
-1.1442817e+18
-1.2282064e+18
-1.9893721e+18
-2.0321656e+18
-2.0316073e+18
-1.2282052e+18
-1.9893732e+18
-2.0321633e+18
-2.0316096e+18
-1.228205e+18
-1.9893725e+18
-2.0321638e+18
-2.0316088e+18
-1.2282055e+18
-1.9893717e+18
-2.0321644e+18
-2.0316076e+18
-1.2283544e+18
-1.9891032e+18
-2.0326473e+18
-2.0311163e+18
-1.228355e+18
-1.9891019e+18
-2.0326495e+18
-2.031114e+18
-1.2283547e+18
-1.9891021e+18
-2.0326488e+18
-2.0311147e+18
-1.2283547e+18
-1.9891018e+18
-2.0326491e+18
-2.0311144e+18
-1.2283545e+18
-1.9891021e+18
-2.032649e+18
-2.0311145e+18
-1.2283548e+18
-1.9891018e+18
-2.032649e+18
-2.0311145e+18
-1.2283554e+18
-1.9891015e+18
-2.032649e+18
-2.0311144e+18
-1.2283292e+18
-1.9891306e+18
-2.0326517e+18
-2.0311107e+18
-1.9895483e+18
-1.7769515e+18
-1.4484148e+18
-1.1446668e+18
-1.9895483e+18
-1.7769516e+18
-1.4484148e+18
-1.1446672e+18
-1.9895483e+18
-1.776952e+18
-1.4484146e+18
-1.1446686e+18
-1.9895406e+18
-1.7769248e+18
-1.4484062e+18
-1.1446321e+18
-1.9895504e+18
-1.7769495e+18
-1.4484157e+18
-1.1446659e+18
-1.9895476e+18
-1.7769519e+18
-1.4484143e+18
-1.1446674e+18
-1.9895486e+18
-1.7769513e+18
-1.4484149e+18
-1.144667e+18
-1.9895482e+18
-1.7769517e+18
-1.4484147e+18
-1.1446671e+18
-9.512816e+17
-5.4679498e+17
1.961862e+16
4.8231699e+17
-9.5128131e+17
-5.4679507e+17
1.9618468e+16
4.8231666e+17
-9.5128133e+17
-5.4679507e+17
1.9618629e+16
4.8231676e+17
-9.5128142e+17
-5.4679503e+17
1.9618806e+16
4.8231687e+17
-9.5128155e+17
-5.4679521e+17
1.9618726e+16
4.8231692e+17
-9.5128129e+17
-5.4679494e+17
1.9618769e+16
4.8231684e+17
-9.5128054e+17
-5.4679439e+17
1.9618304e+16
4.823164e+17
-9.5130208e+17
-5.4682654e+17
1.9597263e+16
4.8231791e+17
7.3467794e+17
1.204748e+18
1.827068e+18
2.2531265e+18
7.3467808e+17
1.2047484e+18
1.8270673e+18
2.2531268e+18
7.346785e+17
1.2047499e+18
1.8270644e+18
2.2531276e+18
7.3467162e+17
1.2047216e+18
1.8272268e+18
2.2530898e+18
7.3467737e+17
1.2047483e+18
1.8270675e+18
2.2531268e+18
7.3467798e+17
1.2047483e+18
1.8270677e+18
2.2531265e+18
7.3467797e+17
1.2047482e+18
1.8270675e+18
2.2531265e+18
7.3467796e+17
1.2047481e+18
1.8270674e+18
2.2531266e+18
7.3438474e+17
1.2048673e+18
1.8270057e+18
2.2531699e+18
7.3438425e+17
1.2048676e+18
1.8270062e+18
2.2531696e+18
7.3438373e+17
1.2048675e+18
1.827006e+18
2.2531693e+18
7.3438393e+17
1.204866e+18
1.8270049e+18
2.253169e+18
-9.5150099e+17
-5.4673583e+17
1.9581062e+16
4.8250073e+17
-9.5150121e+17
-5.4673619e+17
1.958043e+16
4.8250061e+17
-9.5150162e+17
-5.4673635e+17
1.958007e+16
4.8250045e+17
-9.5150121e+17
-5.4673648e+17
1.9580424e+16
4.8249979e+17
-9.5130383e+17
-5.4683419e+17
1.9601701e+16
4.8233018e+17
-9.5127384e+17
-5.4678263e+17
1.9625862e+16
4.8231778e+17
-9.5128361e+17
-5.4679896e+17
1.9618044e+16
4.8231957e+17
-9.5127989e+17
-5.467915e+17
1.9620871e+16
4.8231781e+17
7.3468822e+17
1.2047195e+18
1.8273119e+18
2.2530494e+18
7.3468221e+17
1.2047578e+18
1.8270173e+18
2.2531251e+18
7.3468145e+17
1.2047422e+18
1.8271033e+18
2.2531015e+18
7.3467944e+17
1.2047484e+18
1.8270596e+18
2.2531126e+18
2.5262653e+18
3.1545281e+18
3.9101858e+18
4.5163496e+18
2.5267407e+18
3.1544416e+18
3.9102208e+18
4.5163201e+18
2.5265978e+18
3.1544699e+18
3.9102108e+18
4.5163298e+18
2.5266683e+18
3.154456e+18
3.9102158e+18
4.516325e+18
2.5266162e+18
3.1544669e+18
3.9102108e+18
4.5163272e+18
2.5266147e+18
3.154466e+18
3.9102104e+18
4.5163268e+18
2.5266142e+18
3.1544655e+18
3.91021e+18
4.5163264e+18
2.5266153e+18
3.1544665e+18
3.9102097e+18
4.5163265e+18
4.8449214e+18
5.4618671e+18
6.2893685e+18
6.9360116e+18
4.844921e+18
5.4618665e+18
6.289368e+18
6.9360115e+18
4.8449205e+18
5.461866e+18
6.2893676e+18
6.9360111e+18
4.8449207e+18
5.461866e+18
6.2893675e+18
6.9360106e+18
4.8449242e+18
5.4618445e+18
6.2893547e+18
6.936039e+18
4.8449176e+18
5.4618754e+18
6.2893679e+18
6.9360233e+18
4.8449205e+18
5.4618669e+18
6.2893638e+18
6.936026e+18
4.8449192e+18
5.461871e+18
6.2893653e+18
6.9360235e+18
7.2828303e+18
7.9343417e+18
8.7935912e+18
9.4561167e+18
7.2828211e+18
7.9343425e+18
8.793588e+18
9.4560817e+18
7.2828215e+18
7.9343401e+18
8.7935861e+18
9.4560885e+18
7.28282e+18
7.9343398e+18
8.7935854e+18
9.456083e+18
9.8107432e+18
1.0466912e+19
1.133601e+19
1.1955268e+19
9.8106704e+18
1.0466879e+19
1.1335841e+19
1.1955456e+19
9.8106879e+18
1.0466886e+19
1.1335888e+19
1.195541e+19
9.8106771e+18
1.0466881e+19
1.1335864e+19
1.1955434e+19
9.8106252e+18
1.0466925e+19
1.1335847e+19
1.1955449e+19
9.8106251e+18
1.0466925e+19
1.1335847e+19
1.1955449e+19
9.8106251e+18
1.0466925e+19
1.1335847e+19
1.1955448e+19
9.8106244e+18
1.0466924e+19
1.1335847e+19
1.1955449e+19
7.2828424e+18
7.9343165e+18
8.7936233e+18
9.4560488e+18
7.2828424e+18
7.9343161e+18
8.7936233e+18
9.4560487e+18
7.282842e+18
7.9343159e+18
8.7936231e+18
9.4560487e+18
7.2828417e+18
7.9343154e+18
8.7936226e+18
9.4560479e+18
7.2828997e+18
7.9342946e+18
8.7936064e+18
9.4560678e+18
7.2829001e+18
7.9342944e+18
8.7936064e+18
9.4560679e+18
7.2828999e+18
7.9342945e+18
8.7936066e+18
9.4560681e+18
7.2829001e+18
7.9342945e+18
8.7936068e+18
9.4560682e+18
9.8106854e+18
1.0466883e+19
1.1335871e+19
1.1955425e+19
9.8106857e+18
1.0466883e+19
1.1335871e+19
1.1955425e+19
9.8106859e+18
1.0466883e+19
1.1335871e+19
1.1955425e+19
9.8106859e+18
1.0466884e+19
1.1335871e+19
1.1955425e+19
9.8106312e+18
1.0466925e+19
1.1335847e+19
1.1955448e+19
9.8106309e+18
1.0466925e+19
1.1335847e+19
1.1955448e+19
9.8106304e+18
1.0466925e+19
1.1335846e+19
1.1955449e+19
9.8106227e+18
1.046692e+19
1.1335863e+19
1.1955461e+19
7.2829212e+18
7.9342724e+18
8.793644e+18
9.4560333e+18
7.2829213e+18
7.9342723e+18
8.7936441e+18
9.456033e+18
7.2829215e+18
7.9342723e+18
8.7936437e+18
9.4560326e+18
7.2829206e+18
7.9342669e+18
8.7936326e+18
9.4560226e+18
4.845015e+18
5.4618027e+18
6.2893807e+18
6.9359923e+18
4.8450151e+18
5.4618029e+18
6.2893809e+18
6.9359924e+18
4.8450154e+18
5.4618036e+18
6.2893812e+18
6.9359925e+18
4.8450369e+18
5.4618058e+18
6.2893865e+18
6.9360076e+18
4.8450141e+18
5.4618057e+18
6.2893767e+18
6.9360051e+18
4.8450142e+18
5.4618053e+18
6.2893765e+18
6.9360052e+18
4.8450137e+18
5.4618051e+18
6.2893764e+18
6.9360051e+18
4.8450136e+18
5.4618049e+18
6.2893763e+18
6.936005e+18
2.5266043e+18
3.1545003e+18
3.910142e+18
4.5163923e+18
2.5266039e+18
3.1544999e+18
3.9101415e+18
4.5163923e+18
2.526604e+18
3.1544998e+18
3.9101412e+18
4.5163919e+18
2.5266043e+18
3.1544998e+18
3.910141e+18
4.5163917e+18
2.526603e+18
3.1544999e+18
3.910141e+18
4.5163917e+18
2.5266044e+18
3.1544993e+18
3.9101411e+18
4.5163917e+18
2.5266094e+18
3.154497e+18
3.9101421e+18
4.5163917e+18
2.5263307e+18
3.1545379e+18
3.910134e+18
4.5164254e+18
2.4833658e+18
3.1664632e+18
3.9058344e+18
4.5217093e+18
2.4828992e+18
3.1665304e+18
3.9058205e+18
4.5217651e+18
2.4830367e+18
3.1665065e+18
3.9058259e+18
4.5217497e+18
2.4829669e+18
3.1665174e+18
3.9058237e+18
4.5217581e+18
2.4829912e+18
3.166514e+18
3.9058246e+18
4.5217553e+18
2.4829922e+18
3.1665149e+18
3.9058245e+18
4.5217553e+18
2.4829928e+18
3.1665153e+18
3.9058248e+18
4.5217555e+18
2.482992e+18
3.1665141e+18
3.9058255e+18
4.521756e+18
4.8463731e+18
5.4618968e+18
6.2899484e+18
6.9373896e+18
4.8463731e+18
5.4618969e+18
6.2899486e+18
6.9373896e+18
4.8463733e+18
5.4618972e+18
6.2899488e+18
6.9373898e+18
4.8463739e+18
5.4618976e+18
6.2899495e+18
6.9373901e+18
4.8463422e+18
5.4618947e+18
6.2899361e+18
6.9373809e+18
4.8463775e+18
5.4618979e+18
6.2899447e+18
6.9374064e+18
4.8463683e+18
5.4618983e+18
6.2899431e+18
6.9374e+18
4.8463735e+18
5.4618988e+18
6.2899446e+18
6.9374037e+18
7.2822932e+18
7.9338265e+18
8.7925794e+18
9.4551852e+18
7.2822919e+18
7.9338178e+18
8.7925615e+18
9.4551691e+18
7.282293e+18
7.9338204e+18
8.7925663e+18
9.4551732e+18
7.2822929e+18
7.9338192e+18
8.7925639e+18
9.4551709e+18
9.81014e+18
1.0466432e+19
1.1337813e+19
1.1956327e+19
9.8101278e+18
1.0466424e+19
1.133784e+19
1.1956349e+19
9.8101308e+18
1.0466426e+19
1.1337833e+19
1.1956343e+19
9.810129e+18
1.0466425e+19
1.1337837e+19
1.1956347e+19
9.8100721e+18
1.0466469e+19
1.133781e+19
1.195637e+19
9.8100721e+18
1.046647e+19
1.133781e+19
1.195637e+19
9.8100723e+18
1.046647e+19
1.133781e+19
1.195637e+19
9.8100722e+18
1.046647e+19
1.133781e+19
1.1956371e+19
7.2823162e+18
7.9337959e+18
8.7926046e+18
9.4551346e+18
7.2823164e+18
7.933796e+18
8.792605e+18
9.4551347e+18
7.2823166e+18
7.9337963e+18
8.7926052e+18
9.455135e+18
7.2823164e+18
7.9337967e+18
8.7926049e+18
9.455135e+18
7.2821608e+18
7.9339063e+18
8.7925219e+18
9.4552086e+18
7.28216e+18
7.9339072e+18
8.7925218e+18
9.4552091e+18
7.2821605e+18
7.9339072e+18
8.7925221e+18
9.4552092e+18
7.2821606e+18
7.9339074e+18
8.7925223e+18
9.4552093e+18
9.8101162e+18
1.0466426e+19
1.1337837e+19
1.1956349e+19
9.8101165e+18
1.0466426e+19
1.1337837e+19
1.1956349e+19
9.8101167e+18
1.0466426e+19
1.1337837e+19
1.1956349e+19
9.8101166e+18
1.0466427e+19
1.1337837e+19
1.1956349e+19
9.8100572e+18
1.0466472e+19
1.133781e+19
1.1956374e+19
9.8100571e+18
1.0466472e+19
1.133781e+19
1.1956374e+19
9.8100574e+18
1.0466472e+19
1.1337811e+19
1.1956373e+19
9.8100644e+18
1.0466478e+19
1.1337791e+19
1.1956371e+19
7.2821836e+18
7.9338834e+18
8.7925629e+18
9.4551715e+18
7.2821838e+18
7.9338834e+18
8.7925632e+18
9.4551714e+18
7.2821837e+18
7.9338836e+18
8.7925633e+18
9.4551717e+18
7.2821849e+18
7.9338888e+18
8.792574e+18
9.4551812e+18
4.8463597e+18
5.4618924e+18
6.2900046e+18
6.9373468e+18
4.8463599e+18
5.4618924e+18
6.2900047e+18
6.9373469e+18
4.8463601e+18
5.4618923e+18
6.2900047e+18
6.937347e+18
4.8463392e+18
5.4618909e+18
6.2899997e+18
6.9373323e+18
4.8463555e+18
5.4618951e+18
6.2899987e+18
6.9373606e+18
4.8463555e+18
5.461895e+18
6.2899992e+18
6.9373603e+18
4.8463558e+18
5.4618953e+18
6.2899993e+18
6.9373606e+18
4.846356e+18
5.4618954e+18
6.2899995e+18
6.9373607e+18
2.4831703e+18
3.1664513e+18
3.9058819e+18
4.5217014e+18
2.4831718e+18
3.1664517e+18
3.9058823e+18
4.5217013e+18
2.483172e+18
3.166452e+18
3.9058826e+18
4.5217016e+18
2.483172e+18
3.1664522e+18
3.9058828e+18
4.5217019e+18
2.4830123e+18
3.1664973e+18
3.9058613e+18
4.5217112e+18
2.4830104e+18
3.1664982e+18
3.9058613e+18
4.5217115e+18
2.4830053e+18
3.1665007e+18
3.9058609e+18
4.5217121e+18
2.4832837e+18
3.1664603e+18
3.9058694e+18
4.5216789e+18
7.3395504e+17
1.1977477e+18
1.8509123e+18
2.2485715e+18
7.3395197e+17
1.1977487e+18
1.8509124e+18
2.2485721e+18
7.3395167e+17
1.1977472e+18
1.8509157e+18
2.2485714e+18
7.339624e+17
1.1977741e+18
1.8507538e+18
2.2486096e+18
-9.5450189e+17
-5.5088469e+17
1.8295237e+16
4.8195888e+17
-9.5450348e+17
-5.5088451e+17
1.8295149e+16
4.8196066e+17
-9.545041e+17
-5.5088517e+17
1.8295647e+16
4.81961e+17
-9.5448064e+17
-5.5085335e+17
1.8317107e+16
4.8195671e+17
-9.5347478e+17
-5.5118092e+17
1.8509981e+16
4.8087876e+17
-9.5347373e+17
-5.5118104e+17
1.8510442e+16
4.8087777e+17
-9.534726e+17
-5.5118114e+17
1.8510632e+16
4.808771e+17
-9.5347546e+17
-5.5118027e+17
1.8510241e+16
4.8087996e+17
7.3566667e+17
1.197055e+18
1.8512977e+18
2.2482269e+18
7.3566903e+17
1.197054e+18
1.8512981e+18
2.2482266e+18
7.3567077e+17
1.1970537e+18
1.8512986e+18
2.2482263e+18
7.3566575e+17
1.1970562e+18
1.8512974e+18
2.2482275e+18
7.3394952e+17
1.1977496e+18
1.8509079e+18
2.2485814e+18
7.3395035e+17
1.1977489e+18
1.8509076e+18
2.2485817e+18
7.3394898e+17
1.1977497e+18
1.8509073e+18
2.2485824e+18
7.3395464e+17
1.1977487e+18
1.8509094e+18
2.248581e+18
7.3396271e+17
1.1977827e+18
1.8506888e+18
2.2486315e+18
7.3394522e+17
1.197738e+18
1.8509607e+18
2.2485682e+18
7.3395139e+17
1.1977543e+18
1.850881e+18
2.248587e+18
7.3394879e+17
1.1977472e+18
1.8509213e+18
2.2485779e+18
-9.5447309e+17
-5.5084304e+17
1.8323747e+16
4.8195339e+17
-9.5451233e+17
-5.5089659e+17
1.8287575e+16
4.819606e+17
-9.5450015e+17
-5.5088009e+17
1.8296609e+16
4.8195825e+17
-9.5450613e+17
-5.5088817e+17
1.8291744e+16
4.8195957e+17
-9.5450416e+17
-5.5088532e+17
1.8293795e+16
4.8195943e+17
-9.5450369e+17
-5.5088534e+17
1.8294529e+16
4.8195931e+17
-9.5450454e+17
-5.5088497e+17
1.8294718e+16
4.8196038e+17
-9.5450144e+17
-5.508855e+17
1.8294317e+16
4.8195754e+17
-1.9892612e+18
-1.7730682e+18
-1.4482145e+18
-1.1386299e+18
-1.9892614e+18
-1.7730683e+18
-1.4482147e+18
-1.1386295e+18
-1.9892615e+18
-1.7730684e+18
-1.4482148e+18
-1.1386294e+18
-1.9892596e+18
-1.7730699e+18
-1.4482131e+18
-1.1386321e+18
-1.9892708e+18
-1.7731054e+18
-1.4482249e+18
-1.1386814e+18
-1.989259e+18
-1.7730589e+18
-1.4482127e+18
-1.1386155e+18
-1.9892621e+18
-1.7730727e+18
-1.4482154e+18
-1.1386369e+18
-1.9892606e+18
-1.7730659e+18
-1.4482139e+18
-1.1386266e+18
-1.2245599e+18
-1.9932127e+18
-2.0326349e+18
-2.0307143e+18
-1.2245151e+18
-1.9932617e+18
-2.0326397e+18
-2.0307078e+18
-1.2245288e+18
-1.9932473e+18
-2.0326385e+18
-2.0307098e+18
-1.2245222e+18
-1.9932548e+18
-2.0326393e+18
-2.0307089e+18
-1.2245246e+18
-1.9932523e+18
-2.0326391e+18
-2.0307093e+18
-1.2245248e+18
-1.9932524e+18
-2.0326391e+18
-2.0307094e+18
-1.2245251e+18
-1.9932526e+18
-2.0326392e+18
-2.0307095e+18
-1.2245256e+18
-1.9932521e+18
-2.0326408e+18
-2.0307081e+18
-1.2246759e+18
-1.992982e+18
-2.0331265e+18
-2.0302148e+18
-1.2246768e+18
-1.9929809e+18
-2.0331289e+18
-2.0302124e+18
-1.2246767e+18
-1.9929815e+18
-2.0331284e+18
-2.0302133e+18
-1.2246765e+18
-1.9929821e+18
-2.0331275e+18
-2.0302144e+18
-1.9885286e+18
-1.7737329e+18
-1.4476109e+18
-1.1398837e+18
-1.9885257e+18
-1.7737356e+18
-1.4476088e+18
-1.1398873e+18
-1.9885266e+18
-1.7737349e+18
-1.4476093e+18
-1.1398863e+18
-1.988528e+18
-1.7737337e+18
-1.4476102e+18
-1.1398848e+18
-1.9892594e+18
-1.7730708e+18
-1.4482128e+18
-1.1386327e+18
-1.9892624e+18
-1.7730679e+18
-1.4482149e+18
-1.1386285e+18
-1.9892616e+18
-1.7730683e+18
-1.4482145e+18
-1.1386282e+18
-1.9892691e+18
-1.7730956e+18
-1.4482219e+18
-1.1386669e+18
-1.2245265e+18
-1.9932522e+18
-2.0326417e+18
-2.030708e+18
-1.2245257e+18
-1.9932538e+18
-2.0326395e+18
-2.0307105e+18
-1.2245255e+18
-1.993254e+18
-2.0326403e+18
-2.0307097e+18
-1.2245519e+18
-1.9932253e+18
-2.0326372e+18
-2.030714e+18
