FiniteElementSpace
FiniteElementCollection: L2_2D_P1
VDim: 1
Ordering: 0

-1.151212624348179e+32
-1.318000697513944e+32
-1.158323878732512e+32
-1.326016224771316e+32
-1.120321468246652e+32
-1.282700518389493e+32
-1.141013741841931e+32
-1.306402462533681e+32
-8.634871918247841e+31
-1.005810746597222e+32
-8.783233098749037e+31
-1.02295072206421e+32
-8.856113256153231e+31
-1.03129134768201e+32
-8.906898529753191e+31
-1.037076849697121e+32
-6.560730538570719e+31
-7.811283449453406e+31
-6.595842179240639e+31
-7.851821404449746e+31
-4.607727130708404e+31
-5.665358898772898e+31
-4.630979792876795e+31
-5.692779912732232e+31
-4.505874238603696e+31
-5.544533974144325e+31
-4.574330379873132e+31
-5.626040652580249e+31
-6.407331550285102e+31
-7.63267734595533e+31
-6.510317924611062e+31
-7.752996906711049e+31
-6.144731493520908e+31
-7.321258313408037e+31
-6.309303413772582e+31
-7.517063680219887e+31
-4.330607446798392e+31
-5.333211874669527e+31
-4.440660125340654e+31
-5.466372808210711e+31
-4.089930716631199e+31
-5.037554486468154e+31
-4.236454097160476e+31
-5.21795210035335e+31
-5.786336193561679e+31
-6.888490941844642e+31
-6.004036376564906e+31
-7.151844125920562e+31
-7.747449028791838e+31
-9.005922532010369e+31
-8.057026742200952e+31
-9.375997906148619e+31
-8.258201926729766e+31
-9.61565797548175e+31
-8.49380141440644e+31
-9.893217042465596e+31
-1.067999732119615e+32
-1.221688023312568e+32
-1.100665682062086e+32
-1.259873196552725e+32
-9.975007544654072e+31
-1.138366125666168e+32
-1.040146068416894e+32
-1.188820077028766e+32
-9.124856192249263e+31
-1.037707235725551e+32
-9.629919415813617e+31
-1.097494612054843e+32
-7.126506541497185e+31
-8.260203098247209e+31
-7.496124421994975e+31
-8.70404117499142e+31
-6.420856061479482e+31
-7.415283823488968e+31
-6.835992630570361e+31
-7.911928737497599e+31
-8.169248189354881e+31
-9.252168900461344e+31
-8.730261507000865e+31
-9.912064220520959e+31
-7.149127885096673e+31
-8.06143696831908e+31
-7.742837140797813e+31
-8.753790315624532e+31
-6.103097125225256e+31
-6.851595064430304e+31
-6.707849010114116e+31
-7.550361500653217e+31
-4.862954295563997e+31
-5.571537902632485e+31
-5.323306035017917e+31
-6.113543834306615e+31
-5.65738602124178e+31
-6.507794437644763e+31
-6.102734818171154e+31
-7.03661700363831e+31
-4.293009386387799e+31
-5.068165978425346e+31
-4.61505294455685e+31
-5.459250859890262e+31
-3.712097468562206e+31
-4.367290956792208e+31
-4.049409629196406e+31
-4.773886481075573e+31
-2.668845464795854e+31
-3.260725742766167e+31
-2.903461123828254e+31
-3.552956174149682e+31
-3.072247955010295e+31
-3.763570175289056e+31
-3.293763501382345e+31
-4.041053408298213e+31
-3.450664943261363e+31
-4.237900898285628e+31
-3.652951407377834e+31
-4.491686600412638e+31
-4.843998036803763e+31
-5.737914099967511e+31
-5.140716522110261e+31
-6.100176872540217e+31
-5.347410988480958e+31
-6.352913525500253e+31
-5.609199744644347e+31
-6.672448334526193e+31
-3.793303356749896e+31
-4.667824023482434e+31
-3.970577713528802e+31
-4.888976644610463e+31
-2.464604054214367e+31
-3.207593591792989e+31
-2.576541281385416e+31
-3.352017064105246e+31
-1.362994113988376e+31
-1.972269726897479e+31
-1.425317394825945e+31
-2.057859139375441e+31
-1.242136105127578e+31
-1.803234237994088e+31
-1.313708209864609e+31
-1.903485859308412e+31
-2.247625681334117e+31
-2.924350003753456e+31
-2.375927729172548e+31
-3.091917829740039e+31
-2.006598353446113e+31
-2.60790556950268e+31
-2.147829109292549e+31
-2.793324871466171e+31
-1.747642516143576e+31
-2.268341922026643e+31
-1.898378380266398e+31
-2.465935677788618e+31
-9.633585296866965e+30
-1.404336731003961e+31
-1.047258860986473e+31
-1.525301959934898e+31
-1.107779100131266e+31
-1.612039410422318e+31
-1.186476562487201e+31
-1.724251631916276e+31
-3.968332063871261e+30
-7.914368009238336e+30
-4.301834703027087e+30
-8.46766228978081e+30
-3.362984716717255e+30
-6.873280948618662e+30
-3.713902326339639e+30
-7.479199935940871e+30
5.204873516680397e+29
-1.529921807605321e+30
4.785463034261745e+29
-1.683322247141089e+30
4.510504249507726e+29
-1.796754213111803e+30
4.149192972505035e+29
-1.94023721682228e+30
3.905830999500284e+29
-2.040881567724253e+30
3.60299562070434e+29
-2.170601225240365e+30
-4.535484548681934e+30
-8.856326768689028e+30
-4.838639288774709e+30
-9.345548638783593e+30
-5.04431714415793e+30
-9.679138078999141e+30
-5.306232430719149e+30
-1.009450784976166e+31
3.394659612151596e+29
-2.256956326836852e+30
3.149248848258795e+29
-2.369007750701961e+30
2.978802748232839e+29
-2.439714460253673e+30
2.789469463079669e+29
-2.530615490445216e+30
2.659332828345315e+29
-2.584572217065873e+30
2.524917065180735e+29
-2.651520033871807e+30
-5.823017192395226e+30
-1.090703685299289e+31
-5.978842319286298e+30
-1.115035685037557e+31
-5.477956620086907e+30
-1.036694043525e+31
-5.690027888231843e+30
-1.069988323675177e+31
-1.46677512744082e+31
-2.114535740870169e+31
-1.517757068577006e+31
-2.183299716893255e+31
-2.651486672203885e+31
-3.448393524004882e+31
-2.743508870423045e+31
-3.56518842020728e+31
-2.802277461831857e+31
-3.639284798293973e+31
-2.870961251613037e+31
-3.72501725056159e+31
-1.550092908731027e+31
-2.22657364721266e+31
-1.587908935056995e+31
-2.276858461599951e+31
-1.61007820928175e+31
-2.305982479837587e+31
-1.633340524560702e+31
-2.336618427059045e+31
-2.911449495656585e+31
-3.775033400753075e+31
-2.953929739599246e+31
-3.827359741574215e+31
-2.974586049595024e+31
-3.852486723797577e+31
-2.988966631490743e+31
-3.870072108702976e+31
-1.644612701916574e+31
-2.351241360300959e+31
-1.652463225397789e+31
-2.361530632289261e+31
-6.210629129533992e+30
-1.150784694085734e+31
-6.242638460582974e+30
-1.155764628522688e+31
-6.069504180677381e+30
-1.128963820979251e+31
-6.164696477383113e+30
-1.14378900055902e+31
2.43702280432267e+29
-2.687920480750408e+30
2.35669602725277e+29
-2.728895656066797e+30
2.312399427128595e+29
-2.747221605935305e+30
2.285676741248726e+29
-2.761014097310396e+30
