FiniteElementSpace
FiniteElementCollection: L2_2D_P1
VDim: 1
Ordering: 0

4.100263496065312e+34
3.29208136337775e+33
3.292081363377748e+33
1.100815827932126e+32
1.82166038875433e+33
1.618555382431387e+33
2.787607081594358e+33
9.924609408796212e+32
1.872813547092479e+33
3.425456445428846e+32
3.425456445428822e+32
-5.055435560733962e+31
1.821660388754333e+33
2.787607081594367e+33
1.618555382431378e+33
9.92460940879614e+32
7.723199262756765e+31
-2.078262474619755e+31
-1.044603726737179e+32
-1.117969251021974e+32
-1.681682809902767e+32
-1.789557323866985e+32
-2.259466955564114e+32
-2.307691149985402e+32
-1.954029187275806e+32
-2.197292956064865e+32
-2.36420583921241e+32
-2.403888371536762e+32
-3.835374445134386e+31
-7.354572784453553e+31
-1.314493372693706e+32
-1.789240118679398e+32
-1.369819688562719e+32
-2.146157779872339e+32
-2.146157779872177e+32
-2.348666957920714e+32
-2.310241141316317e+32
-2.367093380004487e+32
-2.410002620017705e+32
-2.388291416074063e+32
-2.381495123283476e+32
-2.35487240873459e+32
-2.354872408734624e+32
-2.27009665363215e+32
-2.310241141316517e+32
-2.410002620017665e+32
-2.367093380004506e+32
-2.388291416073971e+32
-1.954029187276201e+32
-2.364205839212911e+32
-2.19729295606527e+32
-2.403888371536919e+32
-3.835374445135366e+31
-1.31449337269395e+32
-7.35457278445421e+31
-1.789240118679661e+32
7.723199262755658e+31
-1.044603726737409e+32
-2.07826247462054e+31
-1.117969251022257e+32
-1.681682809903258e+32
-2.259466955564721e+32
-1.789557323867445e+32
-2.307691149986006e+32
-2.441123319514836e+32
-2.356667413291387e+32
-2.429327150165811e+32
-2.351767978444809e+32
-2.418663823439228e+32
-2.340019165185528e+32
-2.389659191205962e+32
-2.315955501883758e+32
-2.26539164109853e+32
-2.091413709091798e+32
-2.223876096004721e+32
-2.049815301855061e+32
-2.298871985245255e+32
-2.125483353987443e+32
-2.286162937829886e+32
-2.111471414533198e+32
-1.988899495604704e+32
-1.792978428076951e+32
-1.975350092464144e+32
-1.780734124936923e+32
-1.648831645745355e+32
-1.461834605865044e+32
-1.638094715822877e+32
-1.452205507969811e+32
-1.622464079426475e+32
-1.438393196374922e+32
-1.59071883204594e+32
-1.41046722420185e+32
-1.95559342413561e+32
-1.763075008642272e+32
-1.915702104421713e+32
-1.727354566874965e+32
-1.877376852195062e+32
-1.693191414353154e+32
-1.813304313335394e+32
-1.636466131051031e+32
-1.560134062182583e+32
-1.383925798425332e+32
-1.509200101818953e+32
-1.340009953798141e+32
-1.465613930149461e+32
-1.30257635292554e+32
-1.398891230156962e+32
-1.245478213936103e+32
-1.758514547748489e+32
-1.587980717165415e+32
-1.674101866668011e+32
-1.513898683593083e+32
-2.046022857132633e+32
-1.882597332342326e+32
-1.946398504987915e+32
-1.791415402097328e+32
-2.181489757316591e+32
-2.009400589073933e+32
-2.108358807615573e+32
-1.941513954934901e+32
-2.375247296965075e+32
-2.284790121929364e+32
-2.327310788253533e+32
-2.220069871417852e+32
-2.279919805003678e+32
-2.158796846909387e+32
-2.184918083691933e+32
-2.056443817149924e+32
-2.101276631122629e+32
-1.972241461575324e+32
-1.972241461575308e+32
-1.846083521915138e+32
-1.866599073319529e+32
-1.74770665150034e+32
-1.717851425805241e+32
-1.610176667748403e+32
-1.656381581141808e+32
-1.527586780016882e+32
-1.527586780016898e+32
-1.411338051637616e+32
-1.866599073319528e+32
-1.717851425805215e+32
-1.747706651500333e+32
-1.610176667748381e+32
-1.606502065899241e+32
-1.454345781704626e+32
-1.507642122557784e+32
-1.367697737965355e+32
-1.345290620927649e+32
-1.199440139693207e+32
-1.267087999132166e+32
-1.132320164139752e+32
-1.206790947559273e+32
-1.08025142254781e+32
-1.121569854163e+32
-1.006593243324307e+32
-1.431895356306771e+32
-1.300947876251584e+32
-1.325048372567965e+32
-1.206930617387675e+32
-1.24576309139432e+32
-1.136753501839959e+32
-1.13675350183998e+32
-1.040115070831655e+32
-1.057807499721675e+32
-9.511117046820304e+31
-9.696929745391044e+31
-8.743046491543072e+31
-9.053070017051415e+31
-8.177815117293087e+31
-8.177815117292786e+31
-7.407643655168271e+31
-1.057807499721722e+32
-9.696929745391176e+31
-9.511117046820361e+31
-8.743046491542713e+31
-1.206790947559329e+32
-1.121569854163082e+32
-1.080251422547924e+32
-1.006593243324359e+32
-1.431895356306781e+32
-1.32504837256796e+32
-1.300947876251582e+32
-1.206930617387699e+32
-1.606502065899265e+32
-1.507642122557801e+32
-1.454345781704628e+32
-1.367697737965358e+32
-1.345290620927644e+32
-1.267087999132192e+32
-1.199440139693292e+32
-1.132320164139871e+32
-1.465613930149386e+32
-1.39889123015692e+32
-1.302576352925515e+32
-1.245478213936155e+32
-1.560134062182493e+32
-1.509200101818851e+32
-1.383925798425208e+32
-1.34000995379808e+32
-1.877376852195028e+32
-1.81330431333541e+32
-1.693191414353191e+32
-1.636466131051036e+32
-1.758514547748505e+32
-1.674101866668029e+32
-1.58798071716541e+32
-1.513898683593079e+32
-2.046022857132583e+32
-1.946398504987894e+32
-1.882597332342352e+32
-1.79141540209737e+32
-2.279919805003699e+32
-2.184918083691937e+32
-2.158796846909356e+32
-2.056443817149892e+32
-2.375247296965258e+32
-2.327310788253602e+32
-2.284790121929452e+32
-2.220069871417844e+32
-2.181489757316555e+32
-2.108358807615489e+32
-2.009400589073888e+32
-1.941513954934903e+32
-2.265391641098684e+32
-2.223876096004726e+32
-2.091413709091737e+32
-2.049815301854992e+32
-2.418663823439322e+32
-2.389659191206201e+32
-2.340019165185864e+32
-2.315955501883953e+32
-2.441123319514766e+32
-2.429327150165827e+32
-2.356667413291751e+32
-2.351767978445147e+32
-2.298871985245614e+32
-2.286162937830146e+32
-2.125483353987466e+32
-2.111471414533166e+32
-1.988899495604459e+32
-1.975350092463951e+32
-1.792978428076922e+32
-1.78073412493692e+32
-1.955593424135467e+32
-1.915702104421621e+32
-1.763075008642292e+32
-1.727354566874996e+32
-1.622464079426416e+32
-1.590718832045855e+32
-1.438393196374726e+32
-1.410467224201699e+32
-1.648831645745321e+32
-1.638094715822825e+32
-1.461834605864773e+32
-1.452205507969587e+32
