FiniteElementSpace
FiniteElementCollection: L2_2D_P3
VDim: 1
Ordering: 0

4.077181092716123e+64
2.253708659289604e+64
-2.13384833581815e+63
-5.961188428401601e+62
4.081408146136945e+64
2.478323051442502e+64
-1.772201530646054e+63
-6.735767931833595e+62
4.059978237015785e+64
2.650762359899649e+64
-1.393742146927233e+63
-7.63638545733866e+62
4.046703277334849e+64
2.701427760761094e+64
-1.261819785922297e+63
-7.956388690733045e+62
2.701150347962718e+64
8.86045751964593e+63
-3.764167633198824e+63
5.114307398748356e+61
3.2677125690538e+64
1.30037315849469e+64
-3.44727988868319e+63
-1.497612413364381e+62
3.808454155414812e+64
1.787101540793051e+64
-2.837259700402272e+63
-3.970214815853348e+62
4.014191875045204e+64
2.110531440386793e+64
-2.378531096030147e+63
-5.309297179820221e+62
-4.054862732504257e+64
8.956654749870699e+63
4.069133904446918e+64
3.649517667834885e+64
-9.09261915105892e+64
-2.504037177582603e+64
3.333931072922911e+64
4.097803476148472e+64
-1.390017192865095e+65
-7.274117766183668e+64
1.55397424589419e+64
4.253988565094085e+64
-1.497371198516945e+65
-1.042089556924503e+65
-9.47685316825695e+62
4.069986263618966e+64
-1.460715199005997e+65
-1.168924979664069e+65
-9.882150759700531e+63
3.938839596743403e+64
-1.264982663363552e+65
-1.334188222521876e+65
-2.461046612367108e+64
3.626571898125693e+64
-9.83973976340111e+64
-1.426664331182515e+65
-3.825870343228206e+64
3.316153836262223e+64
-8.712787341353683e+64
-1.442796204026014e+65
-4.280328531156117e+64
3.199603252061684e+64
