FiniteElementSpace
FiniteElementCollection: L2_2D_P3
VDim: 1
Ordering: 0

1.0000684e+17
1.0001776e+17
1.0002745e+17
1.0003258e+17
1.0000684e+17
1.0001776e+17
1.0002745e+17
1.0003258e+17
1.0000684e+17
1.0001776e+17
1.0002745e+17
1.0003258e+17
1.0000684e+17
1.0001776e+17
1.0002745e+17
1.0003258e+17
9.9909565e+16
9.9947723e+16
9.9981616e+16
9.9999605e+16
9.9909565e+16
9.9947723e+16
9.9981616e+16
9.9999605e+16
9.9909565e+16
9.9947723e+16
9.9981616e+16
9.9999605e+16
9.9909565e+16
9.9947723e+16
9.9981616e+16
9.9999605e+16
9.9909565e+16
9.9947723e+16
9.9981616e+16
9.9999605e+16
9.9909565e+16
9.9947723e+16
9.9981616e+16
9.9999605e+16
9.9909565e+16
9.9947723e+16
9.9981616e+16
9.9999605e+16
9.9909565e+16
9.9947723e+16
9.9981616e+16
9.9999605e+16
9.9909565e+16
9.9947723e+16
9.9981616e+16
9.9999605e+16
9.9909565e+16
9.9947723e+16
9.9981616e+16
9.9999605e+16
9.9909565e+16
9.9947723e+16
9.9981616e+16
9.9999605e+16
9.9909565e+16
9.9947723e+16
9.9981616e+16
9.9999605e+16
1.0000684e+17
1.0001776e+17
1.0002745e+17
1.0003258e+17
1.0000684e+17
1.0001776e+17
1.0002745e+17
1.0003258e+17
1.0000684e+17
1.0001776e+17
1.0002745e+17
1.0003258e+17
1.0000684e+17
1.0001776e+17
1.0002745e+17
1.0003258e+17
1.0000684e+17
1.0001776e+17
1.0002745e+17
1.0003258e+17
1.0000684e+17
1.0001776e+17
1.0002745e+17
1.0003258e+17
1.0000684e+17
1.0001776e+17
1.0002745e+17
1.0003258e+17
1.0000684e+17
1.0001776e+17
1.0002745e+17
1.0003258e+17
1.0003464e+17
1.0003774e+17
1.0004045e+17
1.0004186e+17
1.0003464e+17
1.0003774e+17
1.0004045e+17
1.0004186e+17
1.0003464e+17
1.0003774e+17
1.0004045e+17
1.0004186e+17
1.0003464e+17
1.0003774e+17
1.0004045e+17
1.0004186e+17
