FiniteElementSpace
FiniteElementCollection: L2_2D_P3
VDim: 1
Ordering: 0

-19799.451
-16664.023
-13423.899
-11367.014
-19799.451
-16664.023
-13423.899
-11367.014
-19799.451
-16664.023
-13423.899
-11367.014
-19799.451
-16664.023
-13423.899
-11367.014
-19799.451
-16664.023
-13423.899
-11367.014
-19799.451
-16664.023
-13423.899
-11367.014
-19799.451
-16664.023
-13423.899
-11367.014
-19799.451
-16664.023
-13423.899
-11367.014
-19799.447
-16664.027
-13423.891
-11367.041
-19799.447
-16664.027
-13423.891
-11367.041
-19799.447
-16664.027
-13423.891
-11367.041
-19799.447
-16664.027
-13423.891
-11367.041
-10406.192
-8822.7445
-7115.1394
-6036.278
-10406.192
-8822.7445
-7115.1394
-6036.278
-10406.192
-8822.7445
-7115.1394
-6036.278
-10406.192
-8822.7445
-7115.1394
-6036.278
-10406.521
-8822.6615
-7115.1782
-6036.2589
-10406.521
-8822.6615
-7115.1782
-6036.2589
-10406.521
-8822.6615
-7115.1782
-6036.2589
-10406.521
-8822.6615
-7115.1782
-6036.2589
-19799.506
-16663.962
-13424.008
-11366.677
-19799.506
-16663.962
-13424.008
-11366.677
-19799.506
-16663.962
-13424.008
-11366.677
-19799.506
-16663.962
-13424.008
-11366.677
-19799.451
-16664.023
-13423.899
-11367.015
-19799.451
-16664.023
-13423.899
-11367.015
-19799.451
-16664.023
-13423.899
-11367.015
-19799.451
-16664.023
-13423.899
-11367.015
