FiniteElementSpace
FiniteElementCollection: L2_2D_P3
VDim: 1
Ordering: 0

8.9413934e-40
-2.2073831e-39
4.9993942e-39
-1.8894601e-38
8.9413934e-40
-2.2073831e-39
4.9993942e-39
-1.8894601e-38
8.9413934e-40
-2.2073831e-39
4.9993942e-39
-1.8894601e-38
8.9413934e-40
-2.2073831e-39
4.9993942e-39
-1.8894601e-38
-7.8138579e-38
1.8985572e-37
-4.3007504e-37
1.6271932e-36
-7.8138579e-38
1.8985572e-37
-4.3007504e-37
1.6271932e-36
-7.8138579e-38
1.8985572e-37
-4.3007504e-37
1.6271932e-36
-7.8138579e-38
1.8985572e-37
-4.3007504e-37
1.6271932e-36
7.8521356e-36
-1.8631854e-35
4.2175957e-35
-1.5970921e-34
7.8521356e-36
-1.8631854e-35
4.2175957e-35
-1.5970921e-34
7.8521356e-36
-1.8631854e-35
4.2175957e-35
-1.5970921e-34
7.8521356e-36
-1.8631854e-35
4.2175957e-35
-1.5970921e-34
-8.8629679e-34
2.064202e-33
-4.6716142e-33
1.7707562e-32
-8.8629679e-34
2.064202e-33
-4.6716142e-33
1.7707562e-32
-8.8629679e-34
2.064202e-33
-4.6716142e-33
1.7707562e-32
-8.8629679e-34
2.064202e-33
-4.6716142e-33
1.7707562e-32
1.0513149e-31
-2.4307263e-31
5.5069044e-31
-2.0901235e-30
1.0513149e-31
-2.4307263e-31
5.5069044e-31
-2.0901235e-30
1.0513149e-31
-2.4307263e-31
5.5069044e-31
-2.0901235e-30
1.0513149e-31
-2.4307263e-31
5.5069044e-31
-2.0901235e-30
-1.2374223e-29
2.8669219e-29
-6.5089679e-29
2.4744207e-28
-1.2374223e-29
2.8669219e-29
-6.5089679e-29
2.4744207e-28
-1.2374223e-29
2.8669219e-29
-6.5089679e-29
2.4744207e-28
-1.2374223e-29
2.8669219e-29
-6.5089679e-29
2.4744207e-28
1.3993599e-27
-3.2673789e-27
7.4388534e-27
-2.8329588e-26
1.3993599e-27
-3.2673789e-27
7.4388534e-27
-2.8329588e-26
1.3993599e-27
-3.2673789e-27
7.4388534e-27
-2.8329588e-26
1.3993599e-27
-3.2673789e-27
7.4388534e-27
-2.8329588e-26
-1.4978968e-25
3.5363845e-25
-8.0767661e-25
3.0816786e-24
-1.4978968e-25
3.5363845e-25
-8.0767661e-25
3.0816786e-24
-1.4978968e-25
3.5363845e-25
-8.0767661e-25
3.0816786e-24
-1.4978968e-25
3.5363845e-25
-8.0767661e-25
3.0816786e-24
