FiniteElementSpace
FiniteElementCollection: L2_2D_P3
VDim: 1
Ordering: 0

-7.0109275e-207
1.3465602e-206
-2.4411159e-206
4.5619347e-208
-7.0109275e-207
1.3465602e-206
-2.4411159e-206
4.5619347e-208
-7.0109275e-207
1.3465602e-206
-2.4411159e-206
4.5619347e-208
-7.0109275e-207
1.3465602e-206
-2.4411159e-206
4.5619347e-208
3.6291764e-204
-5.663738e-204
3.8176831e-204
1.9578595e-202
3.6291764e-204
-5.663738e-204
3.8176831e-204
1.9578595e-202
3.6291764e-204
-5.663738e-204
3.8176831e-204
1.9578595e-202
3.6291764e-204
-5.663738e-204
3.8176831e-204
1.9578595e-202
3.7297396e-201
-7.6294748e-201
1.6121332e-200
-6.9824735e-200
3.7297396e-201
-7.6294748e-201
1.6121332e-200
-6.9824735e-200
3.7297396e-201
-7.6294748e-201
1.6121332e-200
-6.9824735e-200
3.7297396e-201
-7.6294748e-201
1.6121332e-200
-6.9824735e-200
-3.9102818e-198
6.7436977e-198
-8.4385252e-198
-1.1487036e-196
-3.9102818e-198
6.7436977e-198
-8.4385252e-198
-1.1487036e-196
-3.9102818e-198
6.7436977e-198
-8.4385252e-198
-1.1487036e-196
-3.9102818e-198
6.7436977e-198
-8.4385252e-198
-1.1487036e-196
-1.2652783e-195
3.0337605e-195
-8.4657683e-195
9.0216614e-194
-1.2652783e-195
3.0337605e-195
-8.4657683e-195
9.0216614e-194
-1.2652783e-195
3.0337605e-195
-8.4657683e-195
9.0216614e-194
-1.2652783e-195
3.0337605e-195
-8.4657683e-195
9.0216614e-194
3.2127753e-192
-5.8420508e-192
8.9599323e-192
4.9408478e-191
3.2127753e-192
-5.8420508e-192
8.9599323e-192
4.9408478e-191
3.2127753e-192
-5.8420508e-192
8.9599323e-192
4.9408478e-191
3.2127753e-192
-5.8420508e-192
8.9599323e-192
4.9408478e-191
-2.412448e-190
-7.8475126e-191
2.8056196e-189
-8.0946221e-188
-2.412448e-190
-7.8475126e-191
2.8056196e-189
-8.0946221e-188
-2.412448e-190
-7.8475126e-191
2.8056196e-189
-8.0946221e-188
-2.412448e-190
-7.8475126e-191
2.8056196e-189
-8.0946221e-188
-2.1681718e-186
4.1251405e-186
-7.2713038e-186
-6.1966002e-186
-2.1681718e-186
4.1251405e-186
-7.2713038e-186
-6.1966002e-186
-2.1681718e-186
4.1251405e-186
-7.2713038e-186
-6.1966002e-186
-2.1681718e-186
4.1251405e-186
-7.2713038e-186
-6.1966002e-186
