FiniteElementSpace
FiniteElementCollection: L2_2D_P3
VDim: 1
Ordering: 0

0.0026884951
0.0019337224
0.00095169175
0.00020017957
0.0026706981
0.0019207059
0.00094519917
0.00019880831
0.0026401766
0.0018984773
0.00093414896
0.00019647684
0.0026162779
0.0018811145
0.0009255344
0.00019466035
0.0056158903
0.0048470313
0.0038508526
0.0030917467
0.0055830328
0.0048174468
0.003826293
0.0030715104
0.0055247921
0.0047656144
0.0037837655
0.0030367046
0.0054783411
0.0047245378
0.003750283
0.0030094062
0.00566851
0.0048974739
0.0038952584
0.0031295254
0.005664603
0.004892744
0.0038903309
0.0031249948
0.0056490409
0.0048775789
0.003876789
0.003113389
0.0056291783
0.0048591566
0.0038610512
0.0031002126
0.0027221675
0.0019588279
0.00096440219
0.0002028761
0.0027180059
0.0019555952
0.00096271538
0.00020251508
0.0027076307
0.001947827
0.00095876993
0.00020167725
0.002695964
0.0019392102
0.00095443886
0.0002007604
0.0027125773
0.001952869
0.00096184528
0.00020236265
0.0027184993
0.001956883
0.00096372254
0.00020275114
0.0027227845
0.0019596446
0.00096495344
0.00020300173
0.0027231217
0.0019596431
0.00096485501
0.00020297469
0.0026738619
0.0019259378
0.00094895723
0.00019967552
0.0026858824
0.0019343517
0.00095300532
0.00020052097
0.0026997337
0.0019440038
0.00095763136
0.00020148596
0.0027085898
0.0019501312
0.00096054997
0.00020209357
0.0055305486
0.004788914
0.0038180679
0.0030719993
0.0055602951
0.0048132721
0.0038362863
0.0030860699
0.0055954368
0.0048418412
0.0038574664
0.0031023297
0.0056187812
0.0048606149
0.0038711974
0.0031127723
0.0056297131
0.0048693118
0.0038774708
0.0031174966
0.0056469888
0.0048828307
0.0038870122
0.0031245683
0.0056623455
0.0048942678
0.0038945331
0.0031298378
0.0056679268
0.0048977015
0.003896069
0.0031304855
0.0085485411
0.0077880267
0.0067956085
0.0060350002
0.0085879715
0.0078202982
0.006820096
0.0060545691
0.0086283992
0.0078523963
0.0068433441
0.0060723919
0.0086497978
0.007868316
0.0068536399
0.0060794027
0.0083481319
0.0076192352
0.0066621891
0.0059247354
0.0084060166
0.0076684511
0.0067015959
0.005957634
0.0084763152
0.0077278091
0.006748678
0.005996652
0.0085249086
0.0077684423
0.0067804762
0.0060227221
0.011095791
0.010388736
0.0094561681
0.0087346989
0.011198458
0.010477746
0.0095295647
0.0087976548
0.011326068
0.010587778
0.0096195944
0.0088743851
0.011417096
0.010665698
0.0096826862
0.008927687
0.01146262
0.010704421
0.0097137522
0.0089537262
0.011541453
0.01077093
0.0097664613
0.0089974399
0.011629315
0.010843763
0.0098226456
0.0090429135
0.011683431
0.010887336
0.0098547008
0.0090676905
0.011707073
0.010905756
0.0098674848
0.0090769687
0.011740564
0.010930278
0.0098824788
0.009086165
0.011761235
0.010941045
0.0098830775
0.0090808748
0.01175898
0.010932708
0.0098688197
0.0090634714
0.0086574706
0.0078734285
0.0068562127
0.0060805676
0.0086640627
0.0078759688
0.0068549448
0.0060773751
0.0086562481
0.0078644728
0.0068405137
0.0060619499
0.0086376168
0.0078443079
0.0068197109
0.0060415737
0.0086233055
0.0078296459
0.0068052852
0.0060277952
0.00858423
0.0077910513
0.0067685992
0.0059934315
0.008509341
0.0077190721
0.006702023
0.0059320737
0.0084471714
0.0076601153
0.0066482519
0.0058829425
0.011751362
0.010922419
0.0098560765
0.0090495562
0.011720325
0.010887574
0.0098181668
0.0090106106
0.011646696
0.010811459
0.0097412078
0.0089346559
0.011579899
0.010744528
0.0096755929
0.0088710742
0.015038905
0.014164882
0.013043361
0.012197501
0.015036654
0.014152714
0.013020922
0.012169057
0.014990503
0.014096335
0.012954593
0.012097464
0.014935408
0.014036271
0.012890172
0.012031181
0.01482965
0.014008613
0.0129452
0.012136136
0.014913592
0.014076695
0.012995578
0.012175048
0.014992624
0.01413707
0.013035412
0.01220181
0.015028642
0.014160578
0.013045397
0.012203392
0.018027285
0.017187567
0.016098314
0.015269289
0.018193564
0.017328828
0.016210816
0.015362552
0.018371629
0.017476523
0.016323866
0.015452635
0.018475938
0.017559648
0.016383056
0.015496136
0.018519504
0.017592787
0.016404504
0.015509994
0.01857485
0.017629837
0.016421288
0.01551381
0.018592977
0.017626978
0.016395705
0.015474107
0.018572741
0.017594971
0.016351301
0.015422286
0.022213174
0.021235069
0.019969234
0.019018825
0.02236495
0.021357575
0.020057827
0.019084959
0.022498108
0.021455199
0.020114892
0.019115618
0.022545287
0.021481154
0.020117021
0.019102517
0.026082189
0.025143477
0.023748181
0.022732268
0.026377582
0.025400432
0.023951817
0.022900669
0.026692737
0.025665647
0.024149179
0.023054201
0.026854557
0.025794728
0.024235471
0.023113672
0.024540759
0.023763915
0.02259495
0.021730894
0.025000446
0.024178774
0.022947056
0.022040766
0.025542148
0.024664564
0.0233546
0.022395747
0.025907209
0.024989112
0.023622557
0.02262582
0.021284502
0.020435925
0.019323029
0.018476113
0.021574079
0.020689202
0.019533164
0.018656828
0.021903867
0.020974053
0.019764866
0.018852496
0.022115849
0.021153896
0.019906938
0.018969153
0.019938883
0.019241433
0.018309089
0.01758613
0.020318989
0.019580722
0.018599526
0.017842943
0.020786458
0.019996275
0.018953019
0.018153797
0.021118349
0.020289706
0.019200559
0.018369884
0.022489583
0.021898812
0.020989978
0.020301012
0.023060143
0.022419107
0.021440061
0.020703857
0.023769877
0.023064947
0.021996586
0.021200264
0.024281393
0.023529114
0.022394523
0.02155361
0.020180938
0.019787709
0.019154364
0.018650486
0.02079107
0.020346292
0.01964112
0.019089027
0.021582211
0.021069973
0.020270742
0.019655464
0.022177941
0.021614311
0.020743369
0.020079886
0.018377412
0.017839876
0.017099138
0.016508307
0.018792762
0.018213581
0.017422929
0.016797654
0.0193288
0.018695028
0.017838956
0.017168558
0.019730022
0.019054593
0.01814862
0.017443825
0.016186076
0.015567585
0.014736329
0.014082897
0.016458351
0.015809933
0.014943577
0.014266089
0.016806901
0.016119322
0.015207093
0.014498215
0.017065139
0.016347755
0.01540067
0.014667988
0.017198456
0.016465352
0.015499907
0.014754708
0.017438646
0.016676494
0.015677176
0.014908929
0.017728451
0.01692958
0.015887574
0.015090389
0.017929043
0.017103202
0.016029965
0.015211707
0.014356063
0.013605491
0.012622175
0.011866155
0.01449897
0.013728868
0.012723189
0.011952228
0.014666265
0.013871788
0.012838353
0.012048971
0.014777304
0.013965212
0.012911856
0.012109364
0.013729479
0.013057326
0.01216451
0.011469529
0.013900793
0.013208005
0.012291291
0.011580123
0.014117442
0.013397803
0.012450074
0.011717964
0.014275498
0.013535566
0.012564472
0.011816647
0.013070319
0.012474316
0.011670024
0.011035277
0.013238551
0.012623498
0.01179702
0.011147144
0.013463368
0.012822481
0.011965959
0.011295627
0.013637153
0.012975944
0.012095823
0.011409455
0.01249406
0.011961928
0.011232156
0.010648344
0.012630399
0.012083321
0.011336094
0.010740338
0.012824239
0.012255745
0.011483526
0.01087068
0.012982887
0.012396703
0.011603854
0.010976918
0.014271037
0.013853395
0.013258238
0.012767128
0.014479622
0.014040661
0.013420415
0.01291203
0.014777067
0.014307523
0.013651296
0.013118143
0.015021394
0.014526549
0.013840564
0.013286934
0.015156423
0.014647518
0.013945
0.013379998
0.015417097
0.014880877
0.014146245
0.013559162
0.015767501
0.015194145
0.014415877
0.013798811
0.016040315
0.01543765
0.014624967
0.013984276
0.016824658
0.016439349
0.015881066
0.015416189
0.017215648
0.016792416
0.016188683
0.015692429
0.017743281
0.017268475
0.016602928
0.016063998
0.018156044
0.017640512
0.016926148
0.016353521
0.017914731
0.017710611
0.017340411
0.017012945
0.018483671
0.018232343
0.0177965
0.017425061
0.019253079
0.018937653
0.018412633
0.017981419
0.019856584
0.019490625
0.018895259
0.018416865
0.015998582
0.015952616
0.015802125
0.015621693
0.016448103
0.016365129
0.016163252
0.015948452
0.017091008
0.016955014
0.01667949
0.016415411
0.017621
0.017441201
0.017104806
0.016799978
0.015504002
0.015245386
0.0148389
0.014478817
0.015814264
0.015526049
0.015084105
0.014699545
0.016257566
0.015926895
0.015434085
0.015014411
0.016622565
0.016256773
0.015721879
0.01527315
0.014606617
0.014433171
0.014128692
0.013839013
0.014791126
0.014600217
0.014274826
0.013970715
0.015085888
0.014867031
0.014508168
0.014180956
0.015350359
0.015106369
0.014717404
0.014369415
0.014700042
0.014760756
0.014758307
0.014676831
0.014966856
0.015005674
0.014972849
0.014871077
0.015393282
0.015397082
0.015315667
0.015181418
0.015776094
0.015748428
0.015623342
0.015459898
0.014203551
0.014304985
0.014359012
0.014315263
0.014249571
0.014347233
0.014396027
0.014348784
0.01439885
0.01448427
0.01451609
0.014457507
0.014580231
0.014650775
0.01466196
0.014589593
0.014263142
0.014122148
0.013856526
0.013593661
0.014294987
0.014150988
0.013881767
0.01361642
0.014398272
0.01424452
0.013963622
0.013690217
0.014523747
0.014358138
0.014063043
0.013779839
0.013434111
0.013101154
0.012605677
0.012183242
0.013455638
0.013120518
0.012622495
0.012198305
0.013525438
0.013183298
0.012677012
0.012247127
0.0136102
0.013259526
0.012743192
0.012306384
0.013666161
0.013309846
0.012786872
0.012345488
0.013790703
0.013421816
0.012884043
0.012432463
0.013989484
0.013600474
0.013039015
0.012571116
0.014167635
0.013760527
0.013177766
0.012695194
0.012097078
0.011608004
0.010928563
0.010379231
0.012178994
0.011681087
0.010991315
0.010434902
0.012309555
0.011797515
0.011091221
0.010523487
0.012426359
0.011901616
0.011180478
0.010602576
0.01194423
0.011471577
0.010811344
0.010275185
0.011958423
0.011484248
0.010822236
0.010284856
0.01200442
0.01152531
0.010857524
0.010316184
0.012060242
0.011575133
0.010900329
0.010354177
0.0099797312
0.009408497
0.0086331543
0.0080183838
0.0099887985
0.0094165125
0.0086399439
0.0080243346
0.010018168
0.0094424705
0.0086619263
0.0080435976
0.01005378
0.0094739385
0.0086885656
0.0080669351
0.0076842294
0.0070460398
0.0061938156
0.0055276144
0.0076897656
0.0070508538
0.0061977857
0.0055310037
0.0077076848
0.0070664322
0.0062106299
0.0055419668
0.0077293911
0.0070852979
0.0062261789
0.0055552352
0.0077436915
0.007097724
0.0062364173
0.0055639699
0.0077754246
0.007125289
0.00625912
0.0055833324
0.0078257873
0.0071690092
0.006295099
0.0056139994
0.0078706059
0.007207886
0.0063270598
0.0056412211
0.010077263
0.0094946836
0.0087061222
0.0080823121
0.010129433
0.0095407587
0.0087451001
0.0081164401
0.010212422
0.0096140101
0.0088070196
0.0081706216
0.010286488
0.0096793389
0.0088621883
0.0082188587
0.010329337
0.0097171116
0.008894062
0.0082467107
0.010415434
0.0097929572
0.0089580037
0.0083025438
0.010537344
0.009900223
0.0090482843
0.008381272
0.010636635
0.0099874576
0.0091215578
0.0084450671
0.010691145
0.010035294
0.0091616754
0.0084799512
0.010795564
0.010126805
0.0092382766
0.0085464605
0.010933987
0.010247822
0.0093392366
0.0086338832
0.011039942
0.010340174
0.0094159605
0.0087000954
0.0081128114
0.0074173542
0.0064985991
0.0057869037
0.0081743732
0.0074703721
0.0065417797
0.0058234252
0.0082551736
0.0075397638
0.006598088
0.0058709175
0.0083162571
0.007592037
0.0066403072
0.0059063998
0.0078964756
0.0072303122
0.0063454817
0.0056569021
0.0079483145
0.0072752173
0.0063823334
0.0056882482
0.0080213584
0.0073384061
0.0064340993
0.0057322232
0.0080804962
0.007389481
0.0064758519
0.0057676353
0.0052867347
0.0045867994
0.0036646562
0.0029523456
0.0053153555
0.0046106532
0.003682877
0.002966616
0.0053554802
0.0046440546
0.0037083549
0.0029865521
0.005387765
0.0046708903
0.0037287891
0.0030025232
0.0054053203
0.0046854653
0.0037398719
0.0030111775
0.0054385687
0.0047130303
0.0037607975
0.0030274999
0.005481742
0.0047487304
0.0037878148
0.0030485308
0.0055139374
0.0047752632
0.0038078138
0.0030640568
0.0026217296
0.0018892579
0.00093123176
0.00019596833
0.0026357384
0.0018991346
0.00093601289
0.00019696882
0.0026537713
0.0019118296
0.00094215066
0.0001982527
0.0026670674
0.0019211718
0.00094665999
0.00019919546
0.002571172
0.0018535425
0.00091391373
0.00019234248
0.0025834428
0.0018622191
0.0009181242
0.00019322423
0.002600578
0.0018743272
0.0009239967
0.00019445384
0.0026142982
0.0018840143
0.00092869176
0.0001954367
0.0025345686
0.0018276383
0.00090133405
0.00018970744
0.0025422197
0.0018330554
0.00090396573
0.00019025876
0.0025543122
0.0018416147
0.00090812285
0.00019112958
0.0025650179
0.0018491895
0.0009118007
0.00019189993
0.0052018064
0.0045159036
0.0036104011
0.0029098012
0.0052195097
0.0045306943
0.0036217312
0.0029186914
0.0052475401
0.0045541002
0.0036396494
0.0029327452
0.0052724118
0.0045748543
0.0036555248
0.0029451903
0.0051685561
0.0044881086
0.0035890956
0.0028930768
0.0051716565
0.0044907012
0.0035910837
0.0028946378
0.0051816843
0.0044990852
0.0035975116
0.0028996842
0.005193819
0.0045092284
0.0036052859
0.0029057867
0.0025201727
0.0018174427
0.0008963797
0.00018866946
0.0025215165
0.0018183946
0.00089684237
0.0001887664
0.0025258606
0.0018214716
0.00089833765
0.00018907968
0.0025311134
0.0018251916
0.00090014525
0.00018945839
