FiniteElementSpace
FiniteElementCollection: L2_2D_P3
VDim: 1
Ordering: 0

1.3297155
1.313927
1.2921293
1.274472
1.313927
1.2989326
1.2781691
1.2613061
1.2921293
1.2781691
1.2587728
1.2429818
1.274472
1.261306
1.2429817
1.228048
1.2647108
1.2457017
1.2194937
1.198295
1.2519722
1.233782
1.2086967
1.1884179
1.2342322
1.217175
1.1936635
1.1746813
1.2197714
1.2036411
1.1814268
1.163514
1.2117578
1.1961449
1.1746561
1.1573412
1.1961449
1.1815506
1.1614895
1.1453476
1.1746561
1.1614895
1.1434247
1.1289208
1.1573411
1.1453476
1.1289208
1.1157595
1.2647107
1.2519721
1.2342321
1.2197714
1.2457016
1.2337819
1.217175
1.2036411
1.2194936
1.2086966
1.1936634
1.1814267
1.1982949
1.1884178
1.1746812
1.163514
1.1865973
1.1772367
1.1642268
1.1536578
1.1638949
1.1555533
1.1439752
1.1345843
1.1328161
1.125913
1.1163544
1.1086226
1.1079096
1.1022055
1.0943275
1.087975
1.0942752
1.0892511
1.0823248
1.0767494
1.0681796
1.0645054
1.0594522
1.0553929
1.033527
1.031704
1.0292006
1.0271929
1.0068449
1.0064626
1.0059377
1.0055164
1.0736884
1.0677877
1.0598045
1.0534921
1.053168
1.0488848
1.0431018
1.0385356
1.0260933
1.0239782
1.0211245
1.0188728
1.0052857
1.0048417
1.0042427
1.0037699
1.1478185
1.1364798
1.1209664
1.1085532
1.1294016
1.1193524
1.1056376
1.0946968
1.1043648
1.0961293
1.0849366
1.0760466
1.0844839
1.077748
1.0686216
1.0613952
1.1017642
1.0887265
1.0712094
1.0574706
1.0887265
1.0772875
1.0619677
1.0499852
1.0712095
1.0619677
1.0496344
1.0400131
1.0574707
1.0499853
1.0400131
1.0322435
1.0500662
1.043535
1.0348396
1.028068
1.0360598
1.0313425
1.0250671
1.0201819
1.0176522
1.0153272
1.0122345
1.0098268
1.0035136
1.0030254
1.0023757
1.0018698
1.0244292
1.0175569
1.008533
1.0015985
1.0175569
1.0125994
1.0060891
1.0010848
1.0085329
1.0060889
1.0028785
1.00041
1.0015979
1.0010843
1.0004098
0.99989151
1.0500661
1.0360595
1.0176522
1.0035142
1.0435349
1.0313423
1.0153273
1.0030259
1.0348395
1.0250671
1.0122346
1.0023762
1.028068
1.0201819
1.0098269
1.0018704
1.0736882
1.0531678
1.0260931
1.0052862
1.0677876
1.0488846
1.023978
1.0048422
1.0598044
1.0431016
1.0211244
1.0042433
1.053492
1.0385354
1.0188727
1.0037705
1.1478186
1.1294017
1.1043648
1.0844838
1.1364798
1.1193524
1.0961292
1.0777479
1.1209663
1.1056376
1.0849366
1.0686215
1.1085532
1.0946968
1.0760465
1.0613951
1.1865975
1.163895
1.1328162
1.1079098
1.1772369
1.1555533
1.1259131
1.1022056
1.1642269
1.1439753
1.1163545
1.0943274
1.1536579
1.1345844
1.1086226
1.0879749
1.0942751
1.0681793
1.0335267
1.0068454
1.089251
1.0645051
1.0317037
1.0064631
1.0823246
1.0594519
1.0292003
1.0059382
1.0767493
1.0553926
1.0271927
1.0055169
