FiniteElementSpace
FiniteElementCollection: L2_2D_P3
VDim: 1
Ordering: 0

0.15116585
0.15122983
0.15132904
0.15140251
0.15118862
0.15125461
0.15135677
0.15143233
0.15120729
0.15127493
0.1513795
0.15145676
0.15121303
0.15128117
0.15138648
0.15146427
0.15098523
0.15102429
0.15108398
0.15113606
0.15100148
0.1510421
0.15110398
0.15115785
0.1510148
0.1510567
0.15112037
0.15117571
0.1510189
0.15106119
0.15112541
0.1511812
0.15087637
0.15090495
0.15094988
0.15098996
0.15091156
0.15094354
0.15099325
0.15103722
0.15095038
0.15098609
0.15104106
0.15108931
0.15097446
0.15101249
0.15107072
0.15112162
0.15101316
0.15106366
0.15114316
0.15120264
0.15106255
0.15111741
0.15120328
0.15126728
0.15111699
0.15117666
0.15126956
0.15133854
0.15115076
0.1512134
0.15131067
0.15138274
0.15076739
0.15079622
0.15084416
0.15088131
0.15083943
0.1508746
0.15093177
0.15097544
0.15092521
0.15096794
0.15103613
0.15108759
0.15098423
0.15103217
0.15110795
0.15116478
0.15044758
0.15044827
0.15045547
0.15046394
0.15053681
0.15054534
0.15056387
0.15058029
0.1506473
0.15066555
0.15069815
0.15072447
0.15072691
0.15075218
0.15079494
0.15082843
0.15047516
0.15046404
0.15045356
0.15044886
0.1505382
0.15053345
0.15053181
0.15053421
0.15061641
0.15061948
0.15062873
0.15063991
0.15067286
0.15068153
0.15069859
0.15071608
0.15070158
0.15071309
0.15073411
0.15075481
0.15075275
0.15076929
0.15079734
0.15082373
0.15081375
0.15083625
0.15087265
0.1509058
0.15085576
0.15088234
0.15092447
0.15096227
0.15068676
0.1506868
0.15069067
0.15069694
0.15072108
0.15072517
0.15073467
0.15074555
0.15076219
0.15077105
0.1507872
0.15080353
0.15079061
0.15080272
0.15082341
0.15084346
0.15053682
0.1505184
0.15049664
0.15048207
0.15057821
0.15056504
0.15055053
0.15054185
0.15062996
0.15062317
0.15061753
0.15061606
0.15066755
0.15066531
0.15066598
0.15066966
0.15061603
0.1505946
0.15056726
0.15054714
0.15063971
0.15062253
0.15060113
0.15058585
0.15066996
0.15065793
0.15064372
0.15063432
0.15069235
0.15068395
0.15067483
0.1506696
0.1507039
0.15069734
0.15069077
0.15068764
0.15072474
0.15072139
0.15071933
0.1507199
0.15075
0.15075042
0.15075366
0.15075858
0.15076764
0.15077063
0.15077746
0.15078535
0.15077637
0.15078059
0.15078918
0.15079851
0.15079136
0.1507977
0.15080926
0.15082105
0.15080804
0.1508167
0.15083151
0.15084598
0.15081847
0.15082854
0.15084536
0.15086148
0.15080458
0.15081828
0.15084119
0.15086306
0.15082849
0.15084488
0.15087156
0.15089653
0.15085492
0.15087426
0.15090508
0.15093344
0.15087135
0.15089252
0.1509259
0.15095636
0.15087871
0.15090069
0.1509352
0.1509666
0.15088981
0.15091302
0.15094925
0.15098206
0.15089893
0.15092313
0.15096077
0.15099474
0.15090173
0.15092624
0.15096432
0.15099864
0.15082315
0.15083386
0.15085157
0.15086843
0.15083023
0.15084189
0.15086094
0.15087891
0.15083605
0.15084849
0.15086864
0.15088752
0.15083784
0.15085052
0.15087101
0.15089017
0.15079954
0.1508035
0.1508108
0.15081834
0.15080355
0.15080823
0.15081654
0.15082493
0.15080686
0.15081212
0.15082127
0.15083036
0.15080789
0.15081333
0.15082273
0.15083204
0.15077369
0.15077279
0.15077311
0.15077483
0.15078185
0.15078253
0.15078514
0.15078876
0.15079107
0.15079349
0.15079858
0.15080427
0.15079691
0.15080039
0.15080701
0.15081398
0.15078238
0.15077967
0.15077646
0.1507745
0.15078564
0.15078402
0.15078243
0.15078186
0.15078953
0.15078909
0.15078927
0.15079021
0.15079209
0.15079238
0.15079365
0.15079552
0.15079326
0.15079389
0.15079563
0.15079792
0.15079508
0.15079619
0.15079866
0.15080157
0.15079661
0.15079812
0.15080118
0.15080459
0.15079709
0.15079872
0.15080196
0.15080553
0.15079384
0.15079346
0.15079312
0.15079312
0.15079433
0.15079421
0.1507943
0.15079471
0.15079477
0.15079487
0.15079532
0.15079604
0.15079492
0.15079508
0.15079564
0.15079646
0.15079488
0.15079477
0.15079442
0.15079406
0.15079488
0.15079481
0.15079461
0.15079442
0.15079493
0.1507949
0.15079481
0.15079477
0.15079496
0.15079493
0.15079489
0.15079488
0.15079646
0.15079604
0.1507947
0.15079312
0.15079563
0.15079531
0.1507943
0.15079312
0.15079508
0.15079487
0.15079421
0.15079346
0.15079491
0.15079477
0.15079433
0.15079384
0.1507921
0.15078989
0.15078659
0.15078386
0.15079236
0.15079075
0.15078842
0.15078659
0.15079299
0.15079203
0.15079075
0.15078989
0.15079355
0.15079299
0.15079236
0.1507921
0.15079551
0.15079021
0.15078186
0.15077449
0.15079364
0.15078927
0.15078243
0.15077646
0.15079238
0.15078909
0.15078402
0.15077967
0.15079208
0.15078952
0.15078564
0.15078238
0.15080553
0.15080459
0.15080157
0.15079791
0.15080196
0.15080118
0.15079866
0.15079563
0.15079872
0.15079812
0.15079619
0.15079388
0.15079709
0.15079661
0.15079508
0.15079326
0.15083203
0.15083036
0.15082493
0.15081833
0.15082273
0.15082127
0.15081654
0.1508108
0.15081332
0.15081212
0.15080822
0.1508035
0.15080789
0.15080686
0.15080355
0.15079954
0.15081398
0.15080427
0.15078875
0.15077483
0.15080701
0.15079858
0.15078514
0.15077311
0.15080039
0.15079349
0.15078253
0.15077278
0.1507969
0.15079107
0.15078185
0.15077369
0.15076674
0.15075039
0.15072704
0.15070783
0.15076614
0.1507521
0.15073216
0.15071585
0.15076716
0.15075589
0.15074003
0.15072721
0.15076901
0.15075967
0.15074668
0.15073631
0.15077028
0.15076191
0.15075035
0.1507412
0.15077307
0.1507664
0.15075734
0.15075035
0.15077723
0.15077254
0.1507664
0.15076191
0.15078059
0.15077723
0.15077307
0.15077028
0.15073631
0.15072721
0.15071585
0.15070783
0.15074668
0.15074003
0.15073216
0.15072705
0.15075967
0.15075589
0.1507521
0.15075039
0.15076901
0.15076716
0.15076614
0.15076674
0.1506972
0.15067667
0.15064904
0.15062752
0.15070688
0.15068963
0.15066668
0.15064904
0.15072023
0.15070695
0.15068963
0.15067667
0.15073072
0.15072023
0.15070688
0.15069721
0.1506696
0.15063432
0.15058585
0.15054714
0.15067483
0.15064372
0.15060113
0.15056726
0.15068395
0.15065793
0.15062253
0.1505946
0.15069235
0.15066996
0.15063971
0.15061603
0.15066966
0.15061606
0.15054185
0.15048207
0.15066598
0.15061753
0.15055053
0.15049664
0.15066531
0.15062317
0.15056503
0.1505184
0.15066755
0.15062995
0.15057821
0.15053682
0.15084346
0.15080352
0.15074555
0.15069694
0.15082341
0.1507872
0.15073467
0.15069067
0.15080272
0.15077105
0.15072517
0.1506868
0.15079061
0.15076219
0.15072108
0.15068676
0.15078534
0.15075858
0.1507199
0.15068764
0.15077746
0.15075366
0.15071933
0.15069077
0.15077062
0.15075042
0.15072139
0.15069734
0.15076764
0.15075
0.15072474
0.1507039
0.15086148
0.15084597
0.15082104
0.15079851
0.15084536
0.15083151
0.15080926
0.15078918
0.15082854
0.15081669
0.1507977
0.15078059
0.15081847
0.15080804
0.15079136
0.15077636
0.15089016
0.15088752
0.15087891
0.15086842
0.15087101
0.15086864
0.15086094
0.15085156
0.15085052
0.15084848
0.15084188
0.15083385
0.15083784
0.15083605
0.15083022
0.15082315
0.15099863
0.15099474
0.15098206
0.1509666
0.15096431
0.15096077
0.15094925
0.1509352
0.15092624
0.15092313
0.15091301
0.15090068
0.15090173
0.15089892
0.15088981
0.1508787
0.15095635
0.15093344
0.15089652
0.15086306
0.15092589
0.15090508
0.15087156
0.15084119
0.15089251
0.15087426
0.15084488
0.15081828
0.15087135
0.15085491
0.15082849
0.15080458
0.15112161
0.1510893
0.15103721
0.15098996
0.15107071
0.15104106
0.15099325
0.15094988
0.15101249
0.15098609
0.15094353
0.15090494
0.15097446
0.15095037
0.15091156
0.15087637
0.15118119
0.1511757
0.15115784
0.15113605
0.15112541
0.15112037
0.15110397
0.15108397
0.15106118
0.15105669
0.1510421
0.15102429
0.15101889
0.1510148
0.15100148
0.15098523
0.15146429
0.15145677
0.15143233
0.1514025
0.15138648
0.1513795
0.15135677
0.15132904
0.15128117
0.15127492
0.15125461
0.15122982
0.15121302
0.15120728
0.15118862
0.15116585
0.15138274
0.15133853
0.15126727
0.15120264
0.15131066
0.15126955
0.15120328
0.15114316
0.1512134
0.15117665
0.15111741
0.15106366
0.15115076
0.15111699
0.15106255
0.15101316
0.15116478
0.15108759
0.15097544
0.15088131
0.15110795
0.15103613
0.15093177
0.15084416
0.15103217
0.15096794
0.1508746
0.15079622
0.15098422
0.15092521
0.15083942
0.15076739
0.15096227
0.1509058
0.15082373
0.1507548
0.15092447
0.15087265
0.15079734
0.15073411
0.15088234
0.15083624
0.15076928
0.15071309
0.15085576
0.15081375
0.15075275
0.15070158
0.15071608
0.15063991
0.15053421
0.15044886
0.15069859
0.15062873
0.15053181
0.15045356
0.15068153
0.15061948
0.15053345
0.15046404
0.15067285
0.1506164
0.1505382
0.15047516
0.15082844
0.15072447
0.1505803
0.15046394
0.15079494
0.15069815
0.15056387
0.15045547
0.15075217
0.15066555
0.15054534
0.15044827
0.15072691
0.1506473
0.15053681
0.15044758
0.15040008
0.15027711
0.15011132
0.14998085
0.15039596
0.15028134
0.15012675
0.15000502
0.15039496
0.15029226
0.1501537
0.15004454
0.15039858
0.15030418
0.1501768
0.15007645
0.14991032
0.14977639
0.14959923
0.14946224
0.1499392
0.14981416
0.14964866
0.1495206
0.14998549
0.14987329
0.14972469
0.14960964
0.15002217
0.14991902
0.1497824
0.14967662
0.15004199
0.14994336
0.14981276
0.14971166
0.1500809
0.14999066
0.14987125
0.14977887
0.15013422
0.15005458
0.14994937
0.14986812
0.15017644
0.15010457
0.1500098
0.14993679
0.15040198
0.15031169
0.15018986
0.1500939
0.1504106
0.15032786
0.15021627
0.15012841
0.15042595
0.15035264
0.15025387
0.15017619
0.15044059
0.1503741
0.15028463
0.15021436
0.1504493
0.15038631
0.15030161
0.15023516
0.15046713
0.15041048
0.15033446
0.15027497
0.15049292
0.1504441
0.15037886
0.15032802
0.15051425
0.15047112
0.1504137
0.15036918
0.15052606
0.15048585
0.15043246
0.15039119
0.15054888
0.15051393
0.15046783
0.15043246
0.15057952
0.15055105
0.15051393
0.15048585
0.15060333
0.15057952
0.15054888
0.15052606
0.15036918
0.15032802
0.15027497
0.15023517
0.1504137
0.15037886
0.15033446
0.15030161
0.15047112
0.1504441
0.15041048
0.15038631
0.15051425
0.15049292
0.15046713
0.1504493
0.15019933
0.15013147
0.15004212
0.14997339
0.15024294
0.15018242
0.15010299
0.15004212
0.15030074
0.15024938
0.15018242
0.15013147
0.15034538
0.15030074
0.15024294
0.15019933
0.14993678
0.14986812
0.14977887
0.14971166
0.1500098
0.14994937
0.14987125
0.14981276
0.15010457
0.15005458
0.14999066
0.14994337
0.15017644
0.15013422
0.1500809
0.15004199
0.15021436
0.15017619
0.15012841
0.1500939
0.15028463
0.15025387
0.15021627
0.15018986
0.1503741
0.15035264
0.15032786
0.15031169
0.15044059
0.15042595
0.1504106
0.15040199
0.15007645
0.15004454
0.15000503
0.14998085
0.1501768
0.1501537
0.15012675
0.15011132
0.15030418
0.15029227
0.15028134
0.15027711
0.15039858
0.15039496
0.15039596
0.15040008
0.14967662
0.14960964
0.1495206
0.14946224
0.1497824
0.14972469
0.14964867
0.14959924
0.14991902
0.14987329
0.14981417
0.1497764
0.15002217
0.14998549
0.1499392
0.14991032
0.1492667
0.14916375
0.14902505
0.14893303
0.14937319
0.14927959
0.14915367
0.14907024
0.14951325
0.14943193
0.14932295
0.14925099
0.14962002
0.14954807
0.14945211
0.14938901
0.14965757
0.14955555
0.14942176
0.14932006
0.14972947
0.14963636
0.14951438
0.14942176
0.14982473
0.14974307
0.14963636
0.14955555
0.14989786
0.14982473
0.14972947
0.14965757
0.149389
0.14925098
0.14907024
0.14893303
0.1494521
0.14932295
0.14915367
0.14902505
0.14954807
0.14943193
0.14927959
0.14916375
0.14962002
0.14951325
0.14937319
0.1492667
0.14886109
0.14872248
0.14853607
0.14841259
0.14895757
0.14882745
0.14865224
0.14853607
0.14910295
0.14898561
0.14882745
0.14872248
0.14921081
0.14910295
0.14895757
0.14886109
