FiniteElementSpace
FiniteElementCollection: L2_2D_P3
VDim: 1
Ordering: 0

133.82343
139.38476
146.98956
153.09786
133.82343
139.38476
146.98956
153.09786
133.82343
139.38476
146.98956
153.09786
133.82343
139.38476
146.98956
153.09786
114.46394
119.221
125.72601
130.95094
114.46394
119.221
125.72601
130.95094
114.46394
119.221
125.72601
130.95094
114.46394
119.221
125.72601
130.95094
114.46394
119.221
125.72601
130.95094
114.46394
119.221
125.72601
130.95094
114.46394
119.221
125.72601
130.95094
114.46394
119.221
125.72601
130.95094
133.82343
139.38476
146.98956
153.09786
133.82343
139.38476
146.98956
153.09786
133.82343
139.38476
146.98956
153.09786
133.82343
139.38476
146.98956
153.09786
133.82343
139.38476
146.98956
153.09786
133.82343
139.38476
146.98956
153.09786
133.82343
139.38476
146.98956
153.09786
133.82343
139.38476
146.98956
153.09786
133.82343
139.38476
146.98956
153.09786
133.82343
139.38476
146.98956
153.09786
133.82343
139.38476
146.98956
153.09786
133.82343
139.38476
146.98956
153.09786
114.46394
119.221
125.72601
130.95094
114.46394
119.221
125.72601
130.95094
114.46394
119.221
125.72601
130.95094
114.46394
119.221
125.72601
130.95094
114.46394
119.221
125.72601
130.95094
114.46394
119.221
125.72601
130.95094
114.46394
119.221
125.72601
130.95094
114.46394
119.221
125.72601
130.95094
97.90412
101.97325
107.53754
112.00685
97.90412
101.97325
107.53754
112.00685
97.90412
101.97325
107.53754
112.00685
97.90412
101.97325
107.53754
112.00685
97.90412
101.97325
107.53754
112.00685
97.90412
101.97325
107.53754
112.00685
97.90412
101.97325
107.53754
112.00685
97.90412
101.97325
107.53754
112.00685
83.73901
87.219713
91.979356
95.80236
83.73901
87.219713
91.979356
95.80236
83.73901
87.219713
91.979356
95.80236
83.73901
87.219713
91.979356
95.80236
83.73901
87.219713
91.979356
95.80236
83.73901
87.219713
91.979356
95.80236
83.73901
87.219713
91.979356
95.80236
83.73901
87.219713
91.979356
95.80236
83.73901
87.219713
91.979356
95.80236
83.73901
87.219713
91.979356
95.80236
83.73901
87.219713
91.979356
95.80236
83.73901
87.219713
91.979356
95.80236
97.90412
101.97325
107.53754
112.00685
97.90412
101.97325
107.53754
112.00685
97.90412
101.97325
107.53754
112.00685
97.90412
101.97325
107.53754
112.00685
97.90412
101.97325
107.53754
112.00685
97.90412
101.97325
107.53754
112.00685
97.90412
101.97325
107.53754
112.00685
97.90412
101.97325
107.53754
112.00685
83.73901
87.219713
91.979356
95.80236
83.73901
87.219713
91.979356
95.80236
83.73901
87.219713
91.979356
95.80236
83.73901
87.219713
91.979356
95.80236
71.622181
74.599588
78.670988
81.941175
71.622181
74.599588
78.670988
81.941175
71.622181
74.599588
78.670988
81.941175
71.622181
74.599588
78.670988
81.941175
71.622181
74.599588
78.670988
81.941175
71.622181
74.599588
78.670988
81.941175
71.622181
74.599588
78.670988
81.941175
71.622181
74.599588
78.670988
81.941175
61.257289
63.80422
67.286953
70.084301
61.257289
63.80422
67.286953
70.084301
61.257289
63.80422
67.286953
70.084301
61.257289
63.80422
67.286953
70.084301
61.257289
63.80422
67.286953
70.084301
61.257289
63.80422
67.286953
70.084301
61.257289
63.80422
67.286953
70.084301
61.257289
63.80422
67.286953
70.084301
52.390826
54.569576
57.548823
59.941751
52.390826
54.569576
57.548823
59.941751
52.390826
54.569576
57.548823
59.941751
52.390826
54.569576
57.548823
59.941751
44.805926
46.669786
49.218418
51.265454
44.805926
46.669786
49.218418
51.265454
44.805926
46.669786
49.218418
51.265454
44.805926
46.669786
49.218418
51.265454
44.805926
46.669786
49.218418
51.265454
44.805926
46.669786
49.218418
51.265454
44.805926
46.669786
49.218418
51.265454
44.805926
46.669786
49.218418
51.265454
52.390826
54.569576
57.548823
59.941751
52.390826
54.569576
57.548823
59.941751
52.390826
54.569576
57.548823
59.941751
52.390826
54.569576
57.548823
59.941751
52.390826
54.569576
57.548823
59.941751
52.390826
54.569576
57.548823
59.941751
52.390826
54.569576
57.548823
59.941751
52.390826
54.569576
57.548823
59.941751
44.805926
46.669786
49.218418
51.265454
44.805926
46.669786
49.218418
51.265454
44.805926
46.669786
49.218418
51.265454
44.805926
46.669786
49.218418
51.265454
44.805926
46.669786
49.218418
51.265454
44.805926
46.669786
49.218418
51.265454
44.805926
46.669786
49.218418
51.265454
44.805926
46.669786
49.218418
51.265454
52.390826
54.569576
57.548823
59.941751
52.390826
54.569576
57.548823
59.941751
52.390826
54.569576
57.548823
59.941751
52.390826
54.569576
57.548823
59.941751
61.257289
63.80422
67.286953
70.084301
61.257289
63.80422
67.286953
70.084301
61.257289
63.80422
67.286953
70.084301
61.257289
63.80422
67.286953
70.084301
61.257289
63.80422
67.286953
70.084301
61.257289
63.80422
67.286953
70.084301
61.257289
63.80422
67.286953
70.084301
61.257289
63.80422
67.286953
70.084301
71.622181
74.599588
78.670988
81.941175
71.622181
74.599588
78.670988
81.941175
71.622181
74.599588
78.670988
81.941175
71.622181
74.599588
78.670988
81.941175
71.622181
74.599588
78.670988
81.941175
71.622181
74.599588
78.670988
81.941175
71.622181
74.599588
78.670988
81.941175
71.622181
74.599588
78.670988
81.941175
71.622181
74.599588
78.670988
81.941175
71.622181
74.599588
78.670988
81.941175
71.622181
74.599588
78.670988
81.941175
71.622181
74.599588
78.670988
81.941175
71.622181
74.599588
78.670988
81.941175
71.622181
74.599588
78.670988
81.941175
71.622181
74.599588
78.670988
81.941175
71.622181
74.599588
78.670988
81.941175
61.257289
63.80422
67.286953
70.084301
61.257289
63.80422
67.286953
70.084301
61.257289
63.80422
67.286953
70.084301
61.257289
63.80422
67.286953
70.084301
61.257289
63.80422
67.286953
70.084301
61.257289
63.80422
67.286953
70.084301
61.257289
63.80422
67.286953
70.084301
61.257289
63.80422
67.286953
70.084301
52.390826
54.569576
57.548823
59.941751
52.390826
54.569576
57.548823
59.941751
52.390826
54.569576
57.548823
59.941751
52.390826
54.569576
57.548823
59.941751
44.805926
46.669786
49.218418
51.265454
44.805926
46.669786
49.218418
51.265454
44.805926
46.669786
49.218418
51.265454
44.805926
46.669786
49.218418
51.265454
44.805926
46.669786
49.218418
51.265454
44.805926
46.669786
49.218418
51.265454
44.805926
46.669786
49.218418
51.265454
44.805926
46.669786
49.218418
51.265454
52.390826
54.569576
57.548823
59.941751
52.390826
54.569576
57.548823
59.941751
52.390826
54.569576
57.548823
59.941751
52.390826
54.569576
57.548823
59.941751
52.390826
54.569576
57.548823
59.941751
52.390826
54.569576
57.548823
59.941751
52.390826
54.569576
57.548823
59.941751
52.390826
54.569576
57.548823
59.941751
44.805926
46.669786
49.218418
51.265454
44.805926
46.669786
49.218418
51.265454
44.805926
46.669786
49.218418
51.265454
44.805926
46.669786
49.218418
51.265454
44.805926
46.669786
49.218418
51.265454
44.805926
46.669786
49.218418
51.265454
44.805926
46.669786
49.218418
51.265454
44.805926
46.669786
49.218418
51.265454
52.390826
54.569576
57.548823
59.941751
52.390826
54.569576
57.548823
59.941751
52.390826
54.569576
57.548823
59.941751
52.390826
54.569576
57.548823
59.941751
61.257289
63.80422
67.286953
70.084301
61.257289
63.80422
67.286953
70.084301
61.257289
63.80422
67.286953
70.084301
61.257289
63.80422
67.286953
70.084301
61.257289
63.80422
67.286953
70.084301
61.257289
63.80422
67.286953
70.084301
61.257289
63.80422
67.286953
70.084301
61.257289
63.80422
67.286953
70.084301
71.622181
74.599588
78.670988
81.941175
71.622181
74.599588
78.670988
81.941175
71.622181
74.599588
78.670988
81.941175
71.622181
74.599588
78.670988
81.941175
71.622181
74.599588
78.670988
81.941175
71.622181
74.599588
78.670988
81.941175
71.622181
74.599588
78.670988
81.941175
71.622181
74.599588
78.670988
81.941175
83.73901
87.219713
91.979356
95.80236
83.73901
87.219713
91.979356
95.80236
83.73901
87.219713
91.979356
95.80236
83.73901
87.219713
91.979356
95.80236
97.90412
101.97325
107.53754
112.00685
97.90412
101.97325
107.53754
112.00685
97.90412
101.97325
107.53754
112.00685
97.90412
101.97325
107.53754
112.00685
97.90412
101.97325
107.53754
112.00685
97.90412
101.97325
107.53754
112.00685
97.90412
101.97325
107.53754
112.00685
97.90412
101.97325
107.53754
112.00685
83.73901
87.219713
91.979356
95.80236
83.73901
87.219713
91.979356
95.80236
83.73901
87.219713
91.979356
95.80236
83.73901
87.219713
91.979356
95.80236
83.73901
87.219713
91.979356
95.80236
83.73901
87.219713
91.979356
95.80236
83.73901
87.219713
91.979356
95.80236
83.73901
87.219713
91.979356
95.80236
83.73901
87.219713
91.979356
95.80236
83.73901
87.219713
91.979356
95.80236
83.73901
87.219713
91.979356
95.80236
83.73901
87.219713
91.979356
95.80236
97.90412
101.97325
107.53754
112.00685
97.90412
101.97325
107.53754
112.00685
97.90412
101.97325
107.53754
112.00685
97.90412
101.97325
107.53754
112.00685
97.90412
101.97325
107.53754
112.00685
97.90412
101.97325
107.53754
112.00685
97.90412
101.97325
107.53754
112.00685
97.90412
101.97325
107.53754
112.00685
114.46394
119.221
125.72601
130.95094
114.46394
119.221
125.72601
130.95094
114.46394
119.221
125.72601
130.95094
114.46394
119.221
125.72601
130.95094
114.46394
119.221
125.72601
130.95094
114.46394
119.221
125.72601
130.95094
114.46394
119.221
125.72601
130.95094
114.46394
119.221
125.72601
130.95094
133.82343
139.38476
146.98956
153.09786
133.82343
139.38476
146.98956
153.09786
133.82343
139.38476
146.98956
153.09786
133.82343
139.38476
146.98956
153.09786
133.82343
139.38476
146.98956
153.09786
133.82343
139.38476
146.98956
153.09786
133.82343
139.38476
146.98956
153.09786
133.82343
139.38476
146.98956
153.09786
133.82343
139.38476
146.98956
153.09786
133.82343
139.38476
146.98956
153.09786
133.82343
139.38476
146.98956
153.09786
133.82343
139.38476
146.98956
153.09786
114.46394
119.221
125.72601
130.95094
114.46394
119.221
125.72601
130.95094
114.46394
119.221
125.72601
130.95094
114.46394
119.221
125.72601
130.95094
114.46394
119.221
125.72601
130.95094
114.46394
119.221
125.72601
130.95094
114.46394
119.221
125.72601
130.95094
114.46394
119.221
125.72601
130.95094
133.82343
139.38476
146.98956
153.09786
133.82343
139.38476
146.98956
153.09786
133.82343
139.38476
146.98956
153.09786
133.82343
139.38476
146.98956
153.09786
