FiniteElementSpace
FiniteElementCollection: L2_2D_P2
VDim: 1
Ordering: 0

0.0084004935
0.037315106
0.066170357
0.0083908662
0.037272438
0.066094692
0.008369079
0.037175862
0.06592345
0.082918783
0.11157384
0.14006214
0.08282405
0.1114464
0.13990213
0.082609651
0.11115794
0.13954002
0.082429836
0.11091609
0.1392363
0.082026864
0.11037397
0.13855571
0.081505358
0.10967239
0.13767492
0.0083508072
0.037094887
0.065779836
0.0083098602
0.036913385
0.065457996
0.0082568694
0.036678495
0.065041492
0.0082205017
0.036517324
0.064755648
0.0081486248
0.036198738
0.064190725
0.0080649353
0.035827799
0.063532962
0.0080108195
0.035587985
0.063107645
0.0079087033
0.035135385
0.062305081
0.0077951203
0.03463197
0.061412401
0.079083778
0.1064152
0.13358532
0.078078696
0.10506332
0.1318881
0.076960705
0.10355964
0.13000029
0.081147439
0.10919101
0.13707042
0.080440054
0.10823944
0.13587577
0.079616393
0.10713149
0.13448476
0.15320189
0.18071432
0.20795675
0.15186767
0.17914099
0.20614619
0.15031407
0.1773091
0.204038
0.14930939
0.17612474
0.20267484
0.14741343
0.17388942
0.20010257
0.1453044
0.171403
0.19724139
0.21799188
0.2440282
0.26969934
0.21522637
0.24093431
0.26628026
0.21214999
0.23749268
0.26247713
0.22366918
0.25038025
0.27672012
0.22172326
0.24820279
0.27431349
0.21945727
0.24566741
0.27151124
0.22719641
0.25432763
0.28108318
0.22608811
0.25308714
0.27971219
0.22465372
0.25148177
0.27793786
0.1556205
0.18356654
0.21123919
0.15486052
0.18267021
0.21020776
0.15387697
0.18151023
0.2088729
0.15654261
0.18465407
0.21249074
0.15636395
0.18444335
0.21224825
0.15595963
0.18396642
0.21169948
0.2285411
0.25583273
0.28274672
0.22828057
0.2555411
0.28242441
0.22769096
0.25488104
0.28169498
0.29821425
0.3244299
0.35017418
0.29787463
0.32406039
0.34977528
0.29710602
0.32322404
0.3488725
0.29646133
0.32252283
0.34811531
0.29501654
0.32095105
0.34641851
0.2931466
0.31891697
0.34422253
0.36277513
0.38753263
0.4117342
0.36100809
0.3856447
0.40972756
0.35872106
0.38320154
0.40713063
0.364919
0.38982333
0.4141691
0.36450363
0.38937949
0.41369734
0.3635636
0.38837489
0.41262967
0.42806109
0.45143513
0.47416912
0.42757382
0.45092097
0.4736287
0.42647106
0.44975724
0.47240565
0.4870866
0.50872471
0.52964553
0.48653174
0.50814474
0.52904116
0.48527601
0.50683208
0.52767339
0.48422277
0.50573156
0.52652626
0.48186234
0.50326494
0.52395588
0.47880734
0.50007312
0.52062972
0.42554611
0.44878156
0.47137988
0.4234732
0.44659468
0.46908132
0.42079028
0.44376472
0.46610673
0.41894885
0.44182296
0.46406558
0.41530913
0.43798467
0.46003194
0.41107102
0.43351553
0.45533583
0.47671059
0.49788312
0.51834749
0.47256642
0.49355427
0.51383778
0.46774145
0.48851409
0.50858776
0.46462155
0.48525563
0.50519355
0.45873462
0.4791059
0.49878957
0.4521879
0.47226587
0.49166664
0.40833045
0.43062608
0.4522997
0.40315875
0.42517246
0.44657093
0.39740687
0.41910602
0.44019881
0.34809895
0.37185813
0.3950747
0.34368949
0.3671494
0.39007198
0.33878487
0.36191127
0.38450733
0.35715131
0.38152516
0.4053485
0.35404854
0.37821136
0.40182656
0.35043545
0.37435285
0.39772593
0.29186313
0.31752128
0.34271548
0.28932625
0.31476231
0.33973706
0.28637206
0.31154981
0.33626911
0.28446163
0.30947278
0.33402686
0.28085616
0.30555244
0.32979573
0.27684553
0.30119134
0.32508932
0.27432618
0.29845225
0.32213319
0.26968657
0.29340689
0.31668944
0.26465809
0.28793779
0.31078851
0.26155398
0.28456235
0.30714583
0.25592477
0.2784395
0.30053983
0.24992622
0.27191437
0.29349893
0.32008583
0.34193968
0.36329135
0.3132021
0.33458667
0.355481
0.30586645
0.32675078
0.34715672
0.335704
0.35862143
0.38101205
0.33003052
0.35256169
0.37457553
0.32388165
0.34599336
0.36759831
0.39379386
0.41529622
0.43619636
0.38714077
0.40827913
0.4288264
0.3799303
0.40067382
0.4208377
0.44807574
0.46797066
0.48719288
0.4405039
0.46006015
0.47895597
0.4322981
0.4514874
0.4700285
0.42723264
0.44619737
0.46451878
0.41804684
0.43660252
0.45452902
0.4082594
0.42637864
0.44388375
0.37547909
0.39598044
0.41590682
0.36740679
0.38746731
0.40696575
0.35880479
0.37839539
0.39743709
0.35355691
0.37286265
0.39162492
0.34414085
0.36293334
0.38119761
0.33422837
0.35247963
0.37021866
0.40228874
0.42014382
0.4373909
0.39157633
0.40895534
0.42574333
0.38029989
0.39717696
0.41348074
0.37348026
0.39005619
0.406066
0.36134156
0.37737928
0.39287011
0.34868127
0.36415653
0.37910512
0.32823338
0.34615932
0.36357956
0.31756237
0.33490694
0.35176339
0.30643235
0.32316953
0.3394367
0.2797936
0.29890495
0.31757562
0.27069243
0.28918433
0.30725112
0.26119975
0.2790445
0.29648012
0.30139102
0.32197174
0.34207894
0.29336078
0.31339489
0.33296881
0.28490669
0.30436477
0.32337642
0.24626666
0.26793472
0.28920375
0.2397006
0.26079265
0.28149753
0.23278793
0.25327331
0.27338329
0.22860709
0.24872699
0.26847638
0.22116546
0.24063288
0.25974292
0.21340369
0.23218979
0.25063197
0.17515184
0.19609128
0.21673557
0.16944609
0.1897048
0.20967948
0.16349511
0.18304355
0.20231881
0.119942
0.14149943
0.16283971
0.11603157
0.13688719
0.15753427
0.11195346
0.13207673
0.15200007
0.12922482
0.15244629
0.17543229
0.1257729
0.14837572
0.17075023
0.12213928
0.14409033
0.16582074
0.18869439
0.21124838
0.23348227
0.18365872
0.20561229
0.22725602
0.17835771
0.1996787
0.22070016
0.20042025
0.22437008
0.24797848
0.19610226
0.2195383
0.24264108
0.19150118
0.21438897
0.23695254
0.21021752
0.23533111
0.26008842
0.20665863
0.23134962
0.25568961
0.20280131
0.22703378
0.25092165
0.14397961
0.16984143
0.19544435
0.14153986
0.16696525
0.19213517
0.1388955
0.16384774
0.1885485
0.13726322
0.16192369
0.18633471
0.1343031
0.15843376
0.18232017
0.13114887
0.1547146
0.178042
0.072698452
0.097827596
0.12280433
0.071129495
0.095717549
0.12015584
0.069457623
0.09346906
0.11733368
0.076258466
0.1026153
0.1288146
0.074965259
0.10087604
0.12663122
0.07356361
0.098990973
0.12426485
0.0077237788
0.03431582
0.060851718
0.007592406
0.033733561
0.059819261
0.007450022
0.033102509
0.05870028
0.007362141
0.032713063
0.058009646
0.0072027772
0.032006742
0.056757261
0.0070329659
0.031254116
0.055422781
0.0069293927
0.030795115
0.054608853
0.0067435762
0.029971516
0.053148626
0.0065479756
0.02910455
0.051611509
0.068437836
0.092097747
0.11561231
0.0666082
0.089637016
0.11252411
0.064682192
0.087046542
0.10927311
0.063517584
0.085480387
0.1073073
0.061444898
0.082692472
0.10380882
0.059283322
0.079784783
0.10015991
0.0064297081
0.028580409
0.05068212
0.0062192294
0.02764745
0.049028117
0.0059997242
0.026674472
0.047303158
