FiniteElementSpace
FiniteElementCollection: L2_2D_P3
VDim: 1
Ordering: 0

1.3668244
1.3493407
1.325186
1.3056136
1.3493407
1.3327259
1.3097114
1.2910246
1.325186
1.3097114
1.2882188
1.2707365
1.3056136
1.2910244
1.2707364
1.2542222
1.2947959
1.2737463
1.2447718
1.2213749
1.2806868
1.2605612
1.232852
1.2104825
1.2610584
1.2422117
1.2162675
1.1953369
1.2450782
1.2272735
1.2027744
1.183023
1.2362302
1.2190045
1.1953094
1.1762145
1.2190045
1.2029116
1.1807906
1.1629798
1.1953093
1.1807906
1.1608569
1.1448324
1.1762144
1.1629797
1.1448324
1.1302683
1.2947957
1.2806866
1.2610583
1.2450782
1.2737461
1.2605611
1.2422117
1.2272735
1.2447718
1.232852
1.2162675
1.2027743
1.2213749
1.2104824
1.1953367
1.1830229
1.2084754
1.1981547
1.1838092
1.1721509
1.1834443
1.1742432
1.1614653
1.1510929
1.1491375
1.1415055
1.1309265
1.1223584
1.1215674
1.1152384
1.1064858
1.0994167
1.1064288
1.1008387
1.0931207
1.0868972
1.0773113
1.0731934
1.0675215
1.062958
1.0382495
1.0361791
1.0333333
1.0310485
1.0077683
1.0073285
1.0067244
1.0062397
1.0834762
1.0768725
1.0679179
1.0608191
1.0604539
1.055627
1.0490966
1.0439291
1.0297963
1.0273856
1.0241295
1.0215571
1.0059742
1.0054632
1.0047735
1.004229
1.1657071
1.1531866
1.1360333
1.1222822
1.1453645
1.1342472
1.1190486
1.106897
1.1176354
1.108489
1.0960314
1.0861111
1.0955272
1.0880118
1.0778061
1.0697039
1.1147495
1.1002539
1.0807029
1.0652953
1.1002539
1.0874978
1.0703464
1.0568681
1.0807029
1.0703464
1.0564724
1.0456023
1.0652952
1.056868
1.0456023
1.0367919
1.0569594
1.0495863
1.0397391
1.0320444
1.041123
1.035768
1.0286266
1.0230525
1.0201615
1.0175007
1.0139567
1.0111937
1.0039336
1.003371
1.0026225
1.0020396
1.0278995
1.0200519
1.0097077
1.0017267
1.0200519
1.0143747
1.0068981
1.0011347
1.0097075
1.0068979
1.0032024
1.000357
1.0017262
1.0011343
1.0003568
0.99975903
1.0569594
1.0411228
1.0201616
1.0039346
1.0495863
1.0357679
1.0175009
1.0033719
1.039739
1.0286266
1.0139569
1.0026232
1.0320444
1.0230524
1.0111939
1.0020401
1.0834761
1.0604535
1.0297961
1.0059749
1.0768724
1.0556266
1.0273855
1.005464
1.0679178
1.0490963
1.0241295
1.0047744
1.0608191
1.0439289
1.0215571
1.0042299
1.1657073
1.1453648
1.1176356
1.0955272
1.1531868
1.1342475
1.1084892
1.0880118
1.1360333
1.1190487
1.0960314
1.077806
1.1222823
1.1068971
1.0861111
1.0697039
1.2084756
1.1834447
1.1491381
1.1215679
1.1981549
1.1742437
1.141506
1.1152387
1.1838094
1.1614658
1.1309269
1.1064859
1.1721511
1.1510933
1.1223588
1.0994167
1.106429
1.0773109
1.0382487
1.0077689
1.1008388
1.073193
1.0361785
1.0073292
1.0931206
1.0675211
1.0333329
1.0067253
1.0868971
1.0629576
1.0310482
1.0062405
