FiniteElementSpace
FiniteElementCollection: L2_2D_P3
VDim: 1
Ordering: 0

7.6166416e+16
7.624055e+16
7.6337048e+16
7.6410807e+16
7.6166416e+16
7.624055e+16
7.6337048e+16
7.6410808e+16
7.6166417e+16
7.624055e+16
7.6337049e+16
7.6410808e+16
7.6166417e+16
7.6240551e+16
7.6337049e+16
7.6410808e+16
7.6166414e+16
7.6240545e+16
7.6337044e+16
7.6410805e+16
7.6166415e+16
7.6240548e+16
7.6337046e+16
7.6410806e+16
7.6166415e+16
7.6240549e+16
7.6337047e+16
7.6410807e+16
7.6166416e+16
7.6240549e+16
7.6337048e+16
7.6410807e+16
7.6450034e+16
7.6523496e+16
7.6619023e+16
7.6691978e+16
7.6450035e+16
7.6523495e+16
7.6619022e+16
7.6691977e+16
7.6450035e+16
7.6523495e+16
7.6619022e+16
7.6691977e+16
7.6450036e+16
7.6523495e+16
7.6619022e+16
7.6691977e+16
7.675012e+16
7.6894876e+16
7.7082066e+16
7.7224125e+16
7.675012e+16
7.6894877e+16
7.7082067e+16
7.7224125e+16
7.675012e+16
7.6894877e+16
7.7082068e+16
7.7224125e+16
7.675012e+16
7.6894877e+16
7.7082068e+16
7.7224126e+16
7.7336719e+16
7.7614327e+16
7.7966671e+16
7.8228203e+16
7.7336719e+16
7.7614327e+16
7.7966671e+16
7.8228203e+16
7.7336719e+16
7.7614327e+16
7.7966671e+16
7.8228203e+16
7.733672e+16
7.7614328e+16
7.7966671e+16
7.8228203e+16
7.733672e+16
7.7614328e+16
7.7966671e+16
7.8228203e+16
7.733672e+16
7.7614328e+16
7.7966671e+16
7.8228203e+16
7.733672e+16
7.7614328e+16
7.7966671e+16
7.8228203e+16
7.733672e+16
7.7614328e+16
7.7966671e+16
7.8228203e+16
7.8364267e+16
7.8612916e+16
7.8923269e+16
7.9149513e+16
7.8364267e+16
7.8612916e+16
7.8923269e+16
7.9149513e+16
7.8364267e+16
7.8612916e+16
7.8923269e+16
7.9149513e+16
7.8364267e+16
7.8612916e+16
7.8923269e+16
7.9149513e+16
7.8364267e+16
7.8612916e+16
7.8923268e+16
7.9149512e+16
7.8364267e+16
7.8612916e+16
7.8923268e+16
7.9149513e+16
7.8364267e+16
7.8612916e+16
7.8923269e+16
7.9149513e+16
7.8364267e+16
7.8612916e+16
7.8923269e+16
7.9149513e+16
7.8364266e+16
7.8612916e+16
7.8923268e+16
7.9149512e+16
7.8364266e+16
7.8612916e+16
7.8923268e+16
7.9149512e+16
7.8364267e+16
7.8612916e+16
7.8923268e+16
7.9149512e+16
7.8364267e+16
7.8612916e+16
7.8923268e+16
7.9149512e+16
7.7336718e+16
7.7614326e+16
7.796667e+16
7.8228203e+16
7.7336718e+16
7.7614326e+16
7.796667e+16
7.8228203e+16
7.7336718e+16
7.7614327e+16
7.796667e+16
7.8228203e+16
7.7336718e+16
7.7614327e+16
7.7966671e+16
7.8228203e+16
7.7336718e+16
7.7614326e+16
7.796667e+16
7.8228203e+16
7.7336718e+16
7.7614326e+16
7.796667e+16
7.8228203e+16
7.7336718e+16
7.7614326e+16
7.796667e+16
7.8228203e+16
7.7336718e+16
7.7614326e+16
7.796667e+16
7.8228203e+16
7.8364266e+16
7.8612916e+16
7.8923268e+16
7.9149512e+16
7.8364266e+16
7.8612916e+16
7.8923268e+16
7.9149512e+16
7.8364266e+16
7.8612916e+16
7.8923268e+16
7.9149512e+16
7.8364266e+16
7.8612916e+16
7.8923268e+16
7.9149512e+16
7.926571e+16
7.9475159e+16
7.9730763e+16
7.9912436e+16
7.926571e+16
7.9475159e+16
7.9730763e+16
7.9912436e+16
7.926571e+16
7.9475159e+16
7.9730763e+16
7.9912436e+16
7.926571e+16
7.9475159e+16
7.9730763e+16
7.9912436e+16
8.0004004e+16
8.0165676e+16
8.0356077e+16
8.0485755e+16
8.0004004e+16
8.0165676e+16
8.0356077e+16
8.0485755e+16
8.0004004e+16
8.0165676e+16
8.0356077e+16
8.0485755e+16
8.0004004e+16
8.0165676e+16
8.0356077e+16
8.0485755e+16
8.0004004e+16
8.0165676e+16
8.0356077e+16
8.0485755e+16
8.0004004e+16
8.0165676e+16
8.0356077e+16
8.0485755e+16
8.0004004e+16
8.0165676e+16
8.0356077e+16
8.0485755e+16
8.0004004e+16
8.0165676e+16
8.0356077e+16
8.0485755e+16
7.926571e+16
7.9475159e+16
7.9730763e+16
7.9912436e+16
7.926571e+16
7.9475159e+16
7.9730763e+16
7.9912436e+16
7.926571e+16
7.9475159e+16
7.9730763e+16
7.9912436e+16
7.926571e+16
7.9475159e+16
7.9730763e+16
7.9912436e+16
7.926571e+16
7.9475159e+16
7.9730763e+16
7.9912436e+16
7.926571e+16
7.9475159e+16
7.9730763e+16
7.9912436e+16
7.926571e+16
7.9475159e+16
7.9730763e+16
7.9912436e+16
7.926571e+16
7.9475159e+16
7.9730763e+16
7.9912436e+16
