FiniteElementSpace
FiniteElementCollection: L2_2D_P1
VDim: 1
Ordering: 0

-3483209838058.237
-3108022793289.434
-3108022793289.434
-2780262255214.435
-2840681397489.536
-2545109777623.365
-2483293415576.376
-2230047146649.395
-2332383847168.874
-2046562610264.06
-2046562610264.004
-1799546902735.282
-2840681397489.661
-2483293415576.91
-2545109777623.542
-2230047146649.622
-2232454012846.786
-1900073233054.074
-2007493834724.673
-1711969136695.079
-1670344923122.284
-1368496337331.148
-1506532078155.483
-1236071623343.452
-1386413793594.602
-1138391742159.368
-1223632401516.136
-1005879344350.168
-1844028333565.835
-1574417580098.672
-1623374466452.502
-1388444525356.032
-1465552415552.165
-1254578394129.863
-1254578394129.973
-1075395614345.598
-1106158451282.018
-909657514655.0963
-948567325347.6079
-780496384720.2587
-836756011647.4883
-688291563165.4962
-688291563165.5001
-565848784851.7527
-1106158451282.193
-948567325347.6973
-909657514655.2953
-780496384720.3217
-1386413793595.116
-1223632401516.473
-1138391742159.915
-1005879344350.491
-1844028333565.948
-1623374466452.626
-1574417580099.05
-1388444525356.287
-2232454012846.334
-2007493834724.634
-1900073233054.205
-1711969136695.433
-1670344923122.86
-1506532078156.093
-1368496337331.925
-1236071623344.13
-1163616139692.236
-1051572352530.768
-896851464747.8396
-810935401618.6915
-968700865783.3374
-856092877509.2983
-747032200612.8859
-660211270951.6938
-599599430922.3926
-529370427063.0868
-409606020584.4368
-360551372797.5308
-720514838100.1583
-651240906873.9828
-493741513490.8062
-445736281336.7443
-351498707365.2979
-316147308616.0836
-169953948584.8107
-150506038098.6544
-77132772020.14624
-68336953693.96899
30229532900.25405
32829415558.99598
-60930439053.69434
-51845660068.88094
34602441387.12054
37442727027.44656
-289295654374.9282
-252927593198.3388
-135671514818.9896
-116764437328.7128
-226071381026.6348
-190080022122.4998
-102240318301.7966
-84399088423.46234
-43931246089.77029
-34540159399.55752
39278808470.66388
42247501223.97172
-26174906975.88105
-16383848933.89824
44071088422.32224
46986320253.90837
-164363271127.5938
-130320831776.5458
-70598501064.25827
-53991043333.93314
-358242560548.7114
-291574242831.9778
-239899142481.2237
-192978385732.3899
-477798774235.4966
-408412806662.5394
-324225806260.1322
-275335443467.7915
-774134840064.3269
-663928157081.4135
-596619557563.5786
-511199514454.7194
-585110056363.9111
-480228151463.8442
-449655305297.9795
-367849218686.4365
-406740863754.5212
-310152419682.7594
-310152419682.7079
-234484179972.6957
-244485743263.9395
-159875454630.0698
-182954099547.8263
-117210933256.3327
-141333169353.8495
-88211106574.97453
-88211106575.04939
-51886304011.97799
-244485743263.73
-182954099547.6727
-159875454629.7313
-117210933256.2963
-106769904440.5899
-76062367277.72981
-41157084415.07793
-25519527207.77026
-7689088222.173553
2583462444.883543
48692251641.1331
51295902486.20676
11343903695.1849
22031641301.26354
52741115456.89899
54692150941.71887
-55357709785.70101
-28625556662.16368
-13639644194.90881
1669879514.969762
-10804474095.21426
13032560533.04894
13032560532.90177
29011840380.4493
30388417718.97974
40989011463.26577
55634085553.50734
56418798492.52117
47937368472.79596
55891911380.13017
55891911379.99298
53568877404.99829
30388417719.31485
55634085554.00591
40989011463.46072
56418798492.80166
11343903695.79413
52741115457.71889
22031641301.74448
54692150942.36938
-55357709785.43915
-13639644194.48059
-28625556662.0027
1669879515.244225
-106769904440.5269
-41157084414.57396
-76062367277.38026
-25519527207.27819
-7689088221.370458
48692251642.19998
2583462445.586655
51295902487.12868
-26174906974.94201
44071088423.62684
-16383848933.0162
46986320255.07571
-43931246088.96893
39278808472.1328
-34540159398.58224
42247501225.36626
-226071381027.4507
-102240318302.2011
-190080022123.2123
-84399088423.48244
-164363271128.0857
-70598501064.0508
-130320831776.668
-53991043333.49142
-358242560548.9838
-239899142481.8256
-291574242832.2244
-192978385732.8537
-585110056363.9591
-449655305298.1221
-480228151463.9167
-367849218686.569
-774134840064.2764
-596619557563.7156
-663928157081.495
-511199514454.8657
-477798774235.7213
-324225806260.6414
-408412806662.762
-275335443468.4126
-599599430922.5037
-409606020584.7816
-529370427063.2614
-360551372797.9764
-968700865782.9927
-747032200612.873
-856092877509.1842
-660211270951.7816
-1163616139691.531
-896851464747.4802
-1051572352530.268
-810935401618.5479
-720514838100.0582
-493741513491.0168
-651240906874.0116
-445736281337.0564
-351498707365.7924
-169953948585.8011
-316147308616.7533
-150506038099.5716
-289295654375.6827
-135671514819.8366
-252927593199.182
-116764437329.3069
-60930439053.40498
34602441388.5659
-51845660068.20288
37442727028.94648
-77132772020.4649
30229532901.43132
-68336953693.92958
32829415560.35556
