FiniteElementSpace
FiniteElementCollection: L2_2D_P3
VDim: 1
Ordering: 0

1.559091060274429e+39
8.618054835621398e+38
-8.159715716645521e+37
-2.279524842190348e+37
1.560707461667159e+39
9.476967606111689e+38
-6.776798725462944e+37
-2.575719676757916e+37
1.552512785253177e+39
1.013636579849224e+39
-5.329591381913654e+37
-2.920110740289043e+37
1.547436515523107e+39
1.033010743456792e+39
-4.825127711998687e+37
-3.04247817236893e+37
1.032904662367063e+39
3.388188995015228e+38
-1.439396478277208e+38
1.95568231246636e+36
1.249554861095431e+39
4.972553635333446e+38
-1.318220391574041e+38
-5.726785423607614e+36
1.456331394694733e+39
6.833775524588701e+38
-1.084952111230646e+38
-1.518187759056544e+37
1.535004338608356e+39
8.070553223724537e+38
-9.095368795028382e+37
-2.030245304487017e+37
-1.550556645183779e+39
3.424974273313184e+38
1.556013860853164e+39
1.395554978023635e+39
-3.476966293763442e+39
-9.575296974609778e+38
1.274876443588409e+39
1.566976943418246e+39
-5.315347368064511e+39
-2.781581617982676e+39
5.942309893890636e+38
1.626701240764255e+39
-5.725863032419245e+39
-3.984891706462958e+39
-3.623895216190476e+37
1.5563397981936e+39
-5.585692557174404e+39
-4.469903211281372e+39
-3.778878729131484e+38
1.506190052262924e+39
-4.837222377448287e+39
-5.101860533442361e+39
-9.410903477289471e+38
1.386780645062221e+39
-3.762661003219669e+39
-5.455483958606443e+39
-1.462991246720048e+39
1.268078528527138e+39
-3.331720751459818e+39
-5.517171330748991e+39
-1.63677349527735e+39
1.22351024231036e+39
