FiniteElementSpace
FiniteElementCollection: L2_2D_P3
VDim: 1
Ordering: 0

0.003270844962102646
0.0154686937870169
0.03131920154622265
0.04353852445414914
0.003269126509659284
0.01546076800007032
0.03130297057643189
0.04351689232991485
0.00326367516081544
0.01543513215003933
0.03125104276697635
0.04344503318283869
0.003257141029965284
0.01540378462154566
0.03118768348760229
0.04335663155562298
0.05010597689978971
0.062476823014112
0.07852601107441305
0.09059643206663587
0.05008053847238088
0.06244454515881506
0.07848635851038768
0.09055188185075776
0.04999722405947876
0.06233990591765545
0.07835721169936365
0.09040573792281244
0.04989493617113144
0.06221191896291445
0.0781988955466332
0.09022620768166618
0.04982677962988295
0.06212687095724236
0.07809346864086789
0.09010660973955253
0.04967350059628919
0.06193576790921156
0.07785609994940877
0.0898374548970183
0.04942392924127115
0.06162460565910894
0.07746925970194309
0.08939859211711627
0.04919470195172807
0.06133887202305053
0.07711390790784119
0.08899516944108453
0.003252838690794472
0.01538302163026247
0.03114560341044234
0.04329768057404994
0.003243185447634699
0.01533664292581384
0.03105103454288221
0.04316497128640937
0.003227349013222535
0.01526122232795592
0.03089706924880031
0.04294889889426948
0.003212648353023323
0.01519183771502383
0.03075571915741199
0.04275056866390602
0.003203992905164484
0.01515081907218541
0.03067217465684863
0.04263340117232713
0.003186307188022441
0.01506649877373975
0.03050004888359946
0.04239218706044343
0.003160039133364193
0.01494188800793981
0.03024548974792833
0.04203554059222123
0.003137508074494943
0.01483529642110967
0.03002758734045757
0.04173021160812865
0.00312467307727468
0.01477456531289649
0.02990345090931254
0.04155620026895538
0.003099001090169931
0.01465312936288103
0.02965553901571251
0.0412086698863709
0.003062384086700174
0.01448023564165821
0.0293030433772076
0.04071449000652615
0.003031978587619367
0.01433685008036529
0.0290108826875673
0.04030486332271725
0.04781393537263476
0.05961339400543227
0.07496690113297065
0.08655418327444142
0.04741192218879285
0.05911099636066502
0.0743411265008125
0.08584258554487345
0.04684028767702654
0.05839639030458189
0.07345027722921726
0.08482903363043251
0.04636654246265839
0.05780387808574761
0.07271087075579268
0.08398733651423217
0.04905922602326005
0.06116989357565179
0.07690375253323546
0.08875644802409989
0.04878033938128257
0.0608215256889052
0.07647053333060408
0.08826409306259458
0.048368039037605
0.06030612217416276
0.07582938578055097
0.08753508773030916
0.0480151257384239
0.05986486386276111
0.075280065037893
0.08691029988785103
0.09496081920152952
0.1063811155016247
0.1207752364179981
0.1313720921367696
0.09443937130229535
0.1058084279877208
0.1201428671160157
0.1306986714405213
0.09366687219828182
0.1049595293167924
0.1192052217786242
0.1297003084382175
0.09300450570998664
0.104231145758014
0.1184003618798777
0.1288433369745884
0.09262680191319005
0.1038154527626046
0.1179408789579864
0.1283541372880014
0.09187188357834482
0.1029838343314054
0.1170213121903199
0.1273751918294743
0.09079649689573197
0.1017982292116049
0.1157092858113675
0.1259782169677567
0.08990333777582206
0.1008128818691009
0.1146177356217335
0.1248156780601231
0.1337446504791358
0.1435876626984228
0.1559923706257956
0.165254335839226
0.1327361295548364
0.1425233347771117
0.1548502961675462
0.1640459149539678
0.1312969674648104
0.1410049272201962
0.1532227851735387
0.1623252619338649
0.1300993687958063
0.1397416734535586
0.1518702469205866
0.1608967738716549
0.1368529787740329
0.1468698937471037
0.1595224628682692
0.1689930336256318
0.1361594748740709
0.1461371888649144
0.1587334803062105
0.168157085333289
0.1351312463320826
0.145051294850125
0.1575651285909526
0.1669194995818445
0.1342485788676135
0.1441195285316124
0.1565635827649194
0.1658589875803758
0.138750484316994
0.1488763614729486
0.1616870035122595
0.1712874065249859
0.1383725676849731
0.1484763936320146
0.1612551687136478
0.1708295716939319
0.1377560650158024
0.1478244091195913
0.1605515581881699
0.1700837246890834
0.1371889047217319
0.1472248990311603
0.1599050097471411
0.1693984346737173
0.09639018685047744
0.1079484774490715
0.1225069851136792
0.1332154670024377
0.09610531328641377
0.1076364100788746
0.1221620653698643
0.13284827972532
0.0956407088576962
0.1071271510310737
0.1215993742536037
0.1322493284556356
0.09521357293375915
0.1066585831646571
0.1210816876827094
0.1316983596113639
0.09690776036620044
0.1085158920706771
0.1231357846197186
0.1338835299882937
0.09686085868116832
0.1084645960155063
0.1230785601459089
0.1338228022363565
0.09670647051432699
0.1082952559839361
0.1228907591921372
0.1336233817092584
0.0965166812459594
0.1080870949481413
0.1226603016004314
0.1333785477287029
0.1394392325982639
0.1496078178593169
0.1624761307025307
0.1721249992644946
0.139376278723188
0.1495404150067766
0.162403377384623
0.1720476860085344
0.1391705545217362
0.1493217622127991
0.1621675968125797
0.1717973096195342
0.1389183530037989
0.1490542270971076
0.1618789998223864
0.1714910386695732
0.1772045372647042
0.186545621845975
0.1983429329133538
0.2070758117549732
0.1771254164171039
0.1864631345058722
0.1982565748001218
0.2069868617546948
0.1768684374044242
0.1861950507532007
0.1979756461204377
0.2066967295467212
0.1765536739479761
0.1858666681886898
0.1976314307955488
0.2063407598864608
0.1763442385608198
0.1856481173604167
0.1974023484290484
0.2061037183863317
0.1758731499872726
0.185156232145472
0.1968868458293844
0.2055702646245071
0.175105433311336
0.1843541170905751
0.196046085402152
0.2047003960104576
0.1743999183632975
0.1836165173275864
0.1952726962299668
0.203900602408973
0.210651922862771
0.2191634316402459
0.2302244793065504
0.2386918990722181
0.2101050222895388
0.2185847530956077
0.2296016197444233
0.2380340564750269
0.2092142286717341
0.2176432843558654
0.22858831014206
0.236964019134532
0.2083961835740732
0.2167799108236498
0.2276591780496348
0.2359829244085004
0.2116515631417216
0.2202211213396339
0.2313636514362118
0.2398970076274637
0.2115596513306054
0.2201241204614553
0.2312589420928432
0.2397858261097632
0.2112608285623147
0.2198080606485583
0.230918426826659
0.2394254385328102
0.2108951066933277
0.2194209072723496
0.2305016052077239
0.238984723450686
0.2444296729851864
0.2528010413212552
0.2635171309789623
0.2716243949167659
0.2443156369665127
0.2526824040158208
0.2633935654477819
0.2714962151707552
0.2439465311238482
0.2522992553758647
0.2629923325175005
0.2710775512733986
0.2434949916171555
0.2518308427632717
0.2625011907649631
0.2705644263585933
0.2759506745430682
0.2841885354869149
0.2951490523171804
0.3037120077992048
0.2758172384229501
0.2840459152563605
0.2949935789841096
0.3035463790395735
0.2753833066722098
0.2835810907128409
0.2944855544117672
0.3030045447664453
0.2748528550159162
0.2830125479160737
0.2938639203770015
0.3023414569306966
0.2745005135967777
0.2826349775324974
0.2934510093932765
0.3019009848182556
0.2737095837073201
0.2817883281120225
0.2925246752634987
0.3009125054290084
0.2724257662650813
0.2804167444009086
0.2910241083734173
0.2993103838515845
0.2712514030122357
0.2791651134901285
0.2896555552242771
0.2978482817687737
0.2431947892114961
0.2515194275115087
0.2621745684399449
0.2702231072747255
0.2425201512331955
0.2508192237291355
0.2614403812082915
0.2694562458850354
0.2414224837067351
0.24967900828329
0.2602453666431516
0.2682095846457571
0.2404156990486897
0.2486321558869403
0.2591486760514624
0.2670672979672191
0.2398210087115886
0.2480133492500873
0.2585004964742974
0.2663929147981079
0.238596699920276
0.2467384275906421
0.2571651474491963
0.2650051794007355
0.2367887133050283
0.2448533783412861
0.2551905573350532
0.2629565366879431
0.2352437892262374
0.2432404787723976
0.2535002497308365
0.2612054186246102
0.2705589018013614
0.2784284384750825
0.2888505647468308
0.2969879574650334
0.2691358550525079
0.276918047310126
0.2872017298618297
0.2952252216866518
0.2670393115213288
0.2747012474340539
0.2847876858508406
0.2926441338429876
0.2652507291444616
0.2728179448510868
0.2827438666998252
0.2904597314102461
0.2642337856606201
0.2717502265894042
0.2815884047187514
0.2892254993719497
0.2622063309522457
0.2696280961003267
0.2793001113115742
0.2867840790503778
0.2593284034068286
0.2666289577646224
0.2760854639793843
0.2833637944744911
0.2569451605441973
0.2641551875960367
0.2734511973179541
0.2805717468542485
0.2343648338469702
0.2423220545389073
0.2525372117148997
0.2602085571689068
0.2326125515714032
0.2404893396326936
0.2506139402984816
0.2582189388837484
0.230128279771411
0.2378871295068535
0.2478790197881338
0.2553909394083637
0.2280761817062998
0.2357344701713628
0.2456122466063271
0.2530468267602993
0.2034509097967132
0.2115890079329686
0.2220820473044023
0.2300925372952366
0.2020062839271284
0.2100821186559964
0.2204690996314078
0.228388721607811
0.1999455591977465
0.2079390078899346
0.2181822420849089
0.2259743668447408
0.1982308915366544
0.2061608440864914
0.216291923830373
0.2239807363860883
0.2079124557015926
0.216269949620314
0.2271104343063183
0.2354035287946083
0.2069152690991026
0.2152202000936906
0.2259810884992135
0.2342109726689564
0.2054388878279023
0.213669715409137
0.2243145122241056
0.2324507595790262
0.2041730694407184
0.2123439017562264
0.2228913857176046
0.2309474985664641
0.1739825178848076
0.1831800036561628
0.1948148276060714
0.2034272525240809
0.1731217041578841
0.1822794532341599
0.1938698485861212
0.2024505942051281
0.1718469778655543
0.18094470426449
0.1924684677292036
0.2010027703179371
0.1707542697415812
0.1797994455327799
0.1912652013109191
0.1997599192362415
0.1701311559520849
0.1791459263202334
0.1905781886019295
0.1990503097460439
0.1688856542589535
0.1778387605273019
0.1892030363859396
0.1976298180774169
0.1671119859960321
0.1759753123714532
0.1872402665854395
0.195601917366527
0.1656395404179292
0.174426700635063
0.185606899819595
0.1939136431145995
0.1648151115935115
0.173559040714772
0.1846908495585996
0.1929664200050672
0.1631940599722889
0.1718518810609979
0.1828862767680607
0.1910995081072145
0.160934508303446
0.1694710094977124
0.1803648191108646
0.1884880900086889
0.1590925723685942
0.1675300841819162
0.17830533692223
0.186351992269951
0.1580721005197978
0.1664551559607027
0.177163244225224
0.1851660241083456
0.1560839956237034
0.1643623687012149
0.1749376732717874
0.1828516741781334
0.153346628264451
0.1614837698925115
0.1718742898059353
0.1796600442762668
0.1511386508422106
0.1591645346994639
0.1694059374746862
0.1770842913625127
0.1893464734945897
0.1969945005938706
0.2066524252977877
0.2138753405076392
0.1869927804203725
0.1945721981968175
0.2041298028006254
0.2112530908792422
0.1837425871251563
0.1912256334776062
0.2006550764619293
0.2076564543513182
0.1811157467014616
0.1885171521991421
0.1978478771658981
0.2047621809601753
0.1972690494652511
0.2051651095214988
0.2152364063911222
0.2228686416990997
0.195373465637703
0.2032058315451694
0.2131659671192433
0.2206906004938926
0.1927216809497581
0.2004703581550813
0.2102885561345586
0.2176724389792004
0.190551717803024
0.1982351588636612
0.2079479105414841
0.2152259141564555
0.2269313000341447
0.2345324059248627
0.2443446623449016
0.2517355302154521
0.2246892496271711
0.2321763701556936
0.2418559539237778
0.2491589289991427
0.2215844407243404
0.228911422276508
0.238398625083573
0.2455737362499384
0.2190706997403486
0.2262680847804929
0.2355933649917088
0.2426588478040297
0.2556125080032268
0.2627751945021685
0.2719882355237014
0.279025889978371
0.2529941395248042
0.2600692396225365
0.2691328341930228
0.2760195432817775
0.2493495217394966
0.2563100234821133
0.2651906758773553
0.2718926047498557
0.2463837278472285
0.2532532533019125
0.2620016600840127
0.2685736144267941
0.2447432361157671
0.2515621750586469
0.2602422463004481
0.266749585582544
0.2415554539740539
0.2482728752191393
0.256824687381754
0.2632187172781184
0.2371909154442687
0.2437604540304974
0.2521380860322552
0.2583939029499986
0.2336974559421345
0.240139780105805
0.2483724995395442
0.2545237465120504
0.2176844801067173
0.2248110424057593
0.2340452129017291
0.2410478282366021
0.2149969232812217
0.2219893004514715
0.2310445376711855
0.2379203791299597
0.2113200080478009
0.2181390567307596
0.226949984204899
0.2336446305128604
0.2083693276006017
0.2150607730005301
0.2236811883164576
0.2302268726547187
0.20674908791761
0.2133754657110135
0.2218947328496044
0.2283581929230941
0.2036146404486477
0.2101269112105168
0.218462036645195
0.224769126158698
0.199333520172303
0.2057121554480891
0.2138239625328029
0.2199301176041117
0.1958993057462733
0.2021856800012119
0.2101434606400965
0.2161041860040688
0.2317858396230331
0.2381551656763646
0.2463051302529605
0.2523992770229753
0.2281121931930213
0.2343345989548316
0.2423162941703869
0.2482967624857263
0.2231588781842401
0.2291744378317385
0.2369107005158196
0.2427262037585238
0.2192462533954052
0.2250969808362299
0.2326268352197732
0.2383003255928025
0.2171214099621608
0.2228838743949156
0.2302980790702901
0.2358896913787789
0.2130570420165541
0.2186600158782533
0.2258543261299266
0.2312819802777806
0.2075897199435827
0.2130026607099931
0.2199179610864749
0.2251224254280903
0.2032596840276701
0.2085451006196388
0.2152640670557819
0.2203010203972356
0.1940133112610135
0.2002531667773897
0.2081357747750186
0.2140239279497533
0.1903682127100288
0.1965212506558536
0.2042734908450493
0.2100372126042336
0.1854055399150459
0.1914412044881172
0.1990366051906349
0.2046584907089014
0.1814451616278378
0.1873826802709126
0.1948602705842288
0.2003863108442646
0.1683126432663722
0.1752474301285896
0.1840583817422159
0.1906051699863207
0.1650932315904949
0.1718986132225203
0.1805591233919
0.1870065498294204
0.1607368744477298
0.1673626218974709
0.1758084963824403
0.1821117462602884
0.1572807478510574
0.1637620599584514
0.172029746623931
0.1782102268369488
0.1796684581702383
0.1870228283803817
0.1962997813875091
0.203169837289732
0.1768657403699872
0.1841241759004824
0.1932945916433562
0.2000835810483896
0.1730415681757
0.1801601729057137
0.1891773779476771
0.1958598468966539
0.1699851374449685
0.1769859028766093
0.1858720600604565
0.1924680583652371
0.1499230536029791
0.1578887789533212
0.1680483892672453
0.1756665101279951
0.1475690297731674
0.1554203089228238
0.1654226097502387
0.1729229520950916
0.1443534081086637
0.1520530825630182
0.1618443459581854
0.1691826774401875
0.1417770439462978
0.1493596775184773
0.1589860293525304
0.1661947962404284
0.1403641138210261
0.1478842200663918
0.1574220128491445
0.1645600447277768
0.1376368326924904
0.1450394650699232
0.1544111722749147
0.1614139370931139
0.1339267010448391
0.1411758503509703
0.1503322796023434
0.1571567190486108
0.1309641554930049
0.1380951082697552
0.1470886429129724
0.1537776330531954
0.1091921045834419
0.1176976200142809
0.1283880652195764
0.1362704150810892
0.1069218167592625
0.1152923867243934
0.1258306597629553
0.133602675959477
0.103841940575669
0.1120222718813636
0.1223480102614416
0.1299711361103262
0.1013932674744084
0.1094162366108939
0.1195661469615226
0.1270699619883761
0.07460302163482334
0.08388105206804439
0.0957159201639808
0.1045593411097821
0.07297335993101516
0.08207170912945251
0.09368648809694047
0.1023704162912909
0.07077000281433687
0.07962250206438823
0.09093813036785742
0.09940391337263968
0.0690236925977173
0.07767843794638807
0.08875566918131567
0.0970471532012372
0.08036237809014378
0.09026565264299309
0.1028663816694426
0.1122561426724685
0.07893840772191896
0.08868864820255713
0.1011019212641909
0.1103600176700946
0.0769986235681398
0.08653871483289623
0.09869452494106923
0.1077693336718765
0.07545001241381825
0.08482095908412583
0.09676970081107727
0.1056953915331182
0.1171557914043744
0.1261027975463998
0.1373199988958511
0.1456062912827842
0.1151969077373659
0.1240388092524263
0.1351258546860132
0.143309540369427
0.1125172584144284
0.121212215201815
0.132122603325704
0.1401697209540469
0.1103694918838029
0.1189431662937657
0.1297117111514671
0.1376519039165346
0.1239011044016611
0.1332075086465765
0.1448893256119852
0.1535462054688711
0.1222612372424117
0.1314800707887867
0.1430467454210951
0.1516109947044579
0.1199968837762328
0.1290952675115316
0.1405052047373547
0.1489442686454021
0.118165685169725
0.1271665275386929
0.1384516713967727
0.1467917907785131
0.1294276796407159
0.1390332746970996
0.1511122248848446
0.1600968475556866
0.1281043857884406
0.1376379021291835
0.149620045648303
0.1585235255987695
0.126254184803249
0.135687376226225
0.1475362483957248
0.1563291569522887
0.1247411387290902
0.1340926779323706
0.1458339127101126
0.1545388332404296
0.08940312330495573
0.1002607365124595
0.1140056105627675
0.1241636010901257
0.0884192908413351
0.09917414351828421
0.1127998974843497
0.1228789065064491
0.08704727952195022
0.09765807533352586
0.1111151514411433
0.1210826683205431
0.08592835764797128
0.09642123892000819
0.1097386469955832
0.1196137867546704
0.08530823966985752
0.09573575218465287
0.1089750211686929
0.1187982898901668
0.08410016972278712
0.09440029106472769
0.1074859408133214
0.1172065826335565
0.08243794876072247
0.09256219169216201
0.1054337781304505
0.1150098620983471
0.08109878176788334
0.09108070080566304
0.1037778846604641
0.1132345515384758
0.04394374503917251
0.05477083178508425
0.06891378073884818
0.0796575844663874
0.04331120906470558
0.05397831057254091
0.06791921122538597
0.07851974577636778
0.04244348462901704
0.05289095764865442
0.06655324819570818
0.07695498789747557
0.0417464374373347
0.05201746063899777
0.06545497946125196
0.07569518050647821
0.04610161731115751
0.05747241787783795
0.07229690228066539
0.08351598185648743
0.04558138823317214
0.05682132042511093
0.07148292477354484
0.08258890499294465
0.04485773125353767
0.05591540167207848
0.07034880324798479
0.08129604565002162
0.04426918534685351
0.05517845578969873
0.06942503688425164
0.08024179093290273
0.003014988017021169
0.01425664085420524
0.02884740691747563
0.04007574566719121
0.002981552301598002
0.01409911903995371
0.02852615728793359
0.03962560459326445
0.002934854648538251
0.01388000793640463
0.02807917404427392
0.03899923653222347
0.002896822987940302
0.01370174242213954
0.02771554802489037
0.03848980670073078
0.002875815975213246
0.01360306227611577
0.02751447920267754
0.03820814894984904
0.002835038847499961
0.01341100478014524
0.02712357180767888
0.03766080199737812
0.002779041990608
0.01314726215365596
0.02658716932362354
0.03690996370650096
0.002733944886377877
0.01293526039155219
0.02615632687990669
0.0363068293480322
0.002709269112470987
0.01281892267501961
0.02591992541817238
0.03597572976917703
0.00266183625065744
0.01259444762233392
0.02546370730693307
0.03533647746633099
0.00259722901409614
0.01228931345787169
0.02484404505702932
0.03446822455332486
0.002545654964858137
0.01204607069370411
0.0243508448828962
0.03377726718868219
0.04136380398607743
0.05153795078562566
0.06485184922958033
0.07500276736471717
0.04062509843317516
0.05061231820060048
0.0636868983025255
0.0736645479001997
0.03962169266015391
0.04935511778630813
0.06210300945564097
0.07184300018628106
0.03882309878867081
0.04835450055590148
0.06084120240381408
0.07038994973132917
0.03838738343453568
0.04780841491418847
0.06015208426840291
0.06959565887515264
0.0375512494862314
0.0467601626587288
0.05882847685902591
0.06806820674628009
0.036424479232047
0.04534740821479036
0.05704381455636046
0.06600548574876758
0.03553422262485903
0.04423098971306977
0.05563319948191156
0.06437311880035804
0.002517564915417702
0.01191307337185069
0.0240816594475449
0.03340032119891632
0.002463703420248235
0.01165741760627845
0.0235647785939531
0.03267699508400092
0.002391055525073976
0.01131262370466804
0.02286769218344213
0.0317022457489894
0.002333403805548589
0.01104016183832353
0.02231631411867411
0.03093186117254015
