FiniteElementSpace
FiniteElementCollection: L2_2D_P4
VDim: 1
Ordering: 0

-1.96638788239742e+125
-1.77068991484872e+124
2.331616924787795e+125
-3.603383960065287e+124
-1.002441231199064e+125
-1.24982756118886e+126
-1.038844621989305e+126
-3.941761029397495e+125
1.37566907551312e+125
-3.603383960065155e+124
-3.86711500931556e+125
-1.1082587376737e+126
-1.52110160271084e+126
-3.941761029398668e+125
2.331616924786061e+125
6.815462609979394e+126
4.358975210472189e+126
-1.108258737673693e+126
-1.038844621989437e+126
-1.770689914885544e+124
-1.904827568085548e+127
6.815462609979289e+126
-3.867115009315284e+125
-1.249827561188964e+126
-1.966387882401414e+125
