FiniteElementSpace
FiniteElementCollection: L2_2D_P3
VDim: 1
Ordering: 0

7.5296558e-06
3.5780151e-05
7.2587678e-05
0.0001007262
7.3004337e-06
3.46913e-05
7.0380862e-05
9.7667785e-05
6.9556499e-06
3.3053438e-05
6.7061469e-05
9.3067492e-05
6.7006207e-06
3.1841937e-05
6.4606129e-05
8.9664595e-05
6.5687334e-06
3.121541e-05
6.3336316e-05
8.7904672e-05
6.3176955e-06
3.0022858e-05
6.091922e-05
8.4554473e-05
5.9876456e-06
2.8454908e-05
5.7741016e-05
8.014891e-05
5.7356812e-06
2.7257878e-05
5.5314438e-05
7.6784851e-05
0.00010097232
0.00012543476
0.00015720717
0.00018142212
9.7127556e-05
0.00012066833
0.00015125391
0.00017457423
9.2071302e-05
0.00011439904
0.00014342155
0.00016556258
8.8210081e-05
0.00010961061
0.00013743741
0.00015867538
0.00011568555
0.00014367207
0.00017997899
0.0002076084
0.00011217594
0.00013932196
0.00017454751
0.00020136283
0.00010689697
0.00013277875
0.00016637779
0.00019196858
0.00010299197
0.00012793836
0.0001603337
0.00018501798
0.00022224985
0.00024954772
0.00028476311
0.00031139591
0.00021557666
0.00024208556
0.0002763025
0.00030219821
0.00020553913
0.00023086098
0.00026357527
0.0002883611
0.00019811217
0.00022255466
0.00025415486
0.00027811682
0.00032544555
0.00035151104
0.00038485997
0.00040984536
0.00031586649
0.00034124062
0.00037374221
0.00039812712
0.00030145484
0.00032578662
0.00035700868
0.00038048455
0.00029078362
0.00031433981
0.00034460709
0.00036740179
0.00028525796
0.00030841047
0.00033817952
0.00036061742
0.00027472374
0.00029710232
0.00032591353
0.00034766297
0.00026083526
0.00028218368
0.00030971428
0.00033053781
0.00025019823
0.00027074916
0.0002972837
0.00031738253
0.0001942696
0.00021825645
0.00024927888
0.00027281305
0.00018695123
0.00021006872
0.00023998765
0.0002627037
0.00017731894
0.00019928856
0.00022774794
0.00024937946
0.00016995606
0.00019104501
0.00021838241
0.00023917816
0.00016604082
0.00018666021
0.00021339858
0.00023374731
0.0001586892
0.00017842448
0.00020403336
0.00022353777
0.00014909754
0.00016767445
0.00019180034
0.00021019325
0.00014175252
0.00015943857
0.00018242155
0.00019995563
0.00024453399
0.00026465703
0.00029065544
0.00031036255
0.00023388302
0.00025319538
0.00027817484
0.00029713454
0.00021995617
0.00023819644
0.00026182229
0.0002797834
0.00020926766
0.00022667587
0.00024924665
0.00026642524
0.00020356713
0.00022052834
0.00024253076
0.00025928641
0.00019286044
0.00020897616
0.00022990079
0.00024585195
0.00017887469
0.00019387478
0.00021337214
0.00022825342
0.00016814467
0.00018228064
0.00020066891
0.00021471561
0.00013784095
0.00015505122
0.00017742297
0.00019449697
0.0001305049
0.00014682033
0.00016804096
0.00018424708
0.00012094233
0.00013608652
0.00015579753
0.00017086287
0.00011362071
0.00012786456
0.00014641299
0.00016059788
7.1412391e-05
8.8768927e-05
0.00011136965
0.00012864972
6.758583e-05
8.4018642e-05
0.00010542299
0.00012179444
6.2603714e-05
7.783246e-05
9.7675894e-05
0.00011286045
5.8793474e-05
7.3100324e-05
9.1747563e-05
0.00010602153
8.615833e-05
0.00010706582
0.00013425645
0.00015501358
8.23086e-05
0.00010229034
0.00012828574
0.00014813878
7.7291627e-05
9.6065571e-05
0.00012050015
0.00013917113
7.3454314e-05
9.130338e-05
0.00011454161
0.00013230547
5.6018257e-06
2.6621943e-05
5.40252e-05
7.4997386e-05
5.3507325e-06
2.5429006e-05
5.1606563e-05
7.164374e-05
5.0236348e-06
2.387491e-05
4.8455344e-05
6.7273686e-05
4.7735478e-06
2.2686665e-05
4.6045671e-05
6.3931508e-05
4.6405077e-06
2.2054526e-05
4.4763641e-05
6.2153178e-05
4.3912561e-06
2.0870192e-05
4.2361518e-05
5.8820809e-05
4.0668663e-06
1.9328773e-05
3.923477e-05
5.4482555e-05
3.818876e-06
1.8150344e-05
3.6844063e-05
5.1165053e-05
3.6869451e-06
1.7523403e-05
3.5572079e-05
4.9399799e-05
3.4397869e-06
1.6348873e-05
3.3188932e-05
4.6092179e-05
3.1180958e-06
1.4820103e-05
3.008669e-05
4.1785946e-05
2.8721078e-06
1.3651062e-05
2.7714185e-05
3.8492258e-05
5.6765906e-05
7.0581823e-05
8.8591686e-05
0.0001023801
5.2966548e-05
6.5861881e-05
8.267588e-05
9.5552651e-05
4.8019681e-05
5.9715175e-05
7.4969298e-05
8.6655747e-05
4.4235683e-05
5.5012508e-05
6.9071406e-05
7.9844951e-05
4.2221707e-05
5.2509291e-05
6.5931375e-05
7.6218242e-05
3.8446999e-05
4.781711e-05
6.0044447e-05
6.9417763e-05
3.3530309e-05
4.1704452e-05
5.2373447e-05
6.0554311e-05
2.9767672e-05
3.7025931e-05
4.6500887e-05
5.3767464e-05
2.7412117e-06
1.3028973e-05
2.6451616e-05
3.6739333e-05
2.4959273e-06
1.1863228e-05
2.4085524e-05
3.3454061e-05
2.1765238e-06
1.0345187e-05
2.1004125e-05
2.9175163e-05
1.9321523e-06
9.1837283e-06
1.8646353e-05
2.5900813e-05
1.8020642e-06
8.5654332e-06
1.7391156e-05
2.4157566e-05
1.5581915e-06
7.4063119e-06
1.5037944e-05
2.0889213e-05
1.2404129e-06
5.8958982e-06
1.1971384e-05
1.6629824e-05
9.9711372e-07
4.7394685e-06
9.6234047e-06
1.3368355e-05
8.6753297e-07
4.1235553e-06
8.3728455e-06
1.1631211e-05
6.244899e-07
2.9683323e-06
6.0272227e-06
8.3728464e-06
3.0755124e-07
1.4618572e-06
2.9683334e-06
4.1235563e-06
6.470364e-08
3.0755135e-07
6.2449079e-07
8.6753329e-07
1.3368355e-05
1.6629824e-05
2.0889213e-05
2.4157566e-05
9.6234057e-06
1.1971383e-05
1.5037943e-05
1.7391154e-05
4.7394694e-06
5.8958973e-06
7.4063088e-06
8.5654293e-06
9.9711379e-07
1.2404131e-06
1.5581899e-06
1.8020629e-06
2.7764391e-05
3.4534816e-05
4.3373579e-05
5.0152825e-05
2.4008386e-05
2.9863814e-05
3.7508968e-05
4.3373578e-05
1.9113269e-05
2.3775616e-05
2.9863814e-05
3.4534816e-05
1.5364884e-05
1.9113269e-05
2.4008385e-05
2.776439e-05
5.3767463e-05
6.0554309e-05
6.941776e-05
7.621824e-05
4.6500885e-05
5.2373444e-05
6.0044445e-05
6.5931371e-05
3.702593e-05
4.1704448e-05
4.7817105e-05
5.2509288e-05
2.9767671e-05
3.3530305e-05
3.8446995e-05
4.2221705e-05
2.5900812e-05
2.917516e-05
3.3454057e-05
3.6739331e-05
1.8646352e-05
2.1004123e-05
2.4085523e-05
2.6451614e-05
9.183726e-06
1.0345188e-05
1.1863228e-05
1.302897e-05
1.932152e-06
2.1765237e-06
2.4959264e-06
2.7412108e-06
3.8492257e-05
4.1785944e-05
4.6092176e-05
4.9399794e-05
2.7714182e-05
3.0086688e-05
3.3188931e-05
3.5572076e-05
1.3651058e-05
1.4820101e-05
1.6348871e-05
1.7523401e-05
2.8721079e-06
3.1180952e-06
3.4397857e-06
3.6869435e-06
7.9844949e-05
8.6655745e-05
9.5552648e-05
0.0001023801
6.9071403e-05
7.4969294e-05
8.2675877e-05
8.8591683e-05
5.5012504e-05
5.9715168e-05
6.5861876e-05
7.058182e-05
4.4235681e-05
4.8019677e-05
5.2966542e-05
5.6765899e-05
0.00012116618
0.00013144581
0.0001448535
0.00015512559
0.0001104034
0.00011978529
0.00013202781
0.00014141196
9.6355639e-05
0.00010455933
0.00011527013
0.00012348493
8.5585437e-05
9.2881422e-05
0.0001024105
0.00010972174
8.1699956e-05
9.1985792e-05
0.0001054043
0.00011568715
7.4413524e-05
8.3789343e-05
9.6024683e-05
0.0001054043
6.4915402e-05
7.3101945e-05
8.3789343e-05
9.1985793e-05
5.7641689e-05
6.4915399e-05
7.4413521e-05
8.1699954e-05
0.00010972175
0.00012348492
0.00014141195
0.00015512559
0.0001024105
0.00011527013
0.00013202781
0.0001448535
9.2881425e-05
0.00010455933
0.00011978529
0.00013144581
8.558544e-05
9.6355639e-05
0.0001104034
0.00012116618
0.00016242322
0.00017609567
0.00019388781
0.0002074849
0.00015168119
0.00016447846
0.00018114299
0.00019388781
0.00013765601
0.00014930158
0.00016447846
0.00017609567
0.00012690005
0.00013765601
0.00015168119
0.00016242321
0.00021471561
0.00022825342
0.00024585195
0.0002592864
0.00020066891
0.00021337214
0.00022990079
0.00024253075
0.00018228064
0.00019387477
0.00020897616
0.00022052834
0.00016814467
0.0001788747
0.00019286044
0.00020356713
0.00026642523
0.0002797834
0.00029713454
0.00031036256
0.00024924665
0.00026182229
0.00027817486
0.00029065545
0.00022667587
0.00023819643
0.00025319539
0.00026465705
0.00020926765
0.00021995617
0.00023388304
0.00024453401
0.00019995563
0.00021019326
0.00022353779
0.00023374733
0.00018242155
0.00019180035
0.00020403338
0.0002133986
0.00015943857
0.00016767445
0.0001784245
0.00018666024
0.00014175252
0.00014909754
0.00015868922
0.00016604085
0.00016059788
0.00017086287
0.00018424708
0.00019449696
0.000146413
0.00015579753
0.00016804095
0.00017742297
0.00012786457
0.00013608652
0.00014682034
0.00015505122
0.00011362071
0.00012094233
0.0001305049
0.00013784096
0.00010602153
0.00011286045
0.00012179444
0.00012864972
9.174756e-05
9.7675891e-05
0.00010542299
0.00011136966
7.310032e-05
7.7832454e-05
8.4018639e-05
8.8768926e-05
5.8793468e-05
6.260371e-05
6.7585828e-05
7.1412387e-05
5.1165048e-05
5.4482554e-05
5.8820809e-05
6.2153175e-05
3.6844061e-05
3.9234771e-05
4.2361522e-05
4.4763646e-05
1.8150342e-05
1.9328773e-05
2.0870195e-05
2.2054532e-05
3.8188761e-06
4.0668662e-06
4.391256e-06
4.6405072e-06
6.3931504e-05
6.7273686e-05
7.1643744e-05
7.4997388e-05
4.6045675e-05
4.8455348e-05
5.1606574e-05
5.4025214e-05
2.268667e-05
2.3874916e-05
2.5429019e-05
2.6621964e-05
4.7735496e-06
5.0236357e-06
5.3507351e-06
5.6018299e-06
0.00013230547
0.00013917114
0.00014813879
0.0001550136
0.00011454162
0.00012050016
0.00012828575
0.00013425647
9.1303378e-05
9.606557e-05
0.00010229035
0.00010706583
7.3454306e-05
7.7291624e-05
8.2308603e-05
8.6158334e-05
0.0001586754
0.0001655626
0.00017457426
0.00018142215
0.00013743743
0.00014342156
0.00015125392
0.00015720718
0.00010961062
0.00011439904
0.00012066833
0.00012543475
8.821009e-05
9.2071312e-05
9.7127553e-05
0.00010097231
7.6784857e-05
8.0148912e-05
8.4554463e-05
8.7904658e-05
5.5314447e-05
5.7741016e-05
6.0919219e-05
6.3336319e-05
2.7257895e-05
2.8454922e-05
3.0022873e-05
3.121542e-05
5.7356852e-06
5.9876493e-06
6.3176996e-06
6.5687318e-06
8.9664586e-05
9.3067487e-05
9.7667766e-05
0.00010072614
6.4606134e-05
6.7061482e-05
7.0380879e-05
7.2587692e-05
3.1841944e-05
3.3053451e-05
3.4691334e-05
3.5780228e-05
6.7006189e-06
6.9556515e-06
7.3004421e-06
7.5296605e-06
0.00018501801
0.00019196861
0.00020136286
0.00020760844
0.00016033371
0.00016637781
0.00017454753
0.00017997901
0.00012793835
0.00013277874
0.00013932193
0.00014367201
0.00010299196
0.00010689695
0.0001121759
0.00011568547
0.00027811687
0.00028836118
0.00030219833
0.00031139606
0.00025415492
0.00026357535
0.00027630261
0.00028476327
0.00022255471
0.00023086103
0.00024208561
0.00024954778
0.00019811221
0.00020553917
0.00021557669
0.00022224987
0.00023917818
0.00024937948
0.00026270372
0.00027281309
0.00021838243
0.00022774796
0.00023998768
0.00024927893
0.00019104503
0.00019928858
0.00021006876
0.00021825649
0.00016995608
0.00017731896
0.00018695126
0.00019426963
0.00031738254
0.00033053784
0.000347663
0.00036061747
0.00029728372
0.00030971431
0.00032591355
0.00033817956
0.00027074918
0.0002821837
0.00029710235
0.00030841052
0.00025019825
0.00026083527
0.00027472376
0.00028525801
0.00036740183
0.00038048459
0.00039812721
0.00040984554
0.00034460714
0.00035700874
0.00037374231
0.00038486011
0.00031433987
0.00032578668
0.0003412407
0.00035151113
0.00029078368
0.00030145491
0.00031586658
0.00032544564
0.00045087031
0.00046603603
0.00048640697
0.00049990552
0.00042981129
0.00044452914
0.00046432599
0.00047745558
0.00040156889
0.00041559567
0.00043448915
0.00044703003
0.00037939172
0.0003928173
0.00041091566
0.00042293432
0.00052609302
0.00054213538
0.00056347338
0.00057751892
0.00050743155
0.00052339355
0.00054469928
0.00055875793
0.00048204994
0.00049774193
0.00051875937
0.00053266017
0.00046186703
0.00047723909
0.00049786894
0.00051153128
0.00046244781
0.00047955548
0.0005014222
0.00051767563
0.00044464587
0.00046144215
0.00048299602
0.0004990802
0.00042086782
0.00043715262
0.00045813845
0.00047386336
0.00040225082
0.00041806908
0.00043850745
0.0004538609
0.00039219754
0.00040774277
0.00042785305
0.00044297768
0.00037309569
0.0003880863
0.00040751849
0.00042216109
0.0003477396
0.00036193073
0.0003803668
0.000394287
0.000328001
0.00034152729
0.00035912394
0.00037242719
0.00033119737
0.00034730387
0.00036810437
0.00038386688
0.00031451277
0.00032994638
0.00034991356
0.0003650732
0.00029253149
0.00030703947
0.000325847
0.00034015624
0.00027553338
0.00028929842
0.00030716658
0.0003207798
0.00026817406
0.00028476835
0.00030624378
0.00032255816
0.00025431921
0.00027014139
0.00029064492
0.00030624378
0.00023615976
0.00025094794
0.0002701414
0.00028476835
0.00022218314
0.00023615976
0.00025431921
0.00026817406
0.0003207798
0.00034015625
0.0003650732
0.00038386689
0.00030716658
0.00032584701
0.00034991357
0.00036810437
0.00028929843
0.00030703948
0.00032994639
0.00034730389
0.00027553338
0.00029253149
0.00031451278
0.00033119738
0.00039376689
0.00041211844
0.0004355969
0.00045320773
0.00037770187
0.00039552358
0.00041839009
0.00043559691
0.00035647849
0.00037354902
0.00039552358
0.00041211844
0.00034002727
0.00035647848
0.00037770186
0.00039376689
0.0004538609
0.00047386333
0.00049908021
0.0005176757
0.00043850745
0.00045813846
0.00048299609
0.00050142228
0.00041806908
0.00043715265
0.00046144219
0.00047955553
0.00040225083
0.00042086782
0.00044464588
0.00046244782
0.00037242714
0.00039428696
0.00042216107
0.00044297769
0.00035912391
0.00038036678
0.00040751848
0.00042785304
0.00034152728
0.00036193074
0.00038808629
0.00040774276
0.000328001
0.00034773961
0.00037309569
0.00039219755
0.00042293417
0.00044702994
0.00047745565
0.00049990578
0.00041091561
0.00043448912
0.00046432601
0.00048640707
0.00039281728
0.00041559565
0.0004445291
0.00046603601
0.00037939167
0.00040156885
0.00042981125
0.00045087028
0.00051153162
0.00053266041
0.00055875773
0.0005775186
0.00049786907
0.00051875948
0.00054469918
0.00056347323
0.00047723906
0.00049774194
0.00052339352
0.00054213534
0.00046186699
0.00048204991
0.00050743154
0.00052609305
0.00058704072
0.00060398269
0.00062416684
0.00063799867
0.0005730552
0.00059022379
0.00061095534
0.00062540935
0.00055177392
0.00056920771
0.00059062974
0.00060588351
0.00053573794
0.00055328798
0.00057508325
0.00059079344
0.00052730859
0.00054488484
0.00056681603
0.0005827077
0.0005110056
0.00052857313
0.00055066744
0.000566816
0.00048901863
0.00050645556
0.0005285731
0.00054488477
0.00047177533
0.00048901859
0.0005110055
0.00052730851
0.0005907934
0.00060588313
0.00062540832
0.00063799735
0.00057508318
0.00059062942
0.00061095472
0.00062416611
0.00055328785
0.00056920748
0.00059022361
0.00060398253
0.00053573783
0.0005517739
0.00057305527
0.0005870409
0.00064473394
0.0006565538
0.00067042487
0.00067856899
0.00063254916
0.0006453462
0.0006609195
0.00067042464
0.00061354428
0.00062759988
0.00064534538
0.00065655207
0.00059875608
0.00061354393
0.00063254793
0.00064473216
