FiniteElementSpace
FiniteElementCollection: L2_2D_P1
VDim: 1
Ordering: 0

18.108533
18.223588
18.082556
18.202643
17.858184
17.989637
17.817815
17.94505
17.775069
17.867081
17.704065
17.797565
17.648229
17.774813
17.579285
17.709103
17.891384
18.040289
17.832573
17.990224
17.76557
17.938523
17.680419
17.86875
17.528835
17.643199
17.449252
17.555487
17.371398
17.480739
17.241215
17.358448
17.144193
17.266425
17.054893
17.180806
17.415434
17.651081
17.336784
17.588743
17.610995
17.809997
17.499503
17.718405
17.95007
18.114947
17.874336
18.063592
17.82182
18.030301
17.774506
18.001919
18.159409
18.304743
18.140231
18.291542
18.223186
18.355714
18.183348
18.322593
18.19652
18.455015
18.083741
18.356281
18.705792
18.802481
18.568577
18.668692
18.854597
18.916845
18.730568
18.807543
18.667618
18.745546
18.615496
18.687477
18.511092
18.605751
18.462817
18.55591
18.437072
18.531744
18.408215
18.506138
18.392646
18.492481
18.381257
18.482457
18.55262
18.618873
18.543317
18.610278
18.590631
18.65861
18.56551
18.631531
18.699343
18.742378
18.669752
18.709529
18.65678
18.695731
18.648417
18.687193
18.715629
18.731097
18.706504
18.720578
18.764911
18.783861
18.730308
18.747406
18.873423
18.889829
18.803451
18.822475
18.795727
18.848604
18.732143
18.77948
18.957289
18.999111
18.857569
18.909897
19.016104
19.021527
18.933031
18.945444
19.134514
19.132467
19.071389
19.07237
19.215466
19.215667
19.172384
19.170495
19.200658
19.21081
19.158597
19.168662
19.114192
19.129249
19.030536
19.060155
19.078417
19.099571
18.957471
19.001543
19.05093
19.06408
18.879327
18.922904
19.170586
19.174957
19.123357
19.129152
19.181095
19.192079
19.136714
19.149318
19.222376
19.23727
19.201195
19.213852
19.207801
19.213986
19.188899
19.194089
19.226243
19.233099
19.218265
19.224881
19.242386
19.25887
19.233844
19.24975
19.271906
19.288056
19.262317
19.277845
19.249026
19.26349
19.223817
19.235922
19.271042
19.274604
19.24196
19.243857
19.296675
19.301371
19.286066
19.29034
19.298118
19.282747
19.286869
19.271317
19.270764
19.254893
19.239106
19.222396
19.234609
19.194139
19.201763
19.161113
19.262643
19.222224
19.251151
19.210722
19.182828
19.115407
19.171361
19.104027
19.056107
18.961685
19.04481
18.950515
19.028489
18.934359
18.995867
18.902005
19.154816
19.087595
19.121823
19.054787
19.090796
19.02389
19.040468
18.973725
18.965109
18.871417
18.915127
18.821565
18.87392
18.780381
18.813468
18.720027
18.998967
18.932364
18.937887
18.871584
19.08054
19.03846
19.019851
18.977402
19.171045
19.130106
19.121439
19.079874
19.209889
19.192147
19.16307
19.14346
19.124161
19.103267
19.064346
19.043005
19.015339
18.995489
18.943531
18.928093
18.972883
18.930748
18.907473
18.86666
18.860746
18.821245
18.802091
18.764155
18.891199
18.879534
18.826842
18.818914
18.788721
18.781556
18.751038
18.742587
18.733391
18.723426
18.721664
18.710312
18.706127
18.668635
18.692427
18.654677
18.765268
18.727934
18.725898
18.688627
18.690241
18.625061
18.651083
18.585851
18.631116
18.565885
18.617154
18.551942
18.507423
18.411739
18.493464
18.397721
18.566991
18.471973
18.527463
18.431917
18.660307
18.567201
18.603529
18.509253
18.782761
18.717527
18.726208
18.661093
18.891385
18.825427
18.827748
18.762262
18.767738
18.674367
18.704982
18.612019
18.524681
18.252604
18.401104
18.116364
18.38961
18.256933
18.34932
18.217719
18.329088
18.197198
18.314979
18.182531
18.085341
17.908073
18.069417
17.888603
18.149656
17.98775
18.107562
17.935463
17.851277
17.641788
17.790104
17.562973
17.757006
17.516286
17.733115
17.479754
17.311912
17.00092
17.254292
16.874653
17.473821
17.230753
17.376468
17.103038
17.640341
17.423569
17.545708
17.316296
17.978963
17.790082
17.903731
17.704424
18.10709
17.929743
18.034034
17.850964
17.789402
17.585511
17.705937
17.495643
17.914559
17.717165
17.845466
17.644936
18.0111
17.816432
17.959149
17.763233
18.315265
18.144874
18.264827
18.093708
18.222214
18.050106
18.157799
17.983245
18.483329
18.33827
18.418738
18.274956
18.701691
18.580708
18.640901
18.516776
18.793142
18.67325
18.743203
18.623075
18.576134
18.430836
18.525899
18.380605
18.638312
18.492928
18.606485
18.461177
18.85581
18.735599
18.823641
18.703652
18.882921
18.762446
18.871844
18.751485
18.665006
18.519498
18.654113
18.508662
18.404009
18.234145
18.393187
18.2233
18.377459
18.20752
18.34568
18.175561
18.074293
17.880569
18.042103
17.847969
18.101044
17.907561
18.090155
17.896584
17.757703
17.542575
17.746652
17.531428
17.378254
17.146149
17.367051
17.134898
17.350651
17.118416
17.317062
17.084605
17.730512
17.515125
17.697585
17.481783
17.665638
17.44932
17.611513
17.39406
17.564391
17.34567
17.490001
17.268734
17.179237
16.945169
17.100838
16.865406
17.284294
17.051554
17.228365
16.994995
16.877339
16.636972
16.820542
16.580143
16.770438
16.529962
16.690139
16.449491
16.354826
16.120704
16.274563
16.041073
16.461533
16.226588
16.404872
16.170364
16.528266
16.292797
16.494557
16.259355
16.944364
16.703937
16.910488
16.670105
16.972125
16.731638
16.960865
16.720405
16.555857
16.320164
16.544671
16.309069
16.153908
15.940347
16.142895
15.929456
16.126743
15.913483
16.093548
15.880663
15.770723
15.599062
15.738185
15.566892
15.797365
15.625416
15.786563
15.614729
15.519874
15.407778
15.509264
15.397258
15.351554
15.312551
15.341082
15.302115
15.325732
15.286816
15.294227
15.255417
15.493712
15.381836
15.461785
15.350185
15.430555
15.319235
15.377087
15.26627
15.263424
15.224719
15.210721
15.172203
15.164316
15.125969
15.090133
15.052073
15.329969
15.219622
15.25459
15.145031
15.603553
15.433957
15.526393
15.357869
15.706328
15.535413
15.651726
15.481494
16.061026
15.848519
16.005232
15.7934
15.955962
15.744748
15.876973
15.666786
15.810468
15.601172
15.707541
15.499692
15.623163
15.416617
15.495201
15.291133
15.279139
15.114461
15.155471
14.99295
15.461484
15.293908
15.361165
15.195138
15.191254
15.082385
15.093489
14.985716
15.027842
14.990031
14.931731
14.894308
14.853258
14.816149
14.735021
14.698364
15.013661
14.906792
14.893436
14.787898
14.797427
14.692892
14.655822
14.552622
14.640504
14.604183
14.500886
14.465012
14.391364
14.355799
14.232515
14.197338
14.544942
14.442652
14.384445
14.28325
14.798081
14.641258
14.634916
14.479731
15.056708
14.895951
14.911381
14.753026
15.392096
15.190694
15.239441
15.042934
15.122554
14.928278
14.956852
14.763916
16.038233
15.576931
15.686658
15.249668
16.016578
15.785187
15.886159
15.655809
16.20696
15.974018
16.102309
15.87024
16.622477
16.381692
16.517398
16.276626
16.430675
16.190366
16.296756
16.058518
16.848668
16.607443
16.718412
16.473835
17.035016
16.79824
16.932974
16.693852
17.428308
17.2044
17.334087
17.105137
17.2576
17.023567
17.141877
16.898229
17.047752
16.794341
16.901212
16.630006
16.609996
16.363073
16.440207
16.191581
16.297458
16.055247
16.076426
15.856627
16.77289
16.486238
16.527855
16.245516
16.197769
16.041987
15.838211
15.755105
15.901604
15.702134
15.654923
15.488787
15.482859
15.335612
15.273446
15.139909
15.625928
15.564642
15.392159
15.342953
15.255926
15.210153
15.114769
15.071084
15.044951
15.001885
14.996764
14.954019
14.939344
14.813388
14.891782
14.765707
15.144575
15.015511
15.007878
14.881526
14.89595
14.708122
14.762797
14.571087
14.693695
14.49601
14.644817
14.440451
14.32671
14.066761
14.256452
13.941845
14.560556
14.351503
14.413339
14.182104
15.401356
14.988632
15.017519
14.625309
14.829446
14.638386
14.651119
14.461303
14.51827
14.32797
14.333452
14.139834
14.199463
14.045414
14.009923
13.856135
14.510082
14.355712
14.33328
14.179322
14.260981
14.160447
14.085085
13.985321
14.11007
14.075151
13.935401
13.900817
13.80284
13.76851
13.616722
13.582814
13.951526
13.852396
13.763315
13.665603
13.621935
13.525921
13.425809
13.333058
13.47778
13.44431
13.286369
13.253788
13.149217
13.11751
13.011991
12.981329
13.284305
13.194554
13.142187
13.055787
13.514793
13.369305
13.350774
13.222992
13.866205
13.713247
13.66483
13.514066
14.197146
13.99777
14.013288
13.800207
13.876212
13.650251
13.652445
13.439247
13.381688
13.287335
13.167808
13.118319
