FiniteElementSpace
FiniteElementCollection: L2_2D_P4
VDim: 1
Ordering: 0

0.012783181
0.011793119
0.01023391
0.0085604277
0.0073615113
0.062801625
0.05793759
0.050277559
0.04205604
0.036165997
0.13538529
0.12489965
0.10838651
0.090662863
0.077965394
0.20645666
0.19046648
0.16528463
0.13825684
0.11889376
0.25371245
0.23406225
0.20311654
0.16990233
0.14610724
0.006734555
0.0054801824
0.0035936866
0.0016670706
0.00033933497
0.033085751
0.026923287
0.017655074
0.0081896488
0.0016670483
0.071325204
0.058040341
0.038060276
0.017655057
0.0035936871
0.10876779
0.088509053
0.058040369
0.026923308
0.0054801959
0.13366351
0.10876778
0.07132522
0.033085796
0.0067345603
0.14610723
0.11889375
0.077965407
0.03616602
0.0073615356
0.16990233
0.13825684
0.090662867
0.04205605
0.0085604455
0.20311652
0.16528461
0.10838649
0.050277569
0.010233942
0.23406224
0.19046649
0.12489965
0.057937574
0.011793123
0.2537124
0.20645665
0.1353853
0.062801577
0.012783187
0.27733252
0.25585289
0.22202615
0.18571984
0.15970945
0.32249943
0.2975215
0.25818551
0.21596624
0.18571983
0.38554524
0.3556844
0.3086585
0.25818551
0.22202614
0.44428518
0.40987489
0.35568438
0.29752149
0.25585287
0.48158441
0.4442852
0.38554522
0.3224994
0.2773325
