FiniteElementSpace
FiniteElementCollection: L2_2D_P3
VDim: 1
Ordering: 0

0.0006293703720279125
0.003388877268975975
0.006918957470561428
0.009536339907888308
0.003388877268991763
0.01638104484427947
0.03286276758300941
0.04498948497124529
0.006918957470582989
0.03286276758299161
0.06545265440780394
0.0892147708039531
0.009536339907907393
0.04498948497119559
0.08921477080391763
0.1212558665282813
0.01088972541765788
0.0512298090451536
0.1013733975748652
0.1375860382251285
0.01333413451156772
0.06244943012022815
0.1231181568620907
0.1666874870792275
0.01630278328521967
0.07598847904114428
0.1491672080893402
0.2013845970302465
0.0183803230423859
0.08540790577214019
0.167171503950207
0.2252684312684096
0.1560056045938916
0.1887743050002095
0.2277592575422684
0.2545475299656343
0.1887743050001991
0.2279624220398997
0.2744300264059986
0.306273857472002
0.2277592575422623
0.2744300264060032
0.3295823435305638
0.3672704646919854
0.2545475299656413
0.3062738574720251
0.3672704646920046
0.4088781455630665
0.01088972541764155
0.0133341345115598
0.01630278328522624
0.01838032304240413
0.05122980904522424
0.06244943012033748
0.07598847904130016
0.08540790577233132
0.1013733975749204
0.1231181568621746
0.1491672080894428
0.1671715039503176
0.1375860382251415
0.1666874870792528
0.201384597030268
0.2252684312684201
0.01940910764602729
0.02117952884251502
0.02315207871720536
0.0243865071737785
0.09005539643972796
0.09802783244073536
0.1068725996888228
0.1123874727559242
0.1760196787280058
0.19114730876775
0.2078560847080531
0.2182357321240853
0.2369788569807203
0.2569625028940002
0.2789819610676257
0.2926343061516116
0.0249408903662559
0.02578010355357242
0.02647073968421639
0.02668364544221489
0.114859172782728
0.1185953898105158
0.1216648026259854
0.1226098555399851
0.2228785347160998
0.2298865806204126
0.2356340795759314
0.2374014630381546
0.2987351229670376
0.3079375411210988
0.3154787420713922
0.3177964927351642
0.336758516008406
0.3470382932132191
0.3554591544716376
0.3580463506847749
0.4036229776469883
0.4157574842939376
0.4256915786510359
0.4287424623748765
0.4820256093741219
0.4962928472310228
0.5079693331979528
0.5115546633840502
0.5353132485979284
0.551025992656495
0.5638892682559855
0.5678399764480302
0.267670003844527
0.2900467933875724
0.3146800753415929
0.3299413620862893
0.3218505079434916
0.3483785704500218
0.3775337608457001
0.3955715608220648
0.385676773197029
0.4169817921410894
0.4513308669637882
0.4725561448833505
0.4291788462556136
0.463682359068075
0.5015150114578855
0.524885779369656
0.4503951847356024
0.4864477485829312
0.5259743112114285
0.5503954948816914
0.4864477485829803
0.5251242269532481
0.5675371526669603
0.5937768188316568
0.5259743112115125
0.5675371526669727
0.6132405471299944
0.6417354043768498
0.550395494881758
0.5937768188316458
0.6417354043768478
0.6720492142289525
0.5612952224381904
0.5777279991647597
0.5911924079792271
0.5953315208111917
0.6055098488849461
0.6232493894234746
0.637850121338865
0.6423571765612319
0.6545975336204199
0.6743065595024983
0.6908630342749513
0.6960682067380478
0.6859534916490483
0.7077323076829822
0.7266217116796707
0.7327253487850705
0.7005103058833909
0.7236755318090792
0.7442087855671776
0.750958326462285
0.7236755318090771
0.7498929644633665
0.7741386935800834
0.7823708359283589
0.7442087855671392
0.7741386935800459
0.8029864316858417
0.813066493493287
0.7509583264622013
0.7823708359282938
0.8130664934932837
0.8238327909649695
0.561295222438235
0.605509848884922
0.6545975336204287
0.6859534916490655
0.5777279991647867
0.6232493894234565
0.6743065595025267
0.7077323076830065
0.5911924079792535
0.6378501213388731
0.690863034274994
0.7266217116796742
0.5953315208112252
0.6423571765612542
0.6960682067381002
0.7327253487850518
0.3367585160086065
0.4036229776472535
0.4820256093744011
0.535313248598081
0.3470382932135135
0.4157574842942645
0.4962928472313239
0.5510259926566342
0.3554591544720296
0.425691578651414
0.5079693331982829
0.5638892682561232
0.3580463506852258
0.4287424623752899
0.5115546633844035
0.5678399764481855
0.2676700038445458
0.3218505079435297
0.3856767731970668
0.4291788462556343
0.2900467933876179
0.3483785704501005
0.4169817921411859
0.4636823590681541
0.3146800753416857
0.3775337608458538
0.4513308669639799
0.5015150114580315
0.3299413620864411
0.3955715608222882
0.4725561448836091
0.5248857793698175
0.01940910764600321
0.09005539643951685
0.1760196787278873
0.2369788569807176
0.02117952884248038
0.09802783244048789
0.1911473087676197
0.256962502894016
0.02315207871715835
0.1068725996885314
0.2078560847079231
0.2789819610676796
0.02438650717372361
0.1123874727555995
0.2182357321239604
0.2926343061517152
0.02494089036619763
0.1148591727823857
0.2228785347159771
0.298735122967179
0.02578010355350959
0.118595389810144
0.229886580620295
0.307937541121317
0.02647073968415041
0.1216648026255818
0.2356340795758196
0.3154787420717047
0.02668364544214821
0.1226098555395621
0.2374014630380402
0.3177964927355371
0.02668364544214734
0.1226098555395589
0.2374014630380404
0.3177964927355507
0.02647073968414614
0.1216648026255655
0.2356340795758221
0.3154787420717666
0.02578010355350058
0.118595389810108
0.2298865806203015
0.3079375411214333
0.02494089036618475
0.1148591727823317
0.2228785347159841
0.2987351229673271
0.3580463506852286
0.4287424623752767
0.5115546633844062
0.5678399764481881
0.3554591544720533
0.4256915786513567
0.5079693331982799
0.5638892682561421
0.3470382932135889
0.415757484294184
0.4962928472312785
0.5510259926566634
0.3367585160087394
0.4036229776472037
0.4820256093743026
0.5353132485980836
0.3299413620866078
0.3955715608222803
0.4725561448834905
0.5248857793697885
0.3146800753419021
0.3775337608459522
0.4513308669638914
0.5015150114579541
0.2900467933878599
0.3483785704503381
0.4169817921412173
0.4636823590680771
0.2676700038447624
0.3218505079438356
0.3856767731972303
0.4291788462556371
0.02438650717370838
0.1123874727555347
0.218235732123966
0.2926343061518746
0.02315207871713787
0.1068725996884492
0.2078560847079172
0.2789819610678422
0.02117952884245282
0.09802783244038893
0.191147308767585
0.2569625028941506
0.01940910764597078
0.09005539643940738
0.1760196787278234
0.2369788569808062
0.01838032304235123
0.08540790577202609
0.1671715039501264
0.2252684312684676
0.01630278328518125
0.07598847904102256
0.1491672080892323
0.2013845970302481
0.01333413451152631
0.06244943012009749
0.1231181568619493
0.1666874870791535
0.0108897254176166
0.05122980904501864
0.1013733975746957
0.1375860382249963
0.009536339907866996
0.04498948497106073
0.08921477080373341
0.1212558665281179
0.006918957470544856
0.0328627675828662
0.065452654407608
0.08921477080373974
0.003388877268956393
0.01638104484418382
0.03286276758284557
0.04498948497103671
0.0006293703719924671
0.003388877268917151
0.006918957470475949
0.009536339907783586
0.1375860382250091
0.1666874870792055
0.2013845970303627
0.2252684312686243
0.1013733975747106
0.1231181568619925
0.1491672080893287
0.1671715039502681
0.05122980904499416
0.06244943012007718
0.07598847904101633
0.0854079057720346
0.01088972541752637
0.01333413451142586
0.01630278328507073
0.0183803230422343
0.2545475299658259
0.3062738574723381
0.3672704646922385
0.4088781455631444
0.227759257542371
0.2744300264062746
0.3295823435308787
0.3672704646922147
0.1887743050001942
0.2279624220400485
0.2744300264063052
0.3062738574723529
0.1560056045938017
0.1887743050002324
0.2277592575424592
0.2545475299659326
0.4291788462556187
0.4636823590680523
0.5015150114579315
0.5248857793697542
0.3856767731971815
0.4169817921411497
0.4513308669638244
0.47255614488342
0.3218505079438216
0.3483785704502734
0.3775337608458451
0.3955715608221587
0.267670003844864
0.2900467933879262
0.3146800753418961
0.3299413620865396
0.2369788569809802
0.256962502894336
0.2789819610680035
0.2926343061519991
0.1760196787279927
0.1911473087678098
0.2078560847082053
0.2182357321242967
0.09005539643942484
0.09802783244042772
0.1068725996885182
0.1123874727556226
0.01940910764585072
0.02117952884232654
0.0231520787170027
0.0243865071735667
0.2987351229674285
0.3079375411214885
0.3154787420717771
0.3177964927355563
0.2228785347163352
0.2298865806206871
0.2356340795762475
0.2374014630384912
0.114859172782428
0.1185953898102221
0.1216648026256991
0.1226098555397005
0.02494089036603985
0.02578010355334948
0.02647073968398719
0.02668364544198294
0.5353132485980332
0.5510259926566063
0.56388926825611
0.5678399764481726
0.4820256093742167
0.4962928472311578
0.5079693331981273
0.5115546633842367
0.4036229776470745
0.4157574842940373
0.4256915786511767
0.4287424623750389
0.3367585160086369
0.347038293213429
0.3554591544718384
0.3580463506849815
0.685953491648884
0.7077323076828084
0.7266217116794614
0.7327253487848493
0.654597533620271
0.6743065595023429
0.6908630342747258
0.6960682067377568
0.6055098488848762
0.6232493894234259
0.6378501213388522
0.6423571765612379
0.5612952224382388
0.5777279991648103
0.5911924079793187
0.5953315208113266
0.5503954948817802
0.5937768188315967
0.641735404376684
0.6720492142287696
0.5259743112114992
0.5675371526669564
0.6132405471298891
0.6417354043766935
0.4864477485829288
0.5251242269532498
0.5675371526669557
0.5937768188316024
0.450395184735565
0.4864477485829175
0.5259743112114837
0.5503954948817572
0.595331520811217
0.6423571765612437
0.6960682067380968
0.7327253487850477
0.5911924079792388
0.6378501213388285
0.69086303427496
0.7266217116796452
0.577727999164796
0.6232493894233876
0.6743065595024259
0.7077323076829177
0.5612952224382619
0.6055098488848574
0.6545975336202705
0.685953491648907
0.7509583264621956
0.7823708359282865
0.8130664934932745
0.8238327909649689
0.7442087855671088
0.7741386935800176
0.8029864316858163
0.8130664934932805
0.7236755318089962
0.7498929644632978
0.7741386935800335
0.782370835928318
0.7005103058832483
0.7236755318089422
0.7442087855670583
0.7509583264621785
0.8238327909649514
0.8130664934932819
0.7823708359283944
0.7509583264622907
0.8130664934932725
0.802986431685859
0.774138693580142
0.744208785567128
0.7823708359283407
0.7741386935801177
0.7498929644633255
0.7236755318087952
0.7509583264622034
0.7442087855670741
0.7236755318087856
0.700510305882924
0.7327253487849232
0.6960682067377065
0.6423571765611038
0.595331520811146
0.7266217116794224
0.6908630342745614
0.6378501213387244
0.5911924079792036
0.707732307682564
0.6743065595021256
0.6232493894233697
0.5777279991647608
0.6859534916485758
0.6545975336201251
0.6055098488848921
0.5612952224381798
0.6720492142285316
0.6417354043766327
0.593776818831639
0.5503954948816639
0.6417354043766533
0.6132405471299451
0.5675371526669523
0.5259743112112779
0.5937768188316936
0.5675371526669921
0.5251242269530761
0.4864477485824847
0.5503954948817465
0.5259743112113442
0.4864477485825371
0.4503951847349297
0.7327253487848467
0.7266217116793769
0.707732307682561
0.6859534916485832
0.6960682067377241
0.6908630342745902
0.6743065595021576
0.6545975336201507
0.6423571765612319
0.6378501213388424
0.6232493894234508
0.6055098488849513
0.5953315208113332
0.5911924079793571
0.5777279991648732
0.5612952224382741
0.5678399764481765
0.5638892682561217
0.551025992656591
0.5353132485979464
0.5115546633842257
0.5079693331980615
0.4962928472309875
0.4820256093739397
0.4287424623750075
0.4256915786510392
0.4157574842937848
0.4036229776467477
0.3580463506849613
0.3554591544717523
0.3470382932132883
0.3367585160084853
0.3177964927355551
0.3154787420717716
0.3079375411214919
0.2987351229674642
0.237401463038502
0.235634079576304
0.2298865806208095
0.2228785347165075
0.122609855539705
0.1216648026257182
0.118595389810253
0.1148591727824607
0.02668364544198105
0.02647073968397784
0.02578010355333001
0.02494089036601304
0.2926343061520623
0.2789819610681321
0.2569625028945768
0.23697885698132
0.2182357321244933
0.2078560847084414
0.1911473087680786
0.1760196787282648
0.1123874727556534
0.1068725996885393
0.09802783244042354
0.09005539643939298
0.02438650717353616
0.02315207871696561
0.02117952884228374
0.01940910764580715
0.5248857793696065
0.5015150114576435
0.4636823590675353
0.4291788462548914
0.4725561448830821
0.4513308669633643
0.4169817921405397
0.3856767731965077
0.3955715608217993
0.3775337608454464
0.3483785704498999
0.3218505079435687
0.329941362086395
0.3146800753417945
0.290046793387949
0.2676700038450419
0.4088781455623002
0.3672704646914896
0.3062738574722106
0.2545475299663258
0.3672704646915545
0.329582343530508
0.2744300264065177
0.2277592575429755
0.3062738574722234
0.274430026406488
0.2279624220405572
0.1887743050007082
0.2545475299662155
0.2277592575428896
0.1887743050006836
0.1560056045940994
0.2252684312690141
0.2013845970307784
0.1666874870795265
0.1375860382251704
0.1671715039505286
0.1491672080895289
0.1231181568620689
0.1013733975746803
0.08540790577198588
0.07598847904093786
0.06244943011996523
0.05122980904486178
0.01838032304219155
0.01630278328502987
0.01333413451138875
0.01088972541749299
0.1212558665281802
0.08921477080362966
0.04498948497085421
0.009536339907772253
0.08921477080365617
0.06545265440744533
0.03286276758268947
0.006918957470472898
0.04498948497089583
0.03286276758270337
0.01638104484407964
0.003388877268919351
0.00953633990775285
0.006918957470452826
0.003388877268905784
0.0006293703719889336
0.2252684312691625
0.1671715039505551
0.08540790577185123
0.01838032304218246
0.2013845970308656
0.149167208089513
0.07598847904082054
0.01630278328503025
0.1666874870795425
0.1231181568620244
0.06244943011987737
0.01333413451140008
0.1375860382251654
0.1013733975746414
0.0512298090448025
0.01088972541751052
0.2926343061521038
0.21823573212472
0.1123874727555027
0.02438650717348598
0.2789819610682602
0.2078560847086186
0.106872599688382
0.0231520787169259
0.2569625028947622
0.1911473087681901
0.09802783244027197
0.02117952884225882
0.2369788569814948
0.1760196787283208
0.09005539643925146
0.01940910764579292
0.5248857793695281
0.4725561448827917
0.3955715608211743
0.3299413620860158
0.5015150114575498
0.45133086696306
0.3775337608449535
0.3146800753416004
0.4636823590674212
0.4169817921402846
0.3483785704496446
0.2900467933879604
0.4291788462548264
0.3856767731963638
0.3218505079434886
0.2676700038451416
0.5678399764480689
0.5115546633839705
0.4287424623741979
0.3580463506841506
0.5638892682560274
0.5079693331978093
0.425691578650277
0.3554591544710035
0.5510259926565156
0.4962928472307298
0.415757484293075
0.347038293212674
0.5353132485978694
0.4820256093736652
0.4036229776460856
0.3367585160080139
0.3177964927352765
0.2374014630388607
0.1226098555396582
0.02668364544191563
0.3154787420715466
0.2356340795766351
0.121664802625644
0.02647073968391294
0.3079375411213761
0.2298865806210998
0.1185953898101399
0.0257801035532694
0.2987351229674495
0.2228785347167594
0.1148591727823203
0.02494089036595838
0.2987351229673383
0.222878534716736
0.1148591727824357
0.0249408903659911
0.3079375411213071
0.2298865806210872
0.118595389810225
0.02578010355329365
0.3154787420715124
0.2356340795766338
0.1216648026256863
0.02647073968392468
0.3177964927352681
0.2374014630388616
0.122609855539667
0.02668364544191797
0.2369788569812966
0.1760196787283214
0.09005539643942385
0.01940910764584157
0.2569625028945589
0.1911473087681662
0.09802783244043441
0.02117952884230535
0.2789819610680797
0.2078560847085812
0.1068725996885275
0.02315207871696758
0.2926343061519635
0.2182357321246894
0.112387472755631
0.0243865071735223
0.4291788462547282
0.3856767731962283
0.3218505079432593
0.2676700038448904
0.4636823590673491
0.4169817921401979
0.3483785704494856
0.2900467933877411
0.5015150114575011
0.4513308669630094
0.3775337608448706
0.3146800753414402
0.5248857793694981
0.4725561448827594
0.3955715608211281
0.329941362085907
0.5353132485978391
0.4820256093736437
0.4036229776460529
0.3367585160079306
0.5510259926564715
0.49629284723073
0.4157574842930668
0.3470382932126257
0.5638892682559905
0.5079693331978248
0.4256915786502851
0.3554591544709844
0.5678399764480586
0.511554663383977
0.428742462374202
0.3580463506841469
0.6859534916488428
0.6545975336202096
0.6055098488847591
0.5612952224380849
0.7077323076827791
0.6743065595022885
0.623249389423301
0.5777279991646537
0.7266217116794877
0.690863034274692
0.6378501213387238
0.5911924079791313
0.7327253487849217
0.6960682067377396
0.6423571765611115
0.5953315208111286
0.750958326462294
0.7442087855671715
0.723675531808978
0.7005103058832016
0.7823708359283712
0.7741386935801224
0.7498929644633581
0.723675531808932
0.8130664934932735
0.8029864316858598
0.7741386935801292
0.744208785567122
0.8238327909649511
0.8130664934932881
0.7823708359283934
0.7509583264622723
0.5953315208111745
0.5911924079791471
0.5777279991646119
0.5612952224380114
0.6423571765612205
0.6378501213388017
0.6232493894233319
0.6055098488847436
0.6960682067380335
0.6908630342748906
0.6743065595023799
0.654597533620245
0.7327253487850643
0.7266217116796256
0.7077323076828637
0.6859534916488725
0.5503954948815075
0.5259743112111614
0.4864477485824119
0.4503951847348256
0.5937768188314436
0.5675371526667512
0.5251242269529286
0.4864477485823995
0.6417354043766377
0.6132405471297847
0.5675371526667834
0.525974311211198
0.6720492142287408
0.6417354043766265
0.5937768188314813
0.5503954948815807
0.3299413620860399
0.3146800753414012
0.2900467933875349
0.2676700038446455
0.3955715608215897
0.3775337608452042
0.3483785704496093
0.3218505079432465
0.4725561448829635
0.4513308669632382
0.4169817921403863
0.3856767731963286
0.5248857793694457
0.5015150114575142
0.4636823590674196
0.4291788462547774
0.3580463506847461
0.3554591544715107
0.3470382932129995
0.336758516008154
0.4287424623748411
0.4256915786508678
0.4157574842936067
0.4036229776465526
0.5115546633840411
0.5079693331978931
0.4962928472308495
0.4820256093738185
0.5678399764480163
0.5638892682559262
0.5510259926563795
0.5353132485977594
0.02668364544221405
0.02647073968421123
0.02578010355356017
0.02494089036623832
0.1226098555399894
0.1216648026260042
0.1185953898105502
0.1148591727827719
0.2374014630381581
0.2356340795759539
0.2298865806204725
0.2228785347161972
0.3177964927351551
0.3154787420713535
0.307937541121041
0.29873512296699
0.02438650717375825
0.02315207871717933
0.02117952884248152
0.01940910764598942
0.1123874727559706
0.106872599688868
0.09802783244077151
0.0900553964397507
0.218235732124203
0.207856084708205
0.1911473087679413
0.1760196787282177
0.2926343061515788
0.2789819610676482
0.2569625028941363
0.2369788569809517
0.01838032304236471
0.01630278328518434
0.01333413451151591
0.01088972541759781
0.08540790577234388
0.07598847904128686
0.06244943012028661
0.05122980904514934
0.1671715039505302
0.1491672080896241
0.1231181568622763
0.1013733975749426
0.2252684312686952
0.2013845970305766
0.1666874870795121
0.1375860382252965
0.009536339907845031
0.006918957470519196
0.003388877268933702
0.0006293703719816517
0.04498948497116066
0.03286276758291441
0.01638104484419161
0.003388877268926822
0.08921477080392948
0.06545265440770706
0.03286276758285921
0.006918957470495882
0.1212558665283628
0.08921477080386526
0.04498948497104377
0.009536339907803875
0.1375860382252806
0.1013733975748506
0.05122980904499756
0.0108897254175458
0.1666874870795312
0.1231181568621701
0.06244943012007203
0.01333413451144191
0.2013845970307299
0.1491672080895748
0.07598847904100413
0.01630278328507808
0.2252684312689749
0.1671715039505712
0.08540790577202696
0.01838032304223169
0.2545475299658392
0.2277592575425856
0.1887743050005473
0.1560056045941309
0.3062738574718846
0.2744300264061365
0.2279624220402797
0.1887743050005864
0.3672704646913572
0.3295823435302462
0.2744300264062077
0.2277592575427402
0.4088781455621854
0.3672704646913194
0.3062738574719451
0.2545475299660665
