FiniteElementSpace
FiniteElementCollection: L2_2D_P4
VDim: 1
Ordering: 0

0.008586155769988861
0.008561801645067479
0.008520922073071429
0.008478215486572715
0.008450610638471918
0.008561779104210049
0.008536257123588428
0.008496335712128824
0.0084571654359736
0.008432885776251628
0.008521030488122227
0.008496438194431993
0.008460908312971492
0.008428662025372399
0.008409600650387809
0.00847853380752637
0.008457333014477294
0.008428647982161967
0.008404084437215143
0.008389322920221588
0.008450848220811939
0.008432897242746026
0.008409513687748898
0.008389324142295427
0.008375861766309577
0.008437536279035944
0.008414669383080546
0.008386622074807764
0.008356807626105975
0.008327256773405425
0.008421606863794095
0.008402140445799799
0.008376444689509818
0.008343936551861116
0.008309878543008256
0.008400817085419147
0.008384980147719731
0.008359033394332175
0.008318967415332345
0.008277399381365163
0.008381999785052602
0.008366610183984897
0.008335103121384897
0.008284422114852653
0.00823572737257834
0.008368377816501276
0.00835080530378305
0.008312752923571363
0.008254416516610723
0.008201948521675127
0.008360370513979247
0.008340862422634923
0.008298932534856559
0.008237031583487696
0.008183204788240216
0.008340883333121479
0.008316580632908783
0.00826686007151679
0.008198975143564114
0.008143691893940718
0.008298763428345972
0.008266712229206528
0.008207334213620132
0.008135354282692277
0.008082643493888556
0.008236560536126756
0.008198704351279978
0.008135390896016167
0.008067965561993332
0.008024394000734519
0.008182790304601697
0.008143686958310513
0.008083010437932081
0.008024599269231582
0.007990086160718335
0.008437561274893663
0.008421459990679886
0.008400737749238961
0.008382062591326803
0.008368420733383843
0.008414473820479051
0.008402044618997717
0.0083851216094517
0.008366788638528581
0.008350873927234754
0.00838681414156719
0.008376806517225605
0.008359352485714249
0.008335135105497025
0.008312621156959786
0.008357404759242024
0.008344253181336476
0.008318772835826634
0.00828391675188005
0.008253904013295711
0.008327274310274121
0.008309426004020227
0.008276552314966951
0.008234910562096171
0.008201372372904858
0.008306264644720689
0.008286007979198184
0.008249986467952587
0.008206020324794819
0.008171653023988821
0.008251784140545778
0.008227601370816275
0.008187028682894016
0.008140955368724225
0.008107260451524986
0.008146820566618392
0.008121758444156395
0.008083312442891601
0.008044535271409982
0.008019136837523625
0.008032795589352982
0.008014362289415536
0.007988749081337537
0.007965333616677827
0.007950316061134005
0.007965244451860884
0.007953226970061868
0.007935871539108677
0.007916608168522849
0.007899966105150901
0.007937473019458236
0.007927357659228217
0.00790981840046334
0.007885142882995105
0.007860897835612213
0.007864295495184383
0.007842715658329979
0.007799592442850868
0.007737650008716178
0.00768094830138476
0.007353266173839808
0.007277996884754449
0.007148624087159206
0.0069929222988396
0.00686920765414267
0.005332276460286131
0.005224545513691393
0.005053814285617911
0.004866931692651192
0.004729583587369979
0.002197500927650514
0.002158420789041701
0.002098454857046524
0.002035294288756433
0.001990371896630063
0.007845208413753177
0.007805795258157607
0.007719911763956917
0.007586081712406067
0.007457154446462159
0.007646502495124598
0.007566236537481851
0.007411935808988296
0.007202872963658982
0.007021497057144423
0.006800050158170565
0.006651645492677556
0.006400675509498942
0.006104847682667557
0.005874094292125924
0.004656351938919612
0.004506493263510457
0.004271505362131834
0.004017410737462249
0.003832447205894784
0.001966908860711243
0.001919839418434545
0.001848480462661143
0.001774334176186728
0.001722140576278019
0.00815296860136858
0.008114388335121441
0.008057064474531988
0.00800489764677252
0.007975113570063226
0.008089774499176148
0.0080554956564806
0.00800915436711068
0.007970611513766152
0.007947924957966273
0.00800689424560576
0.007984423112544851
0.007955647152686315
0.007926748045372762
0.007899729035534354
0.007942708231953761
0.00792665540858719
0.00789564620053303
0.007842540983517592
0.007782289399820989
0.007889558438728435
0.007863397188282877
0.007803971729680092
0.007704249042668036
0.007601889238394272
0.00796206251844284
0.007936706054498616
0.007881650065656734
0.007741041328548947
0.007535183649976259
0.007936387036588272
0.007907740817227121
0.007826139660954223
0.007629495184493268
0.007371758262808698
0.007880777614210152
0.00782571174201168
0.007672852579441939
0.007371361481808714
0.007034011588386092
0.007740498266515431
0.007629534617688444
0.007371858085050648
0.006954266862836852
0.006546633171776665
0.007535794366508888
0.007373041688077891
0.007035756805569465
0.006547598906299542
0.006106954602632731
0.007376892372645449
0.007186070243340192
0.00681057307921583
0.006294064359955253
0.00584379141367874
0.00691499370946838
0.006675553070102262
0.006241716390358793
0.00569258990580939
0.005241242213373292
0.00574661208662862
0.005476467290380526
0.005028779770888338
0.004513261709150639
0.004118679934955252
0.00373441006769771
0.003534882472924627
0.003224685998224694
0.00289252913034644
0.002652752181162007
0.001694988386413637
0.0016406730392641
0.001558983128542481
0.001474944393480994
0.001416249655987277
0.005579251815018582
0.004984330192977278
0.003906745102472999
0.002538646490511562
0.001406090416016178
0.004984413872188341
0.004424198767591984
0.003454316549577252
0.002280706329793294
0.001343980908168631
0.003903140599130253
0.003451178412859151
0.00271510869020723
0.00188217810186976
0.001250733935338313
0.002526284911914255
0.002270334303825236
0.00187609700358354
0.001456422713859686
0.001151847555517783
0.001385980468518315
0.001326038979570806
0.001236547008678543
0.001143483760587279
0.001076199863406516
0.007375269388441107
0.00690984955795048
0.005739748457863209
0.003739239595345722
0.001718683465826934
0.007183704574904416
0.006670345613201353
0.005471217744999864
0.003541402789093633
0.001664137938757195
0.006807952260144054
0.006237479528128699
0.005026337226117823
0.003233581879627301
0.001581953760709496
0.006292511946920587
0.005690275374976368
0.004513957439792512
0.002903689534486636
0.001496894106358349
0.005843334003422444
0.0052404787290676
0.004121562929210674
0.002665108322319116
0.0014371239918326
0.007847560281110638
0.007646164862487705
0.006791948986242738
0.004652235442979987
0.001991582837323986
0.007807594508928565
0.007564995959892172
0.006643298673564951
0.004503711839634742
0.001944566531286738
0.007720693373925744
0.007409286946276487
0.006392252662891634
0.004270967268719872
0.001873096599263099
0.007585704112605737
0.007198888977417354
0.006096844598313563
0.004019372365881784
0.00179863579369659
0.0074559447956644
0.007016670888892897
0.005866672039191777
0.003836327181533092
0.001746051627383822
0.008153090453058913
0.008088745994281455
0.008005624708856166
0.007943909074016382
0.007892238725608102
0.008114001693526409
0.008054358179181818
0.007983864817527666
0.007928371392111522
0.007865740904784783
0.008056420533200102
0.008008454628127068
0.007956110605311479
0.007897501497370002
0.007805520164264372
0.008004606072678229
0.007970610451779622
0.007927754779035559
0.007843966439104805
0.007704771401915692
0.007975100773467858
0.007948249232780593
0.007900750087633242
0.007783155567912907
0.007601623991076409
0.008307003406861246
0.008253260313803534
0.008146819221919717
0.008030699706725255
0.007964638713733723
0.008287088525640014
0.008228881008661582
0.008121171643816366
0.008012441522627877
0.007953487825624224
0.008251170799539189
0.008187683073709741
0.008081990341965845
0.007987524374456696
0.007937402406476264
0.008206878070870092
0.008140753547109716
0.0080428700196389
0.007965269326370976
0.007919050438798201
0.008172066844148422
0.008106468349936483
0.008017617491274253
0.007951125506083892
0.007902677088757137
0.007939377587057969
0.007867584176786237
0.007346802559851078
0.00532414712738189
0.002221353828102422
0.007929895904443761
0.007845502112102869
0.007271040563223825
0.005217035865978711
0.002182354253307308
0.00791287009069863
0.007801459525661583
0.007141138043468756
0.005047293160498875
0.002122574295219688
0.007888115280831319
0.007738472360915392
0.006985096776904651
0.004861472292230856
0.002059680634418329
0.007863497287000353
0.007681015792241
0.006861227112700853
0.004724932830045575
0.00201497209065359
