FiniteElementSpace
FiniteElementCollection: L2_2D_P3
VDim: 1
Ordering: 0

13327.67
13375.154
13367.945
13313.714
13327.676
13375.16
13367.951
13313.72
13327.681
13375.165
13367.956
13313.725
13327.675
13375.159
13367.949
13313.717
13327.679
13375.157
13367.964
13313.663
13327.678
13375.157
13367.964
13313.662
13327.678
13375.156
13367.963
13313.661
13327.678
13375.155
13367.962
13313.66
13279.568
13273.211
13216.692
13151.006
13279.567
13273.211
13216.692
13151.005
13279.566
13273.21
13216.691
13151.005
13279.566
13273.21
13216.691
13151.004
13119.014
13090.36
13060.02
13243.654
13119.013
13090.361
13060.02
13243.656
13119.013
13090.36
13060.02
13243.657
13119.012
13090.36
13060.02
13243.657
13119.022
13090.357
13060.022
13243.656
13119.022
13090.357
13060.021
13243.655
13119.022
13090.356
13060.02
13243.653
13119.022
13090.356
13060.019
13243.651
13279.567
13273.208
13216.693
13150.995
13279.566
13273.208
13216.693
13150.994
13279.566
13273.208
13216.693
13150.994
13279.566
13273.207
13216.692
13150.994
13279.085
13273.148
13216.786
13151.083
13279.081
13273.147
13216.783
13151.078
13279.08
13273.147
13216.783
13151.077
13279.082
13273.145
13216.783
13151.08
13119.045
13090.308
13059.966
13243.724
13119.038
13090.301
13059.969
13243.745
13119.038
13090.301
13059.968
13243.741
13119.041
13090.305
13059.966
13243.727
13119.053
13090.303
13059.966
13243.719
13119.052
13090.303
13059.965
13243.722
13119.042
13090.293
13059.974
13243.747
13118.979
13090.236
13059.968
13244.003
13279.083
13273.143
13216.785
13151.07
13279.082
13273.142
13216.784
13151.069
13279.075
13273.139
13216.778
13151.06
13279.039
13273.145
13216.773
13151.014
13327.659
13375.195
13367.876
13313.978
13327.657
13375.194
13367.875
13313.977
13327.658
13375.192
13367.871
13313.975
13327.637
13375.195
13367.883
13313.971
12468.859
12657.675
12977.73
13231.015
12468.861
12657.677
12977.731
13231.015
12468.863
12657.679
12977.731
13231.012
12468.866
12657.681
12977.73
13231.011
12468.795
12657.613
12977.741
13230.945
12468.857
12657.657
12977.747
13230.92
12468.854
12657.671
12977.729
13231.006
12468.856
12657.674
12977.729
13231.015
12481.571
12402.903
12381.561
12417.87
12481.567
12402.901
12381.559
12417.864
12481.565
12402.901
12381.559
12417.86
12481.574
12402.907
12381.565
12417.872
12481.424
12402.837
12381.464
12417.634
12481.538
12402.877
12381.535
12417.822
12481.566
12402.898
12381.556
12417.862
12481.572
12402.903
12381.561
12417.871
13271
13001.955
12701.994
12544.89
13270.443
13001.983
12702.138
12545.047
13270.365
13001.963
12702.162
12545.076
13270.347
13001.962
12702.168
12545.083
13270.353
13001.963
12702.167
12545.082
13270.371
13001.967
12702.163
12545.077
13270.385
13001.97
12702.16
12545.074
13270.36
13001.966
12702.169
12545.084
13270.38
13001.955
12702.194
12544.98
13270.379
13001.955
12702.195
12544.981
13270.379
13001.955
12702.196
12544.982
13270.379
13001.955
12702.196
12544.983
12481.675
12402.875
12381.579
12417.858
12481.676
12402.876
12381.581
12417.859
12481.678
12402.878
12381.582
12417.861
12481.679
12402.879
12381.584
12417.862
12481.575
12402.91
12381.569
12417.873
12481.577
12402.911
12381.57
12417.874
12481.578
12402.913
12381.572
12417.876
12481.58
12402.915
12381.575
12417.874
13270.371
13001.969
12702.169
12545.085
13270.371
13001.969
12702.169
12545.086
13270.369
13001.969
12702.17
12545.087
13270.369
13001.968
12702.17
12545.088
13270.672
13001.639
12702.002
12545.192
13270.675
13001.64
12702.001
12545.193
13270.675
13001.64
12702.002
12545.193
13270.675
13001.64
12702.001
12545.193
13270.674
13001.639
12702.001
12545.193
13270.673
13001.638
12702.001
12545.193
13270.671
13001.637
12702
12545.192
13270.667
13001.635
12702
12545.192
12482.073
12403.296
12381.184
12415.181
12482.073
12403.296
12381.184
12415.181
12482.072
12403.296
12381.184
12415.181
12482.072
12403.295
12381.183
12415.185
12482.072
12403.295
12381.182
12415.186
12482.073
12403.296
12381.184
12415.18
12482.073
12403.296
12381.183
12415.181
12482.073
12403.296
12381.184
12415.18
12471.043
12656.927
12978.236
13230.214
12471.042
12656.927
12978.235
13230.216
12471.043
12656.928
12978.235
13230.214
12471.044
12656.928
12978.236
13230.215
12468.875
12657.673
12977.756
13230.918
12468.864
12657.665
12977.759
13230.929
12468.878
12657.676
12977.764
13230.922
12468.791
12657.625
12977.766
13231
12481.581
12402.913
12381.573
12417.896
12481.574
12402.908
12381.567
12417.884
12481.56
12402.887
12381.545
12417.86
12481.47
12402.825
12381.464
12417.684
12481.587
12402.92
12381.581
12417.893
12481.572
12402.906
12381.563
12417.871
12481.572
12402.905
12381.564
12417.872
12481.577
12402.91
12381.57
12417.886
13270.279
13001.952
12702.17
12545.099
13270.35
13001.98
12702.166
12545.085
13270.34
13001.975
12702.165
12545.085
13270.295
13001.957
12702.166
12545.09
13270.263
13001.947
12702.168
12545.094
13270.301
13001.954
12702.163
12545.087
13270.329
13001.982
12702.164
12545.078
13270.969
13002.145
12702.116
12544.979
12855.138
12913.51
13031.745
13225.27
12855.133
12913.507
13031.744
13225.283
12855.114
12913.488
13031.758
13225.342
12855.01
12913.385
13031.743
13225.75
12701.29
12759.943
12806.687
12834.913
12701.285
12759.94
12806.684
12834.908
12701.268
12759.937
12806.677
12834.893
12701.187
12759.941
12806.669
12834.818
12701.302
12759.935
12806.72
12834.816
12701.296
12759.935
12806.718
12834.81
12701.295
12759.933
12806.717
12834.81
12701.297
12759.931
12806.716
12834.812
12855.245
12913.482
13031.763
13225.268
12855.237
12913.476
13031.766
13225.303
12855.238
12913.477
13031.763
13225.293
12855.241
12913.479
13031.761
13225.272
12855.133
12913.512
13031.745
13225.367
12855.132
12913.512
13031.745
13225.367
12855.132
12913.511
13031.744
13225.366
12855.131
12913.51
13031.744
13225.366
12855.133
12913.512
13031.746
13225.368
12855.133
12913.512
13031.746
13225.368
12855.133
12913.512
13031.746
13225.368
12855.133
12913.512
13031.745
13225.368
12701.29
12759.957
12806.698
12834.914
12701.291
12759.956
12806.698
12834.914
12701.291
12759.956
12806.697
12834.914
12701.291
12759.956
12806.697
12834.914
12701.291
12759.956
12806.697
12834.914
12701.29
12759.955
12806.697
12834.913
12701.29
12759.954
12806.696
12834.913
12701.289
12759.954
12806.695
12834.912
12505.771
12555.477
12624.691
12677.144
12505.771
12555.477
12624.691
12677.144
12505.77
12555.476
12624.69
12677.143
12505.769
12555.475
12624.688
12677.142
12505.768
12555.474
12624.687
12677.141
12505.765
12555.47
12624.683
12677.137
12505.759
12555.464
12624.677
12677.132
12505.745
12555.453
12624.665
12677.102
12101.82
12251.436
12387.362
12472.842
12101.82
12251.436
12387.362
12472.841
12101.816
12251.432
12387.357
12472.836
12101.812
12251.421
12387.351
12472.825
12101.823
12251.44
12387.368
12472.833
12101.819
12251.436
12387.361
12472.834
12101.819
12251.435
12387.362
12472.835
12101.819
12251.436
12387.363
12472.836
12505.802
12555.379
12624.837
12676.404
12505.819
12555.395
12624.853
12676.443
12505.818
12555.394
12624.854
12676.442
12505.819
12555.395
12624.855
12676.443
12505.819
12555.395
12624.855
12676.443
12505.82
12555.396
12624.856
12676.444
12505.821
12555.397
12624.857
12676.445
12505.822
12555.398
12624.858
12676.447
12702.437
12760.05
12806.501
12834.629
12702.438
12760.05
12806.502
12834.629
12702.438
12760.051
12806.502
12834.63
12702.439
12760.051
12806.502
12834.63
12702.439
12760.051
12806.503
12834.63
12702.439
12760.051
12806.503
12834.63
12702.439
12760.052
12806.503
12834.631
12702.442
12760.051
12806.503
12834.63
12855.18
12913.603
13031.904
13225.061
12855.18
12913.603
13031.903
13225.06
12855.18
12913.603
13031.903
13225.059
12855.18
12913.603
13031.902
13225.057
12855.179
12913.602
13031.903
13225.062
12855.179
12913.602
13031.903
13225.062
12855.179
12913.603
13031.903
13225.062
12855.18
12913.603
13031.903
13225.061
12855.075
12913.638
13031.882
13225.048
12855.071
12913.635
13031.889
13225.073
12855.068
12913.632
13031.893
13225.089
12855.073
12913.635
13031.884
13225.058
12702.433
12760.062
12806.472
12834.736
12702.429
12760.063
12806.472
12834.733
12702.427
12760.064
12806.472
12834.731
12702.432
12760.063
12806.473
12834.735
12702.31
12760.076
12806.514
12834.545
12702.42
12760.049
12806.499
12834.62
12702.437
12760.048
12806.501
12834.63
12702.441
12760.048
12806.501
12834.632
12855.058
12913.5
13032.043
13225.903
12855.169
12913.598
13031.944
13225.161
12855.181
12913.605
13031.904
13225.056
12855.183
12913.607
13031.897
13225.034
12859.595
12929.121
13075.805
13359.101
12859.579
12929.099
13075.753
13358.921
12859.5
12929.007
13075.618
13358.852
12859.618
12929.091
13075.36
13357.486
12692.448
12767.668
12816.249
12840.359
12692.44
12767.635
12816.215
12840.338
12692.388
12767.589
12816.166
12840.27
12692.521
12767.49
12816.082
12840.331
12692.465
12767.691
12816.252
12840.44
12692.491
12767.696
12816.261
12840.462
12692.486
12767.694
12816.258
12840.457
12692.465
12767.683
12816.244
12840.436
12859.563
12929.17
13075.827
13359.118
12859.59
12929.192
13075.8
13359.001
12859.584
12929.187
13075.8
13359.011
12859.56
12929.163
13075.801
13359.052
12859.56
12929.076
13075.714
13358.897
12859.582
12929.102
13075.746
13358.941
12859.609
12929.133
13075.784
13358.992
12859.626
12929.152
13075.807
13359.022
12859.49
12928.996
13075.612
13358.762
12859.502
12929.01
13075.63
13358.788
12859.526
12929.038
13075.664
13358.835
12859.547
12929.062
13075.695
13358.878
12692.386
12767.57
12816.142
12840.255
12692.393
12767.579
12816.152
12840.267
12692.408
12767.598
12816.173
12840.289
12692.422
12767.615
12816.192
12840.31
12692.43
12767.624
12816.203
12840.321
12692.445
12767.642
12816.223
12840.343
12692.464
12767.664
12816.247
12840.369
12692.476
12767.678
12816.262
12840.385
12500.312
12550.593
12620.002
12671.896
12500.324
12550.606
12620.018
12671.915
12500.352
12550.636
12620.05
12671.952
12500.371
12550.656
12620.073
12671.977
12500.376
12550.662
12620.08
12671.983
12500.379
12550.665
12620.084
12671.993
12500.331
12550.618
12620.037
12671.934
12500.291
12550.574
12619.991
12671.918
12094.441
12255.883
12389.666
12470.442
12094.463
12255.923
12389.704
12470.481
12094.485
12255.947
12389.729
12470.504
12094.425
12255.851
12389.627
12470.417
12095.648
12257.306
12391.088
12471.864
12094.863
12256.345
12390.131
12470.899
12094.539
12255.973
12389.753
12470.541
12094.449
12255.883
12389.664
12470.449
12502.585
12552.934
12622.463
12674.666
12501.081
12551.404
12620.823
12672.848
12500.758
12551.072
12620.474
12672.486
12500.558
12550.867
12620.26
12672.259
12500.488
12550.797
12620.186
12672.182
12500.387
12550.694
12620.079
12672.071
12500.319
12550.625
12620.008
12672
12500.292
12550.598
12619.981
12671.972
12692.469
12767.802
12816.396
12840.579
12692.406
12767.733
12816.322
12840.504
12692.343
12767.663
12816.249
12840.43
12692.308
12767.625
12816.21
12840.39
12692.293
12767.609
12816.194
12840.374
12692.272
12767.586
12816.171
12840.351
12692.252
12767.566
12816.151
12840.332
12692.242
12767.556
12816.141
12840.322
12859.478
12929.034
13075.629
13358.818
12859.455
12929.01
13075.602
13358.784
12859.435
12928.99
13075.581
13358.76
12859.425
12928.981
13075.572
13358.752
12859.686
12929.259
13075.891
13359.167
12859.61
12929.177
13075.794
13359.036
12859.534
12929.095
13075.698
13358.909
12859.494
12929.052
13075.648
13358.843
12860.145
12929.685
13076.431
13359.946
12860.113
12929.65
13076.378
13359.835
12860.023
12929.552
13076.255
13359.643
12859.724
12929.222
13075.875
13359.187
12692.8
12768.171
12816.805
12840.916
12692.767
12768.125
12816.762
12840.881
12692.69
12768.033
12816.669
12840.791
12692.462
12767.788
12816.401
12840.504
12696.189
12771.772
12820.759
12845.332
12693.934
12769.415
12818.144
12842.42
12693.135
12768.554
12817.195
12841.399
12692.86
12768.252
12816.867
12841.052
12864.68
12934.788
13082.219
13366.388
12861.594
12931.374
13078.358
13362.319
12860.526
12930.19
13076.995
13360.688
12860.166
12929.791
13076.529
13360.103
13081.241
12973.33
12696.843
12554.583
13077.861
12970.664
12695.471
12553.91
13076.876
12969.85
12695.052
12553.709
13076.653
12969.601
12694.918
12553.639
13076.68
12969.575
12694.901
12553.627
13076.817
12969.596
12694.903
12553.621
13076.907
12969.581
12694.887
12553.607
13076.635
12969.345
12694.764
12553.548
12476.661
12389.41
12369.779
12449.046
12476.667
12389.428
12369.805
12449.052
12476.67
12389.449
12369.84
12449.064
12476.648
12389.473
12369.892
12449.095
12477.086
12389.158
12369.192
12448.706
12476.764
12389.293
12369.532
12448.902
12476.684
12389.364
12369.69
12449.004
12476.662
12389.398
12369.757
12449.038
12465.754
12665.519
12982.417
13243.238
12466.068
12665.55
12981.916
13242.467
12466.209
12665.676
12982.056
13242.605
12466.292
12665.748
12982.128
13242.671
12468.229
12665.203
12982.432
13242.664
12468.275
12665.253
12982.488
13242.722
12468.313
12665.297
12982.544
13242.784
12468.332
12665.319
12982.568
13242.811
12478.163
12389.572
12369.765
12446.577
12478.165
12389.578
12369.774
12446.586
12478.167
12389.584
12369.784
12446.597
12478.168
12389.588
12369.789
12446.607
12478.167
12389.536
12369.699
12446.534
12478.164
12389.548
12369.723
12446.545
12478.163
12389.561
12369.745
12446.562
12478.163
12389.569
12369.759
12446.571
13077.269
12968.927
12694.923
12552.601
13077.248
12968.881
12694.896
12552.587
13077.235
12968.841
12694.873
12552.575
13077.228
12968.821
12694.862
12552.57
13077.225
12968.813
12694.858
12552.568
13077.218
12968.801
12694.852
12552.567
13077.201
12968.789
12694.847
12552.566
13077.179
12968.778
12694.843
12552.566
13076.697
12969.26
12694.716
12553.522
13076.692
12969.266
12694.723
12553.528
13076.689
12969.278
12694.732
12553.536
13076.688
12969.29
12694.741
12553.543
12476.66
12389.53
12369.985
12449.16
12476.664
12389.532
12369.987
12449.171
12476.669
12389.535
12369.989
12449.178
12476.673
12389.536
12369.989
12449.183
12477.828
12389.2
12370.159
12449.079
12477.832
12389.201
12370.158
12449.083
12477.837
12389.202
12370.158
12449.088
12477.84
12389.203
12370.158
12449.09
13076.78
12969.136
12695.062
12552.42
13076.782
12969.149
12695.071
12552.427
13076.787
12969.166
12695.082
12552.435
13076.794
12969.176
12695.089
12552.44
13076.744
12969.35
12694.762
12553.555
13076.666
12969.34
12694.792
12553.587
13076.682
12969.343
12694.791
12553.586
13076.74
12969.347
12694.772
12553.568
13076.791
12969.341
12694.755
12553.552
13076.718
12969.338
12694.765
12553.567
13076.766
12969.254
12694.742
12553.556
13075.892
12969.257
12694.958
12553.798
12476.68
12389.548
12369.998
12449.183
12476.695
12389.557
12370.017
12449.211
12476.708
12389.596
12370.051
12449.228
12476.893
12389.675
12370.186
12449.539
12476.675
12389.532
12369.98
12449.178
12476.704
12389.551
12370
12449.222
12476.704
12389.554
12370.004
12449.221
12476.691
12389.55
12370.001
12449.202
12466.442
12665.932
12982.365
13242.945
12466.464
12665.95
12982.376
13242.948
12466.467
12665.956
12982.394
13242.98
12466.595
12666.043
12982.419
13242.933
12466.435
12665.903
12982.317
13242.878
12466.443
12665.916
12982.334
13242.901
12466.453
12665.923
12982.352
13242.922
12466.455
12665.929
12982.362
13242.935
13319.223
13383.773
13374.283
13311.083
13319.222
13383.787
13374.304
13311.092
13319.234
13383.799
13374.314
13311.1
13319.242
13383.807
13374.32
13311.103
13266.42
13269.569
13209.694
13138.785
13266.395
13269.581
13209.697
13138.752
13266.397
13269.585
13209.698
13138.749
13266.399
13269.587
13209.698
13138.748
13105.988
13086.072
13089.91
13343.492
13105.939
13086.025
13089.902
13343.713
13105.935
13086.02
13089.906
13343.728
13105.933
13086.017
13089.903
13343.728
13105.953
13086.01
13089.904
13343.72
13105.952
13086.007
13089.897
13343.708
13105.948
13086.002
13089.887
13343.692
13105.942
13085.994
13089.88
13343.687
13266.401
13269.585
13209.704
13138.727
13266.404
13269.585
13209.703
13138.726
13266.406
13269.585
13209.702
13138.724
13266.406
13269.585
13209.699
13138.719
13266.394
13269.584
13209.693
13138.742
13266.394
13269.583
13209.69
13138.738
13266.394
13269.581
13209.687
13138.732
13266.394
13269.58
13209.684
13138.728
13105.925
13085.994
13089.878
13343.626
13105.92
13085.987
13089.869
13343.613
13105.913
13085.978
13089.856
13343.597
13105.908
13085.971
13089.847
13343.585
13105.926
13085.962
13089.846
13343.577
13105.922
13085.956
13089.838
13343.567
13105.917
13085.95
13089.829
13343.556
13105.916
13085.947
13089.825
13343.551
13266.395
13269.577
13209.688
13138.706
13266.395
13269.576
13209.686
13138.702
13266.395
13269.575
13209.683
13138.698
13266.397
13269.576
13209.683
13138.697
13319.245
13383.812
13374.321
13311.113
13319.251
13383.818
13374.325
13311.114
13319.259
13383.826
13374.33
13311.116
13319.264
13383.832
13374.335
13311.118
13319.278
13383.846
13374.352
13311.124
13319.263
13383.827
13374.331
13311.102
13319.274
13383.838
13374.343
13311.115
13319.294
13383.86
13374.368
13311.142
13319.306
13383.874
13374.384
13311.159
13319.311
13383.877
13374.389
13311.171
13319.306
13383.872
13374.392
13311.179
13319.196
13383.735
13374.241
13311.062
13266.457
13269.64
13209.736
13138.772
13266.46
13269.635
13209.737
13138.781
13266.474
13269.654
13209.759
13138.805
13266.485
13269.672
13209.779
13138.825
13266.487
13269.678
13209.787
13138.833
13266.482
13269.675
13209.789
13138.84
13266.445
13269.631
13209.755
13138.821
13266.363
13269.475
13209.62
13138.751
13106.017
13086.102
13089.993
13343.836
13106.026
13086.115
13090.013
13343.856
13106.013
13086.103
13089.982
13343.751
13105.971
13086.042
13089.824
13343.115
13105.949
13086.022
13089.896
13343.725
13105.962
13086.033
13089.892
13343.672
13105.988
13086.064
13089.932
13343.725
13106.008
13086.09
13089.974
13343.8
13105.902
13085.939
13089.802
13343.578
13105.913
13085.951
13089.815
13343.594
13105.934
13085.974
13089.841
13343.626
13105.954
13085.996
13089.867
13343.657
13266.403
13269.573
13209.674
13138.684
13266.413
13269.582
13209.685
13138.695
13266.43
13269.601
13209.705
13138.716
13266.445
13269.617
13209.723
13138.735
13266.424
13269.6
13209.695
13138.73
13266.408
13269.583
13209.676
13138.711
13266.398
13269.571
13209.664
13138.7
13266.399
13269.572
13209.666
13138.701
13105.907
13085.974
13089.834
13343.636
13105.888
13085.954
13089.81
13343.602
13105.876
13085.941
13089.794
13343.578
13105.878
13085.942
13089.795
13343.577
13104.379
12571.877
11947.357
11679.737
13104.355
12571.864
11947.358
11679.742
13104.34
12571.857
11947.36
11679.748
13104.34
12571.859
11947.365
11679.753
11575.734
11485.466
11441.049
11608.511
11575.74
11485.474
11441.05
11608.52
11575.747
11485.481
11441.056
11608.521
11575.752
11485.486
11441.06
11608.525
11576.117
11485.384
11441.12
11608.487
11576.126
11485.393
11441.131
11608.499
11576.144
11485.414
11441.156
11608.528
11576.163
11485.436
11441.186
11608.564
13104.376
12571.809
11947.47
11679.4
13104.389
12571.82
11947.479
11679.409
13104.418
12571.844
11947.497
11679.427
13104.45
12571.868
11947.515
11679.445
13104.488
12571.941
11947.396
11679.779
13104.422
12571.961
11947.484
11679.88
13104.488
12572.009
11947.524
11679.925
13104.595
12572.055
11947.533
11679.935
13104.646
12572.081
11947.545
11679.95
13104.699
12572.126
11947.599
11680.017
13104.616
12572.172
11947.772
11680.229
13103.885
12572.199
11948.244
11680.798
11575.97
11485.764
11441.432
11608.985
11576.047
11485.86
11441.554
11609.129
11576.268
11486.078
11441.752
11609.308
11576.82
11486.494
11441.978
11609.166
11575.783
11485.538
11441.15
11608.652
11575.882
11485.62
11441.202
11608.671
11575.933
11485.685
11441.29
11608.78
11575.952
11485.731
11441.377
11608.908
11593.194
11037.314
10562.394
10335.686
11593.206
11037.338
10562.45
10335.77
11593.325
11037.46
10562.58
10335.909
11593.468
11037.598
10562.717
10336.048
11593.552
11037.681
10562.801
10336.136
11593.71
11037.837
10562.975
10336.332
11593.909
11038.009
10563.218
10336.675
11593.488
11038.287
10563.55
10336.715
10109.125
8958.7146
7325.6835
3806.107
10109.33
8958.9258
7325.8907
3806.2492
10109.72
8959.3462
7326.4446
3806.6373
10109.751
8959.894
7327.696
3808.4312
10108.658
8958.2624
7325.2606
3805.8693
10108.758
8958.3776
7325.471
3806.0519
10108.9
8958.5091
7325.5764
3806.0991
10109.035
8958.6308
7325.6335
3806.0985
10114.248
8956.7496
7325.8474
3805.7557
10114.261
8956.7595
7325.8526
3805.759
10114.294
8956.7857
7325.8682
3805.7634
10114.338
8956.8228
7325.8961
3805.7738
11593.541
11036.343
10563.884
10329.82
11593.554
11036.358
10563.899
10329.834
11593.584
11036.393
10563.936
10329.869
11593.622
11036.435
10563.98
10329.914
11593.039
11037.172
10562.251
10335.544
11593.048
11037.163
10562.249
10335.551
11593.05
11037.162
10562.249
10335.556
11593.054
11037.165
10562.253
10335.56
10108.519
8958.1284
7325.1842
3805.8184
10108.533
8958.1566
7325.2287
3805.8689
10108.541
8958.175
7325.2611
3805.9099
10108.546
8958.1829
7325.2705
3805.9248
10113.695
8957.5651
7326.822
3805.1778
10113.644
8957.519
7326.7759
3805.1643
10113.584
8957.4666
7326.7231
3805.1542
10113.55
8957.4346
7326.6888
3805.1392
10113.922
8957.7679
7327.022
3805.2309
10113.859
8957.7123
7326.9687
3805.2195
10113.781
8957.6428
7326.8992
3805.1993
10113.724
8957.5912
7326.8482
3805.1845
11615.572
11034.188
10564.563
10327.765
11615.52
11034.149
10564.515
10327.708
11615.463
11034.092
10564.452
10327.635
11615.421
11034.051
10564.406
10327.581
11615.399
11034.03
10564.382
10327.554
11615.363
11033.992
10564.34
10327.505
11615.316
11033.951
10564.294
10327.45
11615.3
11033.917
10564.262
10327.416
11578.201
11485.349
11443.142
11588.007
11578.184
11485.328
11443.114
11587.975
11578.166
11485.304
11443.084
11587.933
11578.153
11485.29
11443.059
11587.919
13105.918
12570.805
11946.794
11680.108
13105.903
12570.793
11946.781
11680.094
13105.887
12570.779
11946.767
11680.077
13105.875
12570.77
11946.759
11680.067
13105.959
12570.896
11946.777
11680.423
13105.943
12570.882
11946.762
11680.406
13105.921
12570.863
11946.743
11680.384
13105.904
12570.85
11946.729
11680.367
11578.019
11485.513
11443.221
11588.184
11578
11485.489
11443.193
11588.138
11577.975
11485.457
11443.151
11588.086
11577.957
11485.434
11443.121
11588.048
11576.294
11485.617
11441.432
11608.902
11576.282
11485.599
11441.407
11608.869
11576.261
11485.572
11441.369
11608.825
11576.242
11485.547
11441.344
11608.775
13104.56
12571.952
11947.603
11679.557
13104.544
12571.942
11947.595
11679.546
13104.522
12571.926
11947.58
11679.528
13104.513
12571.914
11947.563
11679.51
13104.343
12572.044
11947.581
11680
13104.532
12572.018
11947.526
11679.943
13104.54
12572.017
11947.514
11679.929
13104.535
12572.011
11947.506
11679.918
11576.008
11485.771
11441.434
11609.02
11575.966
11485.761
11441.428
11609.002
11575.951
11485.745
11441.411
11608.975
11575.94
11485.73
11441.391
11608.949
11593.569
11037.673
10562.817
10336.236
11593.582
11037.678
10562.825
10336.236
11593.553
11037.657
10562.8
10336.2
11593.525
11037.631
10562.77
10336.163
11593.511
11037.612
10562.751
10336.14
11593.473
11037.577
10562.711
10336.093
11593.424
11037.523
10562.653
10336.026
11593.37
11037.491
10562.61
10335.97
10109.159
8958.7165
7325.7921
3806.015
10109.109
8958.6726
7325.7492
3806.0061
10109.039
8958.6092
7325.6866
3805.9883
10108.976
8958.5538
7325.6314
3805.984
10109.272
8958.8323
7325.9489
3806.0466
10109.264
8958.8106
7325.8924
3806.0251
10109.223
8958.7728
7325.8506
3806.0254
10109.183
8958.7376
7325.8131
3806.0199
10120.206
8963.6777
7327.2609
3799.3176
10120.247
8963.7141
7327.2917
3799.3363
10120.281
8963.7495
7327.3256
3799.3631
10120.33
8963.7622
7327.2884
3799.3113
11612.579
11033.657
10568.445
10333.58
11612.618
11033.692
10568.484
10333.621
11612.645
11033.733
10568.523
10333.657
11612.712
11033.78
10568.578
10333.712
11611.935
11034.247
10566.635
10338.949
11612.005
11034.321
10566.715
10339.033
11612.076
11034.394
10566.794
10339.118
11612.12
11034.437
10566.84
10339.168
10114.393
8964.8351
7326.4556
3799.3038
10114.477
8964.9161
7326.5328
3799.3588
10114.565
8965.0027
7326.6208
3799.4227
10114.617
8965.0562
7326.6754
3799.4637
10119.465
8962.9501
7326.5242
3798.815
10119.624
8963.1038
7326.6782
3798.9135
10119.798
8963.2736
7326.8488
3799.0257
10119.908
8963.3814
7326.9611
3799.0977
10118.655
8962.1471
7325.6657
3798.3153
10118.882
8962.3855
7325.9489
3798.4798
10119.176
8962.6704
7326.2405
3798.6435
10119.371
8962.859
7326.4329
3798.758
11611.371
11032.431
10567.108
10332.1
11611.527
11032.597
10567.288
10332.309
11611.757
11032.821
10567.535
10332.588
11611.91
11032.975
10567.703
10332.774
11611.984
11033.05
10567.786
10332.865
11612.11
11033.179
10567.926
10333.018
11612.249
11033.32
10568.08
10333.186
11612.336
11033.407
10568.175
10333.291
11569.273
11481.895
11441.451
11572.178
11569.352
11481.985
11441.556
11572.295
11569.441
11482.086
11441.673
11572.425
11569.502
11482.152
11441.747
11572.508
11568.823
11481.431
11440.924
11571.573
11568.981
11481.569
11441.074
11571.75
11569.129
11481.733
11441.262
11571.965
11569.226
11481.842
11441.389
11572.109
13235.061
12593.817
11946.524
11666.427
13234.957
12593.934
11946.68
11666.594
13235.054
12594.041
11946.807
11666.735
13235.125
12594.116
11946.89
11666.827
13235.164
12594.152
11946.929
11666.87
13235.23
12594.215
11946.996
11666.944
13235.303
12594.286
11947.072
11667.028
13235.342
12594.332
11947.125
11667.086
13235.356
12594.34
11947.181
11667.02
13235.412
12594.379
11947.213
11667.056
13235.45
12594.42
11947.259
11667.106
13235.463
12594.445
11947.293
11667.143
11569.634
11482.154
11441.801
11572.523
11569.674
11482.203
11441.86
11572.586
11569.726
11482.259
11441.923
11572.655
11569.763
11482.297
11441.962
11572.698
11569.682
11482.345
11441.961
11572.743
11569.702
11482.372
11441.991
11572.775
11569.73
11482.397
11442.024
11572.809
11569.682
11482.404
11442.046
11572.823
13235.452
12594.474
11947.284
11667.26
13235.505
12594.489
11947.299
11667.276
13235.491
12594.53
11947.329
11667.307
13235.818
12594.505
11947.256
11667.233
13115.416
13083.867
13061.641
13231.056
13115.423
13083.876
13061.656
13231.114
13115.447
13083.901
13061.691
13231.093
13115.372
13083.833
13061.689
13231.457
13115.327
13083.772
13061.539
13230.964
13115.347
13083.795
13061.574
13231.022
13115.378
13083.828
13061.609
13231.055
13115.402
13083.852
13061.63
13231.066
13278.348
13271.576
13213.542
13146.767
13278.365
13271.598
13213.564
13146.788
13278.388
13271.622
13213.591
13146.817
13278.405
13271.638
13213.609
13146.839
13278.415
13271.645
13213.618
13146.851
13278.421
13271.658
13213.632
13146.86
13278.437
13271.666
13213.64
13146.879
13278.394
13271.686
13213.647
13146.829
13325.724
13378.406
13370.709
13314.665
13325.744
13378.432
13370.742
13314.7
13325.772
13378.456
13370.766
13314.732
13325.765
13378.47
13370.794
13314.745
13325.597
13378.217
13370.615
13314.125
13325.651
13378.264
13370.666
13314.201
13325.697
13378.316
13370.733
13314.281
13325.727
13378.35
13370.775
13314.331
13278.539
13271.35
13213.176
13146.163
13278.614
13271.39
13213.231
13146.259
13278.668
13271.447
13213.298
13146.334
13278.704
13271.486
13213.342
13146.384
13278.722
13271.505
13213.364
13146.407
13278.752
13271.539
13213.402
13146.448
13278.787
13271.578
13213.445
13146.494
13278.813
13271.605
13213.475
13146.528
13115.298
13083.62
13061.453
13230.698
13115.34
13083.666
13061.505
13230.758
13115.389
13083.718
13061.565
13230.823
13115.424
13083.755
13061.602
13230.857
13115.028
13083.334
13061.192
13230.66
13115.142
13083.451
13061.276
13230.522
13115.222
13083.537
13061.362
13230.603
13115.274
13083.593
13061.423
13230.665
13105.135
13085.098
13088.863
13342.602
13105.231
13085.199
13088.967
13342.663
13105.344
13085.348
13089.166
13342.99
13105.532
13085.581
13089.417
13342.985
13104.778
13084.765
13088.585
13342.45
13104.891
13084.874
13088.674
13342.483
13105.012
13084.983
13088.758
13342.513
13105.095
13085.059
13088.823
13342.551
13265.514
13268.648
13208.666
13137.599
13265.612
13268.744
13208.769
13137.71
13265.738
13268.867
13208.893
13137.834
13265.823
13268.954
13208.98
13137.918
13265.861
13268.996
13209.023
13137.96
13265.926
13269.061
13209.098
13138.048
13265.955
13269.119
13209.184
13138.151
13265.992
13269.122
13209.237
13138.293
13318.75
13383.276
13373.66
13310.321
13318.872
13383.406
13373.817
13310.504
13318.98
13383.528
13373.973
13310.684
13318.971
13383.491
13373.936
13310.695
13319.719
13384.457
13374.773
13311.145
13318.957
13383.531
13373.853
13310.332
13318.662
13383.184
13373.526
13310.113
13318.72
13383.242
13373.613
13310.247
13266.617
13268.532
13207.813
13136.506
13265.898
13268.44
13207.965
13136.607
13265.416
13268.376
13208.115
13136.812
13265.387
13268.371
13208.199
13137.01
13265.318
13268.376
13208.255
13137.093
13265.314
13268.412
13208.354
13137.254
13265.399
13268.508
13208.494
13137.441
13265.513
13268.618
13208.611
13137.561
13104.161
13084.036
13087.637
13341.356
13104.36
13084.311
13088.068
13341.868
13104.573
13084.567
13088.372
13342.16
13104.694
13084.698
13088.437
13342.292
13103.372
13082.138
13083.639
13331.489
13103.51
13082.817
13085.225
13336.707
13103.793
13083.466
13086.715
13340.091
13104.054
13083.859
13087.286
13340.747
13086.8
12562.466
11942.877
11674.509
13097.014
12566.257
11942.5
11674.246
13100.192
12568.027
11943.372
11675.285
13101.409
12568.884
11944.001
11676.022
11569.014
11474.031
11421.619
11579.58
11569.59
11477.592
11430.413
11595.219
11570.93
11479.848
11434.223
11600.549
11571.788
11481.047
11435.983
11602.879
11572.554
11481.413
11436.604
11603.488
11573.192
11482.092
11437.32
11604.231
11573.78
11482.719
11437.983
11604.922
11574.025
11483.156
11438.754
11606.037
13101.741
12569.119
11944.431
11676.04
13102.011
12569.507
11944.969
11676.649
13102.272
12569.881
11945.468
11677.211
13102.957
12570.266
11945.625
11677.394
13102.825
12570.341
11945.665
11677.903
13102.929
12570.464
11945.824
11678.074
13103.028
12570.582
11945.979
11678.238
13103.115
12570.669
11946.085
11678.351
13103.181
12570.722
11946.146
11678.417
13103.282
12570.857
11946.295
11678.581
13103.632
12571.107
11946.549
11678.872
13103.676
12571.439
11946.904
11679.271
11574.336
11483.899
11439.224
11606.478
11574.508
11484.088
11439.444
11606.726
11574.832
11484.491
11439.957
11607.352
11575.241
11484.94
11440.541
11608.093
11573.804
11483.351
11438.68
11605.948
11573.981
11483.534
11438.87
11606.146
11574.148
11483.7
11439.023
11606.283
11574.266
11483.821
11439.141
11606.392
11590.355
11034.444
10559.262
10332.244
11590.532
11034.612
10559.46
10332.493
11590.673
11034.741
10559.622
10332.704
11590.788
11034.852
10559.755
10332.87
11590.884
11034.945
10559.861
10332.994
11591.147
11035.212
10560.155
10333.324
11591.833
11035.894
10560.889
10334.124
11592.581
11036.68
10561.716
10335.013
10105.921
8955.6733
7322.8662
3804.444
10106.267
8956.0156
7323.2259
3804.6617
10107.083
8956.7088
7323.8065
3804.755
10107.985
8957.464
7324.4193
3804.7169
10105.073
8954.6479
7321.497
3803.1417
10105.353
8954.9743
7321.9283
3803.5083
10105.599
8955.2936
7322.3792
3803.9776
10105.786
8955.5277
7322.6947
3804.2996
10107.347
8950.1218
7318.9894
3801.8962
10108.49
8951.1791
7320.1837
3802.3071
10109.593
8952.2124
7321.312
3802.7786
10110.707
8953.0721
7321.7374
3802.5969
11588.231
11031.027
10558.015
10323.252
11588.994
11031.769
10558.887
10324.303
11589.758
11032.504
10559.743
10325.323
11590.901
11033.715
10560.937
10326.485
11559.547
11008.141
10531.978
10302.037
11578.758
11022.271
10546.755
10319.427
11584.471
11028.531
10552.919
10325.311
11586.965
11031.083
10555.556
10328.057
10075.511
8935.218
7316.8561
3816.4107
10092.424
8944.6352
7314.5571
3804.338
10097.994
8948.6759
7316.4086
3802.5551
10100.703
8950.7636
7317.7263
3802.0032
84406.754
23324.365
24888.984
8943.2858
84507.201
23398.243
25010.38
8970.7971
84610.575
23382.752
25049.352
8963.1107
84661.307
23373.871
25063.575
8957.1187
15784.734
18102.344
17755.936
6450.819
15847.068
18149.318
17792.559
6454.5312
15863.419
18168.603
17807.725
6446.263
15868.362
18176.221
17814.143
6440.9893
15789.123
18200.689
17804.597
6445.4807
15788.341
18202.418
17806.535
6441.529
15787.391
18203.449
17807.759
6438.4568
15790.515
18206.13
17809.707
6438.165
84674.517
23380.404
25045.194
9034.8543
84700.741
23374.161
25047.235
9029.1475
84721.041
23369.226
25048.498
9024.5834
84732.476
23368.949
25055.282
9024.9079
84740.015
23357.194
25074.533
8942.6426
84740.946
23357.34
25074.278
8942.4148
84738.825
23358.105
25073.144
8942.5641
84737.244
23358.676
25072.376
8942.7062
84737.148
23358.8
25072.172
8942.6824
84739.76
23358.442
25072.521
8942.2802
84751.24
23356.254
25075.084
8940.6775
84767.767
23352.409
25079.262
8938.3575
15866.088
18180.232
17818.356
6430.9009
15866.008
18180.301
17818.435
6430.6237
15866.738
18181.806
17819.738
6429.2898
15868.278
18184.586
17821.951
6427.2649
15868.179
18182.686
17820.37
6430.4807
15867.686
18182.23
17819.976
6430.3936
15866.847
18181.167
17819.117
6430.6621
15866.29
18180.461
17818.536
6430.878
17033.204
17211.125
19331.624
19788.283
17032.9
17211.003
19331.617
19788.331
17032.478
17210.789
19331.52
19788.287
17032.207
17210.648
19331.451
19788.251
17032.107
17210.602
19331.437
19788.253
17032.051
17210.607
19331.494
19788.34
17032.335
17210.877
19331.813
19788.715
17032.953
17211.189
19332.107
19788.762
19642.04
17269.884
10591.218
507.71013
19642.129
17269.937
10591.166
507.47493
19642.503
17270.178
10591.049
506.73582
19642.51
17270.162
10590.971
505.76496
19642.046
17269.907
10591.431
508.13542
19642.1
17269.934
10591.345
507.89585
19642.065
17269.905
10591.28
507.80593
19642.033
17269.88
10591.241
507.76576
19625.991
17272.152
10590.13
514.76233
19627.301
17272.961
10589.664
512.36733
19628.343
17273.613
10589.285
510.37646
19628.603
17273.857
10589.343
509.73138
17032.427
17211.501
19325.929
19798.215
17032.282
17212.126
19327.067
19799.57
17032.075
17212.556
19327.936
19800.638
17033.063
17212.821
19328.07
19800.83
17006.236
17200.303
19325.806
19779.811
17023.895
17204.722
19324.442
19780.03
17030.589
17207.858
19326.999
19782.795
17032.686
17209.32
19328.617
19784.643
19631.429
17259.669
10585.946
529.19976
19633.562
17264.009
10593.111
524.23536
19636.534
17266.226
10592.909
518.50545
19638.429
17267.537
10592.624
514.99082
15654.689
12612.35
11783.113
11275.219
15630.817
12600.017
11774.515
11266.808
15626.336
12595.578
11770.623
11262.797
15624.649
12593.777
11768.879
11260.962
15624.35
12593.332
11768.321
11260.372
15624.257
12592.879
11767.671
11259.647
15624.155
12592.494
11767.136
11259.054
15623.056
12591.651
11766.491
11258.412
11383.635
11520.266
11721.333
11526.669
11382.921
11519.551
11720.59
11525.84
11382.323
11518.948
11719.964
11525.153
11381.651
11518.215
11719.178
11524.417
11399.608
11538.245
11740.754
11544.202
11390.289
11527.275
11728.794
11534.244
11386.137
11522.882
11724.105
11529.526
11384.268
11520.919
11722.023
11527.396
12074.125
12528.5
12751.244
11894.652
12062.961
12516.305
12739.939
11884.118
12059.162
12512.448
12736.236
11880.928
12057.953
12511.21
12735.04
11879.859
12050.825
12504.084
12754.738
11804.361
12050.833
12504.092
12754.725
11804.322
12050.667
12503.929
12754.56
11804.14
12049.571
12502.961
12753.489
11803.118
11368.937
11517.984
11720.656
11542.199
11368.777
11517.824
11720.496
11542.032
11368.231
11517.281
11719.947
11541.448
11367.165
11516.451
11719.212
11540.445
11368.98
11518.04
11720.705
11542.203
11368.898
11517.962
11720.631
11542.14
11368.933
11517.993
11720.667
11542.188
11368.956
11518.008
11720.681
11542.219
15619.585
12595.529
11765.201
11267.232
15619.544
12595.471
11765.121
11267.149
15619.468
12595.483
11765.149
11267.185
15619.381
12595.485
11765.171
11267.212
15619.341
12595.466
11765.152
11267.192
15619.273
12595.353
11765.008
11267.037
15619.152
12594.994
11764.51
11266.497
15620.692
12594.382
11763.429
11265.327
15064.249
12366.879
11724.619
11315.742
15067.284
12366.74
11723.748
11314.788
15066.943
12366.752
11723.686
11314.702
15067.221
12366.676
11723.542
11314.545
15067.006
12366.652
11723.561
11314.564
15066.832
12366.595
11723.551
11314.555
15066.744
12366.55
11723.515
11314.517
15066.961
12366.558
11723.418
11314.407
11450.652
11603.214
11793.914
11598.672
11450.635
11603.172
11793.855
11598.631
11450.59
11603.117
11793.792
11598.573
11450.491
11603.048
11793.74
11598.504
11451.679
11603.865
11794.356
11599.458
11450.912
11603.517
11794.225
11598.948
11450.789
11603.341
11794.041
11598.812
11450.653
11603.24
11793.955
11598.691
12085.676
12453.632
12699.944
11918.166
12085.442
12453.629
12699.716
11917.729
12085.235
12453.377
12699.533
11917.618
12085.141
12453.31
12699.442
11917.522
12073.126
12456.829
12697.575
11918.776
12073.091
12456.781
12697.536
11918.763
12073.072
12456.754
12697.504
11918.758
12073.06
12456.597
12697.505
11918.82
11438.633
11602.82
11794.894
11615.179
11438.65
11602.83
11794.896
11615.185
11438.712
11602.867
11794.91
11615.217
11439.107
11602.998
11794.914
11615.437
11438.66
11602.85
11794.938
11615.217
11438.664
11602.842
11794.915
11615.22
11438.649
11602.829
11794.902
11615.196
11438.636
11602.821
11794.895
11615.184
15063.377
12369.936
11722.16
11322.528
15063.275
12369.912
11722.168
11322.538
15063.269
12369.901
11722.15
11322.522
15063.293
12369.898
11722.133
11322.507
15063.223
12369.917
11722.12
11322.512
15063.16
12369.907
11722.133
11322.53
15062.952
12369.863
11722.191
11322.599
15061.058
12369.915
11722.661
11323.112
19624.002
17322.596
10785.973
990.85671
19624.029
17322.618
10785.977
990.83453
19624.128
17322.694
10785.988
990.70735
19624.841
17323.194
10785.934
990.36215
16625.596
17141.284
19294.065
19805.289
16625.612
17141.3
19294.087
19805.316
16625.661
17141.353
19294.175
19805.411
16625.667
17141.575
19294.512
19806.072
16627.404
17139.562
19297.005
19794.884
16627.416
17139.579
19297.025
19794.907
16627.416
17139.58
19297.018
19794.895
16627.422
17139.578
19297.009
19794.883
19634.791
17319.31
10787.807
989.65759
19634.814
17319.33
10787.811
989.64338
19634.801
17319.322
10787.818
989.68155
19634.788
17319.312
10787.823
989.71625
19623.995
17322.549
10785.997
990.70697
19624.063
17322.602
10785.998
990.62317
19624.08
17322.616
10786.002
990.60216
19623.994
17322.55
10785.993
990.71649
19624.922
17323.202
10786.001
990.45966
19623.851
17322.461
10786.045
990.81118
19624.01
17322.551
10785.996
990.80592
19623.926
17322.5
10785.999
990.76143
16625.56
17141.584
19294.49
19806.136
16625.573
17141.234
19293.998
19805.147
16625.522
17141.243
19294.014
19805.286
16625.549
17141.216
19293.99
19805.201
16625.558
17141.241
19294.032
19805.275
16625.583
17141.269
19294.08
19805.334
16625.597
17141.278
19294.094
19805.351
16625.57
17141.242
19294.028
19805.268
15804.515
18196.547
17801.797
6754.3665
15804.514
18196.593
17801.858
6754.2992
15804.554
18196.653
17801.919
6754.2648
15804.652
18196.748
17801.956
6754.2798
15803.793
18195.615
17801.27
6754.9311
15804.326
18196.209
17801.457
6754.7909
15804.441
18196.38
17801.654
6754.5363
15804.52
18196.524
17801.754
6754.4218
84487.118
23515.754
25106.396
9113.4636
84486.728
23515.176
25106.933
9113.6165
84489.129
23515.015
25107.396
9113.4144
84490.213
23514.818
25107.659
9113.2938
84490.977
23514.773
25107.766
9113.2058
84492.003
23514.691
25107.929
9113.0906
84492.805
23514.668
25108.094
9113.0509
84492.871
23514.709
25108.227
9113.1455
84499.943
23503.656
25130.184
9030.4253
84500.174
23503.685
25130.253
9030.4307
84500.245
23503.757
25130.295
9030.4929
84500.275
23503.805
25130.318
9030.5416
15885.705
18173.721
17813.946
6745.6039
15885.694
18173.748
17813.947
6745.6324
15885.737
18173.762
17813.965
6745.6686
15885.776
18173.771
17813.983
6745.69
15804.709
18196.794
17802.006
6754.3742
15804.728
18196.781
17802.031
6754.37
15804.671
18196.777
17802.045
6754.3387
15804.386
18196.537
17802.053
6754.2083
84493.578
23514.871
25108.402
9113.2395
84493.724
23514.896
25108.407
9113.2416
84494.399
23514.819
25108.471
9113.1181
84496.171
23514.922
25108.426
9112.7924
84763.061
23354.677
25078.171
8939.8147
84764.847
23355.122
25077.874
8939.5595
84763.551
23355.305
25077.693
8939.7644
84762.749
23355.586
25077.533
8939.9611
84761.977
23355.706
25077.463
8940.1151
84760.678
23355.963
25077.32
8940.3933
84759.099
23356.285
25077.115
8940.7148
84758.049
23356.526
25076.98
8940.884
15867.396
18182.844
17820.683
6428.848
15867.472
18182.815
17820.636
6429.0191
15867.529
18182.75
17820.571
6429.2372
15867.476
18182.613
17820.392
6429.4989
15867.84
18183.47
17820.929
6428.3405
15867.351
18182.978
17820.843
6428.3784
15867.355
18182.935
17820.77
6428.5932
15867.35
18182.843
17820.719
6428.7407
17032.435
17210.713
19331.573
19788.136
17032.458
17211.088
19332.101
19789.172
17032.571
17211.102
19332.109
19789.045
17032.572
17211.131
19332.126
19789.118
19641.889
17269.731
10591.133
506.46782
19642.998
17270.508
10591.093
506.1634
19642.852
17270.428
10591.157
506.16282
19642.933
17270.481
10591.169
506.27415
19629.539
17274.47
10588.899
507.74603
19629.441
17274.401
10588.924
507.93839
19629.35
17274.346
10588.969
508.14857
19629.385
17274.429
10589.02
508.2058
17031.575
17212.861
19328.6
19801.774
17031.573
17212.826
19328.523
19801.678
17031.581
17212.804
19328.454
19801.588
17031.871
17212.703
19328.459
19801.577
16695.154
17208.475
19362.054
19835.82
16695.526
17208.254
19361.966
19835.697
16695.417
17208.29
19361.902
19835.63
16695.462
17208.247
19361.851
19835.565
19652.353
17249.018
10559.57
557.05146
19652.299
17249.055
10559.612
557.20393
19652.211
17248.989
10559.661
557.40935
19652.153
17248.964
10559.694
557.55967
19641.387
17252.216
10557.863
558.7465
19641.339
17252.184
10557.89
558.87926
19641.289
17252.153
10557.918
559.02416
19641.251
17252.088
10557.934
559.11063
16694.634
17209.668
19359.027
19845.831
16694.624
17209.661
19358.992
19845.786
16694.625
17209.656
19358.962
19845.74
16694.399
17209.785
19358.964
19845.747
15740.06
18174.438
17821.162
6768.9554
15740.084
18174.396
17821.112
6769.111
15740.108
18174.34
17821.046
6769.3075
15740.139
18174.338
17821.118
6769.3395
15739.976
18174.677
17821.542
6768.1151
15739.98
18174.561
17821.294
6768.4758
15740.023
18174.511
17821.27
6768.6731
15740.047
18174.456
17821.189
6768.8679
84693.894
23425.947
25064.487
9010.4772
84692.332
23426.237
25064.398
9010.7477
84690.902
23426.529
25064.174
9011.0527
84689.72
23426.764
25064.027
9011.2859
84689.168
23426.878
25063.943
9011.402
84688.13
23427.093
25063.794
9011.6134
84686.916
23427.353
25063.616
9011.866
84686.276
23427.521
25063.457
9012.0277
84749.697
23358.157
25075.999
8942.5489
84748.432
23358.491
25075.576
8942.8502
84747.192
23358.766
25075.354
8943.0927
84746.958
23358.847
25075.302
8943.1753
15867.821
18182.308
17820.017
6430.5842
15867.822
18182.245
17820.12
6430.733
15867.809
18182.147
17820.01
6430.9797
15867.847
18182.14
17820.038
6431.0079
15788.559
18204.511
17808.664
6438.095
15788.62
18204.536
17808.702
6438.0515
15788.68
18204.626
17808.754
6437.9626
15788.725
18204.707
17808.8
6437.8962
84740.266
23369.715
25053.827
9024.1647
84740.486
23369.701
25053.9
9024.1626
84741.085
23369.607
25054.094
9024.095
84741.575
23369.538
25054.253
9024.0396
84748.189
23358.752
25075.938
8943.1188
84748.775
23358.513
25075.659
8942.9438
84748.785
23358.657
25075.81
8943.0703
84747.962
23359.009
25075.899
8943.3362
84747.091
23359.185
25075.736
8943.5
84744.812
23359.642
25074.921
8943.8018
84739.575
23360.328
25072.251
8944.1917
84731.92
23350.968
25063.538
8941.9977
15868.147
18182.353
17820.245
6431.3602
15867.903
18182.068
17820.109
6431.8071
15866.943
18181.203
17819.702
6432.6485
15863.307
18179.4
17818.077
6432.824
15868.125
18182.406
17820.203
6430.8213
15867.915
18182.358
17820.181
6430.7895
15868.023
18182.399
17820.241
6430.9214
15868.136
18182.406
17820.261
6431.1695
17032.711
17210.857
19331.44
19788.193
17032.736
17210.954
19331.579
19788.347
17032.842
17211.022
19331.64
19788.398
17032.99
17211.117
19331.724
19788.468
17033.101
17211.215
19331.831
19788.569
17033.361
17211.516
19332.192
19788.929
17033.789
17212.224
19333.106
19789.889
17035.398
17213.976
19335.778
19792.417
19642.36
17270.232
10591.85
508.51636
19642.727
17270.57
10592.134
508.73091
19643.682
17271.438
10592.804
509.1712
19646.184
17273.756
10594.303
509.74816
19641.99
17269.892
10591.565
508.30301
19642.145
17270.027
10591.646
508.31068
19642.194
17270.074
10591.693
508.35326
19642.269
17270.146
10591.772
508.44161
19628.845
17274.093
10589.397
509.7669
19628.807
17274.06
10589.377
509.76161
19628.759
17274.016
10589.338
509.72628
19628.74
17273.995
10589.312
509.69826
17032.138
17212.622
19328.178
19801.073
17032.122
17212.591
19328.137
19801.033
17032.092
17212.552
19328.088
19800.985
17032.067
17212.539
19328.073
19800.967
17032.953
17210.7
19331.495
19788.274
17032.652
17210.983
19331.597
19788.379
17032.805
17210.969
19331.625
19788.386
17032.763
17210.99
19331.612
19788.373
19642.133
17270.031
10591.484
507.92408
19642.165
17270.017
10591.594
508.15285
19642.189
17270.068
10591.672
508.32333
19642.166
17270.046
10591.687
508.38169
15622.333
12591.119
11765.853
11257.726
15622.5
12591.287
11766.008
11257.87
15622.621
12591.395
11766.108
11257.963
15622.633
12591.409
11766.123
11257.978
11380.924
11517.391
11718.391
11523.49
11381.064
11517.518
11718.506
11523.579
11381.155
11517.603
11718.581
11523.645
11381.169
11517.616
11718.594
11523.656
11371.043
11520.522
11717.136
11524.508
11371.011
11520.49
11717.109
11524.486
11370.95
11520.431
11717.054
11524.439
11370.903
11520.385
11717.009
11524.397
15621.82
12592.797
11763.307
11267.971
15621.766
12592.758
11763.27
11267.939
15621.675
12592.687
11763.204
11267.878
15621.612
12592.636
11763.157
11267.832
15622.311
12591.179
11765.915
11257.786
15622.517
12591.293
11765.992
11257.848
15622.511
12591.307
11766.007
11257.854
15622.531
12591.354
11766.058
11257.89
15622.648
12591.448
11766.139
11257.957
15623.156
12591.813
11766.443
11258.216
15624.549
12592.799
11767.227
11258.894
15630.297
12595.443
11769.214
11260.642
11381.12
11517.52
11718.449
11523.496
11381.376
11517.75
11718.63
11523.608
11382.042
11518.366
11719.138
11523.93
11383.925
11520.398
11720.954
11524.89
11380.974
11517.422
11718.412
11523.506
11381.037
11517.485
11718.46
11523.519
11381.034
11517.467
11718.428
11523.487
11381.065
11517.479
11718.422
11523.48
12063.133
12498.203
12757.816
11795.034
12063.098
12498.133
12757.701
11794.902
12063.17
12498.059
12757.452
11794.462
12063.978
12498.515
12756.945
11794.297
12063.147
12498.228
12757.855
11795.059
12063.263
12498.312
12757.877
11795.032
12063.208
12498.315
12757.879
11795.062
12063.13
12498.257
12757.845
11795.065
12049.919
12501.77
12755.568
11796.151
12050.016
12501.874
12755.663
11796.224
12050.097
12502.002
12755.766
11796.321
12050.172
12502.07
12755.827
11796.396
11368.091
11516.982
11719.447
11541.712
11368.137
11517.027
11719.492
11541.756
11368.198
11517.089
11719.55
11541.816
11368.248
11517.134
11719.597
11541.847
15614.667
12595.738
11764.112
11266.91
15614.689
12595.778
11764.154
11266.956
15614.729
12595.822
11764.21
11267.016
15614.675
12595.851
11764.252
11267.067
15615.237
12594.173
11766.741
11256.797
15615.322
12594.222
11766.783
11256.836
15615.384
12594.283
11766.839
11256.892
15615.426
12594.329
11766.881
11256.937
11377.998
11513.913
11720.717
11540.67
11378.037
11513.958
11720.76
11540.725
11378.094
11514.016
11720.821
11540.788
11378.138
11514.06
11720.867
11540.835
11370.414
11519.885
11716.499
11523.881
11370.421
11519.914
11716.541
11523.906
11370.474
11519.971
11716.604
11523.962
11370.581
11520.053
11716.657
11524.06
15621.162
12592.144
11762.688
11267.342
15621.357
12592.202
11762.689
11267.34
15621.421
12592.265
11762.738
11267.392
15621.27
12592.278
11762.85
11267.51
15624.997
12590.644
11764.583
11256.321
15621.806
12590.735
11765.393
11257.211
15622.079
12590.668
11765.401
11257.237
15621.786
12590.727
11765.513
11257.361
11379.684
11516.526
11717.732
11522.491
11380.382
11516.799
11717.79
11522.894
11380.436
11516.895
11717.88
11522.946
11380.542
11516.959
11717.926
11523.021
12062.515
12497.812
12757.242
11794.323
12062.575
12497.633
12757.319
11794.562
12062.654
12497.805
12757.403
11794.643
12062.748
12497.871
12757.498
11794.743
14960.95
14559.715
15418.501
15932.504
14960.862
14559.769
15418.522
15932.54
14960.934
14559.824
15418.557
15932.555
14961.003
14559.878
15418.592
15932.577
16362.885
16919.76
17322.692
17336.27
16362.868
16919.724
17322.648
17336.272
16362.876
16919.715
17322.625
17336.245
16362.891
16919.716
17322.616
17336.23
16348.308
16924.041
17320.391
17337.754
16348.326
16924.045
17320.386
17337.74
16348.341
16924.046
17320.374
17337.72
16348.344
16924.041
17320.361
17337.706
14959.633
14561.954
15414.675
15946.717
14959.706
14562.011
15414.711
15946.742
14959.791
14562.075
15414.751
15946.765
14959.841
14562.111
15414.774
15946.774
14961.305
14560.131
15418.774
15932.712
14961.214
14559.995
15418.603
15932.527
14961.239
14560.037
15418.643
15932.562
14961.253
14560.084
15418.7
15932.619
14961.216
14560.055
15418.671
15932.591
14961.003
14559.83
15418.427
15932.346
14960.285
14559.067
15417.558
15931.471
14959.453
14556.389
15414.783
15928.65
16362.886
16919.631
17322.689
17336.05
16362.628
16919.356
17322.38
17335.632
16361.712
16918.32
17321.123
17333.753
16358.951
16915.168
17316.904
17325.64
16363.01
16919.746
17322.76
17335.999
16362.812
16919.51
17322.455
17335.501
16362.848
16919.56
17322.542
17335.7
16362.905
16919.643
17322.681
17335.993
17421.321
16293.317
15284.891
14513.131
17420.975
16293.168
15284.848
14513.052
17421.089
16293.188
15284.846
14513.116
17421.272
16293.229
15284.847
14513.192
17421.269
16293.223
15284.841
14513.196
17420.983
16293.069
15284.787
14513.106
17419.799
16292.415
15284.537
14512.908
17411.631
16292.74
15285.146
14508.59
14152.028
13181.349
11923.339
10868.3
14151.614
13180.895
11923.04
10868.211
14151.788
13181.081
11923.183
10868.307
14152.015
13181.318
11923.363
10868.43
14151.995
13181.307
11923.365
10868.464
14151.543
13180.801
11923.041
10868.427
14149.852
13178.722
11921.706
10868.235
14139.359
13172.158
11916.431
10863.71
10182.689
8422.1263
5651.1068
2254.1939
10182.846
8422.7311
5652.5549
2255.9539
10183.35
8424.4012
5656.1692
2260.1858
10180.635
8428.1688
5668.9146
2273.0614
10182.403
8421.5997
5650.0358
2252.7682
10182.443
8421.864
5650.6377
2253.3802
10182.519
8421.9088
5650.6916
2253.5142
10182.604
8421.9899
5650.8495
2253.8161
10185.46
8420.9943
5651.3004
2253.5004
10185.466
8420.955
5651.1613
2253.3006
10185.466
8420.8824
5650.9341
2252.9827
10185.467
8420.8451
5650.8069
2252.8008
14151.914
13180.527
11923.809
10865.202
14151.955
13180.583
11923.859
10865.227
14152.015
13180.663
11923.928
10865.258
14152.042
13180.707
11923.967
10865.276
14151.771
13180.994
11922.978
10868.032
14151.704
13180.907
11922.938
10868.077
14151.676
13180.874
11922.938
10868.129
14151.693
13180.897
11922.968
10868.162
10182.199
8421.4014
5650.1214
2252.6818
10182.307
8421.6389
5650.6327
2253.3359
10182.395
8421.8023
5650.9444
2253.7139
10182.429
8421.8341
5650.9676
2253.7245
10184.618
8421.2092
5651.4984
2252.0196
10184.657
8421.2543
5651.551
2252.0709
10184.709
8421.3162
5651.6249
2252.1424
10184.747
8421.3579
5651.6748
2252.1952
10184.519
8421.0507
5651.3183
2251.7399
10184.519
8421.0718
5651.3693
2251.8496
10184.569
8421.1268
5651.4369
2251.9177
10184.606
8421.1704
5651.4885
2251.9713
14157.847
13181.264
11922.202
10863.779
14157.824
13181.319
11922.255
10863.791
14157.843
13181.345
11922.292
10863.837
14157.857
13181.366
11922.321
10863.871
14157.866
13181.376
11922.336
10863.888
14157.881
13181.394
11922.363
10863.922
14157.898
13181.418
11922.399
10863.968
14157.912
13181.435
11922.426
10864.003
17413.054
16295.75
15283.561
14513.978
17413.044
16295.741
15283.568
14513.994
17413.024
16295.726
15283.573
14514.021
17413.002
16295.709
15283.572
14514.043
17413.442
16295.746
15283.541
14514.141
17413.409
16295.727
15283.537
14514.144
17413.385
16295.707
15283.535
14514.167
17413.374
16295.696
15283.541
14514.179
14152.159
13179.842
11921.444
10868.084
14152.145
13179.852
11921.463
10868.102
14152.157
13179.868
11921.491
10868.143
14152.168
13179.884
11921.515
10868.175
14152.177
13179.891
11921.528
10868.194
14152.183
13179.916
11921.559
10868.222
14152.215
13179.928
11921.586
10868.275
14152.173
13180
11921.65
10868.273
10183.136
8421.0631
5652.1259
2248.1279
10183.164
8421.1008
5652.1753
2248.1878
10183.226
8421.1618
5652.2404
2248.2376
10183.205
8421.1708
5652.2922
2248.3672
10183.008
8420.9032
5651.9006
2247.9165
10183.03
8420.94
5651.9778
2247.9908
10183.078
8420.9962
5652.0477
2248.0559
10183.113
8421.0387
5652.0994
2248.1054
10187.232
8421.6802
5653.1046
2242.792
10187.228
8421.6828
5653.1176
2242.8136
10187.236
8421.6928
5653.1336
2242.8377
10187.218
8421.6966
5653.1866
2242.9037
14159.418
13180.496
11921.613
10865.308
14159.406
13180.49
11921.61
10865.303
14159.401
13180.479
11921.604
10865.307
14159.358
13180.469
11921.598
10865.289
14159.261
13180.941
11920.82
10868.373
14159.241
13180.923
11920.804
10868.357
14159.223
13180.908
11920.789
10868.344
14159.214
13180.9
11920.783
10868.338
10184.19
8422.5501
5652.7269
2242.9231
10184.175
8422.5383
5652.7231
2242.9296
10184.162
8422.5296
5652.7206
2242.939
10184.156
8422.5276
5652.7224
2242.9492
10187.371
8421.8254
5653.1837
2242.8294
10187.332
8421.7868
5653.1479
2242.8085
10187.291
8421.7482
5653.1136
2242.7915
10187.267
8421.7271
5653.0969
2242.7861
10187.605
8422.0224
5653.4007
2242.9429
10187.537
8421.963
5653.3487
2242.9029
10187.457
8421.8842
5653.2738
2242.8523
10187.405
8421.8336
5653.2255
2242.8215
14159.744
13180.824
11921.965
10865.676
14159.685
13180.76
11921.896
10865.607
14159.624
13180.696
11921.824
10865.529
14159.585
13180.655
11921.779
10865.479
14159.566
13180.636
11921.758
10865.454
14159.535
13180.604
11921.723
10865.415
14159.5
13180.57
11921.686
10865.375
14159.478
13180.548
11921.663
10865.352
17411.87
16297.454
15282.589
14510.144
17411.791
16297.407
15282.531
14510.057
17411.716
16297.349
15282.466
14509.975
17411.669
16297.312
15282.428
14509.929
17411.577
16297.315
15282.402
14509.912
17411.54
16297.288
15282.376
14509.883
17411.5
16297.257
15282.349
14509.866
17411.467
16297.244
15282.338
14509.842
16345.434
16925.591
17313.098
17352.026
16345.392
16925.55
17313.059
17351.994
16345.354
16925.506
17313.017
17351.95
16345.314
16925.455
17312.966
17351.959
14729.595
14623.327
15386.404
15970.679
14729.528
14623.287
15386.361
15970.644
14729.499
14623.237
15386.328
15970.596
14729.315
14623.256
15386.311
15970.618
14730.813
14622.73
15388.781
15963.985
14730.736
14622.555
15388.622
15963.848
14730.533
14622.394
15388.484
15963.729
14730.43
14622.313
15388.41
15963.665
16352.998
16923.715
17314.395
17351.629
16352.885
16923.64
17314.328
17351.525
16352.772
16923.541
17314.243
17351.451
16352.71
16923.483
17314.193
17351.404
16345.348
16925.902
17320.672
17339.021
16345.445
16925.979
17320.652
17338.753
16345.419
16925.94
17320.568
17338.533
16344.784
16925.468
17320.294
17338.542
14767.779
14622.657
15385.971
15966.38
14767.879
14622.716
15386.032
15966.468
14767.711
14622.616
15385.967
15966.436
14766.845
14621.721
15385.178
15965.734
15043.01
15355.147
15777.147
16028.721
15042.404
15354.596
15776.658
16028.249
15041.929
15354.152
15776.245
16027.921
15041.276
15353.499
15775.596
16027.398
14803.918
14534.555
14685.644
14877.924
14803.192
14533.893
14684.955
14877.293
14802.652
14533.279
14684.459
14876.802
14801.624
14532.287
14683.794
14876.139
14827.153
14552.773
14702.09
14890.17
14815.08
14543.39
14694.225
14882.927
14806.717
14536.689
14688.511
14877.651
14805.167
14535.156
14687.094
14876.332
15059.732
15368.43
15790.882
16040.93
15052.584
15361.396
15784.084
16034.668
15047.395
15356.335
15779.229
16030.164
15046.126
15355.163
15778.164
16029.11
16362.915
16933.208
17326.757
17335.369
16354.876
16926.475
17323.131
17338.264
16352.534
16924.618
17322.085
17338.517
16351.86
16924.074
17321.737
17338.434
17419.446
16298.984
15288.678
14511.305
17422.573
16294.492
15285.838
14515.153
17422.117
16293.965
15285.275
14514.722
17421.951
16293.75
15285.032
14514.553
17421.677
16293.774
15284.957
14514.423
17421.556
16293.759
15284.905
14514.221
17421.41
16293.713
15284.824
14514.012
17421.276
16293.536
15284.647
14513.926
14154.121
13181.051
11922.78
10869.868
14153.972
13180.877
11922.597
10869.701
14153.804
13180.671
11922.381
10869.511
14153.692
13180.535
11922.236
10869.379
14153.64
13180.473
11922.168
10869.313
14153.557
13180.382
11922.063
10869.198
14153.494
13180.334
11921.985
10869.061
14153.466
13180.344
11921.966
10868.972
10184.525
8422.1588
5652.8773
2246.3119
10184.408
8422.0486
5652.785
2246.2616
10184.228
8421.7893
5652.3609
2245.7947
10184.082
8421.5159
5651.7876
2245.0456
10185.007
8422.4277
5652.667
2245.6924
10184.861
8422.3426
5652.7081
2245.8312
10184.7
8422.2644
5652.8174
2246.0964
10184.586
8422.203
5652.8784
2246.2667
10189.111
8422.6034
5654.5067
2246.7991
10188.765
8422.2848
5654.1201
2246.2865
10188.423
8421.9649
5653.7652
2245.9074
10188.224
8421.5278
5652.9702
2245.1216
14155.147
13181.441
11924.435
10867.775
14154.683
13180.969
11924.017
10867.406
14154.286
13180.548
11923.627
10867.048
14154.582
13180.918
11923.822
10866.997
14141.928
13172.012
11915.889
10865.667
14153.344
13179.532
11922.255
10871.151
14154.801
13181.587
11923.543
10871.135
14155.039
13181.941
11923.713
10870.965
10184.102
8431.1076
5675.7756
2269.9458
10187.469
8426.8697
5661.0533
2255.0169
10186.644
8424.669
5656.5177
2249.7876
10186.225
8423.7479
5654.6306
2247.5703
32352.931
21212.393
17665.987
14949.173
32204.171
21189.027
17668.014
14966.529
32161.946
21176.971
17665.541
14970.117
32146.205
21172.15
17664.023
14971.012
32142.677
21170.766
17663.302
14970.907
32140.42
21169.419
17662.24
14970.364
32139.3
21168.55
17661.401
14969.829
32132.324
21166.939
17661.286
14970.58
15280.514
15049.524
14816.796
13087.614
15279.997
15049.29
14816.734
13087.614
15279.509
15049
14816.581
13087.506
15280.059
15049.295
14816.654
13088.247
15262.947
15037.945
14808.245
13067.187
15276.905
15046.547
14814.58
13081.155
15279.886
15048.847
14816.172
13085.744
15280.552
15049.472
14816.701
13087.291
14941.715
14827.729
15335.485
15433.195
14947.689
14826.321
15329.065
15426.595
14949.107
14826.068
15327.054
15424.127
14949.517
14825.928
15326.23
15423.094
15392.399
14776.969
12991.181
10103.199
15386.648
14774.362
12997.459
10112.602
15384.212
14772.764
12998.773
10117.171
15383.173
14772.051
12999.254
10119.118
15379.998
14772.657
12998.879
10119.926
15379.669
14772.369
12998.868
10120.47
15379.412
14772.136
12998.8
10120.774
15379.024
14771.906
12998.98
10121.283
14949.303
14826.27
15325.243
15425.606
14949.156
14826.184
15325.036
15425.309
14948.938
14826.056
15324.853
15425.074
14949.156
14825.85
15324.451
15424.636
14735.939
14852.65
15321.91
15447.511
14735.874
14852.467
15321.868
15447.474
14735.602
14852.349
15321.847
15447.514
14735.453
14852.243
15321.832
15447.531
15384.379
14764.145
12988.418
10136.961
15384.375
14764.139
12988.316
10136.754
15384.418
14764.15
12988.167
10136.396
15384.445
14764.159
12988.066
10136.155
15383.426
14764.451
12987.866
10136.174
15383.363
14764.396
12987.826
10136.16
15383.112
14764.208
12987.88
10136.543
15382.741
14763.934
12988.028
10137.25
14735.303
14852.336
15321.539
15448.514
14735.214
14852.258
15321.468
15448.448
14735.226
14852.176
15321.266
15448.199
14735.292
14852.176
15320.992
15447.851
15199.533
15065.815
14788.144
13295.072
15199.429
15065.707
14788.042
13295.001
15199.432
15065.725
14788.07
13295.209
15199.584
15065.895
14788.292
13295.601
15200.297
15066.629
14788.982
13295.898
15200.085
15066.416
14788.711
13295.785
15199.807
15066.111
14788.435
13295.4
15199.616
15065.905
14788.226
13295.174
32116.96
21187.364
17651.701
15020.566
32117.763
21187.579
17651.691
15020.395
32119.677
21188.126
17651.757
15020.134
32120.91
21188.487
17651.801
15019.961
32121.289
21188.587
17651.793
15019.885
32121.058
21188.474
17651.68
15019.794
32118.079
21187.46
17651.235
15019.812
32113.137
21185.818
17650.592
15019.962
32134.827
21167.099
17660.425
14969.275
32134.492
21166.956
17660.31
14969.224
32134.027
21166.774
17660.193
14969.171
32133.76
21166.668
17660.113
14969.137
15278.697
15048.015
14815.506
13087.124
15278.651
15047.955
14815.515
13087.003
15278.58
15047.891
14815.435
13087.014
15278.539
15047.844
14815.404
13086.984
15220.274
15064.602
14806.977
13092.064
15220.242
15064.561
14806.945
13092.051
15220.201
15064.522
14806.908
13092.04
15220.174
15064.499
14806.884
13092.034
32130.058
21173.94
17644.598
15026.403
32129.842
21173.859
17644.534
15026.377
32129.605
21173.764
17644.47
15026.342
32129.441
21173.698
17644.427
15026.319
32132.96
21166.347
17659.888
14969.026
32132.824
21166.286
17659.861
14969.011
32132.676
21166.23
17659.818
14968.992
32132.568
21166.189
17659.788
14968.976
32132.485
21166.169
17659.77
14968.971
32132.344
21166.114
17659.744
14968.968
32132.07
21166.022
17659.715
14968.987
32131.559
21165.721
17659.719
14969.097
15278.328
15047.643
14815.216
13086.949
15278.323
15047.638
14815.209
13086.951
15278.338
15047.65
14815.212
13086.946
15278.473
15047.813
14815.276
13086.968
15278.399
15047.704
14815.275
13086.952
15278.381
15047.695
14815.258
13086.946
15278.356
15047.669
14815.237
13086.945
15278.336
15047.651
14815.222
13086.948
14948.019
14824.57
15324.513
15421.235
14947.992
14824.552
15324.488
15421.203
14947.978
14824.535
15324.471
15421.19
14947.973
14824.525
15324.462
15421.187
14947.968
14824.52
15324.456
15421.182
14947.953
14824.508
15324.439
15421.161
14947.914
14824.488
15324.394
15421.101
14947.71
14824.486
15324.35
15420.709
15381.246
14770.455
12998.792
10120.526
15381.222
14770.437
12998.806
10120.591
15381.158
14770.385
12998.858
10120.757
15380.643
14769.938
12998.802
10122.237
15381.294
14770.486
12998.79
10120.482
15381.259
14770.456
12998.795
10120.542
15381.249
14770.451
12998.792
10120.538
15381.248
14770.454
12998.79
10120.527
15378.516
14771.41
12998.385
10120.719
15378.483
14771.382
12998.374
10120.733
15378.446
14771.352
12998.362
10120.748
15378.423
14771.333
12998.356
10120.763
14947.339
14825.209
15323.76
15424.175
14947.308
14825.178
15323.725
15424.141
14947.273
14825.146
15323.689
15424.104
14947.249
14825.126
15323.666
15424.08
14948.378
14824.77
15324.809
15421.51
14948.215
14824.788
15324.743
15421.47
14948.183
14824.71
15324.679
15421.396
14948.129
14824.682
15324.634
15421.355
15381.584
14770.73
12998.88
10120.352
15381.518
14770.667
12998.865
10120.395
15381.453
14770.615
12998.845
10120.427
15381.409
14770.578
12998.832
10120.447
15401.51
13793.22
13426.738
13201.857
15401.452
13793.197
13426.721
13201.847
15401.404
13793.172
13426.704
13201.835
15401.373
13793.156
13426.693
13201.828
13289.243
13381.338
13474.817
13317.011
13289.232
13381.327
13474.81
13316.999
13289.221
13381.317
13474.8
13316.994
13289.214
13381.311
13474.796
13316.992
13282.736
13383.185
13473.854
13317.55
13282.731
13383.181
13473.852
13317.55
13282.726
13383.177
13473.849
13317.551
13282.724
13383.176
13473.848
13317.552
15400.859
13794.035
13424.906
13208.19
15400.834
13794.023
13424.897
13208.185
15400.807
13794.01
13424.889
13208.18
15400.789
13794.002
13424.885
13208.178
15401.265
13793.112
13426.671
13201.817
15401.293
13793.108
13426.656
13201.805
15401.261
13793.106
13426.664
13201.814
15401.222
13793.107
13426.679
13201.827
15401.216
13793.108
13426.683
13201.831
15401.244
13793.111
13426.679
13201.828
15401.354
13793.138
13426.646
13201.803
15403
13792.791
13426.238
13201.419
13289.213
13381.303
13474.789
13317.011
13289.212
13381.308
13474.793
13317.003
13289.195
13381.31
13474.798
13316.964
13289.003
13381.425
13474.892
13316.651
13289.202
13381.298
13474.787
13316.998
13289.193
13381.299
13474.789
13316.987
13289.2
13381.3
13474.789
13316.996
13289.208
13381.302
13474.789
13317.007
13597.089
13768.064
13876.457
13483.741
13597.09
13768.065
13876.459
13483.751
13597.092
13768.063
13876.473
13483.776
13597.059
13768.087
13876.371
13484.072
13597.11
13768.078
13876.466
13483.727
13597.094
13768.069
13876.462
13483.74
13597.057
13768.073
13876.454
13483.744
13597.054
13768.074
13876.452
13483.744
13589.141
13770.601
13875.295
13484.498
13589.066
13770.529
13875.216
13484.419
13588.978
13770.483
13875.157
13484.372
13589.029
13770.552
13875.258
13484.532
13281.153
13381.248
13475.47
13328.387
13281.133
13381.229
13475.455
13328.375
13281.148
13381.246
13475.472
13328.406
13281.196
13381.294
13475.524
13328.458
15397.309
13795.929
13425.76
13207.68
15397.242
13795.892
13425.732
13207.66
15397.2
13795.884
13425.738
13207.676
15397.158
13795.909
13425.777
13207.729
15398.143
13795.296
13427.738
13201.523
15398.045
13795.226
13427.682
13201.473
15397.919
13795.137
13427.606
13201.406
15397.833
13795.076
13427.555
13201.36
13287.774
13379.542
13476.556
13327.958
13287.727
13379.498
13476.513
13327.929
13287.663
13379.436
13476.458
13327.877
13287.62
13379.395
13476.42
13327.843
13282.964
13383.383
13474.011
13317.628
13282.969
13383.396
13474.029
13317.657
13282.951
13383.383
13474.026
13317.659
13282.985
13383.416
13474.052
13317.726
15401.843
13794.515
13425.261
13208.425
15401.755
13794.522
13425.245
13208.433
15401.629
13794.491
13425.205
13208.415
15401.594
13794.453
13425.242
13208.45
15402.473
13792.712
13425.091
13200.152
15402.383
13793.198
13426.248
13201.225
15402.213
13793.566
13426.947
13201.925
15402.444
13793.579
13426.98
13201.981
13287.736
13380.045
13473.549
13315.085
13288.687
13380.809
13474.275
13316.164
13289.31
13381.339
13474.784
13316.885
13289.379
13381.455
13474.897
13316.988
13596.029
13766.92
13874.527
13481.335
13596.996
13767.848
13876.062
13482.822
13597.192
13768.15
13876.48
13483.476
13597.214
13768.192
13876.562
13483.624
14592.666
14397.307
14676.542
14842.171
14593.078
14397.841
14676.648
14841.992
14593.331
14398.167
14676.724
14841.905
14593.407
14398.185
14676.754
14841.936
14593.138
14398.271
14676.719
14841.959
14593.088
14398.241
14676.718
14841.98
14593.05
14398.221
14676.718
14841.994
14593.116
14398.283
14676.735
14841.977
14991.775
15189.723
15348.559
15367.759
14991.802
15189.745
15348.552
15367.65
14991.82
15189.757
15348.542
15367.567
14991.787
15189.722
15348.535
15367.714
14992.252
15190.213
15348.493
15365.622
14991.924
15189.876
15348.536
15367.006
14991.752
15189.695
15348.561
15367.788
14991.786
15189.731
15348.561
15367.74
15499.544
15102.284
14904.247
14771.397
15500.88
15101.521
14904.427
14773.473
15501.647
15101.075
14904.531
14774.678
15501.65
15101.063
14904.547
14774.73
14645.264
14132.647
12845.793
10915.57
14648.218
14135.983
12845.652
10907.95
14649.931
14137.922
12845.561
10903.513
14649.994
14138.014
12845.529
10903.28
14649.997
14137.986
12845.522
10903.394
14649.701
14137.649
12845.542
10904.147
14649.49
14137.411
12845.56
10904.688
14649.874
14137.859
12845.542
10903.688
15501.649
15101.054
14904.542
14774.678
15501.517
15101.114
14904.508
14774.464
15501.419
15101.151
14904.478
14774.308
15501.58
15101.046
14904.501
14774.579
15487.606
15100.95
14906.259
14776.347
15487.61
15100.94
14906.249
14776.344
15487.596
15100.928
14906.241
14776.342
15487.582
15100.919
14906.237
14776.34
14650.099
14136.328
12844.262
10907.52
14650.101
14136.338
12844.278
10907.53
14650.102
14136.346
12844.297
10907.558
14650.101
14136.351
12844.314
10907.589
14650.152
14136.347
12844.312
10907.656
14650.151
14136.349
12844.333
10907.688
14650.159
14136.379
12844.329
10907.745
14650.01
14135.952
12844.934
10907.447
15487.578
15100.908
14906.25
14776.283
15487.566
15100.902
14906.247
14776.281
15487.573
15100.887
14906.239
14776.28
15487.368
15101.1
14906.295
14776.246
14985.169
15190.184
15348.316
15380.297
14985.162
15190.178
15348.308
15380.285
14985.152
15190.172
15348.3
15380.267
14985.146
15190.246
15348.317
15380.136
14985.192
15190.218
15348.358
15380.314
14985.185
15190.21
15348.344
15380.322
14985.178
15190.199
15348.333
15380.308
14985.172
15190.189
15348.321
15380.302
14591.418
14400.003
14676.045
14846.211
14591.417
14400.004
14676.044
14846.206
14591.408
14400.003
14676.041
14846.201
14591.398
14400.001
14676.04
14846.197
14591.395
14400
14676.038
14846.194
14591.396
14399.997
14676.031
14846.188
14591.404
14399.998
14676.016
14846.177
14591.779
14399.843
14675.934
14846.096
14281.788
14418.524
14692.371
14886.425
14282.37
14418.267
14692.239
14886.301
14282.246
14418.326
14692.242
14886.319
14282.317
14418.288
14692.227
14886.301
14282.281
14418.3
14692.234
14886.307
14282.267
14418.3
14692.238
14886.307
14282.26
14418.297
14692.236
14886.304
14282.28
14418.288
14692.219
14886.295
14995.872
15172.266
15328.047
15419.188
14995.869
15172.257
15328.041
15419.193
14995.866
15172.254
15328.039
15419.194
14995.862
15172.26
15328.044
15419.184
14995.879
15172.157
15328.003
15419.407
14995.882
15172.288
15328.052
15419.184
14995.876
15172.264
15328.051
15419.204
14995.874
15172.275
15328.05
15419.184
15438.999
15130.515
14923.648
14776.408
15438.576
15130.964
14923.768
14776.345
15438.639
15130.914
14923.752
14776.355
15438.611
15130.936
14923.762
14776.352
14626.892
14054.716
12938.101
10864.305
14626.571
14053.845
12939.311
10863.684
14626.606
14053.964
12939.17
10863.793
14626.595
14053.921
12939.244
10863.788
14627.342
14053.733
12939.312
10863.821
14627.345
14053.737
12939.322
10863.839
14627.35
14053.743
12939.329
10863.854
14627.354
14053.747
12939.334
10863.855
15438.672
15130.833
14923.955
14775.637
15438.667
15130.833
14923.958
14775.64
15438.667
15130.836
14923.963
14775.645
15438.673
15130.84
14923.966
14775.649
15437.539
15131.169
14923.72
14776.469
15437.597
15131.339
14923.783
14776.347
15437.583
15131.287
14923.776
14776.41
15437.565
15131.191
14923.753
14776.507
14626.571
14054.039
12939.154
10864.693
14626.363
14053.774
12938.987
10865.155
14626.459
14053.896
12939.044
10865.009
14626.612
14054.083
12939.135
10864.681
14627.325
14053.827
12939.141
10864.697
14627.457
14053.898
12939.254
10864.228
14626.304
14052.421
12938.099
10865.835
14624.211
14049.811
12936.052
10869.122
15437.634
15131.118
14923.958
14775.749
15437.692
15131.122
14923.969
14775.857
15438.077
15131.948
14924.222
14775.146
15438.672
15133.369
14924.651
14773.836
14994.743
15172.608
15327.727
15420.2
14994.733
15172.609
15327.732
15420.261
14995.615
15173.547
15328.587
15420.675
14997.127
15175.142
15330.033
15421.323
14994.715
15172.57
15327.678
15420.147
14994.864
15172.731
15327.823
15420.214
14994.802
15172.667
15327.771
15420.198
14994.707
15172.568
15327.689
15420.175
14282.214
14418.415
14691.939
14887.221
14282.212
14418.454
14692.034
14887.355
14282.203
14418.431
14691.99
14887.298
14282.193
14418.4
14691.928
14887.213
14282.161
14418.423
14691.947
14887.248
14282.112
14418.399
14691.928
14887.236
14282.161
14418.665
14692.521
14888.036
14282.271
14419.144
14693.546
14889.412
13575.262
13720.142
13837.289
13805.161
13575.138
13720.043
13837.208
13805.085
13574.652
13719.655
13836.864
13804.758
13573.057
13718.487
13835.89
13803.896
13382.366
13428.45
13486.364
13455.851
13382.058
13428.153
13486.109
13455.615
13380.662
13426.855
13484.979
13454.597
13378.704
13425.028
13483.39
13453.171
14245.498
13613.092
13442.44
13355.431
14244.925
13612.699
13442.078
13355.109
14243.122
13611.153
13440.515
13353.654
14240.301
13609.159
13438.274
13351.625
14246.369
13613.466
13443.706
13353.704
14246.161
13613.318
13443.537
13353.548
14246.048
13613.192
13443.439
13353.455
14245.875
13613.007
13443.293
13353.319
13385.275
13428.276
13487.156
13456.052
13385.124
13428.132
13487.03
13455.94
13385.036
13428.052
13486.959
13455.875
13384.909
13427.937
13486.857
13455.783
13383.294
13429.503
13486.153
13452.273
13383.335
13429.54
13486.185
13452.302
13383.396
13429.595
13486.232
13452.344
13383.42
13429.62
13486.25
13452.365
14247.845
13612.904
13442.564
13355.938
14247.911
13612.958
13442.612
13355.981
14248.002
13613.037
13442.683
13356.046
14248.06
13613.072
13442.715
13356.073
14248.331
13612.859
13443.468
13353.847
14248.116
13612.676
13443.298
13353.69
14247.994
13612.569
13443.2
13353.599
14247.992
13612.567
13443.197
13353.596
13385.891
13429.027
13486.685
13452.242
13385.742
13428.888
13486.564
13452.128
13385.655
13428.806
13486.492
13452.063
13385.652
13428.802
13486.488
13452.059
13578.148
13719.336
13837.741
13804.908
13578.022
13719.234
13837.651
13804.822
13578.038
13719.259
13837.673
13804.852
13578.083
13719.297
13837.712
13804.895
13575.27
13720.155
13837.286
13805.156
13575.276
13720.16
13837.284
13805.141
13575.264
13720.161
13837.28
13805.137
13575.247
13720.147
13837.275
13805.155
13575.325
13720.156
13837.432
13804.762
13575.253
13720.174
13837.25
13805.216
13575.254
13720.149
13837.303
13805.13
13575.252
13720.158
13837.277
13805.181
13382.812
13428.885
13486.764
13456.181
13382.833
13428.885
13486.76
13456.21
13382.842
13428.889
13486.762
13456.219
13382.814
13428.894
13486.772
13456.173
13383.128
13428.757
13486.665
13456.708
13382.799
13428.923
13486.798
13456.184
13382.821
13428.871
13486.76
13456.204
13382.793
13428.893
13486.772
13456.155
14244.059
13614.046
13443.562
13356.461
14246.483
13613.501
13442.879
13355.826
14246.123
13613.666
13442.949
13355.902
14246.402
13613.589
13442.883
13355.836
14246.255
13613.621
13442.93
13355.878
14246.181
13613.623
13442.965
13355.906
14246.164
13613.63
13442.979
13355.918
14246.319
13613.636
13442.925
13355.874
14246.211
13613.351
13443.599
13353.612
14246.213
13613.355
13443.602
13353.615
14246.219
13613.36
13443.606
13353.619
14246.223
13613.364
13443.609
13353.622
13385.194
13428.205
13487.105
13456.011
13385.197
13428.208
13487.108
13456.014
13385.201
13428.212
13487.112
13456.019
13385.203
13428.214
13487.114
13456.02
13382.848
13428.898
13486.772
13456.224
13382.848
13428.898
13486.771
13456.222
13382.844
13428.893
13486.763
13456.215
13382.842
13428.887
13486.757
13456.204
14246.067
13613.68
13442.966
13355.933
14246.067
13613.682
13442.967
13355.934
14246.07
13613.68
13442.965
13355.931
14246.06
13613.681
13442.964
13355.929
15302.447
14791.939
13213.443
11091.599
15302.455
14791.946
13213.449
11091.603
15302.461
14791.953
13213.459
11091.617
15302.458
14791.948
13213.476
11091.65
14622.332
14833.343
15287.145
15381.268
14622.341
14833.351
15287.153
15381.276
14622.351
14833.357
15287.16
15381.281
14622.306
14833.403
15287.157
15381.292
14622.414
14833.36
15286.852
15382.259
14622.5
14833.376
15286.856
15382.263
14622.516
14833.393
15286.873
15382.28
14622.527
14833.404
15286.885
15382.291
15301.327
14792.211
13213.254
11091.714
15301.336
14792.229
13213.264
11091.702
15301.353
14792.243
13213.27
11091.7
15301.364
14792.252
13213.275
11091.699
15302.166
14792.259
13214.01
11090.654
15302.212
14792.305
13214
11090.544
15302.234
14792.322
13214.003
11090.525
15302.176
14792.285
13214.047
11090.694
15302.948
14792.937
13214.007
11088.219
15302.12
14792.217
13213.909
11090.788
15302.198
14792.282
13214.027
11090.516
15302.121
14792.22
13214.004
11090.782
14632.611
14832.399
15287.037
15380.548
14632.294
14832.4
15286.968
15379.921
14632.305
14832.372
15286.913
15379.964
14632.275
14832.376
15286.917
15379.903
14632.292
14832.377
15286.925
15379.945
14632.332
14832.386
15286.944
15379.979
14632.319
14832.4
15286.96
15380.003
14632.424
14832.407
15286.933
15379.945
15252.212
15092.938
14779.072
13261.888
15252.206
15092.934
14779.072
13261.899
15252.216
15092.945
14779.086
13261.903
15252.287
15093.06
14779.08
13261.834
15251.918
15092.626
14778.935
13261.898
15252.17
15092.915
14779.052
13261.91
15252.191
15092.914
14779.058
13261.876
15252.22
15092.948
14779.073
13261.886
32000.537
21195.848
17699.732
15083.296
31999.931
21195.483
17699.807
15083.506
31999.989
21195.556
17699.843
15083.534
31999.988
21195.54
17699.865
15083.56
32000.06
21195.576
17699.87
15083.552
32000.174
21195.611
17699.882
15083.546
32000.235
21195.652
17699.896
15083.557
32000.265
21195.334
17699.904
15083.575
31577.046
21194.788
17791.178
15110.496
31577.095
21194.322
17791.155
15110.478
31577.153
21194.474
17791.18
15110.5
31577.197
21194.436
17791.194
15110.512
15333.403
15026.844
14729.214
13346.948
15333.463
15026.975
14729.18
13346.841
15333.466
15026.962
14729.206
13346.877
15333.487
15026.985
14729.21
13346.872
15277.945
15042.964
14721.276
13351.461
15277.963
15042.969
14721.288
13351.472
15277.982
15042.987
14721.299
13351.489
15278.016
15043.015
14721.355
13351.439
31573.834
21201.442
17776.45
15165.149
31573.87
21201.471
17776.469
15165.169
31573.897
21201.494
17776.497
15165.191
31573.836
21201.469
17776.495
15165.21
31587.793
21182.584
17786.102
15115.764
31590.878
21183.539
17786.329
15115.445
31592.61
21184.098
17786.481
15115.286
31592.426
21184.041
17786.475
15115.315
31591.97
21183.908
17786.447
15115.368
31590.696
21183.511
17786.362
15115.512
31588.743
21182.903
17786.231
15115.731
31587.416
21182.509
17786.166
15115.888
15353.359
15025.489
14746.533
13165.374
15353.518
15025.675
14746.717
13165.593
15353.759
15025.957
14746.995
13165.92
15353.918
15026.144
14747.137
13166.188
15353.794
15026.036
14747.049
13166.132
15353.456
15025.615
14746.68
13165.521
15353.267
15025.385
14746.428
13165.266
15353.301
15025.421
14746.47
13165.291
14812.364
14809.267
15290.086
15359.583
14811.92
14809.135
15290.067
15359.662
14811.749
14809.006
15290.055
15359.682
14811.759
14809.026
15290.05
15359.674
15299.142
14798.457
13222.915
11078.534
15299.206
14798.455
13222.641
11077.897
15299.238
14798.454
13222.479
11077.537
15299.225
14798.443
13222.49
11077.574
15298.647
14798.6
13222.442
11077.705
15298.605
14798.582
13222.545
11077.962
15298.538
14798.552
13222.699
11078.349
15298.49
14798.534
13222.792
11078.584
14811.772
14809.127
15289.894
15360.211
14811.917
14809.203
15289.89
15360.174
14812.133
14809.317
15289.881
15360.114
14812.328
14809.344
15289.87
15360.056
14622.69
14833.748
15286.768
15382.15
14622.368
14833.546
15286.824
15382.217
14622.242
14833.419
15286.7
15382.138
14622.07
14833.189
15286.547
15382.052
15301.166
14792.152
13213.611
11092.528
15301.237
14792.127
13213.253
11091.906
15301.17
14792.073
13213.167
11091.687
15301.116
14792.033
13213.026
11091.281
15302.215
14791.685
13212.94
11090.622
15302.369
14791.632
13211.98
11088.612
15302.933
14791.573
13209.514
11083.525
15304.826
14790.895
13200.848
11070.625
14621.818
14832.836
15286.772
15381.002
14620.61
14832.2
15286.705
15381.145
14617.434
14830.751
15286.797
15381.728
14608.092
14828.023
15288.551
15384.192
15278.157
15042.675
14720.707
13351.046
15276.671
15041.178
14719.302
13349.182
15272.104
15037.093
14715.848
13344.106
15254.646
15024.591
14705.685
13328.308
15278.787
15043.695
14721.947
13352.252
15277.977
15043.128
14721.485
13351.596
15278.17
15043.106
14721.356
13351.55
15278.319
15042.973
14721.057
13351.407
31569.087
21200.325
17776.557
15166.004
31573.741
21201.163
17776.267
15165.118
31573.546
21201.474
17776.667
15165.398
31573.774
21202.113
17777.28
15165.738
31576.282
21203.001
17777.561
15165.569
31586.897
21206.06
17777.98
15164.198
31618.201
21214.225
17777.981
15159.52
31738.029
21228.875
17770.38
15139.618
19769.403
16950.48
15651.803
14876.25
19897.239
16976.219
15638.865
14849.377
19906.156
16985.367
15641.583
14849.198
19923.394
16989.56
15640.846
14846.371
19918.59
16989.239
15642.1
14847.875
19915.041
16988.504
15643.147
14849.204
19913.49
16988.214
15643.463
14849.683
19923.259
16991.178
15641.998
14847.121
14795.944
14613.155
14483.509
14076.451
14797.263
14614.059
14484.075
14077.405
14797.688
14614.384
14484.303
14077.714
14795.18
14612.35
14482.749
14075.548
14824.999
14638.461
14506.117
14105.248
14799.375
14618.525
14489.032
14081.333
14797.648
14615.05
14485.578
14078.677
14794.915
14612.595
14483.189
14075.724
14530.982
14457.973
14570.059
14585.826
14516.294
14453.553
14572.493
14589.232
14513.767
14451.75
14571.756
14589.022
14511.615
14450.817
14571.701
14589.15
14566.448
14370.222
13817.002
12888.32
14568.91
14368.533
13802.278
12865.727
14568.805
14368.113
13800.372
12860.839
14568.839
14367.642
13798.171
12857.433
14567.833
14367.79
13798.467
12857.998
14567.513
14367.638
13798.758
12858.558
14567.379
14367.562
13798.865
12858.816
14567.762
14367.551
13797.7
12856.767
14511.953
14450.839
14571.163
14589.563
14512.333
14450.78
14570.82
14589.199
14512.505
14450.784
14570.702
14589.055
14511.257
14450.473
14571.08
14589.521
14454.296
14458.399
14570.094
14595.512
14454.744
14458.63
14570.165
14595.505
14455.265
14458.949
14570.253
14595.506
14455.533
14459.101
14570.294
14595.5
14568.957
14365.442
13795.789
12863.068
14568.951
14365.505
13796.148
12863.787
14568.944
14365.584
13796.603
12864.709
14568.937
14365.62
13796.829
12865.168
14568.663
14365.7
13796.833
12865.287
14568.64
14365.658
13796.712
12865.071
14568.587
14365.484
13796.028
12863.767
14568.524
14365.24
13795.02
12861.821
14455.567
14459.168
14570.225
14595.754
14455.444
14459.086
14570.186
14595.732
14454.699
14458.621
14570.015
14595.674
14453.579
14457.952
14569.776
14595.608
14779.86
14619.535
14478.745
14134.345
14779.768
14619.399
14478.596
14134.203
14779.124
14618.505
14477.655
14133.323
14778.149
14617.164
14476.264
14131.992
14778.644
14617.915
14477.1
14132.793
14779.04
14618.45
14477.632
14133.327
14779.544
14619.12
14478.326
14133.956
14779.8
14619.459
14478.669
14134.279
19911.498
16993.22
15641.072
14859.327
19909.1
16992.109
15640.888
14859.59
19906.06
16990.712
15640.648
14859.923
19904.541
16990.015
15640.535
14860.095
19904.226
16989.871
15640.518
14860.137
19904.91
16990.209
15640.598
14860.087
19909.149
16992.212
15640.994
14859.687
19915.404
16995.162
15641.551
14859.068
19912.701
16987.501
15642.561
14849.269
19912.591
16987.44
15642.547
14849.275
19912.646
16987.471
15642.555
14849.271
19912.623
16987.459
15642.55
14849.271
14797.483
14614.61
14484.704
14077.836
14797.504
14614.634
14484.746
14077.823
14797.495
14614.622
14484.727
14077.816
14797.496
14614.623
14484.731
14077.813
14784.761
14618.329
14482.864
14078.94
14784.76
14618.327
14482.865
14078.941
14784.757
14618.326
14482.865
14078.944
14784.756
14618.326
14482.866
14078.946
19911.816
16989.087
15639.14
14861.713
19911.795
16989.079
15639.134
14861.712
19911.77
16989.066
15639.128
14861.709
19911.758
16989.058
15639.124
14861.707
19912.916
16987.359
15642.546
14849.206
19912.898
16987.353
15642.547
14849.209
19912.901
16987.359
15642.551
14849.213
19912.92
16987.374
15642.561
14849.219
19912.938
16987.386
15642.568
14849.224
19912.985
16987.417
15642.589
14849.237
19913.07
16987.478
15642.632
14849.267
19913.151
16987.487
15642.677
14849.322
14797.502
14614.639
14484.752
14077.789
14797.513
14614.645
14484.751
14077.781
14797.538
14614.659
14484.75
14077.759
14797.601
14614.728
14484.777
14077.728
14797.489
14614.631
14484.751
14077.788
14797.492
14614.635
14484.753
14077.789
14797.495
14614.637
14484.754
14077.791
14797.499
14614.638
14484.753
14077.791
14512.815
14450.992
14571.11
14588.403
14512.811
14450.992
14571.107
14588.396
14512.812
14450.99
14571.104
14588.394
14512.812
14450.986
14571.1
14588.392
14512.809
14450.982
14571.095
14588.388
14512.799
14450.972
14571.082
14588.372
14512.772
14450.95
14571.05
14588.331
14512.659
14450.943
14571.022
14588.16
14568.138
14367.316
13799.067
12859.253
14568.12
14367.299
13799.057
12859.259
14568.077
14367.258
13799.05
12859.298
14567.856
14367.042
13799.015
12859.983
14568.153
14367.33
13799.081
12859.27
14568.144
14367.323
13799.086
12859.297
14568.143
14367.322
13799.081
12859.284
14568.141
14367.319
13799.072
12859.264
14567.397
14367.543
13798.965
12859.333
14567.397
14367.544
13798.966
12859.336
14567.399
14367.545
13798.969
12859.341
14567.4
14367.546
13798.97
12859.343
14512.598
14451.132
14570.879
14589.142
14512.598
14451.133
14570.88
14589.143
14512.6
14451.135
14570.882
14589.145
14512.6
14451.136
14570.883
14589.145
14512.817
14450.976
14571.113
14588.403
14512.807
14451.002
14571.111
14588.404
14512.803
14450.987
14571.105
14588.398
14512.8
14450.99
14571.104
14588.398
14568.156
14367.335
13799.076
12859.27
14568.151
14367.329
13799.088
12859.286
14568.147
14367.325
13799.076
12859.266
14568.146
14367.324
13799.077
12859.267
14520.467
13917.251
13995.271
13989.331
14520.5
13917.262
13995.28
13989.333
14520.503
13917.267
13995.281
13989.333
14520.503
13917.269
13995.282
13989.334
14520.505
13917.268
13995.281
13989.333
14520.496
13917.261
13995.275
13989.328
14520.459
13917.242
13995.252
13989.309
14520.592
13917.094
13995.236
13989.237
14092.833
14180.484
14252.915
14125.078
14092.828
14180.479
14252.911
14125.077
14092.808
14180.461
14252.901
14125.07
14092.772
14180.445
14252.845
14125.142
14092.832
14180.481
14252.906
14125.057
14092.834
14180.484
14252.912
14125.071
14092.834
14180.484
14252.915
14125.077
14092.834
14180.484
14252.916
14125.079
14085.686
14182.598
14251.825
14125.626
14085.891
14182.764
14251.98
14125.803
14085.907
14182.775
14251.999
14125.84
14085.483
14182.432
14251.7
14125.529
14519.428
13918.276
13993.27
13996.286
14519.903
13918.666
13993.576
13996.529
14519.957
13918.718
13993.607
13996.552
14519.093
13917.973
13993.007
13996.06
14526.761
13922.688
13999.926
13993.097
14521.375
13917.912
13995.81
13989.806
14520.514
13917.29
13995.373
13989.421
14520.136
13916.931
13995.037
13989.154
14095.991
14182.918
14254.916
14126.848
14093.305
14180.915
14253.261
14125.302
14092.927
14180.537
14252.915
14124.918
14092.71
14180.386
14252.806
14124.847
14529.385
14594.863
14842.544
14920.457
14529.776
14596.684
14845.605
14922.233
14529.559
14596.266
14844.91
14921.931
14529.607
14596.542
14845.372
14922.215
14909.987
14677.902
14370.834
12962.717
14911.845
14678.802
14365.381
12964.634
14911.501
14678.664
14366.768
12963.824
14911.794
14678.798
14365.97
12964.001
14906.751
14680.217
14365.6
12963.993
14906.764
14680.225
14365.581
12963.987
14906.765
14680.229
14365.59
12963.991
14906.8
14680.243
14365.566
12963.965
14529.296
14597.042
14844.001
14926.781
14529.293
14597.049
14844.013
14926.795
14529.289
14597.047
14844.01
14926.795
14529.311
14597.038
14844.056
14926.815
14463.991
14617.226
14833.954
14934.571
14464.039
14617.172
14833.948
14934.523
14464.03
14617.172
14833.915
14934.499
14464.039
14617.159
14833.902
14934.475
14904.467
14680.863
14364.708
12965.489
14904.451
14680.846
14364.734
12965.54
14904.419
14680.831
14364.756
12965.603
14904.401
14680.817
14364.767
12965.644
14904.391
14680.744
14364.893
12965.243
14904.358
14680.694
14365.073
12965.073
14904.338
14680.734
14364.649
12965.634
14903.273
14679.852
14369.031
12961.655
14464.065
14617.149
14833.883
14934.486
14464.065
14617.134
14833.844
14934.454
14464.083
14617.157
14833.869
14934.426
14463.781
14616.189
14831.997
14933.517
14083.456
14158.11
14242.104
14234.109
14083.562
14158.196
14242.178
14234.174
14084.021
14158.588
14242.509
14234.494
14085.7
14159.784
14243.652
14235.125
14166.966
13964.381
14001.32
14034.217
14167.177
13964.594
14001.484
14034.359
14168.172
13965.26
14002.077
14034.824
14170.812
13968.622
14004.543
14037.006
14167.338
13964.032
14001.945
14031.991
14167.614
13964.251
14002.13
14032.142
14167.512
13964.178
14002.072
14032.097
14167.357
13964.064
14001.98
14032.025
14085.708
14157.419
14242.436
14233.892
14085.841
14157.53
14242.529
14233.973
14085.804
14157.499
14242.5
14233.943
14085.742
14157.447
14242.453
14233.898
14083.554
14158.053
14242.118
14234.144
14083.569
14158.065
14242.124
14234.139
14083.586
14158.079
14242.133
14234.14
14083.599
14158.09
14242.142
14234.155
14083.519
14158.006
14242.132
14233.985
14083.515
14158.026
14242.084
14234.145
14083.534
14158.034
14242.114
14234.132
14083.546
14158.047
14242.112
14234.151
14202.3
13954.187
14006.324
14031.42
14202.592
13954.04
14006.371
14031.367
14202.549
13954.12
14006.387
14031.404
14202.604
13954.111
14006.407
14031.409
14202.599
13954.128
14006.414
14031.42
14202.615
13954.142
14006.43
14031.435
14202.636
13954.163
14006.45
14031.454
14202.661
13954.184
14006.469
14031.468
14539.323
14366.978
13914.359
13200.721
14539.328
14366.983
13914.365
13200.726
14539.334
14366.99
13914.373
13200.733
14539.331
14366.989
13914.375
13200.741
14412.811
14450.539
14555.718
14567.271
14412.812
14450.541
14555.721
14567.276
14412.811
14450.541
14555.724
14567.28
14412.791
14450.542
14555.719
14567.28
14412.828
14450.489
14555.77
14566.989
14412.826
14450.493
14555.775
14566.996
14412.829
14450.498
14555.782
14567.004
14412.831
14450.501
14555.787
14567.01
14539.562
14366.876
13914.379
13200.688
14539.569
14366.883
13914.384
13200.689
14539.578
14366.891
13914.39
13200.692
14539.584
14366.897
13914.396
13200.696
14539.249
14366.92
13914.312
13200.712
14539.273
14366.944
13914.313
13200.666
14539.286
14366.957
13914.322
13200.664
14539.267
14366.941
13914.343
13200.756
14539.521
14367.17
13914.233
13199.533
14539.209
14366.87
13914.241
13200.74
14539.25
14366.919
13914.303
13200.636
14539.228
14366.899
13914.307
13200.767
14412.166
14450.705
14555.569
14567.49
14412.012
14450.729
14555.562
14567.256
14412.027
14450.722
14555.55
14567.284
14412.014
14450.73
14555.558
14567.267
14412.026
14450.731
14555.562
14567.286
14412.036
14450.736
14555.573
14567.305
14412.044
14450.741
14555.582
14567.317
14412.026
14450.745
14555.578
14567.303
14801.037
14630.775
14474.71
14117.928
14801.025
14630.766
14474.707
14117.934
14801.017
14630.76
14474.706
14117.937
14801.022
14630.767
14474.712
14117.93
14800.976
14630.68
14474.654
14117.957
14801.05
14630.784
14474.711
14117.932
14801.044
14630.776
14474.708
14117.924
14801.044
14630.782
14474.713
14117.925
19862.927
16992.318
15661.248
14884.813
19862.837
16992.196
15661.244
14884.861
19862.778
16992.18
15661.232
14884.855
19862.75
16992.15
15661.22
14884.851
19862.748
16992.144
15661.214
14884.842
19862.736
16992.131
15661.202
14884.83
19862.719
16992.115
15661.189
14884.819
19862.696
16992.098
15661.184
14884.821
19863.467
16990.533
15664.46
14872.822
19863.464
16990.523
15664.454
14872.814
19863.455
16990.514
15664.443
14872.806
19863.526
16990.486
15664.446
14872.795
