FiniteElementSpace
FiniteElementCollection: L2_2D_P1
VDim: 1
Ordering: 0

-5.946186604967728e+134
-5.985161023398654e+134
-5.271419812135965e+134
-5.306372866052476e+134
-5.774214958399648e+134
-5.889448322455608e+134
-5.11991231903515e+134
-5.221281940744275e+134
-6.953884950847015e+134
-7.098688074039941e+134
-6.270194567121399e+134
-6.399857650891126e+134
-7.170403607603976e+134
-7.219587136908389e+134
-6.46395919505248e+134
-6.508405288807078e+134
-8.29863579094997e+134
-8.344768878843365e+134
-7.66451592853226e+134
-7.71537843720602e+134
-8.818313385579506e+134
-8.861132780267347e+134
-8.536778195018519e+134
-8.554562852751793e+134
-8.674321048669685e+134
-8.779606142382376e+134
-8.406781030411307e+134
-8.494130700126631e+134
-8.072538251566454e+134
-8.22323721649744e+134
-7.440707898521388e+134
-7.591707648113936e+134
-7.653217350141146e+134
-7.918678357565628e+134
-7.047580436394183e+134
-7.294004889555687e+134
-8.448000046048877e+134
-8.622006727856572e+134
-8.05872188219833e+134
-8.293652550701218e+134
-7.931122978852498e+134
-8.275973589292514e+134
-7.464769015669828e+134
-7.836304439508807e+134
-7.065311063210934e+134
-7.426941549243688e+134
-6.502731597259769e+134
-6.833716592816701e+134
-6.076890425675077e+134
-6.383303448489277e+134
-5.49536237844116e+134
-5.764275763878214e+134
-6.582187046046757e+134
-6.814766559693706e+134
-5.940274938894828e+134
-6.146184350894722e+134
-5.478306805440032e+134
-5.663194058862085e+134
-4.864156608787062e+134
-5.023568518578865e+134
-5.077892147634891e+134
-5.320091588920151e+134
-4.521012003114734e+134
-4.728274859132726e+134
-4.599454240934359e+134
-4.883325117083822e+134
-4.11025499776689e+134
-4.353896525762272e+134
-5.47265143318148e+134
-5.831507160624385e+134
-4.96466162217086e+134
-5.279188878778956e+134
-4.809846956823236e+134
-5.197695166914918e+134
-4.381086515267522e+134
-4.722363585449031e+134
-4.071232010532896e+134
-4.380579522079159e+134
-3.653873736524361e+134
-3.921248555829824e+134
-3.519927950696208e+134
-3.839778447914895e+134
-3.173673990410692e+134
-3.452479043828478e+134
-2.968498355948489e+134
-3.286210690322177e+134
-2.688930685814733e+134
-2.96849835594847e+134
-3.452479043828727e+134
-3.839778447915042e+134
-3.173673990410755e+134
-3.519927950696281e+134
-4.126347750520262e+134
-4.522046091381872e+134
-3.775555981008864e+134
-4.126347750520217e+134
-4.722363585449033e+134
-5.197695166914871e+134
-4.381086515267604e+134
-4.809846956823242e+134
-3.921248555830207e+134
-4.380579522079321e+134
-3.653873736524686e+134
-4.071232010533106e+134
-4.353896525762556e+134
-4.883325117083807e+134
-4.110254997767249e+134
-4.599454240934446e+134
-5.279188878778885e+134
-5.831507160624409e+134
-4.964661622170822e+134
-5.472651433181449e+134
-6.235698729006366e+134
-6.775643861987945e+134
-5.844845747266014e+134
-6.344071426508138e+134
-5.545049356133585e+134
-6.012566840833253e+134
-5.123073370948003e+134
-5.545049356133596e+134
-6.344071426508052e+134
-6.775643861987904e+134
-5.844845747265961e+134
-6.235698729006189e+134
-7.159119461961297e+134
-7.627509469766748e+134
-6.7011736278947e+134
-7.159119461961338e+134
-7.836304439508986e+134
-8.275973589292577e+134
-7.464769015669836e+134
-7.931122978852545e+134
-8.293652550701683e+134
-8.622006727856545e+134
-8.058721882198591e+134
-8.448000046049035e+134
-7.294004889555746e+134
-7.918678357565799e+134
-7.047580436394309e+134
-7.653217350141144e+134
-6.833716592816838e+134
-7.426941549243691e+134
-6.502731597259895e+134
-7.065311063210917e+134
-5.76427576387818e+134
-6.383303448489346e+134
-5.495362378441135e+134
-6.076890425675135e+134
-4.728274859132792e+134
-5.320091588920109e+134
-4.521012003114916e+134
-5.077892147634847e+134
-5.023568518578865e+134
-5.663194058862018e+134
-4.864156608787109e+134
-5.47830680544001e+134
-6.146184350894591e+134
-6.814766559693845e+134
-5.940274938894786e+134
-6.582187046046795e+134
-6.399857650890958e+134
-7.098688074040029e+134
-6.270194567121271e+134
-6.953884950847169e+134
-5.221281940744212e+134
-5.889448322455385e+134
-5.119912319035125e+134
-5.774214958399531e+134
-5.306372866052417e+134
-5.985161023398193e+134
-5.271419812135884e+134
-5.946186604967414e+134
-6.508405288806739e+134
-7.219587136908405e+134
-6.463959195052276e+134
-7.170403607604004e+134
-7.715378437205973e+134
-8.344768878844077e+134
-7.664515928532255e+134
-8.298635790950738e+134
-7.591707648113922e+134
-8.223237216498107e+134
-7.440707898521451e+134
-8.072538251566728e+134
-8.494130700127181e+134
-8.77960614238184e+134
-8.406781030411805e+134
-8.674321048669441e+134
-8.554562852752132e+134
-8.861132780266159e+134
-8.536778195018995e+134
-8.818313385578684e+134
-8.201730959603126e+134
-6.104408799709352e+134
-8.376781923466016e+134
-6.495986883538021e+134
-3.79184953556025e+134
2.803475498726129e+134
-4.058162034804115e+134
-7.543969447261431e+133
-4.77153293366053e+134
-1.392218162362582e+134
-6.494835447531244e+134
-2.669666274694847e+134
-8.581926891470852e+134
-7.093009987055736e+134
-8.725972128830968e+134
-7.976043031163679e+134
-8.748166487964564e+134
-8.386038240666369e+134
-8.669356106112192e+134
-8.592408493184052e+134
-8.548047092737794e+134
-8.644685966610565e+134
-8.240316132773454e+134
-8.548047092737711e+134
-8.592408493184107e+134
-8.386038240666495e+134
-8.669356106112136e+134
-8.748166487964777e+134
-7.790425376223478e+134
-4.972364176900029e+134
-8.525521674542878e+134
-7.790425376223333e+134
-2.669666274695131e+134
-1.392218162362822e+134
-6.494835447531234e+134
-4.771532933660487e+134
-7.976043031164036e+134
-7.093009987055805e+134
-8.725972128831415e+134
-8.581926891471431e+134
-6.495986883537746e+134
-6.104408799709217e+134
-8.376781923466567e+134
-8.201730959603515e+134
-7.543969447257019e+133
2.803475498726606e+134
-4.058162034804011e+134
-3.791849535560038e+134
1.011884827439527e+136
6.612519103926319e+135
3.602574317354695e+135
5.875259984331813e+135
1.24342036116749e+135
6.798202032986628e+135
-1.835093106817294e+134
1.243420361167518e+135
5.875259984331744e+135
6.612519103926183e+135
3.602574317354686e+135
1.011884827439532e+136
1.195005997901616e+136
1.488371315873888e+137
3.99589612700213e+134
1.19500599790162e+136
