FiniteElementSpace
FiniteElementCollection: L2_2D_P3
VDim: 1
Ordering: 0

0.24935355
0.17992839
0.088785677
0.018690234
0.25084292
0.18100256
0.089315519
0.018801757
0.25295377
0.18252504
0.090066518
0.018959832
0.25440602
0.18357253
0.090583236
0.019068596
0.50946831
0.44292081
0.35467629
0.28613978
0.51252165
0.44557235
0.35679699
0.28784943
0.51684752
0.44932943
0.35980229
0.29027239
0.51982284
0.45191378
0.36186974
0.29193933
0.49902523
0.43385405
0.34742645
0.28029603
0.50159001
0.43608053
0.34920651
0.28173073
0.50512617
0.43915056
0.35166126
0.28370935
0.50794422
0.44159739
0.35361792
0.2852866
0.24426306
0.17625733
0.086975054
0.018309136
0.24551278
0.17715853
0.087419522
0.018402686
0.24723635
0.17840149
0.08803256
0.018531717
0.24861031
0.17939236
0.088521289
0.018634585
0.24000011
0.17318347
0.085459133
0.017990076
0.24103204
0.17392753
0.085826067
0.018067305
0.24246226
0.1749588
0.086334646
0.018174346
0.24362238
0.17579534
0.086747206
0.018261179
0.23654335
0.17069114
0.084230097
0.017731404
0.23736822
0.17128587
0.084523365
0.017793127
0.23852453
0.17211955
0.084934478
0.017879653
0.2394727
0.17280319
0.085271604
0.017950607
0.48316975
0.42009352
0.33642805
0.271433
0.48486481
0.42156438
0.33760345
0.27238009
0.48724063
0.42362605
0.33925106
0.2737077
0.48918854
0.42531645
0.34060203
0.27479632
0.49027194
0.42625665
0.34135348
0.27540185
0.49239145
0.42809611
0.3428237
0.27658662
0.49532838
0.43064515
0.34486122
0.27822862
0.49771012
0.43271249
0.34651383
0.2795605
0.72477264
0.66561906
0.58626901
0.52395641
0.7279361
0.66851585
0.58881192
0.52622397
0.73231811
0.67252885
0.5923351
0.52936593
0.7358704
0.67578236
0.59519188
0.53191382
0.7141672
0.65590897
0.57774657
0.51635766
0.71669898
0.65822685
0.57978078
0.51817129
0.72024697
0.66147525
0.58263179
0.52071325
0.72315532
0.66413816
0.58496911
0.52279731
0.92204948
0.87049867
0.80037276
0.74457865
0.92536852
0.87361819
0.80322579
0.74722305
0.93001911
0.87798933
0.80722372
0.7509288
0.93383051
0.88157187
0.81050061
0.75396637
0.93594966
0.88356385
0.81232274
0.7556555
0.94009385
0.88745954
0.81588651
0.75895933
0.94583209
0.89285424
0.82082225
0.76353554
0.95048155
0.89722591
0.82482267
0.76724502
0.9530471
0.89963842
0.82703059
0.76929256
0.95804653
0.90434026
0.8313344
0.77328421
0.96493015
0.91081562
0.83726326
0.77878411
0.97040819
0.91597005
0.84198407
0.78316425
0.73783127
0.67757846
0.59676912
0.53332062
0.74165417
0.68108049
0.59984478
0.53606413
0.74692208
0.68590703
0.60408451
0.53984648
0.75111788
0.68975196
0.60746261
0.54286054
0.75338626
0.69183089
0.60928938
0.54449059
0.75792837
0.69599431
0.61294845
0.54775599
0.76435899
0.70189012
0.61813132
0.55238197
0.76877945
0.70594368
0.62169542
0.55556352
0.97336802
0.91875554
0.84453576
0.78553214
0.97928958
0.92432977
0.84964365
0.79027303
0.98766299
0.93221505
0.85687232
0.79698419
0.99341313
0.93763173
0.8618397
0.801597
1.1624693
1.1165184
1.0529622
1.0016197
1.1696375
1.123375
1.0593983
1.0077226
1.1797531
1.1330571
1.068493
1.0163505
1.1866873
1.1396978
1.0747347
1.0222743
1.137798
1.0929391
1.0308518
0.98066888
1.1438756
1.0987458
1.0362942
0.98582416
1.1522357
1.1067351
1.043785
0.99292144
1.1588815
1.113088
1.0497437
0.99856872
1.2861766
1.2513079
1.2017234
1.1606979
1.2932295
1.2581165
1.2082028
1.166917
1.3029269
1.2674776
1.2171127
1.1754708
1.3106295
1.2749139
1.2241924
1.1822694
1.3147848
1.278926
1.2280131
1.1859392
1.3230724
1.2869317
1.2356416
1.1932697
1.3347316
1.2982041
1.2463946
1.2036106
1.3427
1.3059153
1.2537582
1.2106969
1.4255548
1.4009705
1.3642484
1.3327397
1.4349206
1.4100506
1.3729621
1.3411757
1.4480694
1.4227986
1.3852042
1.3530378
1.457025
1.4314868
1.393558
1.3611407
1.4903722
1.4789523
1.4572843
1.4373213
1.5009287
1.4892222
1.4671171
1.4468415
1.5160578
1.5037999
1.4809565
1.4602105
1.5265674
1.5138064
1.490387
1.469314
1.4549611
1.4442197
1.4236764
1.4046089
1.463582
1.4526988
1.4319129
1.4126447
1.4755433
1.4644414
1.4432885
1.4237246
1.4851475
1.4738464
1.4523687
1.4325509
1.3933196
1.3696536
1.3341614
1.303613
1.4012454
1.3773638
1.3415762
1.3107934
1.4121664
1.387977
1.3517746
1.3206666
1.4208593
1.3964157
1.3598772
1.3285091
1.3662905
1.3433227
1.3088046
1.2790409
1.3728305
1.3496978
1.3149481
1.2849965
1.3818982
1.3585331
1.3234582
1.2932441
1.3892558
1.365698
1.3303554
1.2999264
1.4257571
1.4154544
1.3956648
1.377229
1.4328064
1.4224008
1.4024351
1.3838514
1.4425944
1.4320438
1.4118287
1.3930357
1.450555
1.4398829
1.4194586
1.4004903
1.4021825
1.3922243
1.373018
1.3550682
1.4078054
1.3977644
1.378419
1.3603538
1.4156891
1.4055329
1.3859928
1.3677655
1.4221573
1.4119069
1.3922067
1.3738458
1.3444002
1.3219741
1.2882199
1.2590779
1.3496217
1.3270674
1.2931321
1.2638426
1.3569433
1.3342082
1.3000181
1.2705209
1.362949
1.3400647
1.3056643
1.2759961
1.2424148
1.2090419
1.1614911
1.122083
1.247098
1.2135669
1.1657997
1.126219
1.2536618
1.2199082
1.1718374
1.1320144
1.2590425
1.225106
1.1767858
1.1367639
1.2620347
1.2279962
1.179537
1.1394045
1.2678869
1.2336483
1.1849169
1.144568
1.2759904
1.2414735
1.1923645
1.1517157
1.2825551
1.2478118
1.1983964
1.1575047
1.1169911
1.0730644
1.0122303
0.96303548
1.1220365
1.0778834
1.0167448
0.9673099
1.1290208
1.0845546
1.022995
0.97322816
1.1346776
1.0899582
1.0280583
0.97802316
1.1000651
1.0568976
0.99708596
0.94869771
1.1041067
1.0607581
1.0007023
0.95212131
1.1097698
1.0661672
1.0057692
0.95691834
1.1144108
1.0705999
1.0099217
0.96084968
1.086933
1.0443537
0.98533503
0.93757293
1.0899938
1.0472775
0.98807404
0.94016601
1.094369
1.0514568
0.99198918
0.94387253
1.0980165
1.0549409
0.99525298
0.94696241
1.0775248
1.0353663
0.97691538
0.92960177
1.0796205
1.0373684
0.97879096
0.93137746
1.0827314
1.0403401
0.98157495
0.93401316
1.0854052
1.0428942
0.98396778
0.93627852
1.2163099
1.1838152
1.1374655
1.0990177
1.2187365
1.1861603
1.1396992
1.1011622
1.2223386
1.1896414
1.1430147
1.1043454
1.2254348
1.1926336
1.1458646
1.1070815
1.2272041
1.1943434
1.147493
1.1086449
1.2307487
1.1977688
1.1507554
1.111777
1.2358162
1.2026658
1.1554191
1.1162542
1.2400415
1.2067487
1.1593073
1.1199867
1.3274473
1.3054369
1.2722684
1.2436035
1.3313975
1.3092903
1.2759854
1.2472095
1.3370451
1.3147994
1.2812995
1.2523647
1.3417546
1.3193934
1.2857308
1.2566633
1.3839137
1.3742303
1.3554814
1.3379074
1.3881729
1.3784245
1.3595681
1.3419062
1.3942594
1.3844192
1.3654101
1.347623
1.3993329
1.389417
1.3702815
1.3523902
1.3708101
1.3613305
1.3429166
1.3256151
1.3737309
1.3642053
1.3457162
1.3283536
1.3780643
1.3684711
1.3498709
1.3324181
1.3817871
1.3721364
1.3534414
1.3359113
1.3153048
1.2935934
1.2608446
1.2325209
1.3180099
1.2962316
1.2633893
1.2349895
1.3220248
1.3001477
1.2671665
1.2386539
1.3254755
1.3035136
1.2704132
1.2418036
1.3079078
1.2863794
1.2538872
1.2257716
1.3093802
1.2878153
1.2552719
1.2271149
1.3117832
1.2901588
1.257532
1.2293073
1.3139949
1.2923158
1.2596124
1.2313255
1.3628177
1.3534654
1.3352595
1.3181259
1.3644092
1.3550314
1.3367839
1.3196167
1.367006
1.3575867
1.3392715
1.3220496
1.3693953
1.359938
1.3415608
1.3242888
1.3599191
1.3506136
1.3324839
1.3154116
1.360184
1.3508742
1.3327375
1.3156596
1.3610493
1.3517255
1.333566
1.3164698
1.3621108
1.3527699
1.3345826
1.3174639
1.305227
1.2837653
1.2513663
1.2233262
1.3054719
1.2840041
1.2515966
1.2235497
1.3062721
1.2847844
1.252349
1.2242795
1.3072539
1.2857418
1.2532723
1.2251751
1.2072717
1.1750809
1.1291465
1.0910307
1.2074913
1.1752931
1.1293486
1.0912248
1.2082088
1.1759864
1.130009
1.0918588
1.2090891
1.1768372
1.1308193
1.0926367
1.2096755
1.1774038
1.131359
1.0931549
1.2109959
1.1786798
1.1325743
1.0943217
1.213151
1.1807625
1.134558
1.0962262
1.2151348
1.1826796
1.1363839
1.0979793
1.0717951
1.0298929
0.97178752
0.92474697
1.0729355
1.0309822
0.97280808
0.92571319
1.0747967
1.0327602
0.97447383
0.92729024
1.07651
1.0343969
0.97600715
0.92874191
1.0697193
1.0279098
0.96992965
0.92298803
1.0699089
1.028091
0.97009939
0.92314872
1.0705285
1.0286829
0.9706539
0.92367371
1.0712888
1.0294091
0.97133433
0.92431791
0.89712502
0.84707315
0.77894972
0.72472351
0.89728081
0.84721957
0.77908363
0.72484762
0.89778977
0.84769793
0.77952109
0.72525306
0.8984143
0.8482849
0.78005788
0.72575055
0.6951585
0.63850763
0.56247662
0.50274478
0.69527731
0.63861639
0.56257206
0.50282986
0.69566546
0.63897171
0.56288384
0.5031078
0.69614174
0.63940771
0.56326642
0.50344884
0.69645897
0.6396981
0.56352123
0.503676
0.69717334
0.64035204
0.56409505
0.50418753
0.69833931
0.6414194
0.56503163
0.50502244
0.69941258
0.64240188
0.56589375
0.50579098
0.89883026
0.84867585
0.78041541
0.72608191
0.89976698
0.84955624
0.78122054
0.7268281
0.90129587
0.8509932
0.78253464
0.72804601
0.90270321
0.8523159
0.78374427
0.72916708
0.90353681
0.85309937
0.78446075
0.72983112
0.90525828
0.8547173
0.78594036
0.73120241
0.90781348
0.85711883
0.78813657
0.73323785
0.91000964
0.8591829
0.79002418
0.7349873
0.91126451
0.8603623
0.79110274
0.73598692
0.91377838
0.86272497
0.79326344
0.73798947
0.91737167
0.86610215
0.79635194
0.74085197
0.92036718
0.86891752
0.79892671
0.74323837
0.70594163
0.64837875
0.57113841
0.51046643
0.70785882
0.65013382
0.57267852
0.51183941
0.71059931
0.65264263
0.5748801
0.51380213
0.71288402
0.65473422
0.57671562
0.51543854
0.7000483
0.64298384
0.5664044
0.5062462
0.70136113
0.64418562
0.56745895
0.50718629
0.70330978
0.64596946
0.56902425
0.50858171
0.70498463
0.64750267
0.57036965
0.50978109
0.4737197
0.41189398
0.32987608
0.26615399
0.47459827
0.41265626
0.33048517
0.26664472
0.47590239
0.41378777
0.33138929
0.26737317
0.4770233
0.41476034
0.33216641
0.2679993
0.4776638
0.41531608
0.33261047
0.26835708
0.47894698
0.41642945
0.33350012
0.26907388
0.48078132
0.41802107
0.33477195
0.27009862
0.48231072
0.41934813
0.33583239
0.27095306
0.23386439
0.16875972
0.083277696
0.017530957
0.23448868
0.1692098
0.083499632
0.017577666
0.23538117
0.16985325
0.08381692
0.017644444
0.23612534
0.17038977
0.084081485
0.017700126
0.23194565
0.16737641
0.082595592
0.017387399
0.23237305
0.16768454
0.082747529
0.017419376
0.23300747
0.16814192
0.082973062
0.017466842
0.23355279
0.16853506
0.08316692
0.017507643
0.23077718
0.16653401
0.082180212
0.017299977
0.23100973
0.16670167
0.082262881
0.017317375
0.2313893
0.16697531
0.082397814
0.017345774
0.2317387
0.1672272
0.08252202
0.017371915
0.47131767
0.40980989
0.32821085
0.26481233
0.47179573
0.41022467
0.32854227
0.26507935
0.47257601
0.41090167
0.3290832
0.26551518
0.47329426
0.41152485
0.32958114
0.26591635
0.47044739
0.40905481
0.32760753
0.26432625
0.4705269
0.4091238
0.32766265
0.26437066
0.47078665
0.40934916
0.32784272
0.26451574
0.47110538
0.40962571
0.32806368
0.26469376
0.23035384
0.16622881
0.082029719
0.017268303
0.23039251
0.16625669
0.082043468
0.017271197
0.23051887
0.16634778
0.082088386
0.01728065
0.23067391
0.16645956
0.082143502
0.01729225
