FiniteElementSpace
FiniteElementCollection: L2_2D_P3
VDim: 1
Ordering: 0

0.15382351
0.11104774
0.054817317
0.011540913
0.1550757
0.11195172
0.055263555
0.011634862
0.15609902
0.11269047
0.055628234
0.011711641
0.15641289
0.11291706
0.055740086
0.01173519
0.31327137
0.27264399
0.21857547
0.1764618
0.31582116
0.27486331
0.22035478
0.17789829
0.31790491
0.276677
0.22180889
0.17907224
0.31854402
0.27723328
0.22225488
0.17943231
0.29596125
0.2575775
0.20649627
0.16670994
0.3016022
0.26248727
0.21043253
0.16988777
0.30777356
0.26785874
0.21473898
0.17336449
0.31157708
0.27116929
0.21739315
0.17550727
0.14532283
0.10491093
0.051787953
0.010903127
0.14809295
0.10691073
0.052775133
0.011110962
0.15112359
0.10909862
0.053855155
0.011338344
0.15299145
0.11044706
0.054520799
0.011478485
0.13123751
0.094742446
0.046768414
0.0098463366
0.13541911
0.097761231
0.048258598
0.010160074
0.14034062
0.10131417
0.050012458
0.010529323
0.14369069
0.10373265
0.051206312
0.010780672
0.11210878
0.080933057
0.039951598
0.0084111553
0.1175412
0.084854815
0.041887519
0.008818737
0.12416445
0.089636266
0.044247816
0.0093156605
0.128868
0.093031855
0.045924002
0.0096685577
0.22832048
0.19870697
0.15930033
0.12860782
0.23938413
0.20833582
0.16701951
0.13483968
0.25287287
0.22007539
0.17643086
0.14243764
0.26245183
0.22841231
0.18311444
0.1478334
0.26727735
0.23261217
0.18648143
0.15055162
0.27579313
0.24002387
0.19242336
0.15534863
0.2858155
0.24874694
0.19941669
0.16099445
0.2926376
0.25468468
0.20417705
0.16483758
0.39302741
0.36152845
0.31902192
0.28546965
0.40554894
0.37304625
0.32918545
0.29456465
0.4202861
0.38660207
0.34114723
0.3052687
0.43031774
0.39582956
0.34928959
0.31255483
0.33574824
0.30883997
0.27252682
0.24386236
0.35201509
0.3238033
0.28573151
0.25567884
0.37184776
0.34204648
0.30183031
0.2700853
0.38593211
0.35500192
0.31326271
0.28031589
0.43026575
0.40709204
0.3752655
0.34973308
0.45111289
0.42681604
0.3934472
0.36667754
0.47653069
0.45086402
0.41561461
0.38733646
0.49458208
0.46794226
0.43135703
0.40200762
0.50367615
0.47654591
0.4392876
0.40939851
0.51972547
0.49172973
0.45328328
0.42244165
0.53861526
0.50960093
0.46975568
0.43779272
0.55147386
0.52176632
0.48096872
0.44824227
0.55773855
0.52769336
0.48643176
0.45333326
0.56837119
0.53775307
0.49570397
0.4619739
0.58000372
0.54875907
0.50584848
0.47142729
0.58717302
0.55554241
0.51210091
0.47725376
0.43520512
0.40032516
0.3532565
0.31610456
0.44350015
0.40795526
0.35998927
0.32212924
0.45257533
0.416303
0.36735525
0.3287205
0.45816858
0.42144793
0.37189508
0.33278286
0.46066014
0.4237398
0.37391739
0.33459247
0.46440978
0.42718889
0.37696083
0.33731582
0.46747408
0.4300076
0.37944801
0.33954142
0.46841395
0.43087214
0.38021087
0.34022404
0.59036662
0.55856412
0.51488615
0.47984924
0.59517271
0.56311158
0.51907776
0.4837553
0.59910033
0.56682792
0.52250329
0.4869475
0.60030499
0.56796777
0.52355396
0.48792661
