FiniteElementSpace
FiniteElementCollection: L2_2D_P3
VDim: 1
Ordering: 0

1.4973933e+16
1.482608e+16
1.4634796e+16
1.4489428e+16
1.4973933e+16
1.482608e+16
1.4634796e+16
1.4489428e+16
1.4973933e+16
1.482608e+16
1.4634796e+16
1.4489428e+16
1.4973933e+16
1.482608e+16
1.4634796e+16
1.4489428e+16
1.4973933e+16
1.482608e+16
1.4634796e+16
1.4489428e+16
1.4973933e+16
1.482608e+16
1.4634796e+16
1.4489428e+16
1.4973933e+16
1.482608e+16
1.4634796e+16
1.4489428e+16
1.4973933e+16
1.482608e+16
1.4634796e+16
1.4489428e+16
1.4973933e+16
1.482608e+16
1.4634796e+16
1.4489428e+16
1.4973933e+16
1.482608e+16
1.4634796e+16
1.4489428e+16
1.4973933e+16
1.482608e+16
1.4634796e+16
1.4489428e+16
1.4973933e+16
1.482608e+16
1.4634796e+16
1.4489428e+16
1.5551419e+16
1.5399393e+16
1.5202682e+16
1.5053167e+16
1.5551419e+16
1.5399393e+16
1.5202682e+16
1.5053167e+16
1.5551419e+16
1.5399393e+16
1.5202682e+16
1.5053167e+16
1.5551419e+16
1.5399393e+16
1.5202682e+16
1.5053167e+16
1.5551419e+16
1.5399393e+16
1.5202682e+16
1.5053167e+16
1.5551419e+16
1.5399393e+16
1.5202682e+16
1.5053167e+16
1.5551419e+16
1.5399393e+16
1.5202682e+16
1.5053167e+16
1.5551419e+16
1.5399393e+16
1.5202682e+16
1.5053167e+16
1.4973933e+16
1.482608e+16
1.4634796e+16
1.4489428e+16
1.4973933e+16
1.482608e+16
1.4634796e+16
1.4489428e+16
1.4973933e+16
1.482608e+16
1.4634796e+16
1.4489428e+16
1.4973933e+16
1.482608e+16
1.4634796e+16
1.4489428e+16
1.4412399e+16
1.4268674e+16
1.4082757e+16
1.3941488e+16
1.4412399e+16
1.4268674e+16
1.4082757e+16
1.3941488e+16
1.4412399e+16
1.4268674e+16
1.4082757e+16
1.3941488e+16
1.4412399e+16
1.4268674e+16
1.4082757e+16
1.3941488e+16
1.3866638e+16
1.3726993e+16
1.354638e+16
1.340916e+16
1.3866638e+16
1.3726993e+16
1.354638e+16
1.340916e+16
1.3866638e+16
1.3726993e+16
1.354638e+16
1.340916e+16
1.3866638e+16
1.3726993e+16
1.354638e+16
1.340916e+16
1.3866638e+16
1.3726993e+16
1.354638e+16
1.340916e+16
1.3866638e+16
1.3726993e+16
1.354638e+16
1.340916e+16
1.3866638e+16
1.3726993e+16
1.354638e+16
1.340916e+16
1.3866638e+16
1.3726993e+16
1.354638e+16
1.340916e+16
1.4412399e+16
1.4268674e+16
1.4082757e+16
1.3941488e+16
1.4412399e+16
1.4268674e+16
1.4082757e+16
1.3941488e+16
1.4412399e+16
1.4268674e+16
1.4082757e+16
1.3941488e+16
1.4412399e+16
1.4268674e+16
1.4082757e+16
1.3941488e+16
1.4412399e+16
1.4268674e+16
1.4082757e+16
1.3941488e+16
1.4412399e+16
1.4268674e+16
1.4082757e+16
1.3941488e+16
1.4412399e+16
1.4268674e+16
1.4082757e+16
1.3941488e+16
1.4412399e+16
1.4268674e+16
1.4082757e+16
1.3941488e+16
1.4412399e+16
1.4268674e+16
1.4082757e+16
1.3941488e+16
1.4412399e+16
1.4268674e+16
1.4082757e+16
1.3941488e+16
1.4412399e+16
1.4268674e+16
1.4082757e+16
1.3941488e+16
1.4412399e+16
1.4268674e+16
1.4082757e+16
1.3941488e+16
1.3866638e+16
1.3726993e+16
1.354638e+16
1.340916e+16
1.3866638e+16
1.3726993e+16
1.354638e+16
1.340916e+16
1.3866638e+16
1.3726993e+16
1.354638e+16
1.340916e+16
1.3866638e+16
1.3726993e+16
1.354638e+16
1.340916e+16
1.3866638e+16
1.3726993e+16
1.354638e+16
1.340916e+16
1.3866638e+16
1.3726993e+16
1.354638e+16
1.340916e+16
1.3866638e+16
1.3726993e+16
1.354638e+16
1.340916e+16
1.3866638e+16
1.3726993e+16
1.354638e+16
1.340916e+16
1.3336463e+16
1.3200846e+16
1.3025468e+16
1.2892245e+16
1.3336463e+16
1.3200846e+16
1.3025468e+16
1.2892245e+16
1.3336463e+16
1.3200846e+16
1.3025468e+16
1.2892245e+16
1.3336463e+16
1.3200846e+16
1.3025468e+16
1.2892245e+16
1.3336463e+16
1.3200846e+16
1.3025468e+16
1.2892245e+16
1.3336463e+16
1.3200846e+16
1.3025468e+16
1.2892245e+16
1.3336463e+16
1.3200846e+16
1.3025468e+16
1.2892245e+16
1.3336463e+16
1.3200846e+16
1.3025468e+16
1.2892245e+16
1.2821672e+16
1.269003e+16
1.2519817e+16
1.2390536e+16
1.2821672e+16
1.269003e+16
1.2519817e+16
1.2390536e+16
1.2821672e+16
1.269003e+16
1.2519817e+16
1.2390536e+16
1.2821672e+16
1.269003e+16
1.2519817e+16
1.2390536e+16
1.2821672e+16
1.269003e+16
1.2519817e+16
1.2390536e+16
1.2821672e+16
1.269003e+16
1.2519817e+16
1.2390536e+16
1.2821672e+16
1.269003e+16
1.2519817e+16
1.2390536e+16
1.2821672e+16
1.269003e+16
1.2519817e+16
1.2390536e+16
1.2821672e+16
1.269003e+16
1.2519817e+16
1.2390536e+16
1.2821672e+16
1.269003e+16
1.2519817e+16
1.2390536e+16
1.2821672e+16
1.269003e+16
1.2519817e+16
1.2390536e+16
1.2821672e+16
1.269003e+16
1.2519817e+16
1.2390536e+16
1.3336463e+16
1.3200846e+16
1.3025468e+16
1.2892245e+16
1.3336463e+16
1.3200846e+16
1.3025468e+16
1.2892245e+16
1.3336463e+16
1.3200846e+16
1.3025468e+16
1.2892245e+16
1.3336463e+16
1.3200846e+16
1.3025468e+16
1.2892245e+16
1.3336463e+16
1.3200846e+16
1.3025468e+16
1.2892245e+16
1.3336463e+16
1.3200846e+16
1.3025468e+16
1.2892245e+16
1.3336463e+16
1.3200846e+16
1.3025468e+16
1.2892245e+16
1.3336463e+16
1.3200846e+16
1.3025468e+16
1.2892245e+16
1.2821672e+16
1.269003e+16
1.2519817e+16
1.2390536e+16
1.2821672e+16
1.269003e+16
1.2519817e+16
1.2390536e+16
1.2821672e+16
1.269003e+16
1.2519817e+16
1.2390536e+16
1.2821672e+16
1.269003e+16
1.2519817e+16
1.2390536e+16
1.2322057e+16
1.2194334e+16
1.2029211e+16
1.1903814e+16
1.2322057e+16
1.2194334e+16
1.2029211e+16
1.1903814e+16
1.2322057e+16
1.2194334e+16
1.2029211e+16
1.1903814e+16
1.2322057e+16
1.2194334e+16
1.2029211e+16
1.1903814e+16
1.1837399e+16
1.1713537e+16
1.1553428e+16
1.1431856e+16
1.1837399e+16
1.1713537e+16
1.1553428e+16
1.1431856e+16
1.1837399e+16
1.1713537e+16
1.1553428e+16
1.1431856e+16
1.1837399e+16
1.1713537e+16
1.1553428e+16
1.1431856e+16
1.1837399e+16
1.1713537e+16
1.1553428e+16
1.1431856e+16
1.1837399e+16
1.1713537e+16
1.1553428e+16
1.1431856e+16
1.1837399e+16
1.1713537e+16
1.1553428e+16
1.1431856e+16
1.1837399e+16
1.1713537e+16
1.1553428e+16
1.1431856e+16
1.2322057e+16
1.2194334e+16
1.2029211e+16
1.1903814e+16
1.2322057e+16
1.2194334e+16
1.2029211e+16
1.1903814e+16
1.2322057e+16
1.2194334e+16
1.2029211e+16
1.1903814e+16
1.2322057e+16
1.2194334e+16
1.2029211e+16
1.1903814e+16
1.2322057e+16
1.2194334e+16
1.2029211e+16
1.1903814e+16
1.2322057e+16
1.2194334e+16
1.2029211e+16
1.1903814e+16
1.2322057e+16
1.2194334e+16
1.2029211e+16
1.1903814e+16
1.2322057e+16
1.2194334e+16
1.2029211e+16
1.1903814e+16
1.2322057e+16
1.2194334e+16
1.2029211e+16
1.1903814e+16
1.2322057e+16
1.2194334e+16
1.2029211e+16
1.1903814e+16
1.2322057e+16
1.2194334e+16
1.2029211e+16
1.1903814e+16
1.2322057e+16
1.2194334e+16
1.2029211e+16
1.1903814e+16
1.1837399e+16
1.1713537e+16
1.1553428e+16
1.1431856e+16
1.1837399e+16
1.1713537e+16
1.1553428e+16
1.1431856e+16
1.1837399e+16
1.1713537e+16
1.1553428e+16
1.1431856e+16
1.1837399e+16
1.1713537e+16
1.1553428e+16
1.1431856e+16
1.1837399e+16
1.1713537e+16
1.1553428e+16
1.1431856e+16
1.1837399e+16
1.1713537e+16
1.1553428e+16
1.1431856e+16
1.1837399e+16
1.1713537e+16
1.1553428e+16
1.1431856e+16
1.1837399e+16
1.1713537e+16
1.1553428e+16
1.1431856e+16
1.1367472e+16
1.1247411e+16
1.1092237e+16
1.0974428e+16
1.1367472e+16
1.1247411e+16
1.1092237e+16
1.0974428e+16
1.1367472e+16
1.1247411e+16
1.1092237e+16
1.0974428e+16
1.1367472e+16
1.1247411e+16
1.1092237e+16
1.0974428e+16
1.1367472e+16
1.1247411e+16
1.1092237e+16
1.0974428e+16
1.1367472e+16
1.1247411e+16
1.1092237e+16
1.0974428e+16
1.1367472e+16
1.1247411e+16
1.1092237e+16
1.0974428e+16
1.1367472e+16
1.1247411e+16
1.1092237e+16
1.0974428e+16
1.0912043e+16
1.079572e+16
1.0645398e+16
1.053129e+16
1.0912043e+16
1.079572e+16
1.0645398e+16
1.053129e+16
1.0912043e+16
1.079572e+16
1.0645398e+16
1.053129e+16
1.0912043e+16
1.079572e+16
1.0645398e+16
1.053129e+16
1.0912043e+16
1.079572e+16
1.0645398e+16
1.053129e+16
1.0912043e+16
1.079572e+16
1.0645398e+16
1.053129e+16
1.0912043e+16
1.079572e+16
1.0645398e+16
1.053129e+16
1.0912043e+16
1.079572e+16
1.0645398e+16
1.053129e+16
1.0912043e+16
1.079572e+16
1.0645398e+16
1.053129e+16
1.0912043e+16
1.079572e+16
1.0645398e+16
1.053129e+16
1.0912043e+16
1.079572e+16
1.0645398e+16
1.053129e+16
1.0912043e+16
1.079572e+16
1.0645398e+16
1.053129e+16
1.1367472e+16
1.1247411e+16
1.1092237e+16
1.0974428e+16
1.1367472e+16
1.1247411e+16
1.1092237e+16
1.0974428e+16
1.1367472e+16
1.1247411e+16
1.1092237e+16
1.0974428e+16
1.1367472e+16
1.1247411e+16
1.1092237e+16
1.0974428e+16
1.1367472e+16
1.1247411e+16
1.1092237e+16
1.0974428e+16
1.1367472e+16
1.1247411e+16
1.1092237e+16
1.0974428e+16
1.1367472e+16
1.1247411e+16
1.1092237e+16
1.0974428e+16
1.1367472e+16
1.1247411e+16
1.1092237e+16
1.0974428e+16
1.0912043e+16
1.079572e+16
1.0645398e+16
1.053129e+16
1.0912043e+16
1.079572e+16
1.0645398e+16
1.053129e+16
1.0912043e+16
1.079572e+16
1.0645398e+16
1.053129e+16
1.0912043e+16
1.079572e+16
1.0645398e+16
1.053129e+16
1.047087e+16
1.0358221e+16
1.0212669e+16
1.0102196e+16
1.047087e+16
1.0358221e+16
1.0212669e+16
1.0102196e+16
1.047087e+16
1.0358221e+16
1.0212669e+16
1.0102196e+16
1.047087e+16
1.0358221e+16
1.0212669e+16
1.0102196e+16
1.0043706e+16
9.9346668e+15
9.7937976e+15
9.6868936e+15
1.0043706e+16
9.9346668e+15
9.7937976e+15
9.6868936e+15
1.0043706e+16
9.9346668e+15
9.7937976e+15
9.6868936e+15
1.0043706e+16
9.9346668e+15
9.7937976e+15
9.6868936e+15
1.0043706e+16
9.9346668e+15
9.7937976e+15
9.6868936e+15
1.0043706e+16
9.9346668e+15
9.7937976e+15
9.6868936e+15
1.0043706e+16
9.9346668e+15
9.7937976e+15
9.6868936e+15
1.0043706e+16
9.9346668e+15
9.7937976e+15
9.6868936e+15
1.047087e+16
1.0358221e+16
1.0212669e+16
1.0102196e+16
1.047087e+16
1.0358221e+16
1.0212669e+16
1.0102196e+16
1.047087e+16
1.0358221e+16
1.0212669e+16
1.0102196e+16
1.047087e+16
1.0358221e+16
1.0212669e+16
1.0102196e+16
1.047087e+16
1.0358221e+16
1.0212669e+16
1.0102196e+16
1.047087e+16
1.0358221e+16
1.0212669e+16
1.0102196e+16
1.047087e+16
1.0358221e+16
1.0212669e+16
1.0102196e+16
1.047087e+16
1.0358221e+16
1.0212669e+16
1.0102196e+16
1.047087e+16
1.0358221e+16
1.0212669e+16
1.0102196e+16
1.047087e+16
1.0358221e+16
1.0212669e+16
1.0102196e+16
1.047087e+16
1.0358221e+16
1.0212669e+16
1.0102196e+16
1.047087e+16
1.0358221e+16
1.0212669e+16
1.0102196e+16
1.0043706e+16
9.9346668e+15
9.7937976e+15
9.6868936e+15
1.0043706e+16
9.9346668e+15
9.7937976e+15
9.6868936e+15
1.0043706e+16
9.9346668e+15
9.7937976e+15
9.6868936e+15
1.0043706e+16
9.9346668e+15
9.7937976e+15
9.6868936e+15
1.0043706e+16
9.9346668e+15
9.7937976e+15
9.6868936e+15
1.0043706e+16
9.9346668e+15
9.7937976e+15
9.6868936e+15
1.0043706e+16
9.9346668e+15
9.7937976e+15
9.6868936e+15
1.0043706e+16
9.9346668e+15
9.7937976e+15
9.6868936e+15
9.6302994e+15
9.5248023e+15
9.3885286e+15
9.2851265e+15
9.6302994e+15
9.5248023e+15
9.3885286e+15
9.2851265e+15
9.6302994e+15
9.5248023e+15
9.3885286e+15
9.2851265e+15
9.6302994e+15
9.5248023e+15
9.3885286e+15
9.2851265e+15
9.6302994e+15
9.5248023e+15
9.3885286e+15
9.2851265e+15
9.6302994e+15
9.5248023e+15
9.3885286e+15
9.2851265e+15
9.6302994e+15
9.5248023e+15
9.3885286e+15
9.2851265e+15
9.6302994e+15
9.5248023e+15
9.3885286e+15
9.2851265e+15
9.2303912e+15
9.1283688e+15
8.9966015e+15
8.8966327e+15
9.2303912e+15
9.1283688e+15
8.9966015e+15
8.8966327e+15
9.2303912e+15
9.1283688e+15
8.9966015e+15
8.8966327e+15
9.2303912e+15
9.1283688e+15
8.9966015e+15
8.8966327e+15
9.2303912e+15
9.1283688e+15
8.9966015e+15
8.8966327e+15
9.2303912e+15
9.1283688e+15
8.9966015e+15
8.8966327e+15
9.2303912e+15
9.1283688e+15
8.9966015e+15
8.8966327e+15
9.2303912e+15
9.1283688e+15
8.9966015e+15
8.8966327e+15
9.2303912e+15
9.1283688e+15
8.9966015e+15
8.8966327e+15
9.2303912e+15
9.1283688e+15
8.9966015e+15
8.8966327e+15
9.2303912e+15
9.1283688e+15
8.9966015e+15
8.8966327e+15
9.2303912e+15
9.1283688e+15
8.9966015e+15
8.8966327e+15
9.6302994e+15
9.5248023e+15
9.3885286e+15
9.2851265e+15
9.6302994e+15
9.5248023e+15
9.3885286e+15
9.2851265e+15
9.6302994e+15
9.5248023e+15
9.3885286e+15
9.2851265e+15
9.6302994e+15
9.5248023e+15
9.3885286e+15
9.2851265e+15
9.6302994e+15
9.5248023e+15
9.3885286e+15
9.2851265e+15
9.6302994e+15
9.5248023e+15
9.3885286e+15
9.2851265e+15
9.6302994e+15
9.5248023e+15
9.3885286e+15
9.2851265e+15
9.6302994e+15
9.5248023e+15
9.3885286e+15
9.2851265e+15
9.2303912e+15
9.1283688e+15
8.9966015e+15
8.8966327e+15
9.2303912e+15
9.1283688e+15
8.9966015e+15
8.8966327e+15
9.2303912e+15
9.1283688e+15
8.9966015e+15
8.8966327e+15
9.2303912e+15
9.1283688e+15
8.9966015e+15
8.8966327e+15
8.8437196e+15
8.7451028e+15
8.6177517e+15
8.5211466e+15
8.8437196e+15
8.7451028e+15
8.6177517e+15
8.5211466e+15
8.8437196e+15
8.7451028e+15
8.6177517e+15
8.5211466e+15
8.8437196e+15
8.7451028e+15
8.6177517e+15
8.5211466e+15
8.4700186e+15
8.3747375e+15
8.251711e+15
8.1583992e+15
8.4700186e+15
8.3747375e+15
8.251711e+15
8.1583992e+15
8.4700186e+15
8.3747375e+15
8.251711e+15
8.1583992e+15
8.4700186e+15
8.3747375e+15
8.251711e+15
8.1583992e+15
8.4700186e+15
8.3747375e+15
8.251711e+15
8.1583992e+15
8.4700186e+15
8.3747375e+15
8.251711e+15
8.1583992e+15
8.4700186e+15
8.3747375e+15
8.251711e+15
8.1583992e+15
8.4700186e+15
8.3747375e+15
8.251711e+15
8.1583992e+15
8.8437196e+15
8.7451028e+15
8.6177517e+15
8.5211466e+15
8.8437196e+15
8.7451028e+15
8.6177517e+15
8.5211466e+15
8.8437196e+15
8.7451028e+15
8.6177517e+15
8.5211466e+15
8.8437196e+15
8.7451028e+15
8.6177517e+15
8.5211466e+15
8.8437196e+15
8.7451028e+15
8.6177517e+15
8.5211466e+15
8.8437196e+15
8.7451028e+15
8.6177517e+15
8.5211466e+15
8.8437196e+15
8.7451028e+15
8.6177517e+15
8.5211466e+15
8.8437196e+15
8.7451028e+15
8.6177517e+15
8.5211466e+15
8.8437196e+15
8.7451028e+15
8.6177517e+15
8.5211466e+15
8.8437196e+15
8.7451028e+15
8.6177517e+15
8.5211466e+15
8.8437196e+15
8.7451028e+15
8.6177517e+15
8.5211466e+15
8.8437196e+15
8.7451028e+15
8.6177517e+15
8.5211466e+15
8.4700186e+15
8.3747375e+15
8.251711e+15
8.1583992e+15
8.4700186e+15
8.3747375e+15
8.251711e+15
8.1583992e+15
8.4700186e+15
8.3747375e+15
8.251711e+15
8.1583992e+15
8.4700186e+15
8.3747375e+15
8.251711e+15
8.1583992e+15
8.4700186e+15
8.3747375e+15
8.251711e+15
8.1583992e+15
8.4700186e+15
8.3747375e+15
8.251711e+15
8.1583992e+15
8.4700186e+15
8.3747375e+15
8.251711e+15
8.1583992e+15
8.4700186e+15
8.3747375e+15
8.251711e+15
8.1583992e+15
8.1090187e+15
8.0170026e+15
7.8982082e+15
7.8081187e+15
8.1090187e+15
8.0170026e+15
7.8982082e+15
7.8081187e+15
8.1090187e+15
8.0170026e+15
7.8982082e+15
7.8081187e+15
8.1090187e+15
8.0170026e+15
7.8982082e+15
7.8081187e+15
8.1090187e+15
8.0170026e+15
7.8982082e+15
7.8081187e+15
8.1090187e+15
8.0170026e+15
7.8982082e+15
7.8081187e+15
8.1090187e+15
8.0170026e+15
7.8982082e+15
7.8081187e+15
8.1090187e+15
8.0170026e+15
7.8982082e+15
7.8081187e+15
7.7604478e+15
7.6716254e+15
7.5569698e+15
7.4700309e+15
7.7604478e+15
7.6716254e+15
7.5569698e+15
7.4700309e+15
7.7604478e+15
7.6716254e+15
7.5569698e+15
7.4700309e+15
7.7604478e+15
7.6716254e+15
7.5569698e+15
7.4700309e+15
7.7604478e+15
7.6716254e+15
7.5569698e+15
7.4700309e+15
7.7604478e+15
7.6716254e+15
7.5569698e+15
7.4700309e+15
7.7604478e+15
7.6716254e+15
7.5569698e+15
7.4700309e+15
7.7604478e+15
7.6716254e+15
7.5569698e+15
7.4700309e+15
7.7604478e+15
7.6716254e+15
7.5569698e+15
7.4700309e+15
7.7604478e+15
7.6716254e+15
7.5569698e+15
7.4700309e+15
7.7604478e+15
7.6716254e+15
7.5569698e+15
7.4700309e+15
7.7604478e+15
7.6716254e+15
7.5569698e+15
7.4700309e+15
8.1090187e+15
8.0170026e+15
7.8982082e+15
7.8081187e+15
8.1090187e+15
8.0170026e+15
7.8982082e+15
7.8081187e+15
8.1090187e+15
8.0170026e+15
7.8982082e+15
7.8081187e+15
8.1090187e+15
8.0170026e+15
7.8982082e+15
7.8081187e+15
8.1090187e+15
8.0170026e+15
7.8982082e+15
7.8081187e+15
8.1090187e+15
8.0170026e+15
7.8982082e+15
7.8081187e+15
8.1090187e+15
8.0170026e+15
7.8982082e+15
7.8081187e+15
8.1090187e+15
8.0170026e+15
7.8982082e+15
7.8081187e+15
7.7604478e+15
7.6716254e+15
7.5569698e+15
7.4700309e+15
7.7604478e+15
7.6716254e+15
7.5569698e+15
7.4700309e+15
7.7604478e+15
7.6716254e+15
7.5569698e+15
7.4700309e+15
7.7604478e+15
7.6716254e+15
7.5569698e+15
7.4700309e+15
7.4240314e+15
7.3383309e+15
7.2277203e+15
7.14386e+15
7.4240314e+15
7.3383309e+15
7.2277203e+15
7.14386e+15
7.4240314e+15
7.3383309e+15
7.2277203e+15
7.14386e+15
7.4240314e+15
7.3383309e+15
7.2277203e+15
7.14386e+15
7.0994934e+15
7.0168426e+15
6.9101826e+15
6.8293286e+15
7.0994934e+15
7.0168426e+15
6.9101826e+15
6.8293286e+15
7.0994934e+15
7.0168426e+15
6.9101826e+15
6.8293286e+15
7.0994934e+15
7.0168426e+15
6.9101826e+15
6.8293286e+15
7.0994934e+15
7.0168426e+15
6.9101826e+15
6.8293286e+15
7.0994934e+15
7.0168426e+15
6.9101826e+15
6.8293286e+15
7.0994934e+15
7.0168426e+15
6.9101826e+15
6.8293286e+15
7.0994934e+15
7.0168426e+15
6.9101826e+15
6.8293286e+15
7.4240314e+15
7.3383309e+15
7.2277203e+15
7.14386e+15
7.4240314e+15
7.3383309e+15
7.2277203e+15
7.14386e+15
7.4240314e+15
7.3383309e+15
7.2277203e+15
7.14386e+15
7.4240314e+15
7.3383309e+15
7.2277203e+15
7.14386e+15
7.4240314e+15
7.3383309e+15
7.2277203e+15
7.14386e+15
7.4240314e+15
7.3383309e+15
7.2277203e+15
7.14386e+15
7.4240314e+15
7.3383309e+15
7.2277203e+15
7.14386e+15
7.4240314e+15
7.3383309e+15
7.2277203e+15
7.14386e+15
7.4240314e+15
7.3383309e+15
7.2277203e+15
7.14386e+15
7.4240314e+15
7.3383309e+15
7.2277203e+15
7.14386e+15
7.4240314e+15
7.3383309e+15
7.2277203e+15
7.14386e+15
7.4240314e+15
7.3383309e+15
7.2277203e+15
7.14386e+15
7.0994934e+15
7.0168426e+15
6.9101826e+15
6.8293286e+15
7.0994934e+15
7.0168426e+15
6.9101826e+15
6.8293286e+15
7.0994934e+15
7.0168426e+15
6.9101826e+15
6.8293286e+15
7.0994934e+15
7.0168426e+15
6.9101826e+15
6.8293286e+15
7.0994934e+15
7.0168426e+15
6.9101826e+15
6.8293286e+15
7.0994934e+15
7.0168426e+15
6.9101826e+15
6.8293286e+15
7.0994934e+15
7.0168426e+15
6.9101826e+15
6.8293286e+15
7.0994934e+15
7.0168426e+15
6.9101826e+15
6.8293286e+15
6.7865563e+15
6.7068828e+15
6.6040789e+15
6.5261586e+15
6.7865563e+15
6.7068828e+15
6.6040789e+15
6.5261586e+15
6.7865563e+15
6.7068828e+15
6.6040789e+15
6.5261586e+15
6.7865563e+15
6.7068828e+15
6.6040789e+15
6.5261586e+15
6.7865563e+15
6.7068828e+15
6.6040789e+15
6.5261586e+15
6.7865563e+15
6.7068828e+15
6.6040789e+15
6.5261586e+15
6.7865563e+15
6.7068828e+15
6.6040789e+15
6.5261586e+15
6.7865563e+15
6.7068828e+15
6.6040789e+15
6.5261586e+15
6.4849419e+15
6.4081731e+15
6.3091306e+15
6.2340714e+15
6.4849419e+15
6.4081731e+15
6.3091306e+15
6.2340714e+15
6.4849419e+15
6.4081731e+15
6.3091306e+15
6.2340714e+15
6.4849419e+15
6.4081731e+15
6.3091306e+15
6.2340714e+15
6.4849419e+15
6.4081731e+15
6.3091306e+15
6.2340714e+15
6.4849419e+15
6.4081731e+15
6.3091306e+15
6.2340714e+15
6.4849419e+15
6.4081731e+15
6.3091306e+15
6.2340714e+15
6.4849419e+15
6.4081731e+15
6.3091306e+15
6.2340714e+15
6.4849419e+15
6.4081731e+15
6.3091306e+15
6.2340714e+15
6.4849419e+15
6.4081731e+15
6.3091306e+15
6.2340714e+15
6.4849419e+15
6.4081731e+15
6.3091306e+15
6.2340714e+15
6.4849419e+15
6.4081731e+15
6.3091306e+15
6.2340714e+15
6.7865563e+15
6.7068828e+15
6.6040789e+15
6.5261586e+15
6.7865563e+15
6.7068828e+15
6.6040789e+15
6.5261586e+15
6.7865563e+15
6.7068828e+15
6.6040789e+15
6.5261586e+15
6.7865563e+15
6.7068828e+15
6.6040789e+15
6.5261586e+15
6.7865563e+15
6.7068828e+15
6.6040789e+15
6.5261586e+15
6.7865563e+15
6.7068828e+15
6.6040789e+15
6.5261586e+15
6.7865563e+15
6.7068828e+15
6.6040789e+15
6.5261586e+15
6.7865563e+15
6.7068828e+15
6.6040789e+15
6.5261586e+15
6.4849419e+15
6.4081731e+15
6.3091306e+15
6.2340714e+15
6.4849419e+15
6.4081731e+15
6.3091306e+15
6.2340714e+15
6.4849419e+15
6.4081731e+15
6.3091306e+15
6.2340714e+15
6.4849419e+15
6.4081731e+15
6.3091306e+15
6.2340714e+15
6.1943718e+15
6.1204351e+15
6.0250593e+15
5.9527887e+15
6.1943718e+15
6.1204351e+15
6.0250593e+15
5.9527887e+15
6.1943718e+15
6.1204351e+15
6.0250593e+15
5.9527887e+15
6.1943718e+15
6.1204351e+15
6.0250593e+15
5.9527887e+15
5.9145674e+15
5.8433903e+15
5.7515868e+15
5.6820323e+15
5.9145674e+15
5.8433903e+15
5.7515868e+15
5.6820323e+15
5.9145674e+15
5.8433903e+15
5.7515868e+15
5.6820323e+15
5.9145674e+15
5.8433903e+15
5.7515868e+15
5.6820323e+15
5.9145674e+15
5.8433903e+15
5.7515868e+15
5.6820323e+15
5.9145674e+15
5.8433903e+15
5.7515868e+15
5.6820323e+15
5.9145674e+15
5.8433903e+15
5.7515868e+15
5.6820323e+15
5.9145674e+15
5.8433903e+15
5.7515868e+15
5.6820323e+15
6.1943718e+15
6.1204351e+15
6.0250593e+15
5.9527887e+15
6.1943718e+15
6.1204351e+15
6.0250593e+15
5.9527887e+15
6.1943718e+15
6.1204351e+15
6.0250593e+15
5.9527887e+15
6.1943718e+15
6.1204351e+15
6.0250593e+15
5.9527887e+15
6.1943718e+15
6.1204351e+15
6.0250593e+15
5.9527887e+15
6.1943718e+15
6.1204351e+15
6.0250593e+15
5.9527887e+15
6.1943718e+15
6.1204351e+15
6.0250593e+15
5.9527887e+15
6.1943718e+15
6.1204351e+15
6.0250593e+15
5.9527887e+15
6.1943718e+15
6.1204351e+15
6.0250593e+15
5.9527887e+15
6.1943718e+15
6.1204351e+15
6.0250593e+15
5.9527887e+15
6.1943718e+15
6.1204351e+15
6.0250593e+15
5.9527887e+15
6.1943718e+15
6.1204351e+15
6.0250593e+15
5.9527887e+15
5.9145674e+15
5.8433903e+15
5.7515868e+15
5.6820323e+15
5.9145674e+15
5.8433903e+15
5.7515868e+15
5.6820323e+15
5.9145674e+15
5.8433903e+15
5.7515868e+15
5.6820323e+15
5.9145674e+15
5.8433903e+15
5.7515868e+15
5.6820323e+15
5.9145674e+15
5.8433903e+15
5.7515868e+15
5.6820323e+15
5.9145674e+15
5.8433903e+15
5.7515868e+15
5.6820323e+15
5.9145674e+15
5.8433903e+15
5.7515868e+15
5.6820323e+15
5.9145674e+15
5.8433903e+15
5.7515868e+15
5.6820323e+15
5.6452508e+15
5.5767611e+15
5.4884355e+15
5.421525e+15
5.6452508e+15
5.5767611e+15
5.4884355e+15
5.421525e+15
5.6452508e+15
5.5767611e+15
5.4884355e+15
5.421525e+15
5.6452508e+15
5.5767611e+15
5.4884355e+15
5.421525e+15
5.6452508e+15
5.5767611e+15
5.4884355e+15
5.421525e+15
5.6452508e+15
5.5767611e+15
5.4884355e+15
5.421525e+15
5.6452508e+15
5.5767611e+15
5.4884355e+15
5.421525e+15
5.6452508e+15
5.5767611e+15
5.4884355e+15
5.421525e+15
5.3861449e+15
5.3202706e+15
5.2353291e+15
5.170991e+15
5.3861449e+15
5.3202706e+15
5.2353291e+15
5.170991e+15
5.3861449e+15
5.3202706e+15
5.2353291e+15
5.170991e+15
5.3861449e+15
5.3202706e+15
5.2353291e+15
5.170991e+15
5.3861449e+15
5.3202706e+15
5.2353291e+15
5.170991e+15
5.3861449e+15
5.3202706e+15
5.2353291e+15
5.170991e+15
5.3861449e+15
5.3202706e+15
5.2353291e+15
5.170991e+15
5.3861449e+15
5.3202706e+15
5.2353291e+15
5.170991e+15
5.3861449e+15
5.3202706e+15
5.2353291e+15
5.170991e+15
5.3861449e+15
5.3202706e+15
5.2353291e+15
5.170991e+15
5.3861449e+15
5.3202706e+15
5.2353291e+15
5.170991e+15
5.3861449e+15
5.3202706e+15
5.2353291e+15
5.170991e+15
5.6452508e+15
5.5767611e+15
5.4884355e+15
5.421525e+15
5.6452508e+15
5.5767611e+15
5.4884355e+15
5.421525e+15
5.6452508e+15
5.5767611e+15
5.4884355e+15
5.421525e+15
5.6452508e+15
5.5767611e+15
5.4884355e+15
5.421525e+15
5.6452508e+15
5.5767611e+15
5.4884355e+15
5.421525e+15
5.6452508e+15
5.5767611e+15
5.4884355e+15
5.421525e+15
5.6452508e+15
5.5767611e+15
5.4884355e+15
5.421525e+15
5.6452508e+15
5.5767611e+15
5.4884355e+15
5.421525e+15
5.3861449e+15
5.3202706e+15
5.2353291e+15
5.170991e+15
5.3861449e+15
5.3202706e+15
5.2353291e+15
5.170991e+15
5.3861449e+15
5.3202706e+15
5.2353291e+15
5.170991e+15
5.3861449e+15
5.3202706e+15
5.2353291e+15
5.170991e+15
5.136974e+15
5.0736434e+15
4.9919928e+15
4.9301556e+15
5.136974e+15
5.0736434e+15
4.9919928e+15
4.9301556e+15
5.136974e+15
5.0736434e+15
4.9919928e+15
4.9301556e+15
5.136974e+15
5.0736434e+15
4.9919928e+15
4.9301556e+15
4.8974639e+15
4.8366058e+15
4.7581536e+15
4.6987465e+15
4.8974639e+15
4.8366058e+15
4.7581536e+15
4.6987465e+15
4.8974639e+15
4.8366058e+15
4.7581536e+15
4.6987465e+15
4.8974639e+15
4.8366058e+15
4.7581536e+15
4.6987465e+15
4.8974639e+15
4.8366058e+15
4.7581536e+15
4.6987465e+15
4.8974639e+15
4.8366058e+15
4.7581536e+15
4.6987465e+15
4.8974639e+15
4.8366058e+15
4.7581536e+15
4.6987465e+15
4.8974639e+15
4.8366058e+15
4.7581536e+15
4.6987465e+15
5.136974e+15
5.0736434e+15
4.9919928e+15
4.9301556e+15
5.136974e+15
5.0736434e+15
4.9919928e+15
4.9301556e+15
5.136974e+15
5.0736434e+15
4.9919928e+15
4.9301556e+15
5.136974e+15
5.0736434e+15
4.9919928e+15
4.9301556e+15
5.136974e+15
5.0736434e+15
4.9919928e+15
4.9301556e+15
5.136974e+15
5.0736434e+15
4.9919928e+15
4.9301556e+15
5.136974e+15
5.0736434e+15
4.9919928e+15
4.9301556e+15
5.136974e+15
5.0736434e+15
4.9919928e+15
4.9301556e+15
5.136974e+15
5.0736434e+15
4.9919928e+15
4.9301556e+15
5.136974e+15
5.0736434e+15
4.9919928e+15
4.9301556e+15
5.136974e+15
5.0736434e+15
4.9919928e+15
4.9301556e+15
5.136974e+15
5.0736434e+15
4.9919928e+15
4.9301556e+15
4.8974639e+15
4.8366058e+15
4.7581536e+15
4.6987465e+15
4.8974639e+15
4.8366058e+15
4.7581536e+15
4.6987465e+15
4.8974639e+15
4.8366058e+15
4.7581536e+15
4.6987465e+15
4.8974639e+15
4.8366058e+15
4.7581536e+15
4.6987465e+15
4.8974639e+15
4.8366058e+15
4.7581536e+15
4.6987465e+15
4.8974639e+15
4.8366058e+15
4.7581536e+15
4.6987465e+15
4.8974639e+15
4.8366058e+15
4.7581536e+15
4.6987465e+15
4.8974639e+15
4.8366058e+15
4.7581536e+15
4.6987465e+15
4.6673423e+15
4.6088863e+15
4.5335405e+15
4.4764934e+15
4.6673423e+15
4.6088863e+15
4.5335405e+15
4.4764934e+15
4.6673423e+15
4.6088863e+15
4.5335405e+15
4.4764934e+15
4.6673423e+15
4.6088863e+15
4.5335405e+15
4.4764934e+15
4.6673423e+15
4.6088863e+15
4.5335405e+15
4.4764934e+15
4.6673423e+15
4.6088863e+15
4.5335405e+15
4.4764934e+15
4.6673423e+15
4.6088863e+15
4.5335405e+15
4.4764934e+15
4.6673423e+15
4.6088863e+15
4.5335405e+15
4.4764934e+15
4.4463394e+15
4.3902154e+15
4.3178852e+15
4.2631285e+15
4.4463394e+15
4.3902154e+15
4.3178852e+15
4.2631285e+15
4.4463394e+15
4.3902154e+15
4.3178852e+15
4.2631285e+15
4.4463394e+15
4.3902154e+15
4.3178852e+15
4.2631285e+15
4.4463394e+15
4.3902154e+15
4.3178852e+15
4.2631285e+15
4.4463394e+15
4.3902154e+15
4.3178852e+15
4.2631285e+15
4.4463394e+15
4.3902154e+15
4.3178852e+15
4.2631285e+15
4.4463394e+15
4.3902154e+15
4.3178852e+15
4.2631285e+15
4.4463394e+15
4.3902154e+15
4.3178852e+15
4.2631285e+15
4.4463394e+15
4.3902154e+15
4.3178852e+15
4.2631285e+15
4.4463394e+15
4.3902154e+15
4.3178852e+15
4.2631285e+15
4.4463394e+15
4.3902154e+15
4.3178852e+15
4.2631285e+15
4.6673423e+15
4.6088863e+15
4.5335405e+15
4.4764934e+15
4.6673423e+15
4.6088863e+15
4.5335405e+15
4.4764934e+15
4.6673423e+15
4.6088863e+15
4.5335405e+15
4.4764934e+15
4.6673423e+15
4.6088863e+15
4.5335405e+15
4.4764934e+15
4.6673423e+15
4.6088863e+15
4.5335405e+15
4.4764934e+15
4.6673423e+15
4.6088863e+15
4.5335405e+15
4.4764934e+15
4.6673423e+15
4.6088863e+15
4.5335405e+15
4.4764934e+15
4.6673423e+15
4.6088863e+15
4.5335405e+15
4.4764934e+15
4.4463394e+15
4.3902154e+15
4.3178852e+15
4.2631285e+15
4.4463394e+15
4.3902154e+15
4.3178852e+15
4.2631285e+15
4.4463394e+15
4.3902154e+15
4.3178852e+15
4.2631285e+15
4.4463394e+15
4.3902154e+15
4.3178852e+15
4.2631285e+15
4.2341877e+15
4.1803266e+15
4.1109218e+15
4.0583867e+15
4.2341877e+15
4.1803266e+15
4.1109218e+15
4.0583867e+15
4.2341877e+15
4.1803266e+15
4.1109218e+15
4.0583867e+15
4.2341877e+15
4.1803266e+15
4.1109218e+15
4.0583867e+15
4.0306226e+15
3.9789559e+15
3.9123876e+15
3.8620063e+15
4.0306226e+15
3.9789559e+15
3.9123876e+15
3.8620063e+15
4.0306226e+15
3.9789559e+15
3.9123876e+15
3.8620063e+15
4.0306226e+15
3.9789559e+15
3.9123876e+15
3.8620063e+15
4.0306226e+15
3.9789559e+15
3.9123876e+15
3.8620063e+15
4.0306226e+15
3.9789559e+15
3.9123876e+15
3.8620063e+15
4.0306226e+15
3.9789559e+15
3.9123876e+15
3.8620063e+15
4.0306226e+15
3.9789559e+15
3.9123876e+15
3.8620063e+15
4.2341877e+15
4.1803266e+15
4.1109218e+15
4.0583867e+15
4.2341877e+15
4.1803266e+15
4.1109218e+15
4.0583867e+15
4.2341877e+15
4.1803266e+15
4.1109218e+15
4.0583867e+15
4.2341877e+15
4.1803266e+15
4.1109218e+15
4.0583867e+15
4.2341877e+15
4.1803266e+15
4.1109218e+15
4.0583867e+15
4.2341877e+15
4.1803266e+15
4.1109218e+15
4.0583867e+15
4.2341877e+15
4.1803266e+15
4.1109218e+15
4.0583867e+15
4.2341877e+15
4.1803266e+15
4.1109218e+15
4.0583867e+15
4.2341877e+15
4.1803266e+15
4.1109218e+15
4.0583867e+15
4.2341877e+15
4.1803266e+15
4.1109218e+15
4.0583867e+15
4.2341877e+15
4.1803266e+15
4.1109218e+15
4.0583867e+15
4.2341877e+15
4.1803266e+15
4.1109218e+15
4.0583867e+15
4.0306226e+15
3.9789559e+15
3.9123876e+15
3.8620063e+15
4.0306226e+15
3.9789559e+15
3.9123876e+15
3.8620063e+15
4.0306226e+15
3.9789559e+15
3.9123876e+15
3.8620063e+15
4.0306226e+15
3.9789559e+15
3.9123876e+15
3.8620063e+15
4.0306226e+15
3.9789559e+15
3.9123876e+15
3.8620063e+15
4.0306226e+15
3.9789559e+15
3.9123876e+15
3.8620063e+15
4.0306226e+15
3.9789559e+15
3.9123876e+15
3.8620063e+15
4.0306226e+15
3.9789559e+15
3.9123876e+15
3.8620063e+15
3.8353827e+15
3.7858429e+15
3.7220232e+15
3.6737286e+15
3.8353827e+15
3.7858429e+15
3.7220232e+15
3.6737286e+15
3.8353827e+15
3.7858429e+15
3.7220232e+15
3.6737286e+15
3.8353827e+15
3.7858429e+15
3.7220232e+15
3.6737286e+15
3.8353827e+15
3.7858429e+15
3.7220232e+15
3.6737286e+15
3.8353827e+15
3.7858429e+15
3.7220232e+15
3.6737286e+15
3.8353827e+15
3.7858429e+15
3.7220232e+15
3.6737286e+15
3.8353827e+15
3.7858429e+15
3.7220232e+15
3.6737286e+15
3.6482099e+15
3.6007302e+15
3.5395726e+15
3.4932984e+15
3.6482099e+15
3.6007302e+15
3.5395726e+15
3.4932984e+15
3.6482099e+15
3.6007302e+15
3.5395726e+15
3.4932984e+15
3.6482099e+15
3.6007302e+15
3.5395726e+15
3.4932984e+15
3.6482099e+15
3.6007302e+15
3.5395726e+15
3.4932984e+15
3.6482099e+15
3.6007302e+15
3.5395726e+15
3.4932984e+15
3.6482099e+15
3.6007302e+15
3.5395726e+15
3.4932984e+15
3.6482099e+15
3.6007302e+15
3.5395726e+15
3.4932984e+15
3.6482099e+15
3.6007302e+15
3.5395726e+15
3.4932984e+15
3.6482099e+15
3.6007302e+15
3.5395726e+15
3.4932984e+15
3.6482099e+15
3.6007302e+15
3.5395726e+15
3.4932984e+15
3.6482099e+15
3.6007302e+15
3.5395726e+15
3.4932984e+15
3.8353827e+15
3.7858429e+15
3.7220232e+15
3.6737286e+15
3.8353827e+15
3.7858429e+15
3.7220232e+15
3.6737286e+15
3.8353827e+15
3.7858429e+15
3.7220232e+15
3.6737286e+15
3.8353827e+15
3.7858429e+15
3.7220232e+15
3.6737286e+15
3.8353827e+15
3.7858429e+15
3.7220232e+15
3.6737286e+15
3.8353827e+15
3.7858429e+15
3.7220232e+15
3.6737286e+15
3.8353827e+15
3.7858429e+15
3.7220232e+15
3.6737286e+15
3.8353827e+15
3.7858429e+15
3.7220232e+15
3.6737286e+15
3.6482099e+15
3.6007302e+15
3.5395726e+15
3.4932984e+15
3.6482099e+15
3.6007302e+15
3.5395726e+15
3.4932984e+15
3.6482099e+15
3.6007302e+15
3.5395726e+15
3.4932984e+15
3.6482099e+15
3.6007302e+15
3.5395726e+15
3.4932984e+15
3.4688496e+15
3.4233643e+15
3.3647833e+15
3.3204646e+15
3.4688496e+15
3.4233643e+15
3.3647833e+15
3.3204646e+15
3.4688496e+15
3.4233643e+15
3.3647833e+15
3.3204646e+15
3.4688496e+15
3.4233643e+15
3.3647833e+15
3.3204646e+15
3.297051e+15
3.2534954e+15
3.197407e+15
3.1549797e+15
3.297051e+15
3.2534954e+15
3.197407e+15
3.1549797e+15
3.297051e+15
3.2534954e+15
3.197407e+15
3.1549797e+15
3.297051e+15
3.2534954e+15
3.197407e+15
3.1549797e+15
3.297051e+15
3.2534954e+15
3.197407e+15
3.1549797e+15
3.297051e+15
3.2534954e+15
3.197407e+15
3.1549797e+15
3.297051e+15
3.2534954e+15
3.197407e+15
3.1549797e+15
3.297051e+15
3.2534954e+15
3.197407e+15
3.1549797e+15
3.4688496e+15
3.4233643e+15
3.3647833e+15
3.3204646e+15
3.4688496e+15
3.4233643e+15
3.3647833e+15
3.3204646e+15
3.4688496e+15
3.4233643e+15
3.3647833e+15
3.3204646e+15
3.4688496e+15
3.4233643e+15
3.3647833e+15
3.3204646e+15
3.4688496e+15
3.4233643e+15
3.3647833e+15
3.3204646e+15
3.4688496e+15
3.4233643e+15
3.3647833e+15
3.3204646e+15
3.4688496e+15
3.4233643e+15
3.3647833e+15
3.3204646e+15
3.4688496e+15
3.4233643e+15
3.3647833e+15
3.3204646e+15
3.4688496e+15
3.4233643e+15
3.3647833e+15
3.3204646e+15
3.4688496e+15
3.4233643e+15
3.3647833e+15
3.3204646e+15
3.4688496e+15
3.4233643e+15
3.3647833e+15
3.3204646e+15
3.4688496e+15
3.4233643e+15
3.3647833e+15
3.3204646e+15
3.297051e+15
3.2534954e+15
3.197407e+15
3.1549797e+15
3.297051e+15
3.2534954e+15
3.197407e+15
3.1549797e+15
3.297051e+15
3.2534954e+15
3.197407e+15
3.1549797e+15
3.297051e+15
3.2534954e+15
3.197407e+15
3.1549797e+15
3.297051e+15
3.2534954e+15
3.197407e+15
3.1549797e+15
3.297051e+15
3.2534954e+15
3.197407e+15
3.1549797e+15
3.297051e+15
3.2534954e+15
3.197407e+15
3.1549797e+15
3.297051e+15
3.2534954e+15
3.197407e+15
3.1549797e+15
3.1325671e+15
3.0908776e+15
3.0371993e+15
2.9966002e+15
3.1325671e+15
3.0908776e+15
3.0371993e+15
2.9966002e+15
3.1325671e+15
3.0908776e+15
3.0371993e+15
2.9966002e+15
3.1325671e+15
3.0908776e+15
3.0371993e+15
2.9966002e+15
3.1325671e+15
3.0908776e+15
3.0371993e+15
2.9966002e+15
3.1325671e+15
3.0908776e+15
3.0371993e+15
2.9966002e+15
3.1325671e+15
3.0908776e+15
3.0371993e+15
2.9966002e+15
3.1325671e+15
3.0908776e+15
3.0371993e+15
2.9966002e+15
2.9751554e+15
2.9352694e+15
2.8839199e+15
2.8450873e+15
2.9751554e+15
2.9352694e+15
2.8839199e+15
2.8450873e+15
2.9751554e+15
2.9352694e+15
2.8839199e+15
2.8450873e+15
2.9751554e+15
2.9352694e+15
2.8839199e+15
2.8450873e+15
2.9751554e+15
2.9352694e+15
2.8839199e+15
2.8450873e+15
2.9751554e+15
2.9352694e+15
2.8839199e+15
2.8450873e+15
2.9751554e+15
2.9352694e+15
2.8839199e+15
2.8450873e+15
2.9751554e+15
2.9352694e+15
2.8839199e+15
2.8450873e+15
2.9751554e+15
2.9352694e+15
2.8839199e+15
2.8450873e+15
2.9751554e+15
2.9352694e+15
2.8839199e+15
2.8450873e+15
2.9751554e+15
2.9352694e+15
2.8839199e+15
2.8450873e+15
2.9751554e+15
2.9352694e+15
2.8839199e+15
2.8450873e+15
3.1325671e+15
3.0908776e+15
3.0371993e+15
2.9966002e+15
3.1325671e+15
3.0908776e+15
3.0371993e+15
2.9966002e+15
3.1325671e+15
3.0908776e+15
3.0371993e+15
2.9966002e+15
3.1325671e+15
3.0908776e+15
3.0371993e+15
2.9966002e+15
3.1325671e+15
3.0908776e+15
3.0371993e+15
2.9966002e+15
3.1325671e+15
3.0908776e+15
3.0371993e+15
2.9966002e+15
3.1325671e+15
3.0908776e+15
3.0371993e+15
2.9966002e+15
3.1325671e+15
3.0908776e+15
3.0371993e+15
2.9966002e+15
2.9751554e+15
2.9352694e+15
2.8839199e+15
2.8450873e+15
2.9751554e+15
2.9352694e+15
2.8839199e+15
2.8450873e+15
2.9751554e+15
2.9352694e+15
2.8839199e+15
2.8450873e+15
2.9751554e+15
2.9352694e+15
2.8839199e+15
2.8450873e+15
2.8245773e+15
2.7864333e+15
2.737333e+15
2.7002062e+15
2.8245773e+15
2.7864333e+15
2.737333e+15
2.7002062e+15
2.8245773e+15
2.7864333e+15
2.737333e+15
2.7002062e+15
2.8245773e+15
2.7864333e+15
2.737333e+15
2.7002062e+15
2.6805988e+15
2.6441366e+15
2.5972073e+15
2.5617267e+15
2.6805988e+15
2.6441366e+15
2.5972073e+15
2.5617267e+15
2.6805988e+15
2.6441366e+15
2.5972073e+15
2.5617267e+15
2.6805988e+15
2.6441366e+15
2.5972073e+15
2.5617267e+15
2.6805988e+15
2.6441366e+15
2.5972073e+15
2.5617267e+15
2.6805988e+15
2.6441366e+15
2.5972073e+15
2.5617267e+15
2.6805988e+15
2.6441366e+15
2.5972073e+15
2.5617267e+15
2.6805988e+15
2.6441366e+15
2.5972073e+15
2.5617267e+15
2.8245773e+15
2.7864333e+15
2.737333e+15
2.7002062e+15
2.8245773e+15
2.7864333e+15
2.737333e+15
2.7002062e+15
2.8245773e+15
2.7864333e+15
2.737333e+15
2.7002062e+15
2.8245773e+15
2.7864333e+15
2.737333e+15
2.7002062e+15
2.8245773e+15
2.7864333e+15
2.737333e+15
2.7002062e+15
2.8245773e+15
2.7864333e+15
2.737333e+15
2.7002062e+15
2.8245773e+15
2.7864333e+15
2.737333e+15
2.7002062e+15
2.8245773e+15
2.7864333e+15
2.737333e+15
2.7002062e+15
2.8245773e+15
2.7864333e+15
2.737333e+15
2.7002062e+15
2.8245773e+15
2.7864333e+15
2.737333e+15
2.7002062e+15
2.8245773e+15
2.7864333e+15
2.737333e+15
2.7002062e+15
2.8245773e+15
2.7864333e+15
2.737333e+15
2.7002062e+15
2.6805988e+15
2.6441366e+15
2.5972073e+15
2.5617267e+15
2.6805988e+15
2.6441366e+15
2.5972073e+15
2.5617267e+15
2.6805988e+15
2.6441366e+15
2.5972073e+15
2.5617267e+15
2.6805988e+15
2.6441366e+15
2.5972073e+15
2.5617267e+15
2.6805988e+15
2.6441366e+15
2.5972073e+15
2.5617267e+15
2.6805988e+15
2.6441366e+15
2.5972073e+15
2.5617267e+15
2.6805988e+15
2.6441366e+15
2.5972073e+15
2.5617267e+15
2.6805988e+15
2.6441366e+15
2.5972073e+15
2.5617267e+15
2.5429903e+15
2.5081509e+15
2.463316e+15
2.4294233e+15
2.5429903e+15
2.5081509e+15
2.463316e+15
2.4294233e+15
2.5429903e+15
2.5081509e+15
2.463316e+15
2.4294233e+15
2.5429903e+15
2.5081509e+15
2.463316e+15
2.4294233e+15
2.5429903e+15
2.5081509e+15
2.463316e+15
2.4294233e+15
2.5429903e+15
2.5081509e+15
2.463316e+15
2.4294233e+15
2.5429903e+15
2.5081509e+15
2.463316e+15
2.4294233e+15
2.5429903e+15
2.5081509e+15
2.463316e+15
2.4294233e+15
2.411527e+15
2.3782526e+15
2.3354372e+15
2.3030753e+15
2.411527e+15
2.3782526e+15
2.3354372e+15
2.3030753e+15
2.411527e+15
2.3782526e+15
2.3354372e+15
2.3030753e+15
2.411527e+15
2.3782526e+15
2.3354372e+15
2.3030753e+15
2.411527e+15
2.3782526e+15
2.3354372e+15
2.3030753e+15
2.411527e+15
2.3782526e+15
2.3354372e+15
2.3030753e+15
2.411527e+15
2.3782526e+15
2.3354372e+15
2.3030753e+15
2.411527e+15
2.3782526e+15
2.3354372e+15
2.3030753e+15
2.411527e+15
2.3782526e+15
2.3354372e+15
2.3030753e+15
2.411527e+15
2.3782526e+15
2.3354372e+15
2.3030753e+15
2.411527e+15
2.3782526e+15
2.3354372e+15
2.3030753e+15
2.411527e+15
2.3782526e+15
2.3354372e+15
2.3030753e+15
2.5429903e+15
2.5081509e+15
2.463316e+15
2.4294233e+15
2.5429903e+15
2.5081509e+15
2.463316e+15
2.4294233e+15
2.5429903e+15
2.5081509e+15
2.463316e+15
2.4294233e+15
2.5429903e+15
2.5081509e+15
2.463316e+15
2.4294233e+15
2.5429903e+15
2.5081509e+15
2.463316e+15
2.4294233e+15
2.5429903e+15
2.5081509e+15
2.463316e+15
2.4294233e+15
2.5429903e+15
2.5081509e+15
2.463316e+15
2.4294233e+15
2.5429903e+15
2.5081509e+15
2.463316e+15
2.4294233e+15
2.411527e+15
2.3782526e+15
2.3354372e+15
2.3030753e+15
2.411527e+15
2.3782526e+15
2.3354372e+15
2.3030753e+15
2.411527e+15
2.3782526e+15
2.3354372e+15
2.3030753e+15
2.411527e+15
2.3782526e+15
2.3354372e+15
2.3030753e+15
2.2859888e+15
2.2542227e+15
2.2133535e+15
2.1824667e+15
2.2859888e+15
2.2542227e+15
2.2133535e+15
2.1824667e+15
2.2859888e+15
2.2542227e+15
2.2133535e+15
2.1824667e+15
2.2859888e+15
2.2542227e+15
2.2133535e+15
2.1824667e+15
2.1661604e+15
2.1358474e+15
2.0968527e+15
2.0673863e+15
2.1661604e+15
2.1358474e+15
2.0968527e+15
2.0673863e+15
2.1661604e+15
2.1358474e+15
2.0968527e+15
2.0673863e+15
2.1661604e+15
2.1358474e+15
2.0968527e+15
2.0673863e+15
2.1661604e+15
2.1358474e+15
2.0968527e+15
2.0673863e+15
2.1661604e+15
2.1358474e+15
2.0968527e+15
2.0673863e+15
2.1661604e+15
2.1358474e+15
2.0968527e+15
2.0673863e+15
2.1661604e+15
2.1358474e+15
2.0968527e+15
2.0673863e+15
2.2859888e+15
2.2542227e+15
2.2133535e+15
2.1824667e+15
2.2859888e+15
2.2542227e+15
2.2133535e+15
2.1824667e+15
2.2859888e+15
2.2542227e+15
2.2133535e+15
2.1824667e+15
2.2859888e+15
2.2542227e+15
2.2133535e+15
2.1824667e+15
2.2859888e+15
2.2542227e+15
2.2133535e+15
2.1824667e+15
2.2859888e+15
2.2542227e+15
2.2133535e+15
2.1824667e+15
2.2859888e+15
2.2542227e+15
2.2133535e+15
2.1824667e+15
2.2859888e+15
2.2542227e+15
2.2133535e+15
2.1824667e+15
2.2859888e+15
2.2542227e+15
2.2133535e+15
2.1824667e+15
2.2859888e+15
2.2542227e+15
2.2133535e+15
2.1824667e+15
2.2859888e+15
2.2542227e+15
2.2133535e+15
2.1824667e+15
2.2859888e+15
2.2542227e+15
2.2133535e+15
2.1824667e+15
2.1661604e+15
2.1358474e+15
2.0968527e+15
2.0673863e+15
2.1661604e+15
2.1358474e+15
2.0968527e+15
2.0673863e+15
2.1661604e+15
2.1358474e+15
2.0968527e+15
2.0673863e+15
2.1661604e+15
2.1358474e+15
2.0968527e+15
2.0673863e+15
2.1661604e+15
2.1358474e+15
2.0968527e+15
2.0673863e+15
2.1661604e+15
2.1358474e+15
2.0968527e+15
2.0673863e+15
2.1661604e+15
2.1358474e+15
2.0968527e+15
2.0673863e+15
2.1661604e+15
2.1358474e+15
2.0968527e+15
2.0673863e+15
2.0518313e+15
2.0229174e+15
1.9857273e+15
1.9576282e+15
2.0518313e+15
2.0229174e+15
1.9857273e+15
1.9576282e+15
2.0518313e+15
2.0229174e+15
1.9857273e+15
1.9576282e+15
2.0518313e+15
2.0229174e+15
1.9857273e+15
1.9576282e+15
2.0518313e+15
2.0229174e+15
1.9857273e+15
1.9576282e+15
2.0518313e+15
2.0229174e+15
1.9857273e+15
1.9576282e+15
2.0518313e+15
2.0229174e+15
1.9857273e+15
1.9576282e+15
2.0518313e+15
2.0229174e+15
1.9857273e+15
1.9576282e+15
1.9427962e+15
1.9152286e+15
1.8797748e+15
1.852991e+15
1.9427962e+15
1.9152286e+15
1.8797748e+15
1.852991e+15
1.9427962e+15
1.9152286e+15
1.8797748e+15
1.852991e+15
1.9427962e+15
1.9152286e+15
1.8797748e+15
1.852991e+15
1.9427962e+15
1.9152286e+15
1.8797748e+15
1.852991e+15
1.9427962e+15
1.9152286e+15
1.8797748e+15
1.852991e+15
1.9427962e+15
1.9152286e+15
1.8797748e+15
1.852991e+15
1.9427962e+15
1.9152286e+15
1.8797748e+15
1.852991e+15
1.9427962e+15
1.9152286e+15
1.8797748e+15
1.852991e+15
1.9427962e+15
1.9152286e+15
1.8797748e+15
1.852991e+15
1.9427962e+15
1.9152286e+15
1.8797748e+15
1.852991e+15
1.9427962e+15
1.9152286e+15
1.8797748e+15
1.852991e+15
2.0518313e+15
2.0229174e+15
1.9857273e+15
1.9576282e+15
2.0518313e+15
2.0229174e+15
1.9857273e+15
1.9576282e+15
2.0518313e+15
2.0229174e+15
1.9857273e+15
1.9576282e+15
2.0518313e+15
2.0229174e+15
1.9857273e+15
1.9576282e+15
2.0518313e+15
2.0229174e+15
1.9857273e+15
1.9576282e+15
2.0518313e+15
2.0229174e+15
1.9857273e+15
1.9576282e+15
2.0518313e+15
2.0229174e+15
1.9857273e+15
1.9576282e+15
2.0518313e+15
2.0229174e+15
1.9857273e+15
1.9576282e+15
1.9427962e+15
1.9152286e+15
1.8797748e+15
1.852991e+15
1.9427962e+15
1.9152286e+15
1.8797748e+15
1.852991e+15
1.9427962e+15
1.9152286e+15
1.8797748e+15
1.852991e+15
1.9427962e+15
1.9152286e+15
1.8797748e+15
1.852991e+15
1.8388545e+15
1.8125819e+15
1.7787978e+15
1.7532787e+15
1.8388545e+15
1.8125819e+15
1.7787978e+15
1.7532787e+15
1.8388545e+15
1.8125819e+15
1.7787978e+15
1.7532787e+15
1.8388545e+15
1.8125819e+15
1.7787978e+15
1.7532787e+15
1.7398108e+15
1.714783e+15
1.6826038e+15
1.6583001e+15
1.7398108e+15
1.714783e+15
1.6826038e+15
1.6583001e+15
1.7398108e+15
1.714783e+15
1.6826038e+15
1.6583001e+15
1.7398108e+15
1.714783e+15
1.6826038e+15
1.6583001e+15
1.7398108e+15
1.714783e+15
1.6826038e+15
1.6583001e+15
1.7398108e+15
1.714783e+15
1.6826038e+15
1.6583001e+15
1.7398108e+15
1.714783e+15
1.6826038e+15
1.6583001e+15
1.7398108e+15
1.714783e+15
1.6826038e+15
1.6583001e+15
1.8388545e+15
1.8125819e+15
1.7787978e+15
1.7532787e+15
1.8388545e+15
1.8125819e+15
1.7787978e+15
1.7532787e+15
1.8388545e+15
1.8125819e+15
1.7787978e+15
1.7532787e+15
1.8388545e+15
1.8125819e+15
1.7787978e+15
1.7532787e+15
1.8388545e+15
1.8125819e+15
1.7787978e+15
1.7532787e+15
1.8388545e+15
1.8125819e+15
1.7787978e+15
1.7532787e+15
1.8388545e+15
1.8125819e+15
1.7787978e+15
1.7532787e+15
1.8388545e+15
1.8125819e+15
1.7787978e+15
1.7532787e+15
1.8388545e+15
1.8125819e+15
1.7787978e+15
1.7532787e+15
1.8388545e+15
1.8125819e+15
1.7787978e+15
1.7532787e+15
1.8388545e+15
1.8125819e+15
1.7787978e+15
1.7532787e+15
1.8388545e+15
1.8125819e+15
1.7787978e+15
1.7532787e+15
1.7398108e+15
1.714783e+15
1.6826038e+15
1.6583001e+15
1.7398108e+15
1.714783e+15
1.6826038e+15
1.6583001e+15
1.7398108e+15
1.714783e+15
1.6826038e+15
1.6583001e+15
1.7398108e+15
1.714783e+15
1.6826038e+15
1.6583001e+15
1.7398108e+15
1.714783e+15
1.6826038e+15
1.6583001e+15
1.7398108e+15
1.714783e+15
1.6826038e+15
1.6583001e+15
1.7398108e+15
1.714783e+15
1.6826038e+15
1.6583001e+15
1.7398108e+15
1.714783e+15
1.6826038e+15
1.6583001e+15
1.6454748e+15
1.6216431e+15
1.5910056e+15
1.5678693e+15
1.6454748e+15
1.6216431e+15
1.5910056e+15
1.5678693e+15
1.6454748e+15
1.6216431e+15
1.5910056e+15
1.5678693e+15
1.6454748e+15
1.6216431e+15
1.5910056e+15
1.5678693e+15
1.6454748e+15
1.6216431e+15
1.5910056e+15
1.5678693e+15
1.6454748e+15
1.6216431e+15
1.5910056e+15
1.5678693e+15
1.6454748e+15
1.6216431e+15
1.5910056e+15
1.5678693e+15
1.6454748e+15
1.6216431e+15
1.5910056e+15
1.5678693e+15
1.5556611e+15
1.5329779e+15
1.5038208e+15
1.4818052e+15
1.5556611e+15
1.5329779e+15
1.5038208e+15
1.4818052e+15
1.5556611e+15
1.5329779e+15
1.5038208e+15
1.4818052e+15
1.5556611e+15
1.5329779e+15
1.5038208e+15
1.4818052e+15
1.5556611e+15
1.5329779e+15
1.5038208e+15
1.4818052e+15
1.5556611e+15
1.5329779e+15
1.5038208e+15
1.4818052e+15
1.5556611e+15
1.5329779e+15
1.5038208e+15
1.4818052e+15
1.5556611e+15
1.5329779e+15
1.5038208e+15
1.4818052e+15
1.5556611e+15
1.5329779e+15
1.5038208e+15
1.4818052e+15
1.5556611e+15
1.5329779e+15
1.5038208e+15
1.4818052e+15
1.5556611e+15
1.5329779e+15
1.5038208e+15
1.4818052e+15
1.5556611e+15
1.5329779e+15
1.5038208e+15
1.4818052e+15
1.6454748e+15
1.6216431e+15
1.5910056e+15
1.5678693e+15
1.6454748e+15
1.6216431e+15
1.5910056e+15
1.5678693e+15
1.6454748e+15
1.6216431e+15
1.5910056e+15
1.5678693e+15
1.6454748e+15
1.6216431e+15
1.5910056e+15
1.5678693e+15
1.6454748e+15
1.6216431e+15
1.5910056e+15
1.5678693e+15
1.6454748e+15
1.6216431e+15
1.5910056e+15
1.5678693e+15
1.6454748e+15
1.6216431e+15
1.5910056e+15
1.5678693e+15
1.6454748e+15
1.6216431e+15
1.5910056e+15
1.5678693e+15
1.5556611e+15
1.5329779e+15
1.5038208e+15
1.4818052e+15
1.5556611e+15
1.5329779e+15
1.5038208e+15
1.4818052e+15
1.5556611e+15
1.5329779e+15
1.5038208e+15
1.4818052e+15
1.5556611e+15
1.5329779e+15
1.5038208e+15
1.4818052e+15
1.4701893e+15
1.4486086e+15
1.4208722e+15
1.3999319e+15
1.4701893e+15
1.4486086e+15
1.4208722e+15
1.3999319e+15
1.4701893e+15
1.4486086e+15
1.4208722e+15
1.3999319e+15
1.4701893e+15
1.4486086e+15
1.4208722e+15
1.3999319e+15
1.3888844e+15
1.3683613e+15
1.3419875e+15
1.3220785e+15
1.3888844e+15
1.3683613e+15
1.3419875e+15
1.3220785e+15
1.3888844e+15
1.3683613e+15
1.3419875e+15
1.3220785e+15
1.3888844e+15
1.3683613e+15
1.3419875e+15
1.3220785e+15
1.3888844e+15
1.3683613e+15
1.3419875e+15
1.3220785e+15
1.3888844e+15
1.3683613e+15
1.3419875e+15
1.3220785e+15
1.3888844e+15
1.3683613e+15
1.3419875e+15
1.3220785e+15
1.3888844e+15
1.3683613e+15
1.3419875e+15
1.3220785e+15
1.4701893e+15
1.4486086e+15
1.4208722e+15
1.3999319e+15
1.4701893e+15
1.4486086e+15
1.4208722e+15
1.3999319e+15
1.4701893e+15
1.4486086e+15
1.4208722e+15
1.3999319e+15
1.4701893e+15
1.4486086e+15
1.4208722e+15
1.3999319e+15
1.4701893e+15
1.4486086e+15
1.4208722e+15
1.3999319e+15
1.4701893e+15
1.4486086e+15
1.4208722e+15
1.3999319e+15
1.4701893e+15
1.4486086e+15
1.4208722e+15
1.3999319e+15
1.4701893e+15
1.4486086e+15
1.4208722e+15
1.3999319e+15
1.4701893e+15
1.4486086e+15
1.4208722e+15
1.3999319e+15
1.4701893e+15
1.4486086e+15
1.4208722e+15
1.3999319e+15
1.4701893e+15
1.4486086e+15
1.4208722e+15
1.3999319e+15
1.4701893e+15
1.4486086e+15
1.4208722e+15
1.3999319e+15
1.3888844e+15
1.3683613e+15
1.3419875e+15
1.3220785e+15
1.3888844e+15
1.3683613e+15
1.3419875e+15
1.3220785e+15
1.3888844e+15
1.3683613e+15
1.3419875e+15
1.3220785e+15
1.3888844e+15
1.3683613e+15
1.3419875e+15
1.3220785e+15
