FiniteElementSpace
FiniteElementCollection: L2_2D_P3
VDim: 1
Ordering: 0

-10058.21
-9983.81
-9876.8123
-9791.5285
-10058.21
-9983.81
-9876.8123
-9791.5285
-10058.21
-9983.8099
-9876.8123
-9791.5286
-10058.21
-9983.8099
-9876.8123
-9791.5286
-10058.21
-9983.8099
-9876.8123
-9791.5286
-10058.21
-9983.8099
-9876.8123
-9791.5286
-10058.21
-9983.8099
-9876.8123
-9791.5286
-10058.21
-9983.8101
-9876.8124
-9791.5285
-10215.554
-10199.302
-10149.521
-10094.809
-10215.554
-10199.302
-10149.521
-10094.809
-10215.554
-10199.302
-10149.521
-10094.81
-10215.554
-10199.302
-10149.522
-10094.81
-9988.7235
-10120.16
-10187.964
-10215.868
-9988.7237
-10120.16
-10187.965
-10215.868
-9988.7227
-10120.159
-10187.964
-10215.868
-9988.7208
-10120.158
-10187.964
-10215.868
-9988.7193
-10120.158
-10187.962
-10215.871
-9988.7202
-10120.158
-10187.962
-10215.872
-9988.7217
-10120.159
-10187.963
-10215.872
-9988.7227
-10120.16
-10187.963
-10215.872
-10215.55
-10199.303
-10149.521
-10094.81
-10215.55
-10199.303
-10149.521
-10094.81
-10215.55
-10199.303
-10149.521
-10094.81
-10215.55
-10199.303
-10149.521
-10094.81
-10215.554
-10199.301
-10149.522
-10094.806
-10215.554
-10199.301
-10149.522
-10094.806
-10215.554
-10199.301
-10149.523
-10094.806
-10215.554
-10199.301
-10149.523
-10094.806
-9988.7239
-10120.16
-10187.964
-10215.868
-9988.7214
-10120.158
-10187.964
-10215.868
-9988.7199
-10120.157
-10187.963
-10215.867
-9988.7193
-10120.157
-10187.963
-10215.867
-9988.7851
-10120.198
-10187.978
-10215.875
-9988.7422
-10120.172
-10187.968
-10215.873
-9988.7317
-10120.166
-10187.965
-10215.872
-9988.7256
-10120.162
-10187.964
-10215.872
-10215.549
-10199.296
-10149.513
-10094.799
-10215.551
-10199.301
-10149.519
-10094.804
-10215.551
-10199.301
-10149.521
-10094.805
-10215.55
-10199.302
-10149.521
-10094.806
-10058.208
-9983.8066
-9876.8146
-9791.5324
-10058.211
-9983.8081
-9876.813
-9791.5292
-10058.212
-9983.8086
-9876.8129
-9791.5287
-10058.213
-9983.8089
-9876.8128
-9791.5284
-10058.213
-9983.809
-9876.8128
-9791.5283
-10058.213
-9983.8091
-9876.8128
-9791.5282
-10058.214
-9983.8092
-9876.8127
-9791.5282
-10058.214
-9983.8092
-9876.8127
-9791.5281
-9746.2757
-9664.0686
-9566.9169
-9504.9461
-9746.2755
-9664.0685
-9566.917
-9504.9465
-9746.2755
-9664.0684
-9566.9171
-9504.9467
-9746.2754
-9664.0684
-9566.9171
-9504.9468
-9746.2803
-9664.0726
-9566.9156
-9504.9364
-9746.2766
-9664.0694
-9566.9164
-9504.9434
-9746.2761
-9664.069
-9566.9167
-9504.9449
-9746.2758
-9664.0687
-9566.9169
-9504.9458
-9401.7393
-9201.428
-8939.2031
-8743.3332
-9401.7408
-9201.428
-8939.2025
-8743.3326
-9401.7413
-9201.4281
-8939.2022
-8743.3323
-9401.7414
-9201.4281
-8939.2022
-8743.3323
-9401.6685
-9201.4485
-8939.1921
-8743.3376
-9401.6684
-9201.4485
-8939.1922
-8743.3376
-9401.6683
-9201.4485
-8939.1922
-8743.3377
-9401.6685
-9201.4485
-8939.1921
-8743.3376
-8643.1363
-8466.5134
-8266.0929
-8143.3807
-8643.1364
-8466.5134
-8266.0929
-8143.3806
-8643.1364
-8466.5134
-8266.0929
-8143.3806
-8643.1364
-8466.5135
-8266.093
-8143.3807
-8643.137
-8466.5137
-8266.0924
-8143.3799
-8643.1365
-8466.5136
-8266.0928
-8143.3804
-8643.1363
-8466.5134
-8266.0929
-8143.3807
-8643.1362
-8466.5134
-8266.0929
-8143.3807
-8643.8267
-8466.5366
-8264.582
-8139.6898
-8643.8268
-8466.5368
-8264.582
-8139.6896
-8643.8257
-8466.5357
-8264.582
-8139.6912
-8643.8234
-8466.5338
-8264.5821
-8139.6942
-8643.8239
-8466.5336
-8264.5812
-8139.6935
-8643.8244
-8466.5343
-8264.5815
-8139.6928
-8643.8255
-8466.5355
-8264.5818
-8139.6913
-8643.8263
-8466.5363
-8264.5819
-8139.6902
-9401.185
-9201.6831
-8939.9816
-8744.1608
-9401.1843
-9201.6824
-8939.9814
-8744.161
-9401.1821
-9201.6812
-8939.9815
-8744.1619
-9401.1804
-9201.6804
-8939.9816
-8744.1626
-9401.1797
-9201.6801
-8939.9817
-8744.1628
-9401.1795
-9201.6799
-8939.9817
-8744.163
-9401.1819
-9201.681
-8939.9815
-8744.162
-9401.1876
-9201.6831
-8939.9806
-8744.1599
-9747.2616
-9665.1384
-9567.1183
-9503.535
-9747.2619
-9665.1388
-9567.1199
-9503.5385
-9747.2649
-9665.1418
-9567.1227
-9503.5412
-9747.2622
-9665.1398
-9567.1267
-9503.5545
-9747.2611
-9665.1379
-9567.1178
-9503.5343
-9747.2607
-9665.1374
-9567.1173
-9503.5338
-9747.2607
-9665.1374
-9567.1173
-9503.5338
-9747.261
-9665.1378
-9567.1178
-9503.5346
-10056.397
-9982.7908
-9876.8935
-9792.2947
-10056.396
-9982.7904
-9876.8931
-9792.2942
-10056.396
-9982.7904
-9876.8931
-9792.2942
-10056.397
-9982.7909
-9876.8935
-9792.2946
-10056.397
-9982.7913
-9876.8941
-9792.2952
-10056.399
-9982.7929
-9876.8949
-9792.2956
-10056.401
-9982.7953
-9876.8978
-9792.2987
-10056.409
-9982.7998
-9876.898
-9792.2965
-10214.939
-10197.468
-10147.187
-10092.636
-10214.937
-10197.468
-10147.189
-10092.638
-10214.933
-10197.466
-10147.189
-10092.64
-10214.932
-10197.472
-10147.198
-10092.648
-10005.415
-10129.035
-10191.445
-10216.235
-10005.394
-10129.021
-10191.438
-10216.232
-10005.377
-10129.007
-10191.429
-10216.226
-10005.296
-10128.957
-10191.408
-10216.22
-10005.419
-10129.039
-10191.446
-10216.24
-10005.422
-10129.041
-10191.447
-10216.24
-10005.422
-10129.041
-10191.447
-10216.24
-10005.417
-10129.038
-10191.445
-10216.239
-10214.936
-10197.469
-10147.186
-10092.636
-10214.937
-10197.469
-10147.186
-10092.636
-10214.937
-10197.469
-10147.186
-10092.636
-10214.936
-10197.469
-10147.186
-10092.636
-10214.935
-10197.466
-10147.189
-10092.634
-10214.936
-10197.466
-10147.188
-10092.633
-10214.938
-10197.467
-10147.188
-10092.633
-10214.939
-10197.467
-10147.188
-10092.632
-10005.393
-10129.019
-10191.435
-10216.229
-10005.4
-10129.024
-10191.438
-10216.231
-10005.41
-10129.031
-10191.442
-10216.234
-10005.416
-10129.036
-10191.445
-10216.235
-10005.389
-10129.015
-10191.429
-10216.228
-10005.385
-10129.012
-10191.429
-10216.228
-10005.386
-10129.014
-10191.43
-10216.23
-10005.39
-10129.017
-10191.433
-10216.232
-10214.927
-10197.463
-10147.186
-10092.634
-10214.928
-10197.464
-10147.187
-10092.635
-10214.929
-10197.466
-10147.188
-10092.635
-10214.931
-10197.466
-10147.188
-10092.635
-10056.404
-9982.7944
-9876.9027
-9792.2965
-10056.405
-9982.7941
-9876.9018
-9792.2954
-10056.405
-9982.7934
-9876.9006
-9792.2938
-10056.404
-9982.7927
-9876.8995
-9792.2926
-10056.404
-9982.7922
-9876.8989
-9792.292
-10056.403
-9982.7913
-9876.8979
-9792.2909
-10056.402
-9982.7901
-9876.8966
-9792.2897
-10056.401
-9982.7894
-9876.8959
-9792.2889
-9747.27
-9665.1396
-9567.1223
-9503.5383
-9747.2689
-9665.1385
-9567.1212
-9503.5371
-9747.2676
-9665.1373
-9567.1198
-9503.5355
-9747.2669
-9665.1366
-9567.1189
-9503.5344
-9747.2747
-9665.1442
-9567.1255
-9503.5395
-9747.2734
-9665.143
-9567.125
-9503.5399
-9747.2718
-9665.1415
-9567.1239
-9503.5396
-9747.2706
-9665.1403
-9567.1229
-9503.5389
-9747.3069
-9665.0709
-9566.8017
-9502.8823
-9747.3071
-9665.0711
-9566.8018
-9502.8821
-9747.3124
-9665.0763
-9566.8073
-9502.8887
-9747.322
-9665.0855
-9566.8172
-9502.9006
-9747.3131
-9665.0766
-9566.8093
-9502.8943
-9747.3128
-9665.0764
-9566.8085
-9502.8922
-9747.31
-9665.0738
-9566.8052
-9502.8872
-9747.3077
-9665.0717
-9566.8026
-9502.8836
-10056.494
-9982.8997
-9877.0065
-9792.378
-10056.491
-9982.8977
-9877.0054
-9792.3775
-10056.486
-9982.893
-9877.0016
-9792.3744
-10056.483
-9982.8895
-9876.9987
-9792.3719
-10056.481
-9982.8883
-9876.9977
-9792.3711
-10056.481
-9982.8881
-9876.9977
-9792.3712
-10056.487
-9982.8941
-9877.0036
-9792.3767
-10056.497
-9982.9052
-9877.0143
-9792.3867
-10214.858
-10197.413
-10147.19
-10092.687
-10214.857
-10197.413
-10147.189
-10092.687
-10214.852
-10197.413
-10147.193
-10092.692
-10214.845
-10197.413
-10147.2
-10092.701
-10005.515
-10129.043
-10191.369
-10216.15
-10005.516
-10129.043
-10191.369
-10216.149
-10005.479
-10129.017
-10191.355
-10216.142
-10005.41
-10128.969
-10191.329
-10216.128
-10005.445
-10128.997
-10191.348
-10216.146
-10005.457
-10129.005
-10191.35
-10216.146
-10005.486
-10129.024
-10191.359
-10216.149
-10005.507
-10129.038
-10191.366
-10216.152
-10214.853
-10197.421
-10147.201
-10092.7
-10214.852
-10197.418
-10147.198
-10092.697
-10214.853
-10197.416
-10147.193
-10092.692
-10214.854
-10197.415
-10147.19
-10092.689
-10214.897
-10197.435
-10147.194
-10092.676
-10214.879
-10197.429
-10147.2
-10092.687
-10214.864
-10197.424
-10147.203
-10092.695
-10214.858
-10197.421
-10147.204
-10092.698
-10005.644
-10129.145
-10191.44
-10216.199
-10005.543
-10129.071
-10191.396
-10216.173
-10005.472
-10129.017
-10191.363
-10216.153
-10005.442
-10128.995
-10191.349
-10216.144
-10007.374
-10130.317
-10192.051
-10216.495
-10006.278
-10129.604
-10191.698
-10216.348
-10005.924
-10129.347
-10191.553
-10216.267
-10005.72
-10129.201
-10191.471
-10216.221
-10215.053
-10197.405
-10147.01
-10092.432
-10214.987
-10197.453
-10147.144
-10092.596
-10214.935
-10197.444
-10147.172
-10092.641
-10214.906
-10197.439
-10147.188
-10092.667
-10056.267
-9982.6538
-9876.7713
-9792.1497
-10056.366
-9982.7505
-9876.8578
-9792.2263
-10056.439
-9982.8267
-9876.9295
-9792.2926
-10056.457
-9982.8501
-9876.9564
-9792.3202
-10056.472
-9982.8657
-9876.9717
-9792.3347
-10056.486
-9982.8823
-9876.9897
-9792.3527
-10056.495
-9982.8941
-9877.0031
-9792.3664
-10056.499
-9982.8986
-9877.0083
-9792.3717
-9747.2809
-9665.0384
-9566.7747
-9502.8587
-9747.2987
-9665.0557
-9566.7917
-9502.8764
-9747.3124
-9665.069
-9566.8045
-9502.889
-9747.3177
-9665.0744
-9566.8099
-9502.8945
-9747.1027
-9664.8645
-9566.5772
-9502.6096
-9747.1756
-9664.936
-9566.6648
-9502.7288
-9747.2394
-9664.9982
-9566.7354
-9502.8179
-9747.2668
-9665.0247
-9566.7597
-9502.8407
-9401.524
-9201.699
-8939.9225
-8744.1607
-9401.6197
-9201.7375
-8939.9012
-8744.1096
-9401.6681
-9201.7591
-8939.8925
-8744.085
-9401.6811
-9201.7656
-8939.8912
-8744.0793
-9401.6821
-9201.7667
-8939.8918
-8744.0794
-9401.6787
-9201.7662
-8939.8937
-8744.0822
-9401.6759
-9201.7656
-8939.8951
-8744.0844
-9401.6856
-9201.7694
-8939.8926
-8744.0789
-8643.7868
-8466.5715
-8264.6435
-8139.6199
-8643.7897
-8466.5738
-8264.6436
-8139.6171
-8643.7919
-8466.5757
-8264.6438
-8139.6148
-8643.7856
-8466.5699
-8264.643
-8139.6223
-8643.882
-8466.6628
-8264.6562
-8139.5035
-8643.8232
-8466.6075
-8264.6493
-8139.5739
-8643.794
-8466.5791
-8264.645
-8139.61
-8643.7869
-8466.5719
-8264.6437
-8139.6193
-8018.041
-7836.1285
-7608.8162
-7440.3885
-8018.0678
-7836.1316
-7608.8041
-7440.372
-8018.0833
-7836.134
-7608.7978
-7440.3629
-8018.0874
-7836.1348
-7608.7963
-7440.3607
-7352.7223
-7191.571
-6987.3496
-6834.8838
-7352.7054
-7191.5557
-6987.3379
-6834.8734
-7352.6961
-7191.5471
-6987.3311
-6834.8672
-7352.6937
-7191.5448
-6987.3291
-6834.8654
-7352.6942
-7191.5443
-6987.3289
-6834.865
-7352.6948
-7191.5446
-6987.329
-6834.8651
-7352.6953
-7191.545
-6987.3292
-6834.8653
-7352.6935
-7191.5434
-6987.328
-6834.8642
-8018.088
-7836.1349
-7608.7964
-7440.3597
-8018.0872
-7836.135
-7608.797
-7440.3603
-8018.0865
-7836.135
-7608.7975
-7440.3609
-8018.0894
-7836.1353
-7608.7961
-7440.3591
-8018.0265
-7836.1538
-7608.7872
-7440.3647
-8018.0261
-7836.1537
-7608.7873
-7440.3649
-8018.0253
-7836.1536
-7608.7875
-7440.3653
-8018.0248
-7836.1535
-7608.7877
-7440.3656
-8018.0247
-7836.1534
-7608.7877
-7440.3657
-8018.0246
-7836.1534
-7608.7877
-7440.3657
-8018.0253
-7836.1535
-7608.7873
-7440.3651
-8018.0264
-7836.1536
-7608.7867
-7440.3641
-7352.6946
-7191.5458
-6987.3299
-6834.865
-7352.6946
-7191.5457
-6987.3299
-6834.865
-7352.694
-7191.5452
-6987.3296
-6834.8649
-7352.6929
-7191.5441
-6987.3289
-6834.8647
-7352.6936
-7191.5447
-6987.329
-6834.8641
-7352.6938
-7191.5449
-6987.3292
-6834.8644
-7352.6942
-7191.5454
-6987.3296
-6834.8647
-7352.6945
-7191.5457
-6987.3298
-6834.8649
-6757.1527
-6616.5325
-6441.8315
-6315.8533
-6757.1529
-6616.5326
-6441.8315
-6315.8532
-6757.1531
-6616.5327
-6441.8315
-6315.853
-6757.1533
-6616.5328
-6441.8314
-6315.8528
-6757.1533
-6616.5329
-6441.8314
-6315.8528
-6757.1534
-6616.5329
-6441.8315
-6315.8528
-6757.1535
-6616.533
-6441.8317
-6315.8532
-6757.1539
-6616.533
-6441.8321
-6315.8541
-6251.8525
-6138.3369
-6004.1472
-5913.557
-6251.8525
-6138.3369
-6004.147
-5913.5566
-6251.853
-6138.3372
-6004.1466
-5913.5551
-6251.854
-6138.3381
-6004.1458
-5913.5514
-6251.8531
-6138.3378
-6004.1483
-5913.5581
-6251.853
-6138.3376
-6004.1478
-5913.5574
-6251.8527
-6138.3372
-6004.1475
-5913.5571
-6251.8525
-6138.337
-6004.1473
-5913.5571
-6251.8517
-6138.3385
-6004.1477
-5913.5571
-6251.8512
-6138.338
-6004.1474
-5913.5574
-6251.8507
-6138.3375
-6004.1471
-5913.5575
-6251.852
-6138.3391
-6004.1487
-5913.5586
-6757.1531
-6616.5332
-6441.8315
-6315.8555
-6757.1529
-6616.533
-6441.8311
-6315.855
-6757.1529
-6616.5329
-6441.8308
-6315.8546
-6757.1523
-6616.5327
-6441.8313
-6315.8556
-6757.1647
-6616.5373
-6441.8255
-6315.8392
-6757.1589
-6616.5353
-6441.8294
-6315.8475
-6757.1548
-6616.5338
-6441.8318
-6315.8528
-6757.1535
-6616.5332
-6441.832
-6315.8536
-6251.8353
-6138.3147
-6004.1231
-5913.5367
-6251.8457
-6138.3277
-6004.1366
-5913.5469
-6251.8522
-6138.3361
-6004.1454
-5913.5542
-6251.8534
-6138.3378
-6004.1475
-5913.5564
-5807.9408
-5683.1953
-5527.0362
-5411.4493
-5807.9339
-5683.1908
-5527.0343
-5411.4485
-5807.9281
-5683.1871
-5527.0326
-5411.4479
-5807.9257
-5683.1855
-5527.0318
-5411.4475
-5351.3156
-5240.9125
-5101.358
-4997.5109
-5351.3154
-5240.9128
-5101.3587
-4997.5116
-5351.3151
-5240.9131
-5101.3592
-4997.5122
-5351.315
-5240.9132
-5101.3595
-4997.5124
-5351.3153
-5240.9131
-5101.3596
-4997.5125
-5351.3152
-5240.9131
-5101.3597
-4997.5126
-5351.3151
-5240.9131
-5101.3598
-4997.5126
-5351.3151
-5240.9131
-5101.3597
-4997.5126
-5807.9247
-5683.1847
-5527.0316
-5411.447
-5807.9235
-5683.1839
-5527.0312
-5411.4468
-5807.9229
-5683.1835
-5527.031
-5411.4467
-5807.923
-5683.1836
-5527.031
-5411.4467
-5807.9232
-5683.1838
-5527.0309
-5411.4471
-5807.9238
-5683.1841
-5527.0311
-5411.4472
-5807.9246
-5683.1847
-5527.0314
-5411.4473
-5807.9251
-5683.185
-5527.0316
-5411.4474
-5807.9252
-5683.1851
-5527.0317
-5411.4474
-5807.9251
-5683.1851
-5527.0317
-5411.4475
-5807.9241
-5683.1846
-5527.0317
-5411.4477
-5807.9223
-5683.1837
-5527.0315
-5411.4478
-5351.3149
-5240.9132
-5101.3595
-4997.5125
-5351.315
-5240.9132
-5101.3596
-4997.5125
-5351.3152
-5240.9135
-5101.3598
-4997.5126
-5351.3155
-5240.9138
-5101.3601
-4997.5129
-5351.3147
-5240.9131
-5101.3596
-4997.5126
-5351.3147
-5240.9131
-5101.3596
-4997.5126
-5351.3148
-5240.9131
-5101.3595
-4997.5125
-5351.3149
-5240.9131
-5101.3595
-4997.5125
-4916.3187
-4719.1898
-4472.3587
-4288.6213
-4916.3186
-4719.1898
-4472.3587
-4288.6213
-4916.3185
-4719.1897
-4472.3587
-4288.6214
-4916.3187
-4719.1895
-4472.3585
-4288.6219
-4916.3174
-4719.1896
-4472.3593
-4288.6206
-4916.3183
-4719.1897
-4472.3588
-4288.6211
-4916.3187
-4719.1897
-4472.3587
-4288.6214
-4916.3187
-4719.1898
-4472.3587
-4288.6213
-4151.21
-3823.2183
-3434.2605
-3162.9418
-4151.2104
-3823.2182
-3434.2604
-3162.942
-4151.2104
-3823.2182
-3434.2604
-3162.9419
-4151.2103
-3823.2182
-3434.2604
-3162.9419
-4151.2803
-3823.1983
-3434.2711
-3162.9362
-4151.2801
-3823.1983
-3434.2711
-3162.9362
-4151.2802
-3823.1983
-3434.2711
-3162.9362
-4151.2802
-3823.1983
-3434.2711
-3162.9362
-4917.4749
-4718.1027
-4470.5856
-4290.5804
-4917.4749
-4718.1027
-4470.5856
-4290.5803
-4917.4749
-4718.1027
-4470.5856
-4290.5803
-4917.4749
-4718.1027
-4470.5856
-4290.5804
-4917.4749
-4718.1031
-4470.5858
-4290.5797
-4917.4749
-4718.1028
-4470.5856
-4290.5802
-4917.4749
-4718.1027
-4470.5856
-4290.5804
-4917.4749
-4718.1027
-4470.5855
-4290.5804
-5759.7697
-5528.6118
-5239.2868
-5027.1397
-5759.7694
-5528.6123
-5239.2873
-5027.1399
-5759.7693
-5528.6124
-5239.2875
-5027.14
-5759.7693
-5528.6124
-5239.2875
-5027.14
-5759.7693
-5528.6124
-5239.2875
-5027.14
-5759.7693
-5528.6124
-5239.2874
-5027.14
-5759.7693
-5528.6123
-5239.2874
-5027.14
-5759.7693
-5528.6124
-5239.2875
-5027.14
-5759.802
-5528.6171
-5239.2816
-5027.1358
-5759.8021
-5528.6171
-5239.2816
-5027.1358
-5759.802
-5528.6171
-5239.2816
-5027.1358
-5759.8019
-5528.6171
-5239.2816
-5027.1358
-4917.4735
-4718.1064
-4470.588
-4290.5692
-4917.4735
-4718.1064
-4470.588
-4290.5692
-4917.4735
-4718.1064
-4470.588
-4290.5692
-4917.4735
-4718.1063
-4470.588
-4290.5692
-4917.4735
-4718.1063
-4470.588
-4290.5692
-4917.4735
-4718.1063
-4470.588
-4290.5692
-4917.4736
-4718.1063
-4470.588
-4290.5692
-4917.4735
-4718.1063
-4470.588
-4290.5692
-5759.8017
-5528.6172
-5239.2816
-5027.1358
-5759.8015
-5528.6171
-5239.2816
-5027.1358
-5759.8015
-5528.6171
-5239.2816
-5027.1358
-5759.8016
-5528.6171
-5239.2816
-5027.1358
-5759.8019
-5528.6171
-5239.2816
-5027.1358
-5759.8019
-5528.6171
-5239.2816
-5027.1358
-5759.8019
-5528.6171
-5239.2816
-5027.1358
-5759.8019
-5528.6171
-5239.2816
-5027.1358
-5759.8019
-5528.6171
-5239.2816
-5027.1358
-5759.8019
-5528.6171
-5239.2816
-5027.1358
-5759.8019
-5528.6171
-5239.2816
-5027.1358
-5759.8019
-5528.6171
-5239.2816
-5027.1358
-4917.4736
-4718.1064
-4470.5879
-4290.5689
-4917.4736
-4718.1064
-4470.5879
-4290.5689
-4917.4736
-4718.1064
-4470.5879
-4290.5689
-4917.4736
-4718.1064
-4470.5879
-4290.5689
-4917.4736
-4718.1064
-4470.5879
-4290.5689
-4917.4736
-4718.1064
-4470.5879
-4290.5689
-4917.4736
-4718.1064
-4470.5879
-4290.5689
-4917.4736
-4718.1064
-4470.5879
-4290.5689
-4151.2851
-3823.197
-3434.2717
-3162.9359
-4151.2851
-3823.197
-3434.2717
-3162.9359
-4151.2851
-3823.197
-3434.2717
-3162.9359
-4151.2851
-3823.197
-3434.2717
-3162.9359
-4151.2823
-3823.1977
-3434.2714
-3162.936
-4151.2823
-3823.1977
-3434.2714
-3162.936
-4151.2823
-3823.1977
-3434.2714
-3162.936
-4151.2823
-3823.1977
-3434.2714
-3162.936
-2961.9937
-2513.6688
-2029.6547
-1723.1229
-2961.9936
-2513.6688
-2029.6547
-1723.1229
-2961.9922
-2513.6692
-2029.6545
-1723.123
-2961.9921
-2513.6692
-2029.6545
-1723.123
