FiniteElementSpace
FiniteElementCollection: L2_2D_P3
VDim: 1
Ordering: 0

1.1446302
1.1443632
1.1435022
1.1424639
1.1378293
1.1376016
1.1368662
1.1359774
1.1294976
1.1293117
1.1287098
1.1279802
1.1234427
1.123283
1.1227645
1.1221336
1.1417826
1.1402785
1.1379093
1.1358152
1.1353928
1.1340989
1.132051
1.1302306
1.1274993
1.1264308
1.1247282
1.1232021
1.1217163
1.1207863
1.1192957
1.1179519
1.1186984
1.1178317
1.1164402
1.1151812
1.1131168
1.1123473
1.1110996
1.1099575
1.105649
1.1049471
1.1037967
1.1027312
1.0993902
1.0987075
1.0975835
1.0965367
1.1203079
1.1201589
1.1196753
1.1190874
1.1145311
1.1144009
1.1139774
1.1134601
1.1069233
1.106807
1.1064271
1.1059603
1.1006227
1.1005107
1.1001439
1.099692
1.096964
1.096853
1.0964889
1.0960398
1.0892734
1.0891624
1.0887984
1.0883497
1.0771428
1.0770343
1.0766792
1.076242
1.0658798
1.0657774
1.0654426
1.065031
1.0590768
1.0589804
1.0586651
1.0582776
1.0446677
1.0445875
1.0443255
1.0440043
1.0229798
1.0229348
1.0227882
1.0226087
1.0047137
1.0047037
1.0046709
1.0046309
1.0580193
1.0574364
1.0564822
1.055601
1.0437903
1.0433089
1.0425238
1.0418022
1.0224893
1.0222212
1.0217855
1.0213866
1.0046043
1.0045445
1.0044474
1.0043587
1.0957396
1.0950596
1.0939379
1.092892
1.0880497
1.0873707
1.0862516
1.0852099
1.07595
1.0752899
1.0742049
1.073198
1.0647566
1.0641372
1.0631226
1.0621846
1.0922666
1.0909606
1.0889853
1.0872511
1.0845875
1.0832896
1.0813312
1.0796178
1.0725981
1.0713509
1.0694795
1.0678521
1.0616272
1.0604718
1.058746
1.0572531
1.0550778
1.0539946
1.0523807
1.0509888
1.0413753
1.040495
1.0391919
1.0380757
1.0211513
1.0206675
1.0199552
1.0193484
1.0043064
1.0041991
1.0040413
1.0039072
1.0501917
1.0485917
1.0462998
1.0443869
1.0374396
1.0361692
1.0343635
1.0328678
1.0190039
1.0183188
1.0173511
1.0165551
1.0038312
1.0036803
1.0034677
1.0032932
1.0862451
1.0841957
1.0811866
1.0786058
1.0786262
1.0766126
1.0736715
1.0711644
1.0669146
1.0650201
1.0622751
1.0599549
1.056396
1.0546711
1.052188
1.0501049
1.1077866
1.1056397
1.1025353
1.099889
1.1030115
1.1009276
1.0978756
1.0952507
1.0960367
1.093977
1.0909417
1.0883238
1.0898838
1.0878278
1.0848027
1.0822012
1.1144441
1.1129391
1.110735
1.1088564
1.109283
1.1078928
1.1058267
1.10404
1.1020966
1.1007769
1.0987887
1.0970469
1.0959111
1.0946048
1.0926283
1.0908919
1.1346114
1.1322068
1.1288185
1.1260574
1.1291795
1.1270687
1.1240693
1.1216034
1.1223155
1.1205235
1.1179495
1.1158063
1.1171677
1.1155744
1.1132611
1.1113076
1.1245355
1.1215978
1.1176123
1.1144385
1.120236
1.1175779
1.1139243
1.1109667
1.1146056
1.1122426
1.1089203
1.1061626
1.1102018
1.107997
1.1048387
1.1021678
