FiniteElementSpace
FiniteElementCollection: L2_2D_P3
VDim: 1
Ordering: 0

1.1127003
1.1093262
1.1046058
1.1006438
1.1093262
1.1060958
1.1014888
1.0975642
1.1046057
1.1014886
1.0969566
1.0930515
1.1006435
1.097564
1.0930513
1.0891506
1.0983731
1.0937406
1.0868178
1.0807085
1.0953017
1.0906747
1.0837659
1.0776947
1.0907924
1.0861732
1.079308
1.0733215
1.0868949
1.0822943
1.0754951
1.0696068
1.0846437
1.0800612
1.0733129
1.0674915
1.0800612
1.0755351
1.0689175
1.0632519
1.0733128
1.0689174
1.0625558
1.0571693
1.0674912
1.0632517
1.0571692
1.052067
1.0983727
1.0953013
1.0907922
1.0868948
1.09374
1.0906743
1.086173
1.0822943
1.0868173
1.0837656
1.0793079
1.0754951
1.0807083
1.0776946
1.0733213
1.0696066
1.0771279
1.0741518
1.0698487
1.0662076
1.0697346
1.0668685
1.0627544
1.0593012
1.0586398
1.0560206
1.0523017
1.0492163
1.0489304
1.0466058
1.0433366
1.0406529
1.0433122
1.0411928
1.0382291
1.0358097
1.032032
1.0303925
1.028118
1.0262746
1.0161122
1.0152473
1.0140555
1.0130963
1.0031962
1.0030072
1.0027475
1.0025389
1.0344684
1.0318583
1.028277
1.0254065
1.0252584
1.0232902
1.0206091
1.018473
1.0125697
1.0115539
1.0101779
1.0090878
1.0024246
1.0022045
1.0019073
1.0016726
1.0641398
1.0600082
1.0541096
1.0491881
1.0573507
1.0534782
1.0480055
1.0434897
1.0474883
1.0440891
1.0393547
1.0355042
1.0391603
1.0362469
1.0322301
1.0289958
1.0464225
1.0409713
1.0333771
1.0272198
1.0409714
1.0360453
1.0292536
1.023797
1.0333772
1.0292537
1.0236358
1.0191657
1.02722
1.0237973
1.0191658
1.0155022
1.0238344
1.0208106
1.0167316
1.013514
1.0173079
1.0150746
1.0120767
1.0097218
1.0084951
1.0073631
1.0058509
1.0046684
1.0015453
1.0013025
1.0009793
1.0007273
1.0117702
1.0084487
1.004031
1.0005929
1.0084488
1.0060297
1.0028234
1.0003366
1.004031
1.0028233
1.0012301
0.99999992
1.0005919
1.0003358
0.99999947
0.99974177
1.023834
1.0173075
1.0084952
1.0015462
1.0208104
1.0150743
1.0073633
1.0013034
1.0167315
1.0120766
1.0058511
1.0009801
1.013514
1.0097217
1.0046684
1.0007283
1.0344678
1.0252578
1.0125693
1.0024257
1.031858
1.0232897
1.0115536
1.0022056
1.0282767
1.0206086
1.0101777
1.0019084
1.0254062
1.0184726
1.0090877
1.0016736
1.0641402
1.0573508
1.0474882
1.0391599
1.0600084
1.0534782
1.0440889
1.0362465
1.0541096
1.0480054
1.0393544
1.0322299
1.049188
1.0434895
1.0355041
1.0289956
1.077128
1.0697349
1.0586401
1.0489304
1.074152
1.0668689
1.0560208
1.0466057
1.0698491
1.0627548
1.0523017
1.0433363
1.066208
1.0593014
1.0492162
1.0406526
1.043312
1.0320313
1.0161116
1.0031974
1.0411924
1.0303918
1.0152469
1.0030084
1.0382286
1.0281173
1.0140552
1.0027486
1.0358091
1.026274
1.013096
1.00254
