FiniteElementSpace
FiniteElementCollection: L2_2D_P4
VDim: 1
Ordering: 0

-1.032894505597854e+42
-3.71285156467708e+41
2.402449376235817e+42
-1.82448190107308e+41
-2.026124999774643e+42
-3.712851564685158e+41
1.41746068030384e+42
-4.061508228595547e+42
-1.070403798969968e+43
-1.287796212483022e+43
2.40244937623385e+42
-4.061508228596268e+42
-1.567311318461652e+43
-1.141926653849098e+43
-3.98459452885019e+42
-1.824481901099729e+41
-1.070403798970049e+43
-1.141926653849057e+43
4.491397006013825e+43
7.022510311035127e+43
-2.026124999777694e+42
-1.287796212483121e+43
-3.984594528849047e+42
7.022510311035204e+43
-1.9626945378629e+44
