FiniteElementSpace
FiniteElementCollection: L2_2D_P4
VDim: 1
Ordering: 0

0.034580114
0.027913017
0.018145872
0.0083755367
0.0017026164
0.034294541
0.027682503
0.017996017
0.0083063688
0.0016885557
0.033871318
0.027340878
0.017773932
0.0082038617
0.0016677174
0.03344218
0.026994479
0.017548742
0.0080999218
0.0016465881
0.033145769
0.026755216
0.0173932
0.0080281291
0.0016319937
0.03608346
0.029126508
0.018934745
0.0087396526
0.0017766364
0.035813478
0.028908582
0.018793074
0.0086742623
0.0017633436
0.035412865
0.028585211
0.018582854
0.0085772326
0.001743619
0.035006068
0.028256846
0.018369389
0.0084787052
0.0017235893
0.034724757
0.028029773
0.018221772
0.0084105702
0.0017097381
0.073856736
0.066922559
0.056758594
0.046584739
0.039632443
0.073304132
0.066421836
0.056333919
0.046236187
0.03933591
0.072484145
0.065678836
0.055703762
0.045718986
0.038895897
0.071651499
0.064924364
0.055063876
0.0451938
0.038449089
0.0710757
0.064402626
0.054621377
0.044830619
0.038140109
0.070779641
0.064134362
0.054393856
0.044643881
0.03798124
0.070195119
0.063604717
0.053944652
0.044275197
0.037667579
0.069328851
0.062819778
0.053278927
0.043728804
0.037202731
0.068450474
0.062023866
0.052603897
0.043174773
0.036731385
0.067843766
0.061474119
0.052137645
0.042792097
0.036405821
0.10680866
0.10020129
0.090510983
0.080804856
0.074168499
0.1059266
0.099373795
0.089763516
0.080137544
0.073555989
0.10461938
0.098147445
0.088655763
0.079148579
0.072648245
0.10329389
0.096903952
0.087532524
0.07814579
0.071727813
0.10237836
0.096045055
0.086756688
0.07745315
0.071092059
0.14258028
0.1360267
0.12640991
0.11677105
0.11017704
0.14140281
0.13490335
0.12536598
0.11580672
0.10926716
0.13965778
0.13323853
0.12381886
0.11437758
0.10791872
0.13788836
0.13155045
0.12225012
0.11292846
0.10655143
0.1366662
0.13038446
0.12116658
0.11192753
0.10560702
0.1487788
0.14194033
0.13190545
0.12184755
0.11496687
0.14766563
0.14087832
0.13091853
0.12093588
0.11410668
0.14601385
0.13930245
0.12945407
0.11958309
0.11283028
0.14433656
0.13770226
0.12796701
0.11820942
0.11153418
0.14317666
0.13659567
0.12693866
0.11725948
0.11063789
0.11145205
0.10455743
0.094445857
0.084317774
0.077392912
0.11061816
0.10377513
0.093739207
0.083686901
0.076813852
0.10938079
0.1026143
0.09269064
0.082750777
0.075954609
0.10812431
0.10143555
0.091625883
0.081800199
0.075082099
0.10725542
0.10062041
0.090889574
0.081142848
0.074478733
0.11582695
0.1086617
0.098153201
0.087627556
0.080430876
0.11504323
0.10792646
0.097489069
0.087034645
0.079886658
0.11387868
0.10683395
0.096502214
0.086153617
0.079077985
0.11269424
0.10572278
0.095498504
0.085257541
0.078255499
0.11187409
0.10495336
0.094803495
0.084637061
0.077685977
0.15461888
0.14751199
0.13708323
0.12663051
0.11947973
0.1535727
0.14651389
0.13615569
0.12577369
0.1186713
0.15201813
0.14503077
0.13477742
0.12450052
0.11747002
0.15043701
0.14352232
0.13337561
0.12320561
0.11624823
0.14934218
0.14247781
0.13240494
0.12230895
0.11540221
0.16008648
0.15272828
0.14193075
0.13110841
0.12370476
0.15910979
0.15179648
0.14106483
0.13030851
0.12295004
0.15765618
0.15040969
0.13977607
0.12911802
0.12182677
0.15617503
0.14899662
0.1384629
0.12790498
0.12068223
0.1551479
0.14801669
0.13755225
0.12706377
0.11988852
0.11992281
0.11250418
0.10162409
0.090726237
0.083275074
0.11919116
0.11181779
0.10100408
0.090172712
0.082767009
0.11810224
0.11079623
0.10008131
0.0893489
0.082010853
0.11699269
0.10975532
0.099141062
0.088509483
0.081240374
0.11622324
0.10903347
0.098489025
0.087927368
0.080706066
0.079470138
0.072008949
0.061072486
0.050125373
0.042644667
0.078985286
0.071569617
0.060699878
0.049819555
0.042384489
0.078263679
0.070915759
0.060145324
0.049364405
0.041997266
0.077528403
0.070249514
0.059580266
0.048900633
0.041602707
0.077018508
0.069787491
0.059188412
0.048579019
0.041329091
0.076755892
0.069549531
0.058986592
0.048413375
0.041188167
0.07623654
0.069078937
0.05858747
0.048085794
0.040909475
0.075464815
0.068379666
0.057994401
0.047599031
0.040495358
0.074679911
0.067668451
0.057391203
0.047103954
0.040074168
0.074136411
0.067175976
0.056973524
0.046761143
0.039782519
0.037499868
0.030269835
0.019678003
0.0090827205
0.0018463768
0.037246134
0.03006502
0.019544856
0.0090212635
0.0018338836
0.036869101
0.029760679
0.019347008
0.0089299421
0.0018153195
0.036485629
0.02945114
0.019145782
0.0088370611
0.0017964383
0.036220098
0.029236802
0.019006444
0.0087727469
0.0017833641
0.03882594
0.031340237
0.020373856
0.0094039009
0.0019116675
0.03858906
0.031149028
0.020249554
0.0093465274
0.0019000043
0.038236512
0.030864453
0.020064555
0.0092611389
0.0018826462
0.037877285
0.030574485
0.019876052
0.0091741333
0.0018649594
0.037628171
0.030373401
0.01974533
0.0091137968
0.001852694
0.040058476
0.03233514
0.021020623
0.0097024248
0.0019723523
0.039839024
0.032157998
0.020905466
0.0096492724
0.0019615474
0.03951181
0.031893872
0.020733763
0.0095700207
0.0019454369
0.039177696
0.031624174
0.020558438
0.0094890977
0.0019289866
0.0389456
0.031436826
0.020436647
0.0094328834
0.0019175592
0.081992927
0.074294889
0.06301125
0.051716617
0.043998432
0.081543745
0.073887878
0.062666054
0.051433296
0.043757395
0.080873997
0.073281008
0.062151352
0.051010854
0.043397997
0.080190123
0.072661339
0.061625794
0.050579502
0.043031021
0.079715062
0.072230879
0.06126071
0.050279859
0.042776097
0.084318188
0.07640184
0.064798212
0.05318327
0.0452462
0.083905757
0.076028131
0.064481259
0.052923131
0.045024883
0.083289478
0.075469712
0.064007649
0.052534414
0.044694179
0.082658652
0.074898112
0.063522859
0.052136522
0.044355669
0.08221957
0.074500254
0.063185425
0.051859572
0.044120052
0.041194508
0.033252143
0.021616753
0.0099775788
0.0020282868
0.04099301
0.033089494
0.021511017
0.0099287755
0.0020183659
0.040691921
0.032846455
0.021353021
0.0098558498
0.0020035412
0.040383724
0.032597679
0.021191296
0.0097812017
0.0019883664
0.040169206
0.03242452
0.021078728
0.0097292439
0.0019778042
0.042231302
0.034089039
0.022160808
0.010228693
0.0020793346
0.042048245
0.033941275
0.022064749
0.010184356
0.0020703217
0.041774003
0.033719908
0.021920841
0.010117934
0.002056819
0.041492464
0.033492651
0.021773104
0.010049745
0.0020429571
0.041296039
0.033334098
0.021670031
0.01000217
0.0020332858
0.043166354
0.03484381
0.022651473
0.010455168
0.0021253737
0.043002179
0.034711288
0.022565323
0.010415403
0.0021172902
0.042755447
0.034512127
0.022435851
0.010355644
0.0021051418
0.042501247
0.034306937
0.022302461
0.010294075
0.0020926256
0.042323391
0.034163372
0.022209131
0.010250998
0.0020838686
0.088354212
0.080058938
0.067899888
0.05572898
0.047411988
0.088018172
0.079754448
0.067641643
0.055517025
0.047231664
0.087513153
0.079296845
0.067253538
0.055198486
0.046960664
0.086992849
0.078825391
0.066853685
0.054870307
0.046681462
0.086628807
0.078495528
0.06657392
0.054640689
0.046486113
0.086440318
0.078324736
0.066429067
0.0545218
0.046384967
0.086065632
0.077985227
0.066141121
0.054285468
0.046183905
0.085504308
0.077476602
0.065709744
0.053931414
0.045882691
0.08492805
0.076954445
0.06526689
0.05356794
0.045573462
0.084526004
0.076590146
0.064957919
0.05331435
0.045357717
0.130441
0.1223717
0.11053734
0.098683662
0.090578976
0.12987559
0.12184127
0.1100582
0.098255906
0.09018635
0.12902854
0.12104661
0.1093404
0.097615077
0.08959815
0.12815895
0.12023082
0.1086035
0.096957198
0.088994301
0.12755225
0.11966165
0.10808937
0.096498207
0.088573006
0.13332911
0.12508115
0.11298476
0.10086863
0.0925845
0.13282202
0.12460542
0.11255504
0.100485
0.092232373
0.13205994
0.12389048
0.11190924
0.099908449
0.091703175
0.13127479
0.1231539
0.1112439
0.099314451
0.091157961
0.13072544
0.12263854
0.11077837
0.098898848
0.090776489
0.17798271
0.1698019
0.15779731
0.14576515
0.13753385
0.17730579
0.16915609
0.15719716
0.14521076
0.13701077
0.17628847
0.16818553
0.15629522
0.1443776
0.13622465
0.17524036
0.1671856
0.15536598
0.14351922
0.13541474
0.17450703
0.16648598
0.15471582
0.14291863
0.13484807
0.17412733
0.16612373
0.15437919
0.14260766
0.13455467
0.17337255
0.16540365
0.15371001
0.14198952
0.13397142
0.17224181
0.16432489
0.15270751
0.14106346
0.13309766
0.17108098
0.16321742
0.15167834
0.14011276
0.13220064
0.17027109
0.16244476
0.15096031
0.13944947
0.13157481
0.16985247
0.16204537
0.15058916
0.13910662
0.13125132
0.16902166
0.16125275
0.14985257
0.1384262
0.13060932
0.16778021
0.16006837
0.14875193
0.13740948
0.12965001
0.16650946
0.15885603
0.1476253
0.13636876
0.12866806
0.16562497
0.1580122
0.14684112
0.13564437
0.12798458
0.12723865
0.11936745
0.10782362
0.096260956
0.08835524
0.12661628
0.11878358
0.10729622
0.095790109
0.087923063
0.1256863
0.11791113
0.10650814
0.095086542
0.087277278
0.12473437
0.11701808
0.10570146
0.094366368
0.086616248
0.12407178
0.11639649
0.10513998
0.093865095
0.086156144
0.12372977
0.11607563
0.10485015
0.093606351
0.085918649
0.12305194
0.11543974
0.10427575
0.093093547
0.085447961
0.12204127
0.11449159
0.1034193
0.092328936
0.084746146
0.12100929
0.11352345
0.10254478
0.091548199
0.084029529
0.12029241
0.11285092
0.10193729
0.091005852
0.083531725
0.16516842
0.15757663
0.14643634
0.13527046
0.12763178
0.16426358
0.15671338
0.14563413
0.13452941
0.12693258
0.16291443
0.15542625
0.14443798
0.13342447
0.12589003
0.16153682
0.15411196
0.14321661
0.13229623
0.1248255
0.16057986
0.15319898
0.14236818
0.13151248
0.12408602
0.20620923
0.19869802
0.18766969
0.17660858
0.16903732
0.20507956
0.1976095
0.18664158
0.17564106
0.16811128
0.20339516
0.19598646
0.18510862
0.17419846
0.16673053
0.20167525
0.19432919
0.18354334
0.17272543
0.16532065
0.20048049
0.19317795
0.18245599
0.17170217
0.16434127
0.2467534
0.23934085
0.22845103
0.21752134
0.21003572
0.24540161
0.23802966
0.2271995
0.21632969
0.20888508
0.24338602
0.23607463
0.22533342
0.21455289
0.20716943
0.24132793
0.23407836
0.22342799
0.21273862
0.2054176
0.23989826
0.23269163
0.22210436
0.21147832
0.20420067
0.25375117
0.24612841
0.23492977
0.2236901
0.21599219
0.25250998
0.24492451
0.23378064
0.22259595
0.21493569
0.25065532
0.24312556
0.23206353
0.220961
0.21335701
0.24875687
0.24128414
0.2303059
0.21928746
0.21174106
0.24743547
0.24000243
0.22908251
0.21812261
0.2106163
0.21205718
0.20433295
0.19299187
0.18161707
0.17383109
0.21101993
0.20333349
0.19204788
0.18072872
0.17298082
0.20947001
0.20184002
0.19063731
0.17940128
0.1717103
0.2078835
0.20031131
0.18919344
0.17804252
0.17040978
0.20677923
0.19924726
0.18818845
0.17709676
0.16950457
0.21739427
0.20947563
0.19784911
0.18618804
0.1782061
0.21645194
0.20856763
0.19699151
0.18538098
0.17743364
0.21504023
0.20720734
0.19570673
0.18417192
0.17627641
0.21359096
0.20581086
0.19438775
0.18293069
0.17508839
0.21257983
0.20483656
0.19346753
0.1820647
0.17425953
0.22220764
0.21411366
0.20222972
0.19031046
0.18215179
0.22136251
0.21329932
0.20146058
0.18958665
0.18145901
0.22009241
0.21207548
0.20030467
0.18849886
0.18041786
0.21878386
0.21081461
0.19911377
0.18737816
0.1793452
0.21786831
0.2099324
0.19828054
0.18659403
0.17859469
0.2658974
0.25790977
0.24617509
0.23439741
0.22633101
0.2648861
0.25692885
0.2452388
0.23350592
0.2254702
0.26336627
0.25545468
0.2438317
0.23216614
0.22417653
0.26180045
0.25393589
0.24238202
0.23078581
0.2228437
0.26070488
0.25287324
0.24136771
0.22982003
0.22191116
0.26013763
0.25232303
0.24084253
0.22931998
0.22142832
0.25901003
0.2512293
0.23979857
0.22832596
0.22046851
0.25732075
0.24959076
0.23823458
0.2268368
0.2190306
0.25558653
0.24790863
0.23662899
0.22530803
0.21755443
0.25437659
0.24673504
0.23550879
0.22424142
0.21652454
0.3022543
0.29456258
0.28325583
0.27189961
0.26411725
0.30094414
0.29328576
0.28202802
0.27072102
0.2629724
0.29898136
0.29137293
0.28018861
0.26895536
0.26125728
0.29696636
0.28940921
0.27830027
0.26714272
0.25949652
0.29556054
0.28803915
0.2769828
0.26587808
0.25826807
0.30894657
0.30108455
0.28952745
0.27791979
0.26996513
0.30777155
0.29993943
0.28842629
0.27686277
0.26893836
0.30600566
0.29821848
0.28677139
0.27527423
0.26739528
0.30418633
0.29644544
0.28506641
0.2736376
0.2658055
0.30291339
0.29520489
0.28387349
0.2724925
0.26469318
0.35125146
0.34353398
0.33218231
0.32077263
0.31294886
0.34991554
0.34222741
0.33091892
0.31955263
0.31175861
0.34790784
0.34026382
0.32902022
0.31771914
0.30996985
0.34583938
0.33824081
0.32706405
0.31583017
0.30812694
0.34439213
0.33682536
0.32569537
0.3145085
0.30683751
0.3436428
0.33609249
0.32498672
0.31382419
0.30616989
0.34215323
0.33463565
0.32357802
0.31246387
0.30484275
0.33992169
0.33245314
0.32146762
0.31042596
0.30285455
0.33763077
0.33021255
0.31930108
0.30833384
0.30081345
0.33603244
0.32864934
0.31778952
0.30687419
0.29938941
0.33520626
0.32784132
0.3170082
0.30611971
0.29865333
0.33356665
0.32623773
0.31545759
0.30462236
0.2971925
0.33111663
0.32384154
0.31314059
0.30238494
0.29500965
0.32860878
0.32138879
0.31076889
0.3000947
0.29277527
0.32686321
0.31968158
0.30911809
0.2985006
0.29122005
0.29483387
0.28733098
0.27630181
0.26522439
0.25763309
0.29339172
0.28592553
0.27495031
0.26392708
0.25637291
0.29123679
0.28382543
0.27293083
0.26198856
0.25448987
0.28903098
0.28167576
0.27086367
0.26000428
0.25256239
0.28749565
0.2801795
0.26942485
0.25862314
0.25122078
0.28670315
0.27940717
0.26868216
0.25791022
0.25052827
0.2851325
0.27787648
0.26721023
0.25649731
0.24915579
0.28279059
0.27559418
0.26501553
0.2543906
0.24710938
0.2803993
0.27326373
0.26277454
0.25223945
0.2450198
0.27873816
0.27164487
0.26121782
0.25074514
0.24356826
0.32596219
0.31880035
0.30826598
0.29767776
0.29041728
0.32417647
0.31705387
0.3065772
0.29604699
0.28882628
0.32151389
0.31444978
0.30405917
0.29361544
0.28645404
0.31879515
0.31179078
0.30148802
0.29113261
0.28403176
0.31690655
0.30994367
0.29970195
0.28940789
0.28234911
0.31593285
0.30899137
0.29878112
0.28851868
0.28148159
0.31400533
0.30710619
0.29695824
0.28675841
0.27976425
0.31113659
0.30430048
0.29424524
0.28413859
0.27720833
0.3082135
0.30144162
0.29148084
0.28146915
0.274604
0.30618642
0.29945908
0.28956381
0.27961796
0.27279796
0.30514239
0.29843799
0.28857646
0.27866452
0.27186778
0.30307771
0.29641867
0.28662386
0.276779
0.27002824
0.30000973
0.29341809
0.28372244
0.27397722
0.26729481
0.29688934
0.29036627
0.28077145
0.2711276
0.26451469
0.29472866
0.28825306
0.27872807
0.26915441
0.26258962
0.26839088
0.26156091
0.25152093
0.241437
0.23452653
0.26657487
0.25979111
0.24981906
0.23980336
0.23293965
0.26387639
0.25716131
0.2472902
0.23737588
0.23058164
0.26113183
0.25448659
0.24471814
0.23490693
0.22818337
0.25923138
0.25263451
0.24293714
0.23319734
0.22652271
0.27788173
0.27081024
0.26041523
0.24997472
0.24281989
0.27618636
0.26915801
0.25882642
0.24844961
0.24133843
0.27366313
0.26669899
0.25646179
0.24617978
0.23913356
0.2710921
0.26419339
0.25405237
0.24386695
0.23688693
0.26930916
0.26245583
0.2523815
0.24226306
0.23532895
0.23916117
0.23197669
0.22142194
0.21082855
0.20357327
0.23770202
0.23056138
0.22007103
0.20954228
0.20233126
0.23553038
0.22845497
0.21806048
0.20762791
0.20048277
0.2333176
0.22630867
0.21601183
0.20567729
0.19859927
0.23178309
0.22482026
0.21459115
0.20432457
0.19729311
0.19986451
0.19258441
0.1818954
0.17117462
0.16383633
0.19864513
0.19140944
0.18078564
0.17013028
0.16283676
0.19683032
0.18966074
0.17913399
0.16857598
0.1613491
0.19498114
0.18787891
0.17745106
0.16699224
0.15983326
0.19369877
0.18664325
0.17628399
0.16589396
0.15878207
0.19303831
0.18600684
0.1756829
0.1653283
0.15824066
0.19173216
0.18474826
0.17449418
0.16420965
0.15716997
0.1897913
0.1828781
0.17272782
0.1625474
0.15557899
0.18781729
0.180976
0.17093129
0.16085677
0.15396084
0.18645041
0.17965891
0.16968731
0.15968611
0.15284036
0.23099276
0.22405367
0.21385944
0.20362788
0.19662039
0.22942979
0.22253766
0.21241241
0.20225007
0.19529
0.22710732
0.22028496
0.21026221
0.20020275
0.19331313
0.22474519
0.21799379
0.2080753
0.19812046
0.1913025
0.22310955
0.2164073
0.20656098
0.1966786
0.18991025
0.22226789
0.21559092
0.20578175
0.19593664
0.18919383
0.22060486
0.21397785
0.20424208
0.19447063
0.18777827
0.21813717
0.21158429
0.20195742
0.19229528
0.18567777
0.21563138
0.20915378
0.1996375
0.19008634
0.18354485
0.21389855
0.20747301
0.1980332
0.1885588
0.18206987
0.18574704
0.17898116
0.16904718
0.15908371
0.15226379
0.18435727
0.17764201
0.16778236
0.15789344
0.15112454
0.18229504
0.1756549
0.16590555
0.15612726
0.14943407
0.18020097
0.17363711
0.16399977
0.1543338
0.1477175
0.17875287
0.17224176
0.16268186
0.15309358
0.14653044
0.17800829
0.1715243
0.16200423
0.15245589
0.14592008
0.17653824
0.17010781
0.16066636
0.15119687
0.14471503
0.17435962
0.16800855
0.15868362
0.14933098
0.14292913
0.17215054
0.16587994
0.15667317
0.14743902
0.14111827
0.17062471
0.16440969
0.15528452
0.14613221
0.13986748
0.21300758
0.2066088
0.19720832
0.18777338
0.18131148
0.2112485
0.20490256
0.19557971
0.18622268
0.17981415
0.20864152
0.2023739
0.1931661
0.18392454
0.1775951
0.20599811
0.1998099
0.19071875
0.18159428
0.17534503
0.20417227
0.19803891
0.18902833
0.17998473
0.17379087
0.24749386
0.24119566
0.23193736
0.22263857
0.21626618
0.24544997
0.23920377
0.23002194
0.22079995
0.21448019
0.2424209
0.23625179
0.22718327
0.2180751
0.21183334
0.23934949
0.23325853
0.22430492
0.21531216
0.20914948
0.23722802
0.23119106
0.22231681
0.21340376
0.20729571
0.25825345
0.25168146
0.24202068
0.23231761
0.22566817
0.25632118
0.24979835
0.24020985
0.23057939
0.2239797
0.25345396
0.24700409
0.23752284
0.22800011
0.22147425
0.25054247
0.24416669
0.23479435
0.22538101
0.21893012
0.24852909
0.24220454
0.23290751
0.22356983
0.21717079
0.29361682
0.28716564
0.27767659
0.26813904
0.26159902
0.29141995
0.28501704
0.27559898
0.2661328
0.25964172
0.28816011
0.28182882
0.27251612
0.26315583
0.25673736
0.28484994
0.27859138
0.26938566
0.26013289
0.25378815
0.28256086
0.2763526
0.26722086
0.25804245
0.25174869
0.28138388
0.27520148
0.26610778
0.2569676
0.25070006
0.27906012
0.27292878
0.26391017
0.25484548
0.24862969
0.27561628
0.26956061
0.2606533
0.25170047
0.24556139
0.2721243
0.26614535
0.25735091
0.2485115
0.24245019
0.26971235
0.2637864
0.2550699
0.24630884
0.24030124
0.31459604
0.30854433
0.29963709
0.29067752
0.28452992
0.311998
0.30599627
0.29716259
0.28827701
0.28218018
0.30814769
0.30222002
0.29349535
0.28471942
0.27869784
0.30424355
0.29839098
0.28977686
0.28111211
0.27516682
0.30154691
0.29574622
0.28720844
0.27862049
0.27272789
0.34705028
0.34114383
0.33244453
0.32368716
0.31767434
0.34418422
0.33832656
0.3296991
0.32101405
0.31505088
0.3399367
0.33415133
0.32563034
0.31705247
0.31116289
0.33562981
0.32991773
0.3215047
0.31303551
0.30722056
0.33265499
0.32699354
0.31865507
0.31026095
0.30449753
0.362138
0.35597477
0.34689727
0.33775918
0.33148495
0.35942845
0.35331134
0.34430175
0.33523203
0.32900475
0.35540787
0.34935918
0.34045037
0.33148211
0.3253245
0.35132521
0.345346
0.33653954
0.3276743
0.32158742
0.34850193
0.34257078
0.33383509
0.32504109
0.31900312
0.32827282
0.32195802
0.31266356
0.30331448
0.29689963
0.32581666
0.3195491
0.31032418
0.30104505
0.2946782
0.32217206
0.31597462
0.30685288
0.29767755
0.29138191
0.31847119
0.31234494
0.30332799
0.29425805
0.28803473
0.31591194
0.30983491
0.30089042
0.29189337
0.28572006
0.34115877
0.33459609
0.32493678
0.31522072
0.30855406
0.33885039
0.33233211
0.32273816
0.31308784
0.3064663
0.33542029
0.328968
0.31947116
0.30991853
0.30336401
0.3319316
0.32554642
0.31614837
0.30669509
0.30020874
0.3295159
0.32317718
0.31384752
0.30446304
0.2980239
0.35322285
0.34642809
0.3364272
0.32636756
0.31946516
0.35106781
0.34431451
0.33437464
0.32437638
0.31751609
0.34786047
0.34116887
0.33131981
0.32141289
0.31461528
0.34459237
0.33796363
0.32820711
0.31839326
0.31165951
0.34232602
0.33574089
0.32604853
0.31629923
0.30960976
0.38966194
0.38303028
0.37326284
0.36343021
0.35667911
0.38728459
0.38069338
0.37098554
0.3612129
0.35450299
0.38374637
0.37721538
0.36759623
0.35791287
0.35126427
0.38014112
0.3736715
0.36414271
0.35455033
0.34796419
0.37764098
0.3712139
0.36174779
0.35221849
0.34567567
0.37635331
0.36994814
0.36051431
0.35101751
0.34449699
0.37380679
0.36744496
0.35807496
0.34864242
0.34216602
0.37002283
0.3637254
0.35445025
0.34511319
0.33870236
0.36617424
0.35994231
0.35076363
0.34152369
0.33517954
0.36350932
0.35732275
0.34821087
0.33903817
0.33274019
0.41064119
0.404409
0.39522337
0.3859687
0.37961004
0.40786268
0.40167265
0.39254917
0.38335712
0.37704148
0.40373398
0.3976066
0.38857548
0.37947649
0.37322478
0.39953476
0.39347111
0.38453392
0.37552957
0.36934289
0.39662705
0.39060753
0.38173539
0.37279657
0.36665491
0.42516231
0.41870972
0.40919928
0.39961737
0.39303384
0.42256837
0.41615515
0.40670273
0.39717927
0.39063592
0.4187078
0.41235318
0.40298711
0.39355066
0.38706708
0.4147741
0.40847918
0.3992011
0.3898533
0.38343063
0.41204618
0.40579266
0.3965756
0.38728928
0.38090885
0.45963845
0.45338049
0.44414994
0.4348418
0.42844171
0.45683417
0.45061439
0.44144015
0.4321888
0.42582776
0.45266055
0.44649759
0.43740716
0.42824034
0.42193741
0.44840787
0.4423028
0.43329778
0.42421707
0.41797337
0.44545874
0.43939383
0.43044802
0.42142705
0.41522441
0.44393982
0.43789559
0.42898029
0.41999007
0.41380859
0.44093599
0.43493265
0.42607768
0.4171483
0.41100864
0.43647249
0.43052992
0.42176459
0.41292561
0.40684809
0.43193275
0.426052
0.41737784
0.40863079
0.40261649
0.42878926
0.4229513
0.41434028
0.40565689
0.39968635
0.42717168
0.42135575
0.41277721
0.40412658
0.39817856
0.42397554
0.41820313
0.40968878
0.40110286
0.39519935
0.41923293
0.41352509
0.40510598
0.3966161
0.39077862
0.4144171
0.40877483
0.40045242
0.39206007
0.38628965
0.41108682
0.40548988
0.39723435
0.38890944
0.3831854
0.3951308
0.38913399
0.38029531
0.37139022
0.36527173
0.39217439
0.38622245
0.37744991
0.36861144
0.36253873
0.38778751
0.38190215
0.37322773
0.36448813
0.35848335
0.38333289
0.37751514
0.36894037
0.36030116
0.35436536
0.3802524
0.3744814
0.36597554
0.35740576
0.35151765
0.37866849
0.37292153
0.3644511
0.35591702
0.35005344
0.37554132
0.36984182
0.36144134
0.35297773
0.34716258
0.37090683
0.36527766
0.35698085
0.34862169
0.34287831
0.36620754
0.3606497
0.35245801
0.34420476
0.33853414
0.36296169
0.35745311
0.34933402
0.34115393
0.33553358
0.40937448
0.40380085
0.39557971
0.38728947
0.38158927
0.40599373
0.40046613
0.39231288
0.38409111
0.37843798
0.40098342
0.39552404
0.38747141
0.3793511
0.37376774
0.39590307
0.39051286
0.38256226
0.37454483
0.36903221
0.39239401
0.38705158
0.37917144
0.37122508
0.36576132
0.43909424
0.43370737
0.42575532
0.41772892
0.41220584
0.43546804
0.43012567
0.42223929
0.41427918
0.40880171
0.43009399
0.42481755
0.41702851
0.40916663
0.40375675
0.42464483
0.41943524
0.41174489
0.40398261
0.39864127
0.42088102
0.41571761
0.40809542
0.40040194
0.39510794
0.45818349
0.45256245
0.4442647
0.43588935
0.43012613
0.45475532
0.44917634
0.44094067
0.43262797
0.42690789
0.44966841
0.44415183
0.43600828
0.42778857
0.42213247
0.44450296
0.43904974
0.43099973
0.42287445
0.41728333
0.44093089
0.4355215
0.42753618
0.4194762
0.41393002
0.48809154
0.48267891
0.47468193
0.46660204
0.46103752
0.48443959
0.47906745
0.4711303
0.46311087
0.457588
0.47902061
0.47370857
0.4658602
0.45793049
0.4524694
0.47351796
0.46826694
0.46050875
0.45267013
0.44727177
0.46971273
0.46450391
0.45680807
0.44903244
0.44367746
0.46775618
0.46256906
0.45490528
0.44716204
0.44182936
0.46389329
0.45874901
0.45114852
0.44346923
0.43818059
0.45816845
0.45308767
0.44558097
0.43799644
0.43277306
0.4523636
0.44734719
0.43993559
0.43244714
0.42728995
0.44835412
0.44338216
0.43603625
0.42861418
0.42350269
0.49529131
0.49031643
0.48295935
0.47551791
0.47038848
0.49120103
0.48626723
0.4789709
0.47159091
0.46650385
0.48513919
0.48026627
0.47305998
0.46577107
0.46074679
0.4789926
0.47418142
0.46706643
0.45986988
0.45490927
0.47474707
0.46997854
0.46292662
0.45579387
0.45087723
0.5216333
0.51688263
0.50984997
0.50272825
0.49781445
0.51732546
0.51261402
0.50563944
0.49857654
0.49370332
0.5109412
0.5062879
0.4993994
0.49242368
0.4876106
0.5044677
0.49987336
0.49307214
0.48618481
0.48143271
0.49999637
0.49544276
0.48870183
0.48187554
0.47716555
0.54431101
0.53935379
0.53201537
0.52458404
0.51945661
0.54023839
0.53531827
0.52803476
0.52065904
0.51556997
0.53419522
0.52933013
0.52212811
0.5148349
0.50980275
0.52805874
0.52324956
0.51613027
0.50892083
0.50394649
0.52381521
0.51904467
0.51198259
0.50483109
0.49989672
0.51682378
0.5116326
0.50395565
0.49619069
0.49083828
0.51295684
0.5078045
0.50018499
0.49247814
0.48716577
0.50721885
0.50212415
0.49458989
0.48696925
0.4817163
0.50139227
0.49635611
0.4889084
0.4813753
0.47618269
0.49736304
0.49236734
0.48497949
0.47750692
0.47235604
0.53711119
0.53171623
0.52373793
0.51566815
0.51010561
0.53347692
0.52811846
0.52019415
0.51217897
0.50665407
0.52807662
0.52277242
0.51492831
0.50699428
0.50152531
0.5225841
0.51733506
0.50957255
0.50172103
0.49630896
0.51878085
0.51357002
0.505864
0.49806963
0.49269695
0.56567746
0.56052565
0.55289916
0.54517611
0.53984738
0.56184989
0.55673294
0.54915806
0.54148726
0.53619459
0.55616237
0.55109722
0.54359901
0.53600587
0.53076678
0.55037771
0.54536524
0.53794503
0.53043086
0.52524627
0.54637218
0.54139619
0.53402998
0.52657051
0.52142365
0.58568118
0.58034718
0.57245098
0.5644548
0.55893763
0.58210787
0.57680641
0.56895839
0.561011
0.5555275
0.5767897
0.57153667
0.56376036
0.55588559
0.55045219
0.57137078
0.56616711
0.55846387
0.55066308
0.54528073
0.56761291
0.56244347
0.55479089
0.54704141
0.54169445
0.55610469
0.55051895
0.5422585
0.53390334
0.52814409
0.55271184
0.54716018
0.53895013
0.53064594
0.52492184
0.54766225
0.54216131
0.53402626
0.52579795
0.52012614
0.542517
0.53706774
0.52900913
0.52085813
0.51523961
0.53894891
0.53353548
0.52552988
0.51743249
0.51185092
0.52518858
0.51936455
0.51075974
0.50206573
0.49607828
0.52198436
0.51619586
0.50764355
0.49900259
0.49305167
0.5172155
0.51147989
0.50300572
0.49444371
0.48854716
0.51235631
0.50667458
0.49828004
0.48979847
0.48395732
0.50898659
0.50334223
0.4950029
0.48657712
0.48077438
0.50725105
0.50162594
0.49331505
0.48491799
0.47913505
0.50381882
0.49823178
0.48997713
0.48163689
0.47589307
0.49871876
0.49318829
0.48501719
0.47676138
0.4710757
0.49353161
0.48805865
0.47997254
0.47180259
0.46617605
0.48993981
0.48450669
0.47647942
0.46836893
0.46278334
0.47616898
0.47032727
0.46170379
0.45299968
0.44701025
0.47294706
0.46714488
0.45857976
0.44993455
0.44398564
0.46815952
0.46241608
0.45393766
0.44537996
0.43949128
0.46329021
0.45760651
0.44921628
0.44074759
0.43492014
0.4599185
0.45427618
0.44594701
0.43753994
0.4317549
0.49300733
0.48695905
0.47803062
0.46901869
0.46281746
0.48999945
0.48398808
0.47511412
0.46615718
0.45999378
0.48552283
0.47956637
0.47077348
0.46189837
0.45579129
0.4809614
0.4750609
0.46635062
0.4575589
0.45150919
0.47779817
0.47193647
0.46328348
0.45454959
0.44853967
0.508658
0.5024177
0.49320583
0.48390782
0.47750972
0.5058714
0.49966529
0.49050389
0.48125682
0.47489377
0.50171647
0.49556134
0.48647518
0.47730406
0.47099327
0.49747391
0.49137083
0.48236151
0.47326794
0.46701051
0.49452677
0.48845985
0.4795039
0.4704642
0.46424385
0.52308329
0.51666602
0.50719288
0.49763117
0.49105163
0.52052468
0.5141388
0.504712
0.49519707
0.4886497
0.51670145
0.51036247
0.50100492
0.49155988
0.48506061
0.51278798
0.50649701
0.49721034
0.48783684
0.48138679
0.51006403
0.50380649
0.49456915
0.48524544
0.47882966
0.55722785
0.55104851
0.54191875
0.53269433
0.5263416
0.55450222
0.54835311
0.539268
0.53008871
0.52376705
0.55042942
0.54432548
0.5353071
0.52619523
0.51992001
0.54626049
0.54020277
0.5312527
0.52220985
0.51598216
0.54335873
0.53733319
0.52843067
0.51943586
0.51324125
0.54186091
0.53585199
0.526974
0.51800399
0.51182645
0.53889241
0.5329164
0.52408706
0.51516618
0.50902249
0.53446624
0.52853932
0.5197825
0.5109349
0.50484167
0.52994673
0.52406994
0.51538716
0.50661438
0.50057269
0.52680721
0.52096523
0.5123339
0.50361309
0.49760719
0.57375851
0.56799542
0.55947273
0.55085233
0.54491025
0.57061524
0.56488374
0.55640774
0.54783457
0.54192504
0.56592851
0.56024409
0.55183772
0.54333496
0.53747397
0.56114295
0.5555066
0.54717131
0.53874045
0.53292902
0.55781861
0.55221565
0.54392974
0.53554883
0.52977183
0.60427388
0.59877056
0.59062372
0.58237372
0.57668139
0.60096345
0.59549029
0.58738808
0.57918326
0.57352212
0.59602748
0.59059926
0.58256359
0.57442615
0.56881151
0.5909874
0.58560508
0.57763735
0.56956872
0.56400156
0.58748625
0.58213582
0.57421528
0.56619445
0.56066028
0.6214108
0.61575142
0.60737355
0.59888958
0.59303585
0.61837123
0.61273954
0.60440264
0.59596017
0.59013506
0.61382933
0.60823899
0.59996332
0.59158286
0.58580054
0.60918021
0.60363221
0.59541922
0.58710223
0.5813637
0.60594422
0.60042569
0.59225633
0.58398352
0.57827547
0.59003008
0.58410357
0.57533917
0.56647427
0.56036367
0.587144
0.58124648
0.57252494
0.56370341
0.5576227
0.58283145
0.57697723
0.56831975
0.55956303
0.55352698
0.57841709
0.57260721
0.56401531
0.55532491
0.54933458
0.5753445
0.56956549
0.56101923
0.552375
0.5464165
0.60488017
0.59880451
0.58981954
0.58073154
0.57446714
0.60225822
0.5962089
0.58726287
0.57821426
0.57197701
0.59833023
0.59232036
0.58343267
0.57444308
0.5682465
0.59429773
0.58832836
0.57950057
0.57057155
0.56441674
0.59148432
0.58554321
0.5767572
0.56787046
0.56174479
0.63705062
0.63124882
0.62266012
0.61396265
0.60796159
0.63428924
0.62851259
0.61996111
0.61130133
0.60532628
0.63015235
0.62441338
0.61591766
0.60731436
0.60137828
0.6259054
0.6202051
0.61176664
0.60322131
0.59732523
0.62294238
0.61726906
0.60887054
0.60036566
0.5944975
0.65115573
0.64522547
0.63644661
0.62755658
0.62142266
0.64867917
0.64277147
0.63402599
0.62516977
0.61905918
0.64495726
0.63908345
0.63038815
0.62158274
0.61550721
0.6411227
0.63528381
0.62664021
0.61788715
0.61184774
0.63843976
0.63262531
0.62401788
0.61530144
0.6092873
0.61827303
0.61206285
0.60287895
0.59358975
0.58718665
0.61592153
0.60973497
0.600586
0.59133212
0.58495337
0.61238756
0.60623649
0.59714001
0.58793923
0.58159707
0.60874662
0.60263213
0.59358973
0.58444364
0.57813919
0.60619916
0.60011025
0.59110569
0.58199788
0.57571981
0.58390072
0.57742559
0.56785879
0.55819282
0.55153599
0.58167994
0.57522943
0.56569902
0.55606981
0.5494383
0.57834243
0.57192893
0.5624532
0.55287925
0.54628579
0.5749039
0.56852853
0.55910914
0.54959211
0.54303786
0.57249805
0.56614937
0.5567694
0.5472922
0.54076537
0.57125239
0.56491751
0.55555796
0.54610138
0.53958875
0.56877619
0.56246878
0.5531498
0.54373421
0.53724982
0.56506656
0.5588003
0.5495421
0.54018792
0.53374582
0.56125824
0.55503421
0.54583841
0.53654728
0.53014859
0.55860124
0.55240668
0.54325441
0.53400726
0.52763887
0.53624843
0.52966964
0.51995807
0.5101557
0.50341055
0.53392398
0.5273737
0.51770424
0.50794435
0.50122844
0.53044167
0.52393412
0.51432772
0.50463149
0.49795938
0.52686671
0.52040302
0.51086137
0.50123049
0.49460335
0.52437253
0.51793944
0.50844295
0.49885768
0.49226191
0.54812171
0.54139724
0.53147064
0.52145123
0.51455672
0.54603701
0.53933812
0.52944928
0.51946797
0.51259968
0.54290401
0.53624356
0.52641146
0.51648742
0.50965855
0.53967618
0.53305534
0.52328169
0.51341666
0.50662839
0.53741777
0.53082463
0.52109188
0.51126814
0.50450827
0.51102231
0.50406473
0.49380225
0.48345353
0.47633796
0.50907872
0.5021476
0.49192416
0.4816148
0.47452629
0.50615779
0.49926644
0.48910165
0.47885145
0.47180361
0.50314844
0.49629807
0.48619372
0.47600446
0.46899852
0.50104289
0.49422119
0.48415912
0.4740125
0.46703588
0.47269194
0.465518
0.45494435
0.44429125
0.43697174
0.47089414
0.46374748
0.45321405
0.44260146
0.43530979
0.4681923
0.46108665
0.45061366
0.44006196
0.43281213
0.46540869
0.45834528
0.44793456
0.4374456
0.43023887
0.46346107
0.45642723
0.44606007
0.435615
0.42843843
0.46245266
0.45543412
0.44508952
0.43466718
0.42750622
0.46044809
0.45345998
0.44316022
0.43278305
0.42565314
0.45744502
0.45050248
0.4402699
0.42996041
0.422877
0.45436204
0.4474663
0.43730268
0.42706267
0.420027
0.45221111
0.44534801
0.4352325
0.42504097
0.4180386
0.4999527
0.49314585
0.48310568
0.47298113
0.46601969
0.49778559
0.49100823
0.48101159
0.47093093
0.46399967
0.49453899
0.48780584
0.47787439
0.46785948
0.46097343
0.49120601
0.48451824
0.47465373
0.46470631
0.45786667
0.48888065
0.48222454
0.47240673
0.46250641
0.45569914
0.48767868
0.48103893
0.47124526
0.46136928
0.45457875
0.48529325
0.47868599
0.46894022
0.45911255
0.45235524
0.48172881
0.47517007
0.46549588
0.4557404
0.44903273
0.47808023
0.47157117
0.46197025
0.45228866
0.44563179
0.47554066
0.46906617
0.45951626
0.4498861
0.44326459
0.47422979
0.46777316
0.45824957
0.44864596
0.4420427
0.47163181
0.46521054
0.45573914
0.44618813
0.43962105
0.4677581
0.46138958
0.45199597
0.44252342
0.43601027
0.4638027
0.45748804
0.44817387
0.43878141
0.43232333
0.46105505
0.4547778
0.4455188
0.43618198
0.42976216
0.43865919
0.43200176
0.42218939
0.4123033
0.40551079
0.43625607
0.42963511
0.4198765
0.41004457
0.40328927
0.43267293
0.42610635
0.4164279
0.40667672
0.3999769
0.42901421
0.42250316
0.41290656
0.40323783
0.39659467
0.42647265
0.42000018
0.41046042
0.40084898
0.39424516
0.45109929
0.44425307
0.43416243
0.42399595
0.41701081
0.4488928
0.44208006
0.43203877
0.42192203
0.41497105
0.44559572
0.43883302
0.42886548
0.41882305
0.41192313
0.44222081
0.43550932
0.42561728
0.41565092
0.40880326
0.43987173
0.43319589
0.4233564
0.41344298
0.4066317
0.41343321
0.40639699
0.39603369
0.38560122
0.37843827
0.41141095
0.40440915
0.39409654
0.3837151
0.37658718
0.40838918
0.4014388
0.39120194
0.38089674
0.37382119
0.40529607
0.39839834
0.388239
0.37801186
0.37098989
0.40314314
0.39628204
0.38617667
0.37600386
0.3690192
0.40203185
0.39518966
0.38511215
0.37496738
0.36800197
0.39982939
0.39302469
0.38300238
0.37291319
0.36598594
0.39654544
0.38979662
0.37985663
0.36985031
0.36297995
0.39319222
0.38650047
0.37664454
0.36672283
0.35991057
0.39086287
0.38421077
0.37441323
0.36455029
0.35777839
0.36443598
0.35742552
0.34710715
0.33672816
0.32960664
0.36243948
0.35546743
0.34520559
0.33488346
0.32780095
0.35946263
0.35254784
0.34237028
0.33213293
0.3251086
0.35642299
0.34956667
0.33947518
0.3293244
0.32235946
0.35431147
0.34749577
0.33746406
0.32737342
0.32044975
0.37477115
0.36756188
0.35695089
0.34627755
0.33895406
0.372938
0.365764
0.35520491
0.34458378
0.33729611
0.37019881
0.36307749
0.35259596
0.34205284
0.33481871
0.36739495
0.36032757
0.34992542
0.33946216
0.33228282
0.36544335
0.35841351
0.34806662
0.33765894
0.33051773
0.38420347
0.37681275
0.36593469
0.35499273
0.34748492
0.38253808
0.3751794
0.3643485
0.35345397
0.34597871
0.38004314
0.37273246
0.3619722
0.35114872
0.34372221
0.37748183
0.37022041
0.35953267
0.34878213
0.34140568
0.37569484
0.3684678
0.35783065
0.34713101
0.33978948
0.42383858
0.41662526
0.40600115
0.39530611
0.38796288
0.42200139
0.41481935
0.40424128
0.39359261
0.38628121
0.41924907
0.41211387
0.40160479
0.39102557
0.38376185
0.41642352
0.40933641
0.39889816
0.38839023
0.38117547
0.41445219
0.40739863
0.39700979
0.3865516
0.379371
0.43322289
0.42584986
0.4149905
0.40405867
0.39655286
0.4315752
0.42423021
0.41341216
0.40252191
0.39504464
0.42909896
0.42179612
0.41104014
0.40021237
0.39277801
0.42654778
0.41928836
0.40859633
0.39783293
0.39044277
0.42476279
0.41753375
0.40688646
0.39616811
0.38880886
0.39271021
0.38515585
0.37403693
0.3628527
0.35517866
0.3912166
0.38369097
0.37261435
0.36147265
0.3538278
0.38897193
0.38148948
0.37047641
0.35939864
0.35179766
0.38665932
0.37922136
0.36827377
0.35726186
0.34970607
0.38504125
0.37763441
0.36673264
0.35576682
0.34824264
0.40027087
0.39257107
0.38123809
0.36983852
0.36201674
0.39895264
0.3912782
0.37998254
0.36862052
0.3608245
0.39696364
0.38932746
0.37808812
0.36678275
0.35902559
0.39490531
0.38730873
0.37612766
0.36488091
0.35716398
0.39346006
0.38589128
0.37475114
0.36354554
0.35585686
0.44156352
0.43404854
0.42298011
0.41183781
0.4041875
0.4401093
0.43261907
0.42158709
0.41048149
0.40285637
0.43791512
0.43046223
0.41948526
0.40843502
0.40084792
0.43564445
0.42823021
0.41731015
0.40631721
0.39876945
0.4340501
0.42666299
0.4157829
0.4048302
0.39731006
0.44884039
0.44120157
0.42995073
0.4186248
0.41084841
0.44758314
0.43996571
0.42874639
0.41745219
0.40969758
0.4456763
0.43809132
0.42691979
0.41567371
0.40795214
0.44369161
0.43614041
0.42501863
0.41382263
0.40613545
0.44229175
0.43476438
0.42367769
0.41251701
0.40485408
0.40686723
0.39904054
0.3875208
0.37593337
0.36798269
0.40572755
0.39792279
0.38643532
0.37488034
0.36695193
0.40399903
0.39622752
0.38478898
0.37328324
0.3653886
0.40219994
0.39446303
0.38307543
0.37162093
0.36376145
0.40093099
0.3932185
0.38186682
0.37044846
0.36261378
0.41248342
0.40454869
0.39286994
0.38112257
0.37306213
0.41152504
0.40360875
0.39195713
0.38023705
0.37219534
0.41006114
0.40217302
0.39056285
0.37888445
0.37087135
0.40852563
0.40066704
0.38910034
0.37746568
0.36948259
0.40743604
0.39959841
0.38806256
0.37645893
0.36849713
0.41710589
0.40908225
0.39727262
0.3853936
0.37724283
0.41633111
0.40832238
0.39653468
0.38467773
0.37654211
0.41513538
0.40714964
0.39539581
0.3835729
0.37546065
0.41386714
0.4059058
0.39418787
0.38240108
0.37431361
0.41295953
0.40501565
0.39332341
0.38156248
0.37349274
0.4601353
0.45230425
0.44077028
0.42915934
0.42118725
0.4592806
0.45146409
0.43995155
0.42836218
0.4204049
0.45796151
0.45016745
0.43868798
0.42713189
0.41919746
0.45656243
0.44879218
0.43734778
0.42582699
0.41791681
0.45556119
0.44780798
0.43638868
0.42489316
0.41700032
0.45503596
0.44729169
0.43588555
0.42440328
0.41651955
0.45397871
0.44625243
0.4348728
0.42341721
0.41555179
0.45236379
0.44466501
0.43332585
0.42191101
0.41407357
0.45066987
0.44299991
0.43170321
0.42033112
0.41252303
0.44946787
0.44181837
0.4305518
0.41921004
0.41142278
0.49649234
0.48895717
0.47785112
0.46666162
0.45897356
0.49533877
0.48782111
0.47674086
0.46557736
0.45790717
0.49357672
0.48608581
0.47504498
0.46392118
0.45627828
0.49172847
0.48426561
0.47326612
0.46218398
0.4545697
0.49041696
0.48297401
0.47200386
0.46095127
0.4533573
0.50205628
0.49443666
0.48320615
0.47189125
0.46411704
0.5011237
0.49351825
0.48230859
0.47101471
0.46325494
0.49968443
0.49210082
0.48092336
0.46966191
0.46192443
0.49815789
0.49059744
0.47945413
0.46822709
0.46051325
0.49706542
0.48952156
0.47840269
0.46720027
0.45950334
0.54276789
0.53537807
0.52447804
0.51348642
0.5059288
0.54175969
0.5343836
0.52350382
0.51253261
0.50498903
0.54020371
0.5328488
0.52200027
0.51106057
0.50353866
0.53855337
0.53122093
0.52040554
0.50949927
0.50200034
0.53737231
0.53005596
0.51926429
0.50838193
0.50089945
0.53675276
0.52944484
0.51866561
0.5077958
0.50032194
0.53550564
0.5282147
0.51746052
0.50661597
0.49915947
0.5336007
0.5263357
0.51561978
0.5048138
0.49738384
0.53160257
0.52436477
0.51368898
0.50292347
0.49552132
0.5301847
0.52296622
0.5123189
0.5015821
0.4941997
0.52944453
0.52223612
0.51160367
0.50088186
0.49350977
0.52796149
0.52077328
0.51017061
0.49947884
0.49212739
0.5257122
0.51855461
0.50799711
0.49735089
0.49003077
0.52337108
0.51624537
0.50573489
0.49513608
0.48784856
0.52171983
0.5146166
0.50413928
0.49357391
0.48630938
0.48973231
0.48229974
0.47134491
0.46030776
0.45272438
0.48836051
0.48094877
0.47002462
0.45901839
0.45145626
0.48627994
0.47889977
0.46802217
0.45706282
0.44953291
0.48411443
0.47676713
0.46593797
0.45502743
0.44753105
0.48258704
0.47526292
0.46446792
0.45359181
0.44611908
0.48179246
0.4744804
0.46370318
0.45284497
0.44538455
0.48020575
0.47291778
0.46217605
0.4513536
0.44391774
0.47781167
0.47056002
0.45987185
0.44910336
0.44170457
0.47533412
0.46812008
0.45748733
0.44677468
0.43941426
0.47359452
0.46640688
0.45581304
0.4451396
0.43780611
0.52086082
0.51376928
0.50330921
0.49276125
0.48550868
0.51914544
0.51207726
0.50165164
0.49113841
0.48390973
0.51655721
0.50952427
0.49915063
0.48868982
0.48149717
0.51387875
0.50688228
0.49656243
0.48615586
0.47900052
0.51199808
0.50502722
0.49474514
0.48437666
0.4772475
0.5586745
0.55182057
0.54170285
0.53149053
0.52446328
0.55683458
0.55000323
0.53991883
0.52974014
0.52273603
0.55405844
0.54726115
0.53722703
0.52709908
0.5201299
0.55118553
0.54442348
0.53444139
0.52436596
0.51743292
0.54916832
0.54243102
0.53248546
0.52244691
0.51553924
0.56788139
0.56091451
0.55063005
0.54024942
0.53310636
0.56629069
0.55934332
0.54908767
0.53873612
0.53161306
0.56387809
0.55696033
0.54674837
0.53644092
0.52934821
0.56136701
0.55448005
0.54431357
0.53405202
0.5269909
0.55959588
0.55273064
0.54259624
0.53236707
0.52532823
0.60495023
0.59824168
0.58833001
0.57831558
0.57141876
0.60325569
0.59656593
0.58668203
0.57669565
0.56981815
0.60068562
0.59402436
0.58418256
0.57423872
0.56739053
0.59801063
0.59137903
0.58158106
0.5716815
0.5648638
0.59612388
0.5895132
0.57974614
0.56987782
0.56308163
0.59514236
0.58854257
0.57879159
0.56893951
0.56215452
0.59318235
0.58660429
0.57688542
0.56706579
0.56030314
0.59022499
0.58367972
0.57400931
0.56423864
0.5575097
0.58716454
0.58065321
0.57103294
0.56131293
0.55461889
0.58501566
0.57852816
0.56894309
0.55925866
0.55258912
0.63017637
0.62384665
0.61448595
0.60501792
0.59849155
0.62810098
0.6217921
0.61246223
0.60302538
0.5965205
0.62496955
0.61869212
0.60940876
0.60001895
0.5935465
0.62172896
0.61548408
0.60624885
0.59690772
0.59046883
0.61945359
0.61323156
0.60403013
0.59472318
0.58830786
0.66369212
0.6576477
0.64869983
0.63963865
0.63338664
0.66150636
0.65548184
0.64656343
0.6375321
0.63130068
0.65820839
0.65221391
0.64333996
0.63435365
0.6281533
0.65479546
0.64883205
0.64000412
0.6310644
0.6248962
0.65239908
0.6464575
0.63766187
0.62875487
0.62260924
0.67462961
0.66848558
0.65939026
0.65017975
0.64382472
0.6727399
0.66661308
0.65754323
0.64835853
0.6420213
0.66987382
0.6637731
0.65474189
0.64559632
0.63928609
0.66689074
0.66081719
0.65182619
0.64272134
0.63643921
0.66478668
0.65873229
0.64976966
0.64069354
0.63443123
0.64056155
0.63412752
0.62461257
0.61498852
0.6083546
0.63876727
0.63235126
0.62286296
0.61326587
0.60665053
0.63604592
0.62965724
0.62020936
0.61065315
0.604066
0.63321347
0.62685324
0.61744743
0.60793377
0.60137595
0.63121566
0.6248755
0.61549937
0.60601572
0.59947859
0.64940355
0.64288071
0.63323442
0.62347754
0.61675206
0.6478947
0.64138701
0.63176314
0.62202892
0.61531907
0.64558997
0.63910544
0.6295158
0.61981621
0.61313022
0.64317249
0.63671224
0.62715851
0.61749523
0.61083428
0.64145707
0.63501404
0.62548579
0.61584828
0.6092051
0.68394185
0.67771301
0.66849214
0.65915451
0.65271176
0.68235275
0.67613839
0.66693894
0.657623
0.65119522
0.67992546
0.6737332
0.66456648
0.65528368
0.64887876
0.67737941
0.67121034
0.66207794
0.6528299
0.64644897
0.67557275
0.66942013
0.66031209
0.65108871
0.6447248
0.6916064
0.68530777
0.67598357
0.6665413
0.66002635
0.69032175
0.68403481
0.67472793
0.6653032
0.65880035
0.68833909
0.68207021
0.67279006
0.66339239
0.65690822
0.68623621
0.67998648
0.67073468
0.66136572
0.65490136
0.68473129
0.67849527
0.66926376
0.65991535
0.65346516
0.65668106
0.65008513
0.64033075
0.63046453
0.62366368
0.65546128
0.64887759
0.63914133
0.62929344
0.62250523
0.65357874
0.64701396
0.63730567
0.62748605
0.62071734
0.65158205
0.64503733
0.63535869
0.62556907
0.61882103
0.65015313
0.64362276
0.63396534
0.62419719
0.61746395
0.62017365
0.61329629
0.60313522
0.59286879
0.58579843
0.61902167
0.61215709
0.60201489
0.59176753
0.5847103
0.61724379
0.61039892
0.60028585
0.59006792
0.58303095
0.61535809
0.60853413
0.59845195
0.58826524
0.58124977
0.61400861
0.60719961
0.59713954
0.58697517
0.57997508
0.6133007
0.60649955
0.59645108
0.58629842
0.5793064
0.61187572
0.60509038
0.59506525
0.58493618
0.57796041
0.60969912
0.60293791
0.59294845
0.5828554
0.57590445
0.60741603
0.60068014
0.59072807
0.58067282
0.5737479
0.60579596
0.59907803
0.58915251
0.57912408
0.57221762
0.5757202
0.56865715
0.55823072
0.5477068
0.54046513
0.57438254
0.5673359
0.55693369
0.54643423
0.53920938
0.57233931
0.56531773
0.55495253
0.54449041
0.53729127
0.57019611
0.56320082
0.55287444
0.5424515
0.53527932
0.56867531
0.56169868
0.55139984
0.5410047
0.53385165
0.58217204
0.57502983
0.56448655
0.55384469
0.54652187
0.58109065
0.5739617
0.56343801
0.55281591
0.5455067
0.5794217
0.57231323
0.56181976
0.55122817
0.54393995
0.57765154
0.57056479
0.56010338
0.54954415
0.5422782
0.57638474
0.56931353
0.55887507
0.548339
0.54108897
0.58722135
0.5800172
0.56938247
0.55864831
0.55126197
0.58639883
0.57920477
0.56858494
0.55786581
0.55048982
0.58510819
0.57792996
0.5673335
0.55663797
0.54927821
0.58371535
0.5765542
0.56598297
0.5553129
0.54797066
0.5827056
0.57555684
0.5650039
0.55435229
0.54702275
0.59085598
0.58360724
0.57290669
0.56210608
0.55467403
0.59029432
0.58305247
0.57236209
0.56157175
0.55414676
0.58938508
0.58215439
0.57148048
0.56070676
0.55329321
0.58837291
0.58115463
0.57049905
0.55974383
0.55234301
0.58762265
0.58041358
0.56977158
0.55903008
0.5516387
0.62942439
0.62244446
0.61213183
0.60171228
0.59453645
0.62882607
0.62185277
0.61154995
0.6011403
0.59397129
0.62785749
0.62089493
0.61060798
0.60021436
0.5930564
0.62677925
0.61982865
0.60955936
0.59918359
0.59203792
0.62598002
0.61903828
0.60878209
0.59841955
0.59128299
0.62555253
0.61861553
0.60836634
0.59801087
0.59087919
0.62467633
0.61774904
0.6075142
0.59717324
0.59005155
0.62330144
0.6163894
0.60617709
0.59585888
0.58875286
0.62181769
0.6149221
0.60473409
0.59444045
0.58735134
0.62074203
0.61385838
0.60368799
0.59341215
0.58633531
0.66237657
0.65572343
0.64588445
0.63593266
0.62907284
0.66144879
0.65480496
0.64497977
0.63504192
0.6281917
0.65999297
0.65336377
0.6435602
0.63364422
0.62680908
0.65842188
0.65180845
0.64202822
0.63213584
0.62531697
0.65728291
0.65068093
0.64091761
0.63104234
0.62423527
0.69760482
0.69125155
0.68184648
0.67232232
0.66575087
0.69662769
0.69028332
0.68089143
0.67138061
0.66481836
0.69509445
0.68876404
0.67939282
0.66990293
0.66335513
0.6934398
0.68712446
0.67777555
0.66830825
0.66177603
0.69224026
0.68593584
0.6766031
0.66715218
0.66063126
0.70192263
0.69553004
0.68606676
0.67648365
0.66987153
0.70125539
0.69486888
0.6854146
0.6758406
0.66923476
0.70017526
0.69379858
0.68435886
0.67479961
0.66820394
0.69897283
0.6926071
0.68318359
0.67364075
0.66705642
0.69808155
0.69172394
0.68231244
0.67278177
0.66620583
0.66647635
0.65978202
0.64988215
0.63986877
0.63296649
0.6658428
0.65915484
0.64926438
0.63926052
0.6323648
0.66481721
0.65813955
0.64826433
0.63827587
0.63139077
0.6636755
0.65700931
0.64715104
0.63717974
0.63030646
0.66282923
0.65617154
0.64632584
0.63636725
0.62950274
0.66897052
0.66225114
0.65231422
0.64226337
0.63533526
0.66863274
0.66191676
0.65198485
0.64193907
0.63501446
0.66803984
0.66132982
0.65140672
0.64136985
0.63445138
0.66733026
0.66062737
0.65071481
0.6406886
0.63377747
0.66677872
0.66008137
0.650177
0.64015908
0.63325366
0.70454945
0.69813294
0.68863424
0.67901527
0.6723784
0.70419371
0.69778043
0.68828654
0.67867242
0.67203891
0.70356928
0.69716169
0.68767621
0.67807062
0.67144299
0.70282196
0.69642118
0.68694578
0.67735039
0.6707298
0.70224109
0.6958456
0.68637803
0.67679057
0.67017545
0.70547894
0.69905397
0.68954274
0.67991108
0.67326546
0.70543555
0.69901097
0.68950033
0.67986926
0.67322405
0.70526834
0.69884528
0.68933689
0.6797081
0.67306446
0.70497794
0.69855752
0.68905305
0.67942823
0.67278733
0.70470887
0.69829091
0.68879006
0.67916891
0.67253055
0.66985307
0.66312483
0.6531748
0.64311069
0.63617344
0.66981187
0.66308405
0.65313463
0.64307113
0.63613431
0.6696531
0.66292687
0.65297981
0.6429187
0.63598352
0.66937736
0.6626539
0.65271094
0.64265397
0.63572165
0.66912189
0.66240099
0.65246182
0.6424087
0.63547902
0.6326134
0.62559811
0.61523324
0.60476089
0.59754871
0.63257449
0.62555963
0.6151954
0.6047237
0.59751196
0.63242455
0.62541135
0.61504957
0.60458035
0.59737032
0.63216414
0.62515383
0.61479632
0.60433141
0.59712435
0.63192287
0.62491523
0.61456167
0.60410076
0.59689645
0.63177991
0.62477386
0.61442264
0.60396409
0.59676142
0.63146091
0.62445839
0.6141124
0.60365914
0.5964601
0.63090097
0.62390467
0.61356785
0.60312385
0.59593119
0.63023084
0.62324197
0.61291613
0.60248322
0.5952982
0.62970996
0.62272686
0.61240956
0.60198527
0.5948062
0.59306717
0.5857913
0.57505071
0.56420968
0.55674981
0.59276771
0.58549552
0.57476035
0.5639248
0.55646869
0.59224208
0.58497634
0.57425069
0.56342474
0.55597525
0.59161301
0.58435499
0.57364073
0.56282628
0.5553847
0.59112405
0.58387202
0.57316662
0.56236111
0.55492568
0.59384959
0.58656413
0.57580937
0.56495404
0.55748433
0.59381306
0.58652805
0.57577395
0.56491929
0.55745004
0.59367231
0.58638902
0.57563747
0.56478538
0.5573179
0.59342786
0.58614757
0.57540044
0.56455282
0.55708841
0.59320136
0.58592385
0.57518083
0.56433735
0.55687579
0.55365505
0.546117
0.53499832
0.52378621
0.51607699
0.55362099
0.54608341
0.53496541
0.52375399
0.51604524
0.55348976
0.54595396
0.5348386
0.52362984
0.51592292
0.55326185
0.54572916
0.53461838
0.52341423
0.51571048
0.55305069
0.54552087
0.53441433
0.52321446
0.51551365
0.51212679
0.50435433
0.49289854
0.48135667
0.47342651
0.51209529
0.50432331
0.49286822
0.48132706
0.47339739
0.5119739
0.50420377
0.49275139
0.48121297
0.47328518
0.51176309
0.50399615
0.4925485
0.48101482
0.4730903
0.51156777
0.5038038
0.49236051
0.48083124
0.47290974
0.51145204
0.50368982
0.49224913
0.48072246
0.47280276
0.51119379
0.5034355
0.49200058
0.48047973
0.47256403
0.5107405
0.50298909
0.4915643
0.48005368
0.47214499
0.510198
0.50245482
0.49104217
0.47954377
0.47164349
0.50977633
0.50203955
0.49063633
0.47914743
0.47125368
0.55292558
0.54539746
0.53429343
0.52309609
0.51539703
0.55264639
0.54512208
0.53402366
0.52283197
0.5151368
0.55215634
0.5446387
0.53355012
0.52236836
0.51468001
0.55156985
0.54406019
0.53298339
0.52181351
0.51413332
0.55111398
0.54361053
0.53254288
0.52138223
0.5137084
0.55086405
0.54336401
0.53230138
0.52114579
0.51347543
0.55034041
0.54284749
0.53179538
0.52065039
0.51298733
0.54949272
0.54201134
0.53097625
0.51984843
0.51219717
0.54854905
0.54108052
0.53006438
0.51895568
0.51131756
0.54784957
0.54039057
0.52938848
0.51829394
0.51066556
0.54747544
0.54002152
0.52902695
0.51793999
0.51031682
0.54670859
0.53926512
0.52828595
0.51721451
0.50960202
0.5455053
0.53807821
0.52712321
0.51607614
0.50848041
0.54420673
0.53679733
0.5258684
0.51484763
0.50726998
0.54326534
0.53586875
0.52495872
0.51395702
0.50639248
0.50641071
0.49872501
0.48739708
0.47598404
0.4681424
0.50570138
0.49802645
0.48671439
0.47531734
0.46748668
0.50458835
0.49693031
0.48564316
0.47427118
0.46645776
0.50338719
0.49574738
0.48448709
0.4731422
0.46534738
0.50251641
0.49488981
0.48364901
0.47232373
0.4645424
0.50954515
0.50181188
0.49041383
0.47893015
0.47103997
0.50906078
0.50133486
0.48994765
0.47847488
0.47059221
0.50827667
0.50056265
0.48919299
0.47773789
0.46986736
0.50740379
0.49970302
0.48835288
0.47691745
0.46906044
0.50675678
0.49906583
0.48773016
0.47630932
0.46846232
0.46699884
0.45905097
0.44734497
0.43556083
0.42746983
0.46655492
0.45861461
0.44691973
0.43514679
0.42706348
0.46583629
0.4579082
0.44623134
0.43447654
0.42640568
0.46503629
0.45712182
0.44546501
0.4337304
0.4256734
0.46444331
0.45653893
0.44489699
0.43317733
0.42513061
0.46412613
0.45622716
0.44459316
0.43288151
0.42484028
0.46347604
0.45558813
0.44397042
0.43227518
0.42424521
0.46245595
0.4545854
0.44299326
0.43132376
0.42331147
0.46135508
0.45350327
0.44193873
0.43029701
0.42230379
0.46055701
0.45271878
0.44117425
0.42955266
0.42157327
0.42072352
0.41263028
0.40071823
0.38873618
0.38051472
0.42013421
0.41205232
0.40015695
0.38819168
0.37998174
0.41920952
0.41114541
0.39927622
0.38733729
0.37914542
0.4182116
0.41016669
0.39832576
0.38641525
0.37824288
0.41748816
0.40945717
0.39763671
0.38574681
0.37758857
0.42332758
0.41518425
0.40319847
0.39114226
0.38286991
0.42292517
0.41478959
0.40281519
0.39077044
0.38250596
0.42227374
0.41415069
0.40219474
0.39016854
0.38191679
0.42154856
0.41343945
0.40150404
0.38949849
0.38126092
0.42101103
0.41291227
0.40099207
0.38900183
0.38077476
0.42491181
0.41673801
0.40470736
0.39260604
0.38430274
0.42469726
0.41652759
0.40450302
0.3924078
0.38410869
0.42432067
0.41615824
0.40414433
0.39205984
0.38376809
0.42386997
0.41571621
0.40371506
0.3916434
0.38336046
0.42351965
0.41537262
0.4033814
0.39131972
0.38304362
0.4687465
0.46076889
0.44901908
0.43719084
0.42906956
0.46850982
0.46053624
0.44879236
0.43697009
0.42885291
0.46809438
0.46012787
0.4483944
0.43658262
0.42847263
0.46759718
0.45963913
0.44791812
0.43611889
0.42801752
0.46721072
0.45925924
0.44754793
0.43575844
0.42766377
0.46936491
0.46137677
0.44961146
0.43776761
0.42963562
0.46933604
0.46134839
0.4495838
0.43774069
0.42960919
0.46922479
0.46123904
0.44947723
0.43763693
0.42950736
0.46903158
0.46104912
0.44929216
0.43745673
0.4293305
0.46885257
0.46087315
0.44912068
0.43728976
0.42916664
0.42547239
0.4172878
0.40524128
0.39312399
0.38480974
0.42544622
0.41726213
0.40521636
0.39309981
0.38478607
0.42534537
0.41716323
0.40512031
0.39300663
0.38469486
0.42517023
0.41699146
0.4049535
0.39284481
0.38453646
0.42500796
0.41683231
0.40479894
0.39269487
0.38438969
0.38055491
0.37219358
0.35989488
0.34753333
0.33905685
0.3805315
0.37217069
0.35987275
0.34751196
0.339036
0.3804413
0.37208247
0.35978744
0.34742958
0.33895563
0.38028465
0.37192926
0.3596393
0.34728652
0.33881607
0.38013951
0.37178731
0.35950204
0.34715398
0.33868675
0.38005351
0.3717032
0.35942071
0.34707544
0.33861013
0.37986161
0.37151552
0.35923923
0.3469002
0.33843916
0.37952478
0.37118609
0.35892068
0.34659259
0.33813906
0.37912166
0.37079182
0.35853944
0.34622445
0.3377799
0.37880832
0.37048537
0.35824312
0.3459383
0.33750073
0.33427967
0.32577297
0.31326823
0.30070876
0.29210182
0.33411089
0.32560848
0.31311005
0.30055692
0.29195433
0.33381462
0.32531976
0.3128324
0.30029041
0.29169545
0.33346005
0.32497421
0.31250012
0.29997145
0.29138561
0.33318445
0.32470563
0.31224184
0.29972353
0.29114479
0.33472068
0.32620276
0.31368151
0.30110547
0.29248718
0.33470009
0.3261827
0.31366222
0.30108695
0.29246919
0.33462075
0.32610538
0.31358787
0.30101558
0.29239987
0.33448297
0.3259711
0.31345875
0.30089164
0.29227947
0.33435531
0.32584669
0.31333911
0.3007768
0.29216792
0.2880801
0.2794261
0.26671245
0.25395222
0.24521287
0.28806238
0.27940891
0.26669605
0.2539366
0.24519779
0.2879941
0.27934268
0.26663283
0.25387641
0.24513967
0.28787551
0.27922766
0.26652304
0.25377187
0.24503873
0.28776564
0.27912109
0.26642132
0.25367502
0.24494521
0.2407455
0.23197627
0.21910087
0.20618722
0.19734791
0.2407307
0.231962
0.21908739
0.20617454
0.19733577
0.24067363
0.23190702
0.21903546
0.20612566
0.19728899
0.24057453
0.23181153
0.21894527
0.20604079
0.19720776
0.24048272
0.23172305
0.21886171
0.20596215
0.19713249
0.24042831
0.23167063
0.21881219
0.20591556
0.1970879
0.24030692
0.23155366
0.21870171
0.20581159
0.19698838
0.24009383
0.23134833
0.21850778
0.20562909
0.19681371
0.23983881
0.2311026
0.21827569
0.20541067
0.19660466
0.23964058
0.2309116
0.21809529
0.20524091
0.19644216
0.28770054
0.27905794
0.26636105
0.25361763
0.2448898
0.28755528
0.27891704
0.26622656
0.25348957
0.24476615
0.28730029
0.27866972
0.26599049
0.25326479
0.24454911
0.28699513
0.27837372
0.26570796
0.25299578
0.24428935
0.28675793
0.27814365
0.26548835
0.25278668
0.24408745
0.28662789
0.27801751
0.26536796
0.25267205
0.24397676
0.28635543
0.27775324
0.2651157
0.25243186
0.24374484
0.28591436
0.27732542
0.26470735
0.25204304
0.2433694
0.28542335
0.27684916
0.26425276
0.2516102
0.24295145
0.2850594
0.27649614
0.2639158
0.25128937
0.24264166
0.23953191
0.23080688
0.21799638
0.20514783
0.19635308
0.23930421
0.23058748
0.21778916
0.20495282
0.19616643
0.23893561
0.23023231
0.2174537
0.20463713
0.19586428
0.23852528
0.22983692
0.21708026
0.20428571
0.19552792
0.23822113
0.22954385
0.21680346
0.20402522
0.19527859
0.23805844
0.22938709
0.2166554
0.20388588
0.19514523
0.237725
0.22906579
0.21635193
0.2036003
0.1948719
0.23720178
0.22856163
0.21587575
0.20315219
0.194443
0.23663713
0.22801754
0.21536187
0.2026686
0.19398013
0.23622778
0.22762311
0.21498933
0.20231801
0.19364458
0.28486472
0.27630732
0.26373557
0.25111776
0.24247595
0.28446572
0.2759203
0.26336616
0.25076602
0.24213632
0.28383962
0.27531301
0.2627865
0.2502141
0.24160339
0.28316395
0.27465763
0.26216095
0.24961847
0.24102826
0.28267412
0.27418252
0.26170745
0.24918667
0.24061132
0.33098473
0.32256188
0.31018039
0.29774472
0.28922262
0.33052112
0.32211007
0.30974592
0.29732767
0.28881751
0.32979366
0.32140113
0.30906419
0.29667327
0.28818183
0.3290086
0.32063604
0.30832847
0.29596705
0.28749583
0.32843947
0.32008139
0.30779511
0.29545507
0.2869985
0.33303335
0.32455838
0.31210025
0.29958761
0.29101276
0.33271678
0.32424985
0.31180357
0.29930282
0.29073612
0.3322043
0.32375042
0.3113233
0.29884181
0.29028831
0.33163379
0.32319443
0.31078866
0.2983286
0.28978979
0.33121092
0.32278231
0.31039236
0.29794819
0.28942027
0.37863653
0.37031735
0.35808066
0.34578142
0.33734767
0.37827661
0.36996534
0.35774027
0.34545272
0.33702699
0.37769395
0.36939548
0.35718925
0.34492063
0.33650787
0.37704532
0.36876111
0.35657584
0.34432829
0.33592998
0.37656454
0.36829089
0.35612116
0.34388922
0.33550162
0.37630738
0.36803938
0.35587795
0.34365438
0.33527251
0.37578029
0.36752387
0.35537948
0.34317302
0.3348029
0.37495322
0.36671497
0.35459731
0.34241772
0.33406601
0.37406065
0.36584202
0.3537532
0.3416026
0.33327078
0.37341359
0.36520917
0.35314126
0.34101168
0.33269427
0.37307167
0.36487476
0.35281791
0.34069944
0.33238964
0.37237869
0.36419701
0.35216255
0.34006659
0.33177223
0.37130919
0.36315101
0.35115111
0.33908989
0.33081935
0.37017484
0.36204158
0.35007834
0.33805397
0.3298087
0.36936304
0.36124762
0.34931062
0.33731262
0.32908543
0.32813873
0.31978831
0.30751328
0.29518454
0.28673571
0.32752921
0.3191943
0.30694207
0.29463623
0.2862031
0.32658853
0.31827755
0.30606051
0.29379001
0.28538111
0.32559079
0.31730521
0.3051255
0.29289248
0.28450926
0.32487678
0.31660936
0.30445636
0.29225017
0.28388534
0.32450222
0.31624434
0.30410534
0.29191323
0.28355804
0.32374826
0.31550956
0.30339877
0.29123499
0.28289921
0.32259661
0.31438722
0.30231951
0.29019899
0.28189287
0.32138861
0.31320997
0.30118744
0.28911231
0.28083729
0.32053143
0.3123746
0.30038414
0.28834121
0.28008826
0.36893719
0.36083113
0.34890789
0.33692372
0.32870602
0.36807999
0.35999276
0.34809723
0.3361409
0.32794229
0.36677064
0.35871218
0.34685896
0.33494517
0.32677572
0.36539723
0.35736895
0.34556011
0.33369093
0.32555208
0.36442267
0.3564158
0.34463846
0.33280093
0.32468379
0.36391392
0.35591822
0.34415732
0.33233632
0.32423051
0.36289456
0.35492126
0.3431933
0.33140542
0.32332231
0.36134851
0.35340918
0.34173119
0.32999353
0.32194486
0.35973936
0.35183538
0.3402094
0.328524
0.32051117
0.35860437
0.35072533
0.33913603
0.3274875
0.31949995
0.35801393
0.35014787
0.33857765
0.3269483
0.3189739
0.35683487
0.34899471
0.3374626
0.32587155
0.31792341
0.35505586
0.34725478
0.33578017
0.32424691
0.3163384
0.35321483
0.34545421
0.33403909
0.32256563
0.31469813
0.35192216
0.34418994
0.33281659
0.32138513
0.31354641
0.31489457
0.30688118
0.29510158
0.28327044
0.27516263
0.31385751
0.30587051
0.29412971
0.28233754
0.27425642
0.31229276
0.30434559
0.29266332
0.28092993
0.27288911
0.31067347
0.3027675
0.29114581
0.27947326
0.27147413
0.30953649
0.30165945
0.29008029
0.27845046
0.27048061
0.32008395
0.3119385
0.29996478
0.28793867
0.27969724
0.31918736
0.31106473
0.29912455
0.28713213
0.27891378
0.31782752
0.3097395
0.29785019
0.28590885
0.27772552
0.31641217
0.30836017
0.2965238
0.28463564
0.27648875
0.31541389
0.30738729
0.29558826
0.28373761
0.27561643
0.27548287
0.2672073
0.25504959
0.24284734
0.23449014
0.27471122
0.26645882
0.25433517
0.2421671
0.23383331
0.27354086
0.26532362
0.25325162
0.24113539
0.23283711
0.27232273
0.26414208
0.25212384
0.24006156
0.23180024
0.27146355
0.26330871
0.25132839
0.23930416
0.2310689
0.27101659
0.26287518
0.25091458
0.23891015
0.23068845
0.27012404
0.26200944
0.25008823
0.23812334
0.22992871
0.26877732
0.26070318
0.24884141
0.23693616
0.2287824
0.26738366
0.25935139
0.24755112
0.23570761
0.22759612
0.26640511
0.25840223
0.24664514
0.23484498
0.22676317
0.22648569
0.21823589
0.20612314
0.1939744
0.18565865
0.2257398
0.21751716
0.20544431
0.19333558
0.18504722
0.22461436
0.21643272
0.20442006
0.1923717
0.18412466
0.2234497
0.21531048
0.20336011
0.19137422
0.18316994
0.22263193
0.2145225
0.20261586
0.19067384
0.18249959
0.23021812
0.22183236
0.20951999
0.19717104
0.18871826
0.22957326
0.22121098
0.2089331
0.19661874
0.18818964
0.2285952
0.22026856
0.20804298
0.19578109
0.18738789
0.22757722
0.21928766
0.20711653
0.19490924
0.18655342
0.22685921
0.2185958
0.20646307
0.1942943
0.18596484
0.23339594
0.22489442
0.21241209
0.19989268
0.19132322
0.23285365
0.22437189
0.21191856
0.19942824
0.19087869
0.23202534
0.22357374
0.21116472
0.19871883
0.19019969
0.2311565
0.22273655
0.21037399
0.19797471
0.18948747
0.23053997
0.22214248
0.2098129
0.19744668
0.18898209
0.2792855
0.27089569
0.25857016
0.24619948
0.23772693
0.27863659
0.27026628
0.25796939
0.24562745
0.23717458
0.27764541
0.26930488
0.25705173
0.24475369
0.2363309
0.27660574
0.26829644
0.25608918
0.24383719
0.23544593
0.275868
0.26758085
0.25540615
0.24318684
0.23481796
0.28241529
0.27393146
0.26146782
0.2489585
0.240391
0.28189071
0.27342264
0.26098214
0.24849606
0.23994448
0.2810811
0.27263735
0.26023258
0.24778236
0.23925534
0.28022239
0.27180444
0.25943757
0.24702538
0.23852441
0.27960786
0.27120837
0.25886862
0.24648366
0.23800133
0.23601148
0.22741468
0.21479247
0.20213276
0.19346727
0.23557309
0.22699226
0.21439349
0.2017573
0.1931079
0.2348965
0.22634032
0.21377774
0.20117784
0.19255328
0.23417889
0.22564885
0.21312465
0.20056324
0.19196503
0.23366534
0.225154
0.21265727
0.20012341
0.19154405
0.1890392
0.18035019
0.16759983
0.15482022
0.14607759
0.18868807
0.18001519
0.16728852
0.15453264
0.14580625
0.18814614
0.17949817
0.16680805
0.15408881
0.14538749
0.18757135
0.1789498
0.16629846
0.15361807
0.14494333
0.18716001
0.17855737
0.16593377
0.15328119
0.14462547
0.14161165
0.13285132
0.1200035
0.1071347
0.098335953
0.14134861
0.13260455
0.11978059
0.1069357
0.098153295
0.14094265
0.1322237
0.11943657
0.10662857
0.097871392
0.14051207
0.13181976
0.11907169
0.10630282
0.097572395
0.14020393
0.13153068
0.11881057
0.1060697
0.09735842
0.14004228
0.13137903
0.11867359
0.10594741
0.097246173
0.1397169
0.13107378
0.11839786
0.10570125
0.097020228
0.1392199
0.13060753
0.11797669
0.10532525
0.096675105
0.13869858
0.13011845
0.11753492
0.10493085
0.096313096
0.13832866
0.12977141
0.11722144
0.10465098
0.096056217
0.18694423
0.17835151
0.16574246
0.15310447
0.14445873
0.18650988
0.17793712
0.16535737
0.15274875
0.14412309
0.18584642
0.17730415
0.16476915
0.15220538
0.14361041
0.1851505
0.17664022
0.16415216
0.15163544
0.14307265
0.18465668
0.1761691
0.16371435
0.15123101
0.14269106
0.18439889
0.17592316
0.16348579
0.15101988
0.14249186
0.18388237
0.17543038
0.16302785
0.15059687
0.14209273
0.18309898
0.174683
0.16233331
0.14995528
0.14148737
0.1822836
0.1739051
0.16161041
0.1492875
0.1408573
0.18170849
0.17335643
0.16110053
0.1488165
0.1404129
0.18140931
0.173071
0.16083528
0.14857148
0.14018171
0.18081187
0.17250102
0.1603056
0.14808219
0.13972005
0.17991043
0.17164101
0.15950639
0.14734392
0.13902347
0.17897757
0.17075103
0.15867933
0.14657992
0.13830261
0.17832256
0.17012613
0.15809861
0.14604348
0.13779647
0.13589602
0.12748926
0.11515999
0.1028106
0.094366977
0.13544847
0.1270694
0.11478073
0.10247201
0.094056196
0.13477319
0.12643589
0.11420849
0.10196113
0.093587277
0.13407437
0.1257803
0.1136163
0.10143245
0.093102012
0.1335837
0.12531998
0.1132005
0.10106123
0.092761285
0.13813554
0.12959024
0.11705779
0.10450489
0.095922117
0.13774861
0.12922725
0.1167299
0.10421216
0.095653431
0.13716176
0.1286767
0.1162326
0.10376818
0.095245918
0.13655096
0.12810368
0.11571499
0.10330608
0.09482177
0.13612014
0.12769952
0.11534991
0.10298015
0.094522607
0.091539329
0.08294502
0.070347648
0.057737985
0.049121168
0.091282919
0.082712683
0.070150597
0.057576255
0.048983574
0.090894026
0.082360302
0.069851734
0.057330962
0.048774888
0.090489258
0.081993535
0.069540671
0.057075656
0.048557683
0.090203763
0.081734844
0.069321269
0.056895581
0.048404482
0.090055245
0.081600269
0.069207133
0.056801903
0.048324785
0.089758663
0.081331532
0.06897921
0.056614835
0.048165635
0.08931117
0.080926052
0.068635311
0.056332579
0.047925504
0.088848078
0.080506437
0.068279424
0.056040485
0.047677003
0.088522918
0.080211805
0.068029539
0.055835392
0.047502518
0.043997416
0.035514638
0.023087566
0.010656454
0.0021662925
0.043852517
0.035397677
0.023011531
0.010621359
0.0021591583
0.043633888
0.035221201
0.022896808
0.010568406
0.0021483938
0.043407639
0.035038573
0.022778085
0.010513608
0.0021372539
0.043248778
0.034910342
0.022694725
0.010475131
0.002129432
0.044722482
0.03609991
0.023468043
0.010832069
0.0022019926
0.04459721
0.035998791
0.023402306
0.010801728
0.0021958247
0.044407212
0.035845425
0.023302606
0.010755709
0.0021864696
0.044209458
0.035685798
0.023198835
0.010707812
0.0021767327
0.044069976
0.035573209
0.023125642
0.010674028
0.0021698651
0.045339809
0.036598215
0.023791983
0.010981587
0.0022323866
0.045234465
0.036513182
0.023736703
0.010956072
0.0022271998
0.045073555
0.036383295
0.023652266
0.0109171
0.0022192775
0.044904772
0.036247054
0.023563698
0.010876221
0.0022109676
0.044785005
0.036150379
0.023500851
0.010847212
0.0022050708
0.092802887
0.084089948
0.07131869
0.058534972
0.049799212
0.092587266
0.083894571
0.071152986
0.05839897
0.049683507
0.092257912
0.083596138
0.070899877
0.05819123
0.04950677
0.091912444
0.083283105
0.070634386
0.057973327
0.049321387
0.091667302
0.083060978
0.070445995
0.057818704
0.04918984
0.093842874
0.085032294
0.072117918
0.059190941
0.050357285
0.093668561
0.084874348
0.071983959
0.059080994
0.050263746
0.093399539
0.084630583
0.071777216
0.058911309
0.050119385
0.093114204
0.084372037
0.071557936
0.058731334
0.049966269
0.092910005
0.08418701
0.07140101
0.058602537
0.049856693
0.045847906
0.03700835
0.024058605
0.011104652
0.0022574039
0.045762743
0.036939607
0.024013916
0.011084025
0.0022532109
0.04563131
0.036833514
0.023944947
0.01105219
0.0022467393
0.045491906
0.036720988
0.023871795
0.011018426
0.0022398753
0.045392143
0.036640459
0.023819445
0.010994263
0.0022349634
0.046245552
0.037329327
0.024267267
0.011200963
0.0022769825
0.046180776
0.037277041
0.024233277
0.011185274
0.0022737932
0.046079135
0.037194996
0.024179941
0.011160656
0.0022687888
0.045969445
0.037106455
0.024122382
0.011134089
0.0022633879
0.045889925
0.037042267
0.024080654
0.011114829
0.0022594726
0.046531789
0.037560376
0.024417469
0.011270291
0.0022910759
0.046487556
0.037524672
0.024394258
0.011259578
0.0022888981
0.046415952
0.037466873
0.024356684
0.011242235
0.0022853723
0.04633624
0.03740253
0.024314856
0.011222928
0.0022814476
0.046277155
0.037354837
0.024283851
0.011208617
0.0022785386
0.095242663
0.086300662
0.073193651
0.060073854
0.051108432
0.095152127
0.086218626
0.073124074
0.060016749
0.051059849
0.095005566
0.086085825
0.073011442
0.059924306
0.050981203
0.094842411
0.085937987
0.072886058
0.059821396
0.050893652
0.094721476
0.085828405
0.072793119
0.059745116
0.050828756
0.094656789
0.085769791
0.072743407
0.059704315
0.050794044
0.094524205
0.085649655
0.072641517
0.059620688
0.050722897
0.094316161
0.085461145
0.072481637
0.059489465
0.050611258
0.094091644
0.085257708
0.072309097
0.059347852
0.050490779
0.09392888
0.085110226
0.072184013
0.059245189
0.050403437
0.14283987
0.13400355
0.1210443
0.1080639
0.099188834
0.14263979
0.13381586
0.12087476
0.10791253
0.099049902
0.14232585
0.13352134
0.12060872
0.10767502
0.098831899
0.14198705
0.13320349
0.12032161
0.10741871
0.098596633
0.14174144
0.13297307
0.12011348
0.10723289
0.098426077
0.19067877
0.18191439
0.16905345
0.15616299
0.14734454
0.19041169
0.18165958
0.16881666
0.15594426
0.14713816
0.1899926
0.18125976
0.1684451
0.15560103
0.14681431
0.18954033
0.18082828
0.16804412
0.15523063
0.14646483
0.18921246
0.18051547
0.16775343
0.15496211
0.14621147
0.19185897
0.18304034
0.1700998
0.15712956
0.14825652
0.19167659
0.18286635
0.1699381
0.15698019
0.14811559
0.19138135
0.18258468
0.16967635
0.1567384
0.14788745
0.19105269
0.18227112
0.16938496
0.15646923
0.14763348
0.19080907
0.1820387
0.16916897
0.15626971
0.14744523
0.14372397
0.13483296
0.1217935
0.10873275
0.099802761
0.14358735
0.13470479
0.12167773
0.10862939
0.09970789
0.14336618
0.13449731
0.12149031
0.10846207
0.099554311
0.14311998
0.13426633
0.12128167
0.10827581
0.099383344
0.14293748
0.13409513
0.12112702
0.10813774
0.099256618
0.14426183
0.13533755
0.12224929
0.10913967
0.10017625
0.14418898
0.13526921
0.12218756
0.10908456
0.10012567
0.14406113
0.13514927
0.12207922
0.10898783
0.10003689
0.14390811
0.13500572
0.12194955
0.10887207
0.099930632
0.14378917
0.13489414
0.12184876
0.10878209
0.099848041
0.19257696
0.18372534
0.17073636
0.15771758
0.14881134
0.19247973
0.18363257
0.17065015
0.15763795
0.1487362
0.19230905
0.18346974
0.17049883
0.15749817
0.14860431
0.19210479
0.18327486
0.17031773
0.15733088
0.14844647
0.19194601
0.18312339
0.17017697
0.15720084
0.14832378
0.19283103
0.18396772
0.17096161
0.15792565
0.14900766
0.19281916
0.1839564
0.17095109
0.15791594
0.1489985
0.19277346
0.1839128
0.17091057
0.15787851
0.14896318
0.19269408
0.18383707
0.1708402
0.1578135
0.14890184
0.19262054
0.18376691
0.170775
0.15775327
0.14884501
0.14445215
0.1355161
0.12241057
0.10928365
0.10030841
0.14444326
0.13550776
0.12240304
0.10927693
0.10030224
0.14440902
0.13547564
0.12237402
0.10925103
0.10027847
0.14434956
0.13541986
0.12232364
0.10920604
0.10023718
0.14429447
0.13536817
0.12227695
0.10916436
0.10019892
0.095725212
0.086737907
0.073564488
0.06037822
0.051367375
0.095719324
0.086732572
0.073559963
0.060374506
0.051364216
0.095696635
0.086712013
0.073542527
0.060360195
0.051352041
0.095657232
0.086676308
0.073512245
0.060335342
0.051330897
0.095620723
0.086643227
0.073484188
0.060312314
0.051311306
0.095599091
0.086623626
0.073467565
0.06029867
0.051299698
0.095550821
0.086579888
0.073430469
0.060268224
0.051273795
0.095466093
0.086503115
0.073365356
0.060214782
0.051228329
0.095364691
0.086411234
0.073287429
0.060150823
0.051173914
0.095285874
0.086339816
0.073226859
0.060101109
0.051131619
0.046705927
0.037700939
0.024508846
0.011312466
0.0022996497
0.046682344
0.037681903
0.024496471
0.011306754
0.0022984884
0.046640949
0.03764849
0.02447475
0.011296729
0.0022964505
0.046591407
0.0376085
0.024448754
0.011284731
0.0022940113
0.0465529
0.037577417
0.024428547
0.011275404
0.0022921153
0.046767547
0.037750677
0.024541179
0.01132739
0.0023026836
0.04676467
0.037748355
0.02453967
0.011326693
0.0023025421
0.046753585
0.037739408
0.024533853
0.011324008
0.002301996
0.046734333
0.037723868
0.024523752
0.011319347
0.0023010482
0.046716496
0.03770947
0.024514392
0.011315026
0.0023001702
