FiniteElementSpace
FiniteElementCollection: L2_2D_P4
VDim: 1
Ordering: 0

8.436862206330149e-05
0.0004149384189990434
0.0008982400997247942
0.00137919696783411
0.0017053876535266
0.0004148678946921342
0.002041265773553092
0.00441831078469733
0.006783688542092654
0.008388689757140059
0.0008984295403908877
0.004418443887346645
0.009563236015823763
0.01468284040056369
0.01815643707405949
0.001379091277840481
0.006783007369157646
0.01468266067595554
0.02254165056064168
0.02787238323469412
0.001705210514487663
0.008387714492250413
0.01815614916422181
0.02787240827480989
0.03446233582386014
0.001871079119344984
0.002194027558074089
0.002661663817354739
0.00312207907031506
0.003431457669027092
0.009203736564803779
0.01079178519482162
0.01309110274492649
0.01535347630724879
0.01687395616737079
0.01991996238004395
0.02335500413771198
0.02832849020217509
0.03322303959586709
0.03651307874423114
0.03057850151376932
0.03585039930052551
0.04348515980725347
0.05099927048001072
0.0560497725966027
0.03780801363153798
0.04432709638208022
0.0537685159199067
0.06305951642089232
0.06930367006573034
0.04147877693144449
0.04863178670920164
0.0589903620607091
0.06918275751822894
0.07603249583189664
0.04863160999806721
0.05701872696477962
0.06916231266082991
0.08111029671296097
0.08914022764351603
0.05898997290839958
0.06916221277649705
0.08388922606417212
0.09837994729198421
0.1081195718262238
0.06918236079384459
0.08111049143977296
0.09838018947211775
0.1153739125461502
0.1267958128008648
0.07603245795141501
0.08914081017647531
0.1081198904930251
0.1267958114275883
0.1393476208056448
0.00187095719855709
0.009202970858661376
0.01991966250361063
0.03057844428090235
0.03780792206831912
0.002193799346837705
0.01079105674868524
0.02335472738771975
0.03585037028776149
0.04432692489172858
0.002661331471756406
0.01309035052913902
0.02832825455693372
0.04348493334924305
0.05376804706087312
0.003121452518168963
0.01535284568741882
0.03322248158815733
0.05099840534678343
0.06305871426765487
0.003430755889604191
0.01687339280341856
0.03651212061236642
0.0560485834374362
0.06930298298308124
0.003586911338767326
0.01764084277336368
0.03817277794712065
0.05859795476677249
0.07245503971124657
0.003889306573876905
0.01912718772468142
0.04138925565850525
0.06353539948898394
0.07855931629742215
0.004322817176130761
0.02125832393337011
0.04600102485621717
0.07061401378103352
0.08731060734033297
0.004744234837022862
0.02333013724940227
0.05048402067728744
0.07749480338057767
0.09581745020639686
0.005024436134107033
0.02470778854101251
0.05346501396070034
0.0820701850053253
0.1014740162867453
0.005164901595643964
0.02539846232232089
0.05495965311629335
0.08436411849077473
0.1043099590637224
0.005434960472639768
0.02672678615378993
0.05783396884645976
0.08877555578605069
0.1097637731838738
0.005817568806330761
0.02860869707794502
0.06190589837018452
0.09502511767360086
0.1174898279253992
0.006184043322383728
0.03041062379371338
0.06580487295228345
0.1010090146106486
0.1248871915068904
0.006424410421331859
0.03159256748926278
0.06836242372464207
0.1049340152876237
0.1297392561857064
0.1144356928750783
0.1341621403364626
0.162720062337451
0.1908031421827636
0.2096601828169013
0.1204186020476568
0.1411759391002112
0.1712231296411069
0.2007640458035643
0.2205968087401307
0.1288943120159254
0.1511115593567551
0.1832653024194701
0.2148675838106078
0.2360803605989325
0.1370095304051134
0.1606235129518368
0.1947905339001295
0.2283626133372107
0.2508943343200014
0.1423324060397521
0.1668617555945291
0.2023472967113159
0.2372094024808873
0.2606052316618799
0.0794902935410796
0.09319441937984094
0.11303640389992
0.1325611586326807
0.1456829149573266
0.08618665305033775
0.1010447224186208
0.1225578537765252
0.1437259820469599
0.157951012146311
0.09578700354636779
0.11229964404341
0.1362082219302631
0.1597306376176589
0.1755348423434337
0.1051192629676889
0.1232402253228729
0.1494763598117168
0.1752838315157401
0.1926184187769306
0.1113246291936695
0.1305149728206531
0.1582978322838937
0.1856218016585642
0.2039709865531867
0.1523057639117507
0.1651304461359761
0.1835099486342508
0.2013637229796627
0.2132270605509959
0.1651303406845216
0.1790306398367476
0.1989468776181361
0.2182893132323393
0.2311404832438985
0.1835097752480781
0.1989468020688201
0.2210590814659791
0.2425304666628673
0.2567948247540028
0.2013635799311917
0.2182892064173393
0.2425304310322343
0.2660668929521421
0.2817027022052207
0.2132269034971503
0.2311403755059871
0.2567948915419773
0.2817028318562511
0.2982497380227985
0.2191720034628416
0.2375803408421593
0.2639427753740534
0.2895379396372456
0.3065414072512486
0.2306003175644609
0.2499592056624713
0.2776823032532548
0.3045985445006656
0.3224788405034505
0.2467791988185745
0.2674830826996619
0.2971325665292416
0.3259173203549872
0.3450355597638392
0.2622578712158248
0.2842487552306701
0.3157407453638043
0.3463088532335525
0.3666070745566344
0.2724045457175736
0.2952393585868186
0.3279378620093909
0.359671882442478
0.3807418320738318
0.3150617265904936
0.3314377437606356
0.3546132235325185
0.3767752440673886
0.3912966624360079
0.3314377488133883
0.3486546938457288
0.3730170896740312
0.396312365599743
0.4115762486166578
0.3546130493421366
0.3730169117458319
0.3990565884786337
0.4239550158675746
0.440269674991832
0.3767746021689455
0.3963120163556242
0.423954902149635
0.450386825108436
0.4677074070575168
0.3912959274594172
0.4115759409986753
0.4402693541716416
0.4677071886791871
0.4856878084724134
0.2191722100661619
0.2306004710430171
0.2467790535321814
0.2622574494302418
0.2724039969612197
0.2375803989665771
0.2499590485647382
0.2674826409685376
0.2842481273481214
0.2952386162906023
0.2639425591511453
0.2776819089493806
0.2971320966473126
0.3157402387724845
0.3279374381127423
0.2895377260483202
0.3045983001780749
0.3259171250847537
0.346308992299013
0.3596724984280016
0.306541370558994
0.3224787811158767
0.3450356155532383
0.3666077076687164
0.3807428606712676
0.1144355450327181
0.1204184663445196
0.1288942209374376
0.1370095882254898
0.1423326188374673
0.1341624085583976
0.1411762571134081
0.1511120356910375
0.1606242800659102
0.1668627532097258
0.1627205948045654
0.171223777595055
0.1832661769736719
0.19479156863456
0.2023483449802466
0.1908034906885566
0.2007645362331913
0.2148681618388319
0.2283629916207009
0.2372095353764996
0.2096603880083348
0.2205970802191489
0.2360804638088154
0.2508940943237947
0.260604783509068
0.07948999252358979
0.08618598095384254
0.09578629537614057
0.1051188542738149
0.1113244369354287
0.09319369478690459
0.1010440582430435
0.1122993337060695
0.1232402854886281
0.1305152004804037
0.1130361607444406
0.1225577927526368
0.1362084247740886
0.149476768174707
0.1582983324022887
0.1325612182426288
0.1437261414422803
0.1597309503947802
0.1752841831303786
0.1856221257504301
0.1456829395941811
0.1579511369403608
0.1755350750301889
0.1926186130113221
0.2039711447140573
0.003587528935154061
0.003889733795638896
0.004322980469678594
0.004744277490515956
0.005024446660184735
0.01764146501796826
0.0191278225611337
0.02125900422814044
0.0233309823866344
0.02470879207499868
0.03817388799654451
0.04139055205925096
0.04600247160546059
0.05048554937785033
0.05346647775311807
0.058599124486558
0.06353634258148302
0.07061450504219911
0.0774949755121611
0.08207014111555694
0.07245544473088997
0.07855917098997653
0.0873100000352402
0.0958168111740044
0.1014734491280384
0.005164914033667672
0.005435025693770077
0.005817588382406961
0.006184013760551603
0.006424411094181193
0.02539952491457766
0.02672787609181065
0.028609702769449
0.03041149182638152
0.03159330026282405
0.05496097303791518
0.05783496257032303
0.06190647499770834
0.0658050206270132
0.06836226220956969
0.0843639318540359
0.08877520425584721
0.09502460344348782
0.1010083205729297
0.1049332068198565
0.1043094115280455
0.109763242236122
0.1174893542865297
0.1248868084042386
0.1297389501396028
