FiniteElementSpace
FiniteElementCollection: L2_2D_P1
VDim: 1
Ordering: 0

-1.291394682900726e+42
-1.152294663884161e+42
-1.152294663884121e+42
-1.030777949181178e+42
-1.053178253127302e+42
-9.435955302754697e+41
-9.206772092508083e+41
-8.267865450738228e+41
-8.647277191813027e+41
-7.587599357957379e+41
-7.587599357957532e+41
-6.671792426614722e+41
-1.053178253127371e+42
-9.206772092508103e+41
-9.435955302754709e+41
-8.267865450737933e+41
-8.276788870094746e+41
-7.044492248052799e+41
-7.442752474347812e+41
-6.347099207817741e+41
-6.192778077056916e+41
-5.073679094050439e+41
-5.585444477247168e+41
-4.582716506435947e+41
-5.140107787197704e+41
-4.220569851331202e+41
-4.53659828308971e+41
-3.729282177302742e+41
-6.83670664635468e+41
-5.837128930186942e+41
-6.01863583235138e+41
-5.147636693927066e+41
-5.43351300927847e+41
-4.651330074100167e+41
-4.651330074100297e+41
-3.987012677676756e+41
-4.10106542183449e+41
-3.372541225641552e+41
-3.51679874952574e+41
-2.893678325649941e+41
-3.102260026014955e+41
-2.55183036980773e+41
-2.551830369808557e+41
-2.097875654988759e+41
-4.101065421834928e+41
-3.516798749526174e+41
-3.372541225643193e+41
-2.893678325651439e+41
-5.140107787197958e+41
-4.536598283089903e+41
-4.220569851332082e+41
-3.729282177304284e+41
-6.836706646354985e+41
-6.018635832351455e+41
-5.837128930187295e+41
-5.1476366939272e+41
-8.276788870095423e+41
-7.442752474348315e+41
-7.044492248053485e+41
-6.347099207818188e+41
-6.192778077057395e+41
-5.585444477247397e+41
-5.073679094050796e+41
-4.582716506436543e+41
-4.314088916697747e+41
-3.898688301405678e+41
-3.325062992841698e+41
-3.006530512004477e+41
-3.591443540611362e+41
-3.173951158387323e+41
-2.769610378465191e+41
-2.447723118899263e+41
-2.223005655492518e+41
-1.962632705304121e+41
-1.518608012819322e+41
-1.336738661663053e+41
-2.671297665350778e+41
-2.414465632236663e+41
-1.830539056964783e+41
-1.652560398101772e+41
-1.30317604399952e+41
-1.172111277601345e+41
-6.301016468714062e+40
-5.579988182691243e+40
-2.859685643296237e+40
-2.53358203352485e+40
1.120755276370215e+40
1.217145525518954e+40
-2.258986643941569e+40
-1.922169862257626e+40
1.282880185021703e+40
1.388183337684398e+40
-1.072559183056561e+41
-9.377251563666942e+40
-5.030000516826226e+40
-4.329023530820058e+40
-8.381561633637209e+40
-7.047187545453853e+40
-3.790544054812535e+40
-3.129083204861881e+40
-1.62874418291422e+40
-1.280571090235433e+40
1.456255774403806e+40
1.566319601005509e+40
-9.704306450000956e+39
-6.074286760616624e+39
1.633928815522539e+40
1.742010586686883e+40
-6.093742963051686e+40
-4.831624767120291e+40
-2.617428554000225e+40
-2.001709616427701e+40
-1.328178775811345e+41
-1.081007014665654e+41
-8.894223759874771e+40
-7.154643929886702e+40
-1.771431596720274e+41
-1.514184190584575e+41
-1.202062183192372e+41
-1.020801916124278e+41
-2.87009299681621e+41
-2.46150341698047e+41
-2.211957820907986e+41
-1.895264326664641e+41
-2.16928652247205e+41
-1.780438475377153e+41
-1.66709011908123e+41
-1.363795312898953e+41
-1.50798548800221e+41
-1.149885319206181e+41
-1.149885319206731e+41
-8.693464858830426e+40
-9.064271277460344e+40
-5.927357857563547e+40
-6.782995063460303e+40
-4.345577298592247e+40
-5.239905486744194e+40
-3.270413190769102e+40
-3.270413190768123e+40
-1.923676730267431e+40
-9.064271277472948e+40
-6.782995063466348e+40
-5.927357857580199e+40
-4.345577298595989e+40
-3.958477763308014e+40
-2.820000552379338e+40
-1.525892566120661e+40
-9.461325410645204e+39
-2.85071761795809e+39
9.578147206061952e+38
1.805257730127519e+40
1.901787684206475e+40
4.205734821787736e+39
8.168197078521426e+39
1.955368732509838e+40
2.02770307262122e+40
-2.052378564668998e+40
-1.061288104736776e+40
-5.056877080322448e+39
6.191052561984208e+38
-4.005742132693139e+39
4.83180174329936e+39
4.831801743392546e+39
1.07560951364493e+40
1.126645906474623e+40
1.519661286902067e+40
2.062625153281025e+40
2.091718264639351e+40
1.777270552891611e+40
2.072184006085196e+40
2.072184006094133e+40
1.986057879259487e+40
1.126645906461338e+40
2.062625153261786e+40
1.519661286896369e+40
2.09171826462569e+40
4.205734821493387e+39
1.955368732482617e+40
8.168197078326293e+39
2.027703072598484e+40
-2.052378564681445e+40
-5.056877080620096e+39
-1.061288104746978e+40
6.1910525600531e+38
-3.958477763306882e+40
-1.525892566153536e+40
-2.820000552390294e+40
-9.461325410981863e+39
-2.850717618409106e+39
1.805257730091142e+40
9.578147202426711e+38
1.901787684175719e+40
-9.704306450584156e+39
1.633928815473483e+40
-6.074286761138321e+39
1.742010586645752e+40
-1.628744182971496e+40
1.456255774340313e+40
-1.280571090298771e+40
1.566319600951134e+40
-8.381561633585972e+40
-3.790544054789993e+40
-7.047187545407462e+40
-3.129083204865466e+40
-6.093742963020359e+40
-2.617428554016233e+40
-4.831624767106668e+40
-2.001709616456421e+40
-1.328178775809847e+41
-8.894223759843145e+40
-1.081007014664095e+41
-7.154643929861573e+40
-2.169286522470917e+41
-1.667090119080259e+41
-1.780438475376983e+41
-1.363795312898238e+41
-2.870092996813489e+41
-2.211957820904928e+41
-2.461503416978437e+41
-1.895264326663001e+41
-1.771431596718382e+41
-1.202062183189955e+41
-1.514184190583409e+41
-1.020801916121078e+41
-2.223005655488934e+41
-1.518608012817407e+41
-1.962632705301896e+41
-1.336738661660679e+41
-3.591443540608577e+41
-2.769610378460218e+41
-3.173951158384194e+41
-2.447723118895475e+41
-4.314088916696545e+41
-3.325062992836559e+41
-3.898688301403451e+41
-3.006530511999291e+41
-2.671297665345249e+41
-1.830539056962194e+41
-2.414465632232276e+41
-1.652560398099516e+41
-1.303176043995906e+41
-6.301016468640177e+40
-1.1721112775968e+41
-5.579988182627294e+40
-1.072559183051677e+41
-5.030000516768437e+40
-9.37725156361085e+40
-4.329023530784083e+40
-2.258986643975252e+40
1.282880184944482e+40
-1.922169862311026e+40
1.388183337615141e+40
-2.859685643297471e+40
1.120755276286968e+40
-2.533582033547187e+40
1.217145525438743e+40
