FiniteElementSpace
FiniteElementCollection: L2_2D_P3
VDim: 1
Ordering: 0

0.0006402742696093156
0.003047123742863915
0.00613526386124439
0.00843095894169176
0.003047123742862331
0.01445543783786463
0.02908769777310852
0.03996295609567745
0.006135263861235936
0.02908769777309255
0.05852200351855769
0.08039545197174208
0.008430958941676128
0.03996295609564174
0.08039545197171805
0.1104378492478006
0.0096198751698725
0.04559476340759778
0.09172162445800378
0.1259924190431167
0.01177045281404848
0.05578108987030517
0.1122049859481652
0.1541186235329537
0.01438765135901721
0.06817648958225542
0.1371252628055724
0.1883279979260702
0.01622266334256847
0.07686669435709416
0.1545921654098499
0.2122986462473573
0.1437352901207926
0.1758144373017352
0.2148230754970127
0.2421505498736554
0.175814437301716
0.2150287871734556
0.2626969234469674
0.2960833910333705
0.2148230754970031
0.2626969234469838
0.3208798694030391
0.3616317426978938
0.2421505498736725
0.2960833910334099
0.3616317426979055
0.4075473481964685
0.009619875169892092
0.01177045281407558
0.01438765135905392
0.01622266334261195
0.04559476340764596
0.05578108987037751
0.06817648958235809
0.07686669435721817
0.09172162445804206
0.1122049859482286
0.1371252628056603
0.1545921654099451
0.1259924190431324
0.154118623532991
0.1883279979261105
0.2122986462473798
0.01713239141546143
0.01869950740700875
0.02044789896254792
0.02154332449208177
0.0811747593736262
0.08859552015845587
0.09687404332756208
0.1020604034427867
0.1632495812494904
0.1781595796109626
0.1947888096482377
0.2052043938124591
0.2241770586475148
0.2446305038363782
0.2674367405208331
0.2817182994601007
0.02203560466137211
0.0227811591697199
0.02339507983945916
0.02358442751701179
0.1043910110715834
0.107920554847736
0.1108267389795726
0.1117229963961993
0.2098842384862953
0.2169709086441192
0.2228053916448822
0.2246046336712676
0.2881344963857437
0.2978498082425836
0.3058476492426161
0.3083137278607002
0.3285851286173589
0.339658515600413
0.348775064514574
0.3515864919397071
0.4016941265723559
0.4152277330291285
0.4263699106506018
0.4298058113554705
0.4905708044323489
0.5070897266442576
0.5206879380304714
0.5248809534552517
0.5527972403744895
0.5713944358611733
0.5867015302168365
0.5914206414996465
0.2556903994934445
0.2790029062149819
0.3049954614585739
0.3212722751245209
0.3126243897166247
0.3411060460181664
0.3728658441301614
0.3927567532621859
0.3818250969777304
0.4165988192315306
0.4553765565017957
0.4796609185628066
0.4303020330371162
0.4694827515820993
0.5131653134105331
0.5405136235817176
0.4543261881776208
0.4956850544877213
0.5417847456486631
0.5706420053380613
0.4956850544876849
0.54078156597037
0.5910465760303663
0.6225234373612736
0.5417847456485431
0.5910465760302795
0.6459912626097896
0.6804300086058744
0.5706420053378658
0.6225234373611288
0.680430008605855
0.7167387895659671
0.5836034243610614
0.6032304943406303
0.6193904243678645
0.6243748721621389
0.6366701958213684
0.6581012954536104
0.6757551362831498
0.6812011413278557
0.6959179702468629
0.7193762968964328
0.738694839579828
0.7446535049735019
0.7330616624569581
0.7577700451638768
0.7781100750158454
0.7843796764585484
0.7497439097110835
0.774997734597568
0.7958176041710547
0.8022573310102268
0.7749977345975694
0.8011783450377209
0.8229121094045513
0.8296744519665062
0.7958176041710106
0.8229121094045003
0.8456008910472202
0.8527256072922195
0.8022573310101425
0.829674451966419
0.8527256072922456
0.8601700637705386
0.5836034243608272
0.6366701958212073
0.6959179702468665
0.7330616624569906
0.6032304943403327
0.6581012954534443
0.7193762968964789
0.7577700451639305
0.6193904243674986
0.675755136282989
0.7386948395799084
0.7781100750158874
0.62437487216173
0.6812011413276765
0.7446535049735831
0.7843796764585728
0.328585128617432
0.4016941265723701
0.4905708044322042
0.5527972403742648
0.339658515600489
0.415227733029105
0.5070897266440734
0.571394435860887
0.3487750645146444
0.4263699106505286
0.5206879380302379
0.5867015302164735
0.3515864919397738
0.4298058113553741
0.5248809534550021
0.5914206414992403
0.2556903994934771
0.3126243897166684
0.381825096977738
0.4303020330371087
0.2790029062150307
0.3411060460182076
0.4165988192315174
0.4694827515820606
0.3049954614586324
0.3728658441301967
0.4553765565017314
0.5131653134104188
0.3212722751245878
0.3927567532622119
0.479660918562687
0.5405136235815291
0.01713239141541495
0.08117475937349193
0.1632495812493986
0.2241770586475094
0.01869950740695563
0.08859552015830399
0.1781595796108873
0.2446305038364004
0.02044789896248399
0.09687404332738998
0.1947888096481877
0.2674367405208788
0.02154332449200967
0.1020604034426014
0.2052043938124229
0.2817182994601612
0.02203560466129647
0.1043910110713923
0.2098842384862597
0.2881344963858119
0.02278115916963908
0.1079205548475323
0.2169709086440762
0.2978498082426678
0.02339507983937263
0.1108267389793495
0.2228053916448255
0.3058476492427205
0.02358442751692102
0.1117229963959626
0.2246046336711998
0.3083137278608121
0.0235844275169199
0.1117229963959637
0.2246046336711998
0.3083137278608108
0.02339507983936791
0.1108267389793519
0.2228053916448234
0.3058476492427172
0.02278115916963046
0.1079205548475327
0.216970908644068
0.2978498082426664
0.02203560466128484
0.1043910110713914
0.2098842384862457
0.2881344963858135
0.3515864919397765
0.4298058113553718
0.5248809534549989
0.591420641499238
0.3487750645146506
0.4263699106505144
0.5206879380301995
0.5867015302164404
0.3396585156004931
0.4152277330290736
0.5070897266439757
0.5713944358607839
0.328585128617437
0.4016941265723298
0.4905708044320902
0.5527972403741078
0.3212722751245962
0.3927567532621717
0.47966091856258
0.5405136235813598
0.3049954614586475
0.3728658441301599
0.4553765565016232
0.513165313410249
0.2790029062150598
0.3411060460181836
0.416598819231402
0.4694827515818867
0.2556903994935258
0.312624389716672
0.3818250969776334
0.4303020330369215
0.02154332449199617
0.1020604034425987
0.2052043938124082
0.2817182994601664
0.02044789896246636
0.09687404332737837
0.1947888096481796
0.2674367405208946
0.01869950740693299
0.08859552015827651
0.178159579610889
0.2446305038364313
0.01713239141539014
0.08117475937345027
0.1632495812494017
0.2241770586475535
0.01622266334254337
0.07686669435704403
0.154592165409851
0.2122986462474087
0.01438765135899276
0.06817648958218779
0.1371252628055565
0.1883279979261218
0.01177045281402677
0.05578108987021842
0.1122049859481024
0.1541186235329655
0.009619875169853676
0.04559476340750412
0.09172162445789549
0.1259924190430593
0.0084309589416588
0.03996295609554919
0.08039545197158976
0.1104378492476992
0.006135263861220755
0.02908769777300872
0.05852200351841357
0.08039545197158493
0.00304712374285218
0.01445543783780928
0.02908769777299494
0.0399629560955266
0.0006402742696079774
0.003047123742850917
0.006135263861213706
0.008430958941646942
0.1259924190430677
0.1541186235330106
0.1883279979262424
0.2122986462475902
0.09172162445789347
0.1122049859481188
0.137125262805628
0.154592165409981
0.0455947634074789
0.055781089870188
0.0681764895821578
0.07686669435702323
0.009619875169839903
0.01177045281400957
0.01438765135897108
0.01622266334251849
0.2421505498737352
0.2960833910334378
0.3616317426978211
0.4075473481962832
0.2148230754970825
0.2626969234470653
0.3208798694030451
0.3616317426978077
0.1758144373017741
0.215028787173573
0.2626969234471078
0.2960833910334818
0.143735290120782
0.1758144373018117
0.2148230754971825
0.2421505498738707
0.4303020330368967
0.469482751581855
0.5131653134102644
0.5405136235814199
0.3818250969775883
0.416598819231307
0.4553765565015123
0.4796609185624896
0.3126243897166973
0.341106046018143
0.3728658441300139
0.3927567532619644
0.2556903994936714
0.2790029062151911
0.3049954614587072
0.3212722751245851
0.2241770586477623
0.2446305038366729
0.2674367405211449
0.2817182994603998
0.1632495812495624
0.1781595796111026
0.1947888096484609
0.2052043938127337
0.08117475937343704
0.08859552015827617
0.09687404332739544
0.1020604034426306
0.01713239141536384
0.01869950740690446
0.02044789896243548
0.02154332449196426
0.2881344963860283
0.2978498082428337
0.3058476492428262
0.3083137278608959
0.2098842384865868
0.2169709086444256
0.2228053916451943
0.2246046336715784
0.1043910110714325
0.1079205548475889
0.1108267389794209
0.1117229963960386
0.02203560466125295
0.02278115916959894
0.02339507983933707
0.02358442751689024
0.5527972403741767
0.5713944358608483
0.5867015302165031
0.5914206414993114
0.4905708044320174
0.5070897266439124
0.5206879380301214
0.5248809534549101
0.4016941265721059
0.4152277330288316
0.426369910650259
0.4298058113551055
0.3285851286173879
0.3396585156003784
0.3487750645144757
0.351586491939581
0.733061662456901
0.7577700451638856
0.778110075015885
0.7843796764585939
0.6959179702467116
0.7193762968963325
0.7386948395797516
0.7446535049734169
0.6366701958210823
0.6581012954533455
0.6757551362829143
0.6812011413276314
0.5836034243607406
0.6032304943402985
0.6193904243675339
0.6243748721618239
0.5706420053376813
0.6225234373609398
0.6804300086056714
0.7167387895658506
0.5417847456483499
0.5910465760300657
0.6459912626095691
0.6804300086056874
0.4956850544874931
0.5407815659701481
0.5910465760301045
0.622523437360988
0.4543261881774139
0.4956850544874982
0.5417847456484012
0.5706420053377578
0.6243748721617172
0.6812011413276519
0.7446535049735731
0.7843796764585738
0.6193904243674421
0.6757551362828937
0.7386948395798598
0.7781100750158937
0.6032304943402211
0.658101295453296
0.7193762968963725
0.7577700451639171
0.5836034243606651
0.6366701958210348
0.6959179702467067
0.7330616624569124
0.8022573310101366
0.8296744519664027
0.8527256072922389
0.8601700637705459
0.7958176041710149
0.8229121094044705
0.8456008910471748
0.8527256072921798
0.7749977345975956
0.8011783450377318
0.8229121094044907
0.8296744519663963
0.7497439097110681
0.7749977345975985
0.7958176041710766
0.8022573310102278
0.8601700637704458
0.8527256072920747
0.8296744519665002
0.8022573310102835
0.85272560729211
0.8456008910470778
0.8229121094045639
0.7958176041710944
0.8296744519663888
0.8229121094045093
0.8011783450377739
0.7749977345975098
0.8022573310102442
0.7958176041710973
0.7749977345975295
0.7497439097109019
0.7843796764585028
0.7446535049732848
0.6812011413276824
0.6243748721621556
0.7781100750157802
0.7386948395796202
0.6757551362830028
0.6193904243678942
0.7577700451637231
0.7193762968962469
0.6581012954535196
0.6032304943406821
0.733061662456753
0.6959179702467277
0.6366701958213417
0.5836034243611338
0.7167387895657608
0.6804300086057768
0.6225234373612941
0.5706420053381512
0.6804300086057509
0.6459912626097928
0.5910465760304483
0.5417847456487227
0.6225234373612121
0.5910465760303907
0.5407815659704183
0.495685054487633
0.5706420053379689
0.5417847456486002
0.4956850544875966
0.4543261881774024
0.7843796764585954
0.7781100750158457
0.7577700451637576
0.7330616624567549
0.7446535049734027
0.7386948395796887
0.719376296896257
0.6959179702467039
0.6812011413276379
0.6757551362829487
0.6581012954534408
0.6366701958212565
0.6243748721618414
0.619390424367615
0.6032304943404513
0.583603424360934
0.5914206414993257
0.5867015302165693
0.5713944358609658
0.5527972403743102
0.5248809534549186
0.5206879380301526
0.5070897266439518
0.4905708044320466
0.429805811355105
0.4263699106502505
0.4152277330288064
0.401694126572071
0.3515864919395782
0.3487750645144627
0.3396585156003608
0.3285851286173812
0.3083137278608971
0.305847649242829
0.2978498082428401
0.2881344963860464
0.2246046336715812
0.2228053916452063
0.2169709086444475
0.2098842384866155
0.11172299639604
0.1108267389794276
0.107920554847606
0.1043910110714639
0.02358442751689224
0.02339507983934615
0.02278115916961664
0.02203560466127718
0.2817182994604261
0.2674367405211777
0.2446305038367165
0.2241770586478286
0.2052043938127673
0.1947888096485097
0.1781595796111788
0.163249581249666
0.1020604034426737
0.09687404332746212
0.08859552015837138
0.08117475937355309
0.02154332449199172
0.02044789896246797
0.01869950740694236
0.01713239141540483
0.540513623581554
0.5131653134103666
0.4694827515818725
0.430302033036856
0.4796609185625084
0.4553765565015095
0.4165988192312788
0.3818250969775515
0.3927567532619333
0.3728658441299962
0.3411060460181373
0.3126243897167032
0.3212722751245913
0.3049954614587283
0.279002906215222
0.2556903994937194
0.4075473481962198
0.3616317426977637
0.2960833910334872
0.2421505498739119
0.3616317426977732
0.3208798694030472
0.2626969234471697
0.2148230754972906
0.2960833910334998
0.262696923447175
0.2150287871737346
0.175814437302015
0.2421505498739369
0.2148230754972968
0.1758144373020039
0.1437352901210372
0.2122986462476767
0.1883279979263765
0.1541186235332161
0.1259924190433279
0.1545921654101023
0.1371252628057896
0.1122049859483331
0.09172162445813722
0.07686669435715092
0.06817648958230373
0.05578108987034428
0.04559476340763109
0.01622266334256044
0.01438765135901152
0.0117704528140436
0.009619875169867603
0.1104378492479847
0.08039545197188054
0.03996295609574174
0.008430958941681558
0.08039545197183515
0.05852200351864224
0.02908769777314342
0.006135263861231698
0.03996295609567128
0.02908769777311247
0.01445543783786836
0.003047123742850504
0.008430958941671304
0.006135263861230019
0.003047123742853524
0.0006402742695987653
0.2122986462476576
0.1545921654102187
0.07686669435739814
0.01622266334262205
0.1883279979263879
0.1371252628059127
0.06817648958250816
0.01438765135905754
0.1541186235332478
0.1122049859484373
0.05578108987048735
0.01177045281407153
0.1259924190433468
0.09172162445820646
0.04559476340772584
0.009619875169883569
0.2817182994602676
0.2052043938128095
0.1020604034430505
0.02154332449211279
0.2674367405210541
0.1947888096485751
0.09687404332780988
0.02044789896257525
0.2446305038366459
0.1781595796112698
0.0885955201586761
0.0186995074070291
0.2241770586477933
0.1632495812497733
0.08117475937382107
0.01713239141547515
0.540513623581772
0.4796609185626294
0.3927567532618608
0.3212722751244473
0.5131653134104989
0.4553765565015624
0.3728658441299229
0.3049954614586105
0.4694827515819051
0.4165988192312728
0.3411060460180843
0.2790029062151522
0.4303020330368514
0.3818250969775349
0.3126243897166799
0.2556903994936837
0.5914206414997614
0.5248809534552145
0.4298058113550299
0.3515864919394164
0.5867015302169489
0.520687938030411
0.4263699106501869
0.3487750645143077
0.5713944358612686
0.5070897266441559
0.4152277330287418
0.339658515600207
0.5527972403745609
0.490570804432202
0.4016941265720022
0.3285851286172309
0.3083137278607089
0.2246046336715739
0.1117229963964625
0.02358442751704484
0.3058476492426441
0.2228053916451976
0.1108267389798393
0.02339507983949347
0.2978498082426599
0.2169709086444543
0.1079205548480068
0.02278115916975421
0.2881344963858763
0.209884238486644
0.1043910110718523
0.02203560466140463
0.2881344963858175
0.2098842384866974
0.1043910110719379
0.02203560466140679
0.2978498082426171
0.2169709086444852
0.1079205548480686
0.02278115916975676
0.3058476492426211
0.2228053916452115
0.1108267389798708
0.02339507983949508
0.3083137278607035
0.2246046336715771
0.1117229963964695
0.0235844275170452
0.2241770586478238
0.1632495812499674
0.08117475937397502
0.01713239141547793
0.2446305038366179
0.1781595796114183
0.08859552015881712
0.01869950740703331
0.2674367405209904
0.1947888096486757
0.09687404332792937
0.02044789896257829
0.2817182994602016
0.205204393812879
0.102060403443149
0.02154332449211472
0.430302033036832
0.3818250969773871
0.3126243897164483
0.2556903994935651
0.4694827515819041
0.4165988192311788
0.3411060460178845
0.2790029062149998
0.5131653134105142
0.4553765565014977
0.3728658441297876
0.3049954614584698
0.5405136235818192
0.4796609185625792
0.3927567532617726
0.3212722751243398
0.5527972403746324
0.4905708044321675
0.4016941265719321
0.3285851286171431
0.571394435861346
0.5070897266441486
0.4152277330286933
0.3396585156001475
0.5867015302169882
0.5206879380304167
0.4263699106501576
0.3487750645142772
0.5914206414997674
0.5248809534552168
0.4298058113550218
0.3515864919394093
0.7330616624567549
0.6959179702467613
0.636670195821484
0.5836034243612798
0.7577700451636961
0.7193762968962405
0.6581012954535859
0.6032304943407899
0.7781100750157599
0.7386948395796066
0.675755136283
0.6193904243679228
0.7843796764584993
0.7446535049732818
0.6812011413276742
0.6243748721621534
0.8022573310102372
0.7958176041710658
0.7749977345974987
0.7497439097109035
0.8296744519665115
0.822912109404596
0.8011783450377656
0.774997734597477
0.8527256072921743
0.8456008910471832
0.8229121094046186
0.7958176041710842
0.8601700637704475
0.8527256072921058
0.829674451966529
0.8022573310102866
0.624374872162146
0.6193904243679075
0.6032304943407321
0.5836034243612093
0.681201141327854
0.675755136283146
0.6581012954536414
0.6366701958214827
0.7446535049734974
0.7386948395797952
0.7193762968963735
0.6959179702468281
0.7843796764585498
0.7781100750158197
0.757770045163774
0.7330616624567985
0.5706420053382242
0.5417847456487844
0.4956850544876905
0.4543261881774305
0.622523437361454
0.5910465760306101
0.5407815659705422
0.4956850544876675
0.6804300086058858
0.6459912626099666
0.5910465760306277
0.5417847456488077
0.7167387895657996
0.6804300086058592
0.6225234373614709
0.5706420053382859
0.3212722751244905
0.3049954614585343
0.2790029062149575
0.2556903994934775
0.3927567532621438
0.3728658441300766
0.3411060460180334
0.3126243897164981
0.4796609185627497
0.4553765565016981
0.4165988192313528
0.3818250969774878
0.5405136235817782
0.5131653134105381
0.469482751581981
0.4303020330368797
0.3515864919397074
0.348775064514569
0.3396585156003938
0.3285851286173317
0.4298058113554696
0.4263699106505948
0.4152277330291093
0.401694126572325
0.5248809534552482
0.5206879380304628
0.5070897266442416
0.4905708044323091
0.5914206414996533
0.5867015302168749
0.5713944358612462
0.5527972403745635
0.02358442751701301
0.02339507983946539
0.02278115916973246
0.02203560466138811
0.111722996396207
0.110826738979611
0.1079205548478159
0.104391011071694
0.2246046336712721
0.222805391644908
0.2169709086441798
0.2098842384863858
0.3083137278607004
0.3058476492426139
0.297849808242577
0.2881344963857392
0.02154332449209867
0.02044789896256525
0.01869950740702473
0.01713239141547492
0.1020604034429116
0.0968740433277093
0.08859552015862467
0.0811747593738042
0.2052043938125641
0.1947888096483706
0.178159579611143
0.1632495812497157
0.2817182994601
0.2674367405208469
0.2446305038364398
0.2241770586476434
0.01622266334262399
0.01438765135906308
0.0117704528140794
0.00961987516989064
0.07686669435739785
0.06817648958253657
0.05578108987054477
0.0455947634077949
0.1545921654101977
0.1371252628059579
0.1122049859485572
0.09172162445836554
0.2122986462475555
0.1883279979263799
0.1541186235333649
0.1259924190435455
0.008430958941687067
0.00613526386123137
0.003047123742839402
0.0006402742695797616
0.03996295609581226
0.02908769777320516
0.01445543783789289
0.003047123742828535
0.08039545197205142
0.05852200351881162
0.02908769777321415
0.006135263861213084
0.1104378492482153
0.08039545197208724
0.03996295609584367
0.008430958941667899
0.1259924190435753
0.09172162445842616
0.04559476340784115
0.009619875169872762
0.154118623533451
0.1122049859486699
0.05578108987062306
0.01177045281406539
0.1883279979265262
0.1371252628061452
0.06817648958266269
0.01438765135905573
0.2122986462477286
0.1545921654104341
0.07686669435755628
0.01622266334262308
0.2421505498737394
0.2148230754972148
0.1758144373020959
0.1437352901212355
0.2960833910332737
0.2626969234469914
0.2150287871737115
0.1758144373021495
0.361631742697625
0.3208798694028224
0.2626969234470105
0.214823075497309
0.407547348196167
0.361631742697575
0.2960833910332613
0.2421505498738349
