FiniteElementSpace
FiniteElementCollection: L2_2D_P1
VDim: 1
Ordering: 0

-6.356096677225128e+39
-6.397757860760238e+39
-5.634813734941493e+39
-5.672176334640621e+39
-6.172269884704098e+39
-6.295447048664318e+39
-5.472861825684986e+39
-5.581219527607169e+39
-7.433262352202394e+39
-7.588047714876161e+39
-6.702440656729065e+39
-6.841042276667544e+39
-7.664707075719126e+39
-7.717281151837596e+39
-6.909562765329469e+39
-6.957072823051414e+39
-8.870715784853954e+39
-8.920029132407769e+39
-8.192881835423796e+39
-8.247250634093339e+39
-9.426218202103627e+39
-9.471989421605373e+39
-9.125274923977231e+39
-9.144285596099838e+39
-9.272299518587239e+39
-9.384842611962523e+39
-8.986316192791698e+39
-9.079687454463499e+39
-8.629031842811083e+39
-8.790119486690901e+39
-7.953645233817301e+39
-8.115054397439301e+39
-8.18080437110313e+39
-8.464565366060621e+39
-7.533416888870066e+39
-7.796829013645605e+39
-9.03037670850361e+39
-9.216378824739822e+39
-8.614263019485741e+39
-8.865389016811536e+39
-8.477867877614881e+39
-8.84649132736243e+39
-7.979365043322798e+39
-8.376512867605264e+39
-7.552369805366721e+39
-7.938929878798905e+39
-6.951008006324247e+39
-7.304809992408881e+39
-6.495810779000636e+39
-6.823346883322772e+39
-5.87419414731919e+39
-6.161645515597028e+39
-7.035940846070443e+39
-7.284553607843496e+39
-6.34977748080982e+39
-6.569881593977905e+39
-5.855962820574568e+39
-6.053595578374589e+39
-5.199475178396683e+39
-5.369876408201168e+39
-5.427944925231059e+39
-5.686840780044433e+39
-4.832675339641596e+39
-5.054226198698029e+39
-4.916525121069417e+39
-5.219965099077612e+39
-4.393602130159678e+39
-4.654039484281985e+39
-5.849917586005042e+39
-6.233511618336982e+39
-5.306908668807718e+39
-5.643118374864397e+39
-5.141421601991614e+39
-5.556006761051597e+39
-4.683103860061972e+39
-5.047907421720819e+39
-4.351889029651644e+39
-4.682561916471472e+39
-3.905759482286918e+39
-4.191566220866283e+39
-3.76257992523854e+39
-4.104479838179352e+39
-3.392456383437998e+39
-3.690481317962464e+39
-3.173136631958495e+39
-3.512750984312621e+39
-2.874296508489063e+39
-3.173136631958591e+39
-3.690481317962321e+39
-4.104479838179155e+39
-3.392456383437862e+39
-3.762579925238524e+39
-4.410804263071784e+39
-4.83378071446958e+39
-4.035830090766101e+39
-4.410804263071946e+39
-5.047907421720447e+39
-5.556006761051421e+39
-4.683103860061709e+39
-5.141421601991523e+39
-4.191566220865817e+39
-4.68256191647089e+39
-3.905759482286654e+39
-4.351889029651247e+39
-4.65403948428092e+39
-5.219965099076804e+39
-4.393602130158965e+39
-4.916525121068582e+39
-5.643118374864176e+39
-6.233511618337176e+39
-5.306908668807284e+39
-5.849917586004941e+39
-6.665566791749547e+39
-7.242733923160667e+39
-6.247769722204992e+39
-6.781410337916672e+39
-5.927306377861697e+39
-6.427052942921692e+39
-5.476240789866606e+39
-5.927306377861787e+39
-6.781410337916472e+39
-7.242733923160205e+39
-6.247769722204895e+39
-6.665566791749018e+39
-7.65264503909355e+39
-8.153324276064637e+39
-7.163129962013844e+39
-7.652645039093327e+39
-8.376512867606321e+39
-8.846491327362585e+39
-7.979365043323467e+39
-8.477867877615268e+39
-8.865389016812125e+39
-9.216378824739399e+39
-8.614263019486737e+39
-9.030376708503407e+39
-7.796829013647719e+39
-8.464565366062395e+39
-7.533416888871677e+39
-8.180804371104775e+39
-7.304809992410076e+39
-7.938929878800167e+39
-6.951008006325025e+39
-7.552369805367369e+39
-6.161645515597305e+39
-6.823346883323649e+39
-5.874194147319119e+39
-6.495810779001153e+39
-5.054226198696559e+39
-5.686840780043922e+39
-4.832675339640349e+39
-5.427944925230259e+39
-5.369876408199771e+39
-6.053595578374619e+39
-5.199475178395226e+39
-5.855962820574279e+39
-6.569881593978821e+39
-7.284553607845296e+39
-6.349777480810339e+39
-7.035940846071642e+39
-6.841042276669236e+39
-7.588047714879025e+39
-6.702440656730323e+39
-7.433262352204643e+39
-5.581219527605919e+39
-6.295447048664936e+39
-5.472861825683661e+39
-6.172269884704404e+39
-5.672176334639166e+39
-6.397757860761197e+39
-5.634813734940185e+39
-6.356096677225946e+39
-6.957072823053726e+39
-7.717281151841546e+39
-6.909562765331463e+39
-7.664707075722438e+39
-8.24725063409663e+39
-8.920029132409716e+39
-8.192881835426723e+39
-8.870715784855892e+39
-8.115054397442004e+39
-8.790119486692773e+39
-7.95364523381972e+39
-8.629031842812992e+39
-9.079687454463108e+39
-9.384842611961399e+39
-8.986316192792006e+39
-9.272299518586445e+39
-9.144285596098576e+39
-9.471989421603871e+39
-9.125274923976514e+39
-9.426218202102214e+39
-8.767130660906268e+39
-6.525226177046864e+39
-8.954249048482578e+39
-6.943798334774543e+39
-4.053246868082817e+39
2.996737654871321e+39
-4.337918053835788e+39
-8.064025286055391e+38
-5.10046633916142e+39
-1.488192992210508e+39
-6.942567522648574e+39
-2.853704073771869e+39
-9.173536019461782e+39
-7.581978199718162e+39
-9.327511250206514e+39
-8.525884567007589e+39
-9.351235613687104e+39
-8.964143465006718e+39
-9.266992309615425e+39
-9.184740187484664e+39
-9.137320661539832e+39
-9.240621493809216e+39
-8.808375765918293e+39
-9.137320661540002e+39
-9.184740187484669e+39
-8.964143465006514e+39
-9.266992309615645e+39
-9.351235613687141e+39
-8.327471056269299e+39
-5.315142211722006e+39
-9.113242416904092e+39
-8.327471056268876e+39
-2.853704073771877e+39
-1.488192992211223e+39
-6.942567522648015e+39
-5.100466339160796e+39
-8.525884567007295e+39
-7.581978199717638e+39
-9.327511250206717e+39
-9.173536019462045e+39
-6.943798334773749e+39
-6.525226177045971e+39
-8.954249048482704e+39
-8.767130660905781e+39
-8.064025286062688e+38
2.996737654870815e+39
-4.337918053835439e+39
-4.053246868082472e+39
1.081640758472563e+41
7.068363893826421e+40
3.850923653965657e+40
6.280280614302396e+40
1.32913757186644e+40
7.266847178463212e+40
-1.961598243321309e+39
1.329137571866387e+40
6.280280614302416e+40
7.068363893826555e+40
3.850923653965718e+40
1.081640758472578e+41
1.277385685503679e+41
1.590974620169551e+42
4.271359744077922e+39
1.277385685503677e+41
