FiniteElementSpace
FiniteElementCollection: L2_2D_P3
VDim: 1
Ordering: 0

2.6373607e-06
2.9479459e-06
4.0584707e-06
5.5939832e-06
2.624988e-06
2.9341535e-06
4.0396048e-06
5.5681126e-06
2.5851622e-06
2.8897373e-06
3.9787993e-06
5.4846942e-06
2.5371765e-06
2.8362125e-06
3.9055019e-06
5.3841182e-06
6.7163216e-06
9.5356925e-06
1.5180902e-05
2.1660763e-05
6.6853379e-06
9.491879e-06
1.511149e-05
2.1562085e-05
6.5854169e-06
9.3505684e-06
1.4887587e-05
2.1243737e-05
6.4649366e-06
9.1801612e-06
1.4617541e-05
2.0859749e-05
6.3858631e-06
9.0683105e-06
1.4440275e-05
2.0607674e-05
6.2112971e-06
8.8213632e-06
1.4048863e-05
2.0051028e-05
5.9367114e-06
8.4328644e-06
1.3432969e-05
1.9174997e-05
5.6947664e-06
8.0904865e-06
1.2890066e-05
1.8402649e-05
2.5056934e-06
2.8010938e-06
3.857403e-06
5.3181127e-06
2.4362141e-06
2.7235854e-06
3.751236e-06
5.1724033e-06
2.3269852e-06
2.6017263e-06
3.5842837e-06
4.943229e-06
2.2308016e-06
2.4944111e-06
3.4372223e-06
4.7413173e-06
2.1757068e-06
2.432936e-06
3.3529636e-06
4.6256157e-06
2.0662224e-06
2.3107622e-06
3.1854814e-06
4.3955953e-06
1.9138406e-06
2.1407015e-06
2.9522824e-06
4.0752302e-06
1.7919158e-06
2.004614e-06
2.7656054e-06
3.8187009e-06
1.7257847e-06
1.9307933e-06
2.664316e-06
3.6794828e-06
1.6006223e-06
1.7910624e-06
2.4725435e-06
3.4158383e-06
1.4374125e-06
1.60883e-06
2.2223439e-06
3.0717418e-06
1.3142405e-06
1.4712814e-06
2.0334085e-06
2.8118047e-06
4.4219897e-06
6.2883852e-06
1.0030518e-05
1.4332346e-05
4.1058548e-06
5.8404993e-06
9.3192618e-06
1.3319316e-05
3.6931739e-06
5.2556516e-06
8.3901431e-06
1.1995586e-05
3.3813699e-06
4.8136203e-06
7.6876221e-06
1.0994378e-05
5.556114e-06
7.8942522e-06
1.2578847e-05
1.7959843e-05
5.2804402e-06
7.5040346e-06
1.1959869e-05
1.7079021e-05
4.8964363e-06
6.9603479e-06
1.1097186e-05
1.5851104e-05
4.5889051e-06
6.5248173e-06
1.0405887e-05
1.4866872e-05
2.1661624e-05
3.0595604e-05
4.7645894e-05
6.6479702e-05
2.0601082e-05
2.9102229e-05
4.5329739e-05
6.3258601e-05
1.9122435e-05
2.7019622e-05
4.2098659e-05
5.8763877e-05
1.7937069e-05
2.5349667e-05
3.9506881e-05
5.5157416e-05
1.7293244e-05
2.4442478e-05
3.8098568e-05
5.3197335e-05
1.6072944e-05
2.2722674e-05
3.5428058e-05
4.947972e-05
1.4478117e-05
2.0474383e-05
3.1935508e-05
4.4616118e-05
1.3271663e-05
1.877309e-05
2.9291587e-05
4.0933021e-05
6.3360099e-05
8.7402452e-05
0.00013176289
0.00017913385
5.8939472e-05
8.1322693e-05
0.0001226358
0.000166769
5.3155079e-05
7.3364539e-05
0.00011068282
0.00015056878
4.8773858e-05
6.7334725e-05
0.0001016215
0.00013828229
7.9148637e-05
0.00010910229
0.00016430802
0.00022318777
7.5320535e-05
0.00010384293
0.00015642442
0.00021252137
6.9977988e-05
9.6500776e-05
0.00014541422
0.00019761939
6.5690555e-05
9.0606833e-05
0.00013657179
0.00018564683
9.0635554e-05
0.00012487664
0.00018793728
0.00025513924
8.8223212e-05
0.0001215648
0.00018297823
0.00024843589
8.4424032e-05
0.00011634804
0.00017516473
0.00023787161
8.1071756e-05
0.00011174396
0.00016826676
0.00022854269
2.484904e-05
3.5082192e-05
5.4600732e-05
7.6147582e-05
2.4179039e-05
3.4139307e-05
5.3139578e-05
7.4116964e-05
2.3124526e-05
3.2655083e-05
5.0839047e-05
7.0919269e-05
2.2194734e-05
3.134618e-05
4.8809766e-05
6.8098036e-05
2.6116452e-05
3.6865487e-05
5.7363601e-05
7.9986506e-05
2.5997702e-05
3.6698428e-05
5.7104822e-05
7.9626978e-05
2.5614575e-05
3.6159385e-05
5.6269746e-05
7.8466739e-05
2.5152433e-05
3.5509117e-05
5.5262246e-05
7.7066822e-05
9.5195634e-05
0.00013113575
0.00019730672
0.00026780116
9.4768595e-05
0.0001305497
0.00019642962
0.00026661602
9.3390449e-05
0.00012865819
0.00019359844
0.00026279026
9.1727534e-05
0.00012637564
0.00019018149
0.00025817245
0.00031413488
0.000421211
0.00061104576
0.00080563233
0.0003127482
0.00041936078
0.00060838102
0.00080214096
0.00030827165
0.00041338724
0.00059977657
0.00079086591
0.00030286798
0.00040617565
0.00058938686
0.00077724929
0.0002993184
0.00040143796
0.00058256024
0.0007683012
0.00029147327
0.00039096546
0.000567467
0.00074851386
0.00027910798
0.00037445477
0.00054366239
0.0007172956
0.00026818703
0.00035986833
0.00052262296
0.00068969322
0.00088739038
0.0011560503
0.0016139617
0.0020640571
0.00086461312
0.0011265777
0.0015732273
0.0020124082
0.00082867092
0.0010800527
0.0015088881
0.0019307898
0.00079688488
0.0010388896
0.0014519268
0.0018584902
0.00093035347
0.0012116193
0.0016907164
0.0021613259
0.00092633594
0.0012064244
0.0016835438
0.0021522394
0.00091336075
0.0011896444
0.0016603711
0.0021228785
0.00089768947
0.001169374
0.0016323706
0.0020873922
0.0024543965
0.0031018275
0.004165064
0.0051501339
0.0024441303
0.0030889899
0.0041480977
0.0051294243
0.0024109547
0.003047496
0.0040932411
0.0050624467
0.0023708524
0.0029973244
0.0040268837
0.0049813985
0.0057336973
0.0070424228
0.0091713978
0.010785853
0.0057108027
0.0070147664
0.00913633
0.01074539
0.0056367483
0.0069252786
0.0090227969
0.010614333
0.0055471188
0.0068169191
0.0088852152
0.010455428
0.0054881107
0.0067455517
0.0087945429
0.010350653
0.0053572949
0.0065872519
0.0085932456
0.010117897
0.005149983
0.0063361456
0.0082734362
0.0097476911
0.0049657403
0.0061127399
0.0079884026
0.0094173186
0.0023444788
0.0029643209
0.0039832172
0.0049280486
0.0022860957
0.0028912374
0.0038864734
0.0048098033
0.0021938102
0.0027756483
0.0037333291
0.0046224869
0.0021120354
0.0026731561
0.0035974004
0.00445609
0.002064975
0.002614144
0.0035190781
0.0043601533
0.0019709652
0.0024961941
0.0033624018
0.0041681098
0.0018390186
0.0023305016
0.0031420162
0.0038976836
0.0017324882
0.0021966008
0.0029636667
0.0036785881
0.0048594788
0.0059837882
0.0078236641
0.0092261964
0.0046466881
0.0057253298
0.007493
0.008842175
0.0043468694
0.0053606539
0.0070253809
0.0082982122
0.004103809
0.0050645766
0.006644818
0.0078547636
0.0039707439
0.0049023195
0.0064359142
0.007611052
0.0037164475
0.0045919044
0.0060355757
0.0071434426
0.0033799161
0.004180446
0.0055035607
0.0065209039
0.0031220729
0.0038646847
0.0050942305
0.006041058
0.0016743349
0.0021234586
0.0028661488
0.003558695
0.001563531
0.0019840002
0.002680024
0.0033296747
0.0014175556
0.0018000848
0.0024341857
0.0030267995
0.0013062228
0.0016596683
0.0022461976
0.0027949025
0.00062777026
0.00081959229
0.0011478572
0.0014718805
0.00058523762
0.00076435815
0.001071105
0.0013741126
0.00052937901
0.00069176781
0.00097013014
0.0012453754
0.00048691195
0.00063654097
0.0008932269
0.0011472396
0.00077861917
0.0010152277
0.0014191677
0.0018168925
0.00074219075
0.00096802017
0.0013537746
0.0017338172
0.00069119584
0.00090189737
0.0012620999
0.0016172668
0.0006501386
0.00084862715
0.0011881759
0.0015232089
0.00026191756
0.00035149275
0.00051053812
0.00067383421
0.00024942788
0.00033480329
0.00048644863
0.00064221133
0.00023197508
0.00031147258
0.0004527535
0.00059795637
0.0002179501
0.00029271623
0.00042564789
0.00056233667
0.00021031945
0.00028250829
0.00041088943
0.00054293501
0.00019583039
0.00026311946
0.0003828444
0.00050605182
0.00017684243
0.00023769822
0.00034604788
0.00045762955
0.0001624381
0.00021840422
0.00031810031
0.00042082912
0.00015487648
0.00020827242
0.00030341716
0.00040148664
0.00014099516
0.00018966686
0.00027644077
0.00036593519
0.00012365836
0.00016641892
0.00024271
0.00032145546
0.00011110038
0.00014957172
0.00021825002
0.00028918223
0.00010470346
0.00014098754
0.00020578173
0.00027272524
9.3299136e-05
0.00012568009
0.00018354003
0.00024335888
7.9665164e-05
0.00010737443
0.00015693002
0.00020821096
7.0219293e-05
9.4689342e-05
0.00013848463
0.00018384048
0.00031586674
0.00041374751
0.00058224821
0.00074959482
0.0002819262
0.00036947208
0.00052030846
0.00067024011
0.00024129426
0.00031644308
0.00044607021
0.00057507045
0.00021311675
0.0002796562
0.00039454364
0.00050898587
0.0004645857
0.00060749249
0.00085274791
0.001095553
0.00042354034
0.00055406331
0.00077824167
0.0010003604
0.00037216929
0.00048714676
0.0006848312
0.00088090984
0.00033488363
0.00043854587
0.00061692084
0.00079399452
0.0012475653
0.001585635
0.0021469775
0.0026724025
0.0011394977
0.001449144
0.0019638593
0.0024461287
0.0010038238
0.0012776104
0.0017333756
0.0021609758
0.00090505705
0.0011526152
0.0015651759
0.001952632
0.0029858038
0.0036976243
0.0048772918
0.0057864397
0.0027339814
0.0033885696
0.0044752844
0.0053140503
0.0024164204
0.0029982257
0.0039662856
0.0047149093
0.0021842483
0.0027124083
0.003592695
0.0042744256
0.0020652827
0.0025658113
0.0034007826
0.0040479074
0.0018520611
0.0023028261
0.0030560045
0.0036405472
0.0015954032
0.0019858723
0.0026396331
0.0031478992
0.0014166676
0.0017649109
0.0023488389
0.0028033855
0.00085458784
0.0010887033
0.0014790914
0.0018459203
0.0007643606
0.00097437819
0.0013249706
0.0016547348
0.00065611359
0.00083711919
0.0011397223
0.0014247204
0.00058092858
0.00074172983
0.0010108673
0.0012646063
0.00054374629
0.00069454468
0.00094710272
0.0011853452
0.00047943323
0.00061292906
0.00083680155
0.0010482241
0.00040628898
0.00052014402
0.0007114742
0.00089248751
0.00035864394
0.00045976688
0.00063004651
0.00079143234
0.0013281705
0.0016554449
0.0022046272
0.0026323997
0.0011750607
0.0014660012
0.0019548726
0.0023360916
0.0010012009
0.001250934
0.0016712743
0.0019994727
0.00088846606
0.0011116583
0.0014878118
0.0017817587
0.00083585427
0.0010467841
0.0014025212
0.001680619
0.00074920398
0.00094047682
0.0012638172
0.0015168319
0.00065922002
0.00083130311
0.0011245259
0.0013552732
0.00061372125
0.00077690388
0.0010578068
0.0012811698
0.00033628482
0.00043146578
0.0005919485
0.00074422726
0.00029907297
0.0003844598
0.00052888953
0.00066633768
0.00025961665
0.00033481269
0.00046274503
0.00058515203
0.0002391304
0.00030916011
0.00042886159
0.00054390494
0.00012130889
0.00015983499
0.00022678636
0.00029390985
0.00010719087
0.00014145268
0.00020114178
0.00026113543
9.2058443e-05
0.0001217965
0.0001738175
0.00022632251
8.4090253e-05
0.00011147892
0.00015954103
0.0002082059
0.00019919
0.0002614721
0.00036906865
0.00047630753
0.00017509991
0.00023001853
0.00032500481
0.00041978468
0.00014766723
0.00019421095
0.00027486236
0.00035548741
0.00012974593
0.0001708333
0.00024215705
0.00031358481
6.5552153e-05
8.8421324e-05
0.00012936937
0.00017179605
5.7478114e-05
7.7578158e-05
0.00011360137
0.00015096163
4.8275049e-05
6.5221477e-05
9.5638099e-05
0.00012723286
4.2250811e-05
5.7136591e-05
8.3892612e-05
0.00011172631
3.9408668e-05
5.3324099e-05
7.8357795e-05
0.00010442358
3.4635022e-05
4.6926153e-05
6.9080974e-05
9.2196411e-05
2.9478494e-05
4.0027538e-05
5.910392e-05
7.9074791e-05
2.6734653e-05
3.6365761e-05
5.3826512e-05
7.2154202e-05
1.1562645e-05
1.6055264e-05
2.441899e-05
3.3435461e-05
1.0113316e-05
1.40597e-05
2.1418424e-05
2.9364871e-05
8.5381136e-06
1.1893931e-05
1.8168578e-05
2.4963625e-05
7.6928174e-06
1.0734037e-05
1.6433001e-05
2.2618651e-05
3.0731266e-06
4.374485e-06
6.8800286e-06
9.672945e-06
2.6750123e-06
3.8126189e-06
6.0061115e-06
8.4548796e-06
2.24022e-06
3.1996795e-06
5.0542889e-06
7.1300267e-06
2.005298e-06
2.8690438e-06
4.542018e-06
6.4183319e-06
5.232834e-06
7.4252004e-06
1.1631353e-05
1.6303077e-05
4.567119e-06
6.4847021e-06
1.0166218e-05
1.4258115e-05
3.8074632e-06
5.4115598e-06
8.4946695e-06
1.1925359e-05
3.3089552e-06
4.7074808e-06
7.3983436e-06
1.0395828e-05
1.9456766e-05
2.6938213e-05
4.0812458e-05
5.5709333e-05
1.702162e-05
2.3580211e-05
3.5752198e-05
4.883165e-05
1.4243986e-05
1.9750524e-05
2.9982506e-05
4.0991337e-05
1.2423075e-05
1.7240769e-05
2.6203234e-05
3.585793e-05
3.1274227e-05
4.3231051e-05
6.5358221e-05
8.9063584e-05
2.7828678e-05
3.8481688e-05
5.8205347e-05
7.9346412e-05
2.3713458e-05
3.2807981e-05
4.9657651e-05
6.773123e-05
2.0864245e-05
2.8879125e-05
4.3737366e-05
5.9684859e-05
4.6476349e-05
6.417193e-05
9.686695e-05
0.00013183354
4.2263053e-05
5.8370449e-05
8.8142742e-05
0.00011999712
3.7008863e-05
5.1133209e-05
7.7254061e-05
0.00010521782
3.3208414e-05
4.5896666e-05
6.9371794e-05
9.4514817e-05
1.2639536e-05
1.7881507e-05
2.7905618e-05
3.9001854e-05
1.1481281e-05
1.6247515e-05
2.5364865e-05
3.5460831e-05
1.0038649e-05
1.4211732e-05
2.2198069e-05
3.1045814e-05
8.9963986e-06
1.2740522e-05
1.9908607e-05
2.7852917e-05
8.4663536e-06
1.1992187e-05
1.8743778e-05
2.6228113e-05
7.5227634e-06
1.0659772e-05
1.6669331e-05
2.3333978e-05
6.3967385e-06
9.0693978e-06
1.4192561e-05
1.9877765e-05
5.6176152e-06
7.9687923e-06
1.2478168e-05
1.7485027e-05
2.1429918e-06
3.0566529e-06
4.892588e-06
7.0080911e-06
1.9005271e-06
2.7123689e-06
4.3443503e-06
6.2256234e-06
1.6114859e-06
2.3018206e-06
3.6903656e-06
5.2919919e-06
1.41167e-06
2.0179293e-06
3.2379974e-06
4.6460542e-06
3.218135e-06
4.5821567e-06
7.3196529e-06
1.0469849e-05
2.9192896e-06
4.1583027e-06
6.6456406e-06
9.5088582e-06
2.5475404e-06
3.6308658e-06
5.8065576e-06
8.3121262e-06
2.2792973e-06
3.2501537e-06
5.2006381e-06
7.4476725e-06
1.2498127e-06
1.3993224e-06
1.9345345e-06
2.6757401e-06
1.1319589e-06
1.2676749e-06
1.753591e-06
2.426674e-06
9.8553754e-07
1.1040889e-06
1.528651e-06
2.1169134e-06
8.8002225e-07
9.8618464e-07
1.3664424e-06
1.8934453e-06
8.264551e-07
9.2631734e-07
1.2840494e-06
1.7799044e-06
7.312477e-07
8.1989975e-07
1.1375438e-06
1.5779664e-06
6.178923e-07
6.9317341e-07
9.6300375e-07
1.3372843e-06
5.3962113e-07
6.0565552e-07
8.4240758e-07
1.1709278e-06
5.0101354e-07
5.6247945e-07
7.8289471e-07
1.0888166e-06
4.3427404e-07
4.8783868e-07
6.7998838e-07
9.4680952e-07
3.581719e-07
4.0271645e-07
5.6260392e-07
7.8479034e-07
3.0822477e-07
3.4684544e-07
4.8554335e-07
6.7842216e-07
1.3130361e-06
1.8777697e-06
3.0146199e-06
4.3270628e-06
1.1424373e-06
1.63532e-06
2.6281807e-06
3.7751847e-06
9.4778156e-07
1.3586547e-06
2.1871927e-06
3.1454131e-06
8.1998647e-07
1.1770267e-06
1.897724e-06
2.7320951e-06
7.5948911e-07
1.0910544e-06
1.7607355e-06
2.5365409e-06
6.5720061e-07
9.4573879e-07
1.5293093e-06
2.2063297e-06
5.4506602e-07
7.8656746e-07
1.2761388e-06
1.8454796e-06
4.8413102e-07
7.0018718e-07
1.1390117e-06
1.650339e-06
2.8457885e-07
3.2039277e-07
4.4905833e-07
6.2806459e-07
2.4456761e-07
2.7563807e-07
3.8734367e-07
5.429075e-07
2.0061715e-07
2.2648982e-07
3.1961803e-07
4.4951608e-07
1.7665131e-07
1.9970541e-07
2.8275527e-07
3.9873628e-07
