FiniteElementSpace
FiniteElementCollection: L2_2D_P4
VDim: 1
Ordering: 0

0.0003404690381560248
0.001663918230401239
0.003584709694640257
0.005465710709299877
0.006716507343347451
0.001663918230224485
0.00816758435379393
0.01760891799090752
0.02685696623069945
0.03300773643590057
0.003584709694337453
0.01760891799085609
0.03797365925405207
0.05792700257790148
0.0712001778853513
0.005465710708944235
0.02685696623071146
0.05792700257799001
0.08837523183127508
0.1086316299353043
0.00671650734297425
0.03300773643597848
0.07120017788550111
0.1086316299353388
0.1335343390598942
0.007341724947974038
0.03608256160000102
0.07783616712198149
0.1187592309200745
0.1459848810922851
0.008537333579635107
0.04196315718546649
0.09052844067367714
0.13812992838796
0.1697981010772733
0.01020632356723433
0.05017329097456686
0.1082503307714361
0.1651763970906024
0.2030457056889541
0.01176143622050525
0.05782442645735519
0.1247668776419984
0.1903819870214634
0.2340277135561909
0.01274897005199214
0.06268363909317537
0.1352568952135175
0.2063895147139324
0.2537020928584841
0.1595966840020653
0.1856305261973387
0.221977186677994
0.2558452710557421
0.2773513558329057
0.185630526197291
0.2159101694106684
0.2581808147074144
0.2975644335006368
0.3225705368634493
0.2219771866778366
0.2581808147073256
0.3087142709730311
0.3557889340509852
0.3856749983875222
0.2558452710555072
0.297564433500518
0.3557889340509898
0.410021431348371
0.4444491274844726
0.2773513558326551
0.3225705368633576
0.3856749983875989
0.4444491274845548
0.4817586759215334
0.007341724948351256
0.008537333580013996
0.01020632356760571
0.01176143622086235
0.01274897005233639
0.03608256159988708
0.0419631571852822
0.05017329097428016
0.0578244264569731
0.06268363909273708
0.07783616712180752
0.0905284406734725
0.1082503307712315
0.1247668776418525
0.1352568952134445
0.1187592309200383
0.1381299283879515
0.1651763970907017
0.1903819870217214
0.206389514714299
0.1459848810922874
0.1697981010773215
0.2030457056891232
0.2340277135564752
0.2537020928588131
0.01322762090179919
0.01411299570632192
0.01527566128052675
0.01626773716275151
0.01684140384811024
0.06503901433306249
0.06939606922275637
0.07511817755556736
0.08000112018669604
0.08282483625536861
0.140341725889423
0.1497478842272415
0.1621009786886011
0.1726423418843191
0.1787381270287278
0.2141484754145573
0.2285006170101954
0.2473476460915136
0.2634289247101494
0.2727275678987349
0.263237910301071
0.2808758929608848
0.3040360491424197
0.3237959013242265
0.3352209310324975
0.01710048990354398
0.01754059855172567
0.01801960887320419
0.01829732468662749
0.01836961798125179
0.0841001532230206
0.08626658226032648
0.08862457729435028
0.08999170626910487
0.09034759305768122
0.1814912300524501
0.1861679809403133
0.1912581976103857
0.1942093862393319
0.1949776248251653
0.2769270348655935
0.284060488386595
0.291824224470618
0.2963252742943291
0.297496942047796
0.3403805664621944
0.3491447987825524
0.3586831017722291
0.3642128227050001
0.3656522473720368
0.3720903714100535
0.3816688932581486
0.3920932846223513
0.3981366520392278
0.3997097766542262
0.4327100386377053
0.4438443791341644
0.4559617988193518
0.4629865915462448
0.4648151790674189
0.5172874471982761
0.5305913497197482
0.5450697314698768
0.5534631679941259
0.5556480116108655
0.5960493426962792
0.6113730038409448
0.6280493230139762
0.6377168923282689
0.6402333924856447
0.6460435115947279
0.662648828703866
0.6807198070548461
0.691195821633303
0.6939227472441595
0.2877746737129938
0.307053717610815
0.3323677717657832
0.3539645006770643
0.3664512988818195
0.3346895927032774
0.3571040852949471
0.3865333148566177
0.411639527736655
0.4261549429977742
0.4001583094835744
0.4269443380829293
0.4621112148007787
0.4921108523915026
0.509455002584509
0.4611328529297446
0.4919876717120838
0.5324952864187276
0.5670502169736797
0.5870277515062942
0.4998387234790946
0.5332756286155241
0.5771726970055043
0.614618599926422
0.6362673083788245
0.518595341840361
0.5532834231647947
0.598822879572915
0.6376694911953867
0.6601278119395148
0.553283423164814
0.5902851607912692
0.638861290746519
0.6802976239585083
0.704253096889903
0.5988228795727554
0.6388612907463769
0.6914231027118274
0.7362600518720401
0.762182924088431
0.6376694911949893
0.6802976239583063
0.7362600518720446
0.7840016619167164
0.8116068016166181
0.6601278119390691
0.704253096889784
0.7621829240884747
0.8116068016166198
0.8401867843362318
0.6702695757928104
0.6874958030577832
0.7062425478252583
0.7171104081782936
0.7199393718125263
0.7150710507288205
0.7334461559178101
0.7534438581331713
0.765037366276089
0.7680552866984974
0.7738899586354414
0.793776304061565
0.815420362653641
0.8279691747093939
0.8312358807260122
0.8240744488861558
0.8452539152064676
0.8683066268586427
0.8816724305485595
0.8851517818078223
0.8530951586578602
0.875023403306028
0.8988903583883711
0.9127271348787598
0.9163287662215542
0.8662026770327927
0.8884687559755962
0.9127019812845515
0.9267497666887661
0.9304060550746605
0.8884687559755342
0.9113074777576116
0.9361607042464463
0.9505644686957946
0.9543124392403985
0.9127019812844122
0.9361607042464339
0.9616747473809882
0.9764412231483336
0.9802773812620501
0.9267497666886759
0.9505644686958848
0.9764412231483847
0.99138044958704
0.9952499225729424
0.930406055074616
0.9543124392405579
0.9802773812621207
0.9952499225729126
0.9991211347648405
0.6702695757924139
0.7150710507287676
0.7738899586354721
0.8240744488861316
0.8530951586578449
0.6874958030575107
0.7334461559178193
0.7937763040615735
0.8452539152064192
0.8750234033059624
0.7062425478251184
0.7534438581331678
0.8154203626536306
0.8683066268585014
0.8988903583881727
0.7171104081781814
0.7650373662760251
0.8279691747093657
0.8816724305482813
0.9127271348784819
0.7199393718123857
0.7680552866984088
0.8312358807259613
0.8851517818074549
0.9163287662212608
0.3720903714102855
0.4327100386385058
0.5172874471989505
0.5960493426959057
0.6460435115940562
0.3816688932585459
0.4438443791351404
0.5305913497203012
0.6113730038403417
0.6626488287032076
0.3920932846229879
0.4559617988204858
0.5450697314702181
0.6280493230131713
0.6807198070543033
0.3981366520400585
0.4629865915474687
0.5534631679943468
0.6377168923273636
0.6911958216328433
0.3997097766551569
0.4648151790686907
0.5556480116110666
0.6402333924847101
0.6939227472437198
0.2877746737127403
0.3346895927032116
0.4001583094837114
0.4611328529298902
0.4998387234791516
0.3070537176105865
0.3571040852949865
0.4269443380832255
0.4919876717123396
0.5332756286156265
0.3323677717656646
0.3865333148568868
0.4621112148013107
0.5324952864189916
0.5771726970054467
0.3539645006771012
0.4116395277371751
0.4921108523921814
0.5670502169737164
0.6146185999260186
0.3664512988819789
0.4261549429984708
0.5094550025852064
0.5870277515060688
0.6362673083782056
0.01322762090146278
0.06503901433352552
0.1403417258894508
0.214148475414143
0.263237910300729
0.01411299570600361
0.06939606922326043
0.1497478842271791
0.2285006170096893
0.2808758929605294
0.01527566128023623
0.07511817755611808
0.1621009786884002
0.2473476460908967
0.3040360491421035
0.01626773716248523
0.0800011201872825
0.1726423418839739
0.2634289247094662
0.3237959013240099
0.01684140384785786
0.08282483625597353
0.1787381270282875
0.2727275678980273
0.3352209310323648
0.0171004899032983
0.08410015322363185
0.181491230051966
0.2769270348648779
0.3403805664621022
0.01754059855149229
0.08626658226094433
0.1861679809397477
0.2840604883858704
0.349144798782548
0.01801960887298451
0.08862457729497254
0.1912581976097123
0.2918242244698864
0.3586831017723717
0.01829732468641439
0.08999170626973042
0.1942093862385747
0.2963252742935871
0.3642128227052853
0.01836961798103847
0.09034759305830965
0.1949776248243646
0.2974969420470325
0.3656522473723959
0.01836961798103528
0.09034759305831216
0.1949776248243589
0.2974969420470173
0.3656522473723959
0.01829732468639809
0.08999170626974455
0.1942093862385549
0.2963252742935141
0.3642128227052827
0.01801960887294879
0.0886245772950075
0.1912581976096824
0.2918242244697214
0.3586831017723406
0.01754059855143754
0.08626658226100101
0.1861679809397163
0.2840604883856037
0.3491447987824398
0.01710048990322991
0.084100153223701
0.1814912300519468
0.2769270348645494
0.3403805664619087
0.3997097766551644
0.4648151790686982
0.5556480116110751
0.6402333924847169
0.6939227472437132
0.3981366520400953
0.4629865915475057
0.5534631679943858
0.6377168923273816
0.6911958216327985
0.3920932846230595
0.4559617988205692
0.5450697314702837
0.6280493230131775
0.6807198070542176
0.3816688932586222
0.4438443791352868
0.5305913497203931
0.6113730038403286
0.6626488287031245
0.3720903714103319
0.432710038638714
0.5172874471990953
0.5960493426958898
0.6460435115939729
0.3664512988819906
0.4261549429987071
0.5094550025853994
0.5870277515060607
0.6362673083781043
0.3539645006770108
0.4116395277374137
0.4921108523924958
0.5670502169737854
0.6146185999259028
0.3323677717653904
0.3865333148570307
0.4621112148017756
0.5324952864193032
0.5771726970054921
0.3070537176101213
0.3571040852949171
0.4269443380836915
0.4919876717129343
0.5332756286160411
0.2877746737121559
0.3346895927029296
0.4001583094840498
0.4611328529305838
0.4998387234798196
0.01684140384778178
0.0828248362560479
0.1787381270282813
0.2727275678976778
0.3352209310321205
0.01626773716239368
0.08000112018736513
0.1726423418839941
0.2634289247090928
0.3237959013236706
0.01527566128012253
0.07511817755620191
0.1621009786884707
0.2473476460905231
0.3040360491416358
0.01411299570586825
0.0693960692233293
0.1497478842273172
0.2285006170093698
0.2808758929599693
0.01322762090131203
0.06503901433357603
0.1403417258896352
0.2141484754138991
0.2632379103001489
0.01274897005183311
0.0626836390932148
0.1352568952137196
0.2063895147137397
0.2537020928579182
0.01176143622032751
0.05782442645737443
0.1247668776422229
0.1903819870213837
0.2340277135557171
0.01020632356702383
0.05017329097455213
0.1082503307716766
0.1651763970906953
0.2030457056887153
0.008537333579385886
0.0419631571854002
0.0905284406739067
0.1381299283881982
0.1697981010773116
0.00734172494769337
0.03608256159988565
0.07783616712217299
0.1187592309203739
0.1459848810924862
0.006716507342675065
0.03300773643583451
0.07120017788566071
0.1086316299356506
0.1335343390601588
0.005465710708601214
0.02685696623050185
0.05792700257807227
0.08837523183156867
0.1086316299356397
0.003584709693911632
0.01760891799050955
0.03797365925394751
0.05792700257804054
0.07120017788561665
0.001663918229665893
0.008167584353216956
0.01760891799043686
0.02685696623039174
0.03300773643570645
0.0003404690374433203
0.00166391822957066
0.003584709693738285
0.005465710708380055
0.0067165073424285
0.1459848810924838
0.1697981010773188
0.20304570568874
0.2340277135557312
0.2537020928579065
0.1187592309203597
0.1381299283881876
0.165176397090707
0.1903819870214189
0.2063895147137804
0.07783616712212281
0.09052844067385009
0.108250330771629
0.1247668776421967
0.1352568952137113
0.03608256159975032
0.04196315718525281
0.05017329097439278
0.05782442645720934
0.06268363909304722
0.007341724947436225
0.008537333579110715
0.01020632356672578
0.0117614362200079
0.01274897005149966
0.2773513558320219
0.3225705368629496
0.3856749983878316
0.4444491274852407
0.4817586759222802
0.2558452710548684
0.297564433499894
0.355788934050899
0.4100214313488887
0.4444491274852375
0.2219771866773869
0.2581808147066102
0.3087142709724197
0.3557889340508952
0.3856749983878305
0.1856305261971744
0.2159101694102049
0.2581808147066084
0.2975644334998685
0.3225705368629098
0.1595966840021719
0.1856305261971821
0.2219771866774012
0.2558452710548525
0.2773513558319733
0.499838723479804
0.5332756286159985
0.5771726970054611
0.6146185999259638
0.6362673083782309
0.461132852930574
0.4919876717129074
0.5324952864192389
0.5670502169737167
0.5870277515060355
0.4001583094840556
0.4269443380837177
0.4621112148017866
0.492110852392432
0.5094550025852825
0.3346895927028893
0.3571040852949087
0.3865333148571087
0.4116395277375641
0.426154942998877
0.287774673712093
0.3070537176100503
0.3323677717653641
0.3539645006770752
0.3664512988821202
0.2632379103001207
0.2808758929599101
0.3040360491415487
0.323795901323585
0.3352209310320489
0.214148475413936
0.2285006170093938
0.2473476460905162
0.2634289247090428
0.2727275678975987
0.140341725889636
0.1497478842273376
0.1621009786885167
0.1726423418840554
0.1787381270283511
0.06503901433340718
0.06939606922316047
0.07511817755603745
0.08000112018720884
0.08282483625589887
0.01322762090097182
0.01411299570551454
0.01527566127974908
0.01626773716200037
0.01684140384737533
0.3403805664618429
0.3491447987823769
0.3586831017722757
0.3642128227052037
0.3656522473722887
0.2769270348644566
0.2840604883854719
0.2918242244695203
0.2963252742932464
0.2974969420467067
0.1814912300520236
0.1861679809398085
0.191258197609798
0.1942093862386969
0.194977624824519
0.08410015322355631
0.08626658226086302
0.08862457729487515
0.08999170626961504
0.09034759305818259
0.01710048990281711
0.01754059855101283
0.01801960887250661
0.01829732468593805
0.0183696179805637
0.6460435115941061
0.662648828703234
0.6807198070542777
0.6911958216328165
0.6939227472437073
0.5960493426959058
0.6113730038403921
0.6280493230132457
0.6377168923274359
0.6402333924847715
0.5172874471989627
0.5305913497202501
0.5450697314701406
0.5534631679942356
0.5556480116109281
0.4327100386388849
0.4438443791354346
0.4559617988206602
0.4629865915475684
0.4648151790687629
0.3720903714104885
0.3816688932588124
0.3920932846232633
0.3981366520402863
0.3997097766553353
0.8530951586579522
0.8750234033058709
0.8988903583879483
0.9127271348782977
0.9163287662211173
0.8240744488864038
0.8452539152066352
0.8683066268585644
0.8816724305482996
0.8851517818075308
0.7738899586355277
0.7937763040617937
0.8154203626539765
0.8279691747097389
0.8312358807263306
0.7150710507284893
0.7334461559176062
0.7534438581331204
0.765037366276088
0.7680552866985001
0.6702695757922742
0.687495803057297
0.7062425478248835
0.717110408177983
0.719939371812229
0.6601278119388901
0.7042530968894795
0.7621829240883516
0.8116068016168139
0.8401867843364369
0.6376694911948009
0.6802976239579938
0.7362600518717968
0.7840016619167791
0.8116068016168498
0.5988228795726728
0.6388612907460784
0.6914231027114277
0.7362600518718325
0.7621829240884276
0.5532834231650745
0.5902851607911963
0.6388612907461044
0.6802976239580423
0.7042530968895208
0.5185953418409358
0.5532834231650567
0.5988228795726803
0.6376694911948748
0.6601278119389716
0.7199393718123694
0.7680552866984112
0.8312358807259671
0.8851517818074467
0.9163287662212636
0.7171104081780976
0.7650373662760142
0.8279691747094108
0.8816724305482344
0.9127271348784377
0.7062425478249512
0.753443858133064
0.8154203626537267
0.8683066268584855
0.8988903583880355
0.6874958030573124
0.7334461559175751
0.7937763040616334
0.84525391520656
0.8750234033058836
0.6702695757922285
0.7150710507284596
0.7738899586354232
0.8240744488863525
0.8530951586579492
0.9304060550746263
0.954312439240548
0.9802773812620929
0.9952499225729111
0.9991211347648687
0.9267497666886808
0.9505644686958803
0.9764412231483141
0.9913804495869546
0.9952499225728911
0.9127019812842996
0.9361607042463856
0.9616747473809542
0.9764412231482275
0.9802773812619153
0.8884687559753337
0.9113074777573948
0.9361607042463596
0.9505644686958119
0.9543124392404391
0.8662026770327259
0.8884687559753242
0.9127019812842305
0.926749766688589
0.9304060550745502
0.9991211347649329
0.9952499225729409
0.9802773812618119
0.9543124392402749
0.9304060550746207
0.9952499225729224
0.991380449586921
0.9764412231480432
0.9505644686956511
0.9267497666887292
0.9802773812618996
0.9764412231481086
0.9616747473807431
0.9361607042463672
0.9127019812846336
0.9543124392404334
0.9505644686957542
0.9361607042463624
0.9113074777577128
0.8884687559758598
0.9304060550745481
0.9267497666886304
0.912701981284471
0.888468755975765
0.8662026770331192
0.9163287662215224
0.8851517818081516
0.8312358807264705
0.7680552866984698
0.719939371812413
0.9127271348787912
0.881672430548926
0.8279691747098269
0.7650373662760787
0.7171104081781777
0.8988903583885688
0.8683066268590426
0.8154203626539896
0.7534438581331617
0.706242547825084
0.8750234033063651
0.8452539152068602
0.7937763040618128
0.7334461559177184
0.687495803057476
0.853095158658206
0.8240744488864942
0.7738899586355913
0.7150710507286151
0.6702695757924082
0.8401867843365609
0.8116068016169163
0.762182924088516
0.7042530968896313
0.6601278119390726
0.8116068016169058
0.7840016619168928
0.7362600518719594
0.6802976239581321
0.6376694911949654
0.7621829240885302
0.7362600518719545
0.6914231027115504
0.6388612907461863
0.5988228795727625
0.7042530968895568
0.6802976239580433
0.6388612907461351
0.5902851607912214
0.5532834231649418
0.6601278119388595
0.637669491194813
0.5988228795726875
0.5532834231649221
0.5185953418404972
0.9163287662211305
0.9127271348784273
0.8988903583882725
0.8750234033062232
0.8530951586581696
0.8851517818075664
0.8816724305484459
0.8683066268587565
0.8452539152067529
0.8240744488864601
0.8312358807263331
0.8279691747097294
0.8154203626539557
0.7937763040618241
0.7738899586356114
0.7680552866985061
0.7650373662761085
0.753443858133175
0.733446155917703
0.7150710507285649
0.7199393718122432
0.7171104081780362
0.7062425478249378
0.6874958030572849
0.6702695757921849
0.6939227472437073
0.6911958216328112
0.6807198070542295
0.6626488287031183
0.6460435115939747
0.6402333924847667
0.637716892327405
0.6280493230131714
0.6113730038403039
0.5960493426958512
0.5556480116109268
0.5534631679942181
0.5450697314700834
0.5305913497201343
0.5172874471987766
0.4648151790687472
0.4629865915474852
0.4559617988204477
0.4438443791350628
0.4327100386384081
0.3997097766553124
0.3981366520401726
0.392093284623008
0.3816688932584208
0.3720903714100335
0.3656522473722633
0.3642128227050906
0.3586831017720547
0.3491447987820707
0.3403805664615034
0.2974969420467001
0.2963252742932189
0.2918242244694821
0.2840604883854559
0.2769270348644789
0.194977624824533
0.1942093862387698
0.1912581976099572
0.1861679809400432
0.1814912300523037
0.0903475930581788
0.08999170626959886
0.08862457729483859
0.08626658226079835
0.08410015322347195
0.01836961798056165
0.01829732468592826
0.01801960887248694
0.01754059855098587
0.01710048990278699
0.3352209310317047
0.3237959013232486
0.3040360491412851
0.2808758929598164
0.2632379103001989
0.2727275678976451
0.2634289247091374
0.24734764609071
0.228500617009725
0.2141484754143667
0.178738127028651
0.1726423418843779
0.1621009786888543
0.1497478842276719
0.1403417258899465
0.08282483625580571
0.08000112018709712
0.07511817755589495
0.06939606922298183
0.06503901433320136
0.01684140384734438
0.01626773716196928
0.01527566127972131
0.01411299570549479
0.0132276209009599
0.6362673083781289
0.6146185999259528
0.57717269700545
0.5332756286157103
0.4998387234791755
0.5870277515060074
0.5670502169736699
0.532495286418991
0.4919876717122953
0.461132852929686
0.5094550025850429
0.4921108523920505
0.4621112148011525
0.4269443380828526
0.4001583094830873
0.426154942998356
0.4116395277369598
0.386533314856412
0.3571040852942072
0.3346895927022637
0.3664512988816508
0.3539645006765897
0.3323677717649028
0.3070537176097128
0.2877746737119152
0.4817586759214684
0.4444491274841071
0.3856749983865068
0.3225705368620794
0.2773513558319128
0.4444491274842305
0.4100214313476931
0.3557889340497831
0.2975644334994585
0.2558452710551261
0.3856749983868331
0.3557889340499465
0.3087142709719011
0.2581808147068151
0.2219771866780064
0.3225705368623553
0.2975644334995544
0.258180814706786
0.2159101694107998
0.1856305261978415
0.2773513558319043
0.2558452710550318
0.2219771866779049
0.1856305261978089
0.159596684002698
0.2537020928580849
0.2340277135561045
0.2030457056893112
0.1697981010778848
0.1459848810929004
0.2063895147142547
0.1903819870219479
0.1651763970912128
0.1381299283885284
0.1187592309205168
0.1352568952139976
0.1247668776424091
0.1082503307716932
0.09052844067374843
0.07783616712190951
0.06268363909282666
0.05782442645696204
0.05017329097411561
0.04196315718496222
0.03608256159946576
0.01274897005149243
0.0117614362200109
0.01020632356674679
0.008537333579154661
0.007341724947498823
0.1335343390604581
0.1086316299356799
0.07120017788530739
0.03300773643542303
0.006716507342664198
0.1086316299356887
0.08837523183140215
0.05792700257767087
0.02685696623016173
0.005465710708624966
0.07120017788535017
0.05792700257769512
0.03797365925358034
0.01760891799030897
0.003584709693989997
0.0330077364354311
0.02685696623014892
0.01760891799028225
0.008167584353210565
0.001663918229805734
0.006716507342501313
0.005465710708474114
0.003584709693866924
0.001663918229735968
0.0003404690376323554
0.2537020928582478
0.206389514714484
0.1352568952140368
0.06268363909269484
0.0127489700516673
0.2340277135562746
0.1903819870221184
0.1247668776424051
0.05782442645684789
0.01176143622018703
0.2030457056894204
0.1651763970912909
0.1082503307716504
0.05017329097403305
0.01020632356692298
0.1697981010779141
0.1381299283885415
0.09052844067369478
0.04196315718491613
0.008537333579327237
0.1459848810929013
0.11875923092051
0.07783616712186039
0.03608256159944468
0.007341724947665723
0.3352209310310568
0.272727567897838
0.178738127029072
0.08282483625562491
0.01684140384751097
0.3237959013228008
0.2634289247093953
0.1726423418847293
0.08000112018691835
0.01626773716213941
0.304036049141119
0.2473476460910243
0.1621009786890992
0.07511817755572467
0.01527566127989506
0.2808758929598639
0.2285006170100254
0.1497478842278066
0.06939606922282959
0.01411299570566897
0.2632379103003355
0.214148475414622
0.1403417258900135
0.06503901433306268
0.01322762090113408
0.6362673083783609
0.5870277515062046
0.5094550025848187
0.4261549429973447
0.3664512988805912
0.6146185999261063
0.5670502169737824
0.4921108523917279
0.4116395277359932
0.3539645006757199
0.5771726970055356
0.5324952864189861
0.4621112148006997
0.3865333148555951
0.3323677717643593
0.5332756286157302
0.4919876717121727
0.4269443380823778
0.3571040852936402
0.3070537176094833
0.4998387234791654
0.4611328529295384
0.4001583094826927
0.3346895927018887
0.2877746737118553
0.6939227472439529
0.6402333924852569
0.5556480116110104
0.4648151790675277
0.3997097766537425
0.6911958216330448
0.6377168923278738
0.5534631679942974
0.462986591546328
0.3981366520386584
0.6807198070544855
0.6280493230136043
0.5450697314700975
0.4559617988193538
0.3920932846216045
0.6626488287034046
0.6113730038406604
0.5305913497200362
0.4438443791340106
0.381668893257162
0.6460435115942487
0.5960493426961092
0.5172874471985933
0.4327100386373824
0.3720903714088979
0.3656522473709954
0.2974969420466366
0.1949776248252777
0.09034759305797656
0.01836961798072162
0.36421282270388
0.296325274293173
0.1942093862394674
0.08999170626940499
0.01829732468608705
0.3586831017709701
0.2918242244694901
0.1912581976105739
0.08862457729464972
0.0180196088726466
0.3491447987811667
0.2840604883855494
0.1861679809405715
0.08626658226061258
0.01754059855114848
0.3403805664607604
0.2769270348646383
0.1814912300527626
0.08410015322328944
0.01710048990295213
0.3403805664610117
0.2769270348648116
0.1814912300528655
0.08410015322320892
0.01710048990302492
0.349144798781367
0.2840604883856924
0.1861679809406605
0.08626658226054992
0.01754059855120271
0.3586831017710889
0.2918242244695878
0.1912581976106322
0.08862457729461157
0.01801960887267967
0.3642128227039275
0.2963252742932089
0.1942093862394931
0.08999170626938864
0.01829732468610207
0.3656522473710042
0.29749694204664
0.1949776248252828
0.09034759305797342
0.01836961798072468
0.2632379103009522
0.2141484754149652
0.1403417258898915
0.06503901433292557
0.01322762090135991
0.28087589296043
0.2285006170104011
0.1497478842277611
0.0693960692226854
0.01411299570586274
0.3040360491415545
0.2473476460913713
0.162100978689141
0.07511817755559416
0.01527566128004332
0.3237959013231276
0.2634289247096672
0.1726423418848216
0.08000112018681141
0.01626773716224783
0.3352209310313319
0.2727275678980419
0.1787381270291764
0.08282483625553518
0.01684140384759526
0.4998387234788667
0.4611328529290938
0.4001583094825032
0.3346895927023656
0.2877746737125456
0.5332756286156768
0.491987671711849
0.4269443380820828
0.3571040852939025
0.3070537176100518
0.5771726970058637
0.5324952864189245
0.462111214800384
0.3865333148556596
0.332367771764758
0.6146185999266222
0.5670502169739899
0.4921108523914658
0.4116395277359414
0.3539645006760178
0.6362673083788268
0.587027751506525
0.5094550025846329
0.4261549429972476
0.3664512988808461
0.646043511594645
0.5960493426964404
0.5172874471984582
0.4327100386372747
0.3720903714091224
0.6626488287036794
0.6113730038409546
0.530591349719965
0.4438443791339012
0.3816688932573185
0.6807198070546298
0.6280493230137966
0.5450697314700658
0.4559617988192675
0.3920932846216808
0.6911958216331177
0.6377168923279622
0.5534631679942776
0.4629865915462817
0.3981366520386865
0.6939227472439732
0.6402333924852762
0.5556480116110044
0.4648151790675172
0.3997097766537485
0.8530951586583516
0.824074448886662
0.7738899586356192
0.7150710507286451
0.6702695757926266
0.8750234033064122
0.8452539152069939
0.7937763040618983
0.733446155917713
0.6874958030575733
0.8988903583885521
0.868306626859076
0.8154203626541061
0.7534438581331615
0.7062425478250944
0.9127271348787902
0.8816724305489088
0.8279691747098961
0.7650373662760761
0.7171104081781693
0.9163287662215285
0.8851517818081452
0.8312358807264839
0.7680552866984661
0.7199393718124106
0.9304060550746718
0.9267497666888262
0.912701981284694
0.8884687559758586
0.8662026770331884
0.9543124392403868
0.9505644686957627
0.9361607042464845
0.9113074777578285
0.8884687559758938
0.9802773812620219
0.976441223148181
0.9616747473807938
0.9361607042464722
0.9127019812846883
0.9952499225729701
0.9913804495869676
0.9764412231480759
0.9505644686957064
0.9267497666887879
0.9991211347649053
0.9952499225729349
0.9802773812618233
0.9543124392402863
0.9304060550746382
0.7199393718125223
0.7171104081782804
0.7062425478252294
0.6874958030577384
0.6702695757927792
0.7680552866985034
0.7650373662761212
0.7534438581331997
0.7334461559177732
0.7150710507287429
0.8312358807260353
0.8279691747095098
0.8154203626538538
0.7937763040617681
0.773889958635556
0.8851517818078459
0.8816724305486459
0.8683066268588432
0.8452539152068356
0.8240744488865746
0.916328766221569
0.912727134878817
0.8988903583885119
0.8750234033063337
0.853095158658315
0.6601278119394985
0.6376694911954892
0.598822879573235
0.5532834231650621
0.5185953418403181
0.7042530968898114
0.6802976239584565
0.6388612907467061
0.5902851607916582
0.5532834231650701
0.7621829240884822
0.7362600518719615
0.6914231027117868
0.6388612907466935
0.5988228795732403
0.8116068016170122
0.7840016619169076
0.7362600518719548
0.6802976239583864
0.6376694911954408
0.840186784336764
0.8116068016170658
0.7621829240885114
0.7042530968897056
0.6601278119393805
0.3664512988813358
0.3539645006766213
0.3323677717654639
0.3070537176106967
0.2877746737130484
0.4261549429972002
0.4116395277359886
0.3865333148558992
0.3571040852943045
0.3346895927027851
0.5094550025844961
0.4921108523913366
0.4621112148002904
0.4269443380821148
0.4001583094826336
0.5870277515065309
0.5670502169739687
0.5324952864188649
0.4919876717117978
0.4611328529290777
0.6362673083789007
0.6146185999266458
0.5771726970058583
0.5332756286156686
0.49983872347886
0.3997097766541922
0.3981366520390708
0.3920932846220295
0.3816688932576944
0.372090371409562
0.4648151790674033
0.4629865915461645
0.4559617988191494
0.4438443791337943
0.4327100386371982
0.555648011610872
0.5534631679941503
0.5450697314699281
0.5305913497198161
0.5172874471983108
0.6402333924856518
0.637716892328289
0.6280493230140115
0.6113730038410408
0.5960493426964597
0.6939227472441624
0.6911958216333057
0.6807198070548315
0.6626488287038538
0.6460435115947587
0.01836961798125042
0.01829732468662065
0.01801960887318973
0.01754059855170439
0.01710048990351804
0.09034759305768196
0.08999170626911167
0.0886245772943668
0.08626658226034603
0.08410015322303797
0.1949776248251777
0.1942093862393967
0.1912581976105288
0.186167980940527
0.181491230052705
0.297496942047803
0.296325274294359
0.2918242244706935
0.2840604883867457
0.2769270348658014
0.3656522473720145
0.3642128227048942
0.3586831017720337
0.3491447987823358
0.3403805664620127
0.01684140384808152
0.0162677371627182
0.01527566128048906
0.01411299570628339
0.01322762090176447
0.08282483625538271
0.08000112018669578
0.07511817755553332
0.06939606922267541
0.06503901433294261
0.1787381270290026
0.172642341884624
0.1621009786889265
0.1497478842275619
0.1403417258897217
0.2727275678989659
0.2634289247104172
0.2473476460918478
0.2285006170106205
0.2141484754150439
0.3352209310323437
0.3237959013241211
0.3040360491424149
0.280875892961035
0.2632379103013478
0.01274897005230577
0.011761436220842
0.01020632356760424
0.008537333580035679
0.007341724948391848
0.06268363909259581
0.05782442645679262
0.05017329097405584
0.04196315718503912
0.03608256159964868
0.1352568952137238
0.1247668776420641
0.1082503307712908
0.09052844067335331
0.07783616712157307
0.2063895147148108
0.1903819870222691
0.1651763970912069
0.1381299283882607
0.1187592309201412
0.2537020928591524
0.2340277135569497
0.2030457056897459
0.169798101077904
0.1459848810926872
0.006716507343398887
0.005465710709375855
0.003584709694760739
0.001663918230583214
0.0003404690383982169
0.03300773643567058
0.02685696623050056
0.01760891799079683
0.008167584353847679
0.001663918230457849
0.07120017788506587
0.05792700257754412
0.03797365925369518
0.01760891799071523
0.003584709694535874
0.1086316299352921
0.08837523183104155
0.05792700257753849
0.02685696623039489
0.005465710709094526
0.1335343390601583
0.1086316299353069
0.07120017788507561
0.03300773643556409
0.00671650734308798
0.1459848810926917
0.1187592309201618
0.07783616712159266
0.03608256159954578
0.007341724948068224
0.1697981010779249
0.1381299283882978
0.09052844067339319
0.04196315718494835
0.008537333579691456
0.2030457056897532
0.165176397091266
0.1082503307713688
0.05017329097398808
0.01020632356723773
0.2340277135568253
0.190381987022304
0.1247668776421857
0.05782442645674786
0.01176143622045756
0.2537020928588604
0.2063895147147838
0.1352568952138761
0.06268363909256838
0.0127489700519086
0.277351355833048
0.2558452710560648
0.2219771866785706
0.1856305261980095
0.1595966840026078
0.3225705368630662
0.297564433500498
0.2581808147077038
0.2159101694113327
0.1856305261980206
0.3856749983865848
0.3557889340501751
0.3087142709726706
0.2581808147076207
0.2219771866785308
0.4444491274836214
0.4100214313473033
0.3557889340500492
0.2975644335002283
0.2558452710558388
0.4817586759210483
0.444449127483617
0.3856749983864295
0.3225705368626802
0.2773513558326394
