FiniteElementSpace
FiniteElementCollection: L2_2D_P3
VDim: 1
Ordering: 0

2.454716465818849e+93
-7.188097163078261e+93
-1.905585824482302e+94
-2.548305800339698e+94
-1.806689263798502e+95
-1.654592507849716e+95
-1.361800838540723e+95
-1.141624660089617e+95
4.252757855980177e+95
6.241407007731989e+95
8.577559454650528e+95
1.01299274258264e+96
1.296472370299023e+96
1.568405499179104e+96
1.827945486175306e+96
1.926693513743605e+96
-2.861194341645471e+94
-3.232969620852582e+94
-3.665239427270474e+94
-3.818831525842008e+94
-1.024184163545848e+95
-8.506043807443017e+94
-6.689550569135613e+94
-6.05636220849226e+94
1.081713577949403e+96
1.18952185067902e+96
1.272287624578284e+96
1.296605520246797e+96
1.95692647741317e+96
1.958955338180014e+96
1.948669614878501e+96
1.942298026397103e+96
1.890526646194538e+96
1.740647375793652e+96
1.591655876393421e+96
1.535715039085967e+96
-4.743140428628408e+95
-1.181229670303495e+96
-1.836304741827028e+96
-2.054431246539464e+96
-5.610494581425133e+96
-6.40370932547754e+96
-6.84756732798128e+96
-6.924995551991271e+96
-7.011001434307128e+96
-6.071543086050159e+96
-4.722784403237305e+96
-4.181880532807745e+96
1.751660667400401e+96
1.966824612239711e+96
2.041788840950277e+96
1.953473171992377e+96
1.953064064770644e+96
1.600188424820353e+96
7.458617308957251e+95
-4.548609558462432e+94
4.298929684572594e+95
-1.201863871590127e+96
-3.491361637560805e+96
-5.001722021686986e+96
-1.946214323842275e+96
-4.364188580576148e+96
-6.671671890266347e+96
-7.186939403134698e+96
