FiniteElementSpace
FiniteElementCollection: L2_2D_P3
VDim: 1
Ordering: 0

0.60034717
0.59914254
0.595215
0.59040903
0.56801087
0.56687103
0.56315479
0.55860743
0.5235971
0.52254639
0.5191207
0.51492887
0.48796699
0.48698777
0.48379518
0.4798886
0.58721553
0.58004645
0.5684143
0.55778193
0.55558578
0.54880254
0.53779654
0.52773665
0.51214347
0.5058906
0.49574518
0.48647191
0.47729276
0.47146541
0.46201043
0.45336823
0.45820434
0.45261005
0.44353316
0.43523652
0.42147661
0.41633067
0.40798131
0.40034973
0.37191442
0.36737376
0.36000648
0.35327255
0.33279559
0.32873262
0.32214037
0.31611481
0.46845153
0.46751151
0.46444666
0.46069636
0.43090265
0.43003794
0.42721868
0.42376892
0.38023176
0.37946876
0.3769811
0.3739371
0.34023795
0.33955521
0.33732925
0.33460548
0.31855458
0.31791537
0.31583131
0.31328115
0.27723893
0.27668261
0.27486879
0.27264931
0.2222583
0.2218123
0.22035817
0.21857884
0.17943543
0.17907536
0.17790141
0.17646491
0.15641576
0.15610189
0.15507854
0.15382633
0.11291893
0.11269233
0.11195356
0.11104956
0.055740868
0.055629012
0.055264327
0.054818081
0.011735352
0.011711802
0.011635022
0.011541071
0.15299425
0.15112635
0.14809563
0.14532545
0.11044887
0.1091004
0.10691247
0.10491262
0.054521559
0.053855904
0.052775866
0.051788671
0.011478641
0.011338497
0.011111112
0.010903274
0.3115866
0.30778256
0.30161039
0.29596877
0.27117451
0.26786374
0.26249195
0.25758193
0.2173965
0.2147423
0.21043581
0.20649952
0.17551038
0.17336758
0.16989084
0.16671298
0.29264474
0.28582194
0.27579869
0.2672823
0.25468897
0.24875097
0.24002762
0.23261573
0.20418029
0.1994199
0.19242655
0.18648459
0.1648406
0.16099742
0.1553515
0.15055439
0.14369327
0.14034312
0.1354215
0.1312398
0.10373432
0.10131579
0.097762779
0.09474393
0.051207021
0.050013146
0.048259257
0.046769049
0.010780817
0.010529466
0.010160214
0.0098464785
0.12887024
0.12416658
0.11754317
0.11211064
0.093033303
0.089637643
0.084856094
0.080934258
0.045924624
0.044248413
0.041888079
0.03995213
0.0096687009
0.009315801
0.0088188671
0.0084112834
0.26245648
0.25287705
0.23938785
0.22832396
0.22841579
0.22007876
0.20833909
0.1987102
0.18311758
0.17643396
0.16702252
0.15930323
0.14783612
0.14244024
0.13484209
0.12861008
0.38595392
0.37186702
0.35203095
0.33576146
0.35501824
0.34206067
0.32381467
0.30884923
0.31327256
0.30183866
0.28573805
0.27253219
0.28032188
0.27009045
0.25568312
0.24386617
0.43034818
0.42031456
0.40557449
0.39305054
0.39585327
0.38662402
0.37306571
0.36154589
0.34930497
0.34116128
0.32919762
0.31903258
0.31256458
0.30527747
0.2945721
0.28547613
0.55151735
0.5386588
0.51976854
0.50371819
0.52180941
0.50964335
0.49177052
0.47658473
0.48100816
0.46979345
0.45331821
0.43931986
0.44827628
0.4378247
0.42247056
0.4094248
0.49462326
0.47656954
0.4511474
0.43029615
0.46797974
0.45089848
0.42684577
0.40711782
0.43138771
0.41564212
0.39347037
0.37528533
0.40203245
0.38735849
0.36669586
0.34974856
