FiniteElementSpace
FiniteElementCollection: L2_2D_P2
VDim: 1
Ordering: 0

0.6406589066142148
0.6691827006431293
0.6967526025481638
0.6423214730541001
0.6709188348314398
0.6985617099744997
0.6430560350385969
0.6716860419038323
0.6993612864828995
0.6320935271350395
0.6602398083622598
0.6874369984269605
0.6361384017735741
0.6644630086856586
0.6918356690799862
0.6392639887291827
0.6677262686597418
0.6952350783937666
0.5552720608446899
0.5856929681295213
0.615274597459872
0.558825651905685
0.5894395999715817
0.6192120893528671
0.5615715517768681
0.5923346640665837
0.6222550773181212
0.5627970026355906
0.593626786015849
0.6236134735820443
0.5642576126199681
0.5951670552045589
0.6252328433567603
0.5649029771331373
0.5958477098402916
0.6259485306861052
0.4795049725579624
0.5123447655875282
0.544460043732432
0.480749460402033
0.5136742755163913
0.5458740761504373
0.4812993353263379
0.5142617986573026
0.5464990257939875
0.3915897773084891
0.4261207345804222
0.4600532162867146
0.3926060508891602
0.4272264925330854
0.4612480658632121
0.3930551049938522
0.4277151232457801
0.4617761137285146
0.3863541645759801
0.4204252194343046
0.4539002142093136
0.3888266763554455
0.4231147860325652
0.4568055676371234
0.3907371589672105
0.425193112324776
0.4590509023887606
0.4730935392591978
0.5054967028294165
0.537178587688352
0.4761213138030538
0.5087305595856375
0.5406167699799983
0.478460868093617
0.5112294463294182
0.543273893963455
0.4621265231603845
0.4937822060015099
0.5247266409651893
0.4669080578517744
0.4988899469045573
0.5301555051729776
0.4710149264207829
0.5032766321685059
0.5348184463694489
0.3773980766841292
0.4106826592149704
0.4433780925955231
0.3813029240447136
0.4149305627664832
0.4479655535031419
0.3846567330372887
0.418578830535445
0.4519058325952898
0.3648086581254979
0.3969856747587711
0.4285884356512195
0.370107913958048
0.402751413260075
0.4348138232624428
0.3748723884621184
0.407934974463213
0.4404109734395275
0.4467109561021192
0.4773127526198263
0.5072239302404169
0.4531997872700734
0.4842455281594246
0.5145914117644288
0.4590338264748461
0.49047833012298
0.5212152898434919
0.5243085286281035
0.5530390888366336
0.5809686992881237
0.5319241418231868
0.5610713857924057
0.5894065642306507
0.5387711598477695
0.5682927115457569
0.5969927129766729
0.5424008137308909
0.5721205956024804
0.6010141192565287
0.5480125455460012
0.5780384375825814
0.6072315171845366
0.552832502915565
0.583120832915961
0.6125716956991121
0.6174431188589458
0.6449407182839438
0.6715059907454872
0.6238305334035266
0.6516114589900531
0.6784517913639776
0.6293167396187587
0.6573404578605879
0.6844175184123279
0.5968497405781065
0.623431695582244
0.6491114827329048
0.6055182017459474
0.6324858137063694
0.6585382807086946
0.613311744580763
0.640625833273901
0.6670134065353361
0.5705106456498259
0.5959203430522932
0.6204674789229681
0.5813771666744563
0.6072705060603701
0.63228497297286
0.5914033803928217
0.6177429480184744
0.6431885626633986
0.5011687524828274
0.5286323308700608
0.5553300389477936
0.5107153121614498
0.5387016863644964
0.5659076288734798
0.5195236906270155
0.5479923320710366
0.5756671995127433
0.4732034554911038
0.4991351261101994
0.5243438884282674
0.4845892544343228
0.5111447275404878
0.5369597533458618
0.4952745311334595
0.5224153017678175
0.5487992116183414
0.5386780756867252
0.5626710415889145
0.5858492486154674
0.551638546926473
0.576208334644824
0.5999438696445423
0.5638014262046553
0.5889125300998982
0.6131711123748455
0.5016574478315057
0.5240026191345446
0.5455890420723746
0.516587457231753
0.5395972576367852
0.5618256189826604
0.5307703166217521
0.5544113661960045
0.5772495361393313
0.4598054620631304
0.4802866477624537
0.5000728609364271
0.4765609377062288
0.4977885229027291
0.51829562443693
0.4926271568619967
0.5145702685379806
0.5357683840169113
0.4039176505679427
0.4260522069485544
0.4475698151609551
0.4186363586659479
0.4415775321289
0.4638793463297528
0.4327495295784105
0.4564641774437925
0.4795179616291861
0.4406820835933342
0.4648314966396387
0.4883079553400976
0.4537973806744977
0.478665617330878
0.5028407888600782
0.4662565868160924
0.4918076091032441
0.5166464093770256
0.3754616910277361
0.4011829674537514
0.4263225923788322
0.3866358981229699
0.4131225821456914
0.4390104597077531
0.3972510119859169
0.4244648247572702
0.4510635700228574
0.3441380365023085
0.3677137451048352
0.3907561491264226
0.3566785495333945
0.3811132836020089
0.4049952919109402
0.3687031098445879
0.3939614718570691
0.418648554335988
0.2810413548374623
0.3058313485253051
0.33017697057708
0.2912825531073356
0.3169758668583045
0.3422087361099432
0.3011023907639228
0.3276618794055951
0.3537454798500363
0.3066217922201575
0.3336681320999836
0.3602299023789307
0.3157472714420476
0.3435985539612512
0.3709508585567591
0.3244161949754681
0.3530321237058665
0.3811353751702888
0.3292496970502688
0.3582919563119452
0.3868139072940158
0.3371717495593433
0.3669127237407819
0.3961209043698232
0.3446064339963092
0.3750030367221621
0.404855226322018
0.4031696202556269
0.4307888710279059
0.4577840178960441
0.4128701079260146
0.4411539250086825
0.4687987675470168
0.4219737797877898
0.4508812919079325
0.4791358410573963
0.4269955835614617
0.4562471465679666
0.4848380209798681
0.4351292522958727
0.4649379999958807
0.4940735755055587
0.4426341245374276
0.4729568278401183
0.5025949801739957
0.3487075995101155
0.3794658083962739
0.4096732685923822
0.355350154387812
0.3866939012608779
0.4174768729899169
0.3614792045249028
0.3933629882621612
0.4246771150923594
0.2670553059532974
0.2990250317916926
0.3305595923067597
0.272142768788288
0.3047207644129191
0.3368563311303467
0.2768369375039854
0.3099759533148678
0.3426662581934502
0.1828147793287051
0.2156929816959621
0.2482550385350385
0.1862982526968987
0.219801711509463
0.2529843770141906
0.189512388230986
0.2235926172031424
0.2573481042075791
0.1726106667398398
0.2036564382947292
0.2344014453579171
0.1767651379793586
0.2085571198511257
0.2400418016102994
0.1806640390258227
0.2131561333666758
0.2453351159270437
0.2521527333963543
0.2823397894324962
0.3121145561603905
0.2582201311684895
0.2891330981755651
0.3196242717307982
0.2639142672877456
0.2955083472619653
0.3266719312129958
0.2348222796489278
0.2629355786693486
0.2906643118460313
0.2418114102326381
0.2707610445612464
0.2993148892478479
0.2484508262166124
0.2781949310492288
0.3075326258578435
0.2152298706627494
0.2409989333253644
0.266415004997605
0.223073863299672
0.2497814355833189
0.2761233324016929
0.2305949821631478
0.2582024580674211
0.2854321484780128
0.1473303218373817
0.173831932013553
0.2000766301738562
0.1527006287123751
0.1801679193047584
0.2073687389389989
0.1578500567826572
0.1862431607085885
0.2143606735913989
0.1607444132854765
0.1896578181480107
0.2182905437279188
0.1655298357072637
0.1953033504803662
0.2247879002532615
0.1700759019252115
0.2006663012941928
0.2309600765698714
0.08509978163007426
0.1145355792127742
0.1437965933874035
0.08763434224185046
0.1179453665715919
0.1480774638041602
0.09004209365728781
0.1211844707954714
0.1521442012400151
0.07799498020537222
0.104976835381478
0.1317967435860516
0.08083938269747099
0.1088037938097873
0.1366009003070088
0.08356678925272215
0.1124731871992665
0.1412074089717787
0.007917395641387317
0.03509682541457525
0.06222759784104316
0.008205865233943043
0.03637614499105633
0.0644970578017139
0.008482464510586003
0.03760286079405178
0.06667323755308674
0.008637936808494744
0.03829237081470221
0.06789643684401334
0.008894993700099916
0.03943239528542454
0.06991885245337844
0.009139177779804724
0.04051541297432438
0.07184013820831453
0.009275325073901487
0.0411192790130619
0.072911408449424
0.009498473943226176
0.04210901426246236
0.07466723004319258
0.009707892261594134
0.04303786574003933
0.07631505705459035
0.09138457234266241
0.1229904470066888
0.154411715718029
0.09358486236272803
0.1259503701963031
0.1581282108260694
0.09564976526529095
0.1287281188082173
0.1616161091614819
0.09678880542236724
0.1302603610562676
0.1635401519960122
0.09863364466109777
0.1327420468024185
0.1666565036109237
0.1003358190097477
0.135031809600595
0.1695319584432939
0.009823411253970665
0.04355024731783087
0.07722405424706298
0.01001051497431919
0.04438013834231768
0.07869633981503631
0.01018315582172094
0.04514586790769757
0.0800548071670493
0.01027693854686573
0.04556182734383894
0.08079276251826524
0.01042620436076648
0.04622387118215198
0.08196731980148958
0.01056040628063682
0.04681909043573707
0.08302334573925331
0.01063155020800058
0.04713461494399125
0.08358315726392031
0.01074154510960009
0.04762242833570477
0.08444867391379847
0.01083601608799748
0.04804139535545108
0.08519207598139786
0.1047565190093545
0.1409785447676593
0.177000412277498
0.1058408163387698
0.1424371688023351
0.1788324549482156
0.1067720717666763
0.1436899369181871
0.1804060203884571
0.1012604590501268
0.1362756283471759
0.1710939873972144
0.1027321018311788
0.1382552783438714
0.1735801693241179
0.1040551728083905
0.1400350843702757
0.1758154584168731
0.1912583638364284
0.2256518334591702
0.2597185962931564
0.1940372560621982
0.2289292155218164
0.2634915645544231
0.1965356322907885
0.2318756906098388
0.2668837903263847
0.2793869218537515
0.3128305811643019
0.3458223515406733
0.2834455202282836
0.3173739034024665
0.3508457152678088
0.2870944949101978
0.3214584831567537
0.3553621635289612
0.2890288268922803
0.323623632952599
0.3577563976707737
0.2920193731734242
0.3269709744534854
0.3614581174843012
0.2945878543820781
0.3298458413493013
0.3646376041559074
0.1978600028780912
0.2334375628903619
0.268682053583855
0.1999074995900061
0.2358522516930185
0.2714623384570083
0.2016659956887553
0.2379261353814138
0.2738503787562806
0.202555975877609
0.2389757539345979
0.2750590843150073
0.2038523436187069
0.240504708994467
0.2768198690107249
0.2048540557099529
0.2416862013969881
0.2781806217731106
0.2958877888208211
0.3313008313074219
0.3662469046920454
0.2977812885333119
0.3334202781333554
0.3685912795817174
0.2992443756929646
0.3350580684943437
0.3704030722491729
0.2998973393695941
0.3357890712482858
0.3712118436791835
0.300675657961275
0.336660452650558
0.3721759609981217
0.3010195858063032
0.337045519578567
0.3726020414557442
0.205301127155223
0.2422135393076489
0.2787880346075949
0.2058340372952088
0.2428421419109521
0.2795121105396999
0.2060695299407269
0.243119928524812
0.2798321078358966
0.1086972270798337
0.1462798482180717
0.1836595426578893
0.1089794855906755
0.1466595779222757
0.184136636111522
0.1091042254062017
0.1468273889303349
0.1843474796047234
0.107243387935261
0.1443239841123903
0.1812024734345456
0.1079299317596843
0.1452475868500239
0.1823626974134948
0.1084604436772191
0.1459612952324385
0.1832593164814691
0.01088382696843067
0.04825343658337389
0.08556834098059897
0.01095346781966539
0.04856229928689285
0.08611644553643402
0.01100728203249035
0.04880095963241846
0.08654000351846067
0.01103129872450963
0.04890747438310736
0.08672906079310802
0.01105992016331991
0.04903442867314994
0.08695442483356437
0.01107255942386782
0.04909050564188117
0.08705401221971326
