FiniteElementSpace
FiniteElementCollection: L2_2D_P3
VDim: 1
Ordering: 0

1.3684856e+16
1.3546507e+16
1.336758e+16
1.3231649e+16
1.3684856e+16
1.3546507e+16
1.336758e+16
1.3231649e+16
1.3684856e+16
1.3546507e+16
1.336758e+16
1.3231649e+16
1.3684856e+16
1.3546507e+16
1.336758e+16
1.3231649e+16
1.3684856e+16
1.3546507e+16
1.336758e+16
1.3231649e+16
1.3684856e+16
1.3546507e+16
1.336758e+16
1.3231649e+16
1.3684856e+16
1.3546507e+16
1.336758e+16
1.3231649e+16
1.3684856e+16
1.3546507e+16
1.336758e+16
1.3231649e+16
1.3684856e+16
1.3546507e+16
1.336758e+16
1.3231649e+16
1.3684856e+16
1.3546507e+16
1.336758e+16
1.3231649e+16
1.3684856e+16
1.3546507e+16
1.336758e+16
1.3231649e+16
1.3684856e+16
1.3546507e+16
1.336758e+16
1.3231649e+16
1.4225611e+16
1.4083195e+16
1.3898981e+16
1.3759013e+16
1.4225611e+16
1.4083195e+16
1.3898981e+16
1.3759013e+16
1.4225611e+16
1.4083195e+16
1.3898981e+16
1.3759013e+16
1.4225611e+16
1.4083195e+16
1.3898981e+16
1.3759013e+16
1.4225611e+16
1.4083195e+16
1.3898981e+16
1.3759013e+16
1.4225611e+16
1.4083195e+16
1.3898981e+16
1.3759013e+16
1.4225611e+16
1.4083195e+16
1.3898981e+16
1.3759013e+16
1.4225611e+16
1.4083195e+16
1.3898981e+16
1.3759013e+16
1.3684856e+16
1.3546507e+16
1.336758e+16
1.3231649e+16
1.3684856e+16
1.3546507e+16
1.336758e+16
1.3231649e+16
1.3684856e+16
1.3546507e+16
1.336758e+16
1.3231649e+16
1.3684856e+16
1.3546507e+16
1.336758e+16
1.3231649e+16
1.3159637e+16
1.3025303e+16
1.2851595e+16
1.2719647e+16
1.3159637e+16
1.3025303e+16
1.2851595e+16
1.2719647e+16
1.3159637e+16
1.3025303e+16
1.2851595e+16
1.2719647e+16
1.3159637e+16
1.3025303e+16
1.2851595e+16
1.2719647e+16
1.2649751e+16
1.2519378e+16
1.2350815e+16
1.2222794e+16
1.2649751e+16
1.2519378e+16
1.2350815e+16
1.2222794e+16
1.2649751e+16
1.2519378e+16
1.2350815e+16
1.2222794e+16
1.2649751e+16
1.2519378e+16
1.2350815e+16
1.2222794e+16
1.2649751e+16
1.2519378e+16
1.2350815e+16
1.2222794e+16
1.2649751e+16
1.2519378e+16
1.2350815e+16
1.2222794e+16
1.2649751e+16
1.2519378e+16
1.2350815e+16
1.2222794e+16
1.2649751e+16
1.2519378e+16
1.2350815e+16
1.2222794e+16
1.3159637e+16
1.3025303e+16
1.2851595e+16
1.2719647e+16
1.3159637e+16
1.3025303e+16
1.2851595e+16
1.2719647e+16
1.3159637e+16
1.3025303e+16
1.2851595e+16
1.2719647e+16
1.3159637e+16
1.3025303e+16
1.2851595e+16
1.2719647e+16
1.3159637e+16
1.3025303e+16
1.2851595e+16
1.2719647e+16
1.3159637e+16
1.3025303e+16
1.2851595e+16
1.2719647e+16
1.3159637e+16
1.3025303e+16
1.2851595e+16
1.2719647e+16
1.3159637e+16
1.3025303e+16
1.2851595e+16
1.2719647e+16
1.3159637e+16
1.3025303e+16
1.2851595e+16
1.2719647e+16
1.3159637e+16
1.3025303e+16
1.2851595e+16
1.2719647e+16
1.3159637e+16
1.3025303e+16
1.2851595e+16
1.2719647e+16
1.3159637e+16
1.3025303e+16
1.2851595e+16
1.2719647e+16
1.2649751e+16
1.2519378e+16
1.2350815e+16
1.2222794e+16
1.2649751e+16
1.2519378e+16
1.2350815e+16
1.2222794e+16
1.2649751e+16
1.2519378e+16
1.2350815e+16
1.2222794e+16
1.2649751e+16
1.2519378e+16
1.2350815e+16
1.2222794e+16
1.2649751e+16
1.2519378e+16
1.2350815e+16
1.2222794e+16
1.2649751e+16
1.2519378e+16
1.2350815e+16
1.2222794e+16
1.2649751e+16
1.2519378e+16
1.2350815e+16
1.2222794e+16
1.2649751e+16
1.2519378e+16
1.2350815e+16
1.2222794e+16
1.2154985e+16
1.2028516e+16
1.1865024e+16
1.1740872e+16
1.2154985e+16
1.2028516e+16
1.1865024e+16
1.1740872e+16
1.2154985e+16
1.2028516e+16
1.1865024e+16
1.1740872e+16
1.2154985e+16
1.2028516e+16
1.1865024e+16
1.1740872e+16
1.2154985e+16
1.2028516e+16
1.1865024e+16
1.1740872e+16
1.2154985e+16
1.2028516e+16
1.1865024e+16
1.1740872e+16
1.2154985e+16
1.2028516e+16
1.1865024e+16
1.1740872e+16
1.2154985e+16
1.2028516e+16
1.1865024e+16
1.1740872e+16
1.1675118e+16
1.1552494e+16
1.1393995e+16
1.1273651e+16
1.1675118e+16
1.1552494e+16
1.1393995e+16
1.1273651e+16
1.1675118e+16
1.1552494e+16
1.1393995e+16
1.1273651e+16
1.1675118e+16
1.1552494e+16
1.1393995e+16
1.1273651e+16
1.1675118e+16
1.1552494e+16
1.1393995e+16
1.1273651e+16
1.1675118e+16
1.1552494e+16
1.1393995e+16
1.1273651e+16
1.1675118e+16
1.1552494e+16
1.1393995e+16
1.1273651e+16
1.1675118e+16
1.1552494e+16
1.1393995e+16
1.1273651e+16
1.1675118e+16
1.1552494e+16
1.1393995e+16
1.1273651e+16
1.1675118e+16
1.1552494e+16
1.1393995e+16
1.1273651e+16
1.1675118e+16
1.1552494e+16
1.1393995e+16
1.1273651e+16
1.1675118e+16
1.1552494e+16
1.1393995e+16
1.1273651e+16
1.2154985e+16
1.2028516e+16
1.1865024e+16
1.1740872e+16
1.2154985e+16
1.2028516e+16
1.1865024e+16
1.1740872e+16
1.2154985e+16
1.2028516e+16
1.1865024e+16
1.1740872e+16
1.2154985e+16
1.2028516e+16
1.1865024e+16
1.1740872e+16
1.2154985e+16
1.2028516e+16
1.1865024e+16
1.1740872e+16
1.2154985e+16
1.2028516e+16
1.1865024e+16
1.1740872e+16
1.2154985e+16
1.2028516e+16
1.1865024e+16
1.1740872e+16
1.2154985e+16
1.2028516e+16
1.1865024e+16
1.1740872e+16
1.1675118e+16
1.1552494e+16
1.1393995e+16
1.1273651e+16
1.1675118e+16
1.1552494e+16
1.1393995e+16
1.1273651e+16
1.1675118e+16
1.1552494e+16
1.1393995e+16
1.1273651e+16
1.1675118e+16
1.1552494e+16
1.1393995e+16
1.1273651e+16
1.120992e+16
1.109108e+16
1.0937494e+16
1.0820896e+16
1.120992e+16
1.109108e+16
1.0937494e+16
1.0820896e+16
1.120992e+16
1.109108e+16
1.0937494e+16
1.0820896e+16
1.120992e+16
1.109108e+16
1.0937494e+16
1.0820896e+16
1.0759155e+16
1.0644036e+16
1.0495279e+16
1.0382364e+16
1.0759155e+16
1.0644036e+16
1.0495279e+16
1.0382364e+16
1.0759155e+16
1.0644036e+16
1.0495279e+16
1.0382364e+16
1.0759155e+16
1.0644036e+16
1.0495279e+16
1.0382364e+16
1.0759155e+16
1.0644036e+16
1.0495279e+16
1.0382364e+16
1.0759155e+16
1.0644036e+16
1.0495279e+16
1.0382364e+16
1.0759155e+16
1.0644036e+16
1.0495279e+16
1.0382364e+16
1.0759155e+16
1.0644036e+16
1.0495279e+16
1.0382364e+16
1.120992e+16
1.109108e+16
1.0937494e+16
1.0820896e+16
1.120992e+16
1.109108e+16
1.0937494e+16
1.0820896e+16
1.120992e+16
1.109108e+16
1.0937494e+16
1.0820896e+16
1.120992e+16
1.109108e+16
1.0937494e+16
1.0820896e+16
1.120992e+16
1.109108e+16
1.0937494e+16
1.0820896e+16
1.120992e+16
1.109108e+16
1.0937494e+16
1.0820896e+16
1.120992e+16
1.109108e+16
1.0937494e+16
1.0820896e+16
1.120992e+16
1.109108e+16
1.0937494e+16
1.0820896e+16
1.120992e+16
1.109108e+16
1.0937494e+16
1.0820896e+16
1.120992e+16
1.109108e+16
1.0937494e+16
1.0820896e+16
1.120992e+16
1.109108e+16
1.0937494e+16
1.0820896e+16
1.120992e+16
1.109108e+16
1.0937494e+16
1.0820896e+16
1.0759155e+16
1.0644036e+16
1.0495279e+16
1.0382364e+16
1.0759155e+16
1.0644036e+16
1.0495279e+16
1.0382364e+16
1.0759155e+16
1.0644036e+16
1.0495279e+16
1.0382364e+16
1.0759155e+16
1.0644036e+16
1.0495279e+16
1.0382364e+16
1.0759155e+16
1.0644036e+16
1.0495279e+16
1.0382364e+16
1.0759155e+16
1.0644036e+16
1.0495279e+16
1.0382364e+16
1.0759155e+16
1.0644036e+16
1.0495279e+16
1.0382364e+16
1.0759155e+16
1.0644036e+16
1.0495279e+16
1.0382364e+16
1.0322578e+16
1.0211116e+16
1.0067104e+16
9.9578058e+15
1.0322578e+16
1.0211116e+16
1.0067104e+16
9.9578058e+15
1.0322578e+16
1.0211116e+16
1.0067104e+16
9.9578058e+15
1.0322578e+16
1.0211116e+16
1.0067104e+16
9.9578058e+15
1.0322578e+16
1.0211116e+16
1.0067104e+16
9.9578058e+15
1.0322578e+16
1.0211116e+16
1.0067104e+16
9.9578058e+15
1.0322578e+16
1.0211116e+16
1.0067104e+16
9.9578058e+15
1.0322578e+16
1.0211116e+16
1.0067104e+16
9.9578058e+15
9.8999409e+15
9.7920689e+15
9.6527156e+15
9.5469678e+15
9.8999409e+15
9.7920689e+15
9.6527156e+15
9.5469678e+15
9.8999409e+15
9.7920689e+15
9.6527156e+15
9.5469678e+15
9.8999409e+15
9.7920689e+15
9.6527156e+15
9.5469678e+15
9.8999409e+15
9.7920689e+15
9.6527156e+15
9.5469678e+15
9.8999409e+15
9.7920689e+15
9.6527156e+15
9.5469678e+15
9.8999409e+15
9.7920689e+15
9.6527156e+15
9.5469678e+15
9.8999409e+15
9.7920689e+15
9.6527156e+15
9.5469678e+15
9.8999409e+15
9.7920689e+15
9.6527156e+15
9.5469678e+15
9.8999409e+15
9.7920689e+15
9.6527156e+15
9.5469678e+15
9.8999409e+15
9.7920689e+15
9.6527156e+15
9.5469678e+15
9.8999409e+15
9.7920689e+15
9.6527156e+15
9.5469678e+15
1.0322578e+16
1.0211116e+16
1.0067104e+16
9.9578058e+15
1.0322578e+16
1.0211116e+16
1.0067104e+16
9.9578058e+15
1.0322578e+16
1.0211116e+16
1.0067104e+16
9.9578058e+15
1.0322578e+16
1.0211116e+16
1.0067104e+16
9.9578058e+15
1.0322578e+16
1.0211116e+16
1.0067104e+16
9.9578058e+15
1.0322578e+16
1.0211116e+16
1.0067104e+16
9.9578058e+15
1.0322578e+16
1.0211116e+16
1.0067104e+16
9.9578058e+15
1.0322578e+16
1.0211116e+16
1.0067104e+16
9.9578058e+15
9.8999409e+15
9.7920689e+15
9.6527156e+15
9.5469678e+15
9.8999409e+15
9.7920689e+15
9.6527156e+15
9.5469678e+15
9.8999409e+15
9.7920689e+15
9.6527156e+15
9.5469678e+15
9.8999409e+15
9.7920689e+15
9.6527156e+15
9.5469678e+15
9.4909876e+15
9.386639e+15
9.2518559e+15
9.1495904e+15
9.4909876e+15
9.386639e+15
9.2518559e+15
9.1495904e+15
9.4909876e+15
9.386639e+15
9.2518559e+15
9.1495904e+15
9.4909876e+15
9.386639e+15
9.2518559e+15
9.1495904e+15
9.0954586e+15
8.9945648e+15
8.8642623e+15
8.76541e+15
9.0954586e+15
8.9945648e+15
8.8642623e+15
8.76541e+15
9.0954586e+15
8.9945648e+15
8.8642623e+15
8.76541e+15
9.0954586e+15
8.9945648e+15
8.8642623e+15
8.76541e+15
9.0954586e+15
8.9945648e+15
8.8642623e+15
8.76541e+15
9.0954586e+15
8.9945648e+15
8.8642623e+15
8.76541e+15
9.0954586e+15
8.9945648e+15
8.8642623e+15
8.76541e+15
9.0954586e+15
8.9945648e+15
8.8642623e+15
8.76541e+15
9.4909876e+15
9.386639e+15
9.2518559e+15
9.1495904e+15
9.4909876e+15
9.386639e+15
9.2518559e+15
9.1495904e+15
9.4909876e+15
9.386639e+15
9.2518559e+15
9.1495904e+15
9.4909876e+15
9.386639e+15
9.2518559e+15
9.1495904e+15
9.4909876e+15
9.386639e+15
9.2518559e+15
9.1495904e+15
9.4909876e+15
9.386639e+15
9.2518559e+15
9.1495904e+15
9.4909876e+15
9.386639e+15
9.2518559e+15
9.1495904e+15
9.4909876e+15
9.386639e+15
9.2518559e+15
9.1495904e+15
9.4909876e+15
9.386639e+15
9.2518559e+15
9.1495904e+15
9.4909876e+15
9.386639e+15
9.2518559e+15
9.1495904e+15
9.4909876e+15
9.386639e+15
9.2518559e+15
9.1495904e+15
9.4909876e+15
9.386639e+15
9.2518559e+15
9.1495904e+15
9.0954586e+15
8.9945648e+15
8.8642623e+15
8.76541e+15
9.0954586e+15
8.9945648e+15
8.8642623e+15
8.76541e+15
9.0954586e+15
8.9945648e+15
8.8642623e+15
8.76541e+15
9.0954586e+15
8.9945648e+15
8.8642623e+15
8.76541e+15
9.0954586e+15
8.9945648e+15
8.8642623e+15
8.76541e+15
9.0954586e+15
8.9945648e+15
8.8642623e+15
8.76541e+15
9.0954586e+15
8.9945648e+15
8.8642623e+15
8.76541e+15
9.0954586e+15
8.9945648e+15
8.8642623e+15
8.76541e+15
8.7130898e+15
8.6155814e+15
8.4896684e+15
8.3941593e+15
8.7130898e+15
8.6155814e+15
8.4896684e+15
8.3941593e+15
8.7130898e+15
8.6155814e+15
8.4896684e+15
8.3941593e+15
8.7130898e+15
8.6155814e+15
8.4896684e+15
8.3941593e+15
8.7130898e+15
8.6155814e+15
8.4896684e+15
8.3941593e+15
8.7130898e+15
8.6155814e+15
8.4896684e+15
8.3941593e+15
8.7130898e+15
8.6155814e+15
8.4896684e+15
8.3941593e+15
8.7130898e+15
8.6155814e+15
8.4896684e+15
8.3941593e+15
8.3436133e+15
8.2494199e+15
8.1278044e+15
8.0355679e+15
8.3436133e+15
8.2494199e+15
8.1278044e+15
8.0355679e+15
8.3436133e+15
8.2494199e+15
8.1278044e+15
8.0355679e+15
8.3436133e+15
8.2494199e+15
8.1278044e+15
8.0355679e+15
8.3436133e+15
8.2494199e+15
8.1278044e+15
8.0355679e+15
8.3436133e+15
8.2494199e+15
8.1278044e+15
8.0355679e+15
8.3436133e+15
8.2494199e+15
8.1278044e+15
8.0355679e+15
8.3436133e+15
8.2494199e+15
8.1278044e+15
8.0355679e+15
8.3436133e+15
8.2494199e+15
8.1278044e+15
8.0355679e+15
8.3436133e+15
8.2494199e+15
8.1278044e+15
8.0355679e+15
8.3436133e+15
8.2494199e+15
8.1278044e+15
8.0355679e+15
8.3436133e+15
8.2494199e+15
8.1278044e+15
8.0355679e+15
8.7130898e+15
8.6155814e+15
8.4896684e+15
8.3941593e+15
8.7130898e+15
8.6155814e+15
8.4896684e+15
8.3941593e+15
8.7130898e+15
8.6155814e+15
8.4896684e+15
8.3941593e+15
8.7130898e+15
8.6155814e+15
8.4896684e+15
8.3941593e+15
8.7130898e+15
8.6155814e+15
8.4896684e+15
8.3941593e+15
8.7130898e+15
8.6155814e+15
8.4896684e+15
8.3941593e+15
8.7130898e+15
8.6155814e+15
8.4896684e+15
8.3941593e+15
8.7130898e+15
8.6155814e+15
8.4896684e+15
8.3941593e+15
8.3436133e+15
8.2494199e+15
8.1278044e+15
8.0355679e+15
8.3436133e+15
8.2494199e+15
8.1278044e+15
8.0355679e+15
8.3436133e+15
8.2494199e+15
8.1278044e+15
8.0355679e+15
8.3436133e+15
8.2494199e+15
8.1278044e+15
8.0355679e+15
7.9867582e+15
7.8958088e+15
7.7783979e+15
7.6893624e+15
7.9867582e+15
7.8958088e+15
7.7783979e+15
7.6893624e+15
7.9867582e+15
7.8958088e+15
7.7783979e+15
7.6893624e+15
7.9867582e+15
7.8958088e+15
7.7783979e+15
7.6893624e+15
7.6422509e+15
7.554474e+15
7.4411739e+15
7.3552676e+15
7.6422509e+15
7.554474e+15
7.4411739e+15
7.3552676e+15
7.6422509e+15
7.554474e+15
7.4411739e+15
7.3552676e+15
7.6422509e+15
7.554474e+15
7.4411739e+15
7.3552676e+15
7.6422509e+15
7.554474e+15
7.4411739e+15
7.3552676e+15
7.6422509e+15
7.554474e+15
7.4411739e+15
7.3552676e+15
7.6422509e+15
7.554474e+15
7.4411739e+15
7.3552676e+15
7.6422509e+15
7.554474e+15
7.4411739e+15
7.3552676e+15
7.9867582e+15
7.8958088e+15
7.7783979e+15
7.6893624e+15
7.9867582e+15
7.8958088e+15
7.7783979e+15
7.6893624e+15
7.9867582e+15
7.8958088e+15
7.7783979e+15
7.6893624e+15
7.9867582e+15
7.8958088e+15
7.7783979e+15
7.6893624e+15
7.9867582e+15
7.8958088e+15
7.7783979e+15
7.6893624e+15
7.9867582e+15
7.8958088e+15
7.7783979e+15
7.6893624e+15
7.9867582e+15
7.8958088e+15
7.7783979e+15
7.6893624e+15
7.9867582e+15
7.8958088e+15
7.7783979e+15
7.6893624e+15
7.9867582e+15
7.8958088e+15
7.7783979e+15
7.6893624e+15
7.9867582e+15
7.8958088e+15
7.7783979e+15
7.6893624e+15
7.9867582e+15
7.8958088e+15
7.7783979e+15
7.6893624e+15
7.9867582e+15
7.8958088e+15
7.7783979e+15
7.6893624e+15
7.6422509e+15
7.554474e+15
7.4411739e+15
7.3552676e+15
7.6422509e+15
7.554474e+15
7.4411739e+15
7.3552676e+15
7.6422509e+15
7.554474e+15
7.4411739e+15
7.3552676e+15
7.6422509e+15
7.554474e+15
7.4411739e+15
7.3552676e+15
7.6422509e+15
7.554474e+15
7.4411739e+15
7.3552676e+15
7.6422509e+15
7.554474e+15
7.4411739e+15
7.3552676e+15
7.6422509e+15
7.554474e+15
7.4411739e+15
7.3552676e+15
7.6422509e+15
7.554474e+15
7.4411739e+15
7.3552676e+15
7.309816e+15
7.2251393e+15
7.1158559e+15
7.0330064e+15
7.309816e+15
7.2251393e+15
7.1158559e+15
7.0330064e+15
7.309816e+15
7.2251393e+15
7.1158559e+15
7.0330064e+15
7.309816e+15
7.2251393e+15
7.1158559e+15
7.0330064e+15
7.309816e+15
7.2251393e+15
7.1158559e+15
7.0330064e+15
7.309816e+15
7.2251393e+15
7.1158559e+15
7.0330064e+15
7.309816e+15
7.2251393e+15
7.1158559e+15
7.0330064e+15
7.309816e+15
7.2251393e+15
7.1158559e+15
7.0330064e+15
6.9891761e+15
6.9075273e+15
6.802166e+15
6.7223008e+15
6.9891761e+15
6.9075273e+15
6.802166e+15
6.7223008e+15
6.9891761e+15
6.9075273e+15
6.802166e+15
6.7223008e+15
6.9891761e+15
6.9075273e+15
6.802166e+15
6.7223008e+15
6.9891761e+15
6.9075273e+15
6.802166e+15
6.7223008e+15
6.9891761e+15
6.9075273e+15
6.802166e+15
6.7223008e+15
6.9891761e+15
6.9075273e+15
6.802166e+15
6.7223008e+15
6.9891761e+15
6.9075273e+15
6.802166e+15
6.7223008e+15
6.9891761e+15
6.9075273e+15
6.802166e+15
6.7223008e+15
6.9891761e+15
6.9075273e+15
6.802166e+15
6.7223008e+15
6.9891761e+15
6.9075273e+15
6.802166e+15
6.7223008e+15
6.9891761e+15
6.9075273e+15
6.802166e+15
6.7223008e+15
7.309816e+15
7.2251393e+15
7.1158559e+15
7.0330064e+15
7.309816e+15
7.2251393e+15
7.1158559e+15
7.0330064e+15
7.309816e+15
7.2251393e+15
7.1158559e+15
7.0330064e+15
7.309816e+15
7.2251393e+15
7.1158559e+15
7.0330064e+15
7.309816e+15
7.2251393e+15
7.1158559e+15
7.0330064e+15
7.309816e+15
7.2251393e+15
7.1158559e+15
7.0330064e+15
7.309816e+15
7.2251393e+15
7.1158559e+15
7.0330064e+15
7.309816e+15
7.2251393e+15
7.1158559e+15
7.0330064e+15
6.9891761e+15
6.9075273e+15
6.802166e+15
6.7223008e+15
6.9891761e+15
6.9075273e+15
6.802166e+15
6.7223008e+15
6.9891761e+15
6.9075273e+15
6.802166e+15
6.7223008e+15
6.9891761e+15
6.9075273e+15
6.802166e+15
6.7223008e+15
6.6800531e+15
6.6013596e+15
6.4998256e+15
6.4228719e+15
6.6800531e+15
6.6013596e+15
6.4998256e+15
6.4228719e+15
6.6800531e+15
6.6013596e+15
6.4998256e+15
6.4228719e+15
6.6800531e+15
6.6013596e+15
6.4998256e+15
6.4228719e+15
6.382168e+15
6.306357e+15
6.2085555e+15
6.1344406e+15
6.382168e+15
6.306357e+15
6.2085555e+15
6.1344406e+15
6.382168e+15
6.306357e+15
6.2085555e+15
6.1344406e+15
6.382168e+15
6.306357e+15
6.2085555e+15
6.1344406e+15
6.382168e+15
6.306357e+15
6.2085555e+15
6.1344406e+15
6.382168e+15
6.306357e+15
6.2085555e+15
6.1344406e+15
6.382168e+15
6.306357e+15
6.2085555e+15
6.1344406e+15
6.382168e+15
6.306357e+15
6.2085555e+15
6.1344406e+15
6.6800531e+15
6.6013596e+15
6.4998256e+15
6.4228719e+15
6.6800531e+15
6.6013596e+15
6.4998256e+15
6.4228719e+15
6.6800531e+15
6.6013596e+15
6.4998256e+15
6.4228719e+15
6.6800531e+15
6.6013596e+15
6.4998256e+15
6.4228719e+15
6.6800531e+15
6.6013596e+15
6.4998256e+15
6.4228719e+15
6.6800531e+15
6.6013596e+15
6.4998256e+15
6.4228719e+15
6.6800531e+15
6.6013596e+15
6.4998256e+15
6.4228719e+15
6.6800531e+15
6.6013596e+15
6.4998256e+15
6.4228719e+15
6.6800531e+15
6.6013596e+15
6.4998256e+15
6.4228719e+15
6.6800531e+15
6.6013596e+15
6.4998256e+15
6.4228719e+15
6.6800531e+15
6.6013596e+15
6.4998256e+15
6.4228719e+15
6.6800531e+15
6.6013596e+15
6.4998256e+15
6.4228719e+15
6.382168e+15
6.306357e+15
6.2085555e+15
6.1344406e+15
6.382168e+15
6.306357e+15
6.2085555e+15
6.1344406e+15
6.382168e+15
6.306357e+15
6.2085555e+15
6.1344406e+15
6.382168e+15
6.306357e+15
6.2085555e+15
6.1344406e+15
6.382168e+15
6.306357e+15
6.2085555e+15
6.1344406e+15
6.382168e+15
6.306357e+15
6.2085555e+15
6.1344406e+15
6.382168e+15
6.306357e+15
6.2085555e+15
6.1344406e+15
6.382168e+15
6.306357e+15
6.2085555e+15
6.1344406e+15
6.0952419e+15
6.0222407e+15
5.9280768e+15
5.8567282e+15
6.0952419e+15
6.0222407e+15
5.9280768e+15
5.8567282e+15
6.0952419e+15
6.0222407e+15
5.9280768e+15
5.8567282e+15
6.0952419e+15
6.0222407e+15
5.9280768e+15
5.8567282e+15
6.0952419e+15
6.0222407e+15
5.9280768e+15
5.8567282e+15
6.0952419e+15
6.0222407e+15
5.9280768e+15
5.8567282e+15
6.0952419e+15
6.0222407e+15
5.9280768e+15
5.8567282e+15
6.0952419e+15
6.0222407e+15
5.9280768e+15
5.8567282e+15
5.8189959e+15
5.748732e+15
5.658111e+15
5.5894562e+15
5.8189959e+15
5.748732e+15
5.658111e+15
5.5894562e+15
5.8189959e+15
5.748732e+15
5.658111e+15
5.5894562e+15
5.8189959e+15
5.748732e+15
5.658111e+15
5.5894562e+15
5.8189959e+15
5.748732e+15
5.658111e+15
5.5894562e+15
5.8189959e+15
5.748732e+15
5.658111e+15
5.5894562e+15
5.8189959e+15
5.748732e+15
5.658111e+15
5.5894562e+15
5.8189959e+15
5.748732e+15
5.658111e+15
5.5894562e+15
5.8189959e+15
5.748732e+15
5.658111e+15
5.5894562e+15
5.8189959e+15
5.748732e+15
5.658111e+15
5.5894562e+15
5.8189959e+15
5.748732e+15
5.658111e+15
5.5894562e+15
5.8189959e+15
5.748732e+15
5.658111e+15
5.5894562e+15
6.0952419e+15
6.0222407e+15
5.9280768e+15
5.8567282e+15
6.0952419e+15
6.0222407e+15
5.9280768e+15
5.8567282e+15
6.0952419e+15
6.0222407e+15
5.9280768e+15
5.8567282e+15
6.0952419e+15
6.0222407e+15
5.9280768e+15
5.8567282e+15
6.0952419e+15
6.0222407e+15
5.9280768e+15
5.8567282e+15
6.0952419e+15
6.0222407e+15
5.9280768e+15
5.8567282e+15
6.0952419e+15
6.0222407e+15
5.9280768e+15
5.8567282e+15
6.0952419e+15
6.0222407e+15
5.9280768e+15
5.8567282e+15
5.8189959e+15
5.748732e+15
5.658111e+15
5.5894562e+15
5.8189959e+15
5.748732e+15
5.658111e+15
5.5894562e+15
5.8189959e+15
5.748732e+15
5.658111e+15
5.5894562e+15
5.8189959e+15
5.748732e+15
5.658111e+15
5.5894562e+15
5.5531518e+15
5.4855528e+15
5.3983806e+15
5.3323474e+15
5.5531518e+15
5.4855528e+15
5.3983806e+15
5.3323474e+15
5.5531518e+15
5.4855528e+15
5.3983806e+15
5.3323474e+15
5.5531518e+15
5.4855528e+15
5.3983806e+15
5.3323474e+15
5.2974324e+15
5.2324264e+15
5.1486091e+15
5.0851259e+15
5.2974324e+15
5.2324264e+15
5.1486091e+15
5.0851259e+15
5.2974324e+15
5.2324264e+15
5.1486091e+15
5.0851259e+15
5.2974324e+15
5.2324264e+15
5.1486091e+15
5.0851259e+15
5.2974324e+15
5.2324264e+15
5.1486091e+15
5.0851259e+15
5.2974324e+15
5.2324264e+15
5.1486091e+15
5.0851259e+15
5.2974324e+15
5.2324264e+15
5.1486091e+15
5.0851259e+15
5.2974324e+15
5.2324264e+15
5.1486091e+15
5.0851259e+15
5.5531518e+15
5.4855528e+15
5.3983806e+15
5.3323474e+15
5.5531518e+15
5.4855528e+15
5.3983806e+15
5.3323474e+15
5.5531518e+15
5.4855528e+15
5.3983806e+15
5.3323474e+15
5.5531518e+15
5.4855528e+15
5.3983806e+15
5.3323474e+15
5.5531518e+15
5.4855528e+15
5.3983806e+15
5.3323474e+15
5.5531518e+15
5.4855528e+15
5.3983806e+15
5.3323474e+15
5.5531518e+15
5.4855528e+15
5.3983806e+15
5.3323474e+15
5.5531518e+15
5.4855528e+15
5.3983806e+15
5.3323474e+15
5.5531518e+15
5.4855528e+15
5.3983806e+15
5.3323474e+15
5.5531518e+15
5.4855528e+15
5.3983806e+15
5.3323474e+15
5.5531518e+15
5.4855528e+15
5.3983806e+15
5.3323474e+15
5.5531518e+15
5.4855528e+15
5.3983806e+15
5.3323474e+15
5.2974324e+15
5.2324264e+15
5.1486091e+15
5.0851259e+15
5.2974324e+15
5.2324264e+15
5.1486091e+15
5.0851259e+15
5.2974324e+15
5.2324264e+15
5.1486091e+15
5.0851259e+15
5.2974324e+15
5.2324264e+15
5.1486091e+15
5.0851259e+15
5.2974324e+15
5.2324264e+15
5.1486091e+15
5.0851259e+15
5.2974324e+15
5.2324264e+15
5.1486091e+15
5.0851259e+15
5.2974324e+15
5.2324264e+15
5.1486091e+15
5.0851259e+15
5.2974324e+15
5.2324264e+15
5.1486091e+15
5.0851259e+15
5.0515622e+15
4.9890775e+15
4.908522e+15
4.8475174e+15
5.0515622e+15
4.9890775e+15
4.908522e+15
4.8475174e+15
5.0515622e+15
4.9890775e+15
4.908522e+15
4.8475174e+15
5.0515622e+15
4.9890775e+15
4.908522e+15
4.8475174e+15
5.0515622e+15
4.9890775e+15
4.908522e+15
4.8475174e+15
5.0515622e+15
4.9890775e+15
4.908522e+15
4.8475174e+15
5.0515622e+15
4.9890775e+15
4.908522e+15
4.8475174e+15
5.0515622e+15
4.9890775e+15
4.908522e+15
4.8475174e+15
4.8152669e+15
4.7552326e+15
4.6778463e+15
4.6192496e+15
4.8152669e+15
4.7552326e+15
4.6778463e+15
4.6192496e+15
4.8152669e+15
4.7552326e+15
4.6778463e+15
4.6192496e+15
4.8152669e+15
4.7552326e+15
4.6778463e+15
4.6192496e+15
4.8152669e+15
4.7552326e+15
4.6778463e+15
4.6192496e+15
4.8152669e+15
4.7552326e+15
4.6778463e+15
4.6192496e+15
4.8152669e+15
4.7552326e+15
4.6778463e+15
4.6192496e+15
4.8152669e+15
4.7552326e+15
4.6778463e+15
4.6192496e+15
4.8152669e+15
4.7552326e+15
4.6778463e+15
4.6192496e+15
4.8152669e+15
4.7552326e+15
4.6778463e+15
4.6192496e+15
4.8152669e+15
4.7552326e+15
4.6778463e+15
4.6192496e+15
4.8152669e+15
4.7552326e+15
4.6778463e+15
4.6192496e+15
5.0515622e+15
4.9890775e+15
4.908522e+15
4.8475174e+15
5.0515622e+15
4.9890775e+15
4.908522e+15
4.8475174e+15
5.0515622e+15
4.9890775e+15
4.908522e+15
4.8475174e+15
5.0515622e+15
4.9890775e+15
4.908522e+15
4.8475174e+15
5.0515622e+15
4.9890775e+15
4.908522e+15
4.8475174e+15
5.0515622e+15
4.9890775e+15
4.908522e+15
4.8475174e+15
5.0515622e+15
4.9890775e+15
4.908522e+15
4.8475174e+15
5.0515622e+15
4.9890775e+15
4.908522e+15
4.8475174e+15
4.8152669e+15
4.7552326e+15
4.6778463e+15
4.6192496e+15
4.8152669e+15
4.7552326e+15
4.6778463e+15
4.6192496e+15
4.8152669e+15
4.7552326e+15
4.6778463e+15
4.6192496e+15
4.8152669e+15
4.7552326e+15
4.6778463e+15
4.6192496e+15
4.5882748e+15
4.5306203e+15
4.4563115e+15
4.4000526e+15
4.5882748e+15
4.5306203e+15
4.4563115e+15
4.4000526e+15
4.5882748e+15
4.5306203e+15
4.4563115e+15
4.4000526e+15
4.5882748e+15
4.5306203e+15
4.4563115e+15
4.4000526e+15
4.3703163e+15
4.3149717e+15
4.2436498e+15
4.1896593e+15
4.3703163e+15
4.3149717e+15
4.2436498e+15
4.1896593e+15
4.3703163e+15
4.3149717e+15
4.2436498e+15
4.1896593e+15
4.3703163e+15
4.3149717e+15
4.2436498e+15
4.1896593e+15
4.3703163e+15
4.3149717e+15
4.2436498e+15
4.1896593e+15
4.3703163e+15
4.3149717e+15
4.2436498e+15
4.1896593e+15
4.3703163e+15
4.3149717e+15
4.2436498e+15
4.1896593e+15
4.3703163e+15
4.3149717e+15
4.2436498e+15
4.1896593e+15
4.5882748e+15
4.5306203e+15
4.4563115e+15
4.4000526e+15
4.5882748e+15
4.5306203e+15
4.4563115e+15
4.4000526e+15
4.5882748e+15
4.5306203e+15
4.4563115e+15
4.4000526e+15
4.5882748e+15
4.5306203e+15
4.4563115e+15
4.4000526e+15
4.5882748e+15
4.5306203e+15
4.4563115e+15
4.4000526e+15
4.5882748e+15
4.5306203e+15
4.4563115e+15
4.4000526e+15
4.5882748e+15
4.5306203e+15
4.4563115e+15
4.4000526e+15
4.5882748e+15
4.5306203e+15
4.4563115e+15
4.4000526e+15
4.5882748e+15
4.5306203e+15
4.4563115e+15
4.4000526e+15
4.5882748e+15
4.5306203e+15
4.4563115e+15
4.4000526e+15
4.5882748e+15
4.5306203e+15
4.4563115e+15
4.4000526e+15
4.5882748e+15
4.5306203e+15
4.4563115e+15
4.4000526e+15
4.3703163e+15
4.3149717e+15
4.2436498e+15
4.1896593e+15
4.3703163e+15
4.3149717e+15
4.2436498e+15
4.1896593e+15
4.3703163e+15
4.3149717e+15
4.2436498e+15
4.1896593e+15
4.3703163e+15
4.3149717e+15
4.2436498e+15
4.1896593e+15
4.3703163e+15
4.3149717e+15
4.2436498e+15
4.1896593e+15
4.3703163e+15
4.3149717e+15
4.2436498e+15
4.1896593e+15
4.3703163e+15
4.3149717e+15
4.2436498e+15
4.1896593e+15
4.3703163e+15
4.3149717e+15
4.2436498e+15
4.1896593e+15
4.1611245e+15
4.1080208e+15
4.0395958e+15
3.9878051e+15
4.1611245e+15
4.1080208e+15
4.0395958e+15
3.9878051e+15
4.1611245e+15
4.1080208e+15
4.0395958e+15
3.9878051e+15
4.1611245e+15
4.1080208e+15
4.0395958e+15
3.9878051e+15
4.1611245e+15
4.1080208e+15
4.0395958e+15
3.9878051e+15
4.1611245e+15
4.1080208e+15
4.0395958e+15
3.9878051e+15
4.1611245e+15
4.1080208e+15
4.0395958e+15
3.9878051e+15
4.1611245e+15
4.1080208e+15
4.0395958e+15
3.9878051e+15
3.9604354e+15
3.9095044e+15
3.8438876e+15
3.794229e+15
3.9604354e+15
3.9095044e+15
3.8438876e+15
3.794229e+15
3.9604354e+15
3.9095044e+15
3.8438876e+15
3.794229e+15
3.9604354e+15
3.9095044e+15
3.8438876e+15
3.794229e+15
3.9604354e+15
3.9095044e+15
3.8438876e+15
3.794229e+15
3.9604354e+15
3.9095044e+15
3.8438876e+15
3.794229e+15
3.9604354e+15
3.9095044e+15
3.8438876e+15
3.794229e+15
3.9604354e+15
3.9095044e+15
3.8438876e+15
3.794229e+15
3.9604354e+15
3.9095044e+15
3.8438876e+15
3.794229e+15
3.9604354e+15
3.9095044e+15
3.8438876e+15
3.794229e+15
3.9604354e+15
3.9095044e+15
3.8438876e+15
3.794229e+15
3.9604354e+15
3.9095044e+15
3.8438876e+15
3.794229e+15
4.1611245e+15
4.1080208e+15
4.0395958e+15
3.9878051e+15
4.1611245e+15
4.1080208e+15
4.0395958e+15
3.9878051e+15
4.1611245e+15
4.1080208e+15
4.0395958e+15
3.9878051e+15
4.1611245e+15
4.1080208e+15
4.0395958e+15
3.9878051e+15
4.1611245e+15
4.1080208e+15
4.0395958e+15
3.9878051e+15
4.1611245e+15
4.1080208e+15
4.0395958e+15
3.9878051e+15
4.1611245e+15
4.1080208e+15
4.0395958e+15
3.9878051e+15
4.1611245e+15
4.1080208e+15
4.0395958e+15
3.9878051e+15
3.9604354e+15
3.9095044e+15
3.8438876e+15
3.794229e+15
3.9604354e+15
3.9095044e+15
3.8438876e+15
3.794229e+15
3.9604354e+15
3.9095044e+15
3.8438876e+15
3.794229e+15
3.9604354e+15
3.9095044e+15
3.8438876e+15
3.794229e+15
3.7679883e+15
3.7191627e+15
3.6562665e+15
3.6086732e+15
3.7679883e+15
3.7191627e+15
3.6562665e+15
3.6086732e+15
3.7679883e+15
3.7191627e+15
3.6562665e+15
3.6086732e+15
3.7679883e+15
3.7191627e+15
3.6562665e+15
3.6086732e+15
3.583526e+15
3.5367392e+15
3.4764773e+15
3.4308833e+15
3.583526e+15
3.5367392e+15
3.4764773e+15
3.4308833e+15
3.583526e+15
3.5367392e+15
3.4764773e+15
3.4308833e+15
3.583526e+15
3.5367392e+15
3.4764773e+15
3.4308833e+15
3.583526e+15
3.5367392e+15
3.4764773e+15
3.4308833e+15
3.583526e+15
3.5367392e+15
3.4764773e+15
3.4308833e+15
3.583526e+15
3.5367392e+15
3.4764773e+15
3.4308833e+15
3.583526e+15
3.5367392e+15
3.4764773e+15
3.4308833e+15
3.7679883e+15
3.7191627e+15
3.6562665e+15
3.6086732e+15
3.7679883e+15
3.7191627e+15
3.6562665e+15
3.6086732e+15
3.7679883e+15
3.7191627e+15
3.6562665e+15
3.6086732e+15
3.7679883e+15
3.7191627e+15
3.6562665e+15
3.6086732e+15
3.7679883e+15
3.7191627e+15
3.6562665e+15
3.6086732e+15
3.7679883e+15
3.7191627e+15
3.6562665e+15
3.6086732e+15
3.7679883e+15
3.7191627e+15
3.6562665e+15
3.6086732e+15
3.7679883e+15
3.7191627e+15
3.6562665e+15
3.6086732e+15
3.7679883e+15
3.7191627e+15
3.6562665e+15
3.6086732e+15
3.7679883e+15
3.7191627e+15
3.6562665e+15
3.6086732e+15
3.7679883e+15
3.7191627e+15
3.6562665e+15
3.6086732e+15
3.7679883e+15
3.7191627e+15
3.6562665e+15
3.6086732e+15
3.583526e+15
3.5367392e+15
3.4764773e+15
3.4308833e+15
3.583526e+15
3.5367392e+15
3.4764773e+15
3.4308833e+15
3.583526e+15
3.5367392e+15
3.4764773e+15
3.4308833e+15
3.583526e+15
3.5367392e+15
3.4764773e+15
3.4308833e+15
3.583526e+15
3.5367392e+15
3.4764773e+15
3.4308833e+15
3.583526e+15
3.5367392e+15
3.4764773e+15
3.4308833e+15
3.583526e+15
3.5367392e+15
3.4764773e+15
3.4308833e+15
3.583526e+15
3.5367392e+15
3.4764773e+15
3.4308833e+15
3.4067947e+15
3.3619812e+15
3.3042685e+15
3.2606091e+15
3.4067947e+15
3.3619812e+15
3.3042685e+15
3.2606091e+15
3.4067947e+15
3.3619812e+15
3.3042685e+15
3.2606091e+15
3.4067947e+15
3.3619812e+15
3.3042685e+15
3.2606091e+15
3.4067947e+15
3.3619812e+15
3.3042685e+15
3.2606091e+15
3.4067947e+15
3.3619812e+15
3.3042685e+15
3.2606091e+15
3.4067947e+15
3.3619812e+15
3.3042685e+15
3.2606091e+15
3.4067947e+15
3.3619812e+15
3.3042685e+15
3.2606091e+15
3.2375445e+15
3.1946399e+15
3.1393929e+15
3.0976041e+15
3.2375445e+15
3.1946399e+15
3.1393929e+15
3.0976041e+15
3.2375445e+15
3.1946399e+15
3.1393929e+15
3.0976041e+15
3.2375445e+15
3.1946399e+15
3.1393929e+15
3.0976041e+15
3.2375445e+15
3.1946399e+15
3.1393929e+15
3.0976041e+15
3.2375445e+15
3.1946399e+15
3.1393929e+15
3.0976041e+15
3.2375445e+15
3.1946399e+15
3.1393929e+15
3.0976041e+15
3.2375445e+15
3.1946399e+15
3.1393929e+15
3.0976041e+15
3.2375445e+15
3.1946399e+15
3.1393929e+15
3.0976041e+15
3.2375445e+15
3.1946399e+15
3.1393929e+15
3.0976041e+15
3.2375445e+15
3.1946399e+15
3.1393929e+15
3.0976041e+15
3.2375445e+15
3.1946399e+15
3.1393929e+15
3.0976041e+15
3.4067947e+15
3.3619812e+15
3.3042685e+15
3.2606091e+15
3.4067947e+15
3.3619812e+15
3.3042685e+15
3.2606091e+15
3.4067947e+15
3.3619812e+15
3.3042685e+15
3.2606091e+15
3.4067947e+15
3.3619812e+15
3.3042685e+15
3.2606091e+15
3.4067947e+15
3.3619812e+15
3.3042685e+15
3.2606091e+15
3.4067947e+15
3.3619812e+15
3.3042685e+15
3.2606091e+15
3.4067947e+15
3.3619812e+15
3.3042685e+15
3.2606091e+15
3.4067947e+15
3.3619812e+15
3.3042685e+15
3.2606091e+15
3.2375445e+15
3.1946399e+15
3.1393929e+15
3.0976041e+15
3.2375445e+15
3.1946399e+15
3.1393929e+15
3.0976041e+15
3.2375445e+15
3.1946399e+15
3.1393929e+15
3.0976041e+15
3.2375445e+15
3.1946399e+15
3.1393929e+15
3.0976041e+15
3.0755297e+15
3.0344706e+15
2.9816069e+15
2.9416262e+15
3.0755297e+15
3.0344706e+15
2.9816069e+15
2.9416262e+15
3.0755297e+15
3.0344706e+15
2.9816069e+15
2.9416262e+15
3.0755297e+15
3.0344706e+15
2.9816069e+15
2.9416262e+15
2.9205087e+15
2.8812328e+15
2.8306717e+15
2.7924374e+15
2.9205087e+15
2.8812328e+15
2.8306717e+15
2.7924374e+15
2.9205087e+15
2.8812328e+15
2.8306717e+15
2.7924374e+15
2.9205087e+15
2.8812328e+15
2.8306717e+15
2.7924374e+15
2.9205087e+15
2.8812328e+15
2.8306717e+15
2.7924374e+15
2.9205087e+15
2.8812328e+15
2.8306717e+15
2.7924374e+15
2.9205087e+15
2.8812328e+15
2.8306717e+15
2.7924374e+15
2.9205087e+15
2.8812328e+15
2.8306717e+15
2.7924374e+15
3.0755297e+15
3.0344706e+15
2.9816069e+15
2.9416262e+15
3.0755297e+15
3.0344706e+15
2.9816069e+15
2.9416262e+15
3.0755297e+15
3.0344706e+15
2.9816069e+15
2.9416262e+15
3.0755297e+15
3.0344706e+15
2.9816069e+15
2.9416262e+15
3.0755297e+15
3.0344706e+15
2.9816069e+15
2.9416262e+15
3.0755297e+15
3.0344706e+15
2.9816069e+15
2.9416262e+15
3.0755297e+15
3.0344706e+15
2.9816069e+15
2.9416262e+15
3.0755297e+15
3.0344706e+15
2.9816069e+15
2.9416262e+15
3.0755297e+15
3.0344706e+15
2.9816069e+15
2.9416262e+15
3.0755297e+15
3.0344706e+15
2.9816069e+15
2.9416262e+15
3.0755297e+15
3.0344706e+15
2.9816069e+15
2.9416262e+15
3.0755297e+15
3.0344706e+15
2.9816069e+15
2.9416262e+15
2.9205087e+15
2.8812328e+15
2.8306717e+15
2.7924374e+15
2.9205087e+15
2.8812328e+15
2.8306717e+15
2.7924374e+15
2.9205087e+15
2.8812328e+15
2.8306717e+15
2.7924374e+15
2.9205087e+15
2.8812328e+15
2.8306717e+15
2.7924374e+15
2.9205087e+15
2.8812328e+15
2.8306717e+15
2.7924374e+15
2.9205087e+15
2.8812328e+15
2.8306717e+15
2.7924374e+15
2.9205087e+15
2.8812328e+15
2.8306717e+15
2.7924374e+15
2.9205087e+15
2.8812328e+15
2.8306717e+15
2.7924374e+15
2.7722441e+15
2.7346904e+15
2.6863525e+15
2.6498042e+15
2.7722441e+15
2.7346904e+15
2.6863525e+15
2.6498042e+15
2.7722441e+15
2.7346904e+15
2.6863525e+15
2.6498042e+15
2.7722441e+15
2.7346904e+15
2.6863525e+15
2.6498042e+15
2.7722441e+15
2.7346904e+15
2.6863525e+15
2.6498042e+15
2.7722441e+15
2.7346904e+15
2.6863525e+15
2.6498042e+15
2.7722441e+15
2.7346904e+15
2.6863525e+15
2.6498042e+15
2.7722441e+15
2.7346904e+15
2.6863525e+15
2.6498042e+15
2.6305031e+15
2.5946116e+15
2.5484194e+15
2.5134979e+15
2.6305031e+15
2.5946116e+15
2.5484194e+15
2.5134979e+15
2.6305031e+15
2.5946116e+15
2.5484194e+15
2.5134979e+15
2.6305031e+15
2.5946116e+15
2.5484194e+15
2.5134979e+15
2.6305031e+15
2.5946116e+15
2.5484194e+15
2.5134979e+15
2.6305031e+15
2.5946116e+15
2.5484194e+15
2.5134979e+15
2.6305031e+15
2.5946116e+15
2.5484194e+15
2.5134979e+15
2.6305031e+15
2.5946116e+15
2.5484194e+15
2.5134979e+15
2.6305031e+15
2.5946116e+15
2.5484194e+15
2.5134979e+15
2.6305031e+15
2.5946116e+15
2.5484194e+15
2.5134979e+15
2.6305031e+15
2.5946116e+15
2.5484194e+15
2.5134979e+15
2.6305031e+15
2.5946116e+15
2.5484194e+15
2.5134979e+15
2.7722441e+15
2.7346904e+15
2.6863525e+15
2.6498042e+15
2.7722441e+15
2.7346904e+15
2.6863525e+15
2.6498042e+15
2.7722441e+15
2.7346904e+15
2.6863525e+15
2.6498042e+15
2.7722441e+15
2.7346904e+15
2.6863525e+15
2.6498042e+15
2.7722441e+15
2.7346904e+15
2.6863525e+15
2.6498042e+15
2.7722441e+15
2.7346904e+15
2.6863525e+15
2.6498042e+15
2.7722441e+15
2.7346904e+15
2.6863525e+15
2.6498042e+15
2.7722441e+15
2.7346904e+15
2.6863525e+15
2.6498042e+15
2.6305031e+15
2.5946116e+15
2.5484194e+15
2.5134979e+15
2.6305031e+15
2.5946116e+15
2.5484194e+15
2.5134979e+15
2.6305031e+15
2.5946116e+15
2.5484194e+15
2.5134979e+15
2.6305031e+15
2.5946116e+15
2.5484194e+15
2.5134979e+15
2.4950575e+15
2.4607696e+15
2.4166468e+15
2.3832942e+15
2.4950575e+15
2.4607696e+15
2.4166468e+15
2.3832942e+15
2.4950575e+15
2.4607696e+15
2.4166468e+15
2.3832942e+15
2.4950575e+15
2.4607696e+15
2.4166468e+15
2.3832942e+15
2.3656838e+15
2.332942e+15
2.2908142e+15
2.2589737e+15
2.3656838e+15
2.332942e+15
2.2908142e+15
2.2589737e+15
2.3656838e+15
2.332942e+15
2.2908142e+15
2.2589737e+15
2.3656838e+15
2.332942e+15
2.2908142e+15
2.2589737e+15
2.3656838e+15
2.332942e+15
2.2908142e+15
2.2589737e+15
2.3656838e+15
2.332942e+15
2.2908142e+15
2.2589737e+15
2.3656838e+15
2.332942e+15
2.2908142e+15
2.2589737e+15
2.3656838e+15
2.332942e+15
2.2908142e+15
2.2589737e+15
2.4950575e+15
2.4607696e+15
2.4166468e+15
2.3832942e+15
2.4950575e+15
2.4607696e+15
2.4166468e+15
2.3832942e+15
2.4950575e+15
2.4607696e+15
2.4166468e+15
2.3832942e+15
2.4950575e+15
2.4607696e+15
2.4166468e+15
2.3832942e+15
2.4950575e+15
2.4607696e+15
2.4166468e+15
2.3832942e+15
2.4950575e+15
2.4607696e+15
2.4166468e+15
2.3832942e+15
2.4950575e+15
2.4607696e+15
2.4166468e+15
2.3832942e+15
2.4950575e+15
2.4607696e+15
2.4166468e+15
2.3832942e+15
2.4950575e+15
2.4607696e+15
2.4166468e+15
2.3832942e+15
2.4950575e+15
2.4607696e+15
2.4166468e+15
2.3832942e+15
2.4950575e+15
2.4607696e+15
2.4166468e+15
2.3832942e+15
2.4950575e+15
2.4607696e+15
2.4166468e+15
2.3832942e+15
2.3656838e+15
2.332942e+15
2.2908142e+15
2.2589737e+15
2.3656838e+15
2.332942e+15
2.2908142e+15
2.2589737e+15
2.3656838e+15
2.332942e+15
2.2908142e+15
2.2589737e+15
2.3656838e+15
2.332942e+15
2.2908142e+15
2.2589737e+15
2.3656838e+15
2.332942e+15
2.2908142e+15
2.2589737e+15
2.3656838e+15
2.332942e+15
2.2908142e+15
2.2589737e+15
2.3656838e+15
2.332942e+15
2.2908142e+15
2.2589737e+15
2.3656838e+15
2.332942e+15
2.2908142e+15
2.2589737e+15
2.2421632e+15
2.2109112e+15
2.1707056e+15
2.1403219e+15
2.2421632e+15
2.2109112e+15
2.1707056e+15
2.1403219e+15
2.2421632e+15
2.2109112e+15
2.1707056e+15
2.1403219e+15
2.2421632e+15
2.2109112e+15
2.1707056e+15
2.1403219e+15
2.2421632e+15
2.2109112e+15
2.1707056e+15
2.1403219e+15
2.2421632e+15
2.2109112e+15
2.1707056e+15
2.1403219e+15
2.2421632e+15
2.2109112e+15
2.1707056e+15
2.1403219e+15
2.2421632e+15
2.2109112e+15
2.1707056e+15
2.1403219e+15
2.1242818e+15
2.0944648e+15
2.0561102e+15
2.0271291e+15
2.1242818e+15
2.0944648e+15
2.0561102e+15
2.0271291e+15
2.1242818e+15
2.0944648e+15
2.0561102e+15
2.0271291e+15
2.1242818e+15
2.0944648e+15
2.0561102e+15
2.0271291e+15
2.1242818e+15
2.0944648e+15
2.0561102e+15
2.0271291e+15
2.1242818e+15
2.0944648e+15
2.0561102e+15
2.0271291e+15
2.1242818e+15
2.0944648e+15
2.0561102e+15
2.0271291e+15
2.1242818e+15
2.0944648e+15
2.0561102e+15
2.0271291e+15
2.1242818e+15
2.0944648e+15
2.0561102e+15
2.0271291e+15
2.1242818e+15
2.0944648e+15
2.0561102e+15
2.0271291e+15
2.1242818e+15
2.0944648e+15
2.0561102e+15
2.0271291e+15
2.1242818e+15
2.0944648e+15
2.0561102e+15
2.0271291e+15
2.2421632e+15
2.2109112e+15
2.1707056e+15
2.1403219e+15
2.2421632e+15
2.2109112e+15
2.1707056e+15
2.1403219e+15
2.2421632e+15
2.2109112e+15
2.1707056e+15
2.1403219e+15
2.2421632e+15
2.2109112e+15
2.1707056e+15
2.1403219e+15
2.2421632e+15
2.2109112e+15
2.1707056e+15
2.1403219e+15
2.2421632e+15
2.2109112e+15
2.1707056e+15
2.1403219e+15
2.2421632e+15
2.2109112e+15
2.1707056e+15
2.1403219e+15
2.2421632e+15
2.2109112e+15
2.1707056e+15
2.1403219e+15
2.1242818e+15
2.0944648e+15
2.0561102e+15
2.0271291e+15
2.1242818e+15
2.0944648e+15
2.0561102e+15
2.0271291e+15
2.1242818e+15
2.0944648e+15
2.0561102e+15
2.0271291e+15
2.1242818e+15
2.0944648e+15
2.0561102e+15
2.0271291e+15
2.0118307e+15
1.983395e+15
1.9468219e+15
1.9191905e+15
2.0118307e+15
1.983395e+15
1.9468219e+15
1.9191905e+15
2.0118307e+15
1.983395e+15
1.9468219e+15
1.9191905e+15
2.0118307e+15
1.983395e+15
1.9468219e+15
1.9191905e+15
1.904606e+15
1.8774992e+15
1.8426399e+15
1.8163067e+15
1.904606e+15
1.8774992e+15
1.8426399e+15
1.8163067e+15
1.904606e+15
1.8774992e+15
1.8426399e+15
1.8163067e+15
1.904606e+15
1.8774992e+15
1.8426399e+15
1.8163067e+15
1.904606e+15
1.8774992e+15
1.8426399e+15
1.8163067e+15
1.904606e+15
1.8774992e+15
1.8426399e+15
1.8163067e+15
1.904606e+15
1.8774992e+15
1.8426399e+15
1.8163067e+15
1.904606e+15
1.8774992e+15
1.8426399e+15
1.8163067e+15
2.0118307e+15
1.983395e+15
1.9468219e+15
1.9191905e+15
2.0118307e+15
1.983395e+15
1.9468219e+15
1.9191905e+15
2.0118307e+15
1.983395e+15
1.9468219e+15
1.9191905e+15
2.0118307e+15
1.983395e+15
1.9468219e+15
1.9191905e+15
2.0118307e+15
1.983395e+15
1.9468219e+15
1.9191905e+15
2.0118307e+15
1.983395e+15
1.9468219e+15
1.9191905e+15
2.0118307e+15
1.983395e+15
1.9468219e+15
1.9191905e+15
2.0118307e+15
1.983395e+15
1.9468219e+15
1.9191905e+15
2.0118307e+15
1.983395e+15
1.9468219e+15
1.9191905e+15
2.0118307e+15
1.983395e+15
1.9468219e+15
1.9191905e+15
2.0118307e+15
1.983395e+15
1.9468219e+15
1.9191905e+15
2.0118307e+15
1.983395e+15
1.9468219e+15
1.9191905e+15
1.904606e+15
1.8774992e+15
1.8426399e+15
1.8163067e+15
1.904606e+15
1.8774992e+15
1.8426399e+15
1.8163067e+15
1.904606e+15
1.8774992e+15
1.8426399e+15
1.8163067e+15
1.904606e+15
1.8774992e+15
1.8426399e+15
1.8163067e+15
1.904606e+15
1.8774992e+15
1.8426399e+15
1.8163067e+15
1.904606e+15
1.8774992e+15
1.8426399e+15
1.8163067e+15
1.904606e+15
1.8774992e+15
1.8426399e+15
1.8163067e+15
1.904606e+15
1.8774992e+15
1.8426399e+15
1.8163067e+15
1.8024085e+15
1.7765797e+15
1.7433681e+15
1.7182828e+15
1.8024085e+15
1.7765797e+15
1.7433681e+15
1.7182828e+15
1.8024085e+15
1.7765797e+15
1.7433681e+15
1.7182828e+15
1.8024085e+15
1.7765797e+15
1.7433681e+15
1.7182828e+15
1.8024085e+15
1.7765797e+15
1.7433681e+15
1.7182828e+15
1.8024085e+15
1.7765797e+15
1.7433681e+15
1.7182828e+15
1.8024085e+15
1.7765797e+15
1.7433681e+15
1.7182828e+15
1.8024085e+15
1.7765797e+15
1.7433681e+15
1.7182828e+15
1.7050444e+15
1.6804439e+15
1.6488157e+15
1.6249295e+15
1.7050444e+15
1.6804439e+15
1.6488157e+15
1.6249295e+15
1.7050444e+15
1.6804439e+15
1.6488157e+15
1.6249295e+15
1.7050444e+15
1.6804439e+15
1.6488157e+15
1.6249295e+15
1.7050444e+15
1.6804439e+15
1.6488157e+15
1.6249295e+15
1.7050444e+15
1.6804439e+15
1.6488157e+15
1.6249295e+15
1.7050444e+15
1.6804439e+15
1.6488157e+15
1.6249295e+15
1.7050444e+15
1.6804439e+15
1.6488157e+15
1.6249295e+15
1.7050444e+15
1.6804439e+15
1.6488157e+15
1.6249295e+15
1.7050444e+15
1.6804439e+15
1.6488157e+15
1.6249295e+15
1.7050444e+15
1.6804439e+15
1.6488157e+15
1.6249295e+15
1.7050444e+15
1.6804439e+15
1.6488157e+15
1.6249295e+15
1.8024085e+15
1.7765797e+15
1.7433681e+15
1.7182828e+15
1.8024085e+15
1.7765797e+15
1.7433681e+15
1.7182828e+15
1.8024085e+15
1.7765797e+15
1.7433681e+15
1.7182828e+15
1.8024085e+15
1.7765797e+15
1.7433681e+15
1.7182828e+15
1.8024085e+15
1.7765797e+15
1.7433681e+15
1.7182828e+15
1.8024085e+15
1.7765797e+15
1.7433681e+15
1.7182828e+15
1.8024085e+15
1.7765797e+15
1.7433681e+15
1.7182828e+15
1.8024085e+15
1.7765797e+15
1.7433681e+15
1.7182828e+15
1.7050444e+15
1.6804439e+15
1.6488157e+15
1.6249295e+15
1.7050444e+15
1.6804439e+15
1.6488157e+15
1.6249295e+15
1.7050444e+15
1.6804439e+15
1.6488157e+15
1.6249295e+15
1.7050444e+15
1.6804439e+15
1.6488157e+15
1.6249295e+15
1.6123249e+15
1.5889043e+15
1.5587969e+15
1.5360621e+15
1.6123249e+15
1.5889043e+15
1.5587969e+15
1.5360621e+15
1.6123249e+15
1.5889043e+15
1.5587969e+15
1.5360621e+15
1.6123249e+15
1.5889043e+15
1.5587969e+15
1.5360621e+15
1.5240662e+15
1.5017783e+15
1.4731309e+15
1.4515013e+15
1.5240662e+15
1.5017783e+15
1.4731309e+15
1.4515013e+15
1.5240662e+15
1.5017783e+15
1.4731309e+15
1.4515013e+15
1.5240662e+15
1.5017783e+15
1.4731309e+15
1.4515013e+15
1.5240662e+15
1.5017783e+15
1.4731309e+15
1.4515013e+15
1.5240662e+15
1.5017783e+15
1.4731309e+15
1.4515013e+15
1.5240662e+15
1.5017783e+15
1.4731309e+15
1.4515013e+15
1.5240662e+15
1.5017783e+15
1.4731309e+15
1.4515013e+15
1.6123249e+15
1.5889043e+15
1.5587969e+15
1.5360621e+15
1.6123249e+15
1.5889043e+15
1.5587969e+15
1.5360621e+15
1.6123249e+15
1.5889043e+15
1.5587969e+15
1.5360621e+15
1.6123249e+15
1.5889043e+15
1.5587969e+15
1.5360621e+15
1.6123249e+15
1.5889043e+15
1.5587969e+15
1.5360621e+15
1.6123249e+15
1.5889043e+15
1.5587969e+15
1.5360621e+15
1.6123249e+15
1.5889043e+15
1.5587969e+15
1.5360621e+15
1.6123249e+15
1.5889043e+15
1.5587969e+15
1.5360621e+15
1.6123249e+15
1.5889043e+15
1.5587969e+15
1.5360621e+15
1.6123249e+15
1.5889043e+15
1.5587969e+15
1.5360621e+15
1.6123249e+15
1.5889043e+15
1.5587969e+15
1.5360621e+15
1.6123249e+15
1.5889043e+15
1.5587969e+15
1.5360621e+15
1.5240662e+15
1.5017783e+15
1.4731309e+15
1.4515013e+15
1.5240662e+15
1.5017783e+15
1.4731309e+15
1.4515013e+15
1.5240662e+15
1.5017783e+15
1.4731309e+15
1.4515013e+15
1.5240662e+15
1.5017783e+15
1.4731309e+15
1.4515013e+15
1.5240662e+15
1.5017783e+15
1.4731309e+15
1.4515013e+15
1.5240662e+15
1.5017783e+15
1.4731309e+15
1.4515013e+15
1.5240662e+15
1.5017783e+15
1.4731309e+15
1.4515013e+15
1.5240662e+15
1.5017783e+15
1.4731309e+15
1.4515013e+15
1.4400895e+15
1.4188887e+15
1.391642e+15
1.3710726e+15
1.4400895e+15
1.4188887e+15
1.391642e+15
1.3710726e+15
1.4400895e+15
1.4188887e+15
1.391642e+15
1.3710726e+15
1.4400895e+15
1.4188887e+15
1.391642e+15
1.3710726e+15
1.4400895e+15
1.4188887e+15
1.391642e+15
1.3710726e+15
1.4400895e+15
1.4188887e+15
1.391642e+15
1.3710726e+15
1.4400895e+15
1.4188887e+15
1.391642e+15
1.3710726e+15
1.4400895e+15
1.4188887e+15
1.391642e+15
1.3710726e+15
1.3602211e+15
1.340063e+15
1.3141596e+15
1.2946068e+15
1.3602211e+15
1.340063e+15
1.3141596e+15
1.2946068e+15
1.3602211e+15
1.340063e+15
1.3141596e+15
1.2946068e+15
1.3602211e+15
1.340063e+15
1.3141596e+15
1.2946068e+15
1.3602211e+15
1.340063e+15
1.3141596e+15
1.2946068e+15
1.3602211e+15
1.340063e+15
1.3141596e+15
1.2946068e+15
1.3602211e+15
1.340063e+15
1.3141596e+15
1.2946068e+15
1.3602211e+15
1.340063e+15
1.3141596e+15
1.2946068e+15
1.3602211e+15
1.340063e+15
1.3141596e+15
1.2946068e+15
1.3602211e+15
1.340063e+15
1.3141596e+15
1.2946068e+15
1.3602211e+15
1.340063e+15
1.3141596e+15
1.2946068e+15
1.3602211e+15
1.340063e+15
1.3141596e+15
1.2946068e+15
1.4400895e+15
1.4188887e+15
1.391642e+15
1.3710726e+15
1.4400895e+15
1.4188887e+15
1.391642e+15
1.3710726e+15
1.4400895e+15
1.4188887e+15
1.391642e+15
1.3710726e+15
1.4400895e+15
1.4188887e+15
1.391642e+15
1.3710726e+15
1.4400895e+15
1.4188887e+15
1.391642e+15
1.3710726e+15
1.4400895e+15
1.4188887e+15
1.391642e+15
1.3710726e+15
1.4400895e+15
1.4188887e+15
1.391642e+15
1.3710726e+15
1.4400895e+15
1.4188887e+15
1.391642e+15
1.3710726e+15
1.3602211e+15
1.340063e+15
1.3141596e+15
1.2946068e+15
1.3602211e+15
1.340063e+15
1.3141596e+15
1.2946068e+15
1.3602211e+15
1.340063e+15
1.3141596e+15
1.2946068e+15
1.3602211e+15
1.340063e+15
1.3141596e+15
1.2946068e+15
1.2842925e+15
1.2651339e+15
1.240518e+15
1.2219395e+15
1.2842925e+15
1.2651339e+15
1.240518e+15
1.2219395e+15
1.2842925e+15
1.2651339e+15
1.240518e+15
1.2219395e+15
1.2842925e+15
1.2651339e+15
1.240518e+15
1.2219395e+15
1.21214e+15
1.1939391e+15
1.1705567e+15
1.1529114e+15
1.21214e+15
1.1939391e+15
1.1705567e+15
1.1529114e+15
1.21214e+15
1.1939391e+15
1.1705567e+15
1.1529114e+15
1.21214e+15
1.1939391e+15
1.1705567e+15
1.1529114e+15
1.21214e+15
1.1939391e+15
1.1705567e+15
1.1529114e+15
1.21214e+15
1.1939391e+15
1.1705567e+15
1.1529114e+15
1.21214e+15
1.1939391e+15
1.1705567e+15
1.1529114e+15
1.21214e+15
1.1939391e+15
1.1705567e+15
1.1529114e+15
1.2842925e+15
1.2651339e+15
1.240518e+15
1.2219395e+15
1.2842925e+15
1.2651339e+15
1.240518e+15
1.2219395e+15
1.2842925e+15
1.2651339e+15
1.240518e+15
1.2219395e+15
1.2842925e+15
1.2651339e+15
1.240518e+15
1.2219395e+15
1.2842925e+15
1.2651339e+15
1.240518e+15
1.2219395e+15
1.2842925e+15
1.2651339e+15
1.240518e+15
1.2219395e+15
1.2842925e+15
1.2651339e+15
1.240518e+15
1.2219395e+15
1.2842925e+15
1.2651339e+15
1.240518e+15
1.2219395e+15
1.2842925e+15
1.2651339e+15
1.240518e+15
1.2219395e+15
1.2842925e+15
1.2651339e+15
1.240518e+15
1.2219395e+15
1.2842925e+15
1.2651339e+15
1.240518e+15
1.2219395e+15
1.2842925e+15
1.2651339e+15
1.240518e+15
1.2219395e+15
1.21214e+15
1.1939391e+15
1.1705567e+15
1.1529114e+15
1.21214e+15
1.1939391e+15
1.1705567e+15
1.1529114e+15
1.21214e+15
1.1939391e+15
1.1705567e+15
1.1529114e+15
1.21214e+15
1.1939391e+15
1.1705567e+15
1.1529114e+15
