FiniteElementSpace
FiniteElementCollection: L2_2D_P3
VDim: 1
Ordering: 0

9.9967175e+16
9.9974534e+16
9.9980242e+16
9.9981635e+16
9.9967175e+16
9.9974534e+16
9.9980242e+16
9.9981635e+16
9.9967175e+16
9.9974534e+16
9.9980242e+16
9.9981635e+16
9.9967175e+16
9.9974534e+16
9.9980242e+16
9.9981635e+16
9.998132e+16
9.9978744e+16
9.9971492e+16
9.9962951e+16
9.998132e+16
9.9978744e+16
9.9971492e+16
9.9962951e+16
9.998132e+16
9.9978744e+16
9.9971492e+16
9.9962951e+16
9.998132e+16
9.9978744e+16
9.9971492e+16
9.9962951e+16
9.998132e+16
9.9978744e+16
9.9971492e+16
9.9962951e+16
9.998132e+16
9.9978744e+16
9.9971492e+16
9.9962951e+16
9.998132e+16
9.9978744e+16
9.9971492e+16
9.9962951e+16
9.998132e+16
9.9978744e+16
9.9971492e+16
9.9962951e+16
9.9967175e+16
9.9974534e+16
9.9980242e+16
9.9981635e+16
9.9967175e+16
9.9974534e+16
9.9980242e+16
9.9981635e+16
9.9967175e+16
9.9974534e+16
9.9980242e+16
9.9981635e+16
9.9967175e+16
9.9974534e+16
9.9980242e+16
9.9981635e+16
9.9967175e+16
9.9974534e+16
9.9980242e+16
9.9981635e+16
9.9967175e+16
9.9974534e+16
9.9980242e+16
9.9981635e+16
9.9967175e+16
9.9974534e+16
9.9980242e+16
9.9981635e+16
9.9967175e+16
9.9974534e+16
9.9980242e+16
9.9981635e+16
9.9967175e+16
9.9974534e+16
9.9980242e+16
9.9981635e+16
9.9967175e+16
9.9974534e+16
9.9980242e+16
9.9981635e+16
9.9967175e+16
9.9974534e+16
9.9980242e+16
9.9981635e+16
9.9967175e+16
9.9974534e+16
9.9980242e+16
9.9981635e+16
9.998132e+16
9.9978744e+16
9.9971492e+16
9.9962951e+16
9.998132e+16
9.9978744e+16
9.9971492e+16
9.9962951e+16
9.998132e+16
9.9978744e+16
9.9971492e+16
9.9962951e+16
9.998132e+16
9.9978744e+16
9.9971492e+16
9.9962951e+16
9.998132e+16
9.9978744e+16
9.9971492e+16
9.9962951e+16
9.998132e+16
9.9978744e+16
9.9971492e+16
9.9962951e+16
9.998132e+16
9.9978744e+16
9.9971492e+16
9.9962951e+16
9.998132e+16
9.9978744e+16
9.9971492e+16
9.9962951e+16
9.9957342e+16
9.9944835e+16
9.992463e+16
9.9906165e+16
9.9957342e+16
9.9944835e+16
9.992463e+16
9.9906165e+16
9.9957342e+16
9.9944835e+16
9.992463e+16
9.9906165e+16
9.9957342e+16
9.9944835e+16
9.992463e+16
9.9906165e+16
9.9957342e+16
9.9944835e+16
9.992463e+16
9.9906165e+16
9.9957342e+16
9.9944835e+16
9.992463e+16
9.9906165e+16
9.9957342e+16
9.9944835e+16
9.992463e+16
9.9906165e+16
9.9957342e+16
9.9944835e+16
9.992463e+16
9.9906165e+16
9.989527e+16
9.9872847e+16
9.9839711e+16
9.9811344e+16
9.989527e+16
9.9872847e+16
9.9839711e+16
9.9811344e+16
9.989527e+16
9.9872847e+16
9.9839711e+16
9.9811344e+16
9.989527e+16
9.9872847e+16
9.9839711e+16
9.9811344e+16
9.989527e+16
9.9872847e+16
9.9839711e+16
9.9811344e+16
9.989527e+16
9.9872847e+16
9.9839711e+16
9.9811344e+16
9.989527e+16
9.9872847e+16
9.9839711e+16
9.9811344e+16
9.989527e+16
9.9872847e+16
9.9839711e+16
9.9811344e+16
9.989527e+16
9.9872847e+16
9.9839711e+16
9.9811344e+16
9.989527e+16
9.9872847e+16
9.9839711e+16
9.9811344e+16
9.989527e+16
9.9872847e+16
9.9839711e+16
9.9811344e+16
9.989527e+16
9.9872847e+16
9.9839711e+16
9.9811344e+16
9.9957342e+16
9.9944835e+16
9.992463e+16
9.9906165e+16
9.9957342e+16
9.9944835e+16
9.992463e+16
9.9906165e+16
9.9957342e+16
9.9944835e+16
9.992463e+16
9.9906165e+16
9.9957342e+16
9.9944835e+16
9.992463e+16
9.9906165e+16
9.9957342e+16
9.9944835e+16
9.992463e+16
9.9906165e+16
9.9957342e+16
9.9944835e+16
9.992463e+16
9.9906165e+16
9.9957342e+16
9.9944835e+16
9.992463e+16
9.9906165e+16
9.9957342e+16
9.9944835e+16
9.992463e+16
9.9906165e+16
9.989527e+16
9.9872847e+16
9.9839711e+16
9.9811344e+16
9.989527e+16
9.9872847e+16
9.9839711e+16
9.9811344e+16
9.989527e+16
9.9872847e+16
9.9839711e+16
9.9811344e+16
9.989527e+16
9.9872847e+16
9.9839711e+16
9.9811344e+16
9.9795174e+16
9.976286e+16
9.9716832e+16
9.9678595e+16
9.9795174e+16
9.976286e+16
9.9716832e+16
9.9678595e+16
9.9795174e+16
9.976286e+16
9.9716832e+16
9.9678595e+16
9.9795174e+16
9.976286e+16
9.9716832e+16
9.9678595e+16
9.965717e+16
9.9615001e+16
9.9556134e+16
9.950807e+16
9.965717e+16
9.9615001e+16
9.9556134e+16
9.950807e+16
9.965717e+16
9.9615001e+16
9.9556134e+16
9.950807e+16
9.965717e+16
9.9615001e+16
9.9556134e+16
9.950807e+16
9.965717e+16
9.9615001e+16
9.9556134e+16
9.950807e+16
9.965717e+16
9.9615001e+16
9.9556134e+16
9.950807e+16
9.965717e+16
9.9615001e+16
9.9556134e+16
9.950807e+16
9.965717e+16
9.9615001e+16
9.9556134e+16
9.950807e+16
9.9795174e+16
9.976286e+16
9.9716832e+16
9.9678595e+16
9.9795174e+16
9.976286e+16
9.9716832e+16
9.9678595e+16
9.9795174e+16
9.976286e+16
9.9716832e+16
9.9678595e+16
9.9795174e+16
9.976286e+16
9.9716832e+16
9.9678595e+16
9.9795174e+16
9.976286e+16
9.9716832e+16
9.9678595e+16
9.9795174e+16
9.976286e+16
9.9716832e+16
9.9678595e+16
9.9795174e+16
9.976286e+16
9.9716832e+16
9.9678595e+16
9.9795174e+16
9.976286e+16
9.9716832e+16
9.9678595e+16
9.9795174e+16
9.976286e+16
9.9716832e+16
9.9678595e+16
9.9795174e+16
9.976286e+16
9.9716832e+16
9.9678595e+16
9.9795174e+16
9.976286e+16
9.9716832e+16
9.9678595e+16
9.9795174e+16
9.976286e+16
9.9716832e+16
9.9678595e+16
9.965717e+16
9.9615001e+16
9.9556134e+16
9.950807e+16
9.965717e+16
9.9615001e+16
9.9556134e+16
9.950807e+16
9.965717e+16
9.9615001e+16
9.9556134e+16
9.950807e+16
9.965717e+16
9.9615001e+16
9.9556134e+16
9.950807e+16
9.965717e+16
9.9615001e+16
9.9556134e+16
9.950807e+16
9.965717e+16
9.9615001e+16
9.9556134e+16
9.950807e+16
9.965717e+16
9.9615001e+16
9.9556134e+16
9.950807e+16
9.965717e+16
9.9615001e+16
9.9556134e+16
9.950807e+16
9.9481413e+16
9.9429439e+16
9.9357799e+16
9.9299963e+16
9.9481413e+16
9.9429439e+16
9.9357799e+16
9.9299963e+16
9.9481413e+16
9.9429439e+16
9.9357799e+16
9.9299963e+16
9.9481413e+16
9.9429439e+16
9.9357799e+16
9.9299963e+16
9.9481413e+16
9.9429439e+16
9.9357799e+16
9.9299963e+16
9.9481413e+16
9.9429439e+16
9.9357799e+16
9.9299963e+16
9.9481413e+16
9.9429439e+16
9.9357799e+16
9.9299963e+16
9.9481413e+16
9.9429439e+16
9.9357799e+16
9.9299963e+16
9.9268106e+16
9.9206384e+16
9.9122054e+16
9.9054512e+16
9.9268106e+16
9.9206384e+16
9.9122054e+16
9.9054512e+16
9.9268106e+16
9.9206384e+16
9.9122054e+16
9.9054512e+16
9.9268106e+16
9.9206384e+16
9.9122054e+16
9.9054512e+16
9.9268106e+16
9.9206384e+16
9.9122054e+16
9.9054512e+16
9.9268106e+16
9.9206384e+16
9.9122054e+16
9.9054512e+16
9.9268106e+16
9.9206384e+16
9.9122054e+16
9.9054512e+16
9.9268106e+16
9.9206384e+16
9.9122054e+16
9.9054512e+16
9.9268106e+16
9.9206384e+16
9.9122054e+16
9.9054512e+16
9.9268106e+16
9.9206384e+16
9.9122054e+16
9.9054512e+16
9.9268106e+16
9.9206384e+16
9.9122054e+16
9.9054512e+16
9.9268106e+16
9.9206384e+16
9.9122054e+16
9.9054512e+16
9.9481413e+16
9.9429439e+16
9.9357799e+16
9.9299963e+16
9.9481413e+16
9.9429439e+16
9.9357799e+16
9.9299963e+16
9.9481413e+16
9.9429439e+16
9.9357799e+16
9.9299963e+16
9.9481413e+16
9.9429439e+16
9.9357799e+16
9.9299963e+16
9.9481413e+16
9.9429439e+16
9.9357799e+16
9.9299963e+16
9.9481413e+16
9.9429439e+16
9.9357799e+16
9.9299963e+16
9.9481413e+16
9.9429439e+16
9.9357799e+16
9.9299963e+16
9.9481413e+16
9.9429439e+16
9.9357799e+16
9.9299963e+16
9.9268106e+16
9.9206384e+16
9.9122054e+16
9.9054512e+16
9.9268106e+16
9.9206384e+16
9.9122054e+16
9.9054512e+16
9.9268106e+16
9.9206384e+16
9.9122054e+16
9.9054512e+16
9.9268106e+16
9.9206384e+16
9.9122054e+16
9.9054512e+16
9.901749e+16
9.8946092e+16
9.8849167e+16
9.8771996e+16
9.901749e+16
9.8946092e+16
9.8849167e+16
9.8771996e+16
9.901749e+16
9.8946092e+16
9.8849167e+16
9.8771996e+16
9.901749e+16
9.8946092e+16
9.8849167e+16
9.8771996e+16
9.8729851e+16
9.8648858e+16
9.8539448e+16
9.8452735e+16
9.8729851e+16
9.8648858e+16
9.8539448e+16
9.8452735e+16
9.8729851e+16
9.8648858e+16
9.8539448e+16
9.8452735e+16
9.8729851e+16
9.8648858e+16
9.8539448e+16
9.8452735e+16
9.8729851e+16
9.8648858e+16
9.8539448e+16
9.8452735e+16
9.8729851e+16
9.8648858e+16
9.8539448e+16
9.8452735e+16
9.8729851e+16
9.8648858e+16
9.8539448e+16
9.8452735e+16
9.8729851e+16
9.8648858e+16
9.8539448e+16
9.8452735e+16
9.901749e+16
9.8946092e+16
9.8849167e+16
9.8771996e+16
9.901749e+16
9.8946092e+16
9.8849167e+16
9.8771996e+16
9.901749e+16
9.8946092e+16
9.8849167e+16
9.8771996e+16
9.901749e+16
9.8946092e+16
9.8849167e+16
9.8771996e+16
9.901749e+16
9.8946092e+16
9.8849167e+16
9.8771996e+16
9.901749e+16
9.8946092e+16
9.8849167e+16
9.8771996e+16
9.901749e+16
9.8946092e+16
9.8849167e+16
9.8771996e+16
9.901749e+16
9.8946092e+16
9.8849167e+16
9.8771996e+16
9.901749e+16
9.8946092e+16
9.8849167e+16
9.8771996e+16
9.901749e+16
9.8946092e+16
9.8849167e+16
9.8771996e+16
9.901749e+16
9.8946092e+16
9.8849167e+16
9.8771996e+16
9.901749e+16
9.8946092e+16
9.8849167e+16
9.8771996e+16
9.8729851e+16
9.8648858e+16
9.8539448e+16
9.8452735e+16
9.8729851e+16
9.8648858e+16
9.8539448e+16
9.8452735e+16
9.8729851e+16
9.8648858e+16
9.8539448e+16
9.8452735e+16
9.8729851e+16
9.8648858e+16
9.8539448e+16
9.8452735e+16
9.8729851e+16
9.8648858e+16
9.8539448e+16
9.8452735e+16
9.8729851e+16
9.8648858e+16
9.8539448e+16
9.8452735e+16
9.8729851e+16
9.8648858e+16
9.8539448e+16
9.8452735e+16
9.8729851e+16
9.8648858e+16
9.8539448e+16
9.8452735e+16
9.8405516e+16
9.8315019e+16
9.8193248e+16
9.8097092e+16
9.8405516e+16
9.8315019e+16
9.8193248e+16
9.8097092e+16
9.8405516e+16
9.8315019e+16
9.8193248e+16
9.8097092e+16
9.8405516e+16
9.8315019e+16
9.8193248e+16
9.8097092e+16
9.8405516e+16
9.8315019e+16
9.8193248e+16
9.8097092e+16
9.8405516e+16
9.8315019e+16
9.8193248e+16
9.8097092e+16
9.8405516e+16
9.8315019e+16
9.8193248e+16
9.8097092e+16
9.8405516e+16
9.8315019e+16
9.8193248e+16
9.8097092e+16
9.8044852e+16
9.7944953e+16
9.7810959e+16
9.7705469e+16
9.8044852e+16
9.7944953e+16
9.7810959e+16
9.7705469e+16
9.8044852e+16
9.7944953e+16
9.7810959e+16
9.7705469e+16
9.8044852e+16
9.7944953e+16
9.7810959e+16
9.7705469e+16
9.8044852e+16
9.7944953e+16
9.7810959e+16
9.7705469e+16
9.8044852e+16
9.7944953e+16
9.7810959e+16
9.7705469e+16
9.8044852e+16
9.7944953e+16
9.7810959e+16
9.7705469e+16
9.8044852e+16
9.7944953e+16
9.7810959e+16
9.7705469e+16
9.8044852e+16
9.7944953e+16
9.7810959e+16
9.7705469e+16
9.8044852e+16
9.7944953e+16
9.7810959e+16
9.7705469e+16
9.8044852e+16
9.7944953e+16
9.7810959e+16
9.7705469e+16
9.8044852e+16
9.7944953e+16
9.7810959e+16
9.7705469e+16
9.8405516e+16
9.8315019e+16
9.8193248e+16
9.8097092e+16
9.8405516e+16
9.8315019e+16
9.8193248e+16
9.8097092e+16
9.8405516e+16
9.8315019e+16
9.8193248e+16
9.8097092e+16
9.8405516e+16
9.8315019e+16
9.8193248e+16
9.8097092e+16
9.8405516e+16
9.8315019e+16
9.8193248e+16
9.8097092e+16
9.8405516e+16
9.8315019e+16
9.8193248e+16
9.8097092e+16
9.8405516e+16
9.8315019e+16
9.8193248e+16
9.8097092e+16
9.8405516e+16
9.8315019e+16
9.8193248e+16
9.8097092e+16
9.8044852e+16
9.7944953e+16
9.7810959e+16
9.7705469e+16
9.8044852e+16
9.7944953e+16
9.7810959e+16
9.7705469e+16
9.8044852e+16
9.7944953e+16
9.7810959e+16
9.7705469e+16
9.8044852e+16
9.7944953e+16
9.7810959e+16
9.7705469e+16
9.7648266e+16
9.7539079e+16
9.7393013e+16
9.7278306e+16
9.7648266e+16
9.7539079e+16
9.7393013e+16
9.7278306e+16
9.7648266e+16
9.7539079e+16
9.7393013e+16
9.7278306e+16
9.7648266e+16
9.7539079e+16
9.7393013e+16
9.7278306e+16
9.7216206e+16
9.7097853e+16
9.6939879e+16
9.6816086e+16
9.7216206e+16
9.7097853e+16
9.6939879e+16
9.6816086e+16
9.7216206e+16
9.7097853e+16
9.6939879e+16
9.6816086e+16
9.7216206e+16
9.7097853e+16
9.6939879e+16
9.6816086e+16
9.7216206e+16
9.7097853e+16
9.6939879e+16
9.6816086e+16
9.7216206e+16
9.7097853e+16
9.6939879e+16
9.6816086e+16
9.7216206e+16
9.7097853e+16
9.6939879e+16
9.6816086e+16
9.7216206e+16
9.7097853e+16
9.6939879e+16
9.6816086e+16
9.7648266e+16
9.7539079e+16
9.7393013e+16
9.7278306e+16
9.7648266e+16
9.7539079e+16
9.7393013e+16
9.7278306e+16
9.7648266e+16
9.7539079e+16
9.7393013e+16
9.7278306e+16
9.7648266e+16
9.7539079e+16
9.7393013e+16
9.7278306e+16
9.7648266e+16
9.7539079e+16
9.7393013e+16
9.7278306e+16
9.7648266e+16
9.7539079e+16
9.7393013e+16
9.7278306e+16
9.7648266e+16
9.7539079e+16
9.7393013e+16
9.7278306e+16
9.7648266e+16
9.7539079e+16
9.7393013e+16
9.7278306e+16
9.7648266e+16
9.7539079e+16
9.7393013e+16
9.7278306e+16
9.7648266e+16
9.7539079e+16
9.7393013e+16
9.7278306e+16
9.7648266e+16
9.7539079e+16
9.7393013e+16
9.7278306e+16
9.7648266e+16
9.7539079e+16
9.7393013e+16
9.7278306e+16
9.7216206e+16
9.7097853e+16
9.6939879e+16
9.6816086e+16
9.7216206e+16
9.7097853e+16
9.6939879e+16
9.6816086e+16
9.7216206e+16
9.7097853e+16
9.6939879e+16
9.6816086e+16
9.7216206e+16
9.7097853e+16
9.6939879e+16
9.6816086e+16
9.7216206e+16
9.7097853e+16
9.6939879e+16
9.6816086e+16
9.7216206e+16
9.7097853e+16
9.6939879e+16
9.6816086e+16
9.7216206e+16
9.7097853e+16
9.6939879e+16
9.6816086e+16
9.7216206e+16
9.7097853e+16
9.6939879e+16
9.6816086e+16
9.6749157e+16
9.6621772e+16
9.6452067e+16
9.6319325e+16
9.6749157e+16
9.6621772e+16
9.6452067e+16
9.6319325e+16
9.6749157e+16
9.6621772e+16
9.6452067e+16
9.6319325e+16
9.6749157e+16
9.6621772e+16
9.6452067e+16
9.6319325e+16
9.6749157e+16
9.6621772e+16
9.6452067e+16
9.6319325e+16
9.6749157e+16
9.6621772e+16
9.6452067e+16
9.6319325e+16
9.6749157e+16
9.6621772e+16
9.6452067e+16
9.6319325e+16
9.6749157e+16
9.6621772e+16
9.6452067e+16
9.6319325e+16
9.6247643e+16
9.6111367e+16
9.5930122e+16
9.5788579e+16
9.6247643e+16
9.6111367e+16
9.5930122e+16
9.5788579e+16
9.6247643e+16
9.6111367e+16
9.5930122e+16
9.5788579e+16
9.6247643e+16
9.6111367e+16
9.5930122e+16
9.5788579e+16
9.6247643e+16
9.6111367e+16
9.5930122e+16
9.5788579e+16
9.6247643e+16
9.6111367e+16
9.5930122e+16
9.5788579e+16
9.6247643e+16
9.6111367e+16
9.5930122e+16
9.5788579e+16
9.6247643e+16
9.6111367e+16
9.5930122e+16
9.5788579e+16
9.6247643e+16
9.6111367e+16
9.5930122e+16
9.5788579e+16
9.6247643e+16
9.6111367e+16
9.5930122e+16
9.5788579e+16
9.6247643e+16
9.6111367e+16
9.5930122e+16
9.5788579e+16
9.6247643e+16
9.6111367e+16
9.5930122e+16
9.5788579e+16
9.6749157e+16
9.6621772e+16
9.6452067e+16
9.6319325e+16
9.6749157e+16
9.6621772e+16
9.6452067e+16
9.6319325e+16
9.6749157e+16
9.6621772e+16
9.6452067e+16
9.6319325e+16
9.6749157e+16
9.6621772e+16
9.6452067e+16
9.6319325e+16
9.6749157e+16
9.6621772e+16
9.6452067e+16
9.6319325e+16
9.6749157e+16
9.6621772e+16
9.6452067e+16
9.6319325e+16
9.6749157e+16
9.6621772e+16
9.6452067e+16
9.6319325e+16
9.6749157e+16
9.6621772e+16
9.6452067e+16
9.6319325e+16
9.6247643e+16
9.6111367e+16
9.5930122e+16
9.5788579e+16
9.6247643e+16
9.6111367e+16
9.5930122e+16
9.5788579e+16
9.6247643e+16
9.6111367e+16
9.5930122e+16
9.5788579e+16
9.6247643e+16
9.6111367e+16
9.5930122e+16
9.5788579e+16
9.5712224e+16
9.556721e+16
9.5374624e+16
9.5224439e+16
9.5712224e+16
9.556721e+16
9.5374624e+16
9.5224439e+16
9.5712224e+16
9.556721e+16
9.5374624e+16
9.5224439e+16
9.5712224e+16
9.556721e+16
9.5374624e+16
9.5224439e+16
9.5143495e+16
9.4989904e+16
9.4786192e+16
9.462753e+16
9.5143495e+16
9.4989904e+16
9.4786192e+16
9.462753e+16
9.5143495e+16
9.4989904e+16
9.4786192e+16
9.462753e+16
9.5143495e+16
9.4989904e+16
9.4786192e+16
9.462753e+16
9.5143495e+16
9.4989904e+16
9.4786192e+16
9.462753e+16
9.5143495e+16
9.4989904e+16
9.4786192e+16
9.462753e+16
9.5143495e+16
9.4989904e+16
9.4786192e+16
9.462753e+16
9.5143495e+16
9.4989904e+16
9.4786192e+16
9.462753e+16
9.5712224e+16
9.556721e+16
9.5374624e+16
9.5224439e+16
9.5712224e+16
9.556721e+16
9.5374624e+16
9.5224439e+16
9.5712224e+16
9.556721e+16
9.5374624e+16
9.5224439e+16
9.5712224e+16
9.556721e+16
9.5374624e+16
9.5224439e+16
9.5712224e+16
9.556721e+16
9.5374624e+16
9.5224439e+16
9.5712224e+16
9.556721e+16
9.5374624e+16
9.5224439e+16
9.5712224e+16
9.556721e+16
9.5374624e+16
9.5224439e+16
9.5712224e+16
9.556721e+16
9.5374624e+16
9.5224439e+16
9.5712224e+16
9.556721e+16
9.5374624e+16
9.5224439e+16
9.5712224e+16
9.556721e+16
9.5374624e+16
9.5224439e+16
9.5712224e+16
9.556721e+16
9.5374624e+16
9.5224439e+16
9.5712224e+16
9.556721e+16
9.5374624e+16
9.5224439e+16
9.5143495e+16
9.4989904e+16
9.4786192e+16
9.462753e+16
9.5143495e+16
9.4989904e+16
9.4786192e+16
9.462753e+16
9.5143495e+16
9.4989904e+16
9.4786192e+16
9.462753e+16
9.5143495e+16
9.4989904e+16
9.4786192e+16
9.462753e+16
9.5143495e+16
9.4989904e+16
9.4786192e+16
9.462753e+16
9.5143495e+16
9.4989904e+16
9.4786192e+16
9.462753e+16
9.5143495e+16
9.4989904e+16
9.4786192e+16
9.462753e+16
9.5143495e+16
9.4989904e+16
9.4786192e+16
9.462753e+16
9.4542087e+16
9.4380088e+16
9.4165476e+16
9.3998512e+16
9.4542087e+16
9.4380088e+16
9.4165476e+16
9.3998512e+16
9.4542087e+16
9.4380088e+16
9.4165476e+16
9.3998512e+16
9.4542087e+16
9.4380088e+16
9.4165476e+16
9.3998512e+16
9.4542087e+16
9.4380088e+16
9.4165476e+16
9.3998512e+16
9.4542087e+16
9.4380088e+16
9.4165476e+16
9.3998512e+16
9.4542087e+16
9.4380088e+16
9.4165476e+16
9.3998512e+16
9.4542087e+16
9.4380088e+16
9.4165476e+16
9.3998512e+16
9.3908664e+16
9.3738435e+16
9.3513158e+16
9.3338076e+16
9.3908664e+16
9.3738435e+16
9.3513158e+16
9.3338076e+16
9.3908664e+16
9.3738435e+16
9.3513158e+16
9.3338076e+16
9.3908664e+16
9.3738435e+16
9.3513158e+16
9.3338076e+16
9.3908664e+16
9.3738435e+16
9.3513158e+16
9.3338076e+16
9.3908664e+16
9.3738435e+16
9.3513158e+16
9.3338076e+16
9.3908664e+16
9.3738435e+16
9.3513158e+16
9.3338076e+16
9.3908664e+16
9.3738435e+16
9.3513158e+16
9.3338076e+16
9.3908664e+16
9.3738435e+16
9.3513158e+16
9.3338076e+16
9.3908664e+16
9.3738435e+16
9.3513158e+16
9.3338076e+16
9.3908664e+16
9.3738435e+16
9.3513158e+16
9.3338076e+16
9.3908664e+16
9.3738435e+16
9.3513158e+16
9.3338076e+16
9.4542087e+16
9.4380088e+16
9.4165476e+16
9.3998512e+16
9.4542087e+16
9.4380088e+16
9.4165476e+16
9.3998512e+16
9.4542087e+16
9.4380088e+16
9.4165476e+16
9.3998512e+16
9.4542087e+16
9.4380088e+16
9.4165476e+16
9.3998512e+16
9.4542087e+16
9.4380088e+16
9.4165476e+16
9.3998512e+16
9.4542087e+16
9.4380088e+16
9.4165476e+16
9.3998512e+16
9.4542087e+16
9.4380088e+16
9.4165476e+16
9.3998512e+16
9.4542087e+16
9.4380088e+16
9.4165476e+16
9.3998512e+16
9.3908664e+16
9.3738435e+16
9.3513158e+16
9.3338076e+16
9.3908664e+16
9.3738435e+16
9.3513158e+16
9.3338076e+16
9.3908664e+16
9.3738435e+16
9.3513158e+16
9.3338076e+16
9.3908664e+16
9.3738435e+16
9.3513158e+16
9.3338076e+16
9.3243921e+16
9.3065649e+16
9.2829953e+16
9.2646944e+16
9.3243921e+16
9.3065649e+16
9.2829953e+16
9.2646944e+16
9.3243921e+16
9.3065649e+16
9.2829953e+16
9.2646944e+16
9.3243921e+16
9.3065649e+16
9.2829953e+16
9.2646944e+16
9.2548585e+16
9.2362465e+16
9.2116606e+16
9.1925869e+16
9.2548585e+16
9.2362465e+16
9.2116606e+16
9.1925869e+16
9.2548585e+16
9.2362465e+16
9.2116606e+16
9.1925869e+16
9.2548585e+16
9.2362465e+16
9.2116606e+16
9.1925869e+16
9.2548585e+16
9.2362465e+16
9.2116606e+16
9.1925869e+16
9.2548585e+16
9.2362465e+16
9.2116606e+16
9.1925869e+16
9.2548585e+16
9.2362465e+16
9.2116606e+16
9.1925869e+16
9.2548585e+16
9.2362465e+16
9.2116606e+16
9.1925869e+16
9.3243921e+16
9.3065649e+16
9.2829953e+16
9.2646944e+16
9.3243921e+16
9.3065649e+16
9.2829953e+16
9.2646944e+16
9.3243921e+16
9.3065649e+16
9.2829953e+16
9.2646944e+16
9.3243921e+16
9.3065649e+16
9.2829953e+16
9.2646944e+16
9.3243921e+16
9.3065649e+16
9.2829953e+16
9.2646944e+16
9.3243921e+16
9.3065649e+16
9.2829953e+16
9.2646944e+16
9.3243921e+16
9.3065649e+16
9.2829953e+16
9.2646944e+16
9.3243921e+16
9.3065649e+16
9.2829953e+16
9.2646944e+16
9.3243921e+16
9.3065649e+16
9.2829953e+16
9.2646944e+16
9.3243921e+16
9.3065649e+16
9.2829953e+16
9.2646944e+16
9.3243921e+16
9.3065649e+16
9.2829953e+16
9.2646944e+16
9.3243921e+16
9.3065649e+16
9.2829953e+16
9.2646944e+16
9.2548585e+16
9.2362465e+16
9.2116606e+16
9.1925869e+16
9.2548585e+16
9.2362465e+16
9.2116606e+16
9.1925869e+16
9.2548585e+16
9.2362465e+16
9.2116606e+16
9.1925869e+16
9.2548585e+16
9.2362465e+16
9.2116606e+16
9.1925869e+16
9.2548585e+16
9.2362465e+16
9.2116606e+16
9.1925869e+16
9.2548585e+16
9.2362465e+16
9.2116606e+16
9.1925869e+16
9.2548585e+16
9.2362465e+16
9.2116606e+16
9.1925869e+16
9.2548585e+16
9.2362465e+16
9.2116606e+16
9.1925869e+16
9.1823413e+16
9.1629646e+16
9.1373891e+16
9.1175631e+16
9.1823413e+16
9.1629646e+16
9.1373891e+16
9.1175631e+16
9.1823413e+16
9.1629646e+16
9.1373891e+16
9.1175631e+16
9.1823413e+16
9.1629646e+16
9.1373891e+16
9.1175631e+16
9.1823413e+16
9.1629646e+16
9.1373891e+16
9.1175631e+16
9.1823413e+16
9.1629646e+16
9.1373891e+16
9.1175631e+16
9.1823413e+16
9.1629646e+16
9.1373891e+16
9.1175631e+16
9.1823413e+16
9.1629646e+16
9.1373891e+16
9.1175631e+16
9.1069189e+16
9.0867984e+16
9.0602608e+16
9.0397039e+16
9.1069189e+16
9.0867984e+16
9.0602608e+16
9.0397039e+16
9.1069189e+16
9.0867984e+16
9.0602608e+16
9.0397039e+16
9.1069189e+16
9.0867984e+16
9.0602608e+16
9.0397039e+16
9.1069189e+16
9.0867984e+16
9.0602608e+16
9.0397039e+16
9.1069189e+16
9.0867984e+16
9.0602608e+16
9.0397039e+16
9.1069189e+16
9.0867984e+16
9.0602608e+16
9.0397039e+16
9.1069189e+16
9.0867984e+16
9.0602608e+16
9.0397039e+16
9.1069189e+16
9.0867984e+16
9.0602608e+16
9.0397039e+16
9.1069189e+16
9.0867984e+16
9.0602608e+16
9.0397039e+16
9.1069189e+16
9.0867984e+16
9.0602608e+16
9.0397039e+16
9.1069189e+16
9.0867984e+16
9.0602608e+16
9.0397039e+16
9.1823413e+16
9.1629646e+16
9.1373891e+16
9.1175631e+16
9.1823413e+16
9.1629646e+16
9.1373891e+16
9.1175631e+16
9.1823413e+16
9.1629646e+16
9.1373891e+16
9.1175631e+16
9.1823413e+16
9.1629646e+16
9.1373891e+16
9.1175631e+16
9.1823413e+16
9.1629646e+16
9.1373891e+16
9.1175631e+16
9.1823413e+16
9.1629646e+16
9.1373891e+16
9.1175631e+16
9.1823413e+16
9.1629646e+16
9.1373891e+16
9.1175631e+16
9.1823413e+16
9.1629646e+16
9.1373891e+16
9.1175631e+16
9.1069189e+16
9.0867984e+16
9.0602608e+16
9.0397039e+16
9.1069189e+16
9.0867984e+16
9.0602608e+16
9.0397039e+16
9.1069189e+16
9.0867984e+16
9.0602608e+16
9.0397039e+16
9.1069189e+16
9.0867984e+16
9.0602608e+16
9.0397039e+16
9.0286725e+16
9.0078297e+16
8.9803584e+16
8.9590925e+16
9.0286725e+16
9.0078297e+16
8.9803584e+16
8.9590925e+16
9.0286725e+16
9.0078297e+16
8.9803584e+16
8.9590925e+16
9.0286725e+16
9.0078297e+16
8.9803584e+16
8.9590925e+16
8.9476857e+16
8.9261429e+16
8.897767e+16
8.8758147e+16
8.9476857e+16
8.9261429e+16
8.897767e+16
8.8758147e+16
8.9476857e+16
8.9261429e+16
8.897767e+16
8.8758147e+16
8.9476857e+16
8.9261429e+16
8.897767e+16
8.8758147e+16
8.9476857e+16
8.9261429e+16
8.897767e+16
8.8758147e+16
8.9476857e+16
8.9261429e+16
8.897767e+16
8.8758147e+16
8.9476857e+16
8.9261429e+16
8.897767e+16
8.8758147e+16
8.9476857e+16
8.9261429e+16
8.897767e+16
8.8758147e+16
9.0286725e+16
9.0078297e+16
8.9803584e+16
8.9590925e+16
9.0286725e+16
9.0078297e+16
8.9803584e+16
8.9590925e+16
9.0286725e+16
9.0078297e+16
8.9803584e+16
8.9590925e+16
9.0286725e+16
9.0078297e+16
8.9803584e+16
8.9590925e+16
9.0286725e+16
9.0078297e+16
8.9803584e+16
8.9590925e+16
9.0286725e+16
9.0078297e+16
8.9803584e+16
8.9590925e+16
9.0286725e+16
9.0078297e+16
8.9803584e+16
8.9590925e+16
9.0286725e+16
9.0078297e+16
8.9803584e+16
8.9590925e+16
9.0286725e+16
9.0078297e+16
8.9803584e+16
8.9590925e+16
9.0286725e+16
9.0078297e+16
8.9803584e+16
8.9590925e+16
9.0286725e+16
9.0078297e+16
8.9803584e+16
8.9590925e+16
9.0286725e+16
9.0078297e+16
8.9803584e+16
8.9590925e+16
8.9476857e+16
8.9261429e+16
8.897767e+16
8.8758147e+16
8.9476857e+16
8.9261429e+16
8.897767e+16
8.8758147e+16
8.9476857e+16
8.9261429e+16
8.897767e+16
8.8758147e+16
8.9476857e+16
8.9261429e+16
8.897767e+16
8.8758147e+16
8.9476857e+16
8.9261429e+16
8.897767e+16
8.8758147e+16
8.9476857e+16
8.9261429e+16
8.897767e+16
8.8758147e+16
8.9476857e+16
8.9261429e+16
8.897767e+16
8.8758147e+16
8.9476857e+16
8.9261429e+16
8.897767e+16
8.8758147e+16
8.8640446e+16
8.8418245e+16
8.8125741e+16
8.7899585e+16
8.8640446e+16
8.8418245e+16
8.8125741e+16
8.7899585e+16
8.8640446e+16
8.8418245e+16
8.8125741e+16
8.7899585e+16
8.8640446e+16
8.8418245e+16
8.8125741e+16
8.7899585e+16
8.8640446e+16
8.8418245e+16
8.8125741e+16
8.7899585e+16
8.8640446e+16
8.8418245e+16
8.8125741e+16
8.7899585e+16
8.8640446e+16
8.8418245e+16
8.8125741e+16
8.7899585e+16
8.8640446e+16
8.8418245e+16
8.8125741e+16
8.7899585e+16
8.7778374e+16
8.7549634e+16
8.7248692e+16
8.701614e+16
8.7778374e+16
8.7549634e+16
8.7248692e+16
8.701614e+16
8.7778374e+16
8.7549634e+16
8.7248692e+16
8.701614e+16
8.7778374e+16
8.7549634e+16
8.7248692e+16
8.701614e+16
8.7778374e+16
8.7549634e+16
8.7248692e+16
8.701614e+16
8.7778374e+16
8.7549634e+16
8.7248692e+16
8.701614e+16
8.7778374e+16
8.7549634e+16
8.7248692e+16
8.701614e+16
8.7778374e+16
8.7549634e+16
8.7248692e+16
8.701614e+16
8.7778374e+16
8.7549634e+16
8.7248692e+16
8.701614e+16
8.7778374e+16
8.7549634e+16
8.7248692e+16
8.701614e+16
8.7778374e+16
8.7549634e+16
8.7248692e+16
8.701614e+16
8.7778374e+16
8.7549634e+16
8.7248692e+16
8.701614e+16
8.8640446e+16
8.8418245e+16
8.8125741e+16
8.7899585e+16
8.8640446e+16
8.8418245e+16
8.8125741e+16
8.7899585e+16
8.8640446e+16
8.8418245e+16
8.8125741e+16
8.7899585e+16
8.8640446e+16
8.8418245e+16
8.8125741e+16
8.7899585e+16
8.8640446e+16
8.8418245e+16
8.8125741e+16
8.7899585e+16
8.8640446e+16
8.8418245e+16
8.8125741e+16
8.7899585e+16
8.8640446e+16
8.8418245e+16
8.8125741e+16
8.7899585e+16
8.8640446e+16
8.8418245e+16
8.8125741e+16
8.7899585e+16
8.7778374e+16
8.7549634e+16
8.7248692e+16
8.701614e+16
8.7778374e+16
8.7549634e+16
8.7248692e+16
8.701614e+16
8.7778374e+16
8.7549634e+16
8.7248692e+16
8.701614e+16
8.7778374e+16
8.7549634e+16
8.7248692e+16
8.701614e+16
8.6891546e+16
8.6656506e+16
8.6347439e+16
8.6108732e+16
8.6891546e+16
8.6656506e+16
8.6347439e+16
8.6108732e+16
8.6891546e+16
8.6656506e+16
8.6347439e+16
8.6108732e+16
8.6891546e+16
8.6656506e+16
8.6347439e+16
8.6108732e+16
8.5980884e+16
8.5739787e+16
8.5422914e+16
8.5178299e+16
8.5980884e+16
8.5739787e+16
8.5422914e+16
8.5178299e+16
8.5980884e+16
8.5739787e+16
8.5422914e+16
8.5178299e+16
8.5980884e+16
8.5739787e+16
8.5422914e+16
8.5178299e+16
8.5980884e+16
8.5739787e+16
8.5422914e+16
8.5178299e+16
8.5980884e+16
8.5739787e+16
8.5422914e+16
8.5178299e+16
8.5980884e+16
8.5739787e+16
8.5422914e+16
8.5178299e+16
8.5980884e+16
8.5739787e+16
8.5422914e+16
8.5178299e+16
8.6891546e+16
8.6656506e+16
8.6347439e+16
8.6108732e+16
8.6891546e+16
8.6656506e+16
8.6347439e+16
8.6108732e+16
8.6891546e+16
8.6656506e+16
8.6347439e+16
8.6108732e+16
8.6891546e+16
8.6656506e+16
8.6347439e+16
8.6108732e+16
8.6891546e+16
8.6656506e+16
8.6347439e+16
8.6108732e+16
8.6891546e+16
8.6656506e+16
8.6347439e+16
8.6108732e+16
8.6891546e+16
8.6656506e+16
8.6347439e+16
8.6108732e+16
8.6891546e+16
8.6656506e+16
8.6347439e+16
8.6108732e+16
8.6891546e+16
8.6656506e+16
8.6347439e+16
8.6108732e+16
8.6891546e+16
8.6656506e+16
8.6347439e+16
8.6108732e+16
8.6891546e+16
8.6656506e+16
8.6347439e+16
8.6108732e+16
8.6891546e+16
8.6656506e+16
8.6347439e+16
8.6108732e+16
8.5980884e+16
8.5739787e+16
8.5422914e+16
8.5178299e+16
8.5980884e+16
8.5739787e+16
8.5422914e+16
8.5178299e+16
8.5980884e+16
8.5739787e+16
8.5422914e+16
8.5178299e+16
8.5980884e+16
8.5739787e+16
8.5422914e+16
8.5178299e+16
8.5980884e+16
8.5739787e+16
8.5422914e+16
8.5178299e+16
8.5980884e+16
8.5739787e+16
8.5422914e+16
8.5178299e+16
8.5980884e+16
8.5739787e+16
8.5422914e+16
8.5178299e+16
8.5980884e+16
8.5739787e+16
8.5422914e+16
8.5178299e+16
8.5047329e+16
8.4800423e+16
8.4476069e+16
8.4225796e+16
8.5047329e+16
8.4800423e+16
8.4476069e+16
8.4225796e+16
8.5047329e+16
8.4800423e+16
8.4476069e+16
8.4225796e+16
8.5047329e+16
8.4800423e+16
8.4476069e+16
8.4225796e+16
8.5047329e+16
8.4800423e+16
8.4476069e+16
8.4225796e+16
8.5047329e+16
8.4800423e+16
8.4476069e+16
8.4225796e+16
8.5047329e+16
8.4800423e+16
8.4476069e+16
8.4225796e+16
8.5047329e+16
8.4800423e+16
8.4476069e+16
8.4225796e+16
8.4091837e+16
8.3839375e+16
8.3507869e+16
8.3252192e+16
8.4091837e+16
8.3839375e+16
8.3507869e+16
8.3252192e+16
8.4091837e+16
8.3839375e+16
8.3507869e+16
8.3252192e+16
8.4091837e+16
8.3839375e+16
8.3507869e+16
8.3252192e+16
8.4091837e+16
8.3839375e+16
8.3507869e+16
8.3252192e+16
8.4091837e+16
8.3839375e+16
8.3507869e+16
8.3252192e+16
8.4091837e+16
8.3839375e+16
8.3507869e+16
8.3252192e+16
8.4091837e+16
8.3839375e+16
8.3507869e+16
8.3252192e+16
8.4091837e+16
8.3839375e+16
8.3507869e+16
8.3252192e+16
8.4091837e+16
8.3839375e+16
8.3507869e+16
8.3252192e+16
8.4091837e+16
8.3839375e+16
8.3507869e+16
8.3252192e+16
8.4091837e+16
8.3839375e+16
8.3507869e+16
8.3252192e+16
8.5047329e+16
8.4800423e+16
8.4476069e+16
8.4225796e+16
8.5047329e+16
8.4800423e+16
8.4476069e+16
8.4225796e+16
8.5047329e+16
8.4800423e+16
8.4476069e+16
8.4225796e+16
8.5047329e+16
8.4800423e+16
8.4476069e+16
8.4225796e+16
8.5047329e+16
8.4800423e+16
8.4476069e+16
8.4225796e+16
8.5047329e+16
8.4800423e+16
8.4476069e+16
8.4225796e+16
8.5047329e+16
8.4800423e+16
8.4476069e+16
8.4225796e+16
8.5047329e+16
8.4800423e+16
8.4476069e+16
8.4225796e+16
8.4091837e+16
8.3839375e+16
8.3507869e+16
8.3252192e+16
8.4091837e+16
8.3839375e+16
8.3507869e+16
8.3252192e+16
8.4091837e+16
8.3839375e+16
8.3507869e+16
8.3252192e+16
8.4091837e+16
8.3839375e+16
8.3507869e+16
8.3252192e+16
8.311538e+16
8.2857615e+16
8.2519293e+16
8.2258468e+16
8.311538e+16
8.2857615e+16
8.2519293e+16
8.2258468e+16
8.311538e+16
8.2857615e+16
8.2519293e+16
8.2258468e+16
8.311538e+16
8.2857615e+16
8.2519293e+16
8.2258468e+16
8.2118941e+16
8.1856132e+16
8.1511331e+16
8.1245619e+16
8.2118941e+16
8.1856132e+16
8.1511331e+16
8.1245619e+16
8.2118941e+16
8.1856132e+16
8.1511331e+16
8.1245619e+16
8.2118941e+16
8.1856132e+16
8.1511331e+16
8.1245619e+16
8.2118941e+16
8.1856132e+16
8.1511331e+16
8.1245619e+16
8.2118941e+16
8.1856132e+16
8.1511331e+16
8.1245619e+16
8.2118941e+16
8.1856132e+16
8.1511331e+16
8.1245619e+16
8.2118941e+16
8.1856132e+16
8.1511331e+16
8.1245619e+16
8.311538e+16
8.2857615e+16
8.2519293e+16
8.2258468e+16
8.311538e+16
8.2857615e+16
8.2519293e+16
8.2258468e+16
8.311538e+16
8.2857615e+16
8.2519293e+16
8.2258468e+16
8.311538e+16
8.2857615e+16
8.2519293e+16
8.2258468e+16
8.311538e+16
8.2857615e+16
8.2519293e+16
8.2258468e+16
8.311538e+16
8.2857615e+16
8.2519293e+16
8.2258468e+16
8.311538e+16
8.2857615e+16
8.2519293e+16
8.2258468e+16
8.311538e+16
8.2857615e+16
8.2519293e+16
8.2258468e+16
8.311538e+16
8.2857615e+16
8.2519293e+16
8.2258468e+16
8.311538e+16
8.2857615e+16
8.2519293e+16
8.2258468e+16
8.311538e+16
8.2857615e+16
8.2519293e+16
8.2258468e+16
8.311538e+16
8.2857615e+16
8.2519293e+16
8.2258468e+16
8.2118941e+16
8.1856132e+16
8.1511331e+16
8.1245619e+16
8.2118941e+16
8.1856132e+16
8.1511331e+16
8.1245619e+16
8.2118941e+16
8.1856132e+16
8.1511331e+16
8.1245619e+16
8.2118941e+16
8.1856132e+16
8.1511331e+16
8.1245619e+16
8.2118941e+16
8.1856132e+16
8.1511331e+16
8.1245619e+16
8.2118941e+16
8.1856132e+16
8.1511331e+16
8.1245619e+16
8.2118941e+16
8.1856132e+16
8.1511331e+16
8.1245619e+16
8.2118941e+16
8.1856132e+16
8.1511331e+16
8.1245619e+16
8.1103515e+16
8.0835923e+16
8.0484984e+16
8.0214646e+16
8.1103515e+16
8.0835923e+16
8.0484984e+16
8.0214646e+16
8.1103515e+16
8.0835923e+16
8.0484984e+16
8.0214646e+16
8.1103515e+16
8.0835923e+16
8.0484984e+16
8.0214646e+16
8.1103515e+16
8.0835923e+16
8.0484984e+16
8.0214646e+16
8.1103515e+16
8.0835923e+16
8.0484984e+16
8.0214646e+16
8.1103515e+16
8.0835923e+16
8.0484984e+16
8.0214646e+16
8.1103515e+16
8.0835923e+16
8.0484984e+16
8.0214646e+16
8.0070106e+16
7.9797994e+16
7.9441261e+16
7.9166562e+16
8.0070106e+16
7.9797994e+16
7.9441261e+16
7.9166562e+16
8.0070106e+16
7.9797994e+16
7.9441261e+16
7.9166562e+16
8.0070106e+16
7.9797994e+16
7.9441261e+16
7.9166562e+16
8.0070106e+16
7.9797994e+16
7.9441261e+16
7.9166562e+16
8.0070106e+16
7.9797994e+16
7.9441261e+16
7.9166562e+16
8.0070106e+16
7.9797994e+16
7.9441261e+16
7.9166562e+16
8.0070106e+16
7.9797994e+16
7.9441261e+16
7.9166562e+16
8.0070106e+16
7.9797994e+16
7.9441261e+16
7.9166562e+16
8.0070106e+16
7.9797994e+16
7.9441261e+16
7.9166562e+16
8.0070106e+16
7.9797994e+16
7.9441261e+16
7.9166562e+16
8.0070106e+16
7.9797994e+16
7.9441261e+16
7.9166562e+16
8.1103515e+16
8.0835923e+16
8.0484984e+16
8.0214646e+16
8.1103515e+16
8.0835923e+16
8.0484984e+16
8.0214646e+16
8.1103515e+16
8.0835923e+16
8.0484984e+16
8.0214646e+16
8.1103515e+16
8.0835923e+16
8.0484984e+16
8.0214646e+16
8.1103515e+16
8.0835923e+16
8.0484984e+16
8.0214646e+16
8.1103515e+16
8.0835923e+16
8.0484984e+16
8.0214646e+16
8.1103515e+16
8.0835923e+16
8.0484984e+16
8.0214646e+16
8.1103515e+16
8.0835923e+16
8.0484984e+16
8.0214646e+16
8.0070106e+16
7.9797994e+16
7.9441261e+16
7.9166562e+16
8.0070106e+16
7.9797994e+16
7.9441261e+16
7.9166562e+16
8.0070106e+16
7.9797994e+16
7.9441261e+16
7.9166562e+16
8.0070106e+16
7.9797994e+16
7.9441261e+16
7.9166562e+16
7.9019726e+16
7.8743359e+16
7.8381179e+16
7.8102384e+16
7.9019726e+16
7.8743359e+16
7.8381179e+16
7.8102384e+16
7.9019726e+16
7.8743359e+16
7.8381179e+16
7.8102384e+16
7.9019726e+16
7.8743359e+16
7.8381179e+16
7.8102384e+16
7.7953394e+16
7.7673038e+16
7.7305757e+16
7.7023134e+16
7.7953394e+16
7.7673038e+16
7.7305757e+16
7.7023134e+16
7.7953394e+16
7.7673038e+16
7.7305757e+16
7.7023134e+16
7.7953394e+16
7.7673038e+16
7.7305757e+16
7.7023134e+16
7.7953394e+16
7.7673038e+16
7.7305757e+16
7.7023134e+16
7.7953394e+16
7.7673038e+16
7.7305757e+16
7.7023134e+16
7.7953394e+16
7.7673038e+16
7.7305757e+16
7.7023134e+16
7.7953394e+16
7.7673038e+16
7.7305757e+16
7.7023134e+16
7.9019726e+16
7.8743359e+16
7.8381179e+16
7.8102384e+16
7.9019726e+16
7.8743359e+16
7.8381179e+16
7.8102384e+16
7.9019726e+16
7.8743359e+16
7.8381179e+16
7.8102384e+16
7.9019726e+16
7.8743359e+16
7.8381179e+16
7.8102384e+16
7.9019726e+16
7.8743359e+16
7.8381179e+16
7.8102384e+16
7.9019726e+16
7.8743359e+16
7.8381179e+16
7.8102384e+16
7.9019726e+16
7.8743359e+16
7.8381179e+16
7.8102384e+16
7.9019726e+16
7.8743359e+16
7.8381179e+16
7.8102384e+16
7.9019726e+16
7.8743359e+16
7.8381179e+16
7.8102384e+16
7.9019726e+16
7.8743359e+16
7.8381179e+16
7.8102384e+16
7.9019726e+16
7.8743359e+16
7.8381179e+16
7.8102384e+16
7.9019726e+16
7.8743359e+16
7.8381179e+16
7.8102384e+16
7.7953394e+16
7.7673038e+16
7.7305757e+16
7.7023134e+16
7.7953394e+16
7.7673038e+16
7.7305757e+16
7.7023134e+16
7.7953394e+16
7.7673038e+16
7.7305757e+16
7.7023134e+16
7.7953394e+16
7.7673038e+16
7.7305757e+16
7.7023134e+16
7.7953394e+16
7.7673038e+16
7.7305757e+16
7.7023134e+16
7.7953394e+16
7.7673038e+16
7.7305757e+16
7.7023134e+16
7.7953394e+16
7.7673038e+16
7.7305757e+16
7.7023134e+16
7.7953394e+16
7.7673038e+16
7.7305757e+16
7.7023134e+16
7.6872132e+16
7.6588054e+16
7.6216022e+16
7.5929838e+16
7.6872132e+16
7.6588054e+16
7.6216022e+16
7.5929838e+16
7.6872132e+16
7.6588054e+16
7.6216022e+16
7.5929838e+16
7.6872132e+16
7.6588054e+16
7.6216022e+16
7.5929838e+16
7.6872132e+16
7.6588054e+16
7.6216022e+16
7.5929838e+16
7.6872132e+16
7.6588054e+16
7.6216022e+16
7.5929838e+16
7.6872132e+16
7.6588054e+16
7.6216022e+16
7.5929838e+16
7.6872132e+16
7.6588054e+16
7.6216022e+16
7.5929838e+16
7.5776966e+16
7.5489434e+16
7.5113e+16
7.4823522e+16
7.5776966e+16
7.5489434e+16
7.5113e+16
7.4823522e+16
7.5776966e+16
7.5489434e+16
7.5113e+16
7.4823522e+16
7.5776966e+16
7.5489434e+16
7.5113e+16
7.4823522e+16
7.5776966e+16
7.5489434e+16
7.5113e+16
7.4823522e+16
7.5776966e+16
7.5489434e+16
7.5113e+16
7.4823522e+16
7.5776966e+16
7.5489434e+16
7.5113e+16
7.4823522e+16
7.5776966e+16
7.5489434e+16
7.5113e+16
7.4823522e+16
7.5776966e+16
7.5489434e+16
7.5113e+16
7.4823522e+16
7.5776966e+16
7.5489434e+16
7.5113e+16
7.4823522e+16
7.5776966e+16
7.5489434e+16
7.5113e+16
7.4823522e+16
7.5776966e+16
7.5489434e+16
7.5113e+16
7.4823522e+16
7.6872132e+16
7.6588054e+16
7.6216022e+16
7.5929838e+16
7.6872132e+16
7.6588054e+16
7.6216022e+16
7.5929838e+16
7.6872132e+16
7.6588054e+16
7.6216022e+16
7.5929838e+16
7.6872132e+16
7.6588054e+16
7.6216022e+16
7.5929838e+16
7.6872132e+16
7.6588054e+16
7.6216022e+16
7.5929838e+16
7.6872132e+16
7.6588054e+16
7.6216022e+16
7.5929838e+16
7.6872132e+16
7.6588054e+16
7.6216022e+16
7.5929838e+16
7.6872132e+16
7.6588054e+16
7.6216022e+16
7.5929838e+16
7.5776966e+16
7.5489434e+16
7.5113e+16
7.4823522e+16
7.5776966e+16
7.5489434e+16
7.5113e+16
7.4823522e+16
7.5776966e+16
7.5489434e+16
7.5113e+16
7.4823522e+16
7.5776966e+16
7.5489434e+16
7.5113e+16
7.4823522e+16
7.4668924e+16
7.4378205e+16
7.3997719e+16
7.3705215e+16
7.4668924e+16
7.4378205e+16
7.3997719e+16
7.3705215e+16
7.4668924e+16
7.4378205e+16
7.3997719e+16
7.3705215e+16
7.4668924e+16
7.4378205e+16
7.3997719e+16
7.3705215e+16
7.3549032e+16
7.3255394e+16
7.2871204e+16
7.2575941e+16
7.3549032e+16
7.3255394e+16
7.2871204e+16
7.2575941e+16
7.3549032e+16
7.3255394e+16
7.2871204e+16
7.2575941e+16
7.3549032e+16
7.3255394e+16
7.2871204e+16
7.2575941e+16
7.3549032e+16
7.3255394e+16
7.2871204e+16
7.2575941e+16
7.3549032e+16
7.3255394e+16
7.2871204e+16
7.2575941e+16
7.3549032e+16
7.3255394e+16
7.2871204e+16
7.2575941e+16
7.3549032e+16
7.3255394e+16
7.2871204e+16
7.2575941e+16
7.4668924e+16
7.4378205e+16
7.3997719e+16
7.3705215e+16
7.4668924e+16
7.4378205e+16
7.3997719e+16
7.3705215e+16
7.4668924e+16
7.4378205e+16
7.3997719e+16
7.3705215e+16
7.4668924e+16
7.4378205e+16
7.3997719e+16
7.3705215e+16
7.4668924e+16
7.4378205e+16
7.3997719e+16
7.3705215e+16
7.4668924e+16
7.4378205e+16
7.3997719e+16
7.3705215e+16
7.4668924e+16
7.4378205e+16
7.3997719e+16
7.3705215e+16
7.4668924e+16
7.4378205e+16
7.3997719e+16
7.3705215e+16
7.4668924e+16
7.4378205e+16
7.3997719e+16
7.3705215e+16
7.4668924e+16
7.4378205e+16
7.3997719e+16
7.3705215e+16
7.4668924e+16
7.4378205e+16
7.3997719e+16
7.3705215e+16
7.4668924e+16
7.4378205e+16
7.3997719e+16
7.3705215e+16
7.3549032e+16
7.3255394e+16
7.2871204e+16
7.2575941e+16
7.3549032e+16
7.3255394e+16
7.2871204e+16
7.2575941e+16
7.3549032e+16
7.3255394e+16
7.2871204e+16
7.2575941e+16
7.3549032e+16
7.3255394e+16
7.2871204e+16
7.2575941e+16
7.3549032e+16
7.3255394e+16
7.2871204e+16
7.2575941e+16
7.3549032e+16
7.3255394e+16
7.2871204e+16
7.2575941e+16
7.3549032e+16
7.3255394e+16
7.2871204e+16
7.2575941e+16
7.3549032e+16
7.3255394e+16
7.2871204e+16
7.2575941e+16
7.2418316e+16
7.2122026e+16
7.1734478e+16
7.1436723e+16
7.2418316e+16
7.2122026e+16
7.1734478e+16
7.1436723e+16
7.2418316e+16
7.2122026e+16
7.1734478e+16
7.1436723e+16
7.2418316e+16
7.2122026e+16
7.1734478e+16
7.1436723e+16
7.2418316e+16
7.2122026e+16
7.1734478e+16
7.1436723e+16
7.2418316e+16
7.2122026e+16
7.1734478e+16
7.1436723e+16
7.2418316e+16
7.2122026e+16
7.1734478e+16
7.1436723e+16
7.2418316e+16
7.2122026e+16
7.1734478e+16
7.1436723e+16
7.1277798e+16
7.097912e+16
7.0588563e+16
7.0288579e+16
7.1277798e+16
7.097912e+16
7.0588563e+16
7.0288579e+16
7.1277798e+16
7.097912e+16
7.0588563e+16
7.0288579e+16
7.1277798e+16
7.097912e+16
7.0588563e+16
7.0288579e+16
7.1277798e+16
7.097912e+16
7.0588563e+16
7.0288579e+16
7.1277798e+16
7.097912e+16
7.0588563e+16
7.0288579e+16
7.1277798e+16
7.097912e+16
7.0588563e+16
7.0288579e+16
7.1277798e+16
7.097912e+16
7.0588563e+16
7.0288579e+16
7.1277798e+16
7.097912e+16
7.0588563e+16
7.0288579e+16
7.1277798e+16
7.097912e+16
7.0588563e+16
7.0288579e+16
7.1277798e+16
7.097912e+16
7.0588563e+16
7.0288579e+16
7.1277798e+16
7.097912e+16
7.0588563e+16
7.0288579e+16
7.2418316e+16
7.2122026e+16
7.1734478e+16
7.1436723e+16
7.2418316e+16
7.2122026e+16
7.1734478e+16
7.1436723e+16
7.2418316e+16
7.2122026e+16
7.1734478e+16
7.1436723e+16
7.2418316e+16
7.2122026e+16
7.1734478e+16
7.1436723e+16
7.2418316e+16
7.2122026e+16
7.1734478e+16
7.1436723e+16
7.2418316e+16
7.2122026e+16
7.1734478e+16
7.1436723e+16
7.2418316e+16
7.2122026e+16
7.1734478e+16
7.1436723e+16
7.2418316e+16
7.2122026e+16
7.1734478e+16
7.1436723e+16
7.1277798e+16
7.097912e+16
7.0588563e+16
7.0288579e+16
7.1277798e+16
7.097912e+16
7.0588563e+16
7.0288579e+16
7.1277798e+16
7.097912e+16
7.0588563e+16
7.0288579e+16
7.1277798e+16
7.097912e+16
7.0588563e+16
7.0288579e+16
7.0128494e+16
6.9827694e+16
6.943447e+16
6.913252e+16
7.0128494e+16
6.9827694e+16
6.943447e+16
6.913252e+16
7.0128494e+16
6.9827694e+16
6.943447e+16
6.913252e+16
7.0128494e+16
6.9827694e+16
6.943447e+16
6.913252e+16
6.8971417e+16
6.8668756e+16
6.8273206e+16
6.7969553e+16
6.8971417e+16
6.8668756e+16
6.8273206e+16
6.7969553e+16
6.8971417e+16
6.8668756e+16
6.8273206e+16
6.7969553e+16
6.8971417e+16
6.8668756e+16
6.8273206e+16
6.7969553e+16
6.8971417e+16
6.8668756e+16
6.8273206e+16
6.7969553e+16
6.8971417e+16
6.8668756e+16
6.8273206e+16
6.7969553e+16
6.8971417e+16
6.8668756e+16
6.8273206e+16
6.7969553e+16
6.8971417e+16
6.8668756e+16
6.8273206e+16
6.7969553e+16
7.0128494e+16
6.9827694e+16
6.943447e+16
6.913252e+16
7.0128494e+16
6.9827694e+16
6.943447e+16
6.913252e+16
7.0128494e+16
6.9827694e+16
6.943447e+16
6.913252e+16
7.0128494e+16
6.9827694e+16
6.943447e+16
6.913252e+16
7.0128494e+16
6.9827694e+16
6.943447e+16
6.913252e+16
7.0128494e+16
6.9827694e+16
6.943447e+16
6.913252e+16
7.0128494e+16
6.9827694e+16
6.943447e+16
6.913252e+16
7.0128494e+16
6.9827694e+16
6.943447e+16
6.913252e+16
7.0128494e+16
6.9827694e+16
6.943447e+16
6.913252e+16
7.0128494e+16
6.9827694e+16
6.943447e+16
6.913252e+16
7.0128494e+16
6.9827694e+16
6.943447e+16
6.913252e+16
7.0128494e+16
6.9827694e+16
6.943447e+16
6.913252e+16
6.8971417e+16
6.8668756e+16
6.8273206e+16
6.7969553e+16
6.8971417e+16
6.8668756e+16
6.8273206e+16
6.7969553e+16
6.8971417e+16
6.8668756e+16
6.8273206e+16
6.7969553e+16
6.8971417e+16
6.8668756e+16
6.8273206e+16
6.7969553e+16
6.8971417e+16
6.8668756e+16
6.8273206e+16
6.7969553e+16
6.8971417e+16
6.8668756e+16
6.8273206e+16
6.7969553e+16
6.8971417e+16
6.8668756e+16
6.8273206e+16
6.7969553e+16
6.8971417e+16
6.8668756e+16
6.8273206e+16
6.7969553e+16
6.7807568e+16
6.7503307e+16
6.710577e+16
6.6800671e+16
6.7807568e+16
6.7503307e+16
6.710577e+16
6.6800671e+16
6.7807568e+16
6.7503307e+16
6.710577e+16
6.6800671e+16
6.7807568e+16
6.7503307e+16
6.710577e+16
6.6800671e+16
6.7807568e+16
6.7503307e+16
6.710577e+16
6.6800671e+16
6.7807568e+16
6.7503307e+16
6.710577e+16
6.6800671e+16
6.7807568e+16
6.7503307e+16
6.710577e+16
6.6800671e+16
6.7807568e+16
6.7503307e+16
6.710577e+16
6.6800671e+16
6.6637943e+16
6.6332338e+16
6.5933149e+16
6.562686e+16
6.6637943e+16
6.6332338e+16
6.5933149e+16
6.562686e+16
6.6637943e+16
6.6332338e+16
6.5933149e+16
6.562686e+16
6.6637943e+16
6.6332338e+16
6.5933149e+16
6.562686e+16
6.6637943e+16
6.6332338e+16
6.5933149e+16
6.562686e+16
6.6637943e+16
6.6332338e+16
6.5933149e+16
6.562686e+16
6.6637943e+16
6.6332338e+16
6.5933149e+16
6.562686e+16
6.6637943e+16
6.6332338e+16
6.5933149e+16
6.562686e+16
6.6637943e+16
6.6332338e+16
6.5933149e+16
6.562686e+16
6.6637943e+16
6.6332338e+16
6.5933149e+16
6.562686e+16
6.6637943e+16
6.6332338e+16
6.5933149e+16
6.562686e+16
6.6637943e+16
6.6332338e+16
6.5933149e+16
6.562686e+16
6.7807568e+16
6.7503307e+16
6.710577e+16
6.6800671e+16
6.7807568e+16
6.7503307e+16
6.710577e+16
6.6800671e+16
6.7807568e+16
6.7503307e+16
6.710577e+16
6.6800671e+16
6.7807568e+16
6.7503307e+16
6.710577e+16
6.6800671e+16
6.7807568e+16
6.7503307e+16
6.710577e+16
6.6800671e+16
6.7807568e+16
6.7503307e+16
6.710577e+16
6.6800671e+16
6.7807568e+16
6.7503307e+16
6.710577e+16
6.6800671e+16
6.7807568e+16
6.7503307e+16
6.710577e+16
6.6800671e+16
6.6637943e+16
6.6332338e+16
6.5933149e+16
6.562686e+16
6.6637943e+16
6.6332338e+16
6.5933149e+16
6.562686e+16
6.6637943e+16
6.6332338e+16
6.5933149e+16
6.562686e+16
6.6637943e+16
6.6332338e+16
6.5933149e+16
6.562686e+16
6.5463525e+16
6.5156832e+16
6.475632e+16
6.4449094e+16
6.5463525e+16
6.5156832e+16
6.475632e+16
6.4449094e+16
6.5463525e+16
6.5156832e+16
6.475632e+16
6.4449094e+16
6.5463525e+16
6.5156832e+16
6.475632e+16
6.4449094e+16
6.4285287e+16
6.3977755e+16
6.3576249e+16
6.3268334e+16
6.4285287e+16
6.3977755e+16
6.3576249e+16
6.3268334e+16
6.4285287e+16
6.3977755e+16
6.3576249e+16
6.3268334e+16
6.4285287e+16
6.3977755e+16
6.3576249e+16
6.3268334e+16
6.4285287e+16
6.3977755e+16
6.3576249e+16
6.3268334e+16
6.4285287e+16
6.3977755e+16
6.3576249e+16
6.3268334e+16
6.4285287e+16
6.3977755e+16
6.3576249e+16
6.3268334e+16
6.4285287e+16
6.3977755e+16
6.3576249e+16
6.3268334e+16
6.5463525e+16
6.5156832e+16
6.475632e+16
6.4449094e+16
6.5463525e+16
6.5156832e+16
6.475632e+16
6.4449094e+16
6.5463525e+16
6.5156832e+16
6.475632e+16
6.4449094e+16
6.5463525e+16
6.5156832e+16
6.475632e+16
6.4449094e+16
6.5463525e+16
6.5156832e+16
6.475632e+16
6.4449094e+16
6.5463525e+16
6.5156832e+16
6.475632e+16
6.4449094e+16
6.5463525e+16
6.5156832e+16
6.475632e+16
6.4449094e+16
6.5463525e+16
6.5156832e+16
6.475632e+16
6.4449094e+16
6.5463525e+16
6.5156832e+16
6.475632e+16
6.4449094e+16
6.5463525e+16
6.5156832e+16
6.475632e+16
6.4449094e+16
6.5463525e+16
6.5156832e+16
6.475632e+16
6.4449094e+16
6.5463525e+16
6.5156832e+16
6.475632e+16
6.4449094e+16
6.4285287e+16
6.3977755e+16
6.3576249e+16
6.3268334e+16
6.4285287e+16
6.3977755e+16
6.3576249e+16
6.3268334e+16
6.4285287e+16
6.3977755e+16
6.3576249e+16
6.3268334e+16
6.4285287e+16
6.3977755e+16
6.3576249e+16
6.3268334e+16
6.4285287e+16
6.3977755e+16
6.3576249e+16
6.3268334e+16
6.4285287e+16
6.3977755e+16
6.3576249e+16
6.3268334e+16
6.4285287e+16
6.3977755e+16
6.3576249e+16
6.3268334e+16
6.4285287e+16
6.3977755e+16
6.3576249e+16
6.3268334e+16
6.3104186e+16
6.2796065e+16
6.2393885e+16
6.2085527e+16
6.3104186e+16
6.2796065e+16
6.2393885e+16
6.2085527e+16
6.3104186e+16
6.2796065e+16
6.2393885e+16
6.2085527e+16
6.3104186e+16
6.2796065e+16
6.2393885e+16
6.2085527e+16
6.3104186e+16
6.2796065e+16
6.2393885e+16
6.2085527e+16
6.3104186e+16
6.2796065e+16
6.2393885e+16
6.2085527e+16
6.3104186e+16
6.2796065e+16
6.2393885e+16
6.2085527e+16
6.3104186e+16
6.2796065e+16
6.2393885e+16
6.2085527e+16
6.1921169e+16
6.1612702e+16
6.1210164e+16
6.0901605e+16
6.1921169e+16
6.1612702e+16
6.1210164e+16
6.0901605e+16
6.1921169e+16
6.1612702e+16
6.1210164e+16
6.0901605e+16
6.1921169e+16
6.1612702e+16
6.1210164e+16
6.0901605e+16
6.1921169e+16
6.1612702e+16
6.1210164e+16
6.0901605e+16
6.1921169e+16
6.1612702e+16
6.1210164e+16
6.0901605e+16
6.1921169e+16
6.1612702e+16
6.1210164e+16
6.0901605e+16
6.1921169e+16
6.1612702e+16
6.1210164e+16
6.0901605e+16
6.1921169e+16
6.1612702e+16
6.1210164e+16
6.0901605e+16
6.1921169e+16
6.1612702e+16
6.1210164e+16
6.0901605e+16
6.1921169e+16
6.1612702e+16
6.1210164e+16
6.0901605e+16
6.1921169e+16
6.1612702e+16
6.1210164e+16
6.0901605e+16
