FiniteElementSpace
FiniteElementCollection: L2_2D_P3
VDim: 1
Ordering: 0

28781.563
29122.305
58862.859
225970.38
28781.563
29122.305
58862.859
225970.38
28781.563
29122.305
58862.859
225970.38
28781.563
29122.305
58862.859
225970.38
23182.174
26579.695
27440.187
26885.734
23182.174
26579.695
27440.187
26885.734
23182.174
26579.695
27440.187
26885.734
23182.174
26579.695
27440.187
26885.734
23182.174
26579.695
27440.187
26885.734
23182.174
26579.695
27440.187
26885.734
23182.174
26579.695
27440.187
26885.734
23182.174
26579.695
27440.187
26885.734
16809.712
18214.117
20628.834
22117.618
16809.712
18214.117
20628.834
22117.618
16809.712
18214.117
20628.834
22117.618
16809.712
18214.117
20628.834
22117.618
16067.827
15339.097
15395.095
16193.402
16067.827
15339.097
15395.095
16193.402
16067.827
15339.097
15395.095
16193.402
16067.827
15339.097
15395.095
16193.402
16067.827
15339.097
15395.095
16193.402
16067.827
15339.097
15395.095
16193.402
16067.827
15339.097
15395.095
16193.402
16067.827
15339.097
15395.095
16193.402
16809.712
18214.117
20628.834
22117.618
16809.712
18214.117
20628.834
22117.618
16809.712
18214.117
20628.834
22117.618
16809.712
18214.117
20628.834
22117.618
16809.712
18214.117
20628.834
22117.618
16809.712
18214.117
20628.834
22117.618
16809.712
18214.117
20628.834
22117.618
16809.712
18214.117
20628.834
22117.618
16067.827
15339.097
15395.095
16193.402
16067.827
15339.097
15395.095
16193.402
16067.827
15339.097
15395.095
16193.402
16067.827
15339.097
15395.095
16193.402
16067.827
15339.097
15395.095
16193.402
16067.827
15339.097
15395.095
16193.402
16067.827
15339.097
15395.095
16193.402
16067.827
15339.097
15395.095
16193.402
16809.712
18214.117
20628.834
22117.618
16809.712
18214.117
20628.834
22117.618
16809.712
18214.117
20628.834
22117.618
16809.712
18214.117
20628.834
22117.618
23182.174
26579.695
27440.187
26885.734
23182.174
26579.695
27440.187
26885.734
23182.174
26579.695
27440.187
26885.734
23182.174
26579.695
27440.187
26885.734
23182.174
26579.695
27440.187
26885.734
23182.174
26579.695
27440.187
26885.734
23182.174
26579.695
27440.187
26885.734
23182.174
26579.695
27440.187
26885.734
28781.563
29122.305
58862.859
225970.38
28781.563
29122.305
58862.859
225970.38
28781.563
29122.305
58862.859
225970.38
28781.563
29122.305
58862.859
225970.38
28781.563
29122.305
58862.859
225970.38
28781.563
29122.305
58862.859
225970.38
28781.563
29122.305
58862.859
225970.38
28781.563
29122.305
58862.859
225970.38
28781.563
29122.305
58862.859
225970.38
28781.563
29122.305
58862.859
225970.38
28781.563
29122.305
58862.859
225970.38
28781.563
29122.305
58862.859
225970.38
23182.174
26579.695
27440.187
26885.734
23182.174
26579.695
27440.187
26885.734
23182.174
26579.695
27440.187
26885.734
23182.174
26579.695
27440.187
26885.734
23182.174
26579.695
27440.187
26885.734
23182.174
26579.695
27440.187
26885.734
23182.174
26579.695
27440.187
26885.734
23182.174
26579.695
27440.187
26885.734
28781.563
29122.305
58862.859
225970.38
28781.563
29122.305
58862.859
225970.38
28781.563
29122.305
58862.859
225970.38
28781.563
29122.305
58862.859
225970.38
28781.563
29122.305
58862.859
225970.38
28781.563
29122.305
58862.859
225970.38
28781.563
29122.305
58862.859
225970.38
28781.563
29122.305
58862.859
225970.38
28781.563
29122.305
58862.859
225970.38
28781.563
29122.305
58862.859
225970.38
28781.563
29122.305
58862.859
225970.38
28781.563
29122.305
58862.859
225970.38
23182.174
26579.695
27440.187
26885.734
23182.174
26579.695
27440.187
26885.734
23182.174
26579.695
27440.187
26885.734
23182.174
26579.695
27440.187
26885.734
23182.174
26579.695
27440.187
26885.734
23182.174
26579.695
27440.187
26885.734
23182.174
26579.695
27440.187
26885.734
23182.174
26579.695
27440.187
26885.734
16809.712
18214.117
20628.834
22117.618
16809.712
18214.117
20628.834
22117.618
16809.712
18214.117
20628.834
22117.618
16809.712
18214.117
20628.834
22117.618
16809.712
18214.117
20628.834
22117.618
16809.712
18214.117
20628.834
22117.618
16809.712
18214.117
20628.834
22117.618
16809.712
18214.117
20628.834
22117.618
16067.827
15339.097
15395.095
16193.402
16067.827
15339.097
15395.095
16193.402
16067.827
15339.097
15395.095
16193.402
16067.827
15339.097
15395.095
16193.402
16067.827
15339.097
15395.095
16193.402
16067.827
15339.097
15395.095
16193.402
16067.827
15339.097
15395.095
16193.402
16067.827
15339.097
15395.095
16193.402
16067.827
15339.097
15395.095
16193.402
16067.827
15339.097
15395.095
16193.402
16067.827
15339.097
15395.095
16193.402
16067.827
15339.097
15395.095
16193.402
16809.712
18214.117
20628.834
22117.618
16809.712
18214.117
20628.834
22117.618
16809.712
18214.117
20628.834
22117.618
16809.712
18214.117
20628.834
22117.618
16809.712
18214.117
20628.834
22117.618
16809.712
18214.117
20628.834
22117.618
16809.712
18214.117
20628.834
22117.618
16809.712
18214.117
20628.834
22117.618
16067.827
15339.097
15395.095
16193.402
16067.827
15339.097
15395.095
16193.402
16067.827
15339.097
15395.095
16193.402
16067.827
15339.097
15395.095
16193.402
14595.254
14747.808
15003.777
15612.604
14595.254
14747.808
15003.777
15612.604
14595.254
14747.808
15003.777
15612.604
14595.254
14747.808
15003.777
15612.604
14424.501
14484.403
14525.359
14558.575
14424.501
14484.403
14525.359
14558.575
14424.501
14484.403
14525.359
14558.575
14424.501
14484.403
14525.359
14558.575
14424.501
14484.403
14525.359
14558.575
14424.501
14484.403
14525.359
14558.575
14424.501
14484.403
14525.359
14558.575
14424.501
14484.403
14525.359
14558.575
14595.254
14747.808
15003.777
15612.604
14595.254
14747.808
15003.777
15612.604
14595.254
14747.808
15003.777
15612.604
14595.254
14747.808
15003.777
15612.604
14595.254
14747.808
15003.777
15612.604
14595.254
14747.808
15003.777
15612.604
14595.254
14747.808
15003.777
15612.604
14595.254
14747.808
15003.777
15612.604
14595.254
14747.808
15003.777
15612.604
14595.254
14747.808
15003.777
15612.604
14595.254
14747.808
15003.777
15612.604
14595.254
14747.808
15003.777
15612.604
14424.501
14484.403
14525.359
14558.575
14424.501
14484.403
14525.359
14558.575
14424.501
14484.403
14525.359
14558.575
14424.501
14484.403
14525.359
14558.575
14424.501
14484.403
14525.359
14558.575
14424.501
14484.403
14525.359
14558.575
14424.501
14484.403
14525.359
14558.575
14424.501
14484.403
14525.359
14558.575
