FiniteElementSpace
FiniteElementCollection: L2_2D_P4
VDim: 1
Ordering: 0

5.06452462948194e+59
3.848461176814076e+59
-8.607024174081851e+58
-1.894488850645347e+59
1.475668173838515e+59
-2.023321971243031e+59
-1.867286725494391e+59
1.948244051378529e+58
3.924351855610374e+59
6.479975841770125e+59
7.132818994374693e+59
7.237130252776674e+59
6.980952019339577e+59
5.71529175227692e+59
3.752237132175406e+59
-3.927090963765825e+59
-4.165934960881114e+59
-4.847510171890868e+59
-5.82554064989518e+59
-6.431626449521815e+59
-1.371452313578564e+59
-1.251418598306503e+59
-8.957887767262668e+58
-2.592025144097311e+58
3.373549950157455e+58
