FiniteElementSpace
FiniteElementCollection: L2_2D_P5
VDim: 1
Ordering: 0

0.36681037
0.41172004
0.47930945
0.55164851
0.61168214
0.6480252
0.37407706
0.41987627
0.48880435
0.56257624
0.62379933
0.66086269
0.38327719
0.43020259
0.50082551
0.57641153
0.63914069
0.67711598
0.39049359
0.43830232
0.51025462
0.58726372
0.65117428
0.68986483
0.39402478
0.44226573
0.51486852
0.59257401
0.65706266
0.69610318
0.39486347
0.44320707
0.51596434
0.59383526
0.65846121
0.69758483
0.28291406
0.31755254
0.36968489
0.42548151
0.4717864
0.49981752
0.29717993
0.33356505
0.38832593
0.44693567
0.495575
0.52501914
0.31771091
0.35660964
0.41515329
0.47781141
0.52981014
0.5612879
0.33826164
0.37967632
0.44200625
0.50871639
0.5640778
0.59759157
0.35398657
0.39732636
0.46255332
0.53236389
0.59029865
0.6253707
0.36280293
0.40722203
0.47407318
0.54562208
0.60499978
0.64094562
0.0094991409
0.047622387
0.1067048
0.17252324
0.22955906
0.26536212
0.0099781435
0.050023777
0.11208537
0.18122268
0.24113451
0.27874291
0.010667511
0.053479771
0.11982891
0.19374263
0.25779351
0.29800011
0.011357544
0.056939094
0.12757992
0.20627464
0.27446857
0.31727589
0.011885543
0.059586092
0.13351083
0.21586387
0.28722798
0.33202529
0.012181573
0.061070161
0.13683607
0.22124019
0.29438169
0.34029471
0.012316132
0.061744736
0.13834754
0.22368397
0.29763338
0.34405352
0.012560124
0.062967939
0.14108829
0.22811526
0.30352965
0.3508694
0.012869033
0.064516597
0.14455827
0.2337256
0.31099475
0.3594988
0.013111331
0.065731334
0.14728008
0.23812624
0.31685025
0.36626756
0.013229894
0.066325732
0.14861193
0.24027958
0.3197155
0.3695797
0.013258054
0.066466901
0.14892826
0.24079102
0.32039602
0.37036638
