FiniteElementSpace
FiniteElementCollection: L2_2D_P3
VDim: 1
Ordering: 0

1.831261770073979e+19
1.828176194096004e+19
1.824989195759334e+19
1.822644397196079e+19
1.831261974504052e+19
1.828176133607467e+19
1.824989226310076e+19
1.822644378039685e+19
1.831262093010455e+19
1.828176098544606e+19
1.824989244018281e+19
1.82264436693948e+19
1.831261978375564e+19
1.828176132467044e+19
1.82498922688382e+19
1.822644377689337e+19
1.831263097097804e+19
1.828174096522169e+19
1.824993379821111e+19
1.822629138048421e+19
1.831263097097796e+19
1.828174096522165e+19
1.824993379821146e+19
1.822629138048385e+19
1.831263097097791e+19
1.828174096522161e+19
1.82499337982114e+19
1.822629138048389e+19
1.831263097097789e+19
1.828174096522158e+19
1.824993379821138e+19
1.822629138048386e+19
1.831263097097788e+19
1.828174096522158e+19
1.824993379821138e+19
1.822629138048385e+19
1.831263097097791e+19
1.828174096522158e+19
1.824993379821136e+19
1.822629138048383e+19
1.831263097097793e+19
1.82817409652216e+19
1.824993379821136e+19
1.822629138048378e+19
1.831263097097801e+19
1.828174096522173e+19
1.824993379821144e+19
1.822629138048373e+19
1.821495256258433e+19
1.819404973697413e+19
1.816839938939845e+19
1.814945700131502e+19
1.821495256258429e+19
1.819404973697409e+19
1.816839938939839e+19
1.814945700131495e+19
1.821495256258424e+19
1.819404973697396e+19
1.816839938939822e+19
1.814945700131476e+19
1.821495256258412e+19
1.819404973697378e+19
1.816839938939797e+19
1.814945700131441e+19
1.821495256258473e+19
1.81940497369739e+19
1.816839938939833e+19
1.814945700131548e+19
1.821495256258434e+19
1.819404973697417e+19
1.816839938939848e+19
1.814945700131501e+19
1.821495256258439e+19
1.819404973697416e+19
1.816839938939848e+19
1.814945700131507e+19
1.821495256258435e+19
1.819404973697415e+19
1.816839938939846e+19
1.814945700131506e+19
1.814007512502818e+19
1.812254756512415e+19
1.810037755715493e+19
1.808366779747878e+19
1.814007512502784e+19
1.812254756512437e+19
1.810037755715492e+19
1.808366779747866e+19
1.814007512502786e+19
1.812254756512433e+19
1.810037755715491e+19
1.808366779747869e+19
1.814007512502784e+19
1.812254756512433e+19
1.810037755715487e+19
1.808366779747864e+19
1.814007512502783e+19
1.812254756512433e+19
1.810037755715484e+19
1.808366779747857e+19
1.814007512502773e+19
1.812254756512425e+19
1.810037755715479e+19
1.808366779747849e+19
1.814007512502758e+19
1.812254756512403e+19
1.81003775571545e+19
1.808366779747837e+19
1.814007512502734e+19
1.812254756512411e+19
1.810037755715429e+19
1.808366779747691e+19
1.807478154755311e+19
1.805834300020241e+19
1.803617817121474e+19
1.802140264174579e+19
1.807478154755296e+19
1.805834300020223e+19
1.803617817121483e+19
1.80214026417456e+19
1.807478154755304e+19
1.805834300020201e+19
1.803617817121371e+19
1.802140264174568e+19
1.807478154755127e+19
1.805834300020334e+19
1.803617817121542e+19
1.80214026417345e+19
1.807478154755394e+19
1.805834300020095e+19
1.803617817121689e+19
1.802140264175371e+19
1.807478154755392e+19
1.805834300020113e+19
1.803617817121695e+19
1.802140264175356e+19
1.807478154755395e+19
1.805834300020113e+19
1.803617817121699e+19
1.802140264175367e+19
1.807478154755392e+19
1.805834300020107e+19
1.803617817121694e+19
1.802140264175371e+19
1.807477630221925e+19
1.805834457394737e+19
1.80361775102092e+19
1.802140085508974e+19
1.807477630222356e+19
1.805834457394605e+19
1.803617751020987e+19
1.802140085508933e+19
1.807477630222608e+19
1.805834457394533e+19
1.803617751021031e+19
1.802140085508916e+19
1.80747763022236e+19
1.805834457394622e+19
1.803617751020999e+19
1.802140085508935e+19
1.813993458829005e+19
1.812259097087027e+19
1.81003549426531e+19
1.808368405268536e+19
1.813993458879718e+19
1.812259097072295e+19
1.81003549427267e+19
1.808368405264279e+19
1.813993458908991e+19
1.81225909706379e+19
1.810035494276922e+19
1.808368405261823e+19
1.813993458880324e+19
1.812259097072136e+19
1.810035494272763e+19
1.808368405264218e+19
1.813993951651897e+19
1.812258927092963e+19
1.810035623870517e+19
1.808368154634458e+19
1.813993951596534e+19
1.812258927109157e+19
1.810035623862403e+19
1.808368154639218e+19
1.81399395165237e+19
1.812258927092824e+19
1.810035623870588e+19
1.808368154634416e+19
1.813993951749575e+19
1.812258927064385e+19
1.810035623884834e+19
1.80836815462606e+19
1.80747784741771e+19
1.805834394596502e+19
1.803617781531412e+19
1.802140071743332e+19
1.807477847417154e+19
1.805834394596679e+19
1.803617781531324e+19
1.802140071743378e+19
1.807477847417719e+19
1.805834394596502e+19
1.803617781531414e+19
1.802140071743326e+19
1.807477847418701e+19
1.805834394596191e+19
1.803617781531569e+19
1.802140071743242e+19
1.808321805848343e+19
1.798966615029691e+19
1.792868371283938e+19
1.790057181994521e+19
1.808321805848338e+19
1.798966615029685e+19
1.792868371283936e+19
1.790057181994523e+19
1.808321805848345e+19
1.798966615029685e+19
1.792868371283936e+19
1.790057181994521e+19
1.808321805848348e+19
1.798966615029687e+19
1.792868371283943e+19
1.790057181994508e+19
1.80832180998875e+19
1.798966613326879e+19
1.792868372292395e+19
1.790057180768595e+19
1.808321809988743e+19
1.798966613326873e+19
1.792868372292407e+19
1.79005718076859e+19
1.808321809988743e+19
1.798966613326852e+19
1.792868372292369e+19
1.790057180768588e+19
1.808321809988784e+19
1.798966613326898e+19
1.792868372292267e+19
1.790057180768289e+19
1.789449332204827e+19
1.788874725369409e+19
1.788776135170603e+19
1.789195989596706e+19
1.78944933220479e+19
1.788874725369405e+19
1.788776135170701e+19
1.789195989596581e+19
1.789449332204827e+19
1.788874725369444e+19
1.788776135170661e+19
1.78919598959667e+19
1.789449332204556e+19
1.788874725369668e+19
1.788776135171181e+19
1.789195989595832e+19
1.789449323600951e+19
1.78887473750544e+19
1.78877613024224e+19
1.789195445131131e+19
1.789449323600954e+19
1.788874737505442e+19
1.78877613024224e+19
1.789195445131115e+19
1.789449323600955e+19
1.788874737505439e+19
1.788776130242223e+19
1.789195445131113e+19
1.789449323600917e+19
1.788874737505436e+19
1.788776130242296e+19
1.789195445131022e+19
1.806864548333762e+19
1.771235661606183e+19
1.774494461479435e+19
1.786626259468393e+19
1.806864548333749e+19
1.771235661606181e+19
1.774494461479453e+19
1.786626259468361e+19
1.806864548333759e+19
1.771235661606179e+19
1.774494461479406e+19
1.786626259468436e+19
1.806864548333549e+19
1.771235661606118e+19
1.774494461479701e+19
1.78662625946797e+19
1.804873807522466e+19
1.756467207686735e+19
1.778318965082487e+19
1.397067543663248e+19
1.804873807522427e+19
1.756467207686742e+19
1.778318965082489e+19
1.397067543663271e+19
1.804873807522475e+19
1.756467207686626e+19
1.778318965082445e+19
1.397067543663215e+19
1.80487380752239e+19
1.756467207687149e+19
1.778318965081108e+19
1.397067543663445e+19
1.805242427944909e+19
1.756361622787517e+19
1.778371168323429e+19
1.397039742419935e+19
1.805242427944857e+19
1.75636162278802e+19
1.778371168322073e+19
1.397039742420159e+19
1.805242427944814e+19
1.756361622787934e+19
1.778371168322045e+19
1.397039742420178e+19
1.805242427944543e+19
1.75636162278727e+19
1.778371168323347e+19
1.397039742420045e+19
1.806890823529761e+19
1.77118478186471e+19
1.774598317672694e+19
1.786259449633731e+19
1.806890823529526e+19
1.771184781864683e+19
1.774598317672974e+19
1.786259449633295e+19
1.806890823529614e+19
1.771184781864659e+19
1.774598317673017e+19
1.786259449633302e+19
1.806890823529019e+19
1.771184781865351e+19
1.774598317672904e+19
1.786259449633399e+19
1.807122265248438e+19
1.771179765257379e+19
1.774517013117322e+19
1.786606041802916e+19
1.807122265247858e+19
1.771179765258065e+19
1.774517013117202e+19
1.786606041803012e+19
1.80712226524794e+19
1.771179765258048e+19
1.774517013117251e+19
1.78660604180302e+19
1.807122265247686e+19
1.771179765258034e+19
1.774517013117545e+19
1.786606041802566e+19
1.804868619413741e+19
1.756471475652656e+19
1.778323480277538e+19
1.397061482230643e+19
1.80486861941347e+19
1.756471475652e+19
1.778323480278846e+19
1.397061482230499e+19
1.804868619413431e+19
1.75647147565191e+19
1.778323480278807e+19
1.39706148223052e+19
1.804868619413374e+19
1.756471475652431e+19
1.778323480277418e+19
1.397061482230757e+19
1.805246721743274e+19
1.75636304681819e+19
1.77837709764513e+19
1.397032928472422e+19
1.805246721743224e+19
1.756363046818724e+19
1.778377097643762e+19
1.397032928472641e+19
1.805246721743268e+19
1.756363046818817e+19
1.778377097643805e+19
1.397032928472633e+19
1.805246721743651e+19
1.756363046818445e+19
1.77837709764524e+19
1.397032928472317e+19
1.807156053656508e+19
1.771125659726211e+19
1.774624305632772e+19
1.786229694769745e+19
1.807156053656304e+19
1.771125659726142e+19
1.774624305633076e+19
1.786229694769299e+19
1.807156053656236e+19
1.771125659726162e+19
1.774624305633029e+19
1.786229694769299e+19
1.807156053657258e+19
1.771125659725562e+19
1.774624305632552e+19
1.786229694770085e+19
1.789478434352515e+19
1.78884811109024e+19
1.788836593580783e+19
1.788929220655089e+19
1.789478434352492e+19
1.788848111090261e+19
1.788836593580852e+19
1.788929220655009e+19
1.78947843435252e+19
1.788848111090242e+19
1.788836593580909e+19
1.788929220654941e+19
1.789478434352809e+19
1.788848111090098e+19
1.788836593580278e+19
1.788929220655992e+19
1.789477963793322e+19
1.788849009364825e+19
1.788834775838514e+19
1.788935299405763e+19
1.789477963793054e+19
1.788849009365043e+19
1.788834775839031e+19
1.788935299404936e+19
1.78947796379309e+19
1.78884900936509e+19
1.788834775838997e+19
1.788935299405018e+19
1.789477963793054e+19
1.788849009365089e+19
1.788834775839108e+19
1.788935299404874e+19
1.808328355637686e+19
1.798960936487282e+19
1.792866535167649e+19
1.790054232383264e+19
1.808328355637715e+19
1.798960936487332e+19
1.792866535167554e+19
1.790054232382965e+19
1.808328355637721e+19
1.798960936487308e+19
1.792866535167511e+19
1.790054232382964e+19
1.80832835563772e+19
1.798960936487299e+19
1.792866535167527e+19
1.790054232382958e+19
1.808328355903214e+19
1.798960936026725e+19
1.792866535842823e+19
1.790054237281361e+19
1.808328355903201e+19
1.798960936026748e+19
1.792866535842828e+19
1.79005423728135e+19
1.808328355903209e+19
1.798960936026727e+19
1.792866535842949e+19
1.790054237281446e+19
1.808328355902345e+19
1.798960936027266e+19
1.792866535843313e+19
1.790054237281667e+19
1.808588115780993e+19
1.798924202610608e+19
1.792886843722128e+19
1.790041422562054e+19
1.808588115780126e+19
1.798924202611146e+19
1.792886843722491e+19
1.790041422562275e+19
1.808588115780133e+19
1.798924202611124e+19
1.792886843722613e+19
1.790041422562369e+19
1.808588115780123e+19
1.798924202611146e+19
1.792886843722615e+19
1.790041422562361e+19
1.808588115773632e+19
1.798924202622876e+19
1.79288684370232e+19
1.790041422535104e+19
1.808588115773632e+19
1.798924202622868e+19
1.792886843702335e+19
1.790041422535103e+19
1.808588115773638e+19
1.798924202622841e+19
1.792886843702293e+19
1.790041422535101e+19
1.808588115773662e+19
1.798924202622901e+19
1.792886843702205e+19
1.7900414225348e+19
1.789450532907783e+19
1.788874956096872e+19
1.788778300024959e+19
1.789192977747077e+19
1.789450532907752e+19
1.788874956096874e+19
1.788778300025065e+19
1.789192977746941e+19
1.789450532907788e+19
1.78887495609692e+19
1.788778300025031e+19
1.789192977747024e+19
1.789450532907513e+19
1.788874956097143e+19
1.788778300025551e+19
1.789192977746196e+19
1.789450525126609e+19
1.788874967973676e+19
1.788778295231744e+19
1.789192433183935e+19
1.789450525126895e+19
1.78887496797353e+19
1.788778295231112e+19
1.789192433184986e+19
1.789450525126922e+19
1.788874967973511e+19
1.788778295231169e+19
1.789192433184917e+19
1.789450525126903e+19
1.788874967973533e+19
1.78877829523123e+19
1.789192433184846e+19
1.806864170370299e+19
1.771235691389819e+19
1.7744946130655e+19
1.786626541156447e+19
1.806864170371322e+19
1.771235691389219e+19
1.774494613065023e+19
1.786626541157231e+19
1.806864170371252e+19
1.771235691389238e+19
1.774494613064977e+19
1.786626541157226e+19
1.80686417037106e+19
1.771235691389166e+19
1.774494613065274e+19
1.786626541156799e+19
1.804874077847347e+19
1.75646744155082e+19
1.778318924352979e+19
1.397067146774735e+19
1.804874077847729e+19
1.756467441550446e+19
1.778318924354412e+19
1.397067146774417e+19
1.80487407784777e+19
1.756467441550542e+19
1.778318924354454e+19
1.397067146774409e+19
1.804874077847723e+19
1.756467441551063e+19
1.778318924353122e+19
1.397067146774621e+19
1.80524270036701e+19
1.756361856015136e+19
1.778371127912172e+19
1.397039345362653e+19
1.805242700366957e+19
1.756361856015641e+19
1.778371127910818e+19
1.397039345362885e+19
1.805242700366916e+19
1.756361856015553e+19
1.778371127910778e+19
1.397039345362909e+19
1.805242700366643e+19
1.756361856014894e+19
1.778371127912084e+19
1.397039345362767e+19
1.806890445670369e+19
1.771184811402134e+19
1.774598469776824e+19
1.786259729358921e+19
1.806890445670128e+19
1.771184811402115e+19
1.774598469777111e+19
1.786259729358479e+19
1.806890445670207e+19
1.771184811402098e+19
1.774598469777163e+19
1.786259729358484e+19
1.806890445669623e+19
1.771184811402788e+19
1.774598469777042e+19
1.78625972935858e+19
1.80712308083125e+19
1.771179493855276e+19
1.774517296706224e+19
1.786606184899174e+19
1.807123080830668e+19
1.771179493855966e+19
1.774517296706103e+19
1.786606184899268e+19
1.807123080830743e+19
1.771179493855946e+19
1.774517296706151e+19
1.786606184899276e+19
1.80712308083048e+19
1.771179493855928e+19
1.774517296706443e+19
1.786606184898819e+19
1.804868908929619e+19
1.756471717951957e+19
1.778323463337983e+19
1.397061056589583e+19
1.804868908929348e+19
1.7564717179513e+19
1.778323463339289e+19
1.39706105658944e+19
1.804868908929306e+19
1.75647171795121e+19
1.77832346333925e+19
1.397061056589461e+19
1.804868908929249e+19
1.756471717951729e+19
1.77832346333786e+19
1.397061056589701e+19
1.805247015079778e+19
1.75636328799941e+19
1.778377081259592e+19
1.397032502536717e+19
1.805247015079726e+19
1.756363287999943e+19
1.778377081258224e+19
1.397032502536934e+19
1.805247015079766e+19
1.756363288000029e+19
1.778377081258258e+19
1.397032502536922e+19
1.805247015080142e+19
1.756363287999631e+19
1.77837708125966e+19
1.397032502536591e+19
1.807156869490413e+19
1.771125387828457e+19
1.774624590239186e+19
1.786229834159954e+19
1.807156869490202e+19
1.771125387828381e+19
1.774624590239485e+19
1.786229834159508e+19
1.807156869490119e+19
1.771125387828398e+19
1.774624590239435e+19
1.786229834159499e+19
1.807156869491165e+19
1.771125387827807e+19
1.774624590238975e+19
1.786229834160294e+19
1.789481959649624e+19
1.78884760802916e+19
1.788839321330844e+19
1.788924920190331e+19
1.789481959649567e+19
1.788847608029148e+19
1.788839321330898e+19
1.78892492019024e+19
1.789481959649466e+19
1.788847608029075e+19
1.788839321330915e+19
1.788924920190149e+19
1.789481959649875e+19
1.788847608028768e+19
1.78883932133018e+19
1.788924920191197e+19
1.789481489092674e+19
1.788848506302494e+19
1.788837503590513e+19
1.788930998930054e+19
1.789481489092394e+19
1.788848506302718e+19
1.788837503591038e+19
1.788930998929227e+19
1.789481489092429e+19
1.788848506302762e+19
1.788837503590999e+19
1.788930998929304e+19
1.789481489092389e+19
1.788848506302758e+19
1.7888375035911e+19
1.788930998929153e+19
1.808597002921487e+19
1.798917689059471e+19
1.792885807344506e+19
1.79003616171414e+19
1.808597002921539e+19
1.798917689059529e+19
1.792885807344406e+19
1.790036161713829e+19
1.808597002921527e+19
1.798917689059509e+19
1.79288580734437e+19
1.790036161713829e+19
1.808597002921508e+19
1.798917689059504e+19
1.792885807344385e+19
1.790036161713822e+19
1.808597003085385e+19
1.798917688627537e+19
1.792885808005216e+19
1.790036166621429e+19
1.808597003085408e+19
1.798917688627531e+19
1.79288580800522e+19
1.790036166621395e+19
1.808597003085404e+19
1.798917688627598e+19
1.792885808005173e+19
1.790036166621305e+19
1.808597003086195e+19
1.79891768862694e+19
1.792885808004961e+19
1.790036166621732e+19
