FiniteElementSpace
FiniteElementCollection: L2_2D_P3
VDim: 1
Ordering: 0

1.017982082863508e+19
1.028256546617838e+19
1.041783474383872e+19
1.052240498344661e+19
1.017982069058632e+19
1.028256546658576e+19
1.041783496488627e+19
1.052240446156277e+19
1.017982071931829e+19
1.028256550872776e+19
1.041783500310947e+19
1.052240450220407e+19
1.017982082922105e+19
1.028256553233211e+19
1.041783500164543e+19
1.052240512745377e+19
1.017982110940331e+19
1.028256592632145e+19
1.041783328067948e+19
1.052240752322627e+19
1.01798211012079e+19
1.028256591398503e+19
1.041783328781176e+19
1.052240751163762e+19
1.017982109988664e+19
1.028256591020325e+19
1.041783323578334e+19
1.052240755550583e+19
1.017982094843249e+19
1.028256589611149e+19
1.041783346143484e+19
1.052240701510305e+19
1.017982114270428e+19
1.028256593316675e+19
1.041783343574389e+19
1.052240785504434e+19
1.017982114460993e+19
1.028256597001804e+19
1.041783334481319e+19
1.052240757069774e+19
1.017982112894065e+19
1.028256593866097e+19
1.041783329515013e+19
1.052240754656516e+19
1.017982111674313e+19
1.028256592568409e+19
1.0417833284135e+19
1.052240753906873e+19
9.793387236720226e+18
9.892855109602396e+18
1.002394379261157e+19
1.012540637674542e+19
9.793387229797151e+18
9.892855094670438e+18
1.002394375511572e+19
1.012540635248528e+19
9.793387215979651e+18
9.892855077669622e+18
1.002394373755282e+19
1.012540633662804e+19
9.793387208717662e+18
9.892855069949942e+18
1.002394372802994e+19
1.012540632531817e+19
9.793387205638476e+18
9.892855067698461e+18
1.002394372424734e+19
1.012540631807718e+19
9.793387200902992e+18
9.892855061379695e+18
1.002394371824322e+19
1.012540631363311e+19
9.793387197200214e+18
9.892855055674657e+18
1.002394370168837e+19
1.012540629761652e+19
9.793387189750813e+18
9.892855063601809e+18
1.002394372153003e+19
1.012540623493594e+19
9.419857082965037e+18
9.515937245501624e+18
9.642623179164916e+18
9.740739732754319e+18
9.419857080742154e+18
9.51593724343013e+18
9.64262317579077e+18
9.740739728650777e+18
9.419857078754855e+18
9.51593723984109e+18
9.642623170999671e+18
9.740739723836801e+18
9.419857076302121e+18
9.515937232855638e+18
9.642623162669851e+18
9.740739717680841e+18
9.059259939053756e+18
9.152000847636273e+18
9.274286428388682e+18
9.369016256307229e+18
9.059259940138696e+18
9.152000848256019e+18
9.274286428469537e+18
9.369016254552633e+18
9.059259944418089e+18
9.152000851259738e+18
9.274286429535629e+18
9.36901625366835e+18
9.059259950879996e+18
9.15200085811714e+18
9.274286432098628e+18
9.369016253128561e+18
9.05925994348562e+18
9.152000855293998e+18
9.274286435591023e+18
9.369016269264419e+18
9.059259941489659e+18
9.152000852289901e+18
9.274286431755108e+18
9.369016266459599e+18
9.05925993923595e+18
9.15200084953216e+18
9.274286428312818e+18
9.369016262473869e+18
9.059259938362617e+18
9.152000848385738e+18
9.274286427003965e+18
9.369016259528057e+18
9.419857096979943e+18
9.515937258592973e+18
9.642623203027917e+18
9.740739763592542e+18
9.41985709421226e+18
9.515937254391769e+18
9.642623196097626e+18
9.740739754051963e+18
9.419857089864927e+18
9.515937248715481e+18
9.642623187473639e+18
9.740739742544507e+18
9.419857086473812e+18
9.515937245361844e+18
9.642623182119381e+18
9.740739735552745e+18
9.419857096228035e+18
9.515937263266767e+18
9.642623208962861e+18
9.740739789676501e+18
9.419857098593769e+18
9.515937266678315e+18
9.642623211790934e+18
9.740739791611828e+18
9.419857098183838e+18
9.515937265597587e+18
9.642623208596281e+18
9.740739786019797e+18
9.419857096368939e+18
9.515937262552756e+18
9.642623203149597e+18
9.740739778353887e+18
9.059259946053208e+18
9.152000858092385e+18
9.274286440089557e+18
9.369016268558977e+18
9.059259950659596e+18
9.152000861766343e+18
9.274286443271856e+18
9.369016270853345e+18
9.059259951934282e+18
9.152000861705939e+18
9.274286442686159e+18
9.369016270452435e+18
9.059259945269609e+18
9.152000857128249e+18
9.274286439480207e+18
9.369016268540768e+18
9.059260023975328e+18
9.152000841172297e+18
9.274286382249591e+18
9.369016207258724e+18
9.059259975170064e+18
9.152000871162717e+18
9.274286421435458e+18
9.369016241535883e+18
9.059259950987315e+18
9.152000858808228e+18
9.274286433353679e+18
9.369016262976051e+18
9.059259944122009e+18
9.152000856204115e+18
9.274286435696089e+18
9.369016268228567e+18
9.419857024667795e+18
9.515937182212399e+18
9.642623131372032e+18
9.740739690503625e+18
9.419857065728438e+18
9.515937220674585e+18
9.642623159390228e+18
9.740739733457603e+18
9.41985708826395e+18
9.515937246907714e+18
9.642623192358427e+18
9.740739769678348e+18
9.419857095532874e+18
9.515937257966e+18
9.642623205830773e+18
9.740739785047906e+18
9.793387127125271e+18
9.89285502228353e+18
1.002394378166879e+19
1.012540623666954e+19
9.793387182649176e+18
9.89285506522249e+18
1.002394380309982e+19
1.012540635272072e+19
9.793387219109374e+18
9.892855105763265e+18
1.002394385714338e+19
1.012540640054178e+19
9.793387236007148e+18
9.892855125085944e+18
1.002394387544346e+19
1.012540642150931e+19
9.793387241076607e+18
9.892855130047152e+18
1.002394387993793e+19
1.012540642960954e+19
9.793387242812195e+18
9.89285513233295e+18
1.002394388345636e+19
1.012540643099389e+19
9.793387235227353e+18
9.892855122607331e+18
1.002394387365904e+19
1.012540642182743e+19
9.793387230419474e+18
9.892855109798631e+18
1.002394383779359e+19
1.012540639924631e+19
1.017982115712516e+19
1.028256584845832e+19
1.041783349724605e+19
1.052240881549853e+19
1.01798211552896e+19
1.02825658478741e+19
1.041783350322805e+19
1.052240880870167e+19
1.017982114647036e+19
1.028256582597981e+19
1.041783345833935e+19
1.052240877877456e+19
1.017982114989484e+19
1.028256586248719e+19
1.041783336757884e+19
1.052240849928485e+19
1.017982091862953e+19
1.02825657817502e+19
1.041783334455477e+19
1.052240769564712e+19
1.017982108583382e+19
1.02825657467494e+19
1.041783333507229e+19
1.052240874994826e+19
1.017982112048747e+19
1.028256581652227e+19
1.041783348475748e+19
1.05224087663143e+19
1.017982114846493e+19
1.028256584690941e+19
1.04178334908825e+19
1.052240879786818e+19
1.057858025804067e+19
1.068449345989356e+19
1.082331058674142e+19
1.093034125492848e+19
1.057858106457586e+19
1.068449286794414e+19
1.082331024951789e+19
1.093034150399982e+19
1.057858106492785e+19
1.06844929223501e+19
1.082331018796561e+19
1.093034140171358e+19
1.057858108980588e+19
1.068449291781362e+19
1.082331019573985e+19
1.093034136918106e+19
1.098762496205116e+19
1.109562121839816e+19
1.123748662517102e+19
1.134685505684592e+19
1.098762527440825e+19
1.109562103428587e+19
1.123748599149887e+19
1.134685579152979e+19
1.098762517423954e+19
1.109562096145425e+19
1.123748598189651e+19
1.134685566983577e+19
1.098762510524328e+19
1.109562094127856e+19
1.123748605019985e+19
1.134685551974696e+19
1.09876250518963e+19
1.109562083905655e+19
1.123748636471246e+19
1.134685521366891e+19
1.098762500809214e+19
1.109562084110544e+19
1.123748646678933e+19
1.13468550587118e+19
1.098762503680861e+19
1.109562086251242e+19
1.123748648124015e+19
1.134685506654411e+19
1.098762507933969e+19
1.10956208472664e+19
1.123748641782382e+19
1.134685525514124e+19
1.057858110004222e+19
1.06844929076775e+19
1.08233102074658e+19
1.093034138840377e+19
1.057858109111965e+19
1.068449291230697e+19
1.082331021863711e+19
1.093034137514944e+19
1.057858107074792e+19
1.068449290942583e+19
1.082331025199252e+19
1.093034141102817e+19
1.057858086880118e+19
1.068449302058692e+19
1.082331040301378e+19
1.093034147006799e+19
1.057858040279126e+19
1.068449336474147e+19
1.082331054872221e+19
1.093034145378822e+19
1.057858019647349e+19
1.068449347735762e+19
1.082331070181284e+19
1.093034151286754e+19
1.057858018050265e+19
1.068449346880619e+19
1.082331073761675e+19
1.093034156273751e+19
1.057858017610369e+19
1.068449346960447e+19
1.082331074307501e+19
1.093034157303434e+19
1.057858016396482e+19
1.068449347932231e+19
1.082331075162735e+19
1.093034156502907e+19
1.057858015341135e+19
1.068449348490116e+19
1.082331075004032e+19
1.093034157211108e+19
1.05785801972952e+19
1.068449344880393e+19
1.082331075089326e+19
1.093034159375269e+19
1.057857975134967e+19
1.068449385196604e+19
1.082331080709181e+19
1.093034124844774e+19
1.098762517300635e+19
1.109562093113994e+19
1.123748615723602e+19
1.134685585399494e+19
1.098762517821124e+19
1.109562092824709e+19
1.12374861777418e+19
1.134685584624737e+19
1.098762521204197e+19
1.109562095243331e+19
1.123748612412945e+19
1.134685591002469e+19
1.098762487753801e+19
1.109562113320675e+19
1.12374866891025e+19
1.134685511034115e+19
1.098762508206291e+19
1.109562088439571e+19
1.123748615109974e+19
1.134685561348961e+19
1.098762512689891e+19
1.109562087832226e+19
1.123748609077454e+19
1.13468557980985e+19
1.098762516642131e+19
1.109562090404834e+19
1.123748613614151e+19
1.134685584486417e+19
1.09876251808293e+19
1.109562092148228e+19
1.123748614575647e+19
1.134685586014689e+19
1.140576941327311e+19
1.151598250408209e+19
1.165925357445186e+19
1.176972533560902e+19
1.140576974101033e+19
1.151598262425051e+19
1.165925322379126e+19
1.176972597779366e+19
1.140576977228452e+19
1.151598264785965e+19
1.165925331322815e+19
1.176972590943443e+19
1.140576979168298e+19
1.15159826658619e+19
1.165925330721055e+19
1.17697259703142e+19
1.140576978576467e+19
1.151598267498167e+19
1.165925331261391e+19
1.176972596469372e+19
1.140576977183546e+19
1.151598268091334e+19
1.16592533199387e+19
1.176972590591476e+19
1.140576984722904e+19
1.151598263302666e+19
1.165925325765432e+19
1.176972599351856e+19
1.140576891436208e+19
1.151598299237304e+19
1.165925366048497e+19
1.176972509621514e+19
1.182992934846821e+19
1.194132814629073e+19
1.208338526264251e+19
1.219039710897203e+19
1.182992928747838e+19
1.194132816584255e+19
1.208338526756567e+19
1.219039714506408e+19
1.182992930546617e+19
1.194132789369041e+19
1.208338515208094e+19
1.219039702300077e+19
1.182992904058364e+19
1.194132863940653e+19
1.208338265633449e+19
1.219039746685946e+19
1.182992921476969e+19
1.194132868261325e+19
1.208338280454017e+19
1.219039743936325e+19
1.182992932033288e+19
1.19413279362843e+19
1.208338515835496e+19
1.219039703148718e+19
1.182992928697453e+19
1.194132816148987e+19
1.208338527618394e+19
1.21903971433347e+19
1.182992935112529e+19
1.1941328145218e+19
1.208338526630711e+19
1.219039710916499e+19
1.182992684283097e+19
1.194133212697643e+19
1.208337803715262e+19
1.21904002789489e+19
1.182992680353796e+19
1.194133287214205e+19
1.208337567607097e+19
1.219040066068292e+19
1.182992681370859e+19
1.194133288018865e+19
1.208337565890173e+19
1.219040066121228e+19
1.182992685848561e+19
1.194133214991799e+19
1.208337803098256e+19
1.219040028549204e+19
1.140576929312665e+19
1.151598157036039e+19
1.16592557072568e+19
1.176972228315043e+19
1.140576898341904e+19
1.151598148580394e+19
1.165925606865949e+19
1.17697217011957e+19
1.140576899209361e+19
1.151598150091605e+19
1.165925608206806e+19
1.176972170815781e+19
1.14057693184489e+19
1.151598160472047e+19
1.165925573939033e+19
1.176972229637805e+19
1.14057689251792e+19
1.151598297780777e+19
1.165925364697588e+19
1.176972508933784e+19
1.140576981290579e+19
1.151598256927103e+19
1.165925322126563e+19
1.176972591613435e+19
1.140576969531199e+19
1.151598257902789e+19
1.165925318229941e+19
1.176972589018428e+19
1.140576939075854e+19
1.151598246335922e+19
1.165925353904781e+19
1.176972530464864e+19
1.182992904757766e+19
1.194132863708627e+19
1.208338260913827e+19
1.219039745973898e+19
1.18299292372639e+19
1.19413278850084e+19
1.208338511120087e+19
1.219039704193991e+19
1.182992924725358e+19
1.19413279282678e+19
1.208338510830789e+19
1.219039705168049e+19
1.1829929202752e+19
1.194132866960349e+19
1.208338275063019e+19
1.219039743057706e+19
1.182992607316461e+19
1.194133287212029e+19
1.20833749796238e+19
1.2190400910021e+19
1.182992611906494e+19
1.19413328459877e+19
1.208337496552864e+19
1.219040087337911e+19
1.182992607645877e+19
1.194133310239119e+19
1.208337509228357e+19
1.219040099420092e+19
1.182992632738396e+19
1.194133233324815e+19
1.208337757813427e+19
1.219040054358819e+19
1.18299266103928e+19
1.194133293909545e+19
1.208337749035793e+19
1.219040060488845e+19
1.182992630956995e+19
1.194133323944865e+19
1.208337516924554e+19
1.219040100155411e+19
1.182992617627505e+19
1.194133290457635e+19
1.208337499182146e+19
1.219040087933342e+19
1.182992607469831e+19
1.194133288715708e+19
1.208337498044182e+19
1.219040091135648e+19
1.140576452851383e+19
1.151598578435504e+19
1.165925619670168e+19
1.176972180371574e+19
1.14057655389914e+19
1.151598434157246e+19
1.165925609530136e+19
1.176972123691411e+19
1.140576553028912e+19
1.151598441549687e+19
1.165925582639906e+19
1.1769721096295e+19
1.140576555597506e+19
1.151598439020505e+19
1.165925583756243e+19
1.176972100637175e+19
1.140576558049975e+19
1.151598436633052e+19
1.165925580916737e+19
1.1769721013079e+19
1.140576558672803e+19
1.151598435950814e+19
1.165925578201991e+19
1.176972104916252e+19
1.140576547712971e+19
1.151598438597311e+19
1.16592558208955e+19
1.176972093724013e+19
1.140576637258852e+19
1.151598398860215e+19
1.165925538443035e+19
1.176972182010966e+19
1.098762424897762e+19
1.109562112811018e+19
1.123748945377676e+19
1.134685174477893e+19
1.098762423083547e+19
1.109562115159655e+19
1.123748944668735e+19
1.134685174420485e+19
1.098762414741678e+19
1.109562109287677e+19
1.123748947167423e+19
1.134685164347632e+19
1.09876244645105e+19
1.109562091694076e+19
1.123748884033911e+19
1.134685238255487e+19
1.057857708066603e+19
1.068449597454267e+19
1.082331098819966e+19
1.093034061566615e+19
1.057857711077312e+19
1.068449599377973e+19
1.082331102209985e+19
1.093034060038427e+19
1.057857712099148e+19
1.068449606181796e+19
1.082331097921821e+19
1.093034051967039e+19
1.057857793258557e+19
1.068449547300613e+19
1.08233106443367e+19
1.093034077114794e+19
1.057857686918293e+19
1.068449574005162e+19
1.08233107322503e+19
1.093034028005641e+19
1.057857698962768e+19
1.068449584069264e+19
1.082331074021753e+19
1.093034048052872e+19
1.057857704843065e+19
1.06844959219895e+19
1.082331086908086e+19
1.093034062290147e+19
1.057857706770724e+19
1.068449597313717e+19
1.082331093185488e+19
1.093034066075412e+19
1.098762373928232e+19
1.10956206197408e+19
1.123748872804251e+19
1.134684968146914e+19
1.098762410067712e+19
1.109562077290211e+19
1.123748914194665e+19
1.134685165393313e+19
1.098762423279001e+19
1.109562098968825e+19
1.123748944809804e+19
1.134685165560423e+19
1.098762428658649e+19
1.109562106982562e+19
1.123748945939874e+19
1.13468516972461e+19
1.098762267277031e+19
1.109561963080402e+19
1.123748969445969e+19
1.134684151583973e+19
1.098762273221364e+19
1.109561968945782e+19
1.123748969417927e+19
1.134684157539368e+19
1.098762285812105e+19
1.109561989964203e+19
1.123749000150234e+19
1.134684159462923e+19
1.098762321754478e+19
1.109562005330102e+19
1.12374904163204e+19
1.134684356253487e+19
1.057857658059891e+19
1.068449539823826e+19
1.082331079404211e+19
1.093033987980902e+19
1.0578576592611e+19
1.068449541926692e+19
1.082331082954549e+19
1.093033992262929e+19
1.057857664359754e+19
1.068449548007883e+19
1.082331094118419e+19
1.093034005650868e+19
1.057857675441495e+19
1.068449557919415e+19
1.082331094936656e+19
1.093034025520304e+19
1.057857740745581e+19
1.06844951464362e+19
1.082331059031548e+19
1.093034013786274e+19
1.057857669884102e+19
1.068449551670924e+19
1.082331083052762e+19
1.09303399562015e+19
1.057857663502866e+19
1.068449541482307e+19
1.082331079457349e+19
1.093033992052002e+19
1.057857659525905e+19
1.068449539541863e+19
1.08233107714312e+19
1.093033989378077e+19
1.098762307177541e+19
1.109561982258758e+19
1.123749025697606e+19
1.134684343866524e+19
1.098762276599066e+19
1.109561977634495e+19
1.123748990816372e+19
1.134684150945694e+19
1.098762272217845e+19
1.109561962972424e+19
1.123748965948732e+19
1.134684154325217e+19
1.098762268518738e+19
1.10956196103047e+19
1.12374896912062e+19
1.13468415099815e+19
