FiniteElementSpace
FiniteElementCollection: L2_2D_P4
VDim: 1
Ordering: 0

2.061204397303536e+37
-1.583700761048684e+37
-5.473177491446381e+37
-7.646039203288008e+37
-8.37943288463812e+37
-3.929657753347389e+38
-3.559345549987972e+38
-2.961778965380141e+38
-2.545343506408221e+38
-2.399412275407994e+38
2.292578378841901e+38
3.491984605033919e+38
4.265290038821026e+38
4.421812310305253e+38
4.358079201956731e+38
3.959198735777443e+38
2.397738708391781e+38
1.190357120062551e+37
-1.140893025511894e+38
-1.236228959278999e+38
9.016181094763181e+37
-1.157513244799996e+38
-5.25880343690042e+37
2.351370282665735e+38
3.094372571891103e+38
