FiniteElementSpace
FiniteElementCollection: L2_2D_P3
VDim: 1
Ordering: 0

0.42752655
0.42198695
0.41465485
0.40895628
0.42198694
0.41651858
0.40928085
0.40365587
0.41465478
0.40928081
0.40216837
0.39664107
0.40895619
0.40365581
0.39664106
0.39118978
0.40589192
0.40009083
0.39242379
0.38647337
0.40063119
0.3949053
0.3873377
0.38146442
0.393669
0.38804269
0.38060663
0.37483538
0.3882586
0.38270964
0.37537574
0.36968376
0.38534938
0.37984198
0.37256299
0.36691366
0.37984198
0.37441325
0.36723826
0.36166967
0.372563
0.36723826
0.36020079
0.354739
0.36691366
0.36166967
0.35473899
0.34936013
0.40589183
0.40063114
0.39366899
0.3882586
0.40009076
0.39490527
0.38804269
0.38270965
0.39242376
0.38733769
0.38060664
0.37537574
0.38647336
0.38146443
0.37483539
0.36968376
0.38327649
0.37830896
0.37173471
0.36662569
0.37722954
0.37234033
0.36586977
0.36084138
0.36924725
0.36446147
0.35812788
0.35320598
0.36305949
0.35835395
0.35212661
0.34728732
0.35973769
0.35507524
0.34890496
0.34411002
0.35345943
0.34887847
0.34281604
0.33810487
0.34518151
0.340708
0.33478769
0.3301869
0.33877192
0.33438154
0.32857119
0.32405583
0.34153175
0.33665094
0.3302002
0.3251937
0.33557163
0.33077603
0.32443786
0.31951872
0.32771299
0.32302969
0.31683994
0.31203597
0.32162785
0.3170315
0.31095665
0.30624185
0.3638785
0.35867792
0.35180465
0.34647034
0.35813757
0.35301913
0.34625444
0.34100441
0.35055946
0.34554949
0.33892813
0.33378928
0.34468521
0.3397593
0.33324898
0.32819626
0.34360449
0.33818383
0.33102841
0.32548165
0.33818383
0.33284874
0.32580621
0.32034694
0.33102841
0.32580621
0.31891267
0.31356888
0.32548164
0.32034694
0.31356888
0.30831461
0.32250391
0.31741618
0.31070012
0.30549389
0.31687587
0.31187689
0.30527798
0.30016257
0.30945499
0.30457303
0.29812861
0.29313298
0.30370877
0.29891743
0.29259265
0.28768981
0.30269896
0.29741642
0.29045115
0.28505779
0.29741641
0.29222606
0.28538236
0.28008314
0.29045114
0.28538236
0.27869896
0.27352388
0.28505778
0.28008313
0.27352387
0.26844491
0.32250391
0.31687587
0.309455
0.30370878
0.31741618
0.3118769
0.30457304
0.29891744
0.31070012
0.30527799
0.29812861
0.29259267
0.30549389
0.30016258
0.29313299
0.28768982
0.34153178
0.33557165
0.32771301
0.32162786
0.33665096
0.33077604
0.3230297
0.3170315
0.33020021
0.32443787
0.31683994
0.31095666
0.3251937
0.31951872
0.31203598
0.30624186
0.36387851
0.35813758
0.35055949
0.34468524
0.35867793
0.35301914
0.34554951
0.33975932
0.35180465
0.34625445
0.33892815
0.333249
0.34647034
0.34100442
0.33378929
0.32819627
0.38327648
0.37722952
0.36924723
0.36305952
0.37830894
0.37234032
0.36446148
0.358354
0.3717347
0.36586978
0.35812791
0.35212666
0.36662569
0.36084139
0.35320601
0.34728735
0.35973774
0.35345951
0.34518158
0.33877196
0.3550753
0.34887854
0.34070804
0.33438156
0.34890501
0.34281608
0.33478772
0.32857121
0.34411005
0.3381049
0.33018692
0.32405584
0.33533357
0.32883953
0.32028586
0.31366939
0.33098775
0.32457786
0.31613503
0.30960429
0.32523636
0.31893784
0.31064169
0.30422439
0.32076681
0.31455483
0.30637266
0.30004351
0.31836347
0.31219803
0.30407713
0.29779539
0.31381376
0.30773639
0.29973151
0.29353952
0.30780055
0.30183958
0.29398805
0.28791473
0.30313358
0.29726297
0.28953049
0.28354927
0.29442782
0.2880718
0.27970832
0.27324533
0.29022009
0.28395493
0.275711
0.26934038
0.28465892
0.27851384
0.27042792
0.26417937
0.28034284
0.27429097
0.26632765
0.26017383
0.31012239
0.30342762
0.29461826
0.28781066
0.30610324
0.29949519
0.29079999
0.28408064
0.30078414
0.29429089
0.28574681
0.27914425
0.29665052
0.29024651
0.28181988
0.27530808
0.28416355
0.27728429
0.26824076
0.26125866
0.28048082
0.27369073
0.2647644
0.2578728
0.275607
0.26893491
0.26016369
0.25339183
0.27181945
0.26523905
0.25658837
0.24990955
0.25752033
0.25047317
0.24121707
0.23407708
0.25418291
0.24722705
0.23809087
0.23104342
0.24976604
0.24293102
0.23395357
0.22702858
0.24633357
0.23959246
0.23073838
0.22390855
0.24448788
0.23779727
0.22900952
0.22223087
0.24099384
0.23439884
0.22573667
0.21905489
0.2363759
0.22990726
0.22141107
0.21485733
0.23279186
0.22642128
0.21805391
0.21159955
0.26978283
0.26325173
0.25466586
0.24803707
0.26592737
0.2594896
0.25102641
0.24449233
0.26083174
0.25451731
0.24621625
0.23980735
0.25687695
0.25065823
0.24248301
0.23617128
0.25475219
0.2485849
0.2404773
0.23421777
0.25073321
0.2446632
0.23668349
0.23052269
0.24542796
0.23948637
0.23167548
0.22564502
0.24131541
0.23547337
0.22779333
0.22186392
0.23086629
0.2245484
0.21625025
0.20984928
0.22722408
0.22100586
0.21283863
0.20653866
0.2224162
0.21632957
0.20833517
0.20216849
0.21868922
0.21270459
0.20484415
0.19878081
0.21668843
0.21075856
0.20297004
0.19696217
0.21290687
0.20708048
0.19942788
0.19352487
0.2079207
0.20223076
0.1947574
0.18899265
0.20405979
0.19847551
0.19114094
0.18548325
0.23910763
0.23331902
0.22570924
0.21983409
0.23493481
0.22924721
0.22177024
0.21599762
0.22943274
0.22387834
0.21657649
0.21093908
0.22517235
0.2197211
0.21255485
0.20702212
0.26095058
0.25531729
0.24790471
0.24217648
0.25639664
0.25086163
0.24357839
0.23795012
0.25039203
0.24498662
0.23787392
0.23237744
0.24574249
0.24043744
0.2334568
0.22806238
0.278024
0.27202219
0.26412474
0.25802181
0.27363794
0.26773082
0.25995793
0.25395126
0.26784815
0.26206601
0.25445754
0.24857793
0.26336
0.25767472
0.25019371
0.2444126
0.30062619
0.29480414
0.28713563
0.28120391
0.29588348
0.29015328
0.28260579
0.27676766
0.28962292
0.28401399
0.27662622
0.27091165
0.28476984
0.27925492
0.27199098
0.26637217
0.28216453
0.27670007
0.2695026
0.2639352
0.27724038
0.27187132
0.26479946
0.25932919
0.27074772
0.26550441
0.25859813
0.25325593
0.2657203
0.26057434
0.25379626
0.24855322
0.26302335
0.25792959
0.25122028
0.24603044
0.25792959
0.25293445
0.24635503
0.24126568
0.25122029
0.24635503
0.23994673
0.23498976
0.24603046
0.24126569
0.23498976
0.23013518
0.24324825
0.23853736
0.2323324
0.22753272
0.23799704
0.23338783
0.22731681
0.22262074
0.23108723
0.22661184
0.22071708
0.21615736
0.22574755
0.22137557
0.21561703
0.21116268
0.22495967
0.22010325
0.21371297
0.20877478
0.22010325
0.21535167
0.20909935
0.20426778
0.21371296
0.20909935
0.20302858
0.19833729
0.20877477
0.20426778
0.19833729
0.19375441
0.24324824
0.23799703
0.23108723
0.22574756
0.23853736
0.23338783
0.22661185
0.22137559
0.23233239
0.22731681
0.22071708
0.21561704
0.22753272
0.22262074
0.21615736
0.21116269
0.22288687
0.21749096
0.21039744
0.20492086
0.2185703
0.21327889
0.20632276
0.20095225
0.21288473
0.20773097
0.20095579
0.195725
0.20848683
0.20343955
0.19680434
0.19168163
0.2019886
0.19646102
0.1892009
0.18360063
0.19807678
0.19265627
0.18553677
0.18004494
0.19292435
0.18764485
0.18071053
0.17536154
0.18893885
0.18376842
0.17697732
0.17173882
0.18680229
0.18169031
0.174976
0.16979673
0.18276966
0.17776802
0.17119863
0.16613117
0.17746333
0.17260687
0.1662282
0.16130788
0.17336274
0.16861848
0.16238722
0.15758061
0.20612918
0.20113898
0.19457882
0.18951405
0.2016793
0.19679683
0.19037832
0.1854229
0.19582396
0.19108328
0.18485113
0.18003955
0.19129918
0.18666804
0.18057988
0.17587945
0.18887506
0.18430261
0.17829158
0.17365069
0.18430262
0.17984083
0.17397527
0.16944672
0.17829158
0.17397528
0.16830099
0.16392015
0.1736507
0.16944672
0.16392015
0.15965336
0.17116587
0.16648174
0.16032945
0.15558376
0.16702206
0.16245134
0.15644803
0.15181723
0.16157458
0.15715297
0.15134547
0.14686569
0.15736886
0.15306236
0.14740601
0.14304282
0.15511705
0.15087216
0.14529674
0.14099598
0.15087215
0.14674342
0.14132057
0.1371375
0.14529674
0.14132057
0.13609812
0.13206966
0.140996
0.13713752
0.13206968
0.1281605
0.17116587
0.16702205
0.16157457
0.15736885
0.16648172
0.16245131
0.15715294
0.15306234
0.1603294
0.15644797
0.15134543
0.14740599
0.1555837
0.15181717
0.14686566
0.14304282
0.18680231
0.18276968
0.17746334
0.17336275
0.18169033
0.17776804
0.17260687
0.16861848
0.17497601
0.17119863
0.16622818
0.16238718
0.16979672
0.16613114
0.16130782
0.15758055
0.20612918
0.2016793
0.19582397
0.19129918
0.20113898
0.19679684
0.19108329
0.18666805
0.19457884
0.19037834
0.18485114
0.18057989
0.18951407
0.18542292
0.18003957
0.17587946
0.22288686
0.21857029
0.21288472
0.20848682
0.21749093
0.21327887
0.20773096
0.20343954
0.21039742
0.20632274
0.20095579
0.19680436
0.20492084
0.20095224
0.19572502
0.19168166
0.20198859
0.19807679
0.19292437
0.18893888
0.19646103
0.19265629
0.18764488
0.18376844
0.18920094
0.1855368
0.18071056
0.17697734
0.18360066
0.18004496
0.17536156
0.17173883
0.21668841
0.21290684
0.20792067
0.20405977
0.21075853
0.20708045
0.20223075
0.19847552
0.20297001
0.19942788
0.19475742
0.19114098
0.19696219
0.1935249
0.18899269
0.18548329
0.23086628
0.22722405
0.22241618
0.2186892
0.22454837
0.22100583
0.21632954
0.21270456
0.21625021
0.2128386
0.20833513
0.20484412
0.20984924
0.20653862
0.20216847
0.19878081
0.25475219
0.25073322
0.24542799
0.24131544
0.24858493
0.24466324
0.2394864
0.23547338
0.24047734
0.23668351
0.23167547
0.22779332
0.23421778
0.23052268
0.22564499
0.2218639
0.23910765
0.23493481
0.22943273
0.22517234
0.23331903
0.2292472
0.22387832
0.21972108
0.22570923
0.22177022
0.21657647
0.21255482
0.21983407
0.2159976
0.21093905
0.20702209
0.26095056
0.25639664
0.25039205
0.24574251
0.25531729
0.25086165
0.24498664
0.24043745
0.24790473
0.24357841
0.23787393
0.2334568
0.24217651
0.23795014
0.23237744
0.22806237
0.28216451
0.27724037
0.27074771
0.2657203
0.27670006
0.27187131
0.2655044
0.26057434
0.26950258
0.26479944
0.25859813
0.25379627
0.26393518
0.25932919
0.25325594
0.24855324
0.30062618
0.29588347
0.2896229
0.28476983
0.29480412
0.29015326
0.28401397
0.27925491
0.28713561
0.28260576
0.2766262
0.27199095
0.28120388
0.27676763
0.27091162
0.26637214
0.27802397
0.2736379
0.26784812
0.26335998
0.27202215
0.26773078
0.26206598
0.25767471
0.2641247
0.25995791
0.25445754
0.25019373
0.25802179
0.25395126
0.24857795
0.24441263
0.29442778
0.29022005
0.28465888
0.28034281
0.28807176
0.28395489
0.2785138
0.27429093
0.27970828
0.27571096
0.27042787
0.2663276
0.27324528
0.26934033
0.26417932
0.2601738
0.31836346
0.31381376
0.30780054
0.30313357
0.31219802
0.30773639
0.30183957
0.29726295
0.30407712
0.29973149
0.29398802
0.28953046
0.29779536
0.29353949
0.28791469
0.28354924
0.33533354
0.33098773
0.32523635
0.3207668
0.32883951
0.32457785
0.31893783
0.31455483
0.32028586
0.31613503
0.31064169
0.30637265
0.31366938
0.30960429
0.30422438
0.30004349
0.31012238
0.30610322
0.30078411
0.29665049
0.30342759
0.29949516
0.29429085
0.29024647
0.29461821
0.29079994
0.28574676
0.28181984
0.28781061
0.28408059
0.27914421
0.27530804
0.2841635
0.28048077
0.27560695
0.27181939
0.27728424
0.27369068
0.26893485
0.26523899
0.2682407
0.26476435
0.26016365
0.25658835
0.26125861
0.25787277
0.25339183
0.24990958
0.26978277
0.26592731
0.2608317
0.25687693
0.26325168
0.25948957
0.25451731
0.25065825
0.25466586
0.25102642
0.24621629
0.24248305
0.24803711
0.24449237
0.23980739
0.2361713
0.24448792
0.24099388
0.23637592
0.23279185
0.23779729
0.23439885
0.22990724
0.22642125
0.22900951
0.22573665
0.22141103
0.21805387
0.22223083
0.21905485
0.21485729
0.21159951
0.2575203
0.25418291
0.24976607
0.24633361
0.25047319
0.24722708
0.24293105
0.23959249
0.2412171
0.2380909
0.23395358
0.23073837
0.23407709
0.23104341
0.22702856
0.22390852
0.2302564
0.22727225
0.22332292
0.22025381
0.22305817
0.22016731
0.21634146
0.2133683
0.21361183
0.2108434
0.20717959
0.20433236
0.20633131
0.20365725
0.20011833
0.19736815
0.20243762
0.19981403
0.19634189
0.19364361
0.19510588
0.19257731
0.18923092
0.18663035
0.18549219
0.1830882
0.17990668
0.17743424
0.17808865
0.17578061
0.17272607
0.17035233
0.19219271
0.18944604
0.18581586
0.18299843
0.18523199
0.18258479
0.17908608
0.17637068
0.17610478
0.17358802
0.17026171
0.16768011
0.16907594
0.16665963
0.16346608
0.16098753
0.21860351
0.21547938
0.21135033
0.20814574
0.2117696
0.20874314
0.20474319
0.20163878
0.20280136
0.19990309
0.19607255
0.19309962
0.19588934
0.19308984
0.18938986
0.18651824
0.20642404
0.20316746
0.19886866
0.1955363
0.19997092
0.19681616
0.19265174
0.18942355
0.19150238
0.18848121
0.18449314
0.18140164
0.18497544
0.18205723
0.17820507
0.17521893
0.19374736
0.19036617
0.18590793
0.18245579
0.18769053
0.18441504
0.18009614
0.17675192
0.17974201
0.17660522
0.17246922
0.16926661
0.17361586
0.17058598
0.16659095
0.16349749
0.17033953
0.16736682
0.16344718
0.1604121
0.16417025
0.16130522
0.15752754
0.15460239
0.15608088
0.15335702
0.14976549
0.14698448
0.14985127
0.14723613
0.14378794
0.14111794
0.18148474
0.1786216
0.17484213
0.17191235
0.17491181
0.17215237
0.16850978
0.16568611
0.16629313
0.16366966
0.16020657
0.15752204
0.1596559
0.15713715
0.15381229
0.15123491
0.15610815
0.15364536
0.15039439
0.14787428
0.14943135
0.1470739
0.14396196
0.14154964
0.14068339
0.13846395
0.13553419
0.1332631
0.13395189
0.13183864
0.12904908
0.12688666
0.14652138
0.14396435
0.1405928
0.13798213
0.14025461
0.13780695
0.13457961
0.1320806
0.13204389
0.12973952
0.12670112
0.12434842
0.12572579
0.12353169
0.12063867
0.11839854
0.12235036
0.12021517
0.11739982
0.11521983
0.11600115
0.11397676
0.11130751
0.10924064
0.10768882
0.10580949
0.1033315
0.10141273
0.10129742
0.099529627
0.097198705
0.095393816
0.1303556
0.1282991
0.12558443
0.12348006
0.12359097
0.12164118
0.11906739
0.11707223
0.11473477
0.1129247
0.11053534
0.10868315
0.10792519
0.10622256
0.10397501
0.10223274
0.13804684
0.13607398
0.13346652
0.13144284
0.13088307
0.12901259
0.12654044
0.12462178
0.12150433
0.11976788
0.11747289
0.11569172
0.11429297
0.11265959
0.1105008
0.10882535
0.16531885
0.16295623
0.15983365
0.15741018
0.15824809
0.15598652
0.1529975
0.15067769
0.14898398
0.14685482
0.14404078
0.14185677
0.14185531
0.13982802
0.13714863
0.13506912
0.17413127
0.17187452
0.16888787
0.16656688
0.16668358
0.16452336
0.16166446
0.15944274
0.15692563
0.15489188
0.15220035
0.15010869
0.14941697
0.14748053
0.14491778
0.14292621
0.14540548
0.14352103
0.14102709
0.13908898
0.13785984
0.13607318
0.13370866
0.13187113
0.12798117
0.12632253
0.12412745
0.12242159
0.12038541
0.11882521
0.1167604
0.11515579
0.11632944
0.11482181
0.11282657
0.11127602
0.108704
0.10729519
0.10543074
0.10398184
0.098728372
0.097448855
0.095755508
0.094439568
0.091063815
0.089883631
0.088321744
0.087107964
0.11044227
0.10886392
0.10677787
0.10515887
0.10320274
0.10172785
0.099778545
0.09826566
0.093731969
0.092392424
0.090621994
0.089247943
0.086455294
0.085219741
0.083586759
0.082319382
0.082571651
0.0813916
0.079831972
0.078621525
0.075273768
0.074198013
0.072776228
0.071672762
0.065733743
0.064794326
0.063552733
0.062589116
0.05840929
0.05757455
0.0564713
0.055615054
0.086973152
0.085845985
0.084354259
0.083195002
0.079286268
0.078258718
0.076898829
0.075842026
0.069237702
0.068340382
0.067152845
0.066229981
0.061522804
0.060725472
0.059670262
0.058850233
0.057407298
0.056663305
0.05567868
0.054913502
0.049677498
0.049033675
0.04818162
0.047519468
0.039580229
0.039067266
0.0383884
0.037860838
0.031833604
0.031421042
0.030875041
0.030450733
0.027703166
0.027344134
0.026868977
0.026499722
0.019949066
0.019690531
0.019348373
0.01908247
0.0098274252
0.0097000633
0.0095315086
0.0094005199
0.0020677201
0.0020409221
0.0020054526
0.0019778949
0.026301169
0.025925292
0.025428507
0.025042951
0.018939493
0.018668824
0.018311091
0.01803345
0.0093300852
0.0091967478
0.0090205178
0.0088837445
0.0019630743
0.001935017
0.0018979366
0.0018691607
0.054502053
0.053723149
0.052693701
0.051894739
0.04716342
0.0464894
0.045598577
0.044907198
0.037577161
0.037040139
0.036330377
0.035779521
0.030222576
0.029790656
0.029219807
0.028776762
0.05146549
0.050653563
0.049581784
0.048750959
0.044535745
0.043833143
0.042905677
0.04218672
0.035483567
0.034923773
0.034184826
0.033612004
0.028538732
0.028088502
0.027494183
0.027033471
0.024835808
0.024443997
0.023926785
0.023525856
0.017884287
0.017602142
0.017229701
0.016940989
0.0088102625
0.0086712706
0.0084877958
0.0083455694
0.0018536994
0.0018244548
0.0017858519
0.0017559282
0.023310621
0.022903816
0.022367424
0.021952086
0.016785995
0.016493054
0.0161068
0.015807712
0.0082692176
0.0081249088
0.0079346248
0.0077872834
0.0017398626
0.0017094986
0.0016694628
0.001638462
0.048304941
0.047461946
0.046350415
0.045489729
0.041800757
0.041071268
0.040109401
0.03936461
0.03330449
0.032723276
0.031956924
0.031363518
0.026786143
0.026318689
0.025702329
0.025225061
0.073182913
0.071905756
0.070221768
0.068917813
0.066714831
0.065550552
0.064015396
0.062826688
0.058259544
0.057242821
0.055902229
0.054864179
0.0517679
0.050864472
0.049673263
0.048750876
0.077971202
0.076741118
0.075117359
0.073858643
0.071079917
0.06995855
0.068478301
0.067330836
0.062071405
0.061092158
0.059799517
0.05879748
0.05515503
0.054284898
0.053136286
0.052245895
0.10428905
0.10264377
0.10047194
0.098788371
0.09745285
0.095915422
0.093885952
0.092312737
0.088509724
0.087113384
0.085270157
0.083841318
0.081638471
0.080350535
0.078650406
0.077332491
0.097884563
0.096176321
0.093923931
0.092179856
0.091468175
0.089871915
0.087767176
0.086137426
0.083074263
0.081624492
0.0797129
0.07823271
0.076624981
0.075287754
0.073524561
0.072159279
0.091244246
0.089477167
0.087149667
0.085349299
0.085263147
0.083611907
0.081436977
0.079754621
0.077438664
0.075938954
0.073963606
0.072435634
0.071426874
0.070043588
0.068221592
0.066812237
0.084384146
0.082562495
0.080165484
0.078313144
0.078852733
0.077150487
0.074910595
0.073179673
0.07161651
0.070070469
0.068036112
0.066464024
0.066056698
0.064630675
0.06275425
0.061304214
0.063089357
0.061727399
0.059935277
0.058550383
0.057513373
0.056271789
0.054638054
0.053375556
0.050224266
0.049140033
0.047713355
0.046610869
0.044627963
0.043664549
0.042396851
0.041417214
0.068218308
0.06689716
0.065157006
0.063810953
0.062189007
0.060984624
0.059398267
0.05817119
0.054307315
0.053255571
0.051870274
0.050798716
0.048256062
0.047321514
0.046090569
0.045138404
0.045028016
0.044155983
0.043007381
0.042118914
0.038965069
0.038210456
0.037216515
0.036447683
0.031045182
0.030443947
0.029652034
0.029039472
0.02496903
0.024485473
0.023848553
0.023355878
0.021729278
0.021308462
0.02075418
0.020325433
0.015647265
0.015344234
0.014945099
0.014636355
0.007708243
0.0075589604
0.0073623291
0.0072102322
0.0016218295
0.0015904184
0.0015490492
0.0015170501
0.020095587
0.019661768
0.01909093
0.018649807
0.014470841
0.014158448
0.013747385
0.013429724
0.0071286986
0.0069748041
0.0067723024
0.0066158164
0.0014998932
0.0014675127
0.0014249077
0.0013919832
0.041642622
0.04074366
0.03956076
0.03864665
0.036035523
0.035257599
0.034233966
0.033442939
0.028711082
0.028091271
0.027275701
0.026645457
0.023091761
0.022593261
0.021937315
0.021430427
0.038156924
0.037233181
0.036018824
0.035081277
0.033019152
0.032219792
0.031168946
0.030357632
0.026307809
0.025670925
0.024833666
0.024187256
0.021158863
0.020646627
0.019973231
0.019453329
0.018413476
0.017967697
0.017381675
0.016929232
0.013259539
0.012938534
0.012516539
0.012190732
0.0065319806
0.0063738424
0.0061659556
0.0060054623
0.0013743399
0.0013410658
0.001297331
0.0012635647
0.01668698
0.016230319
0.015630531
0.015167865
0.012016288
0.011687454
0.011255548
0.01092238
0.0059195306
0.0057575355
0.0055447709
0.0053806489
0.0012454825
0.0012113967
0.0011666288
0.0011320954
0.034579295
0.033633002
0.0323901
0.031431365
0.02992324
0.029104367
0.028028828
0.027199182
0.023841156
0.023188721
0.022331783
0.021670761
0.019174963
0.018650214
0.017960994
0.017429345
0.052388219
0.050954566
0.049071553
0.047619055
0.04775802
0.046451088
0.04473452
0.043410406
0.041705305
0.040564016
0.039065005
0.037908701
0.03705827
0.036044145
0.034712142
0.033684669
0.057808433
0.056408937
0.054569146
0.053148736
0.052699182
0.05142338
0.049746196
0.048451318
0.046020221
0.044906115
0.043441495
0.042310732
0.040892379
0.039902413
0.038600994
0.037596236
0.077320767
0.075448906
0.072988128
0.071088263
0.07225234
0.070503167
0.068203684
0.066428359
0.065621789
0.06403314
0.061944686
0.060332285
0.060527371
0.059062057
0.057135735
0.055648514
0.070071043
0.068153479
0.065634877
0.063692087
0.065477819
0.063685957
0.061332453
0.05951702
0.059468975
0.057841553
0.055704033
0.054055198
0.054852228
0.053351149
0.051379566
0.049858738
0.087585057
0.085188252
0.082040194
0.079611849
0.083039959
0.080767526
0.077782809
0.075480456
0.077089528
0.074979909
0.072209041
0.070071656
0.072514179
0.070529755
0.067923336
0.065912805
0.10488798
0.10201765
0.098247641
0.095339551
0.10040188
0.097654316
0.09404556
0.091261862
0.094524201
0.091937488
0.088540012
0.085919291
0.090001365
0.087538432
0.084303531
0.081808203
0.1157399
0.11293795
0.10925448
0.10641063
0.11078965
0.10810754
0.10458161
0.1018594
0.10430384
0.10177875
0.098459233
0.095896392
0.099313048
0.096908779
0.093748104
0.091307895
0.096646729
0.09430701
0.091231196
0.088856507
0.091631366
0.089413071
0.086496881
0.084245427
0.08506532
0.083005982
0.080298753
0.078208624
0.080016644
0.078079524
0.075532962
0.073566867
0.10547559
0.10319862
0.10020247
0.09788715
0.10000207
0.097843254
0.095002588
0.092807412
0.092836182
0.09083206
0.088194953
0.086157091
0.08732629
0.085441124
0.082960543
0.081043623
0.11405037
0.11184163
0.10893237
0.10668199
0.10813187
0.10603773
0.10327944
0.10114585
0.10038341
0.098439339
0.09587871
0.093898009
0.094425586
0.092596898
0.090188242
0.088325096
0.13658164
0.13393655
0.13045256
0.12775763
0.13074001
0.12820805
0.12487308
0.12229341
0.12308631
0.12070258
0.11756284
0.11513418
0.11719682
0.11492714
0.11193763
0.10962517
0.12631292
0.12358612
0.11999809
0.11722537
0.12091049
0.11830032
0.11486573
0.11221159
0.11383221
0.11137483
0.1081413
0.10564253
0.10838549
0.10604569
0.10296688
0.10058769
0.14684586
0.1436758
0.13950449
0.13628104
0.14152752
0.13847227
0.13445204
0.13134535
0.1345539
0.1316492
0.12782707
0.12487346
0.12918352
0.12639476
0.12272518
0.11988945
0.15878393
0.15570883
0.15165847
0.14852544
0.1530332
0.15006948
0.14616582
0.14314626
0.14549261
0.14267494
0.13896364
0.13609287
0.13968562
0.13698041
0.13341725
0.13066107
0.18060389
0.17710623
0.17249925
0.16893564
0.17495791
0.17156957
0.16710661
0.1636544
0.16754857
0.16430372
0.16002976
0.15672376
0.161838
0.15870375
0.15457547
0.15138218
0.16702524
0.16341949
0.15867492
0.1550085
0.16180372
0.15831072
0.1537145
0.1501627
0.15495148
0.15160642
0.14720485
0.14380347
0.1496703
0.14643925
0.14218771
0.13890226
0.15304424
0.14933919
0.1444685
0.14070805
0.14825985
0.14467063
0.1399522
0.1363093
0.1419812
0.13854399
0.13402538
0.13053678
0.13714211
0.13382204
0.12945746
0.12608778
0.13455411
0.1312967
0.12701449
0.12370841
0.12968095
0.12654153
0.12241442
0.11922807
0.12329108
0.12030635
0.11638258
0.11335321
0.11837023
0.11550462
0.11173744
0.10882896
0.12193827
0.11860138
0.11421854
0.1108377
0.11752203
0.11430596
0.11008183
0.10682343
0.11173122
0.1086736
0.10465761
0.10155978
0.1072717
0.10433613
0.10048044
0.09750626
0.13869463
0.13489914
0.12991404
0.12606868
0.13435883
0.13068202
0.1258528
0.12212767
0.12866893
0.12514786
0.12052316
0.11695575
0.1242836
0.12088254
0.11641542
0.11296957
0.12401102
0.12013433
0.11504682
0.11112569
0.12013432
0.11637879
0.11145026
0.10765168
0.11504679
0.11145025
0.10673041
0.10309271
0.11112566
0.10765168
0.10309272
0.099579014
0.10902858
0.10562017
0.10114724
0.097699853
0.10507984
0.10179488
0.09748396
0.094161441
0.099902109
0.096779016
0.09268054
0.089521759
0.095914749
0.09291632
0.088981445
0.085948749
0.095856154
0.092384522
0.087832403
0.08432683
0.092384529
0.089038649
0.084651403
0.081272782
0.087832415
0.084651405
0.080480324
0.077268163
0.08432683
0.081272774
0.077268156
0.074184185
0.1090286
0.10507983
0.099902071
0.095914707
0.10562016
0.10179485
0.096778986
0.092916285
0.10114723
0.097483946
0.092680518
0.088981426
0.09769985
0.094161431
0.089521743
0.085948744
0.093783369
0.089772255
0.084516897
0.080472929
0.090851587
0.086965878
0.081874814
0.077957263
0.087004178
0.083283026
0.078407553
0.074655882
0.084038884
0.080444554
0.075735228
0.072111401
0.078312451
0.074248544
0.068928069
0.064837093
0.075864313
0.071927428
0.066773252
0.06281015
0.072651548
0.068881356
0.063945424
0.060150142
0.070175371
0.066533654
0.061765934
0.058100007
0.068851075
0.065278071
0.060600315
0.057003574
0.066357431
0.062913812
0.058405471
0.054939022
0.06308762
0.05981368
0.055527522
0.05223193
0.06056953
0.057426282
0.053311237
0.050147224
0.082453009
0.078926499
0.074306029
0.070750578
0.079466819
0.076068012
0.07161486
0.068188157
0.075551175
0.07231982
0.068086054
0.064828152
0.072535719
0.069433319
0.06536848
0.062240586
0.070923881
0.067890397
0.063915858
0.060857475
0.06789039
0.064986612
0.061182057
0.058254498
0.063915849
0.061182054
0.057600256
0.054844116
0.060857467
0.058254499
0.054844118
0.052219896
0.059223556
0.056150165
0.052126587
0.049032911
0.056690472
0.053748565
0.049897137
0.046935812
0.053371674
0.050602052
0.046976155
0.044188198
0.050817938
0.048180871
0.04472848
0.0420739
0.049453629
0.046887368
0.043527655
0.040944327
0.046887365
0.044454274
0.041268883
0.038819595
0.043527636
0.041268879
0.038311712
0.036037897
0.040944302
0.038819584
0.036037895
0.033898992
0.05922355
0.056690477
0.053371682
0.050817943
0.056150169
0.053748579
0.050602061
0.04818087
0.052126596
0.049897141
0.046976141
0.044728458
0.049032909
0.046935794
0.044188156
0.04207386
0.068850967
0.066357344
0.063087579
0.060569516
0.065277955
0.06291373
0.059813647
0.057426274
0.060600229
0.058405419
0.055527506
0.053311239
0.057003524
0.054938998
0.052231928
0.050147227
0.082453001
0.079466805
0.075551161
0.072535713
0.078926481
0.076067988
0.072319795
0.069433307
0.074305983
0.071614806
0.06808601
0.065368463
0.070750489
0.068188074
0.064828109
0.062240573
0.093783409
0.090851617
0.087004189
0.084038884
0.089772286
0.086965897
0.083283025
0.08044454
0.08451692
0.081874814
0.078407525
0.07573519
0.080472923
0.077957225
0.074655812
0.072111319
0.078312413
0.075864243
0.072651449
0.070175261
0.074248444
0.071927304
0.06888122
0.066533524
0.068927921
0.0667731
0.063945293
0.061765831
0.064836953
0.062810029
0.060150058
0.058099945
0.062652487
0.060693852
0.058123491
0.056142454
0.058545566
0.056715319
0.054313461
0.052462309
0.05317289
0.051510622
0.049329223
0.047647973
0.049044937
0.047511739
0.045499703
0.043948979
0.055082982
0.053088033
0.050472186
0.048457735
0.0514723
0.049608138
0.047163781
0.045281384
0.046748824
0.045055741
0.042835694
0.041126029
0.043119632
0.04155798
0.039510268
0.037933324
0.041182669
0.03969116
0.037735433
0.036229324
0.037542842
0.036183157
0.034400274
0.03302726
0.032784749
0.03159737
0.030040415
0.028841401
0.029131635
0.02807655
0.026693082
0.025627675
0.046841817
0.045377496
0.04345584
0.041974768
0.042701865
0.041366957
0.039615124
0.038264935
0.03728995
0.03612421
0.034594394
0.033415329
0.033134865
0.032099022
0.030739661
0.029691961
0.030918341
0.029951785
0.028683345
0.027705722
0.026755232
0.025918813
0.024821154
0.02397516
0.021317043
0.020650623
0.019776076
0.019102046
0.017144852
0.016608878
0.015905511
0.015363398
0.014920288
0.01445386
0.013841753
0.013369983
0.0107441
0.010408221
0.0099674468
0.0096277293
0.0052928173
0.0051273438
0.0049102012
0.0047428535
0.001113615
0.0010788034
0.0010331164
0.00099790258
0.013117686
0.012642592
0.012019627
0.011539885
0.0094460442
0.0091039363
0.0086553507
0.0083098919
0.0046533562
0.0044848343
0.0042638625
0.0040936837
0.00097907699
0.0009436258
0.00089713216
0.00086133031
0.027182875
0.026198375
0.024907461
0.023913323
0.02352272
0.022670788
0.02155369
0.020693419
0.018741567
0.018062794
0.017172763
0.016487352
0.015073474
0.014527553
0.013811712
0.013260439
0.023381929
0.022381873
0.021071607
0.020063354
0.020233585
0.019368189
0.018234344
0.017361855
0.016120983
0.015431481
0.014528087
0.013832931
0.012965781
0.012411226
0.011684642
0.011125552
0.01128345
0.010800849
0.010168556
0.0096820188
0.0081252354
0.0077777176
0.0073224106
0.0069720528
0.0040027181
0.0038315209
0.0036072259
0.0034346199
0.00084218825
0.00080616374
0.00075896979
0.00072264769
0.0094220834
0.0089331225
0.0082929935
0.0078007963
0.0067848705
0.00643277
0.0059717998
0.0056173635
0.0033424086
0.0031689518
0.0029418702
0.002767271
0.00070324542
0.00066675376
0.00061897546
0.00058223772
0.019524698
0.018511485
0.017184995
0.016165069
0.016895727
0.016018937
0.014871071
0.013988492
0.013461546
0.012762984
0.011848443
0.011145241
0.01082687
0.010265013
0.0095294508
0.0089638798
0.029580377
0.028045291
0.026035584
0.024490336
0.026965936
0.02556654
0.023734483
0.022325815
0.023548305
0.022326289
0.020726441
0.019496309
0.020924414
0.019838566
0.018416985
0.017323921
0.035424264
0.033909144
0.03192402
0.030396473
0.032293344
0.030912127
0.029102451
0.027709901
0.028200496
0.026994331
0.02541401
0.024197967
0.025058187
0.023986428
0.02258222
0.021501684
0.047380965
0.0453545
0.042699421
0.040656352
0.04427519
0.042381548
0.039900493
0.037991327
0.04021217
0.038492291
0.036238886
0.034504888
0.037090408
0.035504032
0.033425542
0.031826148
0.039564848
0.037511702
0.034823706
0.032756843
0.036971356
0.035052767
0.032540931
0.030609543
0.033578505
0.031835962
0.029554613
0.027800475
0.030971678
0.029364399
0.027260153
0.025642213
0.031653169
0.029578222
0.026863819
0.024778278
0.029578225
0.027639315
0.025102861
0.02315403
0.026863818
0.02510286
0.022799181
0.021029192
0.024778284
0.023154048
0.021029207
0.019396638
0.023665199
0.021573557
0.018839338
0.016740168
0.022113908
0.020159387
0.017604437
0.015642866
0.020084528
0.018309421
0.015988952
0.014207372
0.018525334
0.016888048
0.014747705
0.013104419
0.017693175
0.016129442
0.014085225
0.01251574
0.016129442
0.014703897
0.012840329
0.011409558
0.014085277
0.012840373
0.011212988
0.0099635763
0.012515823
0.011409627
0.0099635941
0.0088534209
0.023665217
0.022113943
0.020084556
0.018525327
0.021573623
0.020159456
0.01830944
0.01688804
0.018839451
0.017604522
0.015988997
0.014747757
0.016740258
0.015642954
0.01420745
0.013104495
0.015620462
0.014596551
0.013257063
0.012227874
0.013517211
0.012631154
0.011472011
0.010581396
0.010769744
0.010063773
0.0091402283
0.008430658
0.0086618708
0.0080940829
0.0073513152
0.0067806271
0.0075379757
0.0070438714
0.0063974895
0.0059008245
0.0054281123
0.0050722994
0.0046068329
0.0042491968
0.0026740316
0.0024987393
0.0022694409
0.0020932601
0.00056262065
0.0005257408
0.00047749579
0.00044042483
0.0056357425
0.0051376529
0.0044865221
0.0039866039
0.0040583117
0.0036996294
0.0032307409
0.0028707378
0.0019992305
0.0018225243
0.001591541
0.0014141913
0.00042064044
0.00038346629
0.00033486954
0.00029755303
0.011678581
0.010646383
0.0092970914
0.0082611968
0.010106065
0.009212863
0.0080452618
0.0071488347
0.00805195
0.0073402982
0.0064100102
0.0056957821
0.0064760235
0.0059036524
0.0051554464
0.004581002
0.0077085933
0.0066706552
0.0053148005
0.0042745923
0.006670646
0.0057724634
0.0045991725
0.0036990246
0.0053147914
0.0045991766
0.0036643532
0.0029471686
0.0042745609
0.0036990128
0.0029471527
0.0023703368
0.003719928
0.0032190514
0.0025647422
0.0020627893
0.0026787059
0.0023180279
0.0018468907
0.0014854402
0.0013195779
0.0011419129
0.00090985008
0.00073178009
0.00027762714
0.00024024681
0.00019143371
0.00015397128
0.0017951707
0.0012927464
0.00063686003
0.00013399595
0.0012927028
0.00093092338
0.00045860438
9.6486503e-05
0.00063683139
0.000458583
0.00022591638
4.7532893e-05
0.00013399136
9.6496853e-05
4.7528392e-05
1.0001703e-05
0.003719962
0.0026787347
0.0013195731
0.00027764037
0.003219084
0.0023180547
0.0011418908
0.000240253
0.0025647927
0.0018469127
0.0009098343
0.00019144012
0.0020628055
0.0014854713
0.00073180503
0.00015397666
0.0056357611
0.0040583122
0.0019992245
0.00042064742
0.0051376563
0.0036996318
0.0018225423
0.00038347136
0.0044865409
0.0032307607
0.0015915612
0.00033486943
0.0039866438
0.0028707692
0.0014141859
0.00029755232
0.011678504
0.010106008
0.0080519245
0.0064760275
0.01064632
0.0092128347
0.0073403029
0.0059036656
0.0092970939
0.0080452881
0.0064100443
0.0051554734
0.0082612169
0.0071488696
0.0056958163
0.0045810318
0.015620358
0.013517114
0.010769686
0.0086618572
0.014596456
0.012631075
0.010063742
0.0080940818
0.013256988
0.011471948
0.0091402085
0.0073513091
0.012227806
0.010581336
0.0084306265
0.0067806181
0.0075379905
0.0054281365
0.0026740303
0.00056261701
0.0070438828
0.0050723249
0.0024987547
0.00052573818
0.0063974898
0.0046068476
0.0022694436
0.00047750252
0.005900839
0.0042491949
0.0020932508
0.000440433
0.0094220185
0.0067848124
0.0033423926
0.00070325222
0.0089330715
0.0064327249
0.0031689554
0.00066675291
0.0082929736
0.0059717981
0.0029418771
0.00061897042
0.0078008065
0.0056173916
0.0027672608
0.00058223359
0.011283451
0.0081252173
0.0040027007
0.00084218435
0.010800843
0.0077776918
0.0038315051
0.00080615862
0.010168532
0.0073223674
0.0036071878
0.00075896379
0.0096819622
0.0069719984
0.0034345952
0.0007226551
0.023381926
0.020233574
0.016120969
0.01296578
0.022381858
0.019368162
0.015431464
0.012411219
0.021071559
0.018234298
0.014528066
0.011684628
0.020063295
0.017361799
0.013832901
0.011125516
0.019524635
0.016895668
0.013461514
0.010826815
0.018511419
0.016018881
0.012762935
0.010264972
0.017184921
0.014870999
0.011848373
0.0095294175
0.016164979
0.013988396
0.011145175
0.0089638505
0.029580323
0.026965899
0.023548273
0.020924362
0.028045255
0.025566519
0.022326244
0.019838493
0.026035577
0.023734459
0.020726356
0.018416891
0.024490331
0.022325766
0.019496194
0.017323824
0.039564876
0.036971392
0.033578511
0.030971641
0.037511721
0.035052789
0.031835952
0.029364359
0.034823709
0.032540933
0.029554598
0.02726014
0.032756841
0.030609535
0.027800472
0.02564221
0.04738098
0.044275242
0.040212224
0.037090415
0.045354541
0.042381611
0.038492329
0.035504018
0.042699476
0.039900538
0.0362389
0.033425518
0.04065639
0.037991367
0.0345049
0.031826121
0.035424235
0.032293274
0.028200447
0.02505817
0.033909102
0.030912058
0.026994286
0.023986411
0.031923974
0.029102389
0.025413978
0.022582183
0.030396415
0.027709855
0.024197936
0.02150164
0.041182716
0.037542882
0.032784737
0.029131618
0.039691211
0.036183171
0.031597336
0.028076535
0.037735456
0.034400237
0.030040363
0.026693065
0.036229311
0.033027193
0.028841347
0.025627655
0.055083014
0.051472304
0.046748833
0.043119664
0.053088039
0.049608134
0.045055766
0.04155803
0.050472183
0.047163791
0.042835745
0.039510316
0.048457737
0.045281422
0.041126089
0.037933353
0.062652592
0.058545609
0.05317291
0.049044954
0.060693932
0.056715351
0.051510639
0.047511744
0.05812355
0.054313489
0.049329229
0.04549971
0.056142498
0.052462324
0.047647979
0.043949
0.046841818
0.042701878
0.037289979
0.033134874
0.045377496
0.04136698
0.036124237
0.032099014
0.04345586
0.039615163
0.034594406
0.030739643
0.041974807
0.038264979
0.033415327
0.029691943
0.030918325
0.026755212
0.021317054
0.01714488
0.029951762
0.025918802
0.020650647
0.016608904
0.028683328
0.02482116
0.019776102
0.015905524
0.027705712
0.023975177
0.019102067
0.015363406
0.027182875
0.023522738
0.018741585
0.015073481
0.026198379
0.0226708
0.018062803
0.014527552
0.024907457
0.0215537
0.017172759
0.013811714
0.023913316
0.020693415
0.01648734
0.013260447
0.013117686
0.009446061
0.0046533678
0.00097908086
0.012642597
0.0091039525
0.0044848382
0.00094362293
0.012019639
0.0086553568
0.0042638444
0.00089713029
0.011539889
0.0083098797
0.0040936617
0.00086132632
0.014920313
0.010744129
0.005292826
0.0011136248
0.014453884
0.010408251
0.0051273653
0.001078803
0.013841772
0.0099674675
0.0049102236
0.0010331175
0.013369996
0.0096277458
0.0047428676
0.00099791115
0.016686979
0.012016308
0.0059195456
0.0012454894
0.016230328
0.011687475
0.0057575497
0.0012114013
0.015630542
0.01125557
0.0055447721
0.0011666397
0.015167883
0.010922406
0.0053806479
0.0011321086
0.034579286
0.02992322
0.023841127
0.019174949
0.033632996
0.029104347
0.023188697
0.018650212
0.032390098
0.028028806
0.022331772
0.017961004
0.031431358
0.027199161
0.021670766
0.017429364
0.038156911
0.033019145
0.02630778
0.021158828
0.037233173
0.032219781
0.025670893
0.02064659
0.036018816
0.031168928
0.024833635
0.019973199
0.035081267
0.030357612
0.024187226
0.019453308
0.018413447
0.013259537
0.0065319844
0.00137435
0.017967674
0.012938536
0.0063738521
0.0013410812
0.017381655
0.012516545
0.0061659707
0.0012973444
0.01692922
0.012190746
0.0060054777
0.0012635742
0.020095559
0.014470829
0.0071287038
0.0014998961
0.019661742
0.014158437
0.0069748112
0.0014675195
0.019090903
0.013747377
0.00677231
0.0014249105
0.018649776
0.01342972
0.0066158202
0.0013919874
0.021729263
0.015647255
0.007708242
0.00162183
0.021308442
0.015344224
0.0075589614
0.0015904225
0.020754156
0.014945088
0.0073623329
0.0015490474
0.020325403
0.014636343
0.0072102391
0.0015170481
0.045028025
0.03896507
0.03104518
0.024969024
0.044155992
0.038210457
0.030443946
0.024485461
0.043007392
0.037216517
0.029652024
0.023848536
0.042118928
0.03644768
0.029039453
0.02335586
0.041642636
0.036035517
0.028711066
0.023091741
0.040743663
0.035257589
0.028091257
0.022593238
0.039560749
0.034233959
0.027275683
0.02193729
0.038646636
0.033442933
0.026645431
0.021430395
0.063089416
0.0575134
0.050224269
0.044627979
0.061727451
0.056271809
0.049140038
0.043664561
0.059935312
0.054638067
0.047713362
0.042396851
0.058550405
0.053375564
0.046610874
0.041417204
0.068218379
0.062189045
0.054307334
0.048256077
0.066897224
0.06098466
0.053255591
0.047321524
0.065157062
0.059398304
0.051870284
0.046090579
0.063811014
0.058171222
0.050798719
0.045138419
0.091244246
0.085263174
0.077438719
0.071426951
0.08947718
0.083611943
0.075939016
0.070043665
0.087149688
0.081437021
0.073963674
0.068221655
0.085349323
0.079754673
0.072435699
0.066812291
0.084384177
0.07885279
0.071616574
0.066056755
0.082562533
0.077150546
0.07007053
0.064630734
0.080165528
0.074910648
0.068036176
0.062754307
0.078313189
0.073179727
0.066464094
0.061304265
0.077320811
0.072252399
0.065621863
0.060527415
0.075448958
0.070503245
0.064033216
0.059062092
0.072988206
0.068203784
0.061944755
0.057135767
0.071088368
0.066428464
0.060332346
0.055648539
0.057808448
0.052699187
0.046020222
0.040892367
0.056408952
0.051423387
0.044906115
0.039902405
0.054569164
0.049746204
0.043441506
0.038600992
0.053148746
0.048451329
0.042310749
0.037596234
0.052388223
0.047758029
0.04170532
0.037058269
0.05095457
0.046451096
0.040564031
0.036044149
0.049071564
0.044734528
0.039065026
0.034712157
0.047619059
0.043410416
0.037908727
0.033684687
0.070071154
0.065477922
0.059469032
0.054852249
0.068153596
0.063686049
0.057841596
0.053351158
0.065634997
0.061332531
0.055704058
0.05137958
0.063692205
0.059517076
0.054055215
0.049858756
0.087585032
0.08303996
0.077089582
0.072514274
0.085188233
0.080767538
0.074979986
0.07052987
0.082040185
0.077782851
0.072209154
0.067923467
0.079611865
0.075480538
0.070071794
0.065912947
0.096646678
0.091631341
0.085065327
0.080016685
0.094306964
0.089413052
0.083005997
0.078079568
0.09123116
0.086496871
0.080298782
0.075533019
0.088856476
0.084245424
0.078208669
0.073566947
0.11573994
0.11078968
0.10430381
0.099312992
0.112938
0.10810755
0.1017787
0.096908721
0.1092545
0.10458159
0.098459178
0.093748055
0.10641063
0.10185936
0.095896338
0.091307855
0.10488796
0.10040184
0.094524152
0.090001331
0.1020176
0.097654265
0.091937448
0.087538407
0.098247591
0.094045517
0.088539983
0.084303509
0.095339504
0.091261827
0.085919264
0.081808191
0.12193829
0.11752208
0.11173126
0.1072717
0.11860142
0.11430601
0.10867362
0.1043361
0.11421859
0.11008186
0.10465759
0.10048039
0.11083773
0.10682343
0.10155974
0.097506212
0.1386946
0.13435879
0.1286689
0.1242836
0.13489911
0.13068199
0.12514785
0.12088256
0.12991402
0.12585279
0.12052318
0.11641547
0.12606868
0.12212768
0.11695579
0.11296962
0.15304431
0.1482599
0.14198121
0.13714206
0.14933925
0.14467065
0.13854395
0.13382199
0.14446851
0.13995217
0.13402533
0.12945742
0.14070803
0.13630926
0.13053674
0.12608777
0.13455405
0.1296809
0.12329107
0.11837025
0.13129665
0.1265415
0.12030637
0.11550466
0.12701447
0.12241443
0.11638263
0.11173748
0.12370841
0.11922811
0.11335326
0.10882897
0.14684592
0.14152753
0.13455385
0.12918346
0.14367583
0.13847225
0.13164914
0.12639472
0.13950447
0.13445199
0.12782702
0.12272517
0.13628099
0.13134528
0.12487343
0.11988946
0.16702526
0.16180377
0.15495155
0.14967037
0.16341954
0.15831079
0.15160649
0.14643931
0.15867499
0.15371457
0.14720491
0.14218772
0.15500857
0.15016277
0.14380349
0.13890223
0.18060387
0.1749579
0.16754859
0.16183804
0.17710621
0.17156957
0.16430375
0.1587038
0.17249924
0.16710662
0.16002981
0.15457554
0.16893565
0.16365443
0.15672383
0.15138225
0.15878398
0.15303325
0.14549265
0.13968563
0.15570889
0.15006953
0.14267496
0.1369804
0.15165854
0.14616587
0.13896363
0.1334172
0.1485255
0.14314629
0.13609284
0.13066101
0.13658162
0.13073997
0.12308628
0.11719682
0.13393651
0.12820801
0.12070256
0.11492715
0.13045251
0.12487305
0.11756284
0.11193763
0.12775759
0.1222934
0.11513418
0.10962517
0.12631288
0.12091048
0.11383222
0.10838549
0.1235861
0.11830033
0.11137484
0.10604568
0.1199981
0.11486576
0.1081413
0.10296685
0.1172254
0.11221163
0.10564251
0.10058764
0.10547557
0.10000203
0.092836164
0.087326305
0.10319858
0.097843215
0.09083205
0.085441146
0.10020243
0.095002551
0.088194953
0.082960571
0.097887097
0.092807384
0.086157094
0.08104366
0.11405037
0.10813185
0.10038337
0.094425568
0.11184162
0.10603771
0.098439306
0.09259689
0.10893236
0.10327942
0.095878683
0.090188246
0.10668197
0.10114582
0.093897988
0.088325107
0.12235034
0.11600114
0.10768879
0.10129737
0.12021515
0.11397675
0.10580945
0.099529581
0.11739982
0.1113075
0.10333146
0.097198672
0.11521983
0.10924062
0.10141269
0.095393793
0.13035559
0.12359095
0.11473476
0.10792518
0.12829908
0.12164117
0.11292469
0.10622253
0.1255844
0.11906738
0.11053532
0.10397497
0.12348004
0.11707222
0.10868312
0.10223269
0.15610817
0.14943137
0.14068341
0.13395188
0.15364539
0.14707392
0.13846396
0.13183864
0.15039442
0.14396199
0.13553419
0.12904906
0.14787431
0.14154966
0.13326308
0.12688662
0.14652142
0.14025463
0.13204386
0.12572575
0.14396439
0.13780696
0.12973949
0.12353166
0.14059282
0.13457959
0.12670108
0.12063866
0.13798213
0.13208056
0.12434838
0.11839854
0.17033954
0.16417027
0.1560809
0.1498513
0.16736684
0.16130524
0.15335705
0.14723616
0.16344721
0.15752758
0.14976553
0.14378798
0.16041214
0.15460244
0.14698452
0.14111796
0.19374731
0.18769047
0.17974198
0.17361586
0.19036612
0.18441499
0.1766052
0.17058599
0.18590789
0.18009612
0.17246922
0.16659096
0.18245576
0.17675191
0.16926662
0.16349752
0.20642408
0.19997092
0.19150234
0.1849754
0.20316749
0.19681614
0.18848116
0.1820572
0.19886865
0.1926517
0.18449309
0.17820505
0.19553626
0.18942349
0.18140161
0.17521893
0.18148471
0.17491182
0.16629315
0.15965593
0.17862158
0.17215238
0.16366968
0.15713717
0.17484213
0.1685098
0.16020659
0.15381231
0.17191236
0.16568613
0.15752206
0.15123493
0.19219267
0.18523197
0.17610479
0.16907594
0.189446
0.18258477
0.17358803
0.16665963
0.18581583
0.17908607
0.17026172
0.1634661
0.1829984
0.17637068
0.16768013
0.16098755
0.21860355
0.21176963
0.20280137
0.19588932
0.21547942
0.20874317
0.19990308
0.19308981
0.21135037
0.20474321
0.19607252
0.18938981
0.20814578
0.20163879
0.19309957
0.18651819
0.23025641
0.22305819
0.21361186
0.20633134
0.22727226
0.22016734
0.21084343
0.20365727
0.22332295
0.21634149
0.20717961
0.20011833
0.22025385
0.21336833
0.20433237
0.19736814
0.20243764
0.19510588
0.18549217
0.17808865
0.19981403
0.19257729
0.18308818
0.17578061
0.19634188
0.18923089
0.17990667
0.17272608
0.19364358
0.18663033
0.17743425
0.17035234
0.17413128
0.16668359
0.15692566
0.149417
0.17187453
0.16452337
0.15489191
0.14748056
0.16888787
0.16166447
0.15220038
0.1449178
0.16656688
0.15944276
0.15010873
0.14292622
0.16531885
0.15824811
0.14898401
0.14185532
0.16295625
0.15598655
0.14685484
0.13982803
0.15983368
0.15299753
0.1440408
0.13714863
0.1574102
0.15067771
0.14185679
0.13506912
0.13804683
0.13088304
0.1215043
0.11429296
0.13607397
0.12901256
0.11976786
0.11265958
0.13346651
0.12654042
0.11747288
0.1105008
0.13144283
0.12462176
0.11569171
0.10882533
0.14540551
0.13785985
0.12798115
0.12038537
0.14352105
0.13607318
0.1263225
0.11882518
0.14102709
0.13370864
0.12412742
0.11676038
0.13908898
0.1318711
0.12242156
0.11515577
0.11632942
0.10870399
0.098728354
0.091063794
0.11482179
0.10729518
0.097448833
0.089883616
0.11282656
0.10543073
0.095755481
0.088321736
0.11127601
0.10398182
0.094439539
0.087107963
0.086973152
0.079286301
0.069237744
0.061522834
0.085845992
0.078258753
0.068340417
0.060725494
0.084354272
0.076898862
0.067152871
0.059670272
0.083195016
0.075842056
0.066230001
0.058850238
0.082571668
0.075273797
0.065733762
0.058409295
0.081391618
0.074198041
0.064794345
0.057574554
0.079831992
0.072776259
0.063552753
0.056471307
0.078621551
0.071672797
0.062589137
0.055615066
0.11044226
0.10320272
0.093731939
0.086455299
0.10886391
0.10172782
0.0923924
0.085219752
0.10677785
0.099778513
0.090621986
0.083586774
0.10515884
0.098265631
0.089247945
0.082319402
0.10428901
0.097452823
0.088509728
0.081638496
0.10264373
0.095915397
0.087113393
0.080350562
0.1004719
0.093885934
0.085270176
0.078650435
0.098788325
0.09231273
0.083841343
0.077332521
0.097884522
0.091468174
0.083074288
0.076625014
0.096176295
0.089871923
0.08162452
0.075287795
0.093923921
0.08776719
0.079712939
0.073524618
0.092179851
0.086137446
0.07823276
0.072159351
0.073182954
0.066714867
0.05825956
0.05176791
0.071905805
0.065550591
0.05724284
0.050864481
0.070221829
0.064015439
0.055902247
0.049673273
0.068917885
0.062826728
0.054864196
0.048750891
0.077971232
0.071079952
0.062071427
0.055155044
0.076741151
0.069958587
0.061092183
0.054284912
0.075117391
0.068478337
0.059799534
0.053136296
0.07385868
0.067330871
0.058797494
0.052245905
0.051465494
0.044535745
0.035483575
0.028538743
0.050653567
0.043833143
0.034923784
0.028088513
0.049581787
0.042905677
0.034184832
0.02749419
0.048750964
0.042186722
0.033612005
0.027033478
0.048304946
0.041800759
0.033304493
0.026786147
0.047461952
0.041071272
0.032723279
0.026318687
0.046350422
0.040109408
0.031956924
0.02570232
0.045489738
0.039364614
0.031363513
0.025225054
0.023310619
0.01678599
0.0082691995
0.0017398559
0.02290381
0.016493046
0.0081248875
0.0017094949
0.022367417
0.016106792
0.0079346104
0.001669455
0.021952074
0.015807702
0.0077872792
0.0016384569
0.024835812
0.017884283
0.0088102535
0.0018536984
0.024444002
0.017602138
0.0086712586
0.0018244542
0.023926793
0.017229696
0.0084877805
0.0017858418
0.023525858
0.016940984
0.0083455532
0.0017559172
0.026301173
0.018939485
0.0093300775
0.0019630735
0.025925293
0.018668815
0.0091967357
0.0019350211
0.02542851
0.018311085
0.0090205058
0.0018979365
0.025042955
0.018033447
0.0088837363
0.001869157
0.054502059
0.047163442
0.037577174
0.030222584
0.053723157
0.046489417
0.037040151
0.029790665
0.052693711
0.045598584
0.036330384
0.029219814
0.051894744
0.044907197
0.035779526
0.028776771
0.057407316
0.049677503
0.03958024
0.03183361
0.056663315
0.049033686
0.039067279
0.031421045
0.055678688
0.04818164
0.038388413
0.030875046
0.054913507
0.047519491
0.037860851
0.03045074
0.027703163
0.019949066
0.0098274263
0.0020677147
0.027344132
0.019690522
0.0097000598
0.0020409186
0.026868984
0.019348366
0.0095315037
0.0020054552
0.026499729
0.019082465
0.0094005139
0.0019778915
