FiniteElementSpace
FiniteElementCollection: L2_2D_P3
VDim: 1
Ordering: 0

1.0054422
1.0051492
1.0047468
1.004424
1.0260064
1.0245939
1.0226561
1.0211034
1.0531043
1.050207
1.0462326
1.0430483
1.0738797
1.0698504
1.0643194
1.059886
1.084892
1.0802692
1.0739195
1.0688268
1.1053386
1.0996302
1.0917791
1.0854739
1.1314173
1.1243596
1.1146328
1.1068057
1.1508059
1.1427821
1.1316975
1.1227603
1.0660384
1.060677
1.0534517
1.0477593
1.0820188
1.0753695
1.0663996
1.0593267
1.102511
1.0942357
1.0830515
1.074218
1.1178505
1.1083794
1.0955586
1.0854173
1.0042472
1.0039072
1.0034485
1.0030867
1.0202536
1.0186199
1.0164183
1.0146829
1.041306
1.0379576
1.033448
1.029896
1.0574592
1.0527944
1.04651
1.0415604
1.0028905
1.0025168
1.0020196
1.0016325
1.0137428
1.0119535
1.0095761
1.0077274
1.0279732
1.0243157
1.0194617
1.0156919
1.0388812
1.033786
1.0270272
1.0217817
1.0014245
1.0010315
1.000515
1.0001172
1.0067347
1.0048613
1.0024029
1.0005142
1.0136694
1.0098563
1.004861
1.0010305
1.0189691
1.0136696
1.0067345
1.0014233
1.0217817
1.015692
1.0077273
1.0016313
1.0270274
1.019462
1.0095761
1.0020183
1.0337864
1.0243163
1.0119535
1.0025155
1.0388818
1.0279739
1.013743
1.0028892
1.0446779
1.0388178
1.0310453
1.0250145
1.0554962
1.0482094
1.0385437
1.0310454
1.0694294
1.0603125
1.0482097
1.0388182
1.0799145
1.0694294
1.0554965
1.0446784
1.0854172
1.0742179
1.0593269
1.0477599
1.0955585
1.0830513
1.0663996
1.0534521
1.1083793
1.0942354
1.0753692
1.0606772
1.1178505
1.1025107
1.0820183
1.0660383
1.0415611
1.0298968
1.0146831
1.0030854
1.0465108
1.0334489
1.0164187
1.0034473
1.052795
1.0379588
1.0186206
1.003906
1.0574596
1.0413073
1.0202545
1.004246
1.0598862
1.0430495
1.0211044
1.0044228
1.0643194
1.0462336
1.0226573
1.0047457
1.0698501
1.050208
1.0245952
1.0051481
1.0738792
1.0531051
1.0260078
1.0054413
1.1227603
1.1068054
1.0854734
1.0688266
1.1316976
1.1146326
1.0917785
1.073919
1.1427824
1.1243596
1.0996295
1.0802685
1.1508064
1.1314174
1.105338
1.0848912
1.1794702
1.1654988
1.1463715
1.1310942
1.1920192
1.1772167
1.1568881
1.1406
1.2074126
1.1916261
1.1698731
1.1523731
1.21845
1.2019719
1.1792297
1.1608824
1.1258682
1.1157805
1.1021125
1.0912918
1.1405785
1.1293783
1.1141721
1.1021124
1.1590255
1.146476
1.1293783
1.1157804
1.1725234
1.1590256
1.1405787
1.1258682
1.1608818
1.1523727
1.1405997
1.1310942
1.1792296
1.1698728
1.1568878
1.1463714
1.2019723
1.1916262
1.1772166
1.1654987
1.2184505
1.2074128
1.1920192
1.1794702
1.2268915
1.2155011
1.1996136
1.1866523
1.2421229
1.2300832
1.2133056
1.1996135
1.2608615
1.2479789
1.230083
1.2155008
1.274394
1.2608615
1.2421226
1.2268911
