FiniteElementSpace
FiniteElementCollection: L2_2D_P1
VDim: 1
Ordering: 0

-7.041988633395716e+126
5.927403330086708e+125
-7.077343104726718e+126
5.858904724093879e+125
-6.889981293088921e+126
6.246852042928716e+125
-6.995013489341902e+126
6.040949377485018e+125
-2.893887547605575e+127
-1.555803847858834e+127
-2.931889121954426e+127
-1.580204612254852e+127
-2.949821273551097e+127
-1.59197858832223e+127
-2.962586403830759e+127
-1.600183581503409e+127
-6.026967355349154e+127
-4.215656986027948e+127
-6.05334197916955e+127
-4.235780334292528e+127
-9.875128991001864e+127
-7.624794850742198e+127
-9.920205835325675e+127
-7.661656782106879e+127
-9.676591887378605e+127
-7.462956106334964e+127
-9.810720672839083e+127
-7.571846264459352e+127
-5.910954682334291e+127
-4.127134274888179e+127
-5.989484201648824e+127
-4.186762868180623e+127
-5.707404995743408e+127
-3.973373179006219e+127
-5.836300710117598e+127
-4.070307487851981e+127
-9.328625740882605e+127
-7.18311402157844e+127
-9.548384843406139e+127
-7.359172067288133e+127
-8.839311671266378e+127
-6.796590042377327e+127
-9.138693537640605e+127
-7.032471731956862e+127
-5.420216782941237e+127
-3.759803633801898e+127
-5.596480371077795e+127
-3.890486302176957e+127
-2.657371234990683e+127
-1.404171697414574e+127
-2.742714893440605e+127
-1.458532199559505e+127
-2.795814847520567e+127
-1.492621519708676e+127
-2.858185376803878e+127
-1.532564375799756e+127
-6.625067353619156e+126
6.816702199598505e+125
-6.796675557344069e+126
6.472152537324449e+125
-6.253751594151704e+126
7.63560357254218e+125
-6.486759379200825e+126
7.150283116677624e+125
-5.78528530969963e+126
8.70157484434714e+125
-6.072508172092988e+126
8.072510262761463e+125
-2.481065968416985e+127
-1.293016330318001e+127
-2.587538238387441e+127
-1.360153414098167e+127
-2.270153682227235e+127
-1.162586613744735e+127
-2.395556556230966e+127
-1.240294659926484e+127
-5.231418088184463e+126
1.001186706543038e+126
-5.563930162150009e+126
9.235605226590288e+125
-4.605643286217449e+126
1.15618338190323e+126
-4.973435123287595e+126
1.063567995485601e+126
-3.92166833396533e+126
1.334171953221782e+126
-4.314881662410001e+126
1.226663922421349e+126
-1.76183698520807e+127
-8.62038217037979e+126
-1.917152982033374e+127
-9.519893812697121e+126
-2.028700176469524e+127
-1.017207684594852e+127
-2.170526814219961e+127
-1.102694846949606e+127
-4.13216144710597e+127
-2.839584478969298e+127
-4.419796484185287e+127
-3.041310700951691e+127
-3.599754485545193e+127
-2.469389364922143e+127
-3.909826219669502e+127
-2.684452168083606e+127
-5.814470154198711e+127
-4.479754639921783e+127
-6.320964781159362e+127
-4.866137827858872e+127
-6.684878038773418e+127
-5.143539483258486e+127
-7.160165731026313e+127
-5.505558104351657e+127
-7.496024145401863e+127
-5.761367946788858e+127
-7.925552918652474e+127
-6.090246243613783e+127
-4.622253618759427e+127
-3.183983525691593e+127
-4.879229894874719e+127
-3.367445226435914e+127
-5.055544471318884e+127
-3.493780421223428e+127
-5.274936918096223e+127
-3.653534492178159e+127
-8.222066094000781e+127
-6.317551413249235e+127
-8.592268646465079e+127
-6.60448155383287e+127
-1.196509362507631e+128
-9.723423501622152e+127
-1.253197699600919e+128
-1.017783315066113e+128
-1.628450531618609e+128
-1.370708767241795e+128
-1.710357302040082e+128
-1.437813417328398e+128
-1.470806934321028e+128
-1.241668274951253e+128
-1.563666218841427e+128
-1.317726507637044e+128
-1.086306612384018e+128
-8.845134029590107e+127
-1.151359829290327e+128
-9.363657536511272e+127
-9.647208053438267e+127
-7.875132874629821e+127
-1.035848440957242e+128
-8.442946536525231e+127
-8.358260423028571e+127
-6.841086059690872e+127
-9.107338463279069e+127
-7.442479409612881e+127
-1.119473333246768e+128
-9.51526739928002e+127
-1.223696489289918e+128
-1.037990401855774e+128
-1.299129533041683e+128
-1.100432642336887e+128
-1.399376825971786e+128
-1.182982483668623e+128
-1.668151355927517e+128
-1.450165067862727e+128
-1.803705127482226e+128
-1.564321900349905e+128
-1.4281595087076e+128
-1.246527357249418e+128
-1.567092589420452e+128
-1.364529913377691e+128
-1.75627821476538e+128
-1.564414770984983e+128
-1.935393918134955e+128
-1.719431602949605e+128
-2.066398553046105e+128
-1.832545187085104e+128
-2.243870381046679e+128
-1.984731447642386e+128
-2.371620407577665e+128
-2.094033942620922e+128
-2.54077222751938e+128
-2.23783921113409e+128
-1.900769282633725e+128
-1.645866329644877e+128
-2.028074915082324e+128
-1.752278822736708e+128
-2.117348531926356e+128
-1.826746628854504e+128
-2.231118119554596e+128
-1.921491257690758e+128
-2.65996836397491e+128
-2.338986176600083e+128
-2.813222118141469e+128
-2.468449685212076e+128
-2.91798859701981e+128
-2.556906571113762e+128
-3.047317862385938e+128
-2.66621985532084e+128
-3.131568693731625e+128
-2.73761751134481e+128
-3.22944924163019e+128
-2.82135056285927e+128
-2.464794031786559e+128
-2.116835569045543e+128
-2.535941106018524e+128
-2.177227090104277e+128
-2.308499757814623e+128
-1.985913618849945e+128
-2.40336165658592e+128
-2.065268074087055e+128
-1.765735782690716e+128
-1.483219032131496e+128
-1.833241444604498e+128
-1.539022401299228e+128
-1.291282849760331e+128
-1.048377224550231e+128
-1.337524403193253e+128
-1.085935751983189e+128
-1.367069090054208e+128
-1.110070201737903e+128
-1.401202404186732e+128
-1.138280147011973e+128
-1.876667602158074e+128
-1.575086962400002e+128
-1.926858644803932e+128
-1.617271895337185e+128
-1.956494045109118e+128
-1.642399574217065e+128
-1.987335713564582e+128
-1.668798204601427e+128
-1.421237556831184e+128
-1.154996564918475e+128
-1.442130269017548e+128
-1.172544016052465e+128
-1.452208765861498e+128
-1.18110464834121e+128
-1.459237629796389e+128
-1.187065033276289e+128
-2.002276378369101e+128
-1.681720535068313e+128
-2.012667524746357e+128
-1.690720747283651e+128
-2.643522435262689e+128
-2.270098952587476e+128
-2.658352487323671e+128
-2.283116807381196e+128
-2.578207681305879e+128
-2.213387874609839e+128
-2.62214280186003e+128
-2.251417487682677e+128
-3.287962810611179e+128
-2.871734493528608e+128
-3.348718310252245e+128
-2.924775265768658e+128
-3.378448215820062e+128
-2.950918193061046e+128
-3.398994520395069e+128
-2.969146563297966e+128
