FiniteElementSpace
FiniteElementCollection: L2_2D_P4
VDim: 1
Ordering: 0

9.31102517914875e+78
7.075317337731651e+78
-1.582383829984852e+78
-3.482979091122452e+78
2.712985823117092e+78
-3.719836154210259e+78
-3.432968539156477e+78
3.581806927160958e+77
7.214840801492913e+78
1.19133033471875e+79
1.311354216066851e+79
1.330531628056324e+79
1.283433782629961e+79
1.050744725387664e+79
6.898411395190646e+78
-7.219876596079088e+78
-7.658986410656109e+78
-8.912048527102237e+78
-1.071013760212045e+79
-1.182441397626942e+79
-2.521387091053916e+78
-2.300707555069915e+78
-1.646889385482095e+78
-4.765385331167198e+77
6.202202739311642e+77
