FiniteElementSpace
FiniteElementCollection: L2_2D_P4
VDim: 1
Ordering: 0

3.015489705828969e+126
-2.316914008288882e+126
-8.007119723408714e+126
-1.11859612457745e+127
-1.225889758305264e+127
-5.748989531603585e+127
-5.207232179129917e+127
-4.333007436155696e+127
-3.723772931647558e+127
-3.51027924542256e+127
3.353983967029512e+127
5.108684826824558e+127
6.240011044663505e+127
6.468999154223053e+127
6.375759234683855e+127
5.792207238941671e+127
3.507830859326272e+127
1.741462245907736e+126
-1.669097532827027e+127
-1.808571583650394e+127
1.319044404822494e+127
-1.693412491713748e+127
-7.693495924879508e+126
3.43999502971189e+127
4.526988516408725e+127
